3500.0			1.0
3500.9			1.0
3501.8			1.0
3502.7			1.0
3503.6			1.0
3504.5			1.0
3505.4			1.0
3506.3			1.0
3507.2			1.0
3508.1			1.0
3509.0			1.0
3509.9			1.0
3510.8			1.0
3511.7			1.0
3512.6			1.0
3513.5			1.0
3514.4			1.0
3515.3			1.0
3516.2			1.0
3517.1			1.0
3518.0			1.0
3518.9			1.0
3519.8			1.0
3520.7			1.0
3521.6			1.0
3522.5			1.0
3523.4			1.0
3524.3			1.0
3525.2			1.0
3526.1			1.0
3527.0			1.0
3527.9			1.0
3528.8			1.0
3529.7			1.0
3530.6			1.0
3531.5			1.0
3532.4			1.0
3533.3			1.0
3534.2			1.0
3535.1			1.0
3536.0			1.0
3536.9			1.0
3537.8			1.0
3538.7			1.0
3539.6			1.0
3540.5			1.0
3541.4			1.0
3542.3			1.0
3543.2			1.0
3544.1			1.0
3545.0			1.0
3545.9			1.0
3546.8			1.0
3547.7			1.0
3548.6			1.0
3549.5			1.0
3550.4			1.0
3551.3			1.0
3552.2			1.0
3553.1			1.0
3554.0			1.0
3554.9			1.0
3555.8			1.0
3556.7			1.0
3557.6			1.0
3558.5			1.0
3559.4			1.0
3560.3			1.0
3561.2			1.0
3562.1			1.0
3563.0			1.0
3563.9			1.0
3564.8			1.0
3565.7			1.0
3566.6			1.0
3567.5			1.0
3568.4			1.0
3569.3			1.0
3570.2			1.0
3571.1			1.0
3572.0			1.0
3572.9			1.0
3573.8			1.0
3574.7			1.0
3575.6			1.0
3576.5			1.0
3577.4			1.0
3578.3			1.0
3579.2			1.0
3580.1			1.0
3581.0			1.0
3581.9			1.0
3582.8			1.0
3583.7			1.0
3584.6			1.0
3585.5			1.0
3586.4			1.0
3587.3			1.0
3588.2			1.0
3589.1			1.0
3590.0			1.0
3590.9			1.0
3591.8			1.0
3592.7			1.0
3593.6			1.0
3594.5			1.0
3595.4			1.0
3596.3			1.0
3597.2			1.0
3598.1			1.0
3599.0			1.0
3599.9			1.0
3600.8			1.0
3601.7			1.0
3602.6			1.0
3603.5			1.0
3604.4			1.0
3605.3			1.0
3606.2			1.0
3607.1			1.0
3608.0			1.0
3608.9			1.0
3609.8			1.0
3610.7			1.0
3611.6			1.0
3612.5			1.0
3613.4			1.0
3614.3			1.0
3615.2			1.0
3616.1			1.0
3617.0			1.0
3617.9			1.0
3618.8			1.0
3619.7			1.0
3620.6			1.0
3621.5			1.0
3622.4			1.0
3623.3			1.0
3624.2			1.0
3625.1			1.0
3626.0			1.0
3626.9			1.0
3627.8			1.0
3628.7			1.0
3629.6			1.0
3630.5			1.0
3631.4			1.0
3632.3			1.0
3633.2			1.0
3634.1			1.0
3635.0			1.0
3635.9			1.0
3636.8			1.0
3637.7			1.0
3638.6			1.0
3639.5			1.0
3640.4			1.0
3641.3			1.0
3642.2			1.0
3643.1			1.0
3644.0			1.0
3644.9			1.0
3645.8			1.0
3646.7			1.0
3647.6			1.0
3648.5			1.0
3649.4			1.0
3650.3			1.0
3651.2			1.0
3652.1			1.0
3653.0			1.0
3653.9			1.0
3654.8			1.0
3655.7			1.0
3656.6			1.0
3657.5			1.0
3658.4			1.0
3659.3			1.0
3660.2			1.0
3661.1			1.0
3662.0			1.0
3662.9			1.0
3663.8			1.0
3664.7			1.0
3665.6			1.0
3666.5			1.0
3667.4			1.0
3668.3			1.0
3669.2			1.0
3670.1			1.0
3671.0			1.0
3671.9			1.0
3672.8			1.0
3673.7			1.0
3674.6			1.0
3675.5			1.0
3676.4			1.0
3677.3			1.0
3678.2			1.0
3679.1			1.0
3680.0			1.0
3680.9			1.0
3681.8			1.0
3682.7			1.0
3683.6			1.0
3684.5			1.0
3685.4			1.0
3686.3			1.0
3687.2			1.0
3688.1			1.0
3689.0			1.0
3689.9			1.0
3690.8			1.0
3691.7			1.0
3692.6			1.0
3693.5			1.0
3694.4			1.0
3695.3			1.0
3696.2			1.0
3697.1			1.0
3698.0			1.0
3698.9			1.0
3699.8			1.0
3700.7			1.0
3701.6			1.0
3702.5			1.0
3703.4			1.0
3704.3			1.0
3705.2			1.0
3706.1			1.0
3707.0			1.0
3707.9			1.0
3708.8			1.0
3709.7			1.0
3710.6			1.0
3711.5			1.0
3712.4			1.0
3713.3			1.0
3714.2			1.0
3715.1			1.0
3716.0			1.0
3716.9			1.0
3717.8			1.0
3718.7			1.0
3719.6			1.0
3720.5			1.0
3721.4			1.0
3722.3			1.0
3723.2			1.0
3724.1			1.0
3725.0			1.0
3725.9			1.0
3726.8			1.0
3727.7			1.0
3728.6			1.0
3729.5			1.0
3730.4			1.0
3731.3			1.0
3732.2			1.0
3733.1			1.0
3734.0			1.0
3734.9			1.0
3735.8			1.0
3736.7			1.0
3737.6			1.0
3738.5			1.0
3739.4			1.0
3740.3			1.0
3741.2			1.0
3742.1			1.0
3743.0			1.0
3743.9			1.0
3744.8			1.0
3745.7			1.0
3746.6			1.0
3747.5			1.0
3748.4			1.0
3749.3			1.0
3750.2			1.0
3751.1			1.0
3752.0			1.0
3752.9			1.0
3753.8			1.0
3754.7			1.0
3755.6			1.0
3756.5			1.0
3757.4			1.0
3758.3			1.0
3759.2			1.0
3760.1			1.0
3761.0			1.0
3761.9			1.0
3762.8			1.0
3763.7			1.0
3764.6			1.0
3765.5			1.0
3766.4			1.0
3767.3			1.0
3768.2			1.0
3769.1			1.0
3770.0			1.0
3770.9			1.0
3771.8			1.0
3772.7			1.0
3773.6			1.0
3774.5			1.0
3775.4			1.0
3776.3			1.0
3777.2			1.0
3778.1			1.0
3779.0			1.0
3779.9			1.0
3780.8			1.0
3781.7			1.0
3782.6			1.0
3783.5			1.0
3784.4			1.0
3785.3			1.0
3786.2			1.0
3787.1			1.0
3788.0			1.0
3788.9			1.0
3789.8			1.0
3790.7			1.0
3791.6			1.0
3792.5			1.0
3793.4			1.0
3794.3			1.0
3795.2			1.0
3796.1			1.0
3797.0			1.0
3797.9			1.0
3798.8			1.0
3799.7			1.0
3800.6			1.0
3801.5			1.0
3802.4			1.0
3803.3			1.0
3804.2			1.0
3805.1			1.0
3806.0			1.0
3806.9			1.0
3807.8			1.0
3808.7			1.0
3809.6			1.0
3810.5			1.0
3811.4			1.0
3812.3			1.0
3813.2			1.0
3814.1			1.0
3815.0			1.0
3815.9			1.0
3816.8			1.0
3817.7			1.0
3818.6			1.0
3819.5			1.0
3820.4			1.0
3821.3			1.0
3822.2			1.0
3823.1			1.0
3824.0			1.0
3824.9			1.0
3825.8			1.0
3826.7			1.0
3827.6			1.0
3828.5			1.0
3829.4			1.0
3830.3			1.0
3831.2			1.0
3832.1			1.0
3833.0			1.0
3833.9			1.0
3834.8			1.0
3835.7			1.0
3836.6			1.0
3837.5			1.0
3838.4			1.0
3839.3			1.0
3840.2			1.0
3841.1			1.0
3842.0			1.0
3842.9			1.0
3843.8			1.0
3844.7			1.0
3845.6			1.0
3846.5			1.0
3847.4			1.0
3848.3			1.0
3849.2			1.0
3850.1			1.0
3851.0			1.0
3851.9			1.0
3852.8			1.0
3853.7			1.0
3854.6			1.0
3855.5			1.0
3856.4			1.0
3857.3			1.0
3858.2			1.0
3859.1			1.0
3860.0			1.0
3860.9			1.0
3861.8			1.0
3862.7			1.0
3863.6			1.0
3864.5			1.0
3865.4			1.0
3866.3			1.0
3867.2			1.0
3868.1			1.0
3869.0			1.0
3869.9			1.0
3870.8			1.0
3871.7			1.0
3872.6			1.0
3873.5			1.0
3874.4			1.0
3875.3			1.0
3876.2			1.0
3877.1			1.0
3878.0			1.0
3878.9			1.0
3879.8			1.0
3880.7			1.0
3881.6			1.0
3882.5			1.0
3883.4			1.0
3884.3			1.0
3885.2			1.0
3886.1			1.0
3887.0			1.0
3887.9			1.0
3888.8			1.0
3889.7			1.0
3890.6			1.0
3891.5			1.0
3892.4			1.0
3893.3			1.0
3894.2			1.0
3895.1			1.0
3896.0			1.0
3896.9			1.0
3897.8			1.0
3898.7			1.0
3899.6			1.0
3900.5			1.0
3901.4			1.0
3902.3			1.0
3903.2			1.0
3904.1			1.0
3905.0			1.0
3905.9			1.0
3906.8			1.0
3907.7			1.0
3908.6			1.0
3909.5			1.0
3910.4			1.0
3911.3			1.0
3912.2			1.0
3913.1			1.0
3914.0			1.0
3914.9			1.0
3915.8			1.0
3916.7			1.0
3917.6			1.0
3918.5			1.0
3919.4			1.0
3920.3			1.0
3921.2			1.0
3922.1			1.0
3923.0			1.0
3923.9			1.0
3924.8			1.0
3925.7			1.0
3926.6			1.0
3927.5			1.0
3928.4			1.0
3929.3			1.0
3930.2			1.0
3931.1			1.0
3932.0			1.0
3932.9			1.0
3933.8			1.0
3934.7			1.0
3935.6			1.0
3936.5			1.0
3937.4			1.0
3938.3			1.0
3939.2			1.0
3940.1			1.0
3941.0			1.0
3941.9			1.0
3942.8			1.0
3943.7			1.0
3944.6			1.0
3945.5			1.0
3946.4			1.0
3947.3			1.0
3948.2			1.0
3949.1			1.0
3950.0			1.0
3950.9			1.0
3951.8			1.0
3952.7			1.0
3953.6			1.0
3954.5			1.0
3955.4			1.0
3956.3			1.0
3957.2			1.0
3958.1			1.0
3959.0			1.0
3959.9			1.0
3960.8			1.0
3961.7			1.0
3962.6			1.0
3963.5			1.0
3964.4			1.0
3965.3			1.0
3966.2			1.0
3967.1			1.0
3968.0			1.0
3968.9			1.0
3969.8			1.0
3970.7			1.0
3971.6			1.0
3972.5			1.0
3973.4			1.0
3974.3			1.0
3975.2			1.0
3976.1			1.0
3977.0			1.0
3977.9			1.0
3978.8			1.0
3979.7			1.0
3980.6			1.0
3981.5			1.0
3982.4			1.0
3983.3			1.0
3984.2			1.0
3985.1			1.0
3986.0			1.0
3986.9			1.0
3987.8			1.0
3988.7			1.0
3989.6			1.0
3990.5			1.0
3991.4			1.0
3992.3			1.0
3993.2			1.0
3994.1			1.0
3995.0			1.0
3995.9			1.0
3996.8			1.0
3997.7			1.0
3998.6			1.0
3999.5			1.0
4000.4			1.0
4001.3			1.0
4002.2			1.0244974190217213
4003.1			1.0298225874266993
4004.0			0.9623176006710686
4004.9			0.8453732604271231
4005.8			0.7862800227397115
4006.7			0.8355714049712696
4007.6			0.9245511185087626
4008.5			0.9824824771017712
4009.4			0.999960097160924
4010.3			1.0
4011.2			1.0
4012.1			1.0
4013.0			1.0
4013.9			1.0
4014.8			1.0
4015.7			1.0
4016.6			1.0
4017.5			1.0
4018.4			1.0
4019.3			1.0
4020.2			1.0
4021.1			1.0
4022.0			1.0
4022.9			1.0
4023.8			1.0
4024.7			1.0
4025.6			1.011890188641725
4026.5			1.040716418880175
4027.4			1.0626515013728597
4028.3			1.065190996211002
4029.2			1.0087497357094322
4030.1			0.8980004135571413
4031.0			0.8097682293333682
4031.9			0.7790778605982944
4032.8			0.7756695108835783
4033.7			0.7829265893519485
4034.6			0.8110994054282542
4035.5			0.866673215519716
4036.4			0.9376088064377398
4037.3			0.9903575459838018
4038.2			0.999756206268564
4039.1			1.0
4040.0			1.0
4040.9			0.9791322804094319
4041.8			0.9970493234859134
4042.7			0.9921329391549568
4043.6			0.8969651957613589
4044.5			0.7363816055799978
4045.4			0.6191695005308325
4046.3			0.6523243011005128
4047.2			0.8001900153571981
4048.1			0.9211060321923262
4049.0			0.9721131343744757
4049.9			0.9971172974322807
4050.8			1.0
4051.7			1.0
4052.6			1.0
4053.5			1.0
4054.4			1.0
4055.3			1.0
4056.2			1.0
4057.1			0.9567430782842573
4058.0			0.9188216728577203
4058.9			0.9483979228849676
4059.8			1.0260085932573515
4060.7			1.0638602162012905
4061.6			1.0012523390903145
4062.5			0.8600003780430729
4063.4			0.7463737846282534
4064.3			0.7746695798715217
4065.2			0.8702455574454547
4066.1			0.9066392924099307
4067.0			0.9044249432048242
4067.9			0.942744142139419
4068.8			1.0052141983455163
4069.7			0.9994289619991336
4070.6			1.0
4071.5			1.0
4072.4			1.0
4073.3			1.1001867314564795
4074.2			1.128568656388657
4075.1			1.0514365010493436
4076.0			0.9303272319399176
4076.9			0.8401123175850558
4077.8			0.8250731515942941
4078.7			0.8742342919316417
4079.6			0.9483257798109567
4080.5			1.012872824380042
4081.4			1.0
4082.3			1.0
4083.2			1.0
4084.1			1.0
4085.0			1.0
4085.9			1.0
4086.8			1.0
4087.7			1.0
4088.6			1.0
4089.5			1.0
4090.4			1.0
4091.3			0.9701490322332856
4092.2			0.9530152899069001
4093.1			0.9634294671269286
4094.0			0.9688918515840917
4094.9			0.9274239279966396
4095.8			0.8697841378871142
4096.7			0.8416761948991652
4097.6			0.8410028540212425
4098.5			0.8436739814441415
4099.4			0.817186702532086
4100.3			0.7394023801801001
4101.2			0.6577686627410261
4102.1			0.6525986159449059
4103.0			0.7239062501571896
4103.9			0.8049557112646658
4104.8			0.868676663729362
4105.7			0.9205113167010605
4106.6			0.952532196994653
4107.5			0.9606741610049359
4108.4			0.9511577720135146
4109.3			0.9330656937250849
4110.2			0.9243033573686003
4111.1			0.9355014018122856
4112.0			0.9609993358908054
4112.9			1.0009155679598154
4113.8			1.0
4114.7			1.0
4115.6			1.0
4116.5			1.0
4117.4			1.0
4118.3			1.0
4119.2			1.0
4120.1			1.0
4121.0			1.0
4121.9			1.0
4122.8			0.9924387782825257
4123.7			1.0180523535506103
4124.6			1.0445716346852205
4125.5			1.0374314596432765
4126.4			1.0064648303735424
4127.3			0.9851329915726186
4128.2			0.9933334522047071
4129.1			1.018886288917293
4130.0			1.0249556347462476
4130.9			0.9859319075164694
4131.8			0.9215209786062651
4132.7			0.8994558294474522
4133.6			0.9303532849028736
4134.5			0.9947517812678832
4135.4			1.0861244692274998
4136.3			1.1464181380220666
4137.2			1.1614331147067136
4138.1			1.0
4139.0			1.0266005012455999
4139.9			1.0387003821366927
4140.8			1.0185243120290821
4141.7			0.9451720034032981
4142.6			0.8363033859983776
4143.5			0.7776722299068878
4144.4			0.8306330526473953
4145.3			0.9333729094644231
4146.2			1.0
4147.1			1.0150543310423854
4148.0			1.0049702639752778
4148.9			0.9773109151950599
4149.8			0.9613050735099907
4150.7			0.970468886489567
4151.6			1.0
4152.5			0.9873281378613901
4153.4			0.952631604290598
4154.3			0.9189291186940689
4155.2			0.9163756666883056
4156.1			0.9148486436942265
4157.0			0.9112962608987203
4157.9			0.9428580747149926
4158.8			0.997717057078671
4159.7			1.0276361394990905
4160.6			1.030744871356479
4161.5			1.052085225929886
4162.4			1.085664983306008
4163.3			1.0837882161840413
4164.2			1.0611395008477358
4165.1			1.0408711890777917
4166.0			1.0028365981132112
4166.9			0.9464870975919991
4167.8			0.9356827607252695
4168.7			0.9909954163368847
4169.6			1.0318215127799708
4170.5			0.9953004088886527
4171.4			0.9078568376728315
4172.3			0.8329988530984798
4173.2			0.8220249489897483
4174.1			0.8650839828105081
4175.0			0.9092422590023834
4175.9			0.9188231616225712
4176.8			0.9029266509473415
4177.7			0.8904582086291238
4178.6			0.904211002173207
4179.5			0.9403501202185255
4180.4			0.9520632149162234
4181.3			0.9170987208687824
4182.2			0.8766308346066352
4183.1			0.8748532565378252
4184.0			1.0
4184.9			1.0369834151573596
4185.8			1.0121242839834865
4186.7			0.9256152642393768
4187.6			1.0
4188.5			1.040774917192533
4189.4			1.1160071102619313
4190.3			1.1316422391135323
4191.2			1.1056886743108325
4192.1			1.1238494012389322
4193.0			1.174234898619718
4193.9			1.159468940638362
4194.8			1.061891895898534
4195.7			0.9685085369127204
4196.6			0.9239232895086873
4197.5			0.892970674005724
4198.4			0.8680708583660182
4199.3			0.8795740150926574
4200.2			0.901454581873909
4201.1			0.8892994607644703
4202.0			0.8725615546979621
4202.9			0.8983564630097094
4203.8			0.9453376596297485
4204.7			0.977269569295323
4205.6			0.9953973431336044
4206.5			1.0062041235028336
4207.4			1.0107863274626454
4208.3			1.0017385585705805
4209.2			1.0
4210.1			1.0
4211.0			1.0
4211.9			1.0370270309803524
4212.8			1.0451830674593072
4213.7			1.0073961902126085
4214.6			0.9313795108660112
4215.5			0.8616201174026676
4216.4			0.864136120544229
4217.3			0.9284351781393612
4218.2			0.9809729747252988
4219.1			1.0009143227040282
4220.0			1.0
4220.9			1.0
4221.8			0.9838720421742784
4222.7			0.9319796566339902
4223.6			0.863872498197833
4224.5			0.7823708067566779
4225.4			0.6694872059541332
4226.3			0.5657774553930358
4227.2			1.0
4228.1			1.2358070466902948
4229.0			1.4498230881715783
4229.9			1.5075279803088186
4230.8			1.486099188660897
4231.7			1.420300738823366
4232.6			1.3105188672466568
4233.5			1.2374725294275752
4234.4			1.207090826167128
4235.3			1.1286524062321306
4236.2			1.040565243346542
4237.1			1.0284683427104386
4238.0			1.039411709623813
4238.9			1.0150949119319181
4239.8			1.0013427548697302
4240.7			1.03651594532596
4241.6			1.0572914009679089
4242.5			1.0193803382739766
4243.4			0.994352777688972
4244.3			1.0
4245.2			1.0337466707709284
4246.1			1.009219180700655
4247.0			0.9558958120517372
4247.9			0.9110111834052382
4248.8			0.8836221689563802
4249.7			0.859159576551695
4250.6			0.887840151416709
4251.5			0.9989559708405931
4252.4			1.0870568098255347
4253.3			1.0644048312608694
4254.2			0.9955495018225201
4255.1			1.0
4256.0			1.0
4256.9			1.0619386027133557
4257.8			1.0207745284664607
4258.7			0.907078084287101
4259.6			0.7999393020675202
4260.5			0.7562016012288335
4261.4			0.812656786788411
4262.3			0.9295423060279737
4263.2			1.0
4264.1			1.0094290610651886
4265.0			1.012732228074712
4265.9			1.0230952443288386
4266.8			0.9938239079037334
4267.7			0.9389916791446475
4268.6			0.8974630516262263
4269.5			0.8505254550458022
4270.4			0.7618109167906397
4271.3			0.6765132550150755
4272.2			0.6820994310173383
4273.1			0.7455047727944891
4274.0			0.7730625727241242
4274.9			0.7873248882325128
4275.8			0.8519912715385343
4276.7			0.9464909139143599
4277.6			1.0085287387131132
4278.5			1.0003573321347163
4279.4			1.0
4280.3			1.0
4281.2			1.0
4282.1			1.0
4283.0			1.0
4283.9			1.0
4284.8			1.0
4285.7			1.0
4286.6			1.0
4287.5			1.0219627336647505
4288.4			0.9790567938494585
4289.3			0.8846366212841611
4290.2			0.8443806865025387
4291.1			0.902734767717998
4292.0			1.0014563021476932
4292.9			1.0539873613694226
4293.8			1.0278411799065028
4294.7			0.9806098956693797
4295.6			0.9576753385483825
4296.5			0.9239880732354446
4297.4			0.852216258362987
4298.3			0.7499963242398067
4299.2			0.6545984495383923
4300.1			0.6231912623893181
4301.0			0.6522536521294262
4301.9			0.6738851821775945
4302.8			0.6739565897483674
4303.7			0.6869093607671788
4304.6			0.7024480008619678
4305.5			0.696385082894771
4306.4			0.6625079331162664
4307.3			0.599771223497893
4308.2			0.5466349566029483
4309.1			0.5455427281340491
4310.0			0.5802011926094032
4310.9			0.6220142472139363
4311.8			0.6769573000837591
4312.7			0.7516857945802912
4313.6			0.8238158131441242
4314.5			0.8927808242471161
4315.4			0.9896579606039014
4316.3			1.0906406789643937
4317.2			1.1308797619181905
4318.1			1.114472555554829
4319.0			1.0880958388929938
4319.9			1.0
4320.8			0.9788230559645991
4321.7			0.9412366233509515
4322.6			0.8614972852770169
4323.5			0.7433350291318062
4324.4			0.637614404231033
4325.3			0.5978299114261947
4326.2			0.6657423825803407
4327.1			0.8154352762010498
4328.0			0.9521156151889217
4328.9			1.0110665376988655
4329.8			0.999293187076549
4330.7			1.0
4331.6			1.0
4332.5			1.0173456287927973
4333.4			1.0212079953429258
4334.3			1.025104286596423
4335.2			1.0231204406795662
4336.1			0.9760916894710774
4337.0			0.87637214798368
4337.9			0.7691528109010457
4338.8			0.6848649098869452
4339.7			0.6182167760909547
4340.6			0.6081294887448236
4341.5			0.6852045922807681
4342.4			0.7825904457640186
4343.3			0.8337974178829274
4344.2			0.8661546128873583
4345.1			0.9123101494450823
4346.0			0.9445952585564421
4346.9			1.0
4347.8			1.0151611843827293
4348.7			1.0527991240900403
4349.6			1.0563126975642374
4350.5			0.9679765517529068
4351.4			0.838109546629546
4352.3			0.793205056149319
4353.2			0.8552812765015356
4354.1			0.9233758731733976
4355.0			0.9479013575590234
4355.9			0.9693624983752006
4356.8			1.0017006343172354
4357.7			1.0
4358.6			1.0
4359.5			1.0
4360.4			1.0
4361.3			1.0
4362.2			1.0
4363.1			1.0
4364.0			1.0
4364.9			1.0
4365.8			1.0
4366.7			1.0
4367.6			1.0
4368.5			1.0
4369.4			1.0014592371304833
4370.3			0.9922709700546916
4371.2			0.9938890317554937
4372.1			0.9941848350529386
4373.0			0.9576360617343764
4373.9			0.8885246138869743
4374.8			0.848121534512491
4375.7			0.8709502510504575
4376.6			0.9324104052497895
4377.5			0.9900087029223175
4378.4			1.0169113294227876
4379.3			1.006812088106636
4380.2			0.9814450621578188
4381.1			0.9377544497910528
4382.0			0.8285634972950702
4382.9			0.6642773044354328
4383.8			0.5664071542324679
4384.7			0.6258783876347013
4385.6			0.7722761299145754
4386.5			0.8758440919072285
4387.4			0.8953102117497344
4388.3			0.8773564391259079
4389.2			0.861329906812798
4390.1			0.8542616173155068
4391.0			0.8655231230030703
4391.9			0.8969047855595479
4392.8			0.9173182647670736
4393.7			0.9052647646206825
4394.6			1.0
4395.5			1.0132962885492145
4396.4			1.070162254273237
4397.3			1.118198004566761
4398.2			1.110051170141958
4399.1			1.049698628506397
4400.0			0.9737773564184263
4400.9			0.9473092312448008
4401.8			0.986740854187922
4402.7			0.9914598572977975
4403.6			0.893143177995283
4404.5			0.7910943886027203
4405.4			0.805072818204568
4406.3			0.8886666929430201
4407.2			0.9226252596980891
4408.1			0.9092839115630992
4409.0			0.9288898321464711
4409.9			0.9855814620308115
4410.8			1.0
4411.7			1.0339217829777307
4412.6			1.0375374001416895
4413.5			0.9798524245799102
4414.4			0.878594568084618
4415.3			0.8225864366830875
4416.2			0.8521589897296832
4417.1			0.9109270757603233
4418.0			0.9597386264795783
4418.9			1.002174675029455
4419.8			1.0
4420.7			1.0
4421.6			1.0
4422.5			1.0
4423.4			1.0
4424.3			1.0
4425.2			1.0
4426.1			1.0
4427.0			1.015199858385778
4427.9			1.0455104622818767
4428.8			1.0514447264582483
4429.7			1.011992590909727
4430.6			0.9836465997710789
4431.5			1.0069040163007517
4432.4			1.0324625181337785
4433.3			1.009467478666901
4434.2			0.95124552363168
4435.1			0.9175006319253818
4436.0			0.9533466755121749
4436.9			1.0
4437.8			1.0703914431534627
4438.7			1.1064288321022222
4439.6			1.0893034162729152
4440.5			1.0291319541937223
4441.4			0.9597984932589689
4442.3			0.9160854336780202
4443.2			0.9199595938772248
4444.1			0.976520913974505
4445.0			1.0443830482508276
4445.9			1.0656518163292272
4446.8			1.0380024672067505
4447.7			1.0225853803027936
4448.6			1.0373785349677447
4449.5			1.037331578052048
4450.4			1.0183042126212332
4451.3			1.012255978545454
4452.2			1.0078967806750456
4453.1			0.9676787023481347
4454.0			0.8892238338386106
4454.9			0.8200594555422456
4455.8			0.8150043580551284
4456.7			0.8468029940792368
4457.6			0.8580977596810042
4458.5			0.8504780310572364
4459.4			0.8514320579312374
4460.3			0.8519428396092242
4461.2			0.8323794023239184
4462.1			0.8358694040071529
4463.0			0.8910515635616179
4463.9			0.9337041286244352
4464.8			0.9319390786152296
4465.7			0.9257892079298417
4466.6			0.9276646326910151
4467.5			0.9216059581397471
4468.4			0.890327517128225
4469.3			0.8592214508531846
4470.2			0.8745948595914009
4471.1			0.9185399262918871
4472.0			0.9570093502810583
4472.9			0.9875344639655558
4473.8			1.0021514862674674
4474.7			1.0
4475.6			1.0
4476.5			1.0072745555926905
4477.4			1.0371392193050626
4478.3			1.0350937129861713
4479.2			1.0
4480.1			0.9131892440114316
4481.0			0.8564638612413229
4481.9			0.8593584714932295
4482.8			0.9158905495517639
4483.7			0.9855077530447791
4484.6			1.0322969517382894
4485.5			1.0526012776003164
4486.4			1.053247436704808
4487.3			1.0242832804116642
4488.2			0.9690665257491953
4489.1			0.9199435048385717
4490.0			0.9079694649626128
4490.9			0.936654659397053
4491.8			0.9824294975101653
4492.7			0.9949346649616987
4493.6			0.9590125595603424
4494.5			0.9206771351784361
4495.4			0.9222814375854824
4496.3			0.9494093342097238
4497.2			0.9772990948434074
4498.1			0.9983239102806201
4499.0			1.0104535423926042
4499.9			1.0004427151511193
4500.8			1.0
4501.7			1.0
4502.6			1.0
4503.5			1.0
4504.4			1.0
4505.3			1.0
4506.2			1.0
4507.1			1.0
4508.0			1.0
4508.9			1.0
4509.8			1.0
4510.7			1.0
4511.6			1.0
4512.5			1.0
4513.4			1.0
4514.3			1.0
4515.2			1.0
4516.1			1.0159321404311494
4517.0			1.0114913989831615
4517.9			1.0025715057054274
4518.8			1.0187754192369998
4519.7			1.0465418565518243
4520.6			1.060184456830592
4521.5			1.0510658067379917
4522.4			1.0232131336848658
4523.3			1.0066940229308736
4524.2			0.9981009164510142
4525.1			0.9685107014993196
4526.0			0.9280618348453296
4526.9			0.8924304428199573
4527.8			0.8634080590541959
4528.7			0.8531736091053264
4529.6			0.8662631993331048
4530.5			0.8912295219307702
4531.4			0.9259512861992943
4532.3			0.9518123100666769
4533.2			0.9358768163215463
4534.1			0.8955796528587363
4535.0			0.8836109982829025
4535.9			1.0
4536.8			1.0848352103817245
4537.7			1.1426668628587455
4538.6			1.1375601336473549
4539.5			1.0949056227021325
4540.4			1.0498623813215016
4541.3			1.0357682679441376
4542.2			1.0608616506246165
4543.1			1.0790884067287247
4544.0			1.0509217427392186
4544.9			1.0090910354660707
4545.8			0.9906142864770472
4546.7			0.9858232003532243
4547.6			0.9720811474807994
4548.5			0.9386133614794319
4549.4			0.9102913815124773
4550.3			0.9263387353347798
4551.2			0.9625650766826414
4552.1			0.9687481475480555
4553.0			0.9538272339127869
4553.9			0.9390233116049392
4554.8			0.9245566568919534
4555.7			0.9277169169657913
4556.6			0.9544465850475985
4557.5			0.9828663842730969
4558.4			0.9963286838965245
4559.3			0.9971433253080847
4560.2			0.9944557421683909
4561.1			1.0
4562.0			1.0087144058742252
4562.9			0.9832215429753028
4563.8			0.9317706943856424
4564.7			0.8896168263914036
4565.6			0.8856243283080543
4566.5			0.9283986049184048
4567.4			0.9841492204788522
4568.3			1.0052892494749484
4569.2			0.9999603800971937
4570.1			1.0
4571.0			1.0
4571.9			0.9851810239186071
4572.8			1.0190860611390444
4573.7			1.0558351234634733
4574.6			1.0635829008952125
4575.5			1.0598782400741071
4576.4			1.0578171488197008
4577.3			1.0520777913347195
4578.2			1.035065420797105
4579.1			1.0
4580.0			0.9479636127750437
4580.9			0.9164359715736947
4581.8			0.9263986408531939
4582.7			0.9536114022216947
4583.6			0.9617690639673004
4584.5			0.9489604533080536
4585.4			0.9348410961842446
4586.3			0.9456777108410448
4587.2			0.9884100038358428
4588.1			1.033999411731123
4589.0			1.0508260726010368
4589.9			1.0360070652259157
4590.8			1.002839790276281
4591.7			0.9696162637125635
4592.6			0.96006522232198
4593.5			0.9763693333420286
4594.4			0.9804762472034163
4595.3			0.9605765968519182
4596.2			0.9464660914208473
4597.1			0.9473427256108704
4598.0			0.9601616263414108
4598.9			0.9746848553068791
4599.8			0.9673547565441524
4600.7			0.9569208172712874
4601.6			0.9717227205957707
4602.5			0.990971704627106
4603.4			0.9939638257619977
4604.3			0.9842815934727375
4605.2			0.9779521592958654
4606.1			0.9916270636289963
4607.0			1.019745837449484
4607.9			1.0483677337816233
4608.8			1.0690963393010156
4609.7			1.0610178464108846
4610.6			1.0285413462776787
4611.5			1.0060061564617573
4612.4			0.999832306165126
4613.3			1.0
4614.2			1.0
4615.1			1.0
4616.0			1.0
4616.9			1.0
4617.8			1.0
4618.7			1.0
4619.6			1.0
4620.5			1.0
4621.4			1.0
4622.3			1.0
4623.2			1.0
4624.1			1.0
4625.0			1.0
4625.9			1.0
4626.8			1.0
4627.7			1.0
4628.6			1.0
4629.5			1.0
4630.4			1.0
4631.3			1.0
4632.2			1.0
4633.1			1.0
4634.0			1.0
4634.9			1.0
4635.8			1.0
4636.7			1.0
4637.6			1.0
4638.5			0.9952980142905624
4639.4			1.0031325107425155
4640.3			1.0142618461255066
4641.2			1.0336622841461975
4642.1			1.0442280148611922
4643.0			1.0359867533851392
4643.9			1.0244421122109544
4644.8			1.0100042913313427
4645.7			0.9726276483669247
4646.6			0.9260107097462743
4647.5			0.9062798634238854
4648.4			0.9253403148580405
4649.3			0.9708492640591144
4650.2			1.0122361511427318
4651.1			1.0284001183829308
4652.0			1.0396156513068193
4652.9			1.0
4653.8			0.9842969417030973
4654.7			0.9487799960189635
4655.6			0.9403119350146454
4656.5			0.9589623349618911
4657.4			0.991572897897017
4658.3			1.0325638222412394
4659.2			1.0650157983125372
4660.1			1.072192855281371
4661.0			1.0540437132325424
4661.9			1.0203882793257482
4662.8			0.9924181255906668
4663.7			0.9838323860292174
4664.6			0.9821614494851364
4665.5			0.9499646688308703
4666.4			0.8744156783100483
4667.3			0.8139547556843408
4668.2			0.8310539726114178
4669.1			0.9115524802605132
4670.0			0.9896260402544954
4670.9			1.0272627040948605
4671.8			1.0249219104782439
4672.7			1.0041486709983927
4673.6			0.9993206353957592
4674.5			1.0222197327120457
4675.4			1.058353735176858
4676.3			1.0865867838054384
4677.2			1.0784453013492554
4678.1			1.033094030663118
4679.0			0.9941665112407251
4679.9			0.9861483991886275
4680.8			0.9982691307748203
4681.7			1.0
4682.6			1.0
4683.5			1.0
4684.4			1.0
4685.3			1.0
4686.2			1.0
4687.1			1.0
4688.0			1.0
4688.9			1.0
4689.8			1.0
4690.7			0.9905855264382654
4691.6			0.977672750731603
4692.5			0.9801752359491102
4693.4			0.9941888121124144
4694.3			1.0060439568817798
4695.2			1.0211200180957232
4696.1			1.0306536441264367
4697.0			1.0101715411158445
4697.9			0.9690785790319799
4698.8			0.9410546024381005
4699.7			0.9410666449495486
4700.6			0.9458855927826787
4701.5			0.9264724896706505
4702.4			0.891941992633135
4703.3			0.8823979398659477
4704.2			0.922032526234501
4705.1			0.9750899621468815
4706.0			0.9900264187501566
4706.9			0.9662673189865777
4707.8			0.9373157563598606
4708.7			0.9312423284445847
4709.6			0.9517658007499995
4710.5			0.9896680973319885
4711.4			1.0163616036458791
4712.3			1.0106732889782348
4713.2			0.9796073693949684
4714.1			0.9454561185243197
4715.0			0.9481950219848047
4715.9			1.0001129563327948
4716.8			1.0
4717.7			1.016563302370718
4718.6			1.0276533190855137
4719.5			1.0448401809397834
4720.4			1.043625887528403
4721.3			1.0241358636544768
4722.2			1.0133913731288153
4723.1			1.0220291917888709
4724.0			1.042744985543339
4724.9			1.054947659815913
4725.8			1.0401021384777374
4726.7			0.9924733469622864
4727.6			0.9347548439943367
4728.5			0.9025006322521293
4729.4			0.8996694552163318
4730.3			0.9091564220662331
4731.2			0.9277789715301971
4732.1			0.9573112855664628
4733.0			0.9833481089257959
4733.9			0.9966242041493862
4734.8			0.9970928867053285
4735.7			0.9754355602526075
4736.6			0.9509449436682735
4737.5			0.9681908755548206
4738.4			1.013873441403414
4739.3			1.0296074694249024
4740.2			1.0115867238990193
4741.1			0.9995862343373885
4742.0			1.0
4742.9			1.0
4743.8			1.0
4744.7			1.0
4745.6			1.0
4746.5			1.0
4747.4			1.0
4748.3			1.0
4749.2			1.0
4750.1			1.0
4751.0			1.0
4751.9			1.0
4752.8			1.0
4753.7			1.0
4754.6			1.0
4755.5			1.0
4756.4			1.0
4757.3			1.0
4758.2			1.0
4759.1			1.020144292807558
4760.0			1.023984505607892
4760.9			0.9987791472012367
4761.8			0.9563382292253172
4762.7			0.9330164788860817
4763.6			0.9336615258502654
4764.5			0.9250189131631624
4765.4			0.900880502422628
4766.3			0.8961910004090768
4767.2			0.9241722440348676
4768.1			0.9620076642121892
4769.0			0.9930327104573791
4769.9			1.0044449656940595
4770.8			0.9900974037808875
4771.7			0.9670251217111017
4772.6			0.9679498985090876
4773.5			0.9998409105182149
4774.4			1.0
4775.3			1.0
4776.2			0.992716347601944
4777.1			1.0060427469464888
4778.0			1.0220804296051513
4778.9			1.0184537795395645
4779.8			1.0096155953027306
4780.7			1.014390332315956
4781.6			1.0111216094750208
4782.5			0.9808347679854419
4783.4			0.9564016911600534
4784.3			0.9668401484960953
4785.2			0.9720932054403837
4786.1			0.9470370736359566
4787.0			0.9353486134509061
4787.9			0.9510821060559435
4788.8			0.9590329130421924
4789.7			0.9586988007561249
4790.6			0.9650505391755891
4791.5			0.9741100529970538
4792.4			0.9866550117446964
4793.3			1.012147483276968
4794.2			1.0447778665207395
4795.1			1.0603396765134936
4796.0			1.0
4796.9			0.9791202355014424
4797.8			0.9531021535530859
4798.7			0.9227664100340979
4799.6			0.9056190697648041
4800.5			0.9142759420261692
4801.4			0.9417791989729078
4802.3			0.966099732370511
4803.2			0.970845243495027
4804.1			0.9571906769941095
4805.0			0.9424033261468209
4805.9			0.933779091196636
4806.8			0.9216261763824127
4807.7			0.9058115218407753
4808.6			0.9067973520123941
4809.5			0.9286375352267147
4810.4			0.9509621615991068
4811.3			0.9600084716191605
4812.2			0.9587901771504426
4813.1			0.9557034930733547
4814.0			0.9601828927637961
4814.9			0.9710229355557007
4815.8			0.9831354068104643
4816.7			0.9893068883491088
4817.6			0.9924997440295289
4818.5			0.9995949331374033
4819.4			1.0
4820.3			1.0
4821.2			1.0
4822.1			1.0
4823.0			1.0
4823.9			1.0
4824.8			1.0
4825.7			1.0
4826.6			1.0
4827.5			1.0
4828.4			1.0
4829.3			1.0
4830.2			1.0
4831.1			1.0
4832.0			1.0
4832.9			1.0
4833.8			1.0
4834.7			1.0
4835.6			1.0
4836.5			1.0
4837.4			1.0
4838.3			1.0
4839.2			1.0
4840.1			1.0
4841.0			1.0
4841.9			1.0
4842.8			1.0
4843.7			1.0
4844.6			1.0
4845.5			1.0
4846.4			1.0
4847.3			1.0
4848.2			0.9730590977360576
4849.1			0.9651792019099154
4850.0			0.9880306517772891
4850.9			1.0031868702375943
4851.8			0.9943193433876103
4852.7			0.9781028785900424
4853.6			0.9591979635042801
4854.5			0.9219205967457951
4855.4			0.8825102619169736
4856.3			0.8832365756513938
4857.2			0.904948771408718
4858.1			0.8951236650446883
4859.0			0.8350539606311219
4859.9			0.7321951605805749
4860.8			0.6281984581738338
4861.7			0.6123749844136903
4862.6			0.7021464194067801
4863.5			0.8066734151865232
4864.4			0.8694204337497404
4865.3			0.9087373212865352
4866.2			0.9385049826606293
4867.1			0.9597785511570907
4868.0			1.0
4868.9			1.008281719713292
4869.8			0.9827905882512313
4870.7			0.9063706670747792
4871.6			0.846249108667693
4872.5			0.8731313868142132
4873.4			0.9497349218712827
4874.3			1.0000215858909314
4875.2			1.0007188679448022
4876.1			1.0
4877.0			1.0
4877.9			1.0
4878.8			1.0
4879.7			1.0
4880.6			1.0
4881.5			1.0
4882.4			1.0
4883.3			1.0098333241941537
4884.2			0.9916025804608574
4885.1			0.9457444306507954
4886.0			0.9132037186520956
4886.9			0.912631579788538
4887.8			0.9260548394538315
4888.7			0.9286486246753193
4889.6			0.9023404694658556
4890.5			0.8420348336459719
4891.4			0.8141599816257744
4892.3			0.8783309210969361
4893.2			0.9770289452189426
4894.1			1.040934627285321
4895.0			1.0653606141573357
4895.9			1.05772223054604
4896.8			1.0389420883156542
4897.7			1.0302562331349223
4898.6			1.0193137351313688
4899.5			0.9991405343880244
4900.4			1.0
4901.3			1.0
4902.2			1.0
4903.1			1.0
4904.0			1.0
4904.9			1.021150409745908
4905.8			1.0480283677299569
4906.7			1.0493760038609692
4907.6			1.020712671072142
4908.5			0.981652775288011
4909.4			0.9372861712438142
4910.3			0.8993812434414555
4911.2			1.0
4912.1			1.0308479829606645
4913.0			1.0622274311505502
4913.9			1.0835227794925757
4914.8			1.1006075037078817
4915.7			1.105157470418019
4916.6			1.0720495385511217
4917.5			0.9929818706772576
4918.4			0.8891136986480432
4919.3			0.8104947785070605
4920.2			0.7930523412823373
4921.1			0.8392438165124629
4922.0			0.9112928061144452
4922.9			0.9453276996099218
4923.8			0.9326594527732146
4924.7			0.9277507679220207
4925.6			0.9568321768669552
4926.5			0.9865228805795997
4927.4			0.9927728301193927
4928.3			0.9999137598875086
4929.2			1.0
4930.1			1.0
4931.0			0.9949777364742858
4931.9			0.983282898049888
4932.8			0.9447252435834788
4933.7			0.9026373859992627
4934.6			0.9102234356156808
4935.5			0.9443540802641778
4936.4			0.9415318929837292
4937.3			0.8952300869106733
4938.2			0.848001641140133
4939.1			0.8420087709369272
4940.0			0.8933283058693393
4940.9			0.966044535325239
4941.8			1.0038889424573214
4942.7			1.015080810020909
4943.6			1.0281530862723547
4944.5			1.0221178780832465
4945.4			0.9904944388340847
4946.3			0.9759820821954215
4947.2			1.0008172140427982
4948.1			1.0
4949.0			1.0
4949.9			1.0
4950.8			1.0
4951.7			1.0
4952.6			1.0
4953.5			1.0
4954.4			1.0025108300490544
4955.3			0.991201537363881
4956.2			0.9214436690416321
4957.1			0.8169712724149731
4958.0			0.7937588370516163
4958.9			0.8900949051914959
4959.8			0.9887856888933702
4960.7			1.0116729043530743
4961.6			0.9969476240383556
4962.5			1.0
4963.4			1.0
4964.3			1.0
4965.2			1.0
4966.1			1.0
4967.0			1.0
4967.9			1.0
4968.8			1.0
4969.7			1.0
4970.6			1.0
4971.5			1.0
4972.4			1.0
4973.3			1.0
4974.2			1.0
4975.1			0.9993792449325384
4976.0			0.9912071106060218
4976.9			0.9786966184253468
4977.8			0.957394597646249
4978.7			0.9365556369025815
4979.6			0.9338150610007693
4980.5			0.9363633059984737
4981.4			0.908607199916141
4982.3			0.8486033542704222
4983.2			0.8103134541778081
4984.1			0.8282603922859904
4985.0			0.8776356020597244
4985.9			0.9360037866587804
4986.8			0.9968289640682966
4987.7			1.0366724585505573
4988.6			1.0389179906595267
4989.5			1.0237880481689385
4990.4			1.0075524363170514
4991.3			1.0020665529293553
4992.2			1.0
4993.1			1.0
4994.0			1.0
4994.9			1.0
4995.8			1.0
4996.7			1.0
4997.6			0.9969202566196924
4998.5			0.9813438774491687
4999.4			0.9543855954661775
5000.3			0.9324164904179394
5001.2			0.9226115760559113
5002.1			0.9277508620448712
5003.0			0.9477487939007792
5003.9			0.9585093105519356
5004.8			0.9306883973284461
5005.7			0.8829638442654336
5006.6			0.8785178901668462
5007.5			0.9404617392118637
5008.4			1.0201060419438386
5009.3			1.0598572493873286
5010.2			1.053587238423286
5011.1			1.0213353468586344
5012.0			0.9747805527508367
5012.9			0.9357060005290336
5013.8			0.9270600466283023
5014.7			0.9550469309141009
5015.6			0.9985044139944019
5016.5			1.0
5017.4			1.0
5018.3			1.0
5019.2			1.0
5020.1			1.0
5021.0			1.0
5021.9			1.0
5022.8			1.0
5023.7			1.0
5024.6			1.0
5025.5			1.0
5026.4			1.0
5027.3			1.0
5028.2			1.0
5029.1			1.0
5030.0			1.0
5030.9			1.0
5031.8			1.0
5032.7			1.029676168488252
5033.6			1.0432163721084697
5034.5			1.0130570571317823
5035.4			0.9581659772926535
5036.3			0.9353830843111269
5037.2			0.9576864724414118
5038.1			0.9714500710213378
5039.0			0.9459810559928356
5039.9			0.8943392646946091
5040.8			0.8440678209354944
5041.7			0.8495130446292048
5042.6			0.9332175156817849
5043.5			1.0261434542576675
5044.4			1.076968316927797
5045.3			1.1064163096689668
5046.2			1.1193279300849506
5047.1			1.093052032286156
5048.0			1.0361903433015789
5048.9			0.9986395880985328
5049.8			1.0
5050.7			1.0
5051.6			1.0
5052.5			1.0
5053.4			1.0
5054.3			1.0
5055.2			1.0
5056.1			1.0
5057.0			1.0
5057.9			1.0
5058.8			1.0
5059.7			1.0
5060.6			1.0
5061.5			1.0
5062.4			1.0
5063.3			1.0
5064.2			1.0
5065.1			1.0
5066.0			1.0
5066.9			1.0
5067.8			1.0
5068.7			1.0
5069.6			1.0
5070.5			1.0
5071.4			1.0
5072.3			1.0
5073.2			0.9942067591122985
5074.1			1.0070032336624923
5075.0			1.0097668490106593
5075.9			1.0176537207334875
5076.8			1.036592493348771
5077.7			1.0293409684196813
5078.6			0.966986642604711
5079.5			0.8895910321703517
5080.4			0.868233182521225
5081.3			0.907739167861292
5082.2			0.9479612734434755
5083.1			0.9559084131381353
5084.0			0.9603090414833988
5084.9			0.9850389216203951
5085.8			1.010815676251479
5086.7			1.0123574499906325
5087.6			0.9992692679572795
5088.5			1.0
5089.4			1.0
5090.3			1.0
5091.2			1.0
5092.1			1.0
5093.0			1.0
5093.9			1.0
5094.8			0.9938465986516868
5095.7			0.9760031930802511
5096.6			0.9401577215391564
5097.5			0.8921852631171013
5098.4			0.850788394916122
5099.3			0.8477888583461524
5100.2			0.897619389709176
5101.1			0.9707402949072619
5102.0			1.0158805711136014
5102.9			1.0159845816719575
5103.8			0.9981483112042097
5104.7			1.0
5105.6			1.0
5106.5			1.0
5107.4			1.0
5108.3			1.0
5109.2			1.0
5110.1			1.0
5111.0			1.0
5111.9			1.0
5112.8			1.0
5113.7			1.0
5114.6			1.0
5115.5			1.0
5116.4			1.0
5117.3			1.0
5118.2			1.0
5119.1			1.0
5120.0			0.9825839577917392
5120.9			0.9544629198126076
5121.8			0.936529135068795
5122.7			0.9198566025148083
5123.6			0.8940338959706492
5124.5			0.874617309754333
5125.4			0.8750884698482388
5126.3			0.8909447686713388
5127.2			0.9057943178080948
5128.1			0.9070075838878064
5129.0			0.9000593188069949
5129.9			0.9031279442932284
5130.8			0.9194594043093375
5131.7			0.9324693741644701
5132.6			0.9322792320766863
5133.5			0.9279983360282122
5134.4			0.9448843718754384
5135.3			0.9687987644251266
5136.2			0.9587327937741463
5137.1			0.9224722789390444
5138.0			0.8894175375371859
5138.9			0.8689394611273344
5139.8			0.88056107814417
5140.7			0.9118017201853792
5141.6			0.9093530185151057
5142.5			0.8882769662420325
5143.4			0.906568988897593
5144.3			0.9464993774324376
5145.2			0.9521456625487749
5146.1			0.927549909738589
5147.0			0.9036536797977607
5147.9			0.9022844831176431
5148.8			0.9297559191687119
5149.7			0.9562628089805645
5150.6			0.9534641457033461
5151.5			0.941127341417427
5152.4			0.9410380939275448
5153.3			0.9429063395192996
5154.2			0.9430260088851992
5155.1			0.9534483649123398
5156.0			0.9712881105689585
5156.9			0.9891486774696939
5157.8			0.999683854344346
5158.7			1.0
5159.6			1.0
5160.5			1.0
5161.4			1.0
5162.3			1.0
5163.2			0.998122091865562
5164.1			0.9969283110671969
5165.0			0.9639016702331652
5165.9			0.8920222500410525
5166.8			0.8029706117564206
5167.7			0.7655401589764169
5168.6			0.8360295041102733
5169.5			0.9666021297111311
5170.4			1.0291139324555325
5171.3			0.9438533592178994
5172.2			0.8076647975123239
5173.1			0.8079128005897501
5174.0			0.9867317551230853
5174.9			1.2001165446803672
5175.8			1.319812030378465
5176.7			1.3598597211672658
5177.6			1.3873829922805374
5178.5			1.0
5179.4			0.9996138822122118
5180.3			0.9787825048886766
5181.2			0.9212036906708512
5182.1			0.800548539715153
5183.0			0.6525555528337346
5183.9			0.6004310439927614
5184.8			0.7067222372261214
5185.7			0.8727349403529123
5186.6			0.9760563412730217
5187.5			0.9995185514522001
5188.4			0.9971528510952826
5189.3			1.0
5190.2			1.0
5191.1			1.0
5192.0			1.0
5192.9			1.0
5193.8			1.0
5194.7			1.0
5195.6			1.0
5196.5			1.0
5197.4			1.0
5198.3			1.0
5199.2			1.0
5200.1			1.0
5201.0			1.006986491629879
5201.9			0.9985544207280431
5202.8			0.9930888567484619
5203.7			0.9822690438362778
5204.6			0.9443108340314199
5205.5			0.9141193209055021
5206.4			0.923047906242957
5207.3			0.9345719108617838
5208.2			0.9265613519685868
5209.1			0.942689565323876
5210.0			0.9951623727348728
5210.9			1.045241244392377
5211.8			1.0793475931294854
5212.7			1.097866550115722
5213.6			1.0918713581985253
5214.5			1.05217552295592
5215.4			1.0052959043720087
5216.3			1.0
5217.2			1.0
5218.1			1.0
5219.0			1.0
5219.9			1.0
5220.8			1.0
5221.7			1.005263587799526
5222.6			1.0032109417943986
5223.5			0.9895568356643759
5224.4			0.9582348653374922
5225.3			0.9018799076430973
5226.2			0.8381376152871702
5227.1			0.8238063601368183
5228.0			0.889932214054376
5228.9			0.9773957609158069
5229.8			1.0272623842693134
5230.7			1.0481203468643816
5231.6			1.0409872291073363
5232.5			1.0071124644017049
5233.4			1.0
5234.3			1.0
5235.2			1.0
5236.1			1.0
5237.0			1.0
5237.9			1.0
5238.8			1.0
5239.7			1.0
5240.6			1.0
5241.5			1.0
5242.4			1.0
5243.3			1.0
5244.2			1.0
5245.1			1.0
5246.0			1.0
5246.9			1.0
5247.8			1.0
5248.7			1.0
5249.6			1.0
5250.5			1.0
5251.4			1.0
5252.3			1.0
5253.2			1.0
5254.1			1.0
5255.0			0.9823177833205466
5255.9			1.002035732777438
5256.8			1.0457461942985289
5257.7			1.0781335316512342
5258.6			1.0851128687815326
5259.5			1.0729485018960938
5260.4			1.0393973309969773
5261.3			0.9841969592676201
5262.2			0.9231867099602616
5263.1			0.8739709840502745
5264.0			0.8415391242215948
5264.9			0.8170590929985777
5265.8			0.8080613297807695
5266.7			0.8396232890419194
5267.6			0.8764720878750771
5268.5			0.8449291311090676
5269.4			0.7710352385441493
5270.3			0.7681238016576233
5271.2			0.8522110372429592
5272.1			0.9254886625430367
5273.0			0.9409650407460246
5273.9			0.9258952080660275
5274.8			0.9028158417962766
5275.7			0.9032950806831983
5276.6			0.9524989074547334
5277.5			1.0
5278.4			1.0191762927674952
5279.3			0.9997310242830932
5280.2			0.9651882716643649
5281.1			0.931396380826081
5282.0			0.9058659099136462
5282.9			0.8848709947561807
5283.8			0.8791454118373663
5284.7			0.9132750694874974
5285.6			0.9709591485790846
5286.5			1.0055458042086554
5287.4			1.0046836536903612
5288.3			0.9940615295572914
5289.2			0.9980065636589237
5290.1			1.0
5291.0			1.0052169934161062
5291.9			0.9935488190795572
5292.8			0.9775137955442798
5293.7			0.9693691028866125
5294.6			0.965410371402739
5295.5			0.9494407175867965
5296.4			0.910659127089277
5297.3			0.8619668542652433
5298.2			0.8437729745303464
5299.1			0.8761789222219076
5300.0			0.9171625765450433
5300.9			0.9250349430832139
5301.8			0.9156166038673441
5302.7			0.9285771385240209
5303.6			0.9662546677289003
5304.5			0.9972783505824959
5305.4			0.9998874715814042
5306.3			1.0
5307.2			1.0
5308.1			1.0
5309.0			1.0
5309.9			1.0
5310.8			1.0
5311.7			1.0
5312.6			1.0
5313.5			1.0
5314.4			1.0
5315.3			1.0
5316.2			1.0
5317.1			1.0
5318.0			1.0
5318.9			1.0
5319.8			1.0
5320.7			0.9966377335467892
5321.6			0.9889037394741872
5322.5			0.9651687569712116
5323.4			0.9203499800161168
5324.3			0.8894660345015817
5325.2			0.9058518404260559
5326.1			0.922599126325335
5327.0			0.8721889620251634
5327.9			0.788729903056147
5328.8			0.7803791136570645
5329.7			0.8648515412649929
5330.6			0.9517317164052782
5331.5			0.9805554535339129
5332.4			0.9698776099012055
5333.3			0.9663220718616989
5334.2			0.9867779068499918
5335.1			1.0082703228748586
5336.0			1.0
5336.9			0.9923931068211379
5337.8			0.9836376046263237
5338.7			0.9603498257868764
5339.6			0.914661864245614
5340.5			0.8838912628862053
5341.4			0.9052045846805757
5342.3			0.9549821636047062
5343.2			0.9896758643335762
5344.1			0.9986326917749468
5345.0			1.0
5345.9			1.0
5346.8			1.0
5347.7			1.0
5348.6			1.0
5349.5			1.0
5350.4			1.0
5351.3			1.0
5352.2			1.0
5353.1			1.0
5354.0			1.0
5354.9			1.0
5355.8			1.0
5356.7			1.0
5357.6			1.0
5358.5			1.0
5359.4			1.0
5360.3			1.0
5361.2			1.0
5362.1			0.9809969714577299
5363.0			0.9703094828195974
5363.9			0.9600728685460344
5364.8			0.9489508362285715
5365.7			0.947981337505811
5366.6			0.9484038884601363
5367.5			0.9428233349588179
5368.4			0.9343105630159553
5369.3			0.9088474456002376
5370.2			0.8704984263581876
5371.1			0.8562188895675907
5372.0			0.8920846882436007
5372.9			0.9557822760517395
5373.8			1.0014677973932185
5374.7			1.022181814174218
5375.6			1.03008656801264
5376.5			1.0248732348499143
5377.4			1.0139058461369599
5378.3			1.008588480886371
5379.2			1.005282544060284
5380.1			1.0004059750512437
5381.0			1.0
5381.9			1.0
5382.8			1.0
5383.7			1.0
5384.6			1.0
5385.5			1.0
5386.4			1.0
5387.3			1.0
5388.2			1.0
5389.1			1.0
5390.0			1.0
5390.9			1.0
5391.8			1.0
5392.7			1.0
5393.6			1.0
5394.5			1.0
5395.4			1.0059332449894907
5396.3			0.9817138867270334
5397.2			0.9519981469533564
5398.1			0.9580004928512872
5399.0			0.9853910285711777
5399.9			0.9988816561540933
5400.8			1.0094522245754798
5401.7			1.0289645187889487
5402.6			1.0232111453898554
5403.5			0.9674052594032851
5404.4			0.9025132036258964
5405.3			0.8794881504371442
5406.2			0.9084069717708533
5407.1			0.9609883803539244
5408.0			0.9975130411678877
5408.9			0.9905697776560408
5409.8			0.9602240837823168
5410.7			0.959082527002625
5411.6			0.9958433630491472
5412.5			1.0303843915435316
5413.4			1.0301401975821223
5414.3			1.007240140651762
5415.2			0.9999394016822636
5416.1			1.0
5417.0			1.0
5417.9			1.0
5418.8			1.0
5419.7			1.0
5420.6			0.9849791098889505
5421.5			0.9893937146034737
5422.4			0.9877580398024698
5423.3			0.951942793159328
5424.2			0.9229532241657765
5425.1			0.9494944874626882
5426.0			1.0065059274498724
5426.9			1.0390119492020005
5427.8			1.0157357446715116
5428.7			0.9489029162879183
5429.6			0.9028611662680105
5430.5			0.9249602272269657
5431.4			0.9661842780463095
5432.3			0.9622968284274864
5433.2			0.9299059711995128
5434.1			0.9077060248523735
5435.0			0.9045099477632264
5435.9			0.9170232844127477
5436.8			0.9432529544183339
5437.7			0.9763177282653848
5438.6			1.0002950204053076
5439.5			1.0
5440.4			1.0
5441.3			1.0
5442.2			1.0
5443.1			0.990922459210962
5444.0			0.9620839708781961
5444.9			0.9166053307978482
5445.8			0.874535649336242
5446.7			0.8604990830077668
5447.6			0.8950162032444621
5448.5			0.9544961846713891
5449.4			0.9932136176256127
5450.3			0.9998978463108825
5451.2			1.0
5452.1			0.9899177319790029
5453.0			0.9754274141606679
5453.9			0.9415297941272396
5454.8			0.8911481870200681
5455.7			0.8724058587752465
5456.6			0.9140063079372629
5457.5			0.9733084028446276
5458.4			1.0014384025879415
5459.3			1.0000247817977137
5460.2			1.0
5461.1			1.0
5462.0			1.0
5462.9			1.0
5463.8			1.0
5464.7			1.0
5465.6			1.0
5466.5			1.0
5467.4			1.0077972550914949
5468.3			1.0241856555488746
5469.2			1.0257468130901057
5470.1			1.0157663879957999
5471.0			1.0134909346761443
5471.9			1.016363578237148
5472.8			1.006875968052064
5473.7			0.9966616577481385
5474.6			0.9896783671680023
5475.5			0.9540611439529837
5476.4			0.9033381603558082
5477.3			0.9020700595879059
5478.2			0.9573217535003623
5479.1			1.0038496222599376
5480.0			0.999275002124952
5480.9			0.9710011347307796
5481.8			0.96491221020319
5482.7			0.9869291384732956
5483.6			1.0199880571820352
5484.5			1.0511617950443024
5485.4			1.0647371679652924
5486.3			1.0417220483378598
5487.2			1.0003977671768294
5488.1			1.0
5489.0			1.0
5489.9			1.0
5490.8			1.0
5491.7			1.0
5492.6			1.0
5493.5			1.0
5494.4			1.0
5495.3			1.0
5496.2			1.0
5497.1			1.0
5498.0			1.0
5498.9			1.0
5499.8			1.0
5500.7			1.0
5501.6			1.0
5502.5			1.0
5503.4			1.0
5504.3			1.0
5505.2			1.0
5506.1			1.0
5507.0			1.0
5507.9			1.0
5508.8			1.0
5509.7			1.0
5510.6			1.0
5511.5			1.0
5512.4			1.0
5513.3			1.0
5514.2			1.0
5515.1			1.0
5516.0			1.0
5516.9			1.0
5517.8			1.0
5518.7			1.0
5519.6			1.0
5520.5			1.0
5521.4			1.0
5522.3			1.0
5523.2			1.0
5524.1			0.9975933755392471
5525.0			0.9885576043163345
5525.9			0.9711285541078072
5526.8			0.9394824121388825
5527.7			0.9036373237698161
5528.6			0.9024075384952069
5529.5			0.9470858591748148
5530.4			0.9957448624729642
5531.3			1.0120230000367976
5532.2			1.0060829643558733
5533.1			0.9995831415681482
5534.0			1.0
5534.9			1.0
5535.8			1.0
5536.7			1.0
5537.6			1.0
5538.5			1.0
5539.4			1.0
5540.3			1.0
5541.2			1.0
5542.1			1.0
5543.0			1.0
5543.9			1.0
5544.8			1.0
5545.7			1.0
5546.6			1.0
5547.5			1.0
5548.4			1.0
5549.3			1.0
5550.200000000001			1.0
5551.1			1.0
5552.0			1.0
5552.9			1.0
5553.8			1.0
5554.700000000001			1.0
5555.6			1.0
5556.5			1.0
5557.4			1.0
5558.3			1.0
5559.200000000001			1.0
5560.1			1.0
5561.0			1.0
5561.9			1.0
5562.8			1.0
5563.700000000001			1.0
5564.6			1.0
5565.5			1.0
5566.4			1.0
5567.3			1.0
5568.200000000001			1.0
5569.1			1.0
5570.0			1.0
5570.9			1.0
5571.8			1.0
5572.700000000001			1.0
5573.6			1.0
5574.5			1.0
5575.4			1.0
5576.3			1.0
5577.200000000001			1.0110173434497656
5578.1			1.0205722862674755
5579.0			1.0251082765546715
5579.9			1.033258808976543
5580.8			1.0285118020118107
5581.700000000001			1.0137315386679167
5582.6			1.0143448344840509
5583.5			1.026263374130973
5584.4			1.0177683965983717
5585.3			0.9783654460099258
5586.200000000001			0.927747097077735
5587.1			0.895948737094191
5588.0			0.8970767195239531
5588.9			0.9217653209535388
5589.8			0.9586702083347218
5590.700000000001			0.9934450154502584
5591.6			1.0075955716417495
5592.5			0.9979013198667386
5593.4			0.9796459245603036
5594.3			0.9794550480377469
5595.200000000001			1.0149696489036129
5596.1			1.0
5597.0			0.9943868621863918
5597.9			0.9605610434272193
5598.8			0.9390983132302534
5599.700000000001			0.9319855615449636
5600.6			0.9135615486460495
5601.5			0.8890776589933758
5602.4			0.884123083142447
5603.3			0.9131399494611024
5604.200000000001			0.9624369339395304
5605.1			0.9981744147664026
5606.0			1.008725892000491
5606.9			1.0059155365198307
5607.8			1.0017202914124694
5608.700000000001			1.0
5609.6			1.0
5610.5			1.0
5611.4			1.0
5612.3			1.0017167024696043
5613.200000000001			0.9832679025230154
5614.1			0.9277049856488186
5615.0			0.8648858943968883
5615.9			0.8598746865826973
5616.8			0.9209122992584916
5617.700000000001			0.9812402213220757
5618.6			0.9977528649097741
5619.5			0.9976720534088647
5620.4			1.0
5621.3			1.0
5622.200000000001			1.0
5623.1			1.0
5624.0			1.0
5624.9			1.0
5625.8			1.0
5626.700000000001			1.0
5627.6			1.0
5628.5			1.0
5629.4			1.0
5630.3			1.0
5631.200000000001			1.0
5632.1			1.0
5633.0			1.0
5633.9			1.0
5634.8			1.0
5635.700000000001			1.0
5636.6			1.0
5637.5			1.0
5638.4			1.0
5639.3			1.0
5640.200000000001			1.0
5641.1			1.0
5642.0			0.9969965427253635
5642.9			1.0029972854674172
5643.8			1.0085471218623572
5644.700000000001			1.0139742431539414
5645.6			1.0228849751833609
5646.5			1.0333695378333887
5647.4			1.0401206156304952
5648.3			1.034758539332627
5649.200000000001			1.0180509167464469
5650.1			1.0029324851674382
5651.0			1.0035418247369259
5651.9			1.015716844849003
5652.8			1.0122293740237829
5653.700000000001			0.9842491447550737
5654.6			0.9566011666925331
5655.5			0.9601251902570153
5656.4			0.9747068847691613
5657.3			0.954250816663103
5658.200000000001			0.9156793182501631
5659.1			0.9146851049823278
5660.0			0.9505406988318111
5660.9			0.9703276431055305
5661.8			0.9581684644770146
5662.700000000001			0.9508696692943565
5663.6			0.966373433055356
5664.5			0.9871394052912612
5665.4			0.9903400815043828
5666.3			0.9758966800178328
5667.200000000001			0.9669552101533957
5668.1			0.972466470267969
5669.0			0.9830284067321003
5669.9			0.9897916436318336
5670.8			0.9960206213665841
5671.700000000001			1.0087398448199687
5672.6			1.0212343094734362
5673.5			1.0207421656259703
5674.4			1.000581040638299
5675.3			1.0
5676.200000000001			1.0
5677.1			1.0
5678.0			1.0
5678.9			1.0
5679.8			1.0
5680.700000000001			1.0
5681.6			1.0
5682.5			1.0
5683.4			1.0
5684.3			1.0
5685.200000000001			1.0
5686.1			1.0
5687.0			1.0
5687.9			1.0
5688.8			1.0
5689.700000000001			1.0
5690.6			1.0
5691.5			1.0
5692.4			1.001107685881111
5693.3			0.9993515230374668
5694.200000000001			0.996242710715931
5695.1			0.9987709580911988
5696.0			1.0052657530358229
5696.9			1.0051315060031236
5697.8			0.9952615798715229
5698.700000000001			0.9873209545863018
5699.6			0.9801159574040116
5700.5			0.9661213316679284
5701.4			0.9542809970675659
5702.3			0.9601078966340196
5703.200000000001			0.9765872047778389
5704.1			0.981692391252733
5705.0			0.967790395585984
5705.9			0.9449976987189315
5706.8			0.9257320766461927
5707.700000000001			0.908675248465131
5708.6			0.8904657031565253
5709.5			0.8856330325853073
5710.4			0.8934260085692491
5711.3			0.9028520516823887
5712.200000000001			0.9220191004658863
5713.1			0.951109696565097
5714.0			0.9692652982613021
5714.9			0.9758764393100086
5715.8			0.9836172670025791
5716.700000000001			0.9877422018552521
5717.6			0.9816282223419713
5718.5			0.9778649157383031
5719.4			0.9850907590104507
5720.3			0.9948322898104686
5721.200000000001			1.0045627983174064
5722.1			1.0097793511736073
5723.0			1.0075887724064434
5723.9			1.0064931652475697
5724.8			1.0092830638138033
5725.700000000001			1.0083617292305278
5726.6			0.9994349288530083
5727.5			1.0
5728.4			1.0
5729.3			1.0
5730.200000000001			1.0
5731.1			1.0
5732.0			1.0
5732.9			1.0
5733.8			1.0
5734.700000000001			1.0
5735.6			1.0
5736.5			1.0
5737.4			1.0
5738.3			1.0
5739.200000000001			1.0
5740.1			1.0
5741.0			1.0
5741.9			1.0
5742.8			1.0
5743.700000000001			1.0
5744.6			1.0
5745.5			1.0
5746.4			1.0
5747.3			1.0
5748.200000000001			1.0
5749.1			1.0121465991524559
5750.0			1.0253472426433
5750.9			1.019662688413028
5751.8			0.9898486030481788
5752.700000000001			0.9489684270912637
5753.6			0.9240060455184302
5754.5			0.9316514035338068
5755.4			0.9648865798949412
5756.3			0.9936230491856407
5757.200000000001			1.0038124352547413
5758.1			0.999795780536494
5759.0			1.0
5759.9			1.0
5760.8			1.0
5761.700000000001			1.0
5762.6			1.0
5763.5			1.0
5764.4			1.0
5765.3			1.0
5766.200000000001			1.0
5767.1			1.0
5768.0			1.0
5768.9			1.0
5769.8			1.0
5770.700000000001			1.0
5771.6			1.0
5772.5			1.0
5773.4			1.0
5774.3			1.0
5775.200000000001			1.0
5776.1			1.0
5777.0			1.0
5777.9			1.0
5778.8			1.0
5779.700000000001			1.0
5780.6			1.0
5781.5			1.0
5782.4			1.0
5783.3			1.0
5784.200000000001			1.0
5785.1			1.0
5786.0			1.0
5786.9			1.0
5787.8			1.0
5788.700000000001			1.0
5789.6			1.0
5790.5			1.0
5791.4			1.0
5792.3			1.0
5793.200000000001			1.0
5794.1			1.0
5795.0			1.0
5795.9			1.0
5796.8			1.0
5797.700000000001			1.0
5798.6			1.0
5799.5			1.0
5800.4			1.0
5801.3			1.0
5802.200000000001			1.0
5803.1			1.0
5804.0			1.0
5804.9			1.0
5805.8			1.0
5806.700000000001			1.0
5807.6			1.0
5808.5			1.0
5809.4			1.0
5810.3			1.0
5811.200000000001			1.0
5812.1			1.0
5813.0			1.0
5813.9			1.0
5814.8			1.0
5815.700000000001			1.0
5816.6			1.0
5817.5			1.0
5818.4			1.0
5819.3			1.0
5820.200000000001			1.0
5821.1			1.0
5822.0			1.0
5822.9			1.0
5823.8			1.0
5824.700000000001			1.0
5825.6			1.0
5826.5			1.0
5827.4			1.0
5828.3			1.0
5829.200000000001			1.0
5830.1			1.0
5831.0			1.0
5831.9			1.0
5832.8			1.0
5833.700000000001			1.0
5834.6			1.0
5835.5			1.0
5836.4			1.0
5837.3			1.0
5838.200000000001			1.0
5839.1			1.0
5840.0			1.0
5840.9			1.0
5841.8			1.0
5842.700000000001			1.0
5843.6			1.0
5844.5			1.0
5845.4			1.0
5846.3			1.0
5847.200000000001			1.0
5848.1			1.0
5849.0			1.0
5849.9			1.0
5850.8			1.0
5851.700000000001			1.0
5852.6			1.0
5853.5			1.0
5854.4			1.0
5855.3			1.0
5856.200000000001			1.0
5857.1			1.0
5858.0			1.0
5858.9			1.0
5859.8			1.0
5860.700000000001			1.0
5861.6			1.0
5862.5			1.0
5863.4			1.0
5864.3			1.0
5865.200000000001			1.0
5866.1			1.0
5867.0			1.0
5867.9			1.0
5868.8			1.0
5869.700000000001			1.0
5870.6			1.0
5871.5			1.0
5872.4			1.0
5873.3			1.0
5874.200000000001			1.0
5875.1			1.0
5876.0			1.0
5876.9			1.0
5877.8			1.0
5878.700000000001			1.0
5879.6			1.0
5880.5			1.0
5881.4			1.0
5882.3			1.0
5883.200000000001			1.0
5884.1			1.0
5885.0			1.0
5885.9			1.022843624892717
5886.8			1.0257505105842828
5887.700000000001			0.985041490526396
5888.6			0.8891334790111557
5889.5			0.790249471533726
5890.4			0.7878000983261789
5891.3			0.8944124860774801
5892.200000000001			1.012089151451905
5893.1			1.0706656631172697
5894.0			1.0600557650833726
5894.9			0.9908674866583295
5895.8			1.0
5896.700000000001			1.0
5897.6			1.0
5898.5			1.0
5899.4			1.0
5900.3			1.0
5901.200000000001			1.0
5902.1			1.0
5903.0			1.0
5903.9			1.0
5904.8			1.0
5905.700000000001			1.0
5906.6			1.0
5907.5			1.0
5908.4			1.0
5909.3			1.0
5910.200000000001			1.0
5911.1			1.0
5912.0			1.0
5912.9			1.0
5913.8			1.0
5914.700000000001			1.0
5915.6			1.0
5916.5			1.0
5917.4			1.0
5918.3			1.0
5919.200000000001			1.0
5920.1			1.0
5921.0			1.0
5921.9			1.0
5922.8			1.0
5923.700000000001			1.0
5924.6			1.0
5925.5			1.0
5926.4			1.0
5927.3			1.0
5928.200000000001			1.0
5929.1			1.0
5930.0			1.0
5930.9			1.0
5931.8			1.0
5932.700000000001			1.0
5933.6			1.0
5934.5			1.0
5935.4			1.0
5936.3			1.0
5937.200000000001			1.0
5938.1			1.0
5939.0			1.0
5939.9			1.0
5940.8			1.0
5941.700000000001			1.0
5942.6			1.0
5943.5			1.0
5944.4			1.0
5945.3			1.0
5946.200000000001			1.0
5947.1			1.0
5948.0			1.0
5948.9			1.0
5949.8			1.0
5950.700000000001			1.0
5951.6			1.0
5952.5			1.0
5953.4			1.0
5954.3			1.0
5955.200000000001			1.0
5956.1			1.0
5957.0			1.0
5957.9			1.0
5958.8			1.0
5959.700000000001			1.0
5960.6			1.0
5961.5			1.0
5962.4			1.0
5963.3			1.0
5964.200000000001			1.0
5965.1			1.0
5966.0			1.0
5966.9			1.0
5967.8			1.0
5968.700000000001			1.0
5969.6			1.0
5970.5			1.0
5971.4			1.0
5972.3			1.0
5973.200000000001			1.0
5974.1			1.0
5975.0			1.0
5975.9			1.0
5976.8			1.0
5977.700000000001			1.0
5978.6			1.0
5979.5			1.0
5980.4			1.0
5981.3			1.0
5982.200000000001			1.0
5983.1			1.0
5984.0			1.0
5984.9			1.0
5985.8			1.0
5986.700000000001			1.0
5987.6			1.0
5988.5			1.0
5989.4			1.0
5990.3			1.0
5991.200000000001			1.0
5992.1			1.0
5993.0			1.0
5993.9			1.0
5994.8			1.0
5995.700000000001			1.0
5996.6			1.0
5997.5			1.0
5998.4			1.0
5999.3			1.0
6000.200000000001			1.0
6001.1			1.0
6002.0			1.0
6002.9			1.0
6003.8			1.0
6004.700000000001			1.0
6005.6			1.0
6006.5			1.0
6007.4			1.0
6008.3			1.0
6009.200000000001			1.0
6010.1			1.0
6011.0			1.0
6011.9			1.0
6012.8			1.0
6013.700000000001			1.0
6014.6			1.0
6015.5			1.0
6016.4			1.0
6017.3			1.0
6018.200000000001			1.0
6019.1			1.0
6020.0			1.0
6020.9			1.0
6021.8			1.0
6022.700000000001			1.0
6023.6			1.0
6024.5			1.0
6025.4			1.0
6026.3			1.0
6027.200000000001			1.0
6028.1			1.0
6029.0			1.0
6029.9			1.0
6030.8			1.0
6031.700000000001			1.0
6032.6			1.0
6033.5			1.0
6034.4			1.0
6035.3			1.0
6036.200000000001			1.0
6037.1			1.0
6038.0			1.0
6038.9			1.0
6039.8			1.0
6040.700000000001			1.0
6041.6			1.0
6042.5			1.0
6043.4			1.0
6044.3			1.0
6045.200000000001			1.0
6046.1			1.0
6047.0			1.0
6047.9			1.0
6048.8			1.0
6049.700000000001			1.0
6050.6			1.0
6051.5			1.0
6052.4			1.0
6053.3			1.0
6054.200000000001			1.0
6055.1			1.0
6056.0			1.0
6056.9			1.0
6057.8			1.0
6058.700000000001			1.0
6059.6			1.0
6060.5			1.0
6061.4			1.0
6062.3			1.0
6063.200000000001			1.0
6064.1			1.0
6065.0			1.0
6065.9			1.0
6066.8			1.0
6067.700000000001			1.0
6068.6			1.0
6069.5			1.0
6070.4			1.0
6071.3			1.0
6072.200000000001			1.0
6073.1			1.0
6074.0			1.0
6074.9			1.0
6075.8			1.0
6076.700000000001			1.0
6077.6			1.0
6078.5			1.0
6079.4			1.0
6080.3			1.0
6081.200000000001			1.0
6082.1			1.0
6083.0			1.0
6083.9			1.0
6084.8			1.0
6085.700000000001			1.0
6086.6			1.0
6087.5			1.0
6088.4			1.0
6089.3			1.0
6090.200000000001			1.0
6091.1			1.0
6092.0			1.0
6092.9			1.0
6093.8			1.0
6094.700000000001			1.0
6095.6			1.0
6096.5			1.0
6097.4			1.0
6098.3			1.0
6099.200000000001			1.0
6100.1			1.0
6101.0			1.0
6101.9			1.0
6102.8			1.0
6103.700000000001			1.0
6104.6			1.0
6105.5			1.0
6106.4			1.0
6107.3			1.0
6108.200000000001			1.0
6109.1			1.0
6110.0			1.0
6110.9			1.0
6111.8			1.0
6112.700000000001			1.0
6113.6			1.0
6114.5			1.0
6115.4			1.0
6116.3			1.0
6117.200000000001			1.0
6118.1			1.0
6119.0			1.0
6119.9			1.0
6120.8			1.0
6121.700000000001			1.0
6122.6			1.0
6123.5			1.0
6124.4			1.0
6125.3			1.0
6126.200000000001			1.0
6127.1			1.0
6128.0			1.0
6128.9			1.0
6129.8			1.0
6130.700000000001			1.0
6131.6			1.0
6132.5			1.0
6133.4			1.0106442947884484
6134.3			1.0082309003907761
6135.200000000001			0.9773438631818384
6136.1			0.9246729409742445
6137.0			0.8870315507665435
6137.9			0.9001050971465125
6138.8			0.9530592346808888
6139.700000000001			0.9979006571292143
6140.6			1.0002747957661524
6141.5			1.0
6142.4			1.0
6143.3			1.0
6144.200000000001			1.0
6145.1			1.0
6146.0			1.0
6146.9			1.0
6147.8			1.0
6148.700000000001			1.0
6149.6			1.0
6150.5			1.0
6151.4			1.0
6152.3			1.0
6153.200000000001			1.0
6154.1			1.0
6155.0			1.0
6155.9			1.0
6156.8			1.0137448960693756
6157.700000000001			1.0234484475791246
6158.6			1.0278215809013973
6159.5			1.0180572822834602
6160.4			0.9782061938045695
6161.3			0.9174073527302005
6162.200000000001			0.8810295352910883
6163.1			0.8955508951822341
6164.0			0.9414029213650871
6164.9			0.981053653401679
6165.8			0.9968977722857423
6166.700000000001			1.0031162712857076
6167.6			0.9997856499137192
6168.5			1.0
6169.4			1.0
6170.3			1.0
6171.200000000001			1.0
6172.1			1.0
6173.0			1.0
6173.9			1.0
6174.8			1.0
6175.700000000001			1.0
6176.6			1.0
6177.5			1.0
6178.4			1.0
6179.3			1.0
6180.200000000001			1.0
6181.1			1.0
6182.0			1.0
6182.9			1.0
6183.8			1.0
6184.700000000001			1.0
6185.6			1.0
6186.5			1.0
6187.4			1.0
6188.3			1.0
6189.200000000001			1.0
6190.1			1.0
6191.0			1.0
6191.9			1.0
6192.8			1.0
6193.700000000001			1.0
6194.6			1.0
6195.5			1.0
6196.4			1.0
6197.3			1.0
6198.200000000001			1.0
6199.1			1.0
6200.0			1.0
6200.9			1.0
6201.8			1.0
6202.700000000001			1.0
6203.6			1.0
6204.5			1.0
6205.4			1.0
6206.3			1.0
6207.200000000001			1.0
6208.1			1.0
6209.0			1.0
6209.9			1.0
6210.8			1.0
6211.700000000001			1.0
6212.6			1.0
6213.5			1.0
6214.4			1.0
6215.3			1.0
6216.200000000001			1.0
6217.1			1.0
6218.0			1.0
6218.9			1.0
6219.8			1.0
6220.700000000001			1.0
6221.6			1.0
6222.5			1.0
6223.4			1.0
6224.3			1.0
6225.200000000001			1.0
6226.1			1.0
6227.0			1.0
6227.9			1.0
6228.8			1.0
6229.700000000001			1.0
6230.6			1.0
6231.5			1.0
6232.4			1.0
6233.3			1.0
6234.200000000001			1.0
6235.1			1.0
6236.0			1.0
6236.9			1.0
6237.8			1.0
6238.700000000001			1.0
6239.6			1.0
6240.5			1.0
6241.4			1.0
6242.3			1.0
6243.200000000001			1.0
6244.1			1.0
6245.0			1.0
6245.9			1.0
6246.8			1.0
6247.700000000001			1.0
6248.6			1.0
6249.5			1.0
6250.4			1.0
6251.3			1.0
6252.200000000001			1.0
6253.1			1.0
6254.0			1.0
6254.9			1.0
6255.8			1.0
6256.700000000001			1.0
6257.6			1.0
6258.5			1.0
6259.4			1.0
6260.3			1.0
6261.200000000001			1.0
6262.1			1.0
6263.0			1.0
6263.9			1.0
6264.8			1.0
6265.700000000001			1.0
6266.6			1.0
6267.5			1.0
6268.4			1.0
6269.3			1.0
6270.200000000001			1.0
6271.1			1.0
6272.0			1.0
6272.9			1.0
6273.8			1.0
6274.700000000001			1.0
6275.6			1.0
6276.5			1.0
6277.4			1.0
6278.3			1.0
6279.200000000001			1.0
6280.1			1.0
6281.0			1.0
6281.9			1.0
6282.8			1.0
6283.700000000001			1.0
6284.6			1.0
6285.5			1.0
6286.4			1.0
6287.3			1.0
6288.200000000001			1.0
6289.1			1.0
6290.0			1.0
6290.9			1.0
6291.8			1.0
6292.700000000001			1.0
6293.6			1.0
6294.5			1.0
6295.4			1.0
6296.3			1.0
6297.200000000001			1.0
6298.1			1.0
6299.0			1.0
6299.9			1.0
6300.8			1.0
6301.700000000001			1.0
6302.6			1.0
6303.5			1.0
6304.4			1.0
6305.3			1.0
6306.200000000001			1.0
6307.1			1.0
6308.0			1.0
6308.9			1.0
6309.8			1.0
6310.700000000001			1.0
6311.6			1.0
6312.5			1.0
6313.4			1.0
6314.3			1.0
6315.200000000001			1.0
6316.1			1.0
6317.0			1.0
6317.9			1.0
6318.8			1.0
6319.700000000001			1.0
6320.6			1.0
6321.5			1.0
6322.4			1.0
6323.3			1.0
6324.200000000001			1.0
6325.1			1.0
6326.0			1.0
6326.9			1.0
6327.8			1.0
6328.700000000001			1.0
6329.6			1.0
6330.5			1.0
6331.4			1.0
6332.3			1.0
6333.200000000001			1.0
6334.1			1.0
6335.0			1.0
6335.9			1.0
6336.8			1.0
6337.700000000001			1.0
6338.6			1.0
6339.5			1.0
6340.4			1.0
6341.3			1.0
6342.200000000001			1.0
6343.1			1.0
6344.0			1.0
6344.9			1.0
6345.8			1.0
6346.700000000001			1.0
6347.6			1.0
6348.5			1.0
6349.4			1.0
6350.3			1.0
6351.200000000001			1.0
6352.1			1.0
6353.0			1.0
6353.9			1.0
6354.8			1.0
6355.700000000001			1.0
6356.6			1.0
6357.5			1.0
6358.4			1.0
6359.3			1.0
6360.200000000001			1.0
6361.1			1.0
6362.0			1.0
6362.9			1.0
6363.8			1.0
6364.700000000001			1.0
6365.6			1.0
6366.5			1.0
6367.4			1.0
6368.3			1.0
6369.200000000001			1.0
6370.1			1.0
6371.0			1.0
6371.9			1.0
6372.8			1.0
6373.700000000001			1.0
6374.6			1.0
6375.5			1.0
6376.4			1.0
6377.3			1.0
6378.200000000001			1.0
6379.1			1.0
6380.0			1.0
6380.9			1.0
6381.8			1.0
6382.700000000001			1.0
6383.6			1.0
6384.5			1.0
6385.4			1.0
6386.3			1.0
6387.200000000001			1.0
6388.1			1.0
6389.0			1.0
6389.9			1.0
6390.8			1.0
6391.700000000001			1.0
6392.6			1.0
6393.5			1.0
6394.4			1.0
6395.3			1.0
6396.200000000001			1.0
6397.1			1.0
6398.0			1.0
6398.9			1.0
6399.8			1.0
6400.700000000001			1.0
6401.6			1.0
6402.5			1.0
6403.4			1.0
6404.3			1.0
6405.200000000001			1.0
6406.1			1.0
6407.0			1.0
6407.9			1.0
6408.8			1.0
6409.700000000001			1.0
6410.6			1.0
6411.5			1.0
6412.4			1.0
6413.3			1.0
6414.200000000001			1.0
6415.1			1.0
6416.0			1.0
6416.9			1.0
6417.8			1.0
6418.700000000001			1.0
6419.6			1.0
6420.5			1.0
6421.4			1.0
6422.3			1.0
6423.200000000001			1.0
6424.1			1.0
6425.0			1.0
6425.9			1.0
6426.8			1.0
6427.700000000001			1.0
6428.6			1.0
6429.5			1.0
6430.4			1.0
6431.3			1.0
6432.200000000001			1.0
6433.1			1.0
6434.0			1.0
6434.9			1.0
6435.8			1.0
6436.700000000001			1.0
6437.6			1.0
6438.5			1.0
6439.4			1.0
6440.3			1.0
6441.200000000001			1.0
6442.1			1.0
6443.0			1.0
6443.9			1.0
6444.8			1.0
6445.700000000001			1.0
6446.6			1.0
6447.5			1.0
6448.4			1.0
6449.3			1.0
6450.200000000001			1.0
6451.1			1.0
6452.0			1.0
6452.9			1.0
6453.8			1.0
6454.700000000001			1.0
6455.6			1.0
6456.5			1.0
6457.4			1.0
6458.3			1.0
6459.200000000001			1.0
6460.1			1.0
6461.0			1.0
6461.9			1.0
6462.8			1.0
6463.700000000001			1.0
6464.6			1.0
6465.5			1.0
6466.4			1.0
6467.3			1.0
6468.200000000001			1.0
6469.1			1.0
6470.0			1.0
6470.9			1.0
6471.8			1.0
6472.700000000001			1.0
6473.6			1.0
6474.5			1.0
6475.4			1.0
6476.3			1.0
6477.200000000001			1.0
6478.1			1.0
6479.0			1.0
6479.9			1.0
6480.8			1.0
6481.700000000001			1.0
6482.6			1.0
6483.5			1.0
6484.4			1.0
6485.3			1.0
6486.200000000001			1.0
6487.1			1.0037508224172824
6488.0			1.0080353934280486
6488.9			1.0078009958872909
6489.8			1.0035521530051992
6490.700000000001			0.9977810640883772
6491.6			0.9905754306343498
6492.5			0.9734759959815508
6493.4			0.9360929487241695
6494.3			0.8885193993049896
6495.200000000001			0.860802910922925
6496.1			0.8710528869930066
6497.0			0.9050152414769365
6497.9			0.9364948334182981
6498.8			0.9484887481903307
6499.700000000001			0.9485108260201637
6500.6			0.9575354724582802
6501.5			0.9758350665411981
6502.4			0.9913984993109488
6503.3			0.9997770481356784
6504.200000000001			1.0
6505.1			1.0
6506.0			1.0
6506.9			1.0
6507.8			1.0
6508.700000000001			1.0
6509.6			1.0
6510.5			1.0
6511.4			1.0
6512.3			1.0
6513.200000000001			1.0
6514.1			1.0
6515.0			1.0
6515.9			1.0
6516.8			1.0
6517.700000000001			1.0
6518.6			1.0
6519.5			1.0
6520.4			1.0
6521.3			1.0
6522.200000000001			1.0
6523.1			1.0
6524.0			1.0
6524.9			1.0
6525.8			1.0
6526.700000000001			1.0
6527.6			1.0
6528.5			1.0
6529.4			1.0
6530.3			1.0
6531.200000000001			1.0
6532.1			1.0
6533.0			1.0
6533.9			1.0
6534.8			1.0
6535.700000000001			1.0
6536.6			1.0
6537.5			1.0
6538.4			1.0
6539.3			1.0
6540.200000000001			1.0
6541.1			1.0
6542.0			1.0
6542.9			1.0
6543.8			1.0
6544.700000000001			1.0
6545.6			1.0
6546.5			1.0
6547.4			1.0
6548.3			1.0
6549.200000000001			1.0
6550.1			1.0
6551.0			1.0
6551.9			1.0
6552.8			1.0
6553.700000000001			1.0
6554.6			1.0
6555.5			1.0
6556.4			1.0
6557.3			1.0014699376941687
6558.200000000001			0.9999443594225199
6559.1			0.9817195499356092
6560.0			0.9454085262740983
6560.9			0.8777361119482727
6561.8			0.7564937672399102
6562.700000000001			0.6324306693478239
6563.6			0.6198204468634007
6564.5			0.74129708839873
6565.4			0.8858326725791663
6566.3			0.9671189415466774
6567.200000000001			0.9967595679922955
6568.1			1.0031166493392256
6569.0			0.9982319403244284
6569.9			1.0000061519681713
6570.8			1.0
6571.700000000001			1.0
6572.6			1.0
6573.5			1.0
6574.4			1.0
6575.3			1.0
6576.200000000001			1.0
6577.1			1.0
6578.0			1.0
6578.9			1.0
6579.8			1.0
6580.700000000001			1.0
6581.6			1.0
6582.5			1.0
6583.4			1.0
6584.3			1.0
6585.200000000001			1.0
6586.1			1.0
6587.0			1.0
6587.9			1.0
6588.8			1.0
6589.700000000001			1.0
6590.6			1.0
6591.5			1.0
6592.4			1.0
6593.3			1.0
6594.200000000001			1.0
6595.1			1.0
6596.0			1.0
6596.9			1.0
6597.8			1.0
6598.700000000001			1.0
6599.6			1.0
6600.5			1.0
6601.4			1.0
6602.3			1.0
6603.200000000001			1.0
6604.1			1.0
6605.0			1.0
6605.9			1.0
6606.8			1.0
6607.700000000001			1.0
6608.6			1.0
6609.5			1.0
6610.4			1.0
6611.3			1.0
6612.200000000001			1.0
6613.1			1.0
6614.0			1.0
6614.9			1.0
6615.8			1.0
6616.700000000001			1.0
6617.6			1.0
6618.5			1.0
6619.4			1.0
6620.3			1.0
6621.200000000001			1.0
6622.1			1.0
6623.0			1.0
6623.9			1.0
6624.8			1.0
6625.700000000001			1.0
6626.6			1.0
6627.5			1.0
6628.4			1.0
6629.3			1.0
6630.200000000001			1.0
6631.1			1.0
6632.0			1.0
6632.9			1.0
6633.8			1.0
6634.700000000001			1.0
6635.6			1.0
6636.5			1.0
6637.4			1.0
6638.3			1.0
6639.200000000001			1.0
6640.1			1.0
6641.0			1.0
6641.9			1.0
6642.8			1.0
6643.700000000001			1.0
6644.6			1.0
6645.5			1.0
6646.4			1.0
6647.3			1.0
6648.200000000001			1.0
6649.1			1.0
6650.0			1.0
6650.9			1.0
6651.8			1.0
6652.700000000001			1.0
6653.6			1.0
6654.5			1.0
6655.4			1.0
6656.3			1.0
6657.200000000001			1.0
6658.1			1.0
6659.0			1.0
6659.9			1.0
6660.8			1.0
6661.700000000001			1.0
6662.6			1.0
6663.5			1.0
6664.4			1.0
6665.3			1.0
6666.200000000001			1.0
6667.1			1.0
6668.0			1.0
6668.9			1.0
6669.8			1.0
6670.700000000001			1.0
6671.6			1.0
6672.5			1.0
6673.4			1.0
6674.3			1.0
6675.200000000001			1.0
6676.1			1.0
6677.0			1.0
6677.9			1.0
6678.8			1.0
6679.700000000001			1.0
6680.6			1.0
6681.5			1.0
6682.4			1.0
6683.3			1.0
6684.200000000001			1.0
6685.1			1.0
6686.0			1.0
6686.9			1.0
6687.8			1.0
6688.700000000001			1.0
6689.6			1.0
6690.5			1.0
6691.4			1.0
6692.3			1.0
6693.200000000001			1.0
6694.1			1.0
6695.0			1.0
6695.9			1.0
6696.8			1.0
6697.700000000001			1.0
6698.6			1.0
6699.5			1.0
6700.4			1.0
6701.3			1.0
6702.200000000001			1.0
6703.1			1.0
6704.0			1.0
6704.9			1.0
6705.8			1.0
6706.700000000001			1.0
6707.6			1.0
6708.5			1.0
6709.4			1.0
6710.3			1.0
6711.200000000001			1.0
6712.1			1.0
6713.0			1.0
6713.9			1.0
6714.8			1.0
6715.700000000001			1.0
6716.6			1.0
6717.5			1.0
6718.4			1.0
6719.3			1.0
6720.200000000001			1.0
6721.1			1.0
6722.0			1.0
6722.9			1.0
6723.8			1.0
6724.700000000001			1.0
6725.6			1.0
6726.5			1.0
6727.4			1.0
6728.3			1.0
6729.200000000001			1.0
6730.1			1.0
6731.0			1.0
6731.9			1.0
6732.8			1.0
6733.700000000001			1.0
6734.6			1.0
6735.5			1.0
6736.4			1.0
6737.3			1.0
6738.200000000001			1.0
6739.1			1.0
6740.0			1.0
6740.9			1.0
6741.8			1.0
6742.700000000001			1.0
6743.6			1.0
6744.5			1.0
6745.4			1.0
6746.3			1.0
6747.200000000001			1.0
6748.1			1.0
6749.0			1.0
6749.9			1.0
6750.8			1.0
6751.700000000001			1.0
6752.6			1.0
6753.5			1.0
6754.4			1.0
6755.3			1.0
6756.200000000001			1.0
6757.1			1.0
6758.0			1.0
6758.9			1.0
6759.8			1.0
6760.700000000001			1.0
6761.6			1.0
6762.5			1.0
6763.4			1.0
6764.3			1.0
6765.200000000001			1.0
6766.1			1.0
6767.0			1.0
6767.9			1.0
6768.8			1.0
6769.700000000001			1.0
6770.6			1.0
6771.5			1.0
6772.4			1.0
6773.3			1.0
6774.200000000001			1.0
6775.1			1.0
6776.0			1.0
6776.9			1.0
6777.8			1.0
6778.700000000001			1.0
6779.6			1.0
6780.5			1.0
6781.4			1.0
6782.3			1.0
6783.200000000001			1.0
6784.1			1.0
6785.0			1.0
6785.9			1.0
6786.8			1.0
6787.700000000001			1.0
6788.6			1.0
6789.5			1.0
6790.4			1.0
6791.3			1.0
6792.200000000001			1.0
6793.1			1.0
6794.0			1.0
6794.9			1.0
6795.8			1.0
6796.700000000001			1.0
6797.6			1.0
6798.5			1.0
6799.4			1.0
6800.3			1.0
6801.200000000001			1.0
6802.1			1.0
6803.0			1.0
6803.9			1.0
6804.8			1.0
6805.700000000001			1.0
6806.6			1.0
6807.5			1.0
6808.4			1.0
6809.3			1.0
6810.200000000001			1.0
6811.1			1.0
6812.0			1.0
6812.9			1.0
6813.8			1.0
6814.700000000001			1.0
6815.6			1.0
6816.5			1.0
6817.4			1.0
6818.3			1.0
6819.200000000001			1.0
6820.1			1.0
6821.0			1.0
6821.9			1.0
6822.8			1.0
6823.700000000001			1.0
6824.6			1.0
6825.5			1.0
6826.4			1.0
6827.3			1.0
6828.200000000001			1.0
6829.1			1.0
6830.0			1.0
6830.9			1.0
6831.8			1.0
6832.700000000001			1.0
6833.6			1.0
6834.5			1.0
6835.4			1.0
6836.3			1.0
6837.200000000001			1.0
6838.1			1.0
6839.0			1.0
6839.9			1.0
6840.8			1.0
6841.700000000001			1.0
6842.6			1.0
6843.5			1.0
6844.4			1.0
6845.3			1.0
6846.200000000001			1.0
6847.1			1.0
6848.0			1.0
6848.9			1.0
6849.8			1.0
6850.700000000001			1.0
6851.6			1.0
6852.5			1.0
6853.4			1.0
6854.3			1.0
6855.200000000001			1.0
6856.1			1.0
6857.0			1.0
6857.9			1.0
6858.8			1.0
6859.700000000001			1.0
6860.6			1.0
6861.5			1.0
6862.4			1.0
6863.3			1.0
6864.200000000001			1.0
6865.1			1.0
6866.0			1.0
6866.9			1.0
6867.8			1.0
6868.700000000001			1.0
6869.6			1.0
6870.5			1.0
6871.4			1.0
6872.3			1.0
6873.200000000001			1.0
6874.1			1.0
6875.0			1.0
6875.9			1.0
6876.8			1.0
6877.700000000001			1.0
6878.6			1.0
6879.5			1.0
6880.4			1.0
6881.3			1.0
6882.200000000001			1.0
6883.1			1.0
6884.0			1.0
6884.9			1.0
6885.8			1.0
6886.700000000001			1.0
6887.6			1.0
6888.5			1.0
6889.4			1.0
6890.3			1.0
6891.200000000001			1.0
6892.1			1.0
6893.0			1.0
6893.9			1.0
6894.8			1.0
6895.700000000001			1.0
6896.6			1.0
6897.5			1.0
6898.4			1.0
6899.3			1.0
6900.200000000001			1.0
6901.1			1.0
6902.0			1.0
6902.9			1.0
6903.8			1.0
6904.700000000001			1.0
6905.6			1.0
6906.5			1.0
6907.4			1.0
6908.3			1.0
6909.200000000001			1.0
6910.1			1.0
6911.0			1.0
6911.9			1.0
6912.8			1.0
6913.700000000001			1.0
6914.6			1.0
6915.5			1.0
6916.4			1.0
6917.3			1.0
6918.200000000001			1.0
6919.1			1.0
6920.0			1.0
6920.9			1.0
6921.8			1.0
6922.700000000001			1.0
6923.6			1.0
6924.5			1.0
6925.4			1.0
6926.3			1.0
6927.200000000001			1.0
6928.1			1.0
6929.0			1.0
6929.9			1.0
6930.8			1.0
6931.700000000001			1.0
6932.6			1.0
6933.5			1.0
6934.4			1.0
6935.3			1.0
6936.200000000001			1.0
6937.1			1.0
6938.0			1.0
6938.9			1.0
6939.8			1.0
6940.700000000001			1.0
6941.6			1.0
6942.5			1.0
6943.4			1.0
6944.3			1.0
6945.200000000001			1.0
6946.1			1.0
6947.0			1.0
6947.9			1.0
6948.8			1.0
6949.700000000001			1.0
6950.6			1.0
6951.5			1.0
6952.4			1.0
6953.3			1.0
6954.200000000001			1.0
6955.1			1.0
6956.0			1.0
6956.9			1.0
6957.8			1.0
6958.700000000001			1.0
6959.6			1.0
6960.5			1.0
6961.4			1.0
6962.3			1.0
6963.200000000001			1.0
6964.1			1.0
6965.0			1.0
6965.9			1.0
6966.8			1.0
6967.700000000001			1.0
6968.6			1.0
6969.5			1.0
6970.4			1.0
6971.3			1.0
6972.200000000001			1.0
6973.1			1.0
6974.0			1.0
6974.9			1.0
6975.8			1.0
6976.700000000001			1.0
6977.6			1.0
6978.5			1.0
6979.4			1.0
6980.3			1.0
6981.200000000001			1.0
6982.1			1.0
6983.0			1.0
6983.9			1.0
6984.8			1.0
6985.700000000001			1.0
6986.6			1.0
6987.5			1.0
6988.4			1.0
6989.3			1.0
6990.200000000001			1.0
6991.1			1.0
6992.0			1.0
6992.9			1.0
6993.8			1.0
6994.700000000001			1.0
6995.6			1.0
6996.5			1.0
6997.4			1.0
6998.3			1.0
6999.200000000001			1.0
7000.1			1.0
7001.0			1.0
7001.9			1.0
7002.8			1.0
7003.700000000001			1.0
7004.6			1.0
7005.5			1.0
7006.4			1.0
7007.3			1.0
7008.200000000001			1.0
7009.1			1.0
7010.0			1.0
7010.9			1.0
7011.8			1.0
7012.700000000001			1.0
7013.6			1.0
7014.5			1.0
7015.4			1.0
7016.3			1.0
7017.200000000001			1.0
7018.1			1.0
7019.0			1.0
7019.9			1.0
7020.8			1.0
7021.700000000001			1.0
7022.6			1.0
7023.5			1.0
7024.4			1.0
7025.3			1.0
7026.200000000001			1.0
7027.1			1.0
7028.0			1.0
7028.9			1.0
7029.8			1.0
7030.700000000001			1.0
7031.6			1.0
7032.5			1.0
7033.4			1.0
7034.3			1.0
7035.200000000001			1.0
7036.1			1.0
7037.0			1.0
7037.9			1.0
7038.8			1.0
7039.700000000001			1.0
7040.6			1.0
7041.5			1.0
7042.4			1.0
7043.3			1.0
7044.200000000001			1.0
7045.1			1.0
7046.0			1.0
7046.9			1.0
7047.8			1.0
7048.700000000001			1.0
7049.6			1.0
7050.5			1.0
7051.4			1.0
7052.3			1.0
7053.200000000001			1.0
7054.1			1.0
7055.0			1.0
7055.9			1.0
7056.8			1.0
7057.700000000001			1.0
7058.6			1.0
7059.5			1.0
7060.4			1.0
7061.3			1.0
7062.200000000001			1.0
7063.1			1.0
7064.0			1.0
7064.9			1.0
7065.8			1.0
7066.700000000001			1.0
7067.6			1.0
7068.5			1.0
7069.4			1.0
7070.3			1.0
7071.200000000001			1.0
7072.1			1.0
7073.0			1.0
7073.9			1.0
7074.8			1.0
7075.700000000001			1.0
7076.6			1.0
7077.5			1.0
7078.4			1.0
7079.3			1.0
7080.200000000001			1.0
7081.1			1.0
7082.0			1.0
7082.9			1.0
7083.8			1.0
7084.700000000001			1.0
7085.6			1.0
7086.5			1.0
7087.4			1.0
7088.3			1.0
7089.200000000001			1.0
7090.1			1.0
7091.0			1.0
7091.9			1.0
7092.8			1.0
7093.700000000001			1.0
7094.6			1.0
7095.5			1.0
7096.4			1.0
7097.3			1.0
7098.200000000001			1.0
7099.1			1.0
7100.0			1.0
7100.9			1.0
7101.8			1.0
7102.700000000001			1.0
7103.6			1.0
7104.5			1.0
7105.4			1.0
7106.3			1.0
7107.200000000001			1.0
7108.1			1.0
7109.0			1.0
7109.9			1.0
7110.8			1.0
7111.700000000001			1.0
7112.6			1.0
7113.5			1.0
7114.4			1.0
7115.3			1.0
7116.200000000001			1.0
7117.1			1.0
7118.0			1.0
7118.9			1.0
7119.8			1.0
7120.700000000001			1.0
7121.6			1.0
7122.5			1.0
7123.4			1.0
7124.3			1.0
7125.200000000001			1.0
7126.1			1.0
7127.0			1.0
7127.9			1.0
7128.8			1.0
7129.700000000001			1.0
7130.6			1.0
7131.5			1.0
7132.4			1.0
7133.3			1.0
7134.200000000001			1.0
7135.1			1.0
7136.0			1.0
7136.9			1.0
7137.8			1.0
7138.700000000001			1.0
7139.6			1.0
7140.5			1.0
7141.4			1.0
7142.3			1.0
7143.200000000001			1.0
7144.1			1.0
7145.0			1.0
7145.9			1.0
7146.8			1.0
7147.700000000001			1.0
7148.6			1.0
7149.5			1.0
7150.4			1.0
7151.3			1.0
7152.200000000001			1.0
7153.1			1.0
7154.0			1.0
7154.9			1.0
7155.8			1.0
7156.700000000001			1.0
7157.6			1.0
7158.5			1.0
7159.4			1.0
7160.3			1.0
7161.200000000001			1.0
7162.1			1.0
7163.0			1.0
7163.9			1.0
7164.8			1.0
7165.700000000001			1.0
7166.6			1.0
7167.5			1.0
7168.4			1.0
7169.3			1.0
7170.200000000001			1.0
7171.1			1.0
7172.0			1.0
7172.9			1.0
7173.8			1.0
7174.700000000001			1.0
7175.6			1.0
7176.5			1.0
7177.4			1.0
7178.3			1.0
7179.200000000001			1.0
7180.1			1.0
7181.0			1.0
7181.9			1.0
7182.8			1.0
7183.700000000001			1.0
7184.6			1.0
7185.5			1.0
7186.4			1.0
7187.3			1.0
7188.200000000001			1.0
7189.1			1.0
7190.0			1.0
7190.9			1.0
7191.8			1.0
7192.700000000001			1.0
7193.6			1.0
7194.5			1.0
7195.4			1.0
7196.3			1.0
7197.200000000001			1.0
7198.1			1.0
7199.0			1.0
7199.9			1.0
7200.8			1.0
7201.700000000001			1.0
7202.6			1.0
7203.5			1.0
7204.4			1.0
7205.3			1.0
7206.200000000001			1.0
7207.1			1.0
7208.0			1.0
7208.9			1.0
7209.8			1.0
7210.700000000001			1.0
7211.6			1.0
7212.5			1.0
7213.4			1.0
7214.3			1.0
7215.200000000001			1.0
7216.1			1.0
7217.0			1.0
7217.9			1.0
7218.8			1.0
7219.700000000001			1.0
7220.6			1.0
7221.5			1.0
7222.4			1.0
7223.3			1.0
7224.200000000001			1.0
7225.1			1.0
7226.0			1.0
7226.9			1.0
7227.8			1.0
7228.700000000001			1.0
7229.6			1.0
7230.5			1.0
7231.4			1.0
7232.3			1.0
7233.200000000001			1.0
7234.1			1.0
7235.0			1.0
7235.9			1.0
7236.8			1.0
7237.700000000001			1.0
7238.6			1.0
7239.5			1.0
7240.4			1.0
7241.3			1.0
7242.200000000001			1.0
7243.1			1.0
7244.0			1.0
7244.9			1.0
7245.8			1.0
7246.700000000001			1.0
7247.6			1.0
7248.5			1.0
7249.4			1.0
7250.3			1.0
7251.200000000001			1.0
7252.1			1.0
7253.0			1.0
7253.9			1.0
7254.8			1.0
7255.700000000001			1.0
7256.6			1.0
7257.5			1.0
7258.4			1.0
7259.3			1.0
7260.200000000001			1.0
7261.1			1.0
7262.0			1.0
7262.9			1.0
7263.8			1.0
7264.700000000001			1.0
7265.6			1.0
7266.5			1.0
7267.4			1.0
7268.3			1.0
7269.200000000001			1.0
7270.1			1.0
7271.0			1.0
7271.9			1.0
7272.8			1.0
7273.700000000001			1.0
7274.6			1.0
7275.5			1.0
7276.4			1.0
7277.3			1.0
7278.200000000001			1.0
7279.1			1.0
7280.0			1.0
7280.9			1.0
7281.8			1.0
7282.700000000001			1.0
7283.6			1.0
7284.5			1.0
7285.4			1.0
7286.3			1.0
7287.200000000001			1.0
7288.1			1.0
7289.0			1.0
7289.9			1.0
7290.8			1.0
7291.700000000001			1.0
7292.6			1.0
7293.5			1.0
7294.4			1.0
7295.3			1.0
7296.200000000001			1.0
7297.1			1.0
7298.0			1.0
7298.9			1.0
7299.8			1.0
7300.700000000001			1.0
7301.6			1.0
7302.5			1.0
7303.4			1.0
7304.3			1.0
7305.200000000001			1.0
7306.1			1.0
7307.0			1.0
7307.9			1.0
7308.8			1.0
7309.700000000001			1.0
7310.6			1.0
7311.5			1.0
7312.4			1.0
7313.3			1.0
7314.200000000001			1.0
7315.1			1.0
7316.0			1.0
7316.9			1.0
7317.8			1.0
7318.700000000001			1.0
7319.6			1.0
7320.5			1.0
7321.4			1.0
7322.3			1.0
7323.200000000001			1.0
7324.1			1.0
7325.0			1.0
7325.9			1.0
7326.8			1.0
7327.700000000001			1.0
7328.6			1.0
7329.5			1.0
7330.4			1.0
7331.3			1.0
7332.200000000001			1.0
7333.1			1.0
7334.0			1.0
7334.9			1.0
7335.8			1.0
7336.700000000001			1.0
7337.6			1.0
7338.5			1.0
7339.4			1.0
7340.3			1.0
7341.200000000001			1.0
7342.1			1.0
7343.0			1.0
7343.9			1.0
7344.8			1.0
7345.700000000001			1.0
7346.6			1.0
7347.5			1.0
7348.4			1.0
7349.3			1.0
7350.200000000001			1.0
7351.1			1.0
7352.0			1.0
7352.9			1.0
7353.8			1.0
7354.700000000001			1.0
7355.6			1.0
7356.5			1.0
7357.4			1.0
7358.3			1.0
7359.200000000001			1.0
7360.1			1.0
7361.0			1.0
7361.9			1.0
7362.8			1.0
7363.700000000001			1.0
7364.6			1.0
7365.5			1.0
7366.4			1.0
7367.3			1.0
7368.200000000001			1.0
7369.1			1.0
7370.0			1.0
7370.9			1.0
7371.8			1.0
7372.700000000001			1.0
7373.6			1.0
7374.5			1.0
7375.4			1.0
7376.3			1.0
7377.200000000001			1.0
7378.1			1.0
7379.0			1.0
7379.9			1.0
7380.8			1.0
7381.700000000001			1.0
7382.6			1.0
7383.5			1.0
7384.4			1.0
7385.3			1.0
7386.200000000001			1.0
7387.1			1.0
7388.0			1.0
7388.9			1.0
7389.8			1.0
7390.700000000001			1.0
7391.6			1.0
7392.5			1.0
7393.4			1.0
7394.3			1.0
7395.200000000001			1.0
7396.1			1.0
7397.0			1.0
7397.9			1.0
7398.8			1.0
7399.700000000001			1.0
7400.6			1.0
7401.5			1.0
7402.4			1.0
7403.3			1.0
7404.200000000001			1.0
7405.1			1.0
7406.0			1.0
7406.9			1.0
7407.8			1.0
7408.700000000001			1.0
7409.6			1.0
7410.5			1.0
7411.4			1.0
7412.3			1.0
7413.200000000001			1.0
7414.1			1.0
7415.0			1.0
7415.9			1.0
7416.8			1.0
7417.700000000001			1.0
7418.6			1.0
7419.5			1.0
7420.4			1.0
7421.3			1.0
7422.200000000001			1.0
7423.1			1.0
7424.0			1.0
7424.9			1.0
7425.8			1.0
7426.700000000001			1.0
7427.6			1.0
7428.5			1.0
7429.4			1.0
