3500.0			1.0
3500.9			1.0
3501.8			1.0
3502.7			1.0
3503.6			1.0
3504.5			1.0
3505.4			1.0
3506.3			1.0
3507.2			1.0
3508.1			1.0
3509.0			1.0
3509.9			1.0
3510.8			1.0
3511.7			1.0
3512.6			1.0
3513.5			1.0
3514.4			1.0
3515.3			1.0
3516.2			1.0
3517.1			1.0
3518.0			1.0
3518.9			1.0
3519.8			1.0
3520.7			1.0
3521.6			1.0
3522.5			1.0
3523.4			1.0
3524.3			1.0
3525.2			1.0
3526.1			1.0
3527.0			1.0
3527.9			1.0
3528.8			1.0
3529.7			1.0
3530.6			1.0
3531.5			1.0
3532.4			1.0
3533.3			1.0
3534.2			1.0
3535.1			1.0
3536.0			1.0
3536.9			1.0
3537.8			1.0
3538.7			1.0
3539.6			1.0
3540.5			1.0
3541.4			1.0
3542.3			1.0
3543.2			1.0
3544.1			1.0
3545.0			1.0
3545.9			1.0
3546.8			1.0
3547.7			1.0
3548.6			1.0
3549.5			1.0
3550.4			1.0
3551.3			1.0
3552.2			1.0
3553.1			1.0
3554.0			1.0
3554.9			1.0
3555.8			1.0
3556.7			1.0
3557.6			1.0
3558.5			1.0
3559.4			1.0
3560.3			1.0
3561.2			1.0
3562.1			1.0
3563.0			1.0
3563.9			1.0
3564.8			1.0
3565.7			1.0
3566.6			1.0
3567.5			1.0
3568.4			1.0
3569.3			1.0
3570.2			1.0
3571.1			1.0
3572.0			1.0
3572.9			1.0
3573.8			1.0
3574.7			1.0
3575.6			1.0
3576.5			1.0
3577.4			1.0
3578.3			1.0
3579.2			1.0
3580.1			1.0
3581.0			1.0
3581.9			1.0
3582.8			1.0
3583.7			1.0
3584.6			1.0
3585.5			1.0
3586.4			1.0
3587.3			1.0
3588.2			1.0
3589.1			1.0
3590.0			1.0
3590.9			1.0
3591.8			1.0
3592.7			1.0
3593.6			1.0
3594.5			1.0
3595.4			1.0
3596.3			1.0
3597.2			1.0
3598.1			1.0
3599.0			1.0
3599.9			1.0
3600.8			1.0
3601.7			1.0
3602.6			1.0
3603.5			1.0
3604.4			1.0
3605.3			1.0
3606.2			1.0
3607.1			1.0
3608.0			1.0
3608.9			1.0
3609.8			1.0
3610.7			1.0
3611.6			1.0
3612.5			1.0
3613.4			1.0
3614.3			1.0
3615.2			1.0
3616.1			1.0
3617.0			1.0
3617.9			1.0
3618.8			1.0
3619.7			1.0
3620.6			1.0
3621.5			1.0
3622.4			1.0
3623.3			1.0
3624.2			1.0
3625.1			1.0
3626.0			1.0
3626.9			1.0
3627.8			1.0
3628.7			1.0
3629.6			1.0
3630.5			1.0
3631.4			1.0
3632.3			1.0
3633.2			1.0
3634.1			1.0
3635.0			1.0
3635.9			1.0
3636.8			1.0
3637.7			1.0
3638.6			1.0
3639.5			1.0
3640.4			1.0
3641.3			1.0
3642.2			1.0
3643.1			1.0
3644.0			1.0
3644.9			1.0
3645.8			1.0
3646.7			1.0
3647.6			1.0
3648.5			1.0
3649.4			1.0
3650.3			1.0
3651.2			1.0
3652.1			1.0
3653.0			1.0
3653.9			1.0
3654.8			1.0
3655.7			1.0
3656.6			1.0
3657.5			1.0
3658.4			1.0
3659.3			1.0
3660.2			1.0
3661.1			1.0
3662.0			1.0
3662.9			1.0
3663.8			1.0
3664.7			1.0
3665.6			1.0
3666.5			1.0
3667.4			1.0
3668.3			1.0
3669.2			1.0
3670.1			1.0
3671.0			1.0
3671.9			1.0
3672.8			1.0
3673.7			1.0
3674.6			1.0
3675.5			1.0
3676.4			1.0
3677.3			1.0
3678.2			1.0
3679.1			1.0
3680.0			1.0
3680.9			1.0
3681.8			1.0
3682.7			1.0
3683.6			1.0
3684.5			1.0
3685.4			1.0
3686.3			1.0
3687.2			1.0
3688.1			1.0
3689.0			1.0
3689.9			1.0
3690.8			1.0
3691.7			1.0
3692.6			1.0
3693.5			1.0
3694.4			1.0
3695.3			1.0
3696.2			1.0
3697.1			1.0
3698.0			1.0
3698.9			1.0
3699.8			1.0
3700.7			1.0
3701.6			1.0
3702.5			1.0
3703.4			1.0
3704.3			1.0
3705.2			1.0
3706.1			1.0
3707.0			1.0
3707.9			1.0
3708.8			1.0
3709.7			1.0
3710.6			1.0
3711.5			1.0
3712.4			1.0
3713.3			1.0
3714.2			1.0
3715.1			1.0
3716.0			1.0
3716.9			1.0
3717.8			1.0
3718.7			1.0
3719.6			1.0
3720.5			1.0
3721.4			1.0
3722.3			1.0
3723.2			1.0
3724.1			1.0
3725.0			1.0
3725.9			1.0
3726.8			1.0
3727.7			1.0
3728.6			1.0
3729.5			1.0
3730.4			1.0
3731.3			1.0
3732.2			1.0
3733.1			1.0
3734.0			1.0
3734.9			1.0
3735.8			1.0
3736.7			1.0
3737.6			1.0
3738.5			1.0
3739.4			1.0
3740.3			1.0
3741.2			1.0
3742.1			1.0
3743.0			1.0
3743.9			1.0
3744.8			1.0
3745.7			1.0
3746.6			1.0
3747.5			1.0
3748.4			1.0
3749.3			1.0
3750.2			1.0
3751.1			1.0
3752.0			1.0
3752.9			1.0
3753.8			1.0
3754.7			1.0
3755.6			1.0
3756.5			1.0
3757.4			1.0
3758.3			1.0
3759.2			1.0
3760.1			1.0
3761.0			1.0
3761.9			1.0
3762.8			1.0
3763.7			1.0
3764.6			1.0
3765.5			1.0
3766.4			1.0
3767.3			1.0
3768.2			1.0
3769.1			1.0
3770.0			1.0
3770.9			1.0
3771.8			1.0
3772.7			1.0
3773.6			1.0
3774.5			1.0
3775.4			1.0
3776.3			1.0
3777.2			1.0
3778.1			1.0
3779.0			1.0
3779.9			1.0
3780.8			1.0
3781.7			1.0
3782.6			1.0
3783.5			1.0
3784.4			1.0
3785.3			1.0
3786.2			1.0
3787.1			1.0
3788.0			1.0
3788.9			1.0
3789.8			1.0
3790.7			1.0
3791.6			1.0
3792.5			1.0
3793.4			1.0
3794.3			1.0
3795.2			1.0
3796.1			1.0
3797.0			1.0
3797.9			1.0
3798.8			1.0
3799.7			1.0
3800.6			1.0
3801.5			1.0
3802.4			1.0
3803.3			1.0
3804.2			1.0
3805.1			1.0
3806.0			1.0
3806.9			1.0
3807.8			1.0
3808.7			1.0
3809.6			1.0
3810.5			1.0
3811.4			1.0
3812.3			1.0
3813.2			1.0
3814.1			1.0
3815.0			1.0
3815.9			1.0
3816.8			1.0
3817.7			1.0
3818.6			1.0
3819.5			1.0
3820.4			1.0
3821.3			1.0
3822.2			1.0
3823.1			1.0
3824.0			1.0
3824.9			1.0
3825.8			1.0
3826.7			1.0
3827.6			1.0
3828.5			1.0
3829.4			1.0
3830.3			1.0
3831.2			1.0
3832.1			1.0
3833.0			1.0
3833.9			1.0
3834.8			1.0
3835.7			1.0
3836.6			1.0
3837.5			1.0
3838.4			1.0
3839.3			1.0
3840.2			1.0
3841.1			1.0
3842.0			1.0
3842.9			1.0
3843.8			1.0
3844.7			1.0
3845.6			1.0
3846.5			1.0
3847.4			1.0
3848.3			1.0
3849.2			1.0
3850.1			1.0
3851.0			1.0
3851.9			1.0
3852.8			1.0
3853.7			1.0
3854.6			1.0
3855.5			1.0
3856.4			1.0
3857.3			1.0
3858.2			1.0
3859.1			1.0
3860.0			1.0
3860.9			1.0
3861.8			1.0
3862.7			1.0
3863.6			1.0
3864.5			1.0
3865.4			1.0
3866.3			1.0
3867.2			1.0
3868.1			1.0
3869.0			1.0
3869.9			1.0
3870.8			1.0
3871.7			1.0
3872.6			1.0
3873.5			1.0
3874.4			1.0
3875.3			1.0
3876.2			1.0
3877.1			1.0
3878.0			1.0
3878.9			1.0
3879.8			1.0
3880.7			1.0
3881.6			1.0
3882.5			1.0
3883.4			1.0
3884.3			1.0
3885.2			1.0
3886.1			1.0
3887.0			1.0
3887.9			1.0
3888.8			1.0
3889.7			1.0
3890.6			1.0
3891.5			1.0
3892.4			1.0
3893.3			1.0
3894.2			1.0
3895.1			1.0
3896.0			1.0
3896.9			1.0
3897.8			1.0
3898.7			1.0
3899.6			1.0
3900.5			1.0
3901.4			1.0
3902.3			1.0
3903.2			1.0
3904.1			1.0
3905.0			1.0
3905.9			1.0
3906.8			1.0
3907.7			1.0
3908.6			1.0
3909.5			1.0
3910.4			1.0
3911.3			1.0
3912.2			1.0
3913.1			1.0
3914.0			1.0
3914.9			1.0
3915.8			1.0
3916.7			1.0
3917.6			1.0
3918.5			1.0
3919.4			1.0
3920.3			1.0
3921.2			1.0
3922.1			1.0
3923.0			1.0
3923.9			1.0
3924.8			1.0
3925.7			1.0
3926.6			1.0
3927.5			1.0
3928.4			1.0
3929.3			1.0
3930.2			1.0
3931.1			1.0
3932.0			1.0
3932.9			1.0
3933.8			1.0
3934.7			1.0
3935.6			1.0
3936.5			1.0
3937.4			1.0
3938.3			1.0
3939.2			1.0
3940.1			1.0
3941.0			1.0
3941.9			1.0
3942.8			1.0
3943.7			1.0
3944.6			1.0
3945.5			1.0
3946.4			1.0
3947.3			1.0
3948.2			1.0
3949.1			1.0
3950.0			1.0
3950.9			1.0
3951.8			1.0
3952.7			1.0
3953.6			1.0
3954.5			1.0
3955.4			1.0
3956.3			1.0
3957.2			1.0
3958.1			1.0
3959.0			1.0
3959.9			1.0
3960.8			1.0
3961.7			1.0
3962.6			1.0
3963.5			1.0
3964.4			1.0
3965.3			1.0
3966.2			1.0
3967.1			1.0
3968.0			1.0
3968.9			1.0
3969.8			1.0
3970.7			1.0
3971.6			1.0
3972.5			1.0
3973.4			1.0
3974.3			1.0
3975.2			1.0
3976.1			1.0
3977.0			1.0
3977.9			1.0
3978.8			1.0
3979.7			1.0
3980.6			1.0
3981.5			1.0
3982.4			1.0
3983.3			1.0
3984.2			1.0
3985.1			1.0
3986.0			1.0
3986.9			1.0
3987.8			1.0
3988.7			1.0
3989.6			1.0
3990.5			1.0
3991.4			1.0
3992.3			1.0
3993.2			1.0
3994.1			1.0
3995.0			1.0
3995.9			1.0
3996.8			1.0
3997.7			1.0
3998.6			1.0
3999.5			1.0
4000.4			1.0
4001.3			1.0
4002.2			1.0285627816429868
4003.1			1.0371961511514844
4004.0			0.9672133123246726
4004.9			0.8634169194995744
4005.8			0.8276093165677558
4006.7			0.8776505453118351
4007.6			0.9498452891887913
4008.5			0.9931297892224921
4009.4			1.0000777343993983
4010.3			1.0
4011.2			1.0
4012.1			1.0
4013.0			1.0
4013.9			1.0
4014.8			1.0
4015.7			1.0
4016.6			1.0
4017.5			1.0
4018.4			1.0
4019.3			1.0
4020.2			1.0
4021.1			1.0
4022.0			1.0
4022.9			1.0
4023.8			1.0
4024.7			1.0
4025.6			1.0125633551620483
4026.5			1.0487630629732345
4027.4			1.067252307864893
4028.3			1.0494204134095302
4029.2			0.9908833237010536
4030.1			0.9095412819918491
4031.0			0.8536878860513943
4031.9			0.8446194589526825
4032.8			0.8524042218926193
4033.7			0.8605631730869476
4034.6			0.8767573762605414
4035.5			0.9073097393554825
4036.4			0.9551454771714709
4037.3			0.9972935528372515
4038.2			1.0025479226822263
4039.1			1.0
4040.0			1.0
4040.9			1.0
4041.8			1.0239160058082029
4042.7			1.0298380369276934
4043.6			0.9588652336903195
4044.5			0.8308287823415237
4045.4			0.7446395997231157
4046.3			0.7877665799578271
4047.2			0.9119756257872641
4048.1			0.992493815837442
4049.0			1.0037021374313069
4049.9			1.0
4050.8			1.0
4051.7			1.0
4052.6			1.0
4053.5			1.0
4054.4			1.0
4055.3			1.0
4056.2			1.0
4057.1			1.0
4058.0			0.9709821162373048
4058.9			0.9945145111492878
4059.8			1.047124530568254
4060.7			1.0688888883420014
4061.6			1.019647777384916
4062.5			0.9153761958849388
4063.4			0.843254312293344
4064.3			0.8658553682969274
4065.2			0.9173416354473005
4066.1			0.9185374073260074
4067.0			0.9102280135283926
4067.9			0.9503790698516068
4068.8			1.0036704309072835
4069.7			1.0
4070.6			1.0
4071.5			1.0
4072.4			1.0
4073.3			1.067744816128244
4074.2			1.0822105762669247
4075.1			1.02621745717522
4076.0			0.9371963779225958
4076.9			0.8650208847258944
4077.8			0.8476127020236109
4078.7			0.8853119293390552
4079.6			0.9523847036025835
4080.5			1.0134218209249535
4081.4			1.0308155019034604
4082.3			0.9950893147189344
4083.2			1.0
4084.1			1.0
4085.0			1.0
4085.9			1.0
4086.8			1.0
4087.7			1.0
4088.6			1.0
4089.5			1.0
4090.4			1.0
4091.3			1.0
4092.2			1.0
4093.1			1.0174253041863626
4094.0			1.025458155840442
4094.9			0.9893749992476494
4095.8			0.9439123909714716
4096.7			0.9223670477134404
4097.6			0.9156375813521682
4098.5			0.9018110951119075
4099.4			0.854021096033389
4100.3			0.7542627159611195
4101.2			0.6559151958420789
4102.1			0.6471778439653628
4103.0			0.7346678481091098
4103.9			0.8424354137481836
4104.8			0.9208285312128891
4105.7			0.9659476250989129
4106.6			0.9874360126335215
4107.5			0.9954525604409434
4108.4			0.9936396500292201
4109.3			0.9891594242724366
4110.2			0.9903767035805362
4111.1			0.9992878826301257
4112.0			1.0
4112.9			1.0
4113.8			1.0
4114.7			1.0
4115.6			1.0
4116.5			1.0
4117.4			1.0
4118.3			1.0
4119.2			1.0
4120.1			1.0
4121.0			1.0
4121.9			0.9957674473249519
4122.8			0.9944315250802523
4123.7			1.010585387227771
4124.6			1.0317408451601058
4125.5			1.0343493138373532
4126.4			1.0136926946667175
4127.3			0.9925202085354633
4128.2			0.9965905678236395
4129.1			1.0256603044949313
4130.0			1.0435794019835893
4130.9			1.016275041704767
4131.8			0.9629368244290564
4132.7			0.9376988700730841
4133.6			0.9584696524371586
4134.5			1.0107029778868373
4135.4			1.0756639081996247
4136.3			1.12116200986235
4137.2			1.1402086720310924
4138.1			1.163654305644911
4139.0			1.0
4139.9			1.0065752736710065
4140.8			0.9927738354099773
4141.7			0.944869686602048
4142.6			0.8722937440248778
4143.5			1.0
4144.4			1.035215814153754
4145.3			1.1060964400223234
4146.2			1.1422300801113243
4147.1			1.1387220619580698
4148.0			1.1113437588652182
4148.9			1.0710662546936547
4149.8			1.044494641995555
4150.7			1.0469313126396564
4151.6			1.0490503253878987
4152.5			1.0254596505175682
4153.4			0.9832017022346153
4154.3			0.9495715706323068
4155.2			0.9462108887226902
4156.1			0.9528501013474551
4157.0			0.9635477205716806
4157.9			0.9857699879779105
4158.8			1.0041460273075205
4159.7			1.0041117773564991
4160.6			0.9916334172642732
4161.5			0.9911419399410577
4162.4			1.007481299291928
4163.3			1.0089291653315453
4164.2			1.0
4165.1			1.0009059488928949
4166.0			0.9912797944760934
4166.9			0.9615338775753275
4167.8			0.9500013600517555
4168.7			0.9785407274305523
4169.6			0.9977325468389968
4170.5			0.9657041577452298
4171.4			0.8951948639252969
4172.3			0.8365107940187523
4173.2			0.8349867346682515
4174.1			0.8801504775753195
4175.0			0.9314000324788768
4175.9			0.9601117192237599
4176.8			0.9548537609645716
4177.7			0.9433637760137655
4178.6			0.9653104158686924
4179.5			1.0099256658906826
4180.4			1.0273259338013927
4181.3			0.9961744687171733
4182.2			1.0
4183.1			1.0
4184.0			1.0
4184.9			1.0227891479185665
4185.8			1.0
4186.7			0.9437205429369763
4187.6			0.912088437409096
4188.5			0.9475100570254361
4189.4			0.9981564896388753
4190.3			1.0073728787214096
4191.2			1.0000347941668488
4192.1			1.0246099784839269
4193.0			1.0650708252368437
4193.9			1.0622195829188295
4194.8			1.0105571583381925
4195.7			0.9648674628078856
4196.6			0.9460915424822909
4197.5			0.9159274625777352
4198.4			0.8844071836705304
4199.3			0.8986715019652864
4200.2			0.9239795984417423
4201.1			0.9175660109005637
4202.0			0.9069442583501633
4202.9			0.923428364553254
4203.8			0.9472487977773444
4204.7			0.9603776852620307
4205.6			0.9742188583442897
4206.5			0.9942933911495119
4207.4			1.0158761616117282
4208.3			1.0243711576207233
4209.2			1.009780444759514
4210.1			0.999837644790444
4211.0			1.0
4211.9			1.0218787530680542
4212.8			1.0277775476552857
4213.7			1.0125014903687153
4214.6			0.9666284152330199
4215.5			0.9110329197126088
4216.4			0.896154733880676
4217.3			0.9242548790507434
4218.2			0.9485023818251749
4219.1			0.9619431089272512
4220.0			0.9836278382741488
4220.9			1.0
4221.8			0.9909392274592838
4222.7			0.9567070716823572
4223.6			0.9117698079848209
4224.5			0.8459100378540458
4225.4			0.7505524923591782
4226.3			0.6732580103636768
4227.2			0.7047474193386817
4228.1			1.0
4229.0			1.1229953288575927
4229.9			1.163904754551422
4230.8			1.165984017302931
4231.7			1.1417267849233952
4232.6			1.0943872220747628
4233.5			1.0688755353038364
4234.4			1.0638925470859046
4235.3			1.0226635396908483
4236.2			0.9700035185251641
4237.1			0.9674682924314429
4238.0			0.9887564605926484
4238.9			0.9905127938666562
4239.8			0.9990672903514015
4240.7			1.026666607467593
4241.6			1.0298528923333274
4242.5			1.0026529841320593
4243.4			1.0
4244.3			1.036841904166823
4245.2			1.0489840991391368
4246.1			1.018316893284104
4247.0			0.9729586997304007
4247.9			0.9455380486229565
4248.8			0.9313558179468919
4249.7			0.9252833831157232
4250.6			0.9596928934284037
4251.5			1.0323047750870291
4252.4			1.0757823781362756
4253.3			1.0505615637682975
4254.2			1.0004434211831352
4255.1			0.9997496360018813
4256.0			1.0
4256.9			1.042132185366771
4257.8			1.0129323674286057
4258.7			0.930018665122052
4259.6			0.8500378042174336
4260.5			0.8214207774376703
4261.4			0.8712161021061504
4262.3			0.9550751940340801
4263.2			1.0
4264.1			1.0068758968430125
4265.0			1.0130293124054894
4265.9			1.019652632629687
4266.8			0.9901119732704531
4267.7			0.9513345372238409
4268.6			0.939438996311311
4269.5			0.9160438419005148
4270.4			0.8466920422352423
4271.3			0.7829411983688146
4272.2			0.7942320989096534
4273.1			0.8396184832928053
4274.0			0.8492599796489965
4274.9			0.8555624433178755
4275.8			0.9144157052886479
4276.7			1.0
4277.6			1.0365830999071874
4278.5			1.0143564983508349
4279.4			0.9588107135012206
4280.3			0.9282392421709422
4281.2			0.9471266926139162
4282.1			0.9809366355594774
4283.0			1.0030936950584493
4283.9			1.0071087083120807
4284.8			0.971608962271106
4285.7			0.9282143297016555
4286.6			0.9274302400021777
4287.5			0.9421613139038973
4288.4			0.9190251976271883
4289.3			0.8653212160228344
4290.2			0.8455059187561466
4291.1			0.8953101979304963
4292.0			0.9777657487985907
4292.9			1.0282150119784497
4293.8			1.02155802556325
4294.7			0.9952113213001096
4295.6			0.9735801884136408
4296.5			0.9367197616745653
4297.4			0.8806190779165415
4298.3			0.8097768457076449
4299.2			0.7364655491843931
4300.1			0.7158033636799914
4301.0			0.7497563186453017
4301.9			0.7738780927982706
4302.8			0.7787844608640355
4303.7			0.7983174573448304
4304.6			0.8244213256654322
4305.5			0.8385021645422303
4306.4			0.828290397806688
4307.3			0.7729444522442975
4308.2			0.7170211072976886
4309.1			0.7253377479727189
4310.0			0.7717346274425623
4310.9			0.8168503168237038
4311.8			0.8666333384586421
4312.7			0.9310327735260384
4313.6			1.0032664232713164
4314.5			1.0861364629900496
4315.4			1.2010141246824375
4316.3			1.31634806979855
4317.2			1.3672979055912007
4318.1			1.3661774969534863
4319.0			1.3583401049422106
4319.9			1.0
4320.8			0.9786947730799582
4321.7			0.9490830494038593
4322.6			0.8876966335526777
4323.5			0.7986135707134753
4324.4			0.7258164644181941
4325.3			0.7082102478790725
4326.2			0.7681040452626465
4327.1			0.8789360392022496
4328.0			0.9725435733978879
4328.9			1.0097179772602647
4329.8			0.9990330750378494
4330.7			1.3678534241704678
4331.6			1.0
4332.5			1.0136383976018593
4333.4			1.0131185608830924
4334.3			1.0094479083686878
4335.2			0.9991253110499481
4336.1			0.9509296328947828
4337.0			0.8639584366379671
4337.9			0.7724939584235201
4338.8			0.6904844218791467
4339.7			0.6171484997957254
4340.6			0.6024583463064824
4341.5			0.6802447750937468
4342.4			0.7801581373223971
4343.3			0.8368729722915809
4344.2			0.8784900079180674
4345.1			0.9303011406616666
4346.0			0.9597462564790459
4346.9			0.961065496225832
4347.8			1.0
4348.7			1.029757178700592
4349.6			1.030969795207881
4350.5			0.9582093709666594
4351.4			0.8619911638267
4352.3			0.8417835844254637
4353.2			0.9066226241387967
4354.1			0.9643487994711104
4355.0			0.9811601106034622
4355.9			1.0000911218363646
4356.8			1.0
4357.7			1.0
4358.6			1.0
4359.5			1.0
4360.4			1.0
4361.3			1.0
4362.2			1.0
4363.1			1.0
4364.0			1.0
4364.9			1.0
4365.8			1.0
4366.7			1.0
4367.6			1.0
4368.5			1.0
4369.4			1.0
4370.3			0.9942918769739674
4371.2			0.9932582094386762
4372.1			0.9957502982929368
4373.0			1.0
4373.9			0.948648192621496
4374.8			0.9155802913527238
4375.7			0.9375386212264276
4376.6			0.9941506973106631
4377.5			1.0413979353830773
4378.4			1.0556949157915105
4379.3			1.046514157614095
4380.2			1.0425775617336257
4381.1			1.034331283245299
4382.0			0.954180292454672
4382.9			0.8062923524612856
4383.8			0.7202656678427709
4384.7			0.7668328686848871
4385.6			0.88002030068878
4386.5			0.9645000927957318
4387.4			0.9860417145936978
4388.3			0.975661938987359
4389.2			0.9614555410240571
4390.1			0.9549337326262977
4391.0			0.9660754056645405
4391.9			0.9912673477236558
4392.8			1.0097848022422462
4393.7			1.0000238918544764
4394.6			1.0
4395.5			1.0
4396.4			1.0
4397.3			1.0
4398.2			1.0016930087559874
4399.1			0.9598112594676391
4400.0			0.9051189918878298
4400.9			0.892265811961779
4401.8			0.9351290521789013
4402.7			0.960206543393241
4403.6			0.907246233579987
4404.5			0.8446828324226535
4405.4			0.8655001871278443
4406.3			0.9243598679886996
4407.2			0.9340948231100709
4408.1			0.911221175569567
4409.0			0.9192471036800728
4409.9			1.0
4410.8			1.035026269574145
4411.7			1.056230879465223
4412.6			1.0575802545152941
4413.5			1.0204143559864687
4414.4			0.9399783309818507
4415.3			0.8803918758862083
4416.2			0.8875532096628456
4417.1			0.9213922010808987
4418.0			0.947004220337917
4418.9			0.9769583733820143
4419.8			0.9963676391037236
4420.7			1.0
4421.6			1.0
4422.5			1.0
4423.4			1.0
4424.3			1.0
4425.2			1.0
4426.1			1.0
4427.0			1.0
4427.9			1.0244350000626024
4428.8			1.0349758564184535
4429.7			1.0119430200005255
4430.6			0.9894302280944732
4431.5			0.9992525845651258
4432.4			1.0106740329768313
4433.3			0.9944146889345528
4434.2			0.9590453764774624
4435.1			1.0
4436.0			1.0254140592208079
4436.9			1.0921254606423085
4437.8			1.1440248360400358
4438.7			1.1545732992649929
4439.6			1.1342088113531887
4440.5			1.095717301413877
4441.4			1.0440810290797122
4442.3			0.9932226261762425
4443.2			0.9802655043696181
4444.1			1.0174918235997343
4445.0			1.0687419540321486
4445.9			1.0864786179498864
4446.8			1.066099434475336
4447.7			1.0503880964098735
4448.6			1.05207405453216
4449.5			1.0423764354553438
4450.4			1.0222389640561091
4451.3			1.0239119899517168
4452.2			1.0345329061671957
4453.1			1.0121840738078056
4454.0			0.9467046645920484
4454.9			0.8896817966901704
4455.8			0.8866268205575124
4456.7			0.9108479863416501
4457.6			0.921857640795629
4458.5			0.9223251262622119
4459.4			0.9268868364381574
4460.3			0.9226436558634474
4461.2			0.9063083423695404
4462.1			0.9116367229875348
4463.0			0.9454902738623601
4463.9			0.9685419791681942
4464.8			0.9671366974598843
4465.7			0.9641251392706539
4466.6			0.9622506294043707
4467.5			0.9501799960196585
4468.4			0.9248542700115261
4469.3			0.9059288467105505
4470.2			0.9146416710027605
4471.1			0.9438629001533472
4472.0			0.9692095901765388
4472.9			0.9863387617254514
4473.8			0.9977356666433959
4474.7			1.0
4475.6			1.0
4476.5			1.0044106853089165
4477.4			1.0214460606488924
4478.3			1.0163522615431044
4479.2			1.0
4480.1			0.9396442180143324
4481.0			0.8968453469890646
4481.9			0.898084032261681
4482.8			0.9390062072751001
4483.7			0.9899585909419196
4484.6			1.0224624101556992
4485.5			1.0345732002084895
4486.4			1.0348298488821837
4487.3			1.0132912450107971
4488.2			0.9682293017280569
4489.1			0.9297917448733033
4490.0			0.9253835799713046
4490.9			0.9505635080103891
4491.8			0.9849516082754938
4492.7			0.9973460488274843
4493.6			0.977204976624934
4494.5			0.9519385034484147
4495.4			0.9467092266191359
4496.3			0.9598173774588405
4497.2			0.98615880860483
4498.1			1.0102305277545125
4499.0			1.0146652571488883
4499.9			0.9996198440740718
4500.8			1.0
4501.7			1.0
4502.6			1.0
4503.5			1.0
4504.4			1.0
4505.3			1.0
4506.2			1.0
4507.1			1.0
4508.0			1.0
4508.9			1.0
4509.8			1.0
4510.7			1.0
4511.6			1.0
4512.5			1.0
4513.4			1.0
4514.3			0.9855690418617006
4515.2			0.9912906867924447
4516.1			1.0015348812577058
4517.0			0.9963432573567899
4517.9			0.9880401395062937
4518.8			0.9946558270160818
4519.7			1.0099115433836439
4520.6			1.0183812236894911
4521.5			1.007332348618557
4522.4			0.9811779201757285
4523.3			0.9685025688434717
4524.2			0.967743559962847
4525.1			0.9513721076945708
4526.0			0.9265506810931262
4526.9			0.9061403304280484
4527.8			0.8875215474468912
4528.7			0.8754902872901879
4529.6			0.8824150382135582
4530.5			0.9007850646749994
4531.4			0.9220303434025897
4532.3			0.9329857528546108
4533.2			0.9116678525248185
4534.1			0.8799485808947373
4535.0			0.8716870258461479
4535.9			1.0
4536.8			1.0699775472294022
4537.7			1.116093389172522
4538.6			1.1125414594111562
4539.5			1.0802336501946077
4540.4			1.0498519673608302
4541.3			1.0432635984689174
4542.2			1.0629901717036179
4543.1			1.0737506621246193
4544.0			1.0507705796393216
4544.9			1.0166332766819681
4545.8			1.0030055721368178
4546.7			1.0039554748752673
4547.6			0.9922021794724278
4548.5			0.95556603098418
4549.4			0.9205249406135699
4550.3			0.9348504646278376
4551.2			0.9763840781040287
4552.1			0.9900470717442486
4553.0			0.9750363526833021
4553.9			0.9492696477230493
4554.8			0.9295003068996425
4555.7			0.9322216628190395
4556.6			0.959098349673367
4557.5			0.9859115425504441
4558.4			0.9946490000916877
4559.3			0.9991914773523723
4560.2			1.0080156747724547
4561.1			1.0102517307183339
4562.0			1.0012416735041818
4562.9			1.0
4563.8			1.0
4564.7			1.0
4565.6			1.0
4566.5			1.0
4567.4			1.0
4568.3			1.0
4569.2			1.0
4570.1			1.0
4571.0			1.0
4571.9			1.0
4572.8			1.0
4573.7			1.0
4574.6			1.0
4575.5			1.0
4576.4			1.0
4577.3			1.0
4578.2			1.0
4579.1			1.0
4580.0			1.0
4580.9			1.0
4581.8			1.0
4582.7			1.0
4583.6			1.0
4584.5			1.0
4585.4			1.0
4586.3			1.0
4587.2			1.0
4588.1			1.0
4589.0			1.0
4589.9			1.0
4590.8			1.0
4591.7			1.0
4592.6			1.0
4593.5			1.0
4594.4			1.0
4595.3			1.0
4596.2			1.0
4597.1			1.0
4598.0			1.0
4598.9			1.0
4599.8			1.0
4600.7			1.0
4601.6			1.0
4602.5			1.0
4603.4			1.0
4604.3			1.0
4605.2			1.0
4606.1			1.0
4607.0			1.0
4607.9			1.0
4608.8			1.0
4609.7			1.0
4610.6			1.0
4611.5			1.0
4612.4			1.0
4613.3			1.0
4614.2			1.0
4615.1			1.0
4616.0			1.0
4616.9			1.0
4617.8			1.0
4618.7			1.0
4619.6			1.0
4620.5			1.0
4621.4			1.0
4622.3			1.0
4623.2			1.0
4624.1			1.0
4625.0			1.0
4625.9			1.0
4626.8			1.0
4627.7			1.0
4628.6			1.0
4629.5			1.0
4630.4			1.0
4631.3			1.0
4632.2			0.9940162895067528
4633.1			0.9735517476204553
4634.0			0.9690583948877154
4634.9			0.9772394101434909
4635.8			0.980182418471336
4636.7			0.9707751802814953
4637.6			0.9587475455255087
4638.5			0.9575666634057685
4639.4			0.9645450843415171
4640.3			0.9779728507205675
4641.2			0.9968672549938683
4642.1			1.004193857495596
4643.0			0.996625002728705
4643.9			0.9903816053167112
4644.8			0.9795223646081386
4645.7			0.9560645332871179
4646.6			0.9317426838076158
4647.5			0.924257375979746
4648.4			0.9386442281702745
4649.3			0.9672271315569845
4650.2			0.9896082317420482
4651.1			0.9968879940540166
4652.0			1.0030193790166493
4652.9			1.006347084968423
4653.8			1.0
4654.7			0.9760434990079215
4655.6			0.9677802074778297
4656.5			0.9752285840837419
4657.4			1.0011212695409484
4658.3			1.0388091398707695
4659.2			1.0659575841674926
4660.1			1.072227579879301
4661.0			1.0550857777487768
4661.9			1.0310480988700477
4662.8			1.0144403116719451
4663.7			1.0100434115982804
4664.6			1.012050001890634
4665.5			0.9925789282407629
4666.4			0.9388034394924089
4667.3			0.8930710669947666
4668.2			0.9040125667677614
4669.1			0.9556875678212476
4670.0			1.00182842611646
4670.9			1.0298703326445648
4671.8			1.0345753057076916
4672.7			1.0239923365340462
4673.6			1.0243777340131293
4674.5			1.04254378488805
4675.4			1.0649497973724278
4676.3			1.075480183503903
4677.2			1.0593641615652014
4678.1			1.0249768859826098
4679.0			1.0041459164428896
4679.9			1.0011620469323557
4680.8			1.0
4681.7			1.0
4682.6			1.0
4683.5			1.0
4684.4			1.0
4685.3			1.0
4686.2			1.0
4687.1			1.0
4688.0			1.0
4688.9			1.0
4689.8			0.9883042331077745
4690.7			0.9756563954966238
4691.6			0.974327724503542
4692.5			0.9866230371087874
4693.4			1.0015171220320847
4694.3			1.0089606347957771
4695.2			1.0157548387942512
4696.1			1.0189040323122571
4697.0			1.0052291693818631
4697.9			0.9777506859559859
4698.8			0.9529844549451165
4699.7			0.9494205894109676
4700.6			0.9549927224041579
4701.5			0.9408920646791871
4702.4			0.9111937683477724
4703.3			0.9053665222235501
4704.2			0.9329765802151881
4705.1			0.9625016462126982
4706.0			0.9658213515195923
4706.9			0.9438008044043423
4707.8			0.9219991956788212
4708.7			0.9163433023152467
4709.6			0.9277054916392136
4710.5			0.9552769783560057
4711.4			0.9792790751931415
4712.3			0.9809658420041744
4713.2			0.9656052530507228
4714.1			0.9455879394805169
4715.0			0.946918477403568
4715.9			0.973928197279765
4716.8			0.9991853269018633
4717.7			1.0
4718.6			1.0
4719.5			1.0
4720.4			1.0
4721.3			1.0
4722.2			1.0
4723.1			1.0
4724.0			1.0
4724.9			1.0
4725.8			1.0
4726.7			1.0
4727.6			1.0
4728.5			1.0
4729.4			1.0
4730.3			1.0
4731.2			1.0
4732.1			1.0
4733.0			1.0
4733.9			1.0
4734.8			1.0
4735.7			1.0
4736.6			1.0
4737.5			1.0
4738.4			1.0
4739.3			1.0
4740.2			1.0
4741.1			1.0
4742.0			1.0
4742.9			1.0
4743.8			1.0
4744.7			1.0
4745.6			1.0
4746.5			1.0
4747.4			1.0
4748.3			1.0
4749.2			1.0
4750.1			1.0
4751.0			1.0
4751.9			1.0
4752.8			1.0
4753.7			1.0
4754.6			1.0
4755.5			1.0
4756.4			0.9981527994234526
4757.3			1.0031879929859924
4758.2			1.0155343699864818
4759.1			1.028554033212455
4760.0			1.03285507015212
4760.9			1.014635980249384
4761.8			0.9768659565216334
4762.7			0.9485833061919574
4763.6			0.9446008989857215
4764.5			0.9407578245010773
4765.4			0.931014142850512
4766.3			0.9317658521306339
4767.2			0.9465781599875583
4768.1			0.9670504110861864
4769.0			0.9879419482113411
4769.9			0.9988696814661453
4770.8			0.9857799659176961
4771.7			0.9652083692735486
4772.6			0.96399639376289
4773.5			0.9829400844991983
4774.4			0.999728624412023
4775.3			1.0
4776.2			1.0
4777.1			1.0
4778.0			1.0
4778.9			1.0
4779.8			1.0
4780.7			1.0
4781.6			1.0
4782.5			1.0
4783.4			1.0
4784.3			1.0
4785.2			1.0
4786.1			1.0
4787.0			1.0
4787.9			1.0
4788.8			1.0
4789.7			1.0
4790.6			1.0
4791.5			1.0
4792.4			1.0
4793.3			1.0
4794.2			1.0
4795.1			1.0
4796.0			1.0
4796.9			1.0
4797.8			1.0
4798.7			1.0
4799.6			1.0
4800.5			1.0
4801.4			1.0
4802.3			1.0
4803.2			1.0
4804.1			1.0
4805.0			1.0
4805.9			1.0
4806.8			1.0
4807.7			1.0
4808.6			1.0
4809.5			1.0
4810.4			1.0
4811.3			1.0
4812.2			1.0
4813.1			1.0
4814.0			1.0
4814.9			1.0
4815.8			1.0
4816.7			1.0
4817.6			1.0
4818.5			1.0
4819.4			1.0
4820.3			1.0
4821.2			1.0
4822.1			1.0
4823.0			1.0
4823.9			1.0
4824.8			1.0
4825.7			1.0
4826.6			1.0
4827.5			1.0
4828.4			1.0
4829.3			1.0
4830.2			1.0
4831.1			1.0
4832.0			1.0
4832.9			1.0
4833.8			1.0
4834.7			1.0
4835.6			1.0
4836.5			1.0
4837.4			1.0
4838.3			1.0
4839.2			1.0
4840.1			1.0
4841.0			1.0
4841.9			1.0
4842.8			1.0
4843.7			1.0
4844.6			1.0
4845.5			1.0
4846.4			1.0
4847.3			1.0
4848.2			1.0
4849.1			1.0
4850.0			1.0
4850.9			1.0113788963872001
4851.8			1.0091370824610235
4852.7			1.002599831414857
4853.6			0.9905487518787741
4854.5			0.9619716427401166
4855.4			0.9288859388671881
4856.3			0.9187110688802633
4857.2			0.9305656632690865
4858.1			0.9232683095754165
4859.0			0.8621445771117171
4859.9			0.7479573982998944
4860.8			0.6404614311135568
4861.7			0.6332880658995025
4862.6			0.7344243900461424
4863.5			0.8484090363235909
4864.4			0.9150952182626044
4865.3			0.9560740744322002
4866.2			0.993257215679394
4867.1			1.025477586389328
4868.0			1.0
4868.9			1.006599372684114
4869.8			0.9845734641154148
4870.7			0.9360208553872875
4871.6			0.9070660683669725
4872.5			0.929104256372818
4873.4			0.9734238596424196
4874.3			1.0001786847757905
4875.2			1.0
4876.1			1.0
4877.0			1.0
4877.9			1.0
4878.8			1.0
4879.7			1.0
4880.6			1.0
4881.5			1.0
4882.4			1.0
4883.3			1.0049027361334806
4884.2			0.9957326295893125
4885.1			0.9696769217071209
4886.0			0.9506317443276534
4886.9			0.950805924057442
4887.8			0.9574144425700988
4888.7			0.9539481737036841
4889.6			0.9323609540107668
4890.5			0.8968175061814725
4891.4			0.8878585225711381
4892.3			0.9320866182050331
4893.2			0.9917922403556987
4894.1			1.0266314384589024
4895.0			1.0370227050211667
4895.9			1.0373640311861592
4896.8			1.0361919215534598
4897.7			1.0362372287430834
4898.6			1.0232325248854883
4899.5			0.9998970267288843
4900.4			1.0
4901.3			1.0
4902.2			1.0
4903.1			1.0
4904.0			1.0
4904.9			1.0121486684149628
4905.8			1.030742023587931
4906.7			1.0325915491653008
4907.6			1.0119251630181478
4908.5			0.9806334524644806
4909.4			0.9485185193994589
4910.3			0.9269328607389741
4911.2			1.0
4912.1			1.0252332525194923
4913.0			1.045956852242616
4913.9			1.056586852633864
4914.8			1.0661932534552288
4915.7			1.069915406809094
4916.6			1.04650503280555
4917.5			0.9920014440924477
4918.4			0.9287173343429533
4919.3			0.8847518663474194
4920.2			0.875931067977053
4921.1			0.9036558352685914
4922.0			0.9468781171326898
4922.9			0.9618440180851301
4923.8			0.9474652056212516
4924.7			0.9479282269192744
4925.6			0.9749386891871186
4926.5			0.9966247742464284
4927.4			1.0001544934977136
4928.3			1.0033000171222681
4929.2			1.0
4930.1			1.0
4931.0			0.9990181142454746
4931.9			0.9860110292797943
4932.8			0.9483126759925076
4933.7			0.916719148995097
4934.6			0.9266825498937139
4935.5			0.9549295198489322
4936.4			0.9595933768953796
4937.3			0.935667766427228
4938.2			0.9051976272213542
4939.1			0.8985291394138523
4940.0			0.9343145512010737
4940.9			0.9817984586952612
4941.8			1.0037558404090607
4942.7			1.0111514259120722
4943.6			1.0208635222684224
4944.5			1.0176619206405275
4945.4			0.9981149129923164
4946.3			0.9878117349321167
4947.2			1.0000958239145088
4948.1			1.0
4949.0			1.0
4949.9			1.0
4950.8			1.0
4951.7			1.0
4952.6			1.0
4953.5			1.0
4954.4			1.0030138152213397
4955.3			0.9947653264674728
4956.2			0.9388334102084701
4957.1			0.8625764085633176
4958.0			0.8566942221353413
4958.9			0.9269229387022079
4959.8			0.9892832361971591
4960.7			1.0055839365132342
4961.6			0.9974077131862465
4962.5			1.0
4963.4			1.0
4964.3			1.0
4965.2			1.0
4966.1			1.0
4967.0			1.0
4967.9			1.0
4968.8			1.0
4969.7			1.0
4970.6			1.0
4971.5			1.0
4972.4			1.0
4973.3			1.0
4974.2			1.0
4975.1			1.0
4976.0			1.0
4976.9			0.9923323894332355
4977.8			0.9779415429410595
4978.7			0.9658888401543632
4979.6			0.963161830263993
4980.5			0.9528019134241298
4981.4			0.9207676141793277
4982.3			0.8810644822802945
4983.2			0.8609745264965153
4984.1			0.8716305975882265
4985.0			0.9002858922624497
4985.9			0.9411766872532393
4986.8			0.9868264636249231
4987.7			1.0135711948842292
4988.6			1.0130552050462616
4989.5			1.0013774065196726
4990.4			1.0
4991.3			1.0
4992.2			1.0
4993.1			1.0
4994.0			1.0
4994.9			1.0092173133754285
4995.8			1.02186730089391
4996.7			1.0210877997160661
4997.6			1.0094261093626211
4998.5			0.9909826170432889
4999.4			0.9692152425700967
5000.3			0.9547187082601417
5001.2			0.9490312046444576
5002.1			0.9532999853699446
5003.0			0.9670431965202433
5003.9			0.9719548291483746
5004.8			0.9450395989235915
5005.7			0.9037133910476245
5006.6			0.8966774898349728
5007.5			0.9334608736357658
5008.4			0.9750494789549303
5009.3			0.9933126563842443
5010.2			0.986178723753517
5011.1			0.9556030940220561
5012.0			0.916900889880652
5012.9			0.889985640963999
5013.8			0.8833348221726387
5014.7			0.9008408439348083
5015.6			0.9287437357033532
5016.5			0.930615620868063
5017.4			0.9031107834538215
5018.3			0.8885999119912598
5019.2			0.9134591093362969
5020.1			0.948739430777688
5021.0			0.9535909748648483
5021.9			0.9358109316798803
5022.8			0.9323564819018143
5023.7			0.9497496575290237
5024.6			0.9647051692536688
5025.5			0.9645622345301849
5026.4			0.9492912902921367
5027.3			0.9292049201600807
5028.2			0.9344874257642323
5029.1			0.9585075906202087
5030.0			0.9716215015335784
5030.9			0.9754686615888682
5031.8			1.0
5032.7			1.0178391828923596
5033.6			1.0242802382107192
5034.5			1.0009567211730994
5035.4			0.9584935743474539
5036.3			0.9466744973716765
5037.2			0.9676561807955738
5038.1			0.974171997922633
5039.0			0.9528673121235861
5039.9			0.9121294518785138
5040.8			0.870381557975131
5041.7			0.8798635411044278
5042.6			0.950091892557812
5043.5			1.0152984756745904
5044.4			1.047934034113006
5045.3			1.0695428342190234
5046.2			1.0814866456173904
5047.1			1.064575824585571
5048.0			1.0260523714825567
5048.9			0.9999222917751138
5049.8			1.0
5050.7			1.0
5051.6			1.0
5052.5			1.0
5053.4			1.0
5054.3			1.0
5055.2			1.0
5056.1			1.0
5057.0			1.0
5057.9			1.0
5058.8			1.0
5059.7			1.0
5060.6			1.0
5061.5			1.0
5062.4			1.0
5063.3			1.0
5064.2			1.0
5065.1			1.0
5066.0			1.0
5066.9			1.0
5067.8			1.0
5068.7			1.0
5069.6			1.0
5070.5			1.0
5071.4			1.0
5072.3			1.0
5073.2			1.0
5074.1			1.0063653862799065
5075.0			1.0043385887120233
5075.9			1.005287148975724
5076.8			1.0140772346666476
5077.7			1.003074956833051
5078.6			0.9512131098435226
5079.5			0.8986681202847888
5080.4			0.8947146240729512
5081.3			0.9279004697480955
5082.2			0.9517586880870668
5083.1			0.9547885599280297
5084.0			0.9635432539667566
5084.9			0.9878582374413155
5085.8			1.0051404630958476
5086.7			1.0005381646858602
5087.6			1.0
5088.5			1.0
5089.4			1.0
5090.3			1.0
5091.2			1.0
5092.1			1.0
5093.0			1.0
5093.9			1.0
5094.8			1.0019106290066124
5095.7			0.9899335652962327
5096.6			0.9578682316499392
5097.5			0.9175799524552192
5098.4			0.8885481422950382
5099.3			0.8914072896009217
5100.2			0.932967326088607
5101.1			0.9847558953687455
5102.0			1.0100560111791148
5102.9			1.0082271400717229
5103.8			0.9997304562857066
5104.7			1.0
5105.6			1.0
5106.5			1.0
5107.4			1.0
5108.3			1.0
5109.2			1.0
5110.1			1.0
5111.0			1.0
5111.9			1.0
5112.8			1.0
5113.7			1.0
5114.6			1.0
5115.5			1.0
5116.4			1.0
5117.3			1.0
5118.2			1.0
5119.1			1.0
5120.0			1.0
5120.9			1.0
5121.8			1.0
5122.7			1.0
5123.6			1.0
5124.5			1.0
5125.4			1.0
5126.3			1.0
5127.2			1.0
5128.1			1.0
5129.0			1.0
5129.9			1.0
5130.8			1.0
5131.7			1.0
5132.6			1.0
5133.5			1.0
5134.4			1.0
5135.3			1.0
5136.2			1.0
5137.1			1.0
5138.0			1.0
5138.9			1.0
5139.8			1.0
5140.7			1.0
5141.6			1.0
5142.5			1.0
5143.4			1.0
5144.3			1.0
5145.2			1.0
5146.1			1.0
5147.0			1.0
5147.9			1.0
5148.8			1.0
5149.7			1.0
5150.6			1.0
5151.5			1.0
5152.4			1.0
5153.3			1.0
5154.2			1.0
5155.1			1.0
5156.0			1.0
5156.9			1.0
5157.8			1.0
5158.7			1.0
5159.6			1.0
5160.5			1.0
5161.4			1.0
5162.3			1.0
5163.2			0.9991300301246255
5164.1			0.9951877455695644
5165.0			0.959711105514802
5165.9			0.8889965087643501
5166.8			0.8061428453243837
5167.7			0.7688449512707917
5168.6			0.8097697478450744
5169.5			0.887918398248962
5170.4			0.9185140473153691
5171.3			0.8519627498472627
5172.2			0.7598333984876741
5173.1			0.7657930119001778
5174.0			0.8803499522588811
5174.9			0.995935026007953
5175.8			1.0420071912807094
5176.7			1.0444964631187512
5177.6			1.0486364092916043
5178.5			1.0545587923246937
5179.4			1.0
5180.3			0.9937408289711674
5181.2			0.9615506747219992
5182.1			0.8687123901662943
5183.0			0.746612398612125
5183.9			0.7091824766913393
5184.8			0.8030657924456727
5185.7			0.929200048123857
5186.6			0.992531324643459
5187.5			0.9954242418818939
5188.4			1.0
5189.3			1.0
5190.2			1.0
5191.1			1.0
5192.0			1.0
5192.9			1.0
5193.8			1.0
5194.7			1.0
5195.6			1.0
5196.5			1.0
5197.4			1.0
5198.3			1.0
5199.2			1.0
5200.1			1.0
5201.0			1.0
5201.9			1.0
5202.8			1.0
5203.7			1.0
5204.6			1.0
5205.5			1.0
5206.4			1.0
5207.3			1.0
5208.2			1.0
5209.1			1.0
5210.0			1.0
5210.9			1.0
5211.8			1.0
5212.7			1.0
5213.6			1.0
5214.5			1.0
5215.4			1.0
5216.3			1.0
5217.2			1.0
5218.1			1.0
5219.0			1.0
5219.9			1.0
5220.8			1.0
5221.7			1.0
5222.6			0.9951898934537322
5223.5			0.9837880092906538
5224.4			0.9591420984989261
5225.3			0.9152701252420509
5226.2			0.8635766296428908
5227.1			0.8515994497653194
5228.0			0.9006672506939953
5228.9			0.9583648140076477
5229.8			0.9890146580465558
5230.7			1.0022622680217073
5231.6			0.9955077793117477
5232.5			1.0
5233.4			1.0
5234.3			1.0
5235.2			1.0
5236.1			1.0
5237.0			1.0
5237.9			1.0
5238.8			1.0
5239.7			1.0
5240.6			1.0
5241.5			1.0
5242.4			1.0
5243.3			1.0
5244.2			1.0
5245.1			1.0
5246.0			1.0
5246.9			1.0
5247.8			1.0
5248.7			1.0
5249.6			1.0
5250.5			1.0
5251.4			1.0
5252.3			1.0
5253.2			1.0
5254.1			0.9856616443220877
5255.0			0.9795596117047063
5255.9			0.9993947777037233
5256.8			1.03001945648296
5257.7			1.0472653498819096
5258.6			1.0510736850274245
5259.5			1.047166952899976
5260.4			1.0257977747517582
5261.3			0.9822203896458341
5262.2			0.9358181497567122
5263.1			0.9057008653605733
5264.0			0.8892053887708283
5264.9			0.874851584592971
5265.8			0.8745968300030537
5266.7			0.9090475795586255
5267.6			0.9450522005624544
5268.5			0.9211436824238064
5269.4			0.8656759744282884
5270.3			0.8686690431833954
5271.2			0.932865983927228
5272.1			0.9797722195543989
5273.0			0.9805405266578883
5273.9			0.9676188491673352
5274.8			0.9557776631667962
5275.7			0.9565064914155745
5276.6			0.9923597332059496
5277.5			1.0408904407783837
5278.4			1.0615532527333993
5279.3			1.0503467965108955
5280.2			1.0288941286142368
5281.1			1.0096127198196607
5282.0			0.9935066668318964
5282.9			0.9762723424482681
5283.8			0.9713475693575746
5284.7			0.9999641077167815
5285.6			1.0
5286.5			1.0
5287.4			1.0
5288.3			1.0
5289.2			1.0
5290.1			1.0
5291.0			1.004920346124901
5291.9			0.9986334890818401
5292.8			0.9893178874349534
5293.7			0.9860197505433078
5294.6			0.984086517366527
5295.5			0.9693880668478668
5296.4			0.937793641384261
5297.3			0.9030036742269989
5298.2			0.8966219037541474
5299.1			0.9260109967092153
5300.0			0.9568146265779576
5300.9			0.9610394713237523
5301.8			0.9540321230433796
5302.7			0.9628351106226907
5303.6			0.9860867683436468
5304.5			1.0027740366313684
5305.4			1.0003741515737201
5306.3			1.0
5307.2			1.0
5308.1			1.0
5309.0			1.0
5309.9			1.0
5310.8			1.0
5311.7			1.0
5312.6			1.0
5313.5			1.0
5314.4			1.0
5315.3			1.0
5316.2			1.0
5317.1			1.0
5318.0			1.0
5318.9			1.0
5319.8			1.0
5320.7			0.9958902709308972
5321.6			0.9921632899881373
5322.5			0.9773792030587598
5323.4			0.9497959994089015
5324.3			0.9351887456371138
5325.2			0.9472027372077452
5326.1			0.9512107418967003
5327.0			0.9103685938938177
5327.9			0.8523560447372153
5328.8			0.8509723274298242
5329.7			0.9140783589044015
5330.6			0.9779348765814353
5331.5			0.9991556426667993
5332.4			0.9899897659217752
5333.3			0.9863649335187925
5334.2			1.000658481121318
5335.1			1.0131090044193753
5336.0			1.0082521837387137
5336.9			1.0006790709316626
5337.8			1.0
5338.7			1.0
5339.6			1.0
5340.5			1.0
5341.4			1.0
5342.3			1.0
5343.2			1.0
5344.1			1.0
5345.0			1.0
5345.9			1.0
5346.8			1.0
5347.7			1.0
5348.6			1.0
5349.5			1.0
5350.4			1.0
5351.3			1.0
5352.2			1.0
5353.1			1.0
5354.0			1.0
5354.9			1.0
5355.8			1.0
5356.7			1.0
5357.6			1.0
5358.5			1.0
5359.4			1.0
5360.3			0.9929194769810136
5361.2			0.9789675602258667
5362.1			0.965354028490387
5363.0			0.9581002943278568
5363.9			0.9506368722509125
5364.8			0.9411089204053384
5365.7			0.9407986576990909
5366.6			0.9493923420586976
5367.5			0.956244784772038
5368.4			0.9531789505656771
5369.3			0.9364833810336437
5370.2			0.9124779781089841
5371.1			0.9056465368115574
5372.0			0.9314267084480317
5372.9			0.9745151367487814
5373.8			1.0067992567474766
5374.7			1.0234818582019118
5375.6			1.0321045862083444
5376.5			1.0310661270771209
5377.4			1.025365756125145
5378.3			1.0189389422654873
5379.2			1.0110056151785358
5380.1			1.0025608525520902
5381.0			1.0012748484582283
5381.9			1.0014217181693177
5382.8			1.0
5383.7			1.0
5384.6			1.0
5385.5			1.0
5386.4			1.0
5387.3			1.0
5388.2			1.0
5389.1			1.0
5390.0			1.0
5390.9			1.0
5391.8			1.0
5392.7			1.0
5393.6			1.0
5394.5			1.0
5395.4			0.9992056172552427
5396.3			0.9774863036378512
5397.2			0.9592782858931689
5398.1			0.9698022520504712
5399.0			0.9932031571108555
5399.9			1.0031078926498167
5400.8			1.0061101341415406
5401.7			1.014493863171188
5402.6			1.005618544851047
5403.5			0.968351556981252
5404.4			0.9311973522076891
5405.3			0.9227121035857698
5406.2			0.9457631421922952
5407.1			0.9821761886649722
5408.0			1.0015100482945316
5408.9			0.9890679671168107
5409.8			0.967774970127739
5410.7			0.969865251290124
5411.6			0.9972020798351886
5412.5			1.0214762902137124
5413.4			1.0209567591717474
5414.3			1.0054367156453332
5415.2			1.0000441303647338
5416.1			1.0
5417.0			1.0
5417.9			1.0
5418.8			1.0
5419.7			1.0
5420.6			1.0
5421.5			1.0
5422.4			1.0
5423.3			1.0
5424.2			1.0
5425.1			1.0
5426.0			1.0
5426.9			1.0
5427.8			1.0
5428.7			1.0
5429.6			1.0
5430.5			1.0
5431.4			1.0
5432.3			1.0
5433.2			1.0
5434.1			1.0
5435.0			1.0
5435.9			1.0
5436.8			1.0
5437.7			1.0
5438.6			1.0
5439.5			1.0
5440.4			1.0
5441.3			1.0
5442.2			1.0
5443.1			0.996533139682957
5444.0			0.9791528331572723
5444.9			0.9467043989457766
5445.8			0.9119614153331601
5446.7			0.9006599175884041
5447.6			0.9282535511260531
5448.5			0.9716693356185794
5449.4			0.9967044836764516
5450.3			0.9995661676774531
5451.2			1.0
5452.1			1.0
5453.0			1.0
5453.9			1.0
5454.8			1.0
5455.7			1.0
5456.6			1.0
5457.5			1.0
5458.4			1.0
5459.3			1.0
5460.2			1.0
5461.1			1.0
5462.0			1.0
5462.9			1.0
5463.8			1.0
5464.7			1.0
5465.6			1.0
5466.5			1.0
5467.4			1.0
5468.3			1.0
5469.2			1.0
5470.1			1.0
5471.0			1.000275440389501
5471.9			0.9960031277095649
5472.8			0.986240026856653
5473.7			0.9799820036840822
5474.6			0.9750141645316088
5475.5			0.9507375312017828
5476.4			0.9219094718374328
5477.3			0.9312659130741637
5478.2			0.9767560845490594
5479.1			1.0119927236687773
5480.0			1.011193736435835
5480.9			0.9977937549326666
5481.8			0.999289774895754
5482.7			1.0
5483.6			1.0
5484.5			1.0
5485.4			1.0
5486.3			1.0
5487.2			1.0
5488.1			1.0
5489.0			1.0
5489.9			1.0
5490.8			1.0
5491.7			1.0
5492.6			1.0
5493.5			1.0
5494.4			1.0
5495.3			1.0
5496.2			1.0
5497.1			1.0
5498.0			1.0
5498.9			1.0
5499.8			1.0
5500.7			1.0
5501.6			1.0
5502.5			1.0
5503.4			1.0
5504.3			1.0
5505.2			1.0
5506.1			1.0
5507.0			1.0
5507.9			1.0
5508.8			1.0
5509.7			1.0
5510.6			1.0
5511.5			1.0
5512.4			1.0
5513.3			1.0
5514.2			1.0
5515.1			1.0
5516.0			1.0
5516.9			1.0
5517.8			1.0
5518.7			1.0
5519.6			1.0
5520.5			1.0
5521.4			1.0
5522.3			1.0
5523.2			1.0
5524.1			1.0
5525.0			1.0
5525.9			1.0
5526.8			1.0
5527.7			1.0
5528.6			1.0
5529.5			1.0
5530.4			1.0
5531.3			1.0
5532.2			1.0
5533.1			1.0
5534.0			1.0
5534.9			1.0
5535.8			1.0
5536.7			1.0
5537.6			1.0
5538.5			1.0
5539.4			1.0
5540.3			1.0
5541.2			1.0
5542.1			1.0
5543.0			1.0
5543.9			1.0
5544.8			1.0
5545.7			1.0
5546.6			1.0
5547.5			1.0
5548.4			1.0
5549.3			1.0
5550.200000000001			1.0
5551.1			1.0
5552.0			1.0
5552.9			1.0
5553.8			1.0
5554.700000000001			1.0
5555.6			1.0
5556.5			1.0
5557.4			1.0
5558.3			1.0
5559.200000000001			1.0
5560.1			1.0
5561.0			1.0
5561.9			1.0
5562.8			1.0
5563.700000000001			1.0
5564.6			1.0
5565.5			1.0
5566.4			1.0
5567.3			1.0
5568.200000000001			1.0
5569.1			1.0
5570.0			1.0
5570.9			1.0
5571.8			1.0
5572.700000000001			1.0
5573.6			1.0
5574.5			1.0
5575.4			1.0
5576.3			1.0
5577.200000000001			1.0043576455954344
5578.1			1.011213201847557
5579.0			1.0159772855719174
5579.9			1.0166544297388045
5580.8			1.0104662300684124
5581.700000000001			1.0047654848188714
5582.6			1.0117219176626107
5583.5			1.0232642552435107
5584.4			1.021202115862497
5585.3			0.9965805669781573
5586.200000000001			0.958761346493338
5587.1			0.9335181694101551
5588.0			0.9336879845487464
5588.9			0.9513282186678127
5589.8			0.9751075333618733
5590.700000000001			0.99619167972965
5591.6			1.0037974108495467
5592.5			0.9965539235459032
5593.4			0.9837060912295433
5594.3			0.9805993614167665
5595.200000000001			1.0021085174741806
5596.1			1.030109072938356
5597.0			1.0333959939192654
5597.9			1.0125476651189043
5598.8			0.9999461851350585
5599.700000000001			1.0
5600.6			1.0
5601.5			1.0
5602.4			1.0
5603.3			1.0
5604.200000000001			1.0
5605.1			1.0
5606.0			1.0
5606.9			1.0
5607.8			1.0
5608.700000000001			1.0
5609.6			1.0
5610.5			1.0
5611.4			1.0
5612.3			1.0
5613.200000000001			1.0
5614.1			1.0
5615.0			1.0
5615.9			1.0
5616.8			1.0
5617.700000000001			1.0
5618.6			1.0
5619.5			1.0
5620.4			1.0
5621.3			1.0
5622.200000000001			1.0
5623.1			1.0
5624.0			1.0
5624.9			1.0
5625.8			1.0
5626.700000000001			1.0
5627.6			1.0
5628.5			1.0
5629.4			1.0
5630.3			1.0
5631.200000000001			1.0
5632.1			1.0
5633.0			1.0
5633.9			1.0
5634.8			1.0
5635.700000000001			1.0
5636.6			1.0
5637.5			1.0
5638.4			1.0
5639.3			1.0
5640.200000000001			1.0
5641.1			1.0
5642.0			1.0
5642.9			1.0
5643.8			1.0
5644.700000000001			1.0
5645.6			1.0
5646.5			1.0
5647.4			1.0
5648.3			1.0
5649.200000000001			1.0
5650.1			1.0
5651.0			1.0
5651.9			1.0
5652.8			1.0
5653.700000000001			1.0
5654.6			1.0
5655.5			1.0
5656.4			1.0
5657.3			1.0
5658.200000000001			1.0
5659.1			1.0
5660.0			1.0
5660.9			1.0
5661.8			1.0
5662.700000000001			1.0
5663.6			1.0
5664.5			1.0
5665.4			1.0
5666.3			1.0
5667.200000000001			1.0
5668.1			1.0
5669.0			1.0
5669.9			1.0
5670.8			1.0
5671.700000000001			1.0
5672.6			1.0
5673.5			1.0
5674.4			1.0
5675.3			1.0
5676.200000000001			1.0
5677.1			1.0
5678.0			1.0
5678.9			1.0
5679.8			1.0
5680.700000000001			1.0
5681.6			1.0
5682.5			1.0
5683.4			1.0
5684.3			1.0
5685.200000000001			1.0
5686.1			1.0
5687.0			1.0
5687.9			1.0
5688.8			1.0
5689.700000000001			1.0
5690.6			1.0
5691.5			1.0
5692.4			1.0
5693.3			1.0
5694.200000000001			1.0
5695.1			1.0
5696.0			1.0
5696.9			1.0
5697.8			1.0
5698.700000000001			1.0
5699.6			1.0
5700.5			1.0
5701.4			1.0
5702.3			1.0
5703.200000000001			1.0
5704.1			1.0
5705.0			1.0
5705.9			1.0
5706.8			1.0
5707.700000000001			1.0
5708.6			1.0
5709.5			1.0
5710.4			1.0
5711.3			1.0
5712.200000000001			1.0
5713.1			1.0
5714.0			1.0
5714.9			1.0
5715.8			1.0
5716.700000000001			1.0
5717.6			1.0
5718.5			1.0
5719.4			1.0
5720.3			1.0
5721.200000000001			1.0
5722.1			1.0
5723.0			1.0
5723.9			1.0
5724.8			1.0
5725.700000000001			1.0
5726.6			1.0
5727.5			1.0
5728.4			1.0
5729.3			1.0
5730.200000000001			1.0
5731.1			1.0
5732.0			1.0
5732.9			1.0
5733.8			1.0
5734.700000000001			1.0
5735.6			1.0
5736.5			1.0
5737.4			1.0
5738.3			1.0
5739.200000000001			1.0
5740.1			1.0
5741.0			1.0
5741.9			1.0
5742.8			1.0
5743.700000000001			1.0
5744.6			1.0
5745.5			1.0
5746.4			1.0
5747.3			1.0
5748.200000000001			1.0
5749.1			1.0
5750.0			1.0
5750.9			1.0
5751.8			1.0
5752.700000000001			1.0
5753.6			1.0
5754.5			1.0
5755.4			1.0
5756.3			1.0
5757.200000000001			1.0
5758.1			1.0
5759.0			1.0
5759.9			1.0
5760.8			1.0
5761.700000000001			1.0
5762.6			1.0
5763.5			1.0
5764.4			1.0
5765.3			1.0
5766.200000000001			1.0
5767.1			1.0
5768.0			1.0
5768.9			1.0
5769.8			1.0
5770.700000000001			1.0
5771.6			1.0
5772.5			1.0
5773.4			1.0
5774.3			1.0
5775.200000000001			1.0
5776.1			1.0
5777.0			1.0
5777.9			1.0
5778.8			1.0
5779.700000000001			1.0
5780.6			1.0
5781.5			1.0
5782.4			1.0
5783.3			1.0
5784.200000000001			1.0
5785.1			1.0
5786.0			1.0
5786.9			1.0
5787.8			1.0
5788.700000000001			1.0
5789.6			1.0
5790.5			1.0
5791.4			1.0
5792.3			1.0
5793.200000000001			1.0
5794.1			1.0
5795.0			1.0
5795.9			1.0
5796.8			1.0
5797.700000000001			1.0
5798.6			1.0
5799.5			1.0
5800.4			1.0
5801.3			1.0
5802.200000000001			1.0
5803.1			1.0
5804.0			1.0
5804.9			1.0
5805.8			1.0
5806.700000000001			1.0
5807.6			1.0
5808.5			1.0
5809.4			1.0
5810.3			1.0
5811.200000000001			1.0
5812.1			1.0
5813.0			1.0
5813.9			1.0
5814.8			1.0
5815.700000000001			1.0
5816.6			1.0
5817.5			1.0
5818.4			1.0
5819.3			1.0
5820.200000000001			1.0
5821.1			1.0
5822.0			1.0
5822.9			1.0
5823.8			1.0
5824.700000000001			1.0
5825.6			1.0
5826.5			1.0
5827.4			1.0
5828.3			1.0
5829.200000000001			1.0
5830.1			1.0
5831.0			1.0
5831.9			1.0
5832.8			1.0
5833.700000000001			1.0
5834.6			1.0
5835.5			1.0
5836.4			1.0
5837.3			1.0
5838.200000000001			1.0
5839.1			1.0
5840.0			1.0
5840.9			1.0
5841.8			1.0
5842.700000000001			1.0
5843.6			1.0
5844.5			1.0
5845.4			1.0
5846.3			1.0
5847.200000000001			1.0
5848.1			1.0
5849.0			1.0
5849.9			1.0
5850.8			1.0
5851.700000000001			1.0
5852.6			1.0
5853.5			1.0
5854.4			1.0
5855.3			1.0
5856.200000000001			1.0
5857.1			1.0
5858.0			1.0
5858.9			1.0
5859.8			1.0
5860.700000000001			1.0
5861.6			1.0
5862.5			1.0
5863.4			1.0
5864.3			1.0
5865.200000000001			1.0
5866.1			1.0
5867.0			1.0
5867.9			1.0
5868.8			1.0
5869.700000000001			1.0
5870.6			1.0
5871.5			1.0
5872.4			1.0
5873.3			1.0
5874.200000000001			1.0
5875.1			1.0
5876.0			1.0
5876.9			1.0
5877.8			1.0
5878.700000000001			1.0
5879.6			1.0
5880.5			1.0
5881.4			1.0
5882.3			1.0
5883.200000000001			1.0
5884.1			1.0
5885.0			1.0
5885.9			1.0172279098415173
5886.8			1.029158020548539
5887.700000000001			1.0159057800419944
5888.6			0.9576926437852323
5889.5			0.8927754551465101
5890.4			0.8936800219291136
5891.3			0.960750326604427
5892.200000000001			1.0245075751355717
5893.1			1.052994135491941
5894.0			1.0479853723052113
5894.9			1.0079033799568866
5895.8			1.0
5896.700000000001			1.0
5897.6			1.0
5898.5			1.0
5899.4			1.0
5900.3			1.0
5901.200000000001			1.0
5902.1			1.0
5903.0			1.0
5903.9			1.0
5904.8			1.0
5905.700000000001			1.0
5906.6			1.0
5907.5			1.0
5908.4			1.0
5909.3			1.0
5910.200000000001			1.0
5911.1			1.0
5912.0			1.0
5912.9			1.0
5913.8			1.0
5914.700000000001			1.0
5915.6			1.0
5916.5			1.0
5917.4			1.0
5918.3			1.0
5919.200000000001			1.0
5920.1			1.0
5921.0			1.0
5921.9			1.0
5922.8			1.0
5923.700000000001			1.0
5924.6			1.0
5925.5			1.0
5926.4			1.0
5927.3			1.0
5928.200000000001			1.0
5929.1			1.0
5930.0			1.0
5930.9			1.0
5931.8			1.0
5932.700000000001			1.0
5933.6			1.0
5934.5			1.0
5935.4			1.0
5936.3			1.0
5937.200000000001			1.0
5938.1			1.0
5939.0			1.0
5939.9			1.0
5940.8			1.0
5941.700000000001			1.0
5942.6			1.0
5943.5			1.0
5944.4			1.0
5945.3			1.0
5946.200000000001			1.0
5947.1			1.0
5948.0			1.0
5948.9			1.0
5949.8			1.0
5950.700000000001			1.0
5951.6			1.0
5952.5			1.0
5953.4			1.0
5954.3			1.0
5955.200000000001			1.0
5956.1			1.0
5957.0			1.0
5957.9			1.0
5958.8			1.0
5959.700000000001			1.0
5960.6			1.0
5961.5			1.0
5962.4			1.0
5963.3			1.0
5964.200000000001			1.0
5965.1			1.0
5966.0			1.0
5966.9			1.0
5967.8			1.0
5968.700000000001			1.0
5969.6			1.0
5970.5			1.0
5971.4			1.0
5972.3			1.0
5973.200000000001			1.0
5974.1			1.0
5975.0			1.0
5975.9			1.0
5976.8			1.0
5977.700000000001			1.0
5978.6			1.0
5979.5			1.0
5980.4			1.0
5981.3			1.0
5982.200000000001			1.0
5983.1			1.0
5984.0			1.0
5984.9			1.0
5985.8			1.0
5986.700000000001			1.0
5987.6			1.0
5988.5			1.0
5989.4			1.0
5990.3			1.0
5991.200000000001			1.0
5992.1			1.0
5993.0			1.0
5993.9			1.0
5994.8			1.0
5995.700000000001			1.0
5996.6			1.0
5997.5			1.0
5998.4			1.0
5999.3			1.0
6000.200000000001			1.0
6001.1			1.0
6002.0			1.0
6002.9			1.0
6003.8			1.0
6004.700000000001			1.0
6005.6			1.0
6006.5			1.0
6007.4			1.0
6008.3			1.0
6009.200000000001			1.0
6010.1			1.0
6011.0			1.0
6011.9			1.0
6012.8			1.0
6013.700000000001			1.0
6014.6			1.0
6015.5			1.0
6016.4			1.0
6017.3			1.0
6018.200000000001			1.0
6019.1			1.0
6020.0			1.0
6020.9			1.0
6021.8			1.0
6022.700000000001			1.0
6023.6			1.0
6024.5			1.0
6025.4			1.0
6026.3			1.0
6027.200000000001			1.0
6028.1			1.0
6029.0			1.0
6029.9			1.0
6030.8			1.0
6031.700000000001			1.0
6032.6			1.0
6033.5			1.0
6034.4			1.0
6035.3			1.0
6036.200000000001			1.0
6037.1			1.0
6038.0			1.0
6038.9			1.0
6039.8			1.0
6040.700000000001			1.0
6041.6			1.0
6042.5			1.0
6043.4			1.0
6044.3			1.0
6045.200000000001			1.0
6046.1			1.0
6047.0			1.0
6047.9			1.0
6048.8			1.0
6049.700000000001			1.0
6050.6			1.0
6051.5			1.0
6052.4			1.0
6053.3			1.0
6054.200000000001			1.0
6055.1			1.0
6056.0			1.0
6056.9			1.0
6057.8			1.0
6058.700000000001			1.0
6059.6			1.0
6060.5			1.0
6061.4			1.0
6062.3			1.0
6063.200000000001			1.0
6064.1			1.0
6065.0			1.0
6065.9			1.0
6066.8			1.0
6067.700000000001			1.0
6068.6			1.0
6069.5			1.0
6070.4			1.0
6071.3			1.0
6072.200000000001			1.0
6073.1			1.0
6074.0			1.0
6074.9			1.0
6075.8			1.0
6076.700000000001			1.0
6077.6			1.0
6078.5			1.0
6079.4			1.0
6080.3			1.0
6081.200000000001			1.0
6082.1			1.0
6083.0			1.0
6083.9			1.0
6084.8			1.0
6085.700000000001			1.0
6086.6			1.0
6087.5			1.0
6088.4			1.0
6089.3			1.0
6090.200000000001			1.0
6091.1			1.0
6092.0			1.0
6092.9			1.0
6093.8			1.0
6094.700000000001			1.0
6095.6			1.0
6096.5			1.0
6097.4			1.0
6098.3			1.0
6099.200000000001			1.0
6100.1			1.0
6101.0			1.0
6101.9			1.0
6102.8			1.0
6103.700000000001			1.0
6104.6			1.0
6105.5			1.0
6106.4			1.0
6107.3			1.0
6108.200000000001			1.0
6109.1			1.0
6110.0			1.0
6110.9			1.0
6111.8			1.0
6112.700000000001			1.0
6113.6			1.0
6114.5			1.0
6115.4			1.0
6116.3			1.0
6117.200000000001			1.0
6118.1			1.0
6119.0			1.0
6119.9			1.0
6120.8			1.0
6121.700000000001			1.0
6122.6			1.0
6123.5			1.0
6124.4			1.0
6125.3			1.0
6126.200000000001			1.0
6127.1			1.0
6128.0			1.0
6128.9			1.0
6129.8			1.0
6130.700000000001			1.0
6131.6			1.0
6132.5			1.0
6133.4			1.0
6134.3			1.0
6135.200000000001			1.0
6136.1			1.0
6137.0			1.0
6137.9			1.0
6138.8			1.0
6139.700000000001			1.0
6140.6			1.0
6141.5			1.0
6142.4			1.0
6143.3			1.0
6144.200000000001			1.0
6145.1			1.0
6146.0			1.0
6146.9			1.0
6147.8			1.0
6148.700000000001			1.0
6149.6			1.0
6150.5			1.0
6151.4			1.0
6152.3			1.0
6153.200000000001			1.0
6154.1			1.0
6155.0			1.0
6155.9			1.0
6156.8			1.0
6157.700000000001			1.0
6158.6			1.0
6159.5			1.0
6160.4			1.0
6161.3			1.0
6162.200000000001			1.0
6163.1			1.0
6164.0			1.0
6164.9			1.0
6165.8			1.0
6166.700000000001			1.0
6167.6			1.0
6168.5			1.0
6169.4			1.0
6170.3			1.0
6171.200000000001			1.0
6172.1			1.0
6173.0			1.0
6173.9			1.0
6174.8			1.0
6175.700000000001			1.0
6176.6			1.0
6177.5			1.0
6178.4			1.0
6179.3			1.0
6180.200000000001			1.0
6181.1			1.0
6182.0			1.0
6182.9			1.0
6183.8			1.0
6184.700000000001			1.0
6185.6			1.0
6186.5			1.0
6187.4			1.0
6188.3			1.0
6189.200000000001			1.0
6190.1			1.0
6191.0			1.0
6191.9			1.0
6192.8			1.0
6193.700000000001			1.0
6194.6			1.0
6195.5			1.0
6196.4			1.0
6197.3			1.0
6198.200000000001			1.0
6199.1			1.0
6200.0			1.0
6200.9			1.0
6201.8			1.0
6202.700000000001			1.0
6203.6			1.0
6204.5			1.0
6205.4			1.0
6206.3			1.0
6207.200000000001			1.0
6208.1			1.0
6209.0			1.0
6209.9			1.0
6210.8			1.0
6211.700000000001			1.0
6212.6			1.0
6213.5			1.0
6214.4			1.0
6215.3			1.0
6216.200000000001			1.0
6217.1			1.0
6218.0			1.0
6218.9			1.0
6219.8			1.0
6220.700000000001			1.0
6221.6			1.0
6222.5			1.0
6223.4			1.0
6224.3			1.0
6225.200000000001			1.0
6226.1			1.0
6227.0			1.0
6227.9			1.0
6228.8			1.0
6229.700000000001			1.0
6230.6			1.0
6231.5			1.0
6232.4			1.0
6233.3			1.0
6234.200000000001			1.0
6235.1			1.0
6236.0			1.0
6236.9			1.0
6237.8			1.0
6238.700000000001			1.0
6239.6			1.0
6240.5			1.0
6241.4			1.0
6242.3			1.0
6243.200000000001			1.0
6244.1			1.0
6245.0			1.0
6245.9			1.0
6246.8			1.0
6247.700000000001			1.0
6248.6			1.0
6249.5			1.0
6250.4			1.0
6251.3			1.0
6252.200000000001			1.0
6253.1			1.0
6254.0			1.0
6254.9			1.0
6255.8			1.0
6256.700000000001			1.0
6257.6			1.0
6258.5			1.0
6259.4			1.0
6260.3			1.0
6261.200000000001			1.0
6262.1			1.0
6263.0			1.0
6263.9			1.0
6264.8			1.0
6265.700000000001			1.0
6266.6			1.0
6267.5			1.0
6268.4			1.0
6269.3			1.0
6270.200000000001			1.0
6271.1			1.0
6272.0			1.0
6272.9			1.0
6273.8			1.0
6274.700000000001			1.0
6275.6			1.0
6276.5			1.0
6277.4			1.0
6278.3			1.0
6279.200000000001			1.0
6280.1			1.0
6281.0			1.0
6281.9			1.0
6282.8			1.0
6283.700000000001			1.0
6284.6			1.0
6285.5			1.0
6286.4			1.0
6287.3			1.0
6288.200000000001			1.0
6289.1			1.0
6290.0			1.0
6290.9			1.0
6291.8			1.0
6292.700000000001			1.0
6293.6			1.0
6294.5			1.0
6295.4			1.0
6296.3			1.0
6297.200000000001			1.0
6298.1			1.0
6299.0			1.0
6299.9			1.0
6300.8			1.0
6301.700000000001			1.0
6302.6			1.0
6303.5			1.0
6304.4			1.0
6305.3			1.0
6306.200000000001			1.0
6307.1			1.0
6308.0			1.0
6308.9			1.0
6309.8			1.0
6310.700000000001			1.0
6311.6			1.0
6312.5			1.0
6313.4			1.0
6314.3			1.0
6315.200000000001			1.0
6316.1			1.0
6317.0			1.0
6317.9			1.0
6318.8			1.0
6319.700000000001			1.0
6320.6			1.0
6321.5			1.0
6322.4			1.0
6323.3			1.0
6324.200000000001			1.0
6325.1			1.0
6326.0			1.0
6326.9			1.0
6327.8			1.0
6328.700000000001			1.0
6329.6			1.0
6330.5			1.0
6331.4			1.0
6332.3			1.0
6333.200000000001			1.0
6334.1			1.0
6335.0			1.0
6335.9			1.0
6336.8			1.0
6337.700000000001			1.0
6338.6			1.0
6339.5			1.0
6340.4			1.0
6341.3			1.0
6342.200000000001			1.0
6343.1			1.0
6344.0			1.0
6344.9			1.0
6345.8			1.0
6346.700000000001			1.0
6347.6			1.0
6348.5			1.0
6349.4			1.0
6350.3			1.0
6351.200000000001			1.0
6352.1			1.0
6353.0			1.0
6353.9			1.0
6354.8			1.0
6355.700000000001			1.0
6356.6			1.0
6357.5			1.0
6358.4			1.0
6359.3			1.0
6360.200000000001			1.0
6361.1			1.0
6362.0			1.0
6362.9			1.0
6363.8			1.0
6364.700000000001			1.0
6365.6			1.0
6366.5			1.0
6367.4			1.0
6368.3			1.0
6369.200000000001			1.0
6370.1			1.0
6371.0			1.0
6371.9			1.0
6372.8			1.0
6373.700000000001			1.0
6374.6			1.0
6375.5			1.0
6376.4			1.0
6377.3			1.0
6378.200000000001			1.0
6379.1			1.0
6380.0			1.0
6380.9			1.0
6381.8			1.0
6382.700000000001			1.0
6383.6			1.0
6384.5			1.0
6385.4			1.0
6386.3			1.0
6387.200000000001			1.0
6388.1			1.0
6389.0			1.0
6389.9			1.0
6390.8			1.0
6391.700000000001			1.0
6392.6			1.0
6393.5			1.0
6394.4			1.0
6395.3			1.0
6396.200000000001			1.0
6397.1			1.0
6398.0			1.0
6398.9			1.0
6399.8			1.0
6400.700000000001			1.0
6401.6			1.0
6402.5			1.0
6403.4			1.0
6404.3			1.0
6405.200000000001			1.0
6406.1			1.0
6407.0			1.0
6407.9			1.0
6408.8			1.0
6409.700000000001			1.0
6410.6			1.0
6411.5			1.0
6412.4			1.0
6413.3			1.0
6414.200000000001			1.0
6415.1			1.0
6416.0			1.0
6416.9			1.0
6417.8			1.0
6418.700000000001			1.0
6419.6			1.0
6420.5			1.0
6421.4			1.0
6422.3			1.0
6423.200000000001			1.0
6424.1			1.0
6425.0			1.0
6425.9			1.0
6426.8			1.0
6427.700000000001			1.0
6428.6			1.0
6429.5			1.0
6430.4			1.0
6431.3			1.0
6432.200000000001			1.0
6433.1			1.0
6434.0			1.0
6434.9			1.0
6435.8			1.0
6436.700000000001			1.0
6437.6			1.0
6438.5			1.0
6439.4			1.0
6440.3			1.0
6441.200000000001			1.0
6442.1			1.0
6443.0			1.0
6443.9			1.0
6444.8			1.0
6445.700000000001			1.0
6446.6			1.0
6447.5			1.0
6448.4			1.0
6449.3			1.0
6450.200000000001			1.0
6451.1			1.0
6452.0			1.0
6452.9			1.0
6453.8			1.0
6454.700000000001			1.0
6455.6			1.0
6456.5			1.0
6457.4			1.0
6458.3			1.0
6459.200000000001			1.0
6460.1			1.0
6461.0			1.0
6461.9			1.0
6462.8			1.0
6463.700000000001			1.0
6464.6			1.0
6465.5			1.0
6466.4			1.0
6467.3			1.0
6468.200000000001			1.0
6469.1			1.0
6470.0			1.0
6470.9			1.0
6471.8			1.0
6472.700000000001			1.0
6473.6			1.0
6474.5			1.0
6475.4			1.0
6476.3			1.0
6477.200000000001			1.0
6478.1			1.0
6479.0			1.0
6479.9			1.0
6480.8			1.0
6481.700000000001			1.0
6482.6			1.0
6483.5			1.0
6484.4			1.0
6485.3			1.0
6486.200000000001			1.0
6487.1			1.0
6488.0			1.0
6488.9			1.0
6489.8			1.0
6490.700000000001			1.0
6491.6			1.0
6492.5			1.0
6493.4			1.0
6494.3			1.0
6495.200000000001			1.0
6496.1			1.0
6497.0			1.0
6497.9			1.0
6498.8			1.0
6499.700000000001			1.0
6500.6			1.0
6501.5			1.0
6502.4			1.0
6503.3			1.0
6504.200000000001			1.0
6505.1			1.0
6506.0			1.0
6506.9			1.0
6507.8			1.0
6508.700000000001			1.0
6509.6			1.0
6510.5			1.0
6511.4			1.0
6512.3			1.0
6513.200000000001			1.0
6514.1			1.0
6515.0			1.0
6515.9			1.0
6516.8			1.0
6517.700000000001			1.0
6518.6			1.0
6519.5			1.0
6520.4			1.0
6521.3			1.0
6522.200000000001			1.0
6523.1			1.0
6524.0			1.0
6524.9			1.0
6525.8			1.0
6526.700000000001			1.0
6527.6			1.0
6528.5			1.0
6529.4			1.0
6530.3			1.0
6531.200000000001			1.0
6532.1			1.0
6533.0			1.0
6533.9			1.0
6534.8			1.0
6535.700000000001			1.0
6536.6			1.0
6537.5			1.0
6538.4			1.0
6539.3			1.0
6540.200000000001			1.0
6541.1			1.0
6542.0			1.0
6542.9			1.0
6543.8			1.0
6544.700000000001			1.0
6545.6			1.0
6546.5			1.0
6547.4			1.0
6548.3			1.0
6549.200000000001			1.0
6550.1			1.0
6551.0			1.0
6551.9			1.0
6552.8			1.0
6553.700000000001			1.0
6554.6			1.0
6555.5			1.0
6556.4			0.991745048052955
6557.3			0.9829709224087483
6558.200000000001			0.9708109459630191
6559.1			0.9489796704274279
6560.0			0.9013404056123316
6560.9			0.8013457062299034
6561.8			0.6624621483721078
6562.700000000001			0.5776000951875132
6563.6			0.6285910550558207
6564.5			0.7693031040717789
6565.4			0.891087437245542
6566.3			0.9544703016802996
6567.200000000001			0.981633715606385
6568.1			0.9941831632440971
6569.0			1.0010705694673065
6569.9			1.0
6570.8			1.0
6571.700000000001			1.0
6572.6			1.0
6573.5			1.0
6574.4			1.0
6575.3			1.0
6576.200000000001			1.0
6577.1			1.0
6578.0			1.0
6578.9			1.0
6579.8			1.0
6580.700000000001			1.0
6581.6			1.0
6582.5			1.0
6583.4			1.0
6584.3			1.0
6585.200000000001			1.0
6586.1			1.0
6587.0			1.0
6587.9			1.0
6588.8			1.0
6589.700000000001			1.0
6590.6			1.0
6591.5			1.0
6592.4			1.0
6593.3			1.0
6594.200000000001			1.0
6595.1			1.0
6596.0			1.0
6596.9			1.0
6597.8			1.0
6598.700000000001			1.0
6599.6			1.0
6600.5			1.0
6601.4			1.0
6602.3			1.0
6603.200000000001			1.0
6604.1			1.0
6605.0			1.0
6605.9			1.0
6606.8			1.0
6607.700000000001			1.0
6608.6			1.0
6609.5			1.0
6610.4			1.0
6611.3			1.0
6612.200000000001			1.0
6613.1			1.0
6614.0			1.0
6614.9			1.0
6615.8			1.0
6616.700000000001			1.0
6617.6			1.0
6618.5			1.0
6619.4			1.0
6620.3			1.0
6621.200000000001			1.0
6622.1			1.0
6623.0			1.0
6623.9			1.0
6624.8			1.0
6625.700000000001			1.0
6626.6			1.0
6627.5			1.0
6628.4			1.0
6629.3			1.0
6630.200000000001			1.0
6631.1			1.0
6632.0			1.0
6632.9			1.0
6633.8			1.0
6634.700000000001			1.0
6635.6			1.0
6636.5			1.0
6637.4			1.0
6638.3			1.0
6639.200000000001			1.0
6640.1			1.0
6641.0			1.0
6641.9			1.0
6642.8			1.0
6643.700000000001			1.0
6644.6			1.0
6645.5			1.0
6646.4			1.0
6647.3			1.0
6648.200000000001			1.0
6649.1			1.0
6650.0			1.0
6650.9			1.0
6651.8			1.0
6652.700000000001			1.0
6653.6			1.0
6654.5			1.0
6655.4			1.0
6656.3			1.0
6657.200000000001			1.0
6658.1			1.0
6659.0			1.0
6659.9			1.0
6660.8			1.0
6661.700000000001			1.0
6662.6			1.0
6663.5			1.0
6664.4			1.0
6665.3			1.0
6666.200000000001			1.0
6667.1			1.0
6668.0			1.0
6668.9			1.0
6669.8			1.0
6670.700000000001			1.0
6671.6			1.0
6672.5			1.0
6673.4			1.0
6674.3			1.0
6675.200000000001			1.0
6676.1			1.0
6677.0			1.0
6677.9			1.0
6678.8			1.0
6679.700000000001			1.0
6680.6			1.0
6681.5			1.0
6682.4			1.0
6683.3			1.0
6684.200000000001			1.0
6685.1			1.0
6686.0			1.0
6686.9			1.0
6687.8			1.0
6688.700000000001			1.0
6689.6			1.0
6690.5			1.0
6691.4			1.0
6692.3			1.0
6693.200000000001			1.0
6694.1			1.0
6695.0			1.0
6695.9			1.0
6696.8			1.0
6697.700000000001			1.0
6698.6			1.0
6699.5			1.0
6700.4			1.0
6701.3			1.0
6702.200000000001			1.0
6703.1			1.0
6704.0			1.0
6704.9			1.0
6705.8			1.0
6706.700000000001			1.0
6707.6			1.0
6708.5			1.0
6709.4			1.0
6710.3			1.0
6711.200000000001			1.0
6712.1			1.0
6713.0			1.0
6713.9			1.0
6714.8			1.0
6715.700000000001			1.0
6716.6			1.0
6717.5			1.0
6718.4			1.0
6719.3			1.0
6720.200000000001			1.0
6721.1			1.0
6722.0			1.0
6722.9			1.0
6723.8			1.0
6724.700000000001			1.0
6725.6			1.0
6726.5			1.0
6727.4			1.0
6728.3			1.0
6729.200000000001			1.0
6730.1			1.0
6731.0			1.0
6731.9			1.0
6732.8			1.0
6733.700000000001			1.0
6734.6			1.0
6735.5			1.0
6736.4			1.0
6737.3			1.0
6738.200000000001			1.0
6739.1			1.0
6740.0			1.0
6740.9			1.0
6741.8			1.0
6742.700000000001			1.0
6743.6			1.0
6744.5			1.0
6745.4			1.0
6746.3			1.0
6747.200000000001			1.0
6748.1			1.0
6749.0			1.0
6749.9			1.0
6750.8			1.0
6751.700000000001			1.0
6752.6			1.0
6753.5			1.0
6754.4			1.0
6755.3			1.0
6756.200000000001			1.0
6757.1			1.0
6758.0			1.0
6758.9			1.0
6759.8			1.0
6760.700000000001			1.0
6761.6			1.0
6762.5			1.0
6763.4			1.0
6764.3			1.0
6765.200000000001			1.0
6766.1			1.0
6767.0			1.0
6767.9			1.0
6768.8			1.0
6769.700000000001			1.0
6770.6			1.0
6771.5			1.0
6772.4			1.0
6773.3			1.0
6774.200000000001			1.0
6775.1			1.0
6776.0			1.0
6776.9			1.0
6777.8			1.0
6778.700000000001			1.0
6779.6			1.0
6780.5			1.0
6781.4			1.0
6782.3			1.0
6783.200000000001			1.0
6784.1			1.0
6785.0			1.0
6785.9			1.0
6786.8			1.0
6787.700000000001			1.0
6788.6			1.0
6789.5			1.0
6790.4			1.0
6791.3			1.0
6792.200000000001			1.0
6793.1			1.0
6794.0			1.0
6794.9			1.0
6795.8			1.0
6796.700000000001			1.0
6797.6			1.0
6798.5			1.0
6799.4			1.0
6800.3			1.0
6801.200000000001			1.0
6802.1			1.0
6803.0			1.0
6803.9			1.0
6804.8			1.0
6805.700000000001			1.0
6806.6			1.0
6807.5			1.0
6808.4			1.0
6809.3			1.0
6810.200000000001			1.0
6811.1			1.0
6812.0			1.0
6812.9			1.0
6813.8			1.0
6814.700000000001			1.0
6815.6			1.0
6816.5			1.0
6817.4			1.0
6818.3			1.0
6819.200000000001			1.0
6820.1			1.0
6821.0			1.0
6821.9			1.0
6822.8			1.0
6823.700000000001			1.0
6824.6			1.0
6825.5			1.0
6826.4			1.0
6827.3			1.0
6828.200000000001			1.0
6829.1			1.0
6830.0			1.0
6830.9			1.0
6831.8			1.0
6832.700000000001			1.0
6833.6			1.0
6834.5			1.0
6835.4			1.0
6836.3			1.0
6837.200000000001			1.0
6838.1			1.0
6839.0			1.0
6839.9			1.0
6840.8			1.0
6841.700000000001			1.0
6842.6			1.0
6843.5			1.0
6844.4			1.0
6845.3			1.0
6846.200000000001			1.0
6847.1			1.0
6848.0			1.0
6848.9			1.0
6849.8			1.0
6850.700000000001			1.0
6851.6			1.0
6852.5			1.0
6853.4			1.0
6854.3			1.0
6855.200000000001			1.0
6856.1			1.0
6857.0			1.0
6857.9			1.0
6858.8			1.0
6859.700000000001			1.0
6860.6			1.0
6861.5			1.0
6862.4			1.0
6863.3			1.0
6864.200000000001			1.0
6865.1			1.0
6866.0			1.0
6866.9			1.0
6867.8			1.0
6868.700000000001			1.0
6869.6			1.0
6870.5			1.0
6871.4			1.0
6872.3			1.0
6873.200000000001			1.0
6874.1			1.0
6875.0			1.0
6875.9			1.0
6876.8			1.0
6877.700000000001			1.0
6878.6			1.0
6879.5			1.0
6880.4			1.0
6881.3			1.0
6882.200000000001			1.0
6883.1			1.0
6884.0			1.0
6884.9			1.0
6885.8			1.0
6886.700000000001			1.0
6887.6			1.0
6888.5			1.0
6889.4			1.0
6890.3			1.0
6891.200000000001			1.0
6892.1			1.0
6893.0			1.0
6893.9			1.0
6894.8			1.0
6895.700000000001			1.0
6896.6			1.0
6897.5			1.0
6898.4			1.0
6899.3			1.0
6900.200000000001			1.0
6901.1			1.0
6902.0			1.0
6902.9			1.0
6903.8			1.0
6904.700000000001			1.0
6905.6			1.0
6906.5			1.0
6907.4			1.0
6908.3			1.0
6909.200000000001			1.0
6910.1			1.0
6911.0			1.0
6911.9			1.0
6912.8			1.0
6913.700000000001			1.0
6914.6			1.0
6915.5			1.0
6916.4			1.0
6917.3			1.0
6918.200000000001			1.0
6919.1			1.0
6920.0			1.0
6920.9			1.0
6921.8			1.0
6922.700000000001			1.0
6923.6			1.0
6924.5			1.0
6925.4			1.0
6926.3			1.0
6927.200000000001			1.0
6928.1			1.0
6929.0			1.0
6929.9			1.0
6930.8			1.0
6931.700000000001			1.0
6932.6			1.0
6933.5			1.0
6934.4			1.0
6935.3			1.0
6936.200000000001			1.0
6937.1			1.0
6938.0			1.0
6938.9			1.0
6939.8			1.0
6940.700000000001			1.0
6941.6			1.0
6942.5			1.0
6943.4			1.0
6944.3			1.0
6945.200000000001			1.0
6946.1			1.0
6947.0			1.0
6947.9			1.0
6948.8			1.0
6949.700000000001			1.0
6950.6			1.0
6951.5			1.0
6952.4			1.0
6953.3			1.0
6954.200000000001			1.0
6955.1			1.0
6956.0			1.0
6956.9			1.0
6957.8			1.0
6958.700000000001			1.0
6959.6			1.0
6960.5			1.0
6961.4			1.0
6962.3			1.0
6963.200000000001			1.0
6964.1			1.0
6965.0			1.0
6965.9			1.0
6966.8			1.0
6967.700000000001			1.0
6968.6			1.0
6969.5			1.0
6970.4			1.0
6971.3			1.0
6972.200000000001			1.0
6973.1			1.0
6974.0			1.0
6974.9			1.0
6975.8			1.0
6976.700000000001			1.0
6977.6			1.0
6978.5			1.0
6979.4			1.0
6980.3			1.0
6981.200000000001			1.0
6982.1			1.0
6983.0			1.0
6983.9			1.0
6984.8			1.0
6985.700000000001			1.0
6986.6			1.0
6987.5			1.0
6988.4			1.0
6989.3			1.0
6990.200000000001			1.0
6991.1			1.0
6992.0			1.0
6992.9			1.0
6993.8			1.0
6994.700000000001			1.0
6995.6			1.0
6996.5			1.0
6997.4			1.0
6998.3			1.0
6999.200000000001			1.0
7000.1			1.0
7001.0			1.0
7001.9			1.0
7002.8			1.0
7003.700000000001			1.0
7004.6			1.0
7005.5			1.0
7006.4			1.0
7007.3			1.0
7008.200000000001			1.0
7009.1			1.0
7010.0			1.0
7010.9			1.0
7011.8			1.0
7012.700000000001			1.0
7013.6			1.0
7014.5			1.0
7015.4			1.0
7016.3			1.0
7017.200000000001			1.0
7018.1			1.0
7019.0			1.0
7019.9			1.0
7020.8			1.0
7021.700000000001			1.0
7022.6			1.0
7023.5			1.0
7024.4			1.0
7025.3			1.0
7026.200000000001			1.0
7027.1			1.0
7028.0			1.0
7028.9			1.0
7029.8			1.0
7030.700000000001			1.0
7031.6			1.0
7032.5			1.0
7033.4			1.0
7034.3			1.0
7035.200000000001			1.0
7036.1			1.0
7037.0			1.0
7037.9			1.0
7038.8			1.0
7039.700000000001			1.0
7040.6			1.0
7041.5			1.0
7042.4			1.0
7043.3			1.0
7044.200000000001			1.0
7045.1			1.0
7046.0			1.0
7046.9			1.0
7047.8			1.0
7048.700000000001			1.0
7049.6			1.0
7050.5			1.0
7051.4			1.0
7052.3			1.0
7053.200000000001			1.0
7054.1			1.0
7055.0			1.0
7055.9			1.0
7056.8			1.0
7057.700000000001			1.0
7058.6			1.0
7059.5			1.0
7060.4			1.0
7061.3			1.0
7062.200000000001			1.0
7063.1			1.0
7064.0			1.0
7064.9			1.0
7065.8			1.0
7066.700000000001			1.0
7067.6			1.0
7068.5			1.0
7069.4			1.0
7070.3			1.0
7071.200000000001			1.0
7072.1			1.0
7073.0			1.0
7073.9			1.0
7074.8			1.0
7075.700000000001			1.0
7076.6			1.0
7077.5			1.0
7078.4			1.0
7079.3			1.0
7080.200000000001			1.0
7081.1			1.0
7082.0			1.0
7082.9			1.0
7083.8			1.0
7084.700000000001			1.0
7085.6			1.0
7086.5			1.0
7087.4			1.0
7088.3			1.0
7089.200000000001			1.0
7090.1			1.0
7091.0			1.0
7091.9			1.0
7092.8			1.0
7093.700000000001			1.0
7094.6			1.0
7095.5			1.0
7096.4			1.0
7097.3			1.0
7098.200000000001			1.0
7099.1			1.0
7100.0			1.0
7100.9			1.0
7101.8			1.0
7102.700000000001			1.0
7103.6			1.0
7104.5			1.0
7105.4			1.0
7106.3			1.0
7107.200000000001			1.0
7108.1			1.0
7109.0			1.0
7109.9			1.0
7110.8			1.0
7111.700000000001			1.0
7112.6			1.0
7113.5			1.0
7114.4			1.0
7115.3			1.0
7116.200000000001			1.0
7117.1			1.0
7118.0			1.0
7118.9			1.0
7119.8			1.0
7120.700000000001			1.0
7121.6			1.0
7122.5			1.0
7123.4			1.0
7124.3			1.0
7125.200000000001			1.0
7126.1			1.0
7127.0			1.0
7127.9			1.0
7128.8			1.0
7129.700000000001			1.0
7130.6			1.0
7131.5			1.0
7132.4			1.0
7133.3			1.0
7134.200000000001			1.0
7135.1			1.0
7136.0			1.0
7136.9			1.0
7137.8			1.0
7138.700000000001			1.0
7139.6			1.0
7140.5			1.0
7141.4			1.0
7142.3			1.0
7143.200000000001			1.0
7144.1			1.0
7145.0			1.0
7145.9			1.0
7146.8			1.0
7147.700000000001			1.0
7148.6			1.0
7149.5			1.0
7150.4			1.0
7151.3			1.0
7152.200000000001			1.0
7153.1			1.0
7154.0			1.0
7154.9			1.0
7155.8			1.0
7156.700000000001			1.0
7157.6			1.0
7158.5			1.0
7159.4			1.0
7160.3			1.0
7161.200000000001			1.0
7162.1			1.0
7163.0			1.0
7163.9			1.0
7164.8			1.0
7165.700000000001			1.0
7166.6			1.0
7167.5			1.0
7168.4			1.0
7169.3			1.0
7170.200000000001			1.0
7171.1			1.0
7172.0			1.0
7172.9			1.0
7173.8			1.0
7174.700000000001			1.0
7175.6			1.0
7176.5			1.0
7177.4			1.0
7178.3			1.0
7179.200000000001			1.0
7180.1			1.0
7181.0			1.0
7181.9			1.0
7182.8			1.0
7183.700000000001			1.0
7184.6			1.0
7185.5			1.0
7186.4			1.0
7187.3			1.0
7188.200000000001			1.0
7189.1			1.0
7190.0			1.0
7190.9			1.0
7191.8			1.0
7192.700000000001			1.0
7193.6			1.0
7194.5			1.0
7195.4			1.0
7196.3			1.0
7197.200000000001			1.0
7198.1			1.0
7199.0			1.0
7199.9			1.0
7200.8			1.0
7201.700000000001			1.0
7202.6			1.0
7203.5			1.0
7204.4			1.0
7205.3			1.0
7206.200000000001			1.0
7207.1			1.0
7208.0			1.0
7208.9			1.0
7209.8			1.0
7210.700000000001			1.0
7211.6			1.0
7212.5			1.0
7213.4			1.0
7214.3			1.0
7215.200000000001			1.0
7216.1			1.0
7217.0			1.0
7217.9			1.0
7218.8			1.0
7219.700000000001			1.0
7220.6			1.0
7221.5			1.0
7222.4			1.0
7223.3			1.0
7224.200000000001			1.0
7225.1			1.0
7226.0			1.0
7226.9			1.0
7227.8			1.0
7228.700000000001			1.0
7229.6			1.0
7230.5			1.0
7231.4			1.0
7232.3			1.0
7233.200000000001			1.0
7234.1			1.0
7235.0			1.0
7235.9			1.0
7236.8			1.0
7237.700000000001			1.0
7238.6			1.0
7239.5			1.0
7240.4			1.0
7241.3			1.0
7242.200000000001			1.0
7243.1			1.0
7244.0			1.0
7244.9			1.0
7245.8			1.0
7246.700000000001			1.0
7247.6			1.0
7248.5			1.0
7249.4			1.0
7250.3			1.0
7251.200000000001			1.0
7252.1			1.0
7253.0			1.0
7253.9			1.0
7254.8			1.0
7255.700000000001			1.0
7256.6			1.0
7257.5			1.0
7258.4			1.0
7259.3			1.0
7260.200000000001			1.0
7261.1			1.0
7262.0			1.0
7262.9			1.0
7263.8			1.0
7264.700000000001			1.0
7265.6			1.0
7266.5			1.0
7267.4			1.0
7268.3			1.0
7269.200000000001			1.0
7270.1			1.0
7271.0			1.0
7271.9			1.0
7272.8			1.0
7273.700000000001			1.0
7274.6			1.0
7275.5			1.0
7276.4			1.0
7277.3			1.0
7278.200000000001			1.0
7279.1			1.0
7280.0			1.0
7280.9			1.0
7281.8			1.0
7282.700000000001			1.0
7283.6			1.0
7284.5			1.0
7285.4			1.0
7286.3			1.0
7287.200000000001			1.0
7288.1			1.0
7289.0			1.0
7289.9			1.0
7290.8			1.0
7291.700000000001			1.0
7292.6			1.0
7293.5			1.0
7294.4			1.0
7295.3			1.0
7296.200000000001			1.0
7297.1			1.0
7298.0			1.0
7298.9			1.0
7299.8			1.0
7300.700000000001			1.0
7301.6			1.0
7302.5			1.0
7303.4			1.0
7304.3			1.0
7305.200000000001			1.0
7306.1			1.0
7307.0			1.0
7307.9			1.0
7308.8			1.0
7309.700000000001			1.0
7310.6			1.0
7311.5			1.0
7312.4			1.0
7313.3			1.0
7314.200000000001			1.0
7315.1			1.0
7316.0			1.0
7316.9			1.0
7317.8			1.0
7318.700000000001			1.0
7319.6			1.0
7320.5			1.0
7321.4			1.0
7322.3			1.0
7323.200000000001			1.0
7324.1			1.0
7325.0			1.0
7325.9			1.0
7326.8			1.0
7327.700000000001			1.0
7328.6			1.0
7329.5			1.0
7330.4			1.0
7331.3			1.0
7332.200000000001			1.0
7333.1			1.0
7334.0			1.0
7334.9			1.0
7335.8			1.0
7336.700000000001			1.0
7337.6			1.0
7338.5			1.0
7339.4			1.0
7340.3			1.0
7341.200000000001			1.0
7342.1			1.0
7343.0			1.0
7343.9			1.0
7344.8			1.0
7345.700000000001			1.0
7346.6			1.0
7347.5			1.0
7348.4			1.0
7349.3			1.0
7350.200000000001			1.0
7351.1			1.0
7352.0			1.0
7352.9			1.0
7353.8			1.0
7354.700000000001			1.0
7355.6			1.0
7356.5			1.0
7357.4			1.0
7358.3			1.0
7359.200000000001			1.0
7360.1			1.0
7361.0			1.0
7361.9			1.0
7362.8			1.0
7363.700000000001			1.0
7364.6			1.0
7365.5			1.0
7366.4			1.0
7367.3			1.0
7368.200000000001			1.0
7369.1			1.0
7370.0			1.0
7370.9			1.0
7371.8			1.0
7372.700000000001			1.0
7373.6			1.0
7374.5			1.0
7375.4			1.0
7376.3			1.0
7377.200000000001			1.0
7378.1			1.0
7379.0			1.0
7379.9			1.0
7380.8			1.0
7381.700000000001			1.0
7382.6			1.0
7383.5			1.0
7384.4			1.0
7385.3			1.0
7386.200000000001			1.0
7387.1			1.0
7388.0			1.0
7388.9			1.0
7389.8			1.0
7390.700000000001			1.0
7391.6			1.0
7392.5			1.0
7393.4			1.0
7394.3			1.0
7395.200000000001			1.0
7396.1			1.0
7397.0			1.0
7397.9			1.0
7398.8			1.0
7399.700000000001			1.0
7400.6			1.0
7401.5			1.0
7402.4			1.0
7403.3			1.0
7404.200000000001			1.0
7405.1			1.0
7406.0			1.0
7406.9			1.0
7407.8			1.0
7408.700000000001			1.0
7409.6			1.0
7410.5			1.0
7411.4			1.0
7412.3			1.0
7413.200000000001			1.0
7414.1			1.0
7415.0			1.0
7415.9			1.0
7416.8			1.0
7417.700000000001			1.0
7418.6			1.0
7419.5			1.0
7420.4			1.0
7421.3			1.0
7422.200000000001			1.0
7423.1			1.0
7424.0			1.0
7424.9			1.0
7425.8			1.0
7426.700000000001			1.0
7427.6			1.0
7428.5			1.0
7429.4			1.0
