3500.0			1.0
3500.9			1.0
3501.8			1.0
3502.7			1.0
3503.6			1.0
3504.5			1.0
3505.4			1.0
3506.3			1.0
3507.2			1.0
3508.1			1.0
3509.0			1.0
3509.9			1.0
3510.8			1.0
3511.7			1.0
3512.6			1.0
3513.5			1.0
3514.4			1.0
3515.3			1.0
3516.2			1.0
3517.1			1.0
3518.0			1.0
3518.9			1.0
3519.8			1.0
3520.7			1.0
3521.6			1.0
3522.5			1.0
3523.4			1.0
3524.3			1.0
3525.2			1.0
3526.1			1.0
3527.0			1.0
3527.9			1.0
3528.8			1.0
3529.7			1.0
3530.6			1.0
3531.5			1.0
3532.4			1.0
3533.3			1.0
3534.2			1.0
3535.1			1.0
3536.0			1.0
3536.9			1.0
3537.8			1.0
3538.7			1.0
3539.6			1.0
3540.5			1.0
3541.4			1.0
3542.3			1.0
3543.2			1.0
3544.1			1.0
3545.0			1.0
3545.9			1.0
3546.8			1.0
3547.7			1.0
3548.6			1.0
3549.5			1.0
3550.4			1.0
3551.3			1.0
3552.2			1.0
3553.1			1.0
3554.0			1.0
3554.9			1.0
3555.8			1.0
3556.7			1.0
3557.6			1.0
3558.5			1.0
3559.4			1.0
3560.3			1.0
3561.2			1.0
3562.1			1.0
3563.0			1.0
3563.9			1.0
3564.8			1.0
3565.7			1.0
3566.6			1.0
3567.5			1.0
3568.4			1.0
3569.3			1.0
3570.2			1.0
3571.1			1.0
3572.0			1.0
3572.9			1.0
3573.8			1.0
3574.7			1.0
3575.6			1.0
3576.5			1.0
3577.4			1.0
3578.3			1.0
3579.2			1.0
3580.1			1.0
3581.0			1.0
3581.9			1.0
3582.8			1.0
3583.7			1.0
3584.6			1.0
3585.5			1.0
3586.4			1.0
3587.3			1.0
3588.2			1.0
3589.1			1.0
3590.0			1.0
3590.9			1.0
3591.8			1.0
3592.7			1.0
3593.6			1.0
3594.5			1.0
3595.4			1.0
3596.3			1.0
3597.2			1.0
3598.1			1.0
3599.0			1.0
3599.9			1.0
3600.8			1.0
3601.7			1.0
3602.6			1.0
3603.5			1.0
3604.4			1.0
3605.3			1.0
3606.2			1.0
3607.1			1.0
3608.0			1.0
3608.9			1.0
3609.8			1.0
3610.7			1.0
3611.6			1.0
3612.5			1.0
3613.4			1.0
3614.3			1.0
3615.2			1.0
3616.1			1.0
3617.0			1.0
3617.9			1.0
3618.8			1.0
3619.7			1.0
3620.6			1.0
3621.5			1.0
3622.4			1.0
3623.3			1.0
3624.2			1.0
3625.1			1.0
3626.0			1.0
3626.9			1.0
3627.8			1.0
3628.7			1.0
3629.6			1.0
3630.5			1.0
3631.4			1.0
3632.3			1.0
3633.2			1.0
3634.1			1.0
3635.0			1.0
3635.9			1.0
3636.8			1.0
3637.7			1.0
3638.6			1.0
3639.5			1.0
3640.4			1.0
3641.3			1.0
3642.2			1.0
3643.1			1.0
3644.0			1.0
3644.9			1.0
3645.8			1.0
3646.7			1.0
3647.6			1.0
3648.5			1.0
3649.4			1.0
3650.3			1.0
3651.2			1.0
3652.1			1.0
3653.0			1.0
3653.9			1.0
3654.8			1.0
3655.7			1.0
3656.6			1.0
3657.5			1.0
3658.4			1.0
3659.3			1.0
3660.2			1.0
3661.1			1.0
3662.0			1.0
3662.9			1.0
3663.8			1.0
3664.7			1.0
3665.6			1.0
3666.5			1.0
3667.4			1.0
3668.3			1.0
3669.2			1.0
3670.1			1.0
3671.0			1.0
3671.9			1.0
3672.8			1.0
3673.7			1.0
3674.6			1.0
3675.5			1.0
3676.4			1.0
3677.3			1.0
3678.2			1.0
3679.1			1.0
3680.0			1.0
3680.9			1.0
3681.8			1.0
3682.7			1.0
3683.6			1.0
3684.5			1.0
3685.4			1.0
3686.3			1.0
3687.2			1.0
3688.1			1.0
3689.0			1.0
3689.9			1.0
3690.8			1.0
3691.7			1.0
3692.6			1.0
3693.5			1.0
3694.4			1.0
3695.3			1.0
3696.2			1.0
3697.1			1.0
3698.0			1.0
3698.9			1.0
3699.8			1.0
3700.7			1.0
3701.6			1.0
3702.5			1.0
3703.4			1.0
3704.3			1.0
3705.2			1.0
3706.1			1.0
3707.0			1.0
3707.9			1.0
3708.8			1.0
3709.7			1.0
3710.6			1.0
3711.5			1.0
3712.4			1.0
3713.3			1.0
3714.2			1.0
3715.1			1.0
3716.0			1.0
3716.9			1.0
3717.8			1.0
3718.7			1.0
3719.6			1.0
3720.5			1.0
3721.4			1.0
3722.3			1.0
3723.2			1.0
3724.1			1.0
3725.0			1.0
3725.9			1.0
3726.8			1.0
3727.7			1.0
3728.6			1.0
3729.5			1.0
3730.4			1.0
3731.3			1.0
3732.2			1.0
3733.1			1.0
3734.0			1.0
3734.9			1.0
3735.8			1.0
3736.7			1.0
3737.6			1.0
3738.5			1.0
3739.4			1.0
3740.3			1.0
3741.2			1.0
3742.1			1.0
3743.0			1.0
3743.9			1.0
3744.8			1.0
3745.7			1.0
3746.6			1.0
3747.5			1.0
3748.4			1.0
3749.3			1.0
3750.2			1.0
3751.1			1.0
3752.0			1.0
3752.9			1.0
3753.8			1.0
3754.7			1.0
3755.6			1.0
3756.5			1.0
3757.4			1.0
3758.3			1.0
3759.2			1.0
3760.1			1.0
3761.0			1.0
3761.9			1.0
3762.8			1.0
3763.7			1.0
3764.6			1.0
3765.5			1.0
3766.4			1.0
3767.3			1.0
3768.2			1.0
3769.1			1.0
3770.0			1.0
3770.9			1.0
3771.8			1.0
3772.7			1.0
3773.6			1.0
3774.5			1.0
3775.4			1.0
3776.3			1.0
3777.2			1.0
3778.1			1.0
3779.0			1.0
3779.9			1.0
3780.8			1.0
3781.7			1.0
3782.6			1.0
3783.5			1.0
3784.4			1.0
3785.3			1.0
3786.2			1.0
3787.1			1.0
3788.0			1.0
3788.9			1.0
3789.8			1.0
3790.7			1.0
3791.6			1.0
3792.5			1.0
3793.4			1.0
3794.3			1.0
3795.2			1.0
3796.1			1.0
3797.0			1.0
3797.9			1.0
3798.8			1.0
3799.7			1.0
3800.6			1.0
3801.5			1.0
3802.4			1.0
3803.3			1.0
3804.2			1.0
3805.1			1.0
3806.0			1.0
3806.9			1.0
3807.8			1.0
3808.7			1.0
3809.6			1.0
3810.5			1.0
3811.4			1.0
3812.3			1.0
3813.2			1.0
3814.1			1.0
3815.0			1.0
3815.9			1.0
3816.8			1.0
3817.7			1.0
3818.6			1.0
3819.5			1.0
3820.4			1.0
3821.3			1.0
3822.2			1.0
3823.1			1.0
3824.0			1.0
3824.9			1.0
3825.8			1.0
3826.7			1.0
3827.6			1.0
3828.5			1.0
3829.4			1.0
3830.3			1.0
3831.2			1.0
3832.1			1.0
3833.0			1.0
3833.9			1.0
3834.8			1.0
3835.7			1.0
3836.6			1.0
3837.5			1.0
3838.4			1.0
3839.3			1.0
3840.2			1.0
3841.1			1.0
3842.0			1.0
3842.9			1.0
3843.8			1.0
3844.7			1.0
3845.6			1.0
3846.5			1.0
3847.4			1.0
3848.3			1.0
3849.2			1.0
3850.1			1.0
3851.0			1.0
3851.9			1.0
3852.8			1.0
3853.7			1.0
3854.6			1.0
3855.5			1.0
3856.4			1.0
3857.3			1.0
3858.2			1.0
3859.1			1.0
3860.0			1.0
3860.9			1.0
3861.8			1.0
3862.7			1.0
3863.6			1.0
3864.5			1.0
3865.4			1.0
3866.3			1.0
3867.2			1.0
3868.1			1.0
3869.0			1.0
3869.9			1.0
3870.8			1.0
3871.7			1.0
3872.6			1.0
3873.5			1.0
3874.4			1.0
3875.3			1.0
3876.2			1.0
3877.1			1.0
3878.0			1.0
3878.9			1.0
3879.8			1.0
3880.7			1.0
3881.6			1.0
3882.5			1.0
3883.4			1.0
3884.3			1.0
3885.2			1.0
3886.1			1.0
3887.0			1.0
3887.9			1.0
3888.8			1.0
3889.7			1.0
3890.6			1.0
3891.5			1.0
3892.4			1.0
3893.3			1.0
3894.2			1.0
3895.1			1.0
3896.0			1.0
3896.9			1.0
3897.8			1.0
3898.7			1.0
3899.6			1.0
3900.5			1.0
3901.4			1.0
3902.3			1.0
3903.2			1.0
3904.1			1.0
3905.0			1.0
3905.9			1.0
3906.8			1.0
3907.7			1.0
3908.6			1.0
3909.5			1.0
3910.4			1.0
3911.3			1.0
3912.2			1.0
3913.1			1.0
3914.0			1.0
3914.9			1.0
3915.8			1.0
3916.7			1.0
3917.6			1.0
3918.5			1.0
3919.4			1.0
3920.3			1.0
3921.2			1.0
3922.1			1.0
3923.0			1.0
3923.9			1.0
3924.8			1.0
3925.7			1.0
3926.6			1.0
3927.5			1.0
3928.4			1.0
3929.3			1.0
3930.2			1.0
3931.1			1.0
3932.0			1.0
3932.9			1.0
3933.8			1.0
3934.7			1.0
3935.6			1.0
3936.5			1.0
3937.4			1.0
3938.3			1.0
3939.2			1.0
3940.1			1.0
3941.0			1.0
3941.9			1.0
3942.8			1.0
3943.7			1.0
3944.6			1.0
3945.5			1.0
3946.4			1.0
3947.3			1.0
3948.2			1.0
3949.1			1.0
3950.0			1.0
3950.9			1.0
3951.8			1.0
3952.7			1.0
3953.6			1.0
3954.5			1.0
3955.4			1.0
3956.3			1.0
3957.2			1.0
3958.1			1.0
3959.0			1.0
3959.9			1.0
3960.8			1.0
3961.7			1.0
3962.6			1.0
3963.5			1.0
3964.4			1.0
3965.3			1.0
3966.2			1.0
3967.1			1.0
3968.0			1.0
3968.9			1.0
3969.8			1.0
3970.7			1.0
3971.6			1.0
3972.5			1.0
3973.4			1.0
3974.3			1.0
3975.2			1.0
3976.1			1.0
3977.0			1.0
3977.9			1.0
3978.8			1.0
3979.7			1.0
3980.6			1.0
3981.5			1.0
3982.4			1.0
3983.3			1.0
3984.2			1.0
3985.1			1.0
3986.0			1.0
3986.9			1.0
3987.8			1.0
3988.7			1.0
3989.6			1.0
3990.5			1.0
3991.4			1.0
3992.3			1.0
3993.2			1.0
3994.1			1.0
3995.0			1.0
3995.9			1.0
3996.8			1.0
3997.7			1.0
3998.6			1.0
3999.5			1.0
4000.4			1.0
4001.3			1.0
4002.2			1.0338477673094886
4003.1			1.0581159925506542
4004.0			0.9773159712421177
4004.9			0.807714717923689
4005.8			0.7085629260036411
4006.7			0.769357774687449
4007.6			0.8978389474965305
4008.5			0.9829251595557758
4009.4			0.9999268023643297
4010.3			1.0
4011.2			1.0
4012.1			1.0
4013.0			1.0
4013.9			1.0
4014.8			1.0
4015.7			1.0
4016.6			1.0
4017.5			1.0
4018.4			1.0
4019.3			1.0
4020.2			1.0
4021.1			1.0
4022.0			1.0
4022.9			1.0
4023.8			1.0
4024.7			1.0
4025.6			1.0
4026.5			1.0
4027.4			1.0414270249363882
4028.3			1.0552496417715493
4029.2			0.9887145445206025
4030.1			0.8297869920935846
4031.0			0.6889075630526619
4031.9			0.6355638870561241
4032.8			0.6147191959500993
4033.7			0.607901652571435
4034.6			0.6605457082926253
4035.5			0.7790325605026488
4036.4			0.9284122915055109
4037.3			1.0469582465884502
4038.2			1.09173147149381
4039.1			1.0647254386782605
4040.0			1.0
4040.9			0.9529247389100276
4041.8			0.9497392394501523
4042.7			0.9343848681631501
4043.6			0.8197689250428477
4044.5			0.6153644639424122
4045.4			0.4476087926659297
4046.3			0.4401618856040917
4047.2			0.5843045029869235
4048.1			0.759198142737816
4049.0			0.8917102094865046
4049.9			0.9824363447544093
4050.8			1.018415693249592
4051.7			1.0001329484495638
4052.6			1.0
4053.5			1.0
4054.4			1.0
4055.3			1.0
4056.2			1.0
4057.1			0.9487622858225274
4058.0			0.8895205036920104
4058.9			0.9045446135166905
4059.8			0.9855137033394915
4060.7			1.033033536521581
4061.6			0.9519550389157971
4062.5			0.7559063695670224
4063.4			0.5869958261799405
4064.3			0.5905871416071785
4065.2			0.7239428419220713
4066.1			0.8286344739718542
4067.0			0.865489916609837
4067.9			0.9177465894022858
4068.8			0.999958341532745
4069.7			0.9974678367190164
4070.6			1.0
4071.5			1.0
4072.4			1.0
4073.3			1.0
4074.2			1.0
4075.1			0.9979476222189607
4076.0			0.9114326590352949
4076.9			0.8109716835917444
4077.8			0.775994339236063
4078.7			0.8232591464299439
4079.6			0.9165056610290379
4080.5			1.0095677353722328
4081.4			1.0
4082.3			1.0
4083.2			1.0
4084.1			1.0
4085.0			1.0
4085.9			1.0
4086.8			1.0
4087.7			1.0
4088.6			1.0
4089.5			1.0
4090.4			0.961631841205046
4091.3			0.9366507356517538
4092.2			0.9311688404095962
4093.1			0.9500598372879031
4094.0			0.9680877659680059
4094.9			0.9230103733213807
4095.8			0.835605808404488
4096.7			0.7922382726105539
4097.6			0.8079248291023907
4098.5			0.8364030528823864
4099.4			0.8374841648532092
4100.3			0.7876537661110447
4101.2			0.7249645844751089
4102.1			0.73374868489669
4103.0			0.8034196594451122
4103.9			0.8658491113324562
4104.8			0.9117086946908314
4105.7			0.9627352695150341
4106.6			0.9999671716928759
4107.5			1.0051169981641088
4108.4			1.0012941876289407
4109.3			0.9997326228051691
4110.2			0.9956276982375833
4111.1			0.9938685169609618
4112.0			1.0073981979240942
4112.9			1.0
4113.8			1.0
4114.7			1.0
4115.6			1.0
4116.5			1.0
4117.4			1.0
4118.3			1.0
4119.2			1.0
4120.1			1.0
4121.0			1.0
4121.9			1.0
4122.8			1.0
4123.7			1.0
4124.6			1.0
4125.5			1.0
4126.4			1.0
4127.3			0.958949772346327
4128.2			0.9494828285051287
4129.1			0.9578644050909008
4130.0			0.9416669130521229
4130.9			0.8601620999644337
4131.8			0.7432904932304859
4132.7			0.6806995331633422
4133.6			0.6992235795441301
4134.5			0.7698906007423818
4135.4			0.8774866065976341
4136.3			0.962446665820195
4137.2			1.0
4138.1			1.0193657597197536
4139.0			1.0425878133837716
4139.9			1.0478214931564105
4140.8			1.0115132111900869
4141.7			0.8929247888189688
4142.6			0.7108326020499383
4143.5			0.5948220215741595
4144.4			0.6385716691604427
4145.3			0.7871923503151461
4146.2			0.9207100636093923
4147.1			0.9934356216953203
4148.0			1.0132658465865425
4148.9			1.000250374487381
4149.8			1.0
4150.7			1.0
4151.6			1.0
4152.5			1.0
4153.4			1.0
4154.3			1.0
4155.2			1.0
4156.1			1.0
4157.0			1.0
4157.9			1.0
4158.8			1.0
4159.7			1.0
4160.6			1.0
4161.5			1.0
4162.4			1.0
4163.3			1.0
4164.2			1.0
4165.1			1.0
4166.0			0.9602202258799157
4166.9			0.9283804072665836
4167.8			0.9161353828839919
4168.7			0.9561598573670348
4169.6			1.001416127202766
4170.5			0.983894495143416
4171.4			0.8957166447190934
4172.3			0.8039411533983638
4173.2			0.7929972430540135
4174.1			0.8401763975465307
4175.0			0.870499172665154
4175.9			1.0
4176.8			1.0275255544886044
4177.7			1.0582137405351515
4178.6			1.1127994798535787
4179.5			1.1765886370656242
4180.4			1.1738099199778984
4181.3			1.0947792124677833
4182.2			1.0336517496131106
4183.1			1.0553929799154895
4184.0			1.1267876525442397
4184.9			1.1721067757093568
4185.8			1.1206727023624359
4186.7			0.980797663427845
4187.6			0.8963783622603106
4188.5			0.9816398840875571
4189.4			1.133311284170596
4190.3			1.1876492637952685
4191.2			1.165124684929883
4192.1			1.0
4193.0			1.0854008541141484
4193.9			1.1076418317691588
4194.8			1.0275206423823844
4195.7			0.9341583683618222
4196.6			0.8775510716577662
4197.5			0.82133973358012
4198.4			0.7659683313138342
4199.3			0.7641323792414918
4200.2			0.7905399059511203
4201.1			0.7749763843672911
4202.0			0.7527797041423073
4202.9			0.8098367116514135
4203.8			0.9217645108611815
4204.7			1.0082121769630226
4205.6			1.0514189000324086
4206.5			1.070735721210817
4207.4			1.07983838132934
4208.3			1.0714691982819735
4209.2			1.0235950608768403
4210.1			0.9762777847376278
4211.0			0.9994957250119277
4211.9			1.0
4212.8			1.0220071029051048
4213.7			0.9931838948964273
4214.6			0.9212452656683753
4215.5			0.8337651409506476
4216.4			0.8107826117271434
4217.3			1.0
4218.2			1.0788228977996461
4219.1			1.126720469010935
4220.0			1.1613862725710926
4220.9			1.1587141986521867
4221.8			1.0924110669411564
4222.7			0.9863984354140034
4223.6			0.8637082563077242
4224.5			0.711195498866523
4225.4			0.533415008666555
4226.3			0.3968412536084043
4227.2			0.4011690622829302
4228.1			1.0
4229.0			1.305375168367763
4229.9			1.5009344814449441
4230.8			1.5845741921999041
4231.7			1.556321846009266
4232.6			1.4188280181266855
4233.5			1.2770983837122318
4234.4			1.1881976226593052
4235.3			1.0819625047253225
4236.2			0.9898672714599853
4237.1			0.9930844824686166
4238.0			1.026299109041827
4238.9			1.0063818561643438
4239.8			0.9770983585585244
4240.7			1.0024495730757643
4241.6			1.0
4242.5			1.0086796208754216
4243.4			1.0208917572334106
4244.3			1.0745641033409532
4245.2			1.1044799324985963
4246.1			1.0682302070632814
4247.0			0.9862868109413736
4247.9			0.9055776611821074
4248.8			0.8356355377661843
4249.7			0.7461029489822079
4250.6			0.713633383810207
4251.5			0.8129576946386015
4252.4			0.914025914010179
4253.3			0.8608409907826136
4254.2			0.7396040237186029
4255.1			0.7609346045862713
4256.0			1.0
4256.9			1.1541775465883106
4257.8			1.1359489477384126
4258.7			0.9709705182428786
4259.6			0.7842032841104217
4260.5			0.6928668207160166
4261.4			0.7518929501746157
4262.3			0.8971665787158616
4263.2			0.9949306505994363
4264.1			1.0
4265.0			1.0172825639748049
4265.9			1.030181996509051
4266.8			0.9998070038041874
4267.7			0.946033371040376
4268.6			0.9037558363409122
4269.5			0.832153446413875
4270.4			0.6886596563108155
4271.3			0.5464934136511453
4272.2			0.5206434731101395
4273.1			0.5805705413912945
4274.0			0.606487241087427
4274.9			0.6268176831796822
4275.8			0.7443984600528016
4276.7			0.9208523176648307
4277.6			1.049809719734841
4278.5			1.0770962731112088
4279.4			0.999543287539222
4280.3			1.0
4281.2			1.0
4282.1			1.0
4283.0			1.0
4283.9			1.0
4284.8			1.0
4285.7			1.0
4286.6			1.0
4287.5			0.9995929292585285
4288.4			0.9079720070136752
4289.3			0.7600612303573612
4290.2			0.7070782182014458
4291.1			0.7998910622834988
4292.0			0.9303645743905454
4292.9			0.9789851274218823
4293.8			0.937194188626748
4294.7			0.9015382096393185
4295.6			0.918202224282527
4296.5			0.9118539993335538
4297.4			0.836985223353724
4298.3			0.7206232580270171
4299.2			0.6115654769633452
4300.1			0.57729393415837
4301.0			0.6180455074462489
4301.9			0.6551868033287856
4302.8			0.6645580324397148
4303.7			0.6778247940990805
4304.6			0.6840248424680344
4305.5			0.6531379739029617
4306.4			0.5856158130692405
4307.3			0.500508000692923
4308.2			0.45017976199157783
4309.1			0.4751031383638595
4310.0			0.5389479026792725
4310.9			0.594401746854155
4311.8			0.6465084614533338
4312.7			0.7154629770088086
4313.6			0.7906417894339138
4314.5			0.869864478860432
4315.4			0.988038812633159
4316.3			1.1181253894210976
4317.2			1.173339576592356
4318.1			1.1529194711905215
4319.0			1.0
4319.9			1.000974304558721
4320.8			0.9817730348038415
4321.7			0.9300358597758297
4322.6			0.8301220586265199
4323.5			0.683191090031084
4324.4			0.5428517718234482
4325.3			0.4685603180078793
4326.2			0.5150275851122553
4327.1			0.6843934997099692
4328.0			0.8730505857816973
4328.9			0.9785584561950734
4329.8			1.0005698092431254
4330.7			1.002152569166803
4331.6			1.0
4332.5			1.020890103949805
4333.4			1.036013311237843
4334.3			1.048692961834544
4335.2			1.0454922893217373
4336.1			0.9871933344017403
4337.0			0.8782502663107622
4337.9			0.7903616337372871
4338.8			0.7467710056590182
4339.7			0.7211398195407671
4340.6			0.7376225233528113
4341.5			0.8161115067420408
4342.4			0.8949503568594299
4343.3			0.9194893574890493
4344.2			0.9336018578640081
4345.1			1.0
4346.0			1.0283526698200196
4346.9			1.0222250003719398
4347.8			1.0336017563879487
4348.7			1.0791537794940997
4349.6			1.0824316509300411
4350.5			0.9729507794845635
4351.4			0.8122446208035633
4352.3			0.7450353860762715
4353.2			0.8152668867308174
4354.1			0.9091596033627697
4355.0			0.9444295668286083
4355.9			0.9697460939278252
4356.8			1.0195528495020538
4357.7			1.038569837413957
4358.6			1.0018817320608517
4359.5			1.0
4360.4			1.0
4361.3			1.0
4362.2			1.0
4363.1			1.0
4364.0			1.0
4364.9			1.0
4365.8			1.0
4366.7			1.0
4367.6			1.0
4368.5			1.0
4369.4			1.0
4370.3			1.0
4371.2			1.0
4372.1			1.0
4373.0			0.9690238382834202
4373.9			0.9061117615830848
4374.8			0.8455665838150638
4375.7			0.8381164581983434
4376.6			0.9013823100041609
4377.5			0.9864451515484851
4378.4			1.0227627371818546
4379.3			1.0037833779236656
4380.2			0.9594489619034938
4381.1			0.8745491698127228
4382.0			0.7177222637123545
4382.9			0.5282464406444617
4383.8			0.43975174097656816
4384.7			0.5393217786037835
4385.6			0.7427115018417089
4386.5			0.8973984825830602
4387.4			0.9454315939204763
4388.3			0.9347970589175439
4389.2			0.923286077423404
4390.1			0.9300104589815421
4391.0			0.9642310170238183
4391.9			1.012840431235385
4392.8			1.0379201999723175
4393.7			1.0235629860742188
4394.6			1.0002712596514154
4395.5			1.0
4396.4			1.061690767610671
4397.3			1.1145631258031863
4398.2			1.101198644155498
4399.1			1.0311449053398092
4400.0			0.9468536348582991
4400.9			0.9052525154690055
4401.8			0.9147849425000214
4402.7			0.8775936637941419
4403.6			0.7310617314059041
4404.5			0.5911446879091432
4405.4			0.599164289458567
4406.3			0.7132313777985742
4407.2			0.7932825232114781
4408.1			0.8226401955761349
4409.0			0.877680706519497
4409.9			0.9602334017876775
4410.8			1.0
4411.7			1.0192778313461943
4412.6			1.002240447926207
4413.5			0.91307918610119
4414.4			0.7728312517012667
4415.3			0.6971625475437251
4416.2			0.7494760052051883
4417.1			0.8545606321553332
4418.0			0.9398024129240984
4418.9			1.0
4419.8			1.0301870139624423
4420.7			1.000505541085163
4421.6			0.9340737544283331
4422.5			0.8932483683815351
4423.4			0.9026438997906264
4424.3			0.9128593569586964
4425.2			0.8873960006977587
4426.1			0.8630985374386972
4427.0			0.883847319975734
4427.9			0.9367845750017899
4428.8			0.970424076679248
4429.7			1.0
4430.6			0.9788602432499398
4431.5			1.0005940785304954
4432.4			1.0023953102201175
4433.3			0.9332701542823556
4434.2			0.8280238987719817
4435.1			0.7657440446625834
4436.0			0.7997980452985739
4436.9			0.8985016834394322
4437.8			0.9855907639382053
4438.7			1.021342369367341
4439.6			1.0011362738354168
4440.5			1.0
4441.4			1.0
4442.3			1.0
4443.2			1.0
4444.1			1.0814082999909995
4445.0			1.1647532942106795
4445.9			1.1828370067699066
4446.8			1.1348942679925373
4447.7			1.1025341770503148
4448.6			1.1216379211108507
4449.5			1.1346567719067473
4450.4			1.1161655930674697
4451.3			1.0994672340920337
4452.2			1.0789609896641654
4453.1			1.0076825062181964
4454.0			0.8833513939671784
4454.9			0.7903126528797311
4455.8			0.7987322052408382
4456.7			0.859184268076515
4457.6			0.8862127395618808
4458.5			0.8726239407474284
4459.4			0.858985289890669
4460.3			0.8487088771193032
4461.2			0.8324043261281326
4462.1			0.8577049764424258
4463.0			0.9430680943963594
4463.9			1.0152778577591086
4464.8			1.022369947764019
4465.7			0.9976695367058179
4466.6			1.0
4467.5			1.0
4468.4			1.0
4469.3			1.0
4470.2			1.0
4471.1			1.0
4472.0			1.0
4472.9			1.0
4473.8			1.0
4474.7			1.0
4475.6			1.0
4476.5			1.0
4477.4			1.0436661252287283
4478.3			1.0471345666570142
4479.2			0.9908299104031306
4480.1			0.913952734644888
4481.0			0.8499920585308511
4481.9			0.8247850128824115
4482.8			0.8610341461308507
4483.7			0.932260288696689
4484.6			0.9815562157220081
4485.5			1.0001167925881111
4486.4			0.9977382232005124
4487.3			1.0
4488.2			1.0
4489.1			1.0
4490.0			1.0
4490.9			1.0353924811319841
4491.8			1.0726975459875574
4492.7			1.0619752169420027
4493.6			0.9887644051265326
4494.5			0.9104845785035555
4495.4			0.8949820472322347
4496.3			0.9272620519255255
4497.2			0.9688339635620016
4498.1			1.0006240232725425
4499.0			1.0144340530571865
4499.9			1.0008809711995417
4500.8			1.0
4501.7			1.0
4502.6			1.0
4503.5			1.0
4504.4			1.0
4505.3			1.0
4506.2			1.0
4507.1			1.0
4508.0			1.0
4508.9			1.0
4509.8			1.0
4510.7			1.0
4511.6			1.0
4512.5			1.0
4513.4			1.0
4514.3			1.0
4515.2			1.0198717208018397
4516.1			1.0363074236884935
4517.0			1.0181550847715624
4517.9			0.9938861561483427
4518.8			1.0116542535573572
4519.7			1.0527167688498866
4520.6			1.0724675397516372
4521.5			1.0582306411624187
4522.4			1.0226352009760442
4523.3			0.9962890979406892
4524.2			0.9819086925947541
4525.1			0.9451111456392467
4526.0			0.8826925392813314
4526.9			0.820188263383423
4527.8			0.7804061777293263
4528.7			0.7789986832417921
4529.6			0.8081828014821066
4530.5			0.8426595671282956
4531.4			0.8739358606366915
4532.3			0.891105246838543
4533.2			0.8638837502575331
4534.1			0.8115091564497556
4535.0			0.787339813999079
4535.9			1.0
4536.8			1.1243188428503796
4537.7			1.217331486290169
4538.6			1.2142187758314356
4539.5			1.159342488813717
4540.4			1.10973434069599
4541.3			1.1039410645836527
4542.2			1.1321261879544522
4543.1			1.1394422963201554
4544.0			1.100077758912783
4544.9			1.0518401857056634
4545.8			1.0347187436825414
4546.7			1.0368274965955784
4547.6			1.02522814834424
4548.5			0.9942979887084734
4549.4			0.9754221835371131
4550.3			0.9945554194285265
4551.2			1.0204550289532395
4552.1			1.0121360717724763
4553.0			0.9817896525016017
4553.9			0.9521730416978811
4554.8			0.9334517602906752
4555.7			0.9428574422601708
4556.6			0.9833371752216681
4557.5			1.0247049041326812
4558.4			1.0405055616323555
4559.3			1.0321467152505088
4560.2			1.0
4561.1			1.0014841961604783
4562.0			0.9995780507374471
4562.9			0.9732185865051566
4563.8			0.9306764333887787
4564.7			0.9014356209682142
4565.6			0.9084037589879643
4566.5			0.9475792262314185
4567.4			0.9888147386816807
4568.3			1.0000069703503207
4569.2			1.0
4570.1			1.0
4571.0			1.0
4571.9			0.9912886432562946
4572.8			1.038618929915107
4573.7			1.0802097609578036
4574.6			1.0847120762748939
4575.5			1.0763068540956007
4576.4			1.065713426592593
4577.3			1.0457330839125973
4578.2			1.0140971011236701
4579.1			0.9689620705919463
4580.0			0.9201592903251004
4580.9			0.9037926683832233
4581.8			0.9374417015786735
4582.7			0.9787356785837326
4583.6			1.0
4584.5			0.9648315977418209
4585.4			0.928154668577061
4586.3			0.9342099131873186
4587.2			0.9897432672082719
4588.1			1.0501820551562127
4589.0			1.0720481820509744
4589.9			1.0537580111408893
4590.8			1.0144857868858912
4591.7			0.9773661848188586
4592.6			0.9634549043739606
4593.5			0.9731887166617206
4594.4			0.982587664399635
4595.3			0.9825452675020047
4596.2			0.9827929888457596
4597.1			0.9827255448394874
4598.0			0.9809588391054007
4598.9			0.9783719503051914
4599.8			0.9638343429717415
4600.7			0.947767855271158
4601.6			0.9468055339008257
4602.5			0.9543503375086162
4603.4			0.9677027251336534
4604.3			0.9805782385484725
4605.2			0.9831071497106617
4606.1			0.9874647306196932
4607.0			1.0056265296860527
4607.9			1.0388905444851628
4608.8			1.0689944521587749
4609.7			1.0653392109434903
4610.6			1.032123037778777
4611.5			1.0024221987743687
4612.4			0.9915045493603558
4613.3			0.9969313763426448
4614.2			1.0192726409661965
4615.1			1.0351243647281296
4616.0			1.0276108482079234
4616.9			1.017349782620325
4617.8			1.0116732437942966
4618.7			0.9998913045908957
4619.6			1.0
4620.5			1.0
4621.4			1.0
4622.3			1.0
4623.2			1.0
4624.1			1.0
4625.0			1.0
4625.9			1.0
4626.8			1.0
4627.7			1.0
4628.6			1.0
4629.5			1.0
4630.4			1.0
4631.3			1.0
4632.2			1.0
4633.1			0.9768358559980551
4634.0			0.9758018174475548
4634.9			0.9834308416212477
4635.8			0.9750195462530693
4636.7			0.9426880642177975
4637.6			0.9093700922699347
4638.5			0.899821084802579
4639.4			0.9108592528993041
4640.3			0.9388006961661723
4641.2			0.9748589465460452
4642.1			0.9905005387557262
4643.0			0.9787808445010737
4643.9			0.958492397844376
4644.8			0.9268326112252268
4645.7			0.8772464446508489
4646.6			0.8419176053788193
4647.5			0.8459194814289817
4648.4			0.8731905315333414
4649.3			0.9066968954981873
4650.2			0.9322367551778141
4651.1			0.9363175060844622
4652.0			0.9330618332836703
4652.9			0.9308372443728059
4653.8			0.9088773904295365
4654.7			0.8806488802018899
4655.6			0.8817542811168682
4656.5			0.909305900059486
4657.4			0.9449505024656163
4658.3			0.9794985248971715
4659.2			1.0006061170066527
4660.1			1.0
4661.0			0.9856001384116124
4661.9			0.9658303263837962
4662.8			0.9475157855192246
4663.7			0.9381286605407547
4664.6			0.9358393967230648
4665.5			0.9084743216260197
4666.4			0.8403818945188875
4667.3			0.7834800087090587
4668.2			0.8030542039016534
4669.1			0.888131983286765
4670.0			0.9744117851058374
4670.9			1.0183330438011866
4671.8			1.0165909205798218
4672.7			0.9962485550443598
4673.6			0.9945896458869
4674.5			1.0
4675.4			1.0
4676.3			1.0
4677.2			1.0
4678.1			1.0
4679.0			1.0
4679.9			1.0
4680.8			1.0
4681.7			1.0
4682.6			1.0
4683.5			1.0
4684.4			1.0
4685.3			1.0
4686.2			1.0
4687.1			1.0
4688.0			1.0
4688.9			1.0
4689.8			1.0
4690.7			0.9866668009805528
4691.6			0.9802590096128792
4692.5			0.9955604059895311
4693.4			1.0183286838987302
4694.3			1.0348550653861934
4695.2			1.0485253903606089
4696.1			1.050265738648711
4697.0			1.025058826723777
4697.9			0.9754740398526127
4698.8			0.9369354353762437
4699.7			0.9379541416058668
4700.6			0.9439395070897119
4701.5			0.9085347902454636
4702.4			0.8520362389574926
4703.3			0.8430497302953336
4704.2			0.9051215498326645
4705.1			0.9707961228076254
4706.0			0.9777631163491428
4706.9			0.93876550499743
4707.8			0.9067216477663342
4708.7			0.9068307394018525
4709.6			0.9266155625479069
4710.5			0.9639300142781787
4711.4			1.0081104120216582
4712.3			1.021274833401811
4713.2			0.9921632252950987
4714.1			0.9562797812063205
4715.0			0.9578211727675598
4715.9			1.0
4716.8			1.0346930979789795
4717.7			1.0421413936875066
4718.6			1.0517953972621974
4719.5			1.072351248795555
4720.4			1.077216148291259
4721.3			1.0551260079198932
4722.2			1.0340471842813712
4723.1			1.0368951419551848
4724.0			1.0553182403551964
4724.9			1.0678930203588852
4725.8			1.051712276245259
4726.7			1.0004724209512172
4727.6			0.9471029346742714
4728.5			0.9313318720680919
4729.4			0.9406713749472229
4730.3			0.9488246257675572
4731.2			0.964910132403202
4732.1			0.9892105721167722
4733.0			1.0016649763493435
4733.9			1.0038648371260595
4734.8			0.9974022402877061
4735.7			0.9682126986309837
4736.6			0.9386147306975932
4737.5			0.9562334525607558
4738.4			1.0030324561197284
4739.3			1.017879189373204
4740.2			1.0001716433931747
4741.1			1.0
4742.0			1.0
4742.9			1.0
4743.8			1.0055100031747728
4744.7			0.9971402589307182
4745.6			0.9988641344007549
4746.5			1.0166304156803374
4747.4			1.0273755121657708
4748.3			1.0229116812316839
4749.2			1.0198745464403391
4750.1			1.018792391040259
4751.0			1.012743630799307
4751.9			0.9969435298658221
4752.8			0.972786132956612
4753.7			0.9510503981969726
4754.6			0.9440924479098162
4755.5			0.9483797277073229
4756.4			0.9569534955954582
4757.3			0.9709725853961864
4758.2			0.9908845354711602
4759.1			1.0121806678925376
4760.0			1.0197423283396068
4760.9			0.9978802148218694
4761.8			0.9659163230864165
4762.7			0.9556493841862393
4763.6			0.9621740909609972
4764.5			0.9531910392182968
4765.4			0.9301167339607281
4766.3			0.9240732470463376
4767.2			0.9472366295412918
4768.1			0.9827736804257076
4769.0			1.0124256686877444
4769.9			1.0243489541157438
4770.8			1.007709942168482
4771.7			0.9851303364367343
4772.6			0.9903482739851501
4773.5			1.0226112238163263
4774.4			1.0504227539157562
4775.3			1.0515573443792348
4776.2			1.041379580214306
4777.1			1.0463308250401482
4778.0			1.053248588875515
4778.9			1.0428310642523584
4779.8			1.028864599205678
4780.7			1.0269609531598347
4781.6			1.0201543448649617
4782.5			0.9924838226891779
4783.4			0.9743854255982809
4784.3			0.9957493844752219
4785.2			1.0160131474158802
4786.1			1.0026936159399311
4787.0			0.9913289044791843
4787.9			0.9976578014563167
4788.8			0.9995548866722037
4789.7			1.0
4790.6			1.0
4791.5			1.0
4792.4			1.0
4793.3			1.0
4794.2			1.0
4795.1			1.0
4796.0			1.0
4796.9			1.0
4797.8			1.0
4798.7			1.0
4799.6			1.0
4800.5			1.0
4801.4			1.0
4802.3			1.0
4803.2			1.0
4804.1			1.0
4805.0			1.0
4805.9			1.0
4806.8			1.0
4807.7			1.0
4808.6			1.0
4809.5			1.0
4810.4			1.0
4811.3			1.0
4812.2			1.0
4813.1			1.0
4814.0			1.0
4814.9			1.0
4815.8			1.0
4816.7			1.0
4817.6			1.0
4818.5			1.0
4819.4			1.0
4820.3			1.0
4821.2			0.9845732687565715
4822.1			0.9476615142244463
4823.0			0.9055618431090517
4823.9			0.9009262335578475
4824.8			0.9412095406007768
4825.7			0.9844324461454558
4826.6			0.9968523601251073
4827.5			1.0
4828.4			1.0
4829.3			1.0
4830.2			1.0
4831.1			1.0
4832.0			1.0
4832.9			1.0
4833.8			1.0
4834.7			1.0
4835.6			1.0
4836.5			1.0
4837.4			1.0
4838.3			1.0
4839.2			1.0
4840.1			1.0
4841.0			1.0
4841.9			1.0
4842.8			1.0
4843.7			1.0
4844.6			1.0
4845.5			1.0
4846.4			1.0
4847.3			1.0
4848.2			1.0
4849.1			1.0
4850.0			1.0
4850.9			1.0
4851.8			1.0
4852.7			1.0
4853.6			1.0
4854.5			0.9666910934838587
4855.4			0.9337525227053923
4856.3			0.9436935788914904
4857.2			0.9742529949179207
4858.1			0.9653198202666443
4859.0			0.8939547600247066
4859.9			0.7886135204165222
4860.8			0.7134209382695993
4861.7			0.7316531659936982
4862.6			0.824266337737874
4863.5			0.9069693561342923
4864.4			0.950461929349452
4865.3			0.9784506535256935
4866.2			0.9962969098013927
4867.1			1.0
4868.0			0.9979225258436601
4868.9			0.9871761846576016
4869.8			0.9279350786683686
4870.7			0.8211093042094251
4871.6			0.7630574369726897
4872.5			0.8209461582273097
4873.4			0.9275462721365868
4874.3			0.9882404844432785
4875.2			1.0009015753440569
4876.1			1.0
4877.0			1.0
4877.9			1.0
4878.8			1.0
4879.7			1.0
4880.6			1.0
4881.5			1.0
4882.4			1.0
4883.3			1.0
4884.2			0.9822920782027337
4885.1			0.9335629567264585
4886.0			0.8995313286860992
4886.9			0.8977398519500378
4887.8			0.9049918352319253
4888.7			0.8890327130526101
4889.6			0.8241276337350811
4890.5			0.7297377598360435
4891.4			0.7070743670933733
4892.3			0.806401863461743
4893.2			0.9399979646371057
4894.1			1.0173821975817319
4895.0			1.0378093795758883
4895.9			1.0330757107365958
4896.8			1.0246406236756325
4897.7			1.0169184896468764
4898.6			0.9996945096776565
4899.5			1.0
4900.4			1.0
4901.3			1.0
4902.2			1.0
4903.1			1.0
4904.0			1.0
4904.9			1.0401985092394317
4905.8			1.0785986637179994
4906.7			1.0794283489564678
4907.6			1.0487903669846008
4908.5			1.0037654161139513
4909.4			0.9532294988520016
4910.3			0.9223885676391337
4911.2			0.932174791207669
4912.1			0.9602056269589268
4913.0			0.9731369995093911
4913.9			1.0
4914.8			1.0245881429245138
4915.7			1.040335233296058
4916.6			1.0131122526959842
4917.5			0.9242237577342552
4918.4			0.796118271913394
4919.3			0.6904417048196563
4920.2			0.669210711305092
4921.1			0.7502812966067182
4922.0			0.8762143202271797
4922.9			0.9587770989520382
4923.8			0.9730957314165756
4924.7			0.9728631923569137
4925.6			1.0015939155582625
4926.5			1.0
4927.4			1.0
4928.3			1.0
4929.2			1.0
4930.1			1.0
4931.0			0.9965515786204107
4931.9			0.9744628009417655
4932.8			0.9270618657143129
4933.7			0.892711907161113
4934.6			0.9103671808599152
4935.5			0.94266794973582
4936.4			0.9344999042535389
4937.3			0.8845629751481482
4938.2			0.8291845149500934
4939.1			0.8206928733844048
4940.0			0.8814970182784195
4940.9			0.9550779180298988
4941.8			0.9906113022933571
4942.7			1.0082414935535031
4943.6			1.0247036657545767
4944.5			1.0142376503122594
4945.4			0.9801419335443824
4946.3			0.9701507240852152
4947.2			1.0000088380928132
4948.1			1.0
4949.0			1.0
4949.9			1.0
4950.8			1.0
4951.7			1.0
4952.6			1.0
4953.5			1.0
4954.4			0.9893416231646629
4955.3			0.9423431143231868
4956.2			0.8262641724826935
4957.1			0.7006070636214831
4958.0			0.6972992958767398
4958.9			0.8287203770570708
4959.8			0.958769812435285
4960.7			1.0057298943662918
4961.6			0.9999429883203587
4962.5			1.0
4963.4			1.0
4964.3			1.0
4965.2			1.0
4966.1			1.0
4967.0			1.0
4967.9			1.0
4968.8			1.0
4969.7			1.0
4970.6			1.0
4971.5			1.0
4972.4			1.0
4973.3			1.0
4974.2			1.0
4975.1			1.0
4976.0			1.0
4976.9			0.9866415176114558
4977.8			0.9596824573151387
4978.7			0.9414963961524698
4979.6			0.9479724971195591
4980.5			0.9333656107800585
4981.4			0.8684250405947262
4982.3			0.8008603852134282
4983.2			0.7891547829919496
4984.1			0.8278228620392476
4985.0			0.8795324618541511
4985.9			0.938091622612913
4986.8			0.9996995677428562
4987.7			1.031380691124308
4988.6			1.0239198398366496
4989.5			1.0040629414560232
4990.4			1.0
4991.3			1.0
4992.2			1.0
4993.1			1.0
4994.0			1.0
4994.9			1.0
4995.8			1.0
4996.7			1.0
4997.6			0.9967645663305909
4998.5			0.96848014567586
4999.4			0.9229194584486432
5000.3			0.8967514450187672
5001.2			0.8991498675270082
5002.1			0.9165839329747658
5003.0			0.9504373998518942
5003.9			0.9732499177346571
5004.8			0.9363681086479363
5005.7			0.8667039588615026
5006.6			0.854483913683173
5007.5			0.9230799817695947
5008.4			1.0091509233879126
5009.3			1.0576644639302673
5010.2			1.0612564406160854
5011.1			1.0275143491040712
5012.0			0.976138734241451
5012.9			0.9389652635184393
5013.8			0.9241807138678798
5014.7			0.9409061815313408
5015.6			0.9938509284745732
5016.5			1.0
5017.4			1.0
5018.3			1.0
5019.2			1.0
5020.1			1.0
5021.0			1.0
5021.9			1.0
5022.8			1.0
5023.7			1.0
5024.6			1.0
5025.5			1.0
5026.4			1.0
5027.3			1.0
5028.2			1.0
5029.1			1.0
5030.0			1.0
5030.9			1.0
5031.8			1.0
5032.7			1.0211908733231623
5033.6			1.0219499484699863
5034.5			0.9824080884531755
5035.4			0.9218240401043098
5036.3			0.9027149951910467
5037.2			0.9399090388294696
5038.1			0.9626333357777961
5039.0			0.9228787774622152
5039.9			0.8503254874904006
5040.8			0.7981444148139842
5041.7			0.8229095507460514
5042.6			0.9183275755960935
5043.5			1.0054167044415074
5044.4			1.0
5045.3			1.0339197481810896
5046.2			1.0515549052491342
5047.1			1.0304293268978475
5048.0			0.9686209692755001
5048.9			0.8978740100805706
5049.8			0.8674664174421268
5050.7			0.8870075154370012
5051.6			0.9239770847272005
5052.5			0.9593164403269278
5053.4			0.987475737844126
5054.3			1.0009253357670673
5055.2			1.0
5056.1			1.0
5057.0			1.0
5057.9			1.0
5058.8			0.9996533548910022
5059.7			0.9930927783510827
5060.6			0.9951664699287127
5061.5			0.9980124484323581
5062.4			0.9908199734428722
5063.3			0.9610202151645489
5064.2			0.9077109313260809
5065.1			0.8767327252506564
5066.0			0.8942520653128088
5066.9			0.9130459839581905
5067.8			0.9026473606309776
5068.7			0.8995400633103082
5069.6			0.9302174896243928
5070.5			0.9538085112102729
5071.4			0.933240394586969
5072.3			0.9105180405311242
5073.2			0.9304274113703663
5074.1			0.9569116376737044
5075.0			0.9514718772230879
5075.9			0.9380881485060232
5076.8			0.9438834742881097
5077.7			0.944619150324401
5078.6			0.9008501827526701
5079.5			0.8417585609680023
5080.4			0.8311839054317207
5081.3			0.8583159205355531
5082.2			0.8770253634661284
5083.1			0.8858921698864708
5084.0			0.9090635835840775
5084.9			0.9503552272843524
5085.8			0.9877013559560975
5086.7			1.0019709242362569
5087.6			0.9958783067755589
5088.5			0.9884613904668241
5089.4			0.9866788211772987
5090.3			0.9863774791321486
5091.2			1.0
5092.1			1.0351055044950417
5093.0			1.0678979635439663
5093.9			1.0621285983108066
5094.8			1.0218168552591926
5095.7			0.986523834106721
5096.6			0.9769868818982571
5097.5			0.9660691713867626
5098.4			0.9339671098739227
5099.3			0.9188627477626516
5100.2			0.9543930627607868
5101.1			1.0120204376930688
5102.0			1.0510668502873577
5102.9			1.0590377595977871
5103.8			1.042415111807262
5104.7			1.0249733497328872
5105.6			1.0177473581307201
5106.5			1.0028461640584445
5107.4			1.0
5108.3			1.0
5109.2			1.0
5110.1			1.0
5111.0			1.0
5111.9			1.0
5112.8			1.0
5113.7			1.0
5114.6			1.0
5115.5			1.0
5116.4			1.0
5117.3			1.0
5118.2			1.0
5119.1			1.0
5120.0			0.9752239689028231
5120.9			0.9578654436891044
5121.8			0.9503262314264345
5122.7			0.9262759075084104
5123.6			0.8783490741839849
5124.5			0.8487038605682989
5125.4			0.8594139915649234
5126.3			0.8840099609134457
5127.2			0.8999810573666199
5128.1			0.9018990951905178
5129.0			0.887441543225407
5129.9			0.8799892440978516
5130.8			0.9067446649570412
5131.7			0.9434945665627024
5132.6			0.9466307379896585
5133.5			0.9251041179183098
5134.4			0.9268820987682169
5135.3			0.9507791275864391
5136.2			0.9488025114951711
5137.1			0.9072916191499004
5138.0			0.8471447060785912
5138.9			0.8033245603429725
5139.8			0.821523652925517
5140.7			0.8749983522913889
5141.6			0.8791510901511976
5142.5			0.8517936467435692
5143.4			0.8666844311857509
5144.3			0.8997291759729635
5145.2			0.8975397876655055
5146.1			0.875181956633754
5147.0			0.8679866001484664
5147.9			0.8795578960689496
5148.8			0.8917215847368435
5149.7			0.8861670149311143
5150.6			0.8676924862508822
5151.5			0.8568772301670886
5152.4			0.8499704369659798
5153.3			0.8412630547341108
5154.2			0.85025890380873
5155.1			0.8876086902575178
5156.0			0.936238947010628
5156.9			1.0
5157.8			1.0255289401334187
5158.7			1.024593042568426
5159.6			1.0193800806966535
5160.5			1.0225570820689438
5161.4			1.003127009281502
5162.3			0.9614793341340659
5163.2			0.9408591254108962
5164.1			0.92196626898946
5165.0			0.8365235218753682
5165.9			0.687146310228872
5166.8			0.5575358565780203
5167.7			0.5343627953586187
5168.6			0.6237907362330141
5169.5			0.7245846123598265
5170.4			0.7199170981919082
5171.3			0.6025698027254781
5172.2			0.48665058537833605
5173.1			0.4946603311906757
5174.0			0.6340744864988827
5174.9			0.8022993713960438
5175.8			0.9095201406426663
5176.7			0.9503997441635189
5177.6			0.9626397778729392
5178.5			0.9613001738499505
5179.4			0.9337210211486306
5180.3			0.8683160253685398
5181.2			0.7552360890494983
5182.1			0.6092606793058241
5183.0			0.49248800783715885
5183.9			0.4879361408193246
5184.8			0.6194289996395226
5185.7			0.8126730230357401
5186.6			0.967052117648275
5187.5			1.0410475040805331
5188.4			1.068499647550887
5189.3			1.094724127495622
5190.2			1.0883051148176988
5191.1			1.0096833321739354
5192.0			0.9381248017390392
5192.9			0.9685533907844344
5193.8			1.0474776144493998
5194.7			1.0787592018124923
5195.6			1.0883292460501297
5196.5			1.1331088023668712
5197.4			1.1862961365100493
5198.3			1.2145250715361913
5199.2			1.0
5200.1			1.0135207071815704
5201.0			1.006490025435747
5201.9			0.9782954458784947
5202.8			0.939440481953905
5203.7			0.8784651694509585
5204.6			0.7997465318829781
5205.5			0.7508057692312361
5206.4			0.749111769867656
5207.3			0.746161101639504
5208.2			0.7254081650315306
5209.1			0.7439480094516322
5210.0			0.8296627820007655
5210.9			0.9530256463074939
5211.8			1.0712682898426988
5212.7			1.1416561613070393
5213.6			1.1384675028445772
5214.5			1.0800075852817763
5215.4			1.0
5216.3			0.9729294633490007
5217.2			0.9943598451225504
5218.1			1.0472952486787823
5219.0			1.098103014068578
5219.9			1.1191670431278369
5220.8			1.117654219366899
5221.7			1.1033254193053486
5222.6			1.0684112135144257
5223.5			1.015173226733835
5224.4			0.9503164762990367
5225.3			0.8698575095719042
5226.2			0.787369045499102
5227.1			0.7617333771622997
5228.0			0.8264928459310656
5228.9			0.9143498061359142
5229.8			0.9569611018792847
5230.7			0.9574058138031627
5231.6			0.9148255067150044
5232.5			0.8487729331359266
5233.4			0.8331829879475666
5234.3			0.8836745329071753
5235.2			0.9405603837159809
5236.1			0.9780764875113956
5237.0			0.9998081910322035
5237.9			1.0020318204737377
5238.8			1.0
5239.7			1.0
5240.6			1.0014901021856728
5241.5			0.9940606039620693
5242.4			0.9831711711637535
5243.3			0.9882770313087723
5244.2			1.0116088050601144
5245.1			1.0205230536694179
5246.0			0.9891749782786912
5246.9			0.9472196794396931
5247.8			0.9404012340148994
5248.7			0.9554108853431423
5249.6			0.9498220955033964
5250.5			0.9312527560953714
5251.4			0.9355857896799419
5252.3			0.9548020627742508
5253.2			0.9595001634459819
5254.1			0.9470605386545089
5255.0			0.9421806161334652
5255.9			1.0
5256.8			1.0483537882418221
5257.7			1.080543717493631
5258.6			1.0906915734017568
5259.5			1.0801572115305884
5260.4			1.0393282904132728
5261.3			0.9736260227431244
5262.2			0.9071849637168597
5263.1			0.8602027434955489
5264.0			0.8270382935786308
5264.9			0.7926422967357211
5265.8			0.775620118467845
5266.7			0.8054576334707751
5267.6			0.8264807995408079
5268.5			0.7515781110850125
5269.4			0.645175707233994
5270.3			0.6659915604919693
5271.2			0.8146871182053258
5272.1			0.943370177920066
5273.0			0.9879341804424235
5273.9			0.9965593279853634
5274.8			1.0011367397393436
5275.7			1.0186221824666502
5276.6			1.072584920312125
5277.5			1.0
5278.4			1.0225366379860212
5279.3			1.0029626010601091
5280.2			0.9552948792561233
5281.1			0.8984393627157998
5282.0			0.8512369831064177
5282.9			0.8252650301166214
5283.8			0.8364501741228093
5284.7			0.8953412038546626
5285.6			0.9667564636669824
5286.5			1.0032840340767446
5287.4			1.0018458002847401
5288.3			1.0
5289.2			1.0
5290.1			1.0
5291.0			1.0043204006976785
5291.9			0.999340170961288
5292.8			0.9888906638585094
5293.7			0.9811898571106971
5294.6			0.9698801101805063
5295.5			0.9341018362318868
5296.4			0.868965080190305
5297.3			0.8092430775070084
5298.2			0.8076734164832184
5299.1			0.8638100968051552
5300.0			0.9119938952033152
5300.9			0.9132223093711024
5301.8			0.8988683407359596
5302.7			0.9147192478599563
5303.6			0.9579141508410897
5304.5			0.9926061697802416
5305.4			1.000026773261387
5306.3			1.0
5307.2			1.0
5308.1			1.0
5309.0			1.0
5309.9			1.0
5310.8			1.0
5311.7			1.0
5312.6			1.0
5313.5			1.0
5314.4			1.0
5315.3			1.0
5316.2			1.0
5317.1			1.0
5318.0			1.0
5318.9			1.0
5319.8			1.0
5320.7			0.9870626520458597
5321.6			0.9697655170645302
5322.5			0.9294500449058251
5323.4			0.8679606892895735
5324.3			0.8405494490994416
5325.2			0.8669423128838027
5326.1			0.8607584681570519
5327.0			0.7581953833649476
5327.9			0.6479317147576261
5328.8			0.6642436925608028
5329.7			0.7937049770920843
5330.6			0.9113087735451983
5331.5			0.9518750667367734
5332.4			0.9498065077699431
5333.3			0.9576674274654737
5334.2			0.9831455009865898
5335.1			1.000411613724258
5336.0			1.0
5336.9			0.9980106145697344
5337.8			0.9885115528876207
5338.7			0.9478861507117015
5339.6			0.8794331010618327
5340.5			0.8434325074536158
5341.4			0.8807172875022986
5342.3			0.9497430609541858
5343.2			0.9929971910312315
5344.1			0.9973299713643748
5345.0			1.0
5345.9			1.0
5346.8			1.0
5347.7			1.0
5348.6			1.0
5349.5			1.0
5350.4			1.0
5351.3			1.0
5352.2			1.0
5353.1			1.0
5354.0			1.0
5354.9			1.0
5355.8			1.0
5356.7			1.0
5357.6			1.0
5358.5			1.0
5359.4			1.0
5360.3			1.0
5361.2			1.0
5362.1			0.9834991864127869
5363.0			0.9670415339802879
5363.9			0.9454617631231472
5364.8			0.9253384669500778
5365.7			0.9203288649770931
5366.6			0.9249002208485508
5367.5			0.9241267411911124
5368.4			0.9057117925672988
5369.3			0.8507270324613595
5370.2			0.7698974108379507
5371.1			0.7264290101428329
5372.0			0.7713587004974902
5372.9			0.8726701095429565
5373.8			0.9575713729235676
5374.7			1.000077176048984
5375.6			1.0115388008128412
5376.5			1.0054142065286213
5377.4			0.9983663061211866
5378.3			0.9977988347807727
5379.2			1.0006175480993658
5380.1			1.0006743584584037
5381.0			1.0
5381.9			1.0
5382.8			1.0
5383.7			1.0
5384.6			1.0
5385.5			1.0
5386.4			1.0
5387.3			1.0
5388.2			1.0
5389.1			1.0
5390.0			1.0
5390.9			1.0
5391.8			1.0
5392.7			1.0
5393.6			1.0
5394.5			1.0
5395.4			1.0
5396.3			1.0
5397.2			0.9562140146929027
5398.1			0.9961947780560517
5399.0			1.0618893550376556
5399.9			1.085002210225383
5400.8			1.0882244855256487
5401.7			1.0966012806042873
5402.6			1.071055451005953
5403.5			0.9847948980037103
5404.4			0.8803926544354406
5405.3			0.8249628655459048
5406.2			0.8564813254041851
5407.1			0.9386185457548454
5408.0			0.9821577958332574
5408.9			0.9522962098535953
5409.8			0.906941538051904
5410.7			0.9131747006875164
5411.6			0.9650304676961443
5412.5			1.0078425263679072
5413.4			1.0066141413761744
5414.3			1.0
5415.2			1.0
5416.1			1.0
5417.0			1.0
5417.9			1.0
5418.8			1.0
5419.7			1.0
5420.6			0.989680892402003
5421.5			0.9993248650549573
5422.4			0.9911430383920031
5423.3			0.9481633676156723
5424.2			0.9208684206674247
5425.1			0.9501299099055083
5426.0			1.003381822812832
5426.9			1.025284218426689
5427.8			0.9811144183646112
5428.7			0.8856785696536524
5429.6			0.8254172064635593
5430.5			0.8605660943051973
5431.4			0.9231678797787145
5432.3			0.9293854898814373
5433.2			0.8863361228085362
5434.1			0.8462566502131136
5435.0			0.8470565369147426
5435.9			0.8877810701985744
5436.8			0.9376353012677684
5437.7			0.9756691368794576
5438.6			0.9983394661606187
5439.5			1.0
5440.4			1.0
5441.3			1.0
5442.2			1.0
5443.1			0.9900078651280837
5444.0			0.9562678527029931
5444.9			0.8925290851846762
5445.8			0.8154847596704307
5446.7			0.7789165367538216
5447.6			0.8273814104597462
5448.5			0.9210451489693204
5449.4			0.9851343881253212
5450.3			0.9998535856344472
5451.2			1.0
5452.1			0.993141689265633
5453.0			0.9748162520170415
5453.9			0.9218559351756691
5454.8			0.8473041202230573
5455.7			0.8220415765220442
5456.6			0.8806206265828063
5457.5			0.960340916982488
5458.4			1.0008076714583176
5459.3			0.9998781993039955
5460.2			1.0
5461.1			1.0
5462.0			1.0
5462.9			1.0
5463.8			1.0
5464.7			1.0
5465.6			1.0
5466.5			1.0
5467.4			1.0
5468.3			1.0
5469.2			1.0
5470.1			0.984725906624056
5471.0			0.9848032823699653
5471.9			0.9930288184671829
5472.8			0.9866603048491109
5473.7			0.9758259112792009
5474.6			0.9649896992557877
5475.5			0.9275283503851026
5476.4			0.8800701667320241
5477.3			0.8906726635126503
5478.2			0.9624295227948134
5479.1			1.0180966868500658
5480.0			1.01222707476867
5480.9			0.97965674167933
5481.8			0.9731351140790387
5482.7			1.0028638635195781
5483.6			1.0
5484.5			1.0
5485.4			1.0
5486.3			1.0
5487.2			1.0
5488.1			1.0
5489.0			1.0
5489.9			1.0
5490.8			1.0
5491.7			1.0
5492.6			1.0
5493.5			1.0
5494.4			1.0
5495.3			1.0
5496.2			1.0
5497.1			1.0
5498.0			1.0
5498.9			1.0
5499.8			1.0
5500.7			1.0
5501.6			1.0
5502.5			1.0
5503.4			1.0
5504.3			1.0
5505.2			1.0
5506.1			1.0
5507.0			1.0
5507.9			1.0334598918064102
5508.8			1.0598543685795485
5509.7			1.0547870684771228
5510.6			1.0272637809693812
5511.5			0.9835627155098924
5512.4			0.9414631133010213
5513.3			0.9276764284112488
5514.2			0.9427940280361485
5515.1			0.9642166156753316
5516.0			0.9778321648631592
5516.9			0.9869950862877525
5517.8			0.9979408586632486
5518.7			1.0040622034839999
5519.6			1.0
5520.5			1.0
5521.4			1.0
5522.3			1.0
5523.2			1.0
5524.1			1.0
5525.0			0.9922744886367427
5525.9			0.9713866253925604
5526.8			0.9248518986557924
5527.7			0.867160080729542
5528.6			0.8566115203054542
5529.5			0.9105490191722366
5530.4			0.9747724806483694
5531.3			1.0009769686234846
5532.2			0.9994056586889202
5533.1			1.0
5534.0			1.0
5534.9			1.0
5535.8			1.0
5536.7			1.0
5537.6			1.0
5538.5			1.0
5539.4			1.0
5540.3			1.0
5541.2			1.0
5542.1			1.0
5543.0			1.0
5543.9			1.0
5544.8			1.0
5545.7			1.0
5546.6			1.0
5547.5			1.0
5548.4			1.0
5549.3			1.0
5550.200000000001			1.0
5551.1			1.0
5552.0			1.0
5552.9			1.0
5553.8			1.0
5554.700000000001			1.0
5555.6			1.0
5556.5			1.0
5557.4			1.0
5558.3			1.0123860421462199
5559.200000000001			1.025210282054363
5560.1			1.029647662658589
5561.0			1.023833874981597
5561.9			1.0098849247711301
5562.8			0.9967607465189446
5563.700000000001			0.9952762844001505
5564.6			0.9981931762533539
5565.5			0.9959585847865031
5566.4			1.0005127146376522
5567.3			1.014362784282827
5568.200000000001			1.0137243686998965
5569.1			0.9973691512447315
5570.0			1.0040597420191077
5570.9			1.0296332034113813
5571.8			1.0170290924505025
5572.700000000001			0.989219921065626
5573.6			1.0159006714929681
5574.5			1.0655339078151629
5575.4			1.078750834027764
5576.3			1.0
5577.200000000001			1.0245862426529504
5578.1			1.0457251440453503
5579.0			1.0540588584838957
5579.9			1.0591509603232176
5580.8			1.0490172433669749
5581.700000000001			1.0299600677649579
5582.6			1.0300308053110878
5583.5			1.0428620650675284
5584.4			1.0352908246027794
5585.3			0.9867658406182405
5586.200000000001			0.9121399309800899
5587.1			0.8595443479465837
5588.0			0.8590995512335782
5588.9			0.8935350709332472
5589.8			0.9445445155531303
5590.700000000001			0.9972029489747465
5591.6			1.0291939499102647
5592.5			1.0284016725650544
5593.4			0.9985350209895921
5594.3			0.9743860929955389
5595.200000000001			1.0040288613255373
5596.1			1.0
5597.0			0.9989135760447396
5597.9			0.9545665683486082
5598.8			0.9319376758555763
5599.700000000001			0.9419742833440595
5600.6			0.9376206012617976
5601.5			0.9057629268536128
5602.4			0.882798736678792
5603.3			0.9039320905733925
5604.200000000001			0.9609118936717169
5605.1			1.0057867428965557
5606.0			1.016718983308499
5606.9			1.0109202144936946
5607.8			1.0034127034424718
5608.700000000001			1.0
5609.6			1.0
5610.5			1.0
5611.4			1.005945563204741
5612.3			1.00959934100216
5613.200000000001			0.989254406869442
5614.1			0.919017991110371
5615.0			0.8270435376166233
5615.9			0.8056880283504644
5616.8			0.8761029642603952
5617.700000000001			0.9532565388232873
5618.6			0.9815224370035072
5619.5			0.9883628162553865
5620.4			1.0
5621.3			1.013584892645592
5622.200000000001			1.0106463482633754
5623.1			0.9729543869901005
5624.0			0.9189278405167601
5624.9			0.9063501260997051
5625.8			0.94369748252886
5626.700000000001			0.9791034535772762
5627.6			0.9896237699873655
5628.5			0.999466570575039
5629.4			1.0
5630.3			1.0
5631.200000000001			1.0
5632.1			1.0
5633.0			1.0
5633.9			1.0
5634.8			1.0
5635.700000000001			1.0
5636.6			1.0
5637.5			1.0
5638.4			1.0
5639.3			1.0
5640.200000000001			1.0
5641.1			1.0
5642.0			1.0
5642.9			1.0
5643.8			1.0
5644.700000000001			1.0
5645.6			1.0
5646.5			1.0
5647.4			1.0
5648.3			1.0
5649.200000000001			0.9866931930272526
5650.1			0.9801321000774136
5651.0			0.9881510642764253
5651.9			1.0016186860906313
5652.8			1.003487736809578
5653.700000000001			0.9882605861153715
5654.6			0.9676863826060771
5655.5			0.9658981908026729
5656.4			0.9752624479066759
5657.3			0.9502567034146882
5658.200000000001			0.8994737933768886
5659.1			0.8897876088918071
5660.0			0.9328630630416506
5660.9			0.9641054740994099
5661.8			0.9505631576579204
5662.700000000001			0.9361635677344818
5663.6			0.9567106901940879
5664.5			0.994219568128685
5665.4			1.0138444684351136
5666.3			1.007330080216739
5667.200000000001			0.9934015130962842
5668.1			0.9919824267229876
5669.0			0.9998902546667675
5669.9			1.0
5670.8			1.0
5671.700000000001			1.0
5672.6			1.0
5673.5			1.0
5674.4			1.0
5675.3			1.0
5676.200000000001			1.0
5677.1			1.0
5678.0			1.0
5678.9			1.0
5679.8			1.0
5680.700000000001			1.0
5681.6			1.0
5682.5			1.0
5683.4			1.0
5684.3			1.0
5685.200000000001			1.0
5686.1			1.0
5687.0			1.0
5687.9			1.0
5688.8			1.0
5689.700000000001			1.0
5690.6			1.0
5691.5			1.0
5692.4			1.0
5693.3			1.0
5694.200000000001			0.9914246490022036
5695.1			0.9955113030363753
5696.0			1.0051419546661529
5696.9			1.0001096249726202
5697.8			0.9787986980472285
5698.700000000001			0.9644499789470857
5699.6			0.9624367500102108
5700.5			0.9555410260955725
5701.4			0.9431905837850445
5702.3			0.9417894812002582
5703.200000000001			0.9552882802096857
5704.1			0.9640981239112665
5705.0			0.9553316161433018
5705.9			0.9370828038013899
5706.8			0.9212056703733915
5707.700000000001			0.9055330780055306
5708.6			0.8838260554741485
5709.5			0.869594413473174
5710.4			0.8694403571514584
5711.3			0.8747713866858877
5712.200000000001			0.8975859714668964
5713.1			0.9394344827685762
5714.0			0.9689512116001252
5714.9			0.9740221241287783
5715.8			0.9724141555022714
5716.700000000001			0.9737466439739668
5717.6			0.9766320561597449
5718.5			0.984601634001362
5719.4			0.9984399346148158
5720.3			1.0079157514696138
5721.200000000001			1.0084806485749909
5722.1			1.0054869279878613
5723.0			1.003552900187376
5723.9			1.0033825681080364
5724.8			0.9999542297895525
5725.700000000001			1.0
5726.6			1.0
5727.5			1.0
5728.4			1.0
5729.3			1.0
5730.200000000001			1.0
5731.1			1.0
5732.0			1.0
5732.9			1.0
5733.8			1.0
5734.700000000001			1.0
5735.6			1.0
5736.5			1.0
5737.4			1.0
5738.3			1.0
5739.200000000001			1.0
5740.1			1.0
5741.0			1.0
5741.9			1.0
5742.8			1.0
5743.700000000001			1.0
5744.6			1.0
5745.5			1.0
5746.4			1.0
5747.3			1.0
5748.200000000001			1.0
5749.1			1.0
5750.0			1.0
5750.9			1.0
5751.8			1.0
5752.700000000001			1.0
5753.6			1.0
5754.5			1.0
5755.4			1.0
5756.3			1.0
5757.200000000001			1.0
5758.1			1.0
5759.0			1.0
5759.9			1.0
5760.8			1.0
5761.700000000001			1.0
5762.6			1.0
5763.5			1.0
5764.4			1.0
5765.3			1.0
5766.200000000001			1.0
5767.1			1.0
5768.0			1.0
5768.9			1.0
5769.8			1.0
5770.700000000001			1.0
5771.6			0.9901014213318544
5772.5			0.9834877815065967
5773.4			0.9820970463945866
5774.3			0.9800105333664841
5775.200000000001			0.9827027525700807
5776.1			0.9941987710248509
5777.0			1.00594610732849
5777.9			1.009116541663002
5778.8			1.0009007991604182
5779.700000000001			0.9793447406308462
5780.6			0.9493260988777211
5781.5			0.9302589436947986
5782.4			0.9327094757229659
5783.3			0.9390441614150049
5784.200000000001			0.9319912027367926
5785.1			0.9226517731182506
5786.0			0.9344053749328283
5786.9			0.9594500128445229
5787.8			0.977509858790638
5788.700000000001			0.9876411067520369
5789.6			0.9872524585929514
5790.5			0.9773783583106191
5791.4			0.9745455567986238
5792.3			0.9877966918261819
5793.200000000001			1.004524054913217
5794.1			1.0152945942005975
5795.0			1.0190682688351806
5795.9			1.014285613398144
5796.8			1.000670049582899
5797.700000000001			0.9923849698065155
5798.6			1.0004706949204596
5799.5			1.0
5800.4			1.0
5801.3			1.0
5802.200000000001			1.0
5803.1			1.0
5804.0			1.0
5804.9			1.0
5805.8			1.0
5806.700000000001			1.0
5807.6			1.0
5808.5			1.0
5809.4			1.0
5810.3			1.0
5811.200000000001			1.0
5812.1			1.0
5813.0			1.0
5813.9			1.0
5814.8			1.0
5815.700000000001			1.0
5816.6			1.0
5817.5			1.0
5818.4			1.0
5819.3			1.0
5820.200000000001			1.0
5821.1			1.0
5822.0			1.0
5822.9			1.0
5823.8			1.0
5824.700000000001			1.0
5825.6			1.0
5826.5			1.0
5827.4			1.0
5828.3			1.0
5829.200000000001			1.0
5830.1			1.0
5831.0			1.0
5831.9			1.0
5832.8			1.0
5833.700000000001			1.0
5834.6			1.0
5835.5			1.0
5836.4			1.0
5837.3			1.0
5838.200000000001			1.0
5839.1			1.0
5840.0			1.0
5840.9			1.0
5841.8			1.0
5842.700000000001			1.0
5843.6			1.0
5844.5			1.0
5845.4			1.0
5846.3			1.0
5847.200000000001			1.0
5848.1			1.0
5849.0			1.010810902093471
5849.9			1.0240693436278203
5850.8			1.0266914889034502
5851.700000000001			1.0188255720750994
5852.6			1.0048843422885527
5853.5			0.9960075623425642
5854.4			0.9985880095098989
5855.3			0.9944957374717895
5856.200000000001			0.9634723092295328
5857.1			0.9261064385459099
5858.0			0.9243555015098033
5858.9			0.957342095106142
5859.8			0.9894478612624563
5860.700000000001			1.0053389426692079
5861.6			1.0043535155352603
5862.5			0.9981515941180943
5863.4			1.0071966715912195
5864.3			1.0257147056977223
5865.200000000001			1.02897398292694
5866.1			1.0126068746030008
5867.0			1.0018748102544608
5867.9			1.0
5868.8			1.0
5869.700000000001			1.0
5870.6			1.0
5871.5			1.0
5872.4			1.0
5873.3			1.0
5874.200000000001			1.0
5875.1			1.0
5876.0			1.0
5876.9			1.0
5877.8			1.0
5878.700000000001			1.0
5879.6			1.0
5880.5			0.9966371290238177
5881.4			1.0040817947341076
5882.3			1.004906649661419
5883.200000000001			0.9892412940298179
5884.1			0.9754786551313667
5885.0			0.9796261400420208
5885.9			0.9840642158717405
5886.8			0.9602152794015012
5887.700000000001			0.8797781541465559
5888.6			0.7283310974503703
5889.5			0.573512845059759
5890.4			0.5451987259116596
5891.3			0.6640985682681464
5892.200000000001			0.8086985969111288
5893.1			0.8799598056704454
5894.0			0.8540202108051762
5894.9			0.7413223391710894
5895.8			0.6372915151671227
5896.700000000001			0.6686915798812116
5897.6			0.8095017117530573
5898.5			0.9271815871497666
5899.4			0.9757205706104634
5900.3			0.9992084957087037
5901.200000000001			1.0
5902.1			1.0
5903.0			1.0
5903.9			1.0
5904.8			1.0
5905.700000000001			1.0
5906.6			1.0
5907.5			1.0
5908.4			1.0
5909.3			1.0
5910.200000000001			1.0
5911.1			1.0
5912.0			1.0
5912.9			1.0
5913.8			1.0
5914.700000000001			1.0
5915.6			1.0
5916.5			1.0
5917.4			1.0
5918.3			1.0
5919.200000000001			1.0
5920.1			1.0
5921.0			1.0
5921.9			1.0
5922.8			1.0
5923.700000000001			1.0
5924.6			1.0
5925.5			1.0
5926.4			1.0
5927.3			1.0
5928.200000000001			1.0
5929.1			1.0
5930.0			1.0
5930.9			1.0
5931.8			1.0
5932.700000000001			1.0
5933.6			1.0
5934.5			1.0
5935.4			1.0
5936.3			1.0
5937.200000000001			1.0
5938.1			1.0
5939.0			1.0
5939.9			1.0
5940.8			1.0
5941.700000000001			1.0
5942.6			1.0
5943.5			1.0
5944.4			1.0
5945.3			1.0
5946.200000000001			1.0
5947.1			1.0
5948.0			1.0
5948.9			1.0
5949.8			1.0
5950.700000000001			1.0
5951.6			1.0
5952.5			1.0
5953.4			1.0
5954.3			1.0
5955.200000000001			1.0
5956.1			1.0
5957.0			1.0
5957.9			1.0
5958.8			1.0
5959.700000000001			1.0
5960.6			1.0
5961.5			1.0
5962.4			1.0
5963.3			1.0
5964.200000000001			1.0
5965.1			1.0
5966.0			1.0
5966.9			1.0
5967.8			1.0
5968.700000000001			1.0
5969.6			1.0
5970.5			1.0
5971.4			1.0
5972.3			1.0
5973.200000000001			1.0
5974.1			1.0
5975.0			1.0
5975.9			1.0
5976.8			1.0
5977.700000000001			1.0
5978.6			1.0
5979.5			1.0
5980.4			1.0
5981.3			1.0
5982.200000000001			1.0
5983.1			1.0
5984.0			1.0
5984.9			1.0
5985.8			1.0
5986.700000000001			1.0
5987.6			1.0
5988.5			1.0
5989.4			1.0
5990.3			1.0
5991.200000000001			1.0
5992.1			1.0
5993.0			1.0
5993.9			1.0
5994.8			1.0
5995.700000000001			1.0
5996.6			1.0
5997.5			1.0
5998.4			1.0
5999.3			1.0
6000.200000000001			1.0
6001.1			1.0
6002.0			1.0
6002.9			1.0
6003.8			1.0
6004.700000000001			1.0
6005.6			1.0
6006.5			1.0
6007.4			1.0
6008.3			1.0
6009.200000000001			1.0
6010.1			1.0
6011.0			1.0
6011.9			1.0
6012.8			1.0
6013.700000000001			1.0
6014.6			1.0
6015.5			1.0
6016.4			1.0
6017.3			1.0
6018.200000000001			1.0
6019.1			1.0
6020.0			1.0
6020.9			1.0
6021.8			1.0
6022.700000000001			1.0
6023.6			1.0
6024.5			1.0
6025.4			1.0
6026.3			1.0
6027.200000000001			1.0
6028.1			1.0
6029.0			1.0
6029.9			1.0
6030.8			1.0
6031.700000000001			1.0
6032.6			1.0
6033.5			1.0
6034.4			1.0
6035.3			1.0
6036.200000000001			1.0
6037.1			1.0
6038.0			1.0
6038.9			1.0
6039.8			1.0
6040.700000000001			1.0
6041.6			1.0
6042.5			1.0
6043.4			1.0
6044.3			1.0
6045.200000000001			1.0
6046.1			1.0
6047.0			1.0
6047.9			1.0
6048.8			1.0
6049.700000000001			1.0
6050.6			1.0
6051.5			1.0
6052.4			1.0
6053.3			1.0
6054.200000000001			1.0
6055.1			1.0
6056.0			1.0
6056.9			1.0
6057.8			1.0
6058.700000000001			1.0
6059.6			1.0
6060.5			1.0
6061.4			1.0
6062.3			1.0
6063.200000000001			1.0
6064.1			1.0
6065.0			1.0
6065.9			1.0
6066.8			1.0
6067.700000000001			1.0
6068.6			1.0
6069.5			1.0
6070.4			1.0
6071.3			1.0
6072.200000000001			1.0
6073.1			1.0
6074.0			1.0
6074.9			1.0
6075.8			1.0
6076.700000000001			1.0
6077.6			1.0
6078.5			1.0
6079.4			1.0
6080.3			1.0
6081.200000000001			1.0
6082.1			1.0
6083.0			1.0
6083.9			1.0
6084.8			1.0
6085.700000000001			1.0
6086.6			1.0
6087.5			1.0
6088.4			1.0
6089.3			1.0
6090.200000000001			1.0
6091.1			1.0
6092.0			1.0
6092.9			1.0
6093.8			1.0
6094.700000000001			1.0
6095.6			1.0
6096.5			1.0
6097.4			1.0
6098.3			1.0
6099.200000000001			1.0067082409230284
6100.1			1.006828997529465
6101.0			0.9732870619367731
6101.9			0.9065236792682975
6102.8			0.8632531458755027
6103.700000000001			0.8913008175601561
6104.6			0.9536840869592466
6105.5			0.9936127462792773
6106.4			0.9994690722268642
6107.3			1.0
6108.200000000001			1.0
6109.1			1.0
6110.0			1.0
6110.9			1.0
6111.8			1.0
6112.700000000001			1.0
6113.6			1.0
6114.5			1.0
6115.4			1.0
6116.3			1.0
6117.200000000001			1.0
6118.1			1.0
6119.0			0.9944560666813449
6119.9			0.9716541255583376
6120.8			0.9235306849346787
6121.700000000001			0.86667869394108
6122.6			0.8569127816844708
6123.5			0.9142092810442536
6124.4			0.9799248292620001
6125.3			1.0040902665034563
6126.200000000001			0.9996944860517756
6127.1			1.0
6128.0			1.0
6128.9			1.0
6129.8			1.0
6130.700000000001			1.0
6131.6			1.0
6132.5			1.0
6133.4			1.0084029616989996
6134.3			1.0011638571634056
6135.200000000001			0.9597505213779003
6136.1			0.8897456958450266
6137.0			0.8396125215089754
6137.9			0.8599486875127705
6138.8			0.9339912454383943
6139.700000000001			0.994206377056804
6140.6			1.000379629283781
6141.5			1.0
6142.4			1.0
6143.3			1.0
6144.200000000001			1.0
6145.1			1.0
6146.0			1.0
6146.9			1.0
6147.8			1.0
6148.700000000001			1.0
6149.6			1.0
6150.5			1.0
6151.4			1.0
6152.3			1.0
6153.200000000001			1.0
6154.1			1.0
6155.0			1.0
6155.9			1.0
6156.8			1.0
6157.700000000001			1.0025335612152932
6158.6			1.005974490470866
6159.5			0.9918756926323846
6160.4			0.9304706318448775
6161.3			0.8365842709602684
6162.200000000001			0.782653655395619
6163.1			0.8168161373306522
6164.0			0.8994979200705373
6164.9			0.9622493296519868
6165.8			0.9859100503303403
6166.700000000001			0.9974321790861403
6167.6			1.0
6168.5			1.0
6169.4			1.0
6170.3			1.0
6171.200000000001			1.0
6172.1			1.0
6173.0			1.0
6173.9			1.0
6174.8			1.0
6175.700000000001			1.0
6176.6			1.0
6177.5			1.0
6178.4			1.0
6179.3			1.0
6180.200000000001			1.0
6181.1			1.0
6182.0			1.0
6182.9			1.0
6183.8			1.0
6184.700000000001			1.0
6185.6			0.9904508174264897
6186.5			0.9764196233333065
6187.4			0.9700803110937329
6188.3			0.9738970931615406
6189.200000000001			0.9754473029803571
6190.1			0.9554445310087987
6191.0			0.9211684304570601
6191.9			0.9132116969151479
6192.8			0.9471109723443796
6193.700000000001			0.9890854416864139
6194.6			1.0098896870711156
6195.5			1.0158689715308844
6196.4			1.0197862422102912
6197.3			1.0161076799520778
6198.200000000001			0.9998820589268036
6199.1			1.0
6200.0			1.0
6200.9			1.0
6201.8			1.0
6202.700000000001			1.0
6203.6			1.0
6204.5			1.0
6205.4			1.0
6206.3			1.0
6207.200000000001			1.0
6208.1			1.0
6209.0			1.0
6209.9			1.0
6210.8			1.0
6211.700000000001			1.0
6212.6			1.0
6213.5			1.0
6214.4			1.0
6215.3			1.0
6216.200000000001			1.0
6217.1			1.0
6218.0			1.0
6218.9			1.0
6219.8			1.0
6220.700000000001			1.0
6221.6			1.0
6222.5			1.0
6223.4			1.0
6224.3			1.0
6225.200000000001			1.0
6226.1			1.0
6227.0			0.998979162922401
6227.9			0.9971963868141794
6228.8			0.9808317262606453
6229.700000000001			0.940100718532665
6230.6			0.9001449335101102
6231.5			0.8933323195135967
6232.4			0.917511570737028
6233.3			0.952269340784338
6234.200000000001			0.9851326557306811
6235.1			1.0034110806586236
6236.0			1.0000804528105363
6236.9			1.0
6237.8			1.0
6238.700000000001			1.0
6239.6			1.0
6240.5			1.0
6241.4			1.0
6242.3			0.9924694699515182
6243.200000000001			0.9859306119052416
6244.1			0.9869261199710385
6245.0			0.9829646139666416
6245.9			0.9715302234566807
6246.8			0.9757731291686943
6247.700000000001			1.0018293586569351
6248.6			1.0257673283261384
6249.5			1.0318410724823668
6250.4			1.0180469511151322
6251.3			0.9825758387070899
6252.200000000001			0.9409025727348459
6253.1			0.9235503193516329
6254.0			0.9367896583687544
6254.9			0.9555211651884976
6255.8			0.9568291937215573
6256.700000000001			0.9434284788250794
6257.6			0.9288392829618879
6258.5			0.9282075116787744
6259.4			0.9465951505969051
6260.3			0.9665975830039861
6261.200000000001			0.9789219561372663
6262.1			0.9929724104051155
6263.0			1.0051513526357894
6263.9			0.9996928335109221
6264.8			1.0
6265.700000000001			1.0
6266.6			1.0
6267.5			1.0
6268.4			1.0
6269.3			1.0
6270.200000000001			1.0
6271.1			1.0
6272.0			1.0
6272.9			1.0
6273.8			1.0
6274.700000000001			1.0
6275.6			1.0
6276.5			1.0
6277.4			1.0
6278.3			1.0
6279.200000000001			1.0
6280.1			1.0
6281.0			1.0
6281.9			1.0
6282.8			1.0
6283.700000000001			1.0
6284.6			1.0
6285.5			1.0
6286.4			1.0
6287.3			1.0
6288.200000000001			1.0
6289.1			1.0
6290.0			1.0
6290.9			1.0
6291.8			1.0
6292.700000000001			1.0
6293.6			1.0
6294.5			1.0
6295.4			1.0
6296.3			1.0
6297.200000000001			1.0
6298.1			1.0
6299.0			1.0
6299.9			1.0
6300.8			1.0
6301.700000000001			1.0
6302.6			1.0
6303.5			1.0
6304.4			1.0
6305.3			1.0
6306.200000000001			1.0
6307.1			1.0
6308.0			1.0
6308.9			1.0
6309.8			1.0
6310.700000000001			1.0
6311.6			1.0
6312.5			1.0
6313.4			1.0
6314.3			1.0
6315.200000000001			1.0
6316.1			1.0
6317.0			1.0
6317.9			1.0
6318.8			1.0
6319.700000000001			1.0
6320.6			1.0
6321.5			1.0
6322.4			1.0
6323.3			1.0
6324.200000000001			1.0
6325.1			1.0
6326.0			1.0
6326.9			1.0
6327.8			1.0
6328.700000000001			1.0
6329.6			1.0
6330.5			1.0
6331.4			1.0
6332.3			1.0
6333.200000000001			1.0
6334.1			1.0
6335.0			1.0
6335.9			1.0
6336.8			1.0
6337.700000000001			1.0
6338.6			1.0
6339.5			1.0
6340.4			1.0
6341.3			1.0
6342.200000000001			1.0
6343.1			1.0
6344.0			1.0
6344.9			1.0
6345.8			1.0
6346.700000000001			1.0
6347.6			1.0
6348.5			1.0
6349.4			1.0
6350.3			1.0
6351.200000000001			1.0
6352.1			1.0
6353.0			1.0
6353.9			1.0
6354.8			1.0
6355.700000000001			1.0
6356.6			1.0
6357.5			1.0
6358.4			1.0
6359.3			1.0
6360.200000000001			1.0
6361.1			1.0
6362.0			1.0
6362.9			1.0
6363.8			1.0
6364.700000000001			1.0
6365.6			1.0
6366.5			1.0
6367.4			1.0
6368.3			1.0
6369.200000000001			1.0
6370.1			1.0
6371.0			1.0
6371.9			1.0
6372.8			1.0
6373.700000000001			1.0
6374.6			1.0
6375.5			1.0
6376.4			1.0
6377.3			1.0
6378.200000000001			1.0
6379.1			1.0
6380.0			1.0
6380.9			1.0
6381.8			1.0
6382.700000000001			1.0
6383.6			1.0
6384.5			1.0
6385.4			1.0
6386.3			1.0
6387.200000000001			1.0
6388.1			1.0
6389.0			1.0
6389.9			1.0
6390.8			1.0
6391.700000000001			1.0
6392.6			1.0
6393.5			1.0
6394.4			1.0
6395.3			1.0
6396.200000000001			1.0197555279716715
6397.1			1.0211235181921388
6398.0			0.9968388583398249
6398.9			0.9425093655400753
6399.8			0.8921809566721141
6400.700000000001			0.8975494440176554
6401.6			0.9509537359978609
6402.5			0.9922857326944484
6403.4			1.0006639144487768
6404.3			1.0
6405.200000000001			1.0
6406.1			1.0
6407.0			1.0
6407.9			1.0
6408.8			1.0
6409.700000000001			1.0
6410.6			1.0
6411.5			1.0
6412.4			1.0
6413.3			1.0
6414.200000000001			1.0
6415.1			1.0
6416.0			1.0
6416.9			1.0
6417.8			1.0
6418.700000000001			1.0
6419.6			1.0
6420.5			1.0
6421.4			1.0
6422.3			1.0
6423.200000000001			1.0
6424.1			1.0
6425.0			1.0
6425.9			1.0
6426.8			1.0
6427.700000000001			1.0
6428.6			1.0
6429.5			1.0
6430.4			1.0
6431.3			1.0
6432.200000000001			1.0
6433.1			1.0
6434.0			1.0
6434.9			1.0
6435.8			1.0060156215104277
6436.700000000001			0.9988854061172857
6437.6			0.9624903084552271
6438.5			0.9092601882423009
6439.4			0.8875148118638846
6440.3			0.9207065643513821
6441.200000000001			0.9708303890176897
6442.1			0.9976308102896924
6443.0			0.9992537756005908
6443.9			1.0
6444.8			1.0
6445.700000000001			1.0
6446.6			1.0
6447.5			1.0
6448.4			1.0
6449.3			1.0
6450.200000000001			1.0
6451.1			1.0
6452.0			1.0
6452.9			1.0
6453.8			1.0
6454.700000000001			1.0
6455.6			1.0
6456.5			1.0
6457.4			1.0
6458.3			1.0
6459.200000000001			1.0042310799930825
6460.1			0.9938391092424523
6461.0			0.9569982196349586
6461.9			0.9042713343328199
6462.8			0.8822879394858276
6463.700000000001			0.9142203501552847
6464.6			0.965563860692067
6465.5			0.9947330522501248
6466.4			1.0015518778520327
6467.3			1.0
6468.200000000001			1.0
6469.1			1.0
6470.0			1.0
6470.9			1.0
6471.8			1.0
6472.700000000001			1.0
6473.6			1.0
6474.5			1.0
6475.4			1.0
6476.3			1.0
6477.200000000001			1.0
6478.1			1.0
6479.0			1.0
6479.9			1.0
6480.8			1.0
6481.700000000001			1.0
6482.6			1.0
6483.5			1.0
6484.4			1.0
6485.3			1.0
6486.200000000001			1.0
6487.1			1.0011241408837301
6488.0			1.0018295639180206
6488.9			1.0025485572803494
6489.8			0.9991404800405563
6490.700000000001			0.9899662554621084
6491.6			0.9738122273816288
6492.5			0.9416750874420744
6493.4			0.889870809999206
6494.3			0.8418445872474112
6495.200000000001			0.830463385473756
6496.1			0.8612458694194086
6497.0			0.9075840854095736
6497.9			0.9372048084147482
6498.8			0.9401513981178489
6499.700000000001			0.9415394923682094
6500.6			0.9622705116560063
6501.5			0.9887762169169584
6502.4			1.0003936138278895
6503.3			1.0000459634233
6504.200000000001			1.0
6505.1			1.0
6506.0			1.0
6506.9			1.0
6507.8			1.0
6508.700000000001			1.0
6509.6			1.0
6510.5			1.0
6511.4			1.0
6512.3			1.0
6513.200000000001			1.0
6514.1			1.0
6515.0			1.0
6515.9			1.0
6516.8			1.0
6517.700000000001			1.0
6518.6			1.0
6519.5			1.0
6520.4			1.0
6521.3			1.0
6522.200000000001			1.0
6523.1			1.0
6524.0			1.0
6524.9			1.0
6525.8			1.0
6526.700000000001			1.0
6527.6			1.0
6528.5			1.0
6529.4			1.0
6530.3			1.0
6531.200000000001			1.0
6532.1			1.0
6533.0			1.0
6533.9			1.0
6534.8			1.0
6535.700000000001			1.0
6536.6			1.0
6537.5			1.0
6538.4			1.0
6539.3			1.0
6540.200000000001			1.0
6541.1			1.0
6542.0			1.0
6542.9			1.0
6543.8			1.0
6544.700000000001			1.0
6545.6			1.0
6546.5			1.0
6547.4			1.0
6548.3			1.0
6549.200000000001			1.0
6550.1			1.0
6551.0			1.0
6551.9			1.0
6552.8			1.0
6553.700000000001			1.0
6554.6			1.0
6555.5			1.0
6556.4			1.0
6557.3			1.0
6558.200000000001			1.0033531322218527
6559.1			0.9927341219871229
6560.0			0.9620262445829674
6560.9			0.8888632725954139
6561.8			0.7701526511270022
6562.700000000001			0.6834685950920754
6563.6			0.7178850263102542
6564.5			0.839571374098725
6565.4			0.9438770077463112
6566.3			0.9899150768743625
6567.200000000001			1.000175854213704
6568.1			1.0
6569.0			1.0
6569.9			1.0
6570.8			1.0
6571.700000000001			1.0
6572.6			1.0
6573.5			1.0
6574.4			1.0
6575.3			1.0
6576.200000000001			1.0
6577.1			1.0
6578.0			1.0
6578.9			1.0
6579.8			1.0
6580.700000000001			1.0
6581.6			1.0
6582.5			1.0
6583.4			1.0
6584.3			1.0
6585.200000000001			1.0
6586.1			1.0
6587.0			1.0
6587.9			1.0
6588.8			1.0
6589.700000000001			1.0
6590.6			1.0
6591.5			1.0
6592.4			1.0
6593.3			1.0
6594.200000000001			1.0
6595.1			1.0
6596.0			1.0
6596.9			1.0
6597.8			1.0
6598.700000000001			1.0
6599.6			1.0
6600.5			1.0
6601.4			1.0
6602.3			1.0
6603.200000000001			1.0
6604.1			1.0
6605.0			1.0
6605.9			1.0
6606.8			1.0
6607.700000000001			1.0
6608.6			1.0
6609.5			1.0
6610.4			1.0
6611.3			1.0
6612.200000000001			1.0
6613.1			1.0
6614.0			1.0
6614.9			1.0
6615.8			1.0
6616.700000000001			1.0
6617.6			1.0
6618.5			1.0
6619.4			1.0
6620.3			1.0
6621.200000000001			1.0
6622.1			1.0
6623.0			1.0
6623.9			1.0
6624.8			1.0
6625.700000000001			1.0
6626.6			1.0
6627.5			1.0
6628.4			1.0
6629.3			1.0
6630.200000000001			1.0
6631.1			1.0
6632.0			1.0
6632.9			1.0
6633.8			1.0
6634.700000000001			1.0
6635.6			1.0
6636.5			1.0
6637.4			1.0
6638.3			1.0
6639.200000000001			1.0
6640.1			1.0
6641.0			1.0
6641.9			1.0
6642.8			1.0
6643.700000000001			1.0
6644.6			1.0
6645.5			1.0
6646.4			1.0
6647.3			1.0
6648.200000000001			1.0
6649.1			1.0
6650.0			1.0
6650.9			1.0
6651.8			1.0
6652.700000000001			1.0
6653.6			1.0
6654.5			1.0
6655.4			1.0
6656.3			1.0
6657.200000000001			1.0
6658.1			1.0
6659.0			1.0
6659.9			1.0
6660.8			1.0
6661.700000000001			1.0
6662.6			1.0
6663.5			1.0
6664.4			1.0
6665.3			1.0
6666.200000000001			1.0
6667.1			1.0
6668.0			1.0
6668.9			1.0
6669.8			1.0
6670.700000000001			1.0
6671.6			1.0
6672.5			1.0
6673.4			1.0
6674.3			1.0
6675.200000000001			1.0
6676.1			1.0
6677.0			1.0
6677.9			1.0
6678.8			1.0
6679.700000000001			1.0
6680.6			1.0
6681.5			1.0
6682.4			1.0
6683.3			1.0
6684.200000000001			1.0
6685.1			1.0
6686.0			1.0
6686.9			1.0
6687.8			1.0
6688.700000000001			1.0
6689.6			1.0
6690.5			1.0
6691.4			1.0
6692.3			1.0
6693.200000000001			1.0
6694.1			1.0
6695.0			1.0
6695.9			1.0
6696.8			1.0
6697.700000000001			1.0
6698.6			1.0
6699.5			1.0
6700.4			1.0
6701.3			1.0
6702.200000000001			1.0
6703.1			1.0
6704.0			1.0
6704.9			1.0
6705.8			1.0
6706.700000000001			1.0
6707.6			1.0
6708.5			1.0
6709.4			1.0
6710.3			1.0
6711.200000000001			1.0
6712.1			1.0
6713.0			1.0
6713.9			1.0
6714.8			1.0
6715.700000000001			1.0
6716.6			1.0
6717.5			1.0
6718.4			1.0
6719.3			1.0
6720.200000000001			1.0
6721.1			1.0
6722.0			1.0
6722.9			1.0
6723.8			1.0
6724.700000000001			1.0
6725.6			1.0
6726.5			1.0
6727.4			1.0
6728.3			1.0
6729.200000000001			1.0
6730.1			1.0
6731.0			1.0
6731.9			1.0
6732.8			1.0
6733.700000000001			1.0
6734.6			1.0
6735.5			1.0
6736.4			1.0
6737.3			1.0
6738.200000000001			1.0
6739.1			1.0
6740.0			1.0
6740.9			1.0
6741.8			1.0
6742.700000000001			1.0
6743.6			1.0
6744.5			1.0
6745.4			1.0
6746.3			1.0
6747.200000000001			1.0
6748.1			1.0
6749.0			1.0
6749.9			1.0
6750.8			1.0
6751.700000000001			1.0
6752.6			1.0
6753.5			1.0
6754.4			1.0
6755.3			1.0
6756.200000000001			1.0
6757.1			1.0
6758.0			1.0
6758.9			1.0
6759.8			1.0
6760.700000000001			1.0
6761.6			1.0
6762.5			1.0
6763.4			1.0
6764.3			1.0
6765.200000000001			1.0
6766.1			1.0
6767.0			1.0
6767.9			1.0
6768.8			1.0
6769.700000000001			1.0
6770.6			1.0
6771.5			1.0
6772.4			1.0
6773.3			1.0
6774.200000000001			1.0
6775.1			1.0
6776.0			1.0
6776.9			1.0
6777.8			1.0
6778.700000000001			1.0
6779.6			1.0
6780.5			1.0
6781.4			1.0
6782.3			1.0
6783.200000000001			1.0
6784.1			1.0
6785.0			1.0
6785.9			1.0
6786.8			1.0
6787.700000000001			1.0
6788.6			1.0
6789.5			1.0
6790.4			1.0
6791.3			1.0
6792.200000000001			1.0
6793.1			1.0
6794.0			1.0
6794.9			1.0
6795.8			1.0
6796.700000000001			1.0
6797.6			1.0
6798.5			1.0
6799.4			1.0
6800.3			1.0
6801.200000000001			1.0
6802.1			1.0
6803.0			1.0
6803.9			1.0
6804.8			1.0
6805.700000000001			1.0
6806.6			1.0
6807.5			1.0
6808.4			1.0
6809.3			1.0
6810.200000000001			1.0
6811.1			1.0
6812.0			1.0
6812.9			1.0
6813.8			1.0
6814.700000000001			1.0
6815.6			1.0
6816.5			1.0
6817.4			1.0
6818.3			1.0
6819.200000000001			1.0
6820.1			1.0
6821.0			1.0
6821.9			1.0
6822.8			1.0
6823.700000000001			1.0
6824.6			1.0
6825.5			1.0
6826.4			1.0
6827.3			1.0
6828.200000000001			1.0
6829.1			1.0
6830.0			1.0
6830.9			1.0
6831.8			1.0
6832.700000000001			1.0
6833.6			1.0
6834.5			1.0
6835.4			1.0
6836.3			1.0
6837.200000000001			1.0
6838.1			1.0
6839.0			1.0
6839.9			1.0
6840.8			1.0
6841.700000000001			1.0
6842.6			1.0
6843.5			1.0
6844.4			1.0
6845.3			1.0
6846.200000000001			1.0
6847.1			1.0
6848.0			1.0
6848.9			1.0
6849.8			1.0
6850.700000000001			1.0
6851.6			1.0
6852.5			1.0
6853.4			1.0
6854.3			1.0
6855.200000000001			1.0
6856.1			1.0
6857.0			1.0
6857.9			1.0
6858.8			1.0
6859.700000000001			1.0
6860.6			1.0
6861.5			1.0
6862.4			1.0
6863.3			1.0
6864.200000000001			1.0
6865.1			1.0
6866.0			1.0
6866.9			1.0
6867.8			1.0
6868.700000000001			1.0
6869.6			1.0
6870.5			1.0
6871.4			1.0
6872.3			1.0
6873.200000000001			1.0
6874.1			1.0
6875.0			1.0
6875.9			1.0
6876.8			1.0
6877.700000000001			1.0
6878.6			1.0
6879.5			1.0
6880.4			1.0
6881.3			1.0
6882.200000000001			1.0
6883.1			1.0
6884.0			1.0
6884.9			1.0
6885.8			1.0
6886.700000000001			1.0
6887.6			1.0
6888.5			1.0
6889.4			1.0
6890.3			1.0
6891.200000000001			1.0
6892.1			1.0
6893.0			1.0
6893.9			1.0
6894.8			1.0
6895.700000000001			1.0
6896.6			1.0
6897.5			1.0
6898.4			1.0
6899.3			1.0
6900.200000000001			1.0
6901.1			1.0
6902.0			1.0
6902.9			1.0
6903.8			1.0
6904.700000000001			1.0
6905.6			1.0
6906.5			1.0
6907.4			1.0
6908.3			1.0
6909.200000000001			1.0
6910.1			1.0
6911.0			1.0
6911.9			1.0
6912.8			1.0
6913.700000000001			1.0
6914.6			1.0
6915.5			1.0
6916.4			1.0
6917.3			1.0
6918.200000000001			1.0
6919.1			1.0
6920.0			1.0
6920.9			1.0
6921.8			1.0
6922.700000000001			1.0
6923.6			1.0
6924.5			1.0
6925.4			1.0
6926.3			1.0
6927.200000000001			1.0
6928.1			1.0
6929.0			1.0
6929.9			1.0
6930.8			1.0
6931.700000000001			1.0
6932.6			1.0
6933.5			1.0
6934.4			1.0
6935.3			1.0
6936.200000000001			1.0
6937.1			1.0
6938.0			1.0
6938.9			1.0
6939.8			1.0
6940.700000000001			1.0
6941.6			1.0
6942.5			1.0
6943.4			1.0
6944.3			1.0
6945.200000000001			1.0
6946.1			1.0
6947.0			1.0
6947.9			1.0
6948.8			1.0
6949.700000000001			1.0
6950.6			1.0
6951.5			1.0
6952.4			1.0
6953.3			1.0
6954.200000000001			1.0
6955.1			1.0
6956.0			1.0
6956.9			1.0
6957.8			1.0
6958.700000000001			1.0
6959.6			1.0
6960.5			1.0
6961.4			1.0
6962.3			1.0
6963.200000000001			1.0
6964.1			1.0
6965.0			1.0
6965.9			1.0
6966.8			1.0
6967.700000000001			1.0
6968.6			1.0
6969.5			1.0
6970.4			0.9987580645811696
6971.3			0.9951451842664564
6972.200000000001			0.9915149993864228
6973.1			0.9915719112489738
6974.0			0.992847735295594
6974.9			0.9888568016281553
6975.8			0.9756014775412699
6976.700000000001			0.9572693885443666
6977.6			0.9346259564789274
6978.5			0.9169703032588554
6979.4			0.9243351282333131
6980.3			0.9539107853133407
6981.200000000001			0.9810732093008797
6982.1			0.9936530829064165
6983.0			0.9994812755294692
6983.9			1.0040222437285027
6984.8			1.0042545204161926
6985.700000000001			1.0015579602244316
6986.6			0.9991444633198158
6987.5			1.0
6988.4			1.0
6989.3			1.0
6990.200000000001			1.0
6991.1			1.0
6992.0			1.0
6992.9			1.0
6993.8			1.0
6994.700000000001			1.0
6995.6			1.0
6996.5			1.0
6997.4			1.0
6998.3			1.0
6999.200000000001			1.0
7000.1			1.0
7001.0			1.0
7001.9			1.0
7002.8			1.0
7003.700000000001			1.0
7004.6			1.0
7005.5			1.0
7006.4			1.0
7007.3			1.0
7008.200000000001			1.0
7009.1			1.0
7010.0			1.0
7010.9			1.0
7011.8			1.0
7012.700000000001			1.0
7013.6			1.0
7014.5			1.0
7015.4			1.0
7016.3			1.0
7017.200000000001			1.0
7018.1			1.0
7019.0			1.0
7019.9			1.0
7020.8			1.0
7021.700000000001			1.0
7022.6			1.0
7023.5			1.0
7024.4			1.0
7025.3			1.0
7026.200000000001			1.0
7027.1			1.0
7028.0			1.0
7028.9			1.0
7029.8			1.0
7030.700000000001			1.0
7031.6			1.0
7032.5			1.0
7033.4			1.0
7034.3			1.0
7035.200000000001			1.0
7036.1			1.0
7037.0			1.0
7037.9			1.0
7038.8			1.0
7039.700000000001			1.0
7040.6			1.0
7041.5			1.0
7042.4			1.0
7043.3			1.0
7044.200000000001			1.0
7045.1			1.0
7046.0			1.0
7046.9			1.0
7047.8			1.0
7048.700000000001			1.0
7049.6			1.0
7050.5			1.0
7051.4			1.0
7052.3			1.0
7053.200000000001			1.0
7054.1			1.0
7055.0			1.0
7055.9			1.0
7056.8			1.0
7057.700000000001			1.0
7058.6			1.0
7059.5			1.0
7060.4			1.0
7061.3			1.0028599458901841
7062.200000000001			1.0125807508455047
7063.1			1.0292355187586177
7064.0			1.0451624160044346
7064.9			1.0498735657575722
7065.8			1.042082861812039
7066.700000000001			1.0257068849814814
7067.6			1.008063729183698
7068.5			1.0015811468973712
7069.4			1.0
7070.3			1.0
7071.200000000001			1.0
7072.1			1.0
7073.0			1.0
7073.9			1.0
7074.8			1.0
7075.700000000001			1.0
7076.6			1.0
7077.5			1.0
7078.4			1.0
7079.3			1.0
7080.200000000001			1.0
7081.1			1.0
7082.0			1.0
7082.9			1.0
7083.8			1.0
7084.700000000001			1.0
7085.6			1.0
7086.5			1.0
7087.4			1.0
7088.3			1.0
7089.200000000001			1.0
7090.1			1.0
7091.0			1.0
7091.9			1.0
7092.8			1.0
7093.700000000001			1.0
7094.6			1.0
7095.5			1.0
7096.4			1.0
7097.3			1.0
7098.200000000001			1.0
7099.1			1.0
7100.0			1.0
7100.9			1.0
7101.8			1.0
7102.700000000001			1.0
7103.6			1.0
7104.5			1.0
7105.4			1.0
7106.3			1.0
7107.200000000001			1.0
7108.1			1.0
7109.0			1.0
7109.9			1.0
7110.8			1.0
7111.700000000001			1.0
7112.6			1.0
7113.5			1.0
7114.4			1.0
7115.3			1.0
7116.200000000001			1.0
7117.1			1.0
7118.0			1.0
7118.9			1.0
7119.8			1.0
7120.700000000001			1.0
7121.6			1.0
7122.5			1.0
7123.4			1.0
7124.3			1.0
7125.200000000001			1.0
7126.1			1.0
7127.0			1.0
7127.9			1.0
7128.8			1.0
7129.700000000001			1.0
7130.6			1.0
7131.5			1.0
7132.4			1.0
7133.3			1.0
7134.200000000001			1.0
7135.1			1.0
7136.0			1.0
7136.9			1.0
7137.8			1.0
7138.700000000001			1.0
7139.6			1.0
7140.5			1.0
7141.4			1.0
7142.3			1.0
7143.200000000001			1.0
7144.1			1.0
7145.0			1.0
7145.9			1.0
7146.8			1.0
7147.700000000001			1.0
7148.6			1.0
7149.5			1.0
7150.4			1.0
7151.3			1.0
7152.200000000001			1.0
7153.1			1.0
7154.0			1.0
7154.9			1.0
7155.8			1.0
7156.700000000001			1.0
7157.6			1.0
7158.5			1.0
7159.4			1.0
7160.3			1.0
7161.200000000001			1.0
7162.1			1.0
7163.0			1.0
7163.9			1.0
7164.8			1.0
7165.700000000001			1.0
7166.6			1.0
7167.5			1.0
7168.4			1.0
7169.3			1.0
7170.200000000001			1.0
7171.1			1.0
7172.0			1.0
7172.9			1.0
7173.8			1.0006486641829673
7174.700000000001			0.9900267371947432
7175.6			0.9762646756401858
7176.5			0.9791133157045493
7177.4			0.9966850942909172
7178.3			1.004823429857116
7179.200000000001			0.9913372804044684
7180.1			0.9691920425265088
7181.0			0.9578078667188207
7181.9			0.9660146182272401
7182.8			0.9814527853782885
7183.700000000001			0.9892346597811085
7184.6			0.9824154890829936
7185.5			0.9597608809128302
7186.4			0.9328093313482012
7187.3			0.924886556671417
7188.200000000001			0.9386803171714105
7189.1			0.9531511041699036
7190.0			0.959797236939102
7190.9			0.9660307633143081
7191.8			0.9682625664982725
7192.700000000001			0.9650743809384201
7193.6			0.966254547994789
7194.5			0.9716115583862059
7195.4			0.9691201524316814
7196.3			0.9582873998012458
7197.200000000001			0.9536887143789979
7198.1			0.9579241092788566
7199.0			0.9581999852802843
7199.9			0.9482239197902369
7200.8			0.9336874128768403
7201.700000000001			0.9219431983035797
7202.6			0.925115576609173
7203.5			0.9435898690389162
7204.4			0.9556917169723187
7205.3			0.9409762825967268
7206.200000000001			0.908993103327314
7207.1			1.0
7208.0			1.0032468334664113
7208.9			1.026288311276252
7209.8			1.0495348673251934
7210.700000000001			1.0647970396940714
7211.6			1.0685532616393842
7212.5			1.0648366579591169
7213.4			1.0607854079445453
7214.3			1.0546920435278724
7215.200000000001			1.0472934914366545
7216.1			1.0468501757822164
7217.0			1.057395171134534
7217.9			1.0676969913580445
7218.8			1.066312569403708
7219.700000000001			1.0602143965164936
7220.6			1.0559445303754769
7221.5			1.0502617770650542
7222.4			1.042620487658063
7223.3			1.0396264787563225
7224.200000000001			1.0448184480151765
7225.1			1.0484152483886602
7226.0			1.0416174702888197
7226.9			1.0348476666195243
7227.8			1.036272820408687
7228.700000000001			1.0448411923942051
7229.6			1.0562198439328168
7230.5			1.0636192187865423
7231.4			1.0638904638491073
7232.3			1.0617299588034912
7233.200000000001			1.0645314360154423
7234.1			1.0686317731934671
7235.0			1.0708809607011343
7235.9			1.070996422913608
7236.8			1.0700971266354975
7237.700000000001			1.064212817595677
7238.6			1.0486952252705743
7239.5			1.0358326642695923
7240.4			1.0382462193600814
7241.3			1.042635869364623
7242.200000000001			1.0384419281243165
7243.1			1.026572884858731
7244.0			1.0131820611172933
7244.9			1.0096421547227257
7245.8			1.0205989238874014
7246.700000000001			1.0326567198984804
7247.6			1.0335426333151856
7248.5			1.0238893631885424
7249.4			1.005528881727851
7250.3			0.979317921422762
7251.200000000001			0.9609289277375485
7252.1			0.9638460265776257
7253.0			0.9802218681077408
7253.9			0.9897246685705775
7254.8			0.9861911467222987
7255.700000000001			0.9811792919678117
7256.6			0.9838033983068869
7257.5			0.9919504434628701
7258.4			0.9963753705095297
7259.3			0.9870563294975964
7260.200000000001			0.9667028987987138
7261.1			0.9518948139859947
7262.0			0.9565714226788418
7262.9			0.9725938537435659
7263.8			0.9837035657358362
7264.700000000001			0.991132031917992
7265.6			0.9997623628469847
7266.5			1.0
7267.4			1.0
7268.3			1.0
7269.200000000001			1.0
7270.1			1.0
7271.0			1.0
7271.9			1.0
7272.8			1.0
7273.700000000001			1.0
7274.6			1.0
7275.5			1.0
7276.4			1.0
7277.3			1.0
7278.200000000001			1.0
7279.1			1.0
7280.0			1.0
7280.9			1.0
7281.8			1.0
7282.700000000001			1.0
7283.6			1.0
7284.5			1.0
7285.4			1.0
7286.3			1.0
7287.200000000001			1.0
7288.1			1.0
7289.0			1.0
7289.9			1.0
7290.8			1.0
7291.700000000001			1.0
7292.6			1.0
7293.5			1.0
7294.4			1.0
7295.3			1.0
7296.200000000001			1.0
7297.1			1.0
7298.0			1.0
7298.9			1.0
7299.8			1.0
7300.700000000001			1.0
7301.6			1.0
7302.5			1.0
7303.4			1.0
7304.3			1.0
7305.200000000001			1.0
7306.1			1.0
7307.0			1.0
7307.9			1.0
7308.8			1.0
7309.700000000001			1.0
7310.6			1.0
7311.5			1.0
7312.4			1.0
7313.3			1.0
7314.200000000001			1.0
7315.1			1.0
7316.0			1.0
7316.9			1.0
7317.8			1.0
7318.700000000001			1.0
7319.6			1.0
7320.5			1.0
7321.4			1.0
7322.3			1.0
7323.200000000001			1.0
7324.1			1.0
7325.0			1.0
7325.9			1.0
7326.8			1.0
7327.700000000001			1.0
7328.6			1.0
7329.5			1.0
7330.4			1.0
7331.3			1.0
7332.200000000001			1.0
7333.1			1.0
7334.0			1.0
7334.9			1.0
7335.8			1.0
7336.700000000001			1.0
7337.6			1.0
7338.5			1.0
7339.4			1.0
7340.3			1.0
7341.200000000001			1.0
7342.1			1.0
7343.0			1.0
7343.9			1.0
7344.8			1.0
7345.700000000001			1.0
7346.6			1.0
7347.5			1.0
7348.4			1.0
7349.3			1.0
7350.200000000001			1.0
7351.1			1.0
7352.0			1.0
7352.9			1.0
7353.8			1.0
7354.700000000001			1.0
7355.6			1.0
7356.5			1.0
7357.4			1.0
7358.3			1.0
7359.200000000001			1.0
7360.1			1.0
7361.0			1.0
7361.9			1.0
7362.8			1.0
7363.700000000001			1.0
7364.6			1.0
7365.5			1.0
7366.4			1.0
7367.3			1.0
7368.200000000001			1.0
7369.1			1.0
7370.0			1.0
7370.9			1.0
7371.8			1.0
7372.700000000001			1.0
7373.6			1.0
7374.5			1.0
7375.4			1.0
7376.3			1.0
7377.200000000001			1.0
7378.1			1.0
7379.0			1.0
7379.9			1.0
7380.8			1.0
7381.700000000001			1.0
7382.6			1.0
7383.5			1.0
7384.4			1.0
7385.3			1.0
7386.200000000001			1.0
7387.1			1.0
7388.0			1.0
7388.9			1.0
7389.8			1.0
7390.700000000001			1.0
7391.6			1.0
7392.5			1.0
7393.4			1.0
7394.3			1.0
7395.200000000001			1.0
7396.1			1.0
7397.0			1.0
7397.9			1.0
7398.8			1.0
7399.700000000001			1.0
7400.6			1.0
7401.5			1.0
7402.4			1.0
7403.3			1.0
7404.200000000001			1.0
7405.1			1.0
7406.0			1.0
7406.9			1.0
7407.8			1.0
7408.700000000001			1.0
7409.6			1.0
7410.5			1.0
7411.4			1.0
7412.3			1.0
7413.200000000001			1.0
7414.1			1.0
7415.0			1.0
7415.9			1.0
7416.8			1.0
7417.700000000001			1.0
7418.6			1.0
7419.5			1.0
7420.4			1.0
7421.3			1.0
7422.200000000001			1.0
7423.1			1.0
7424.0			1.0
7424.9			1.0
7425.8			1.0
7426.700000000001			1.0
7427.6			1.0
7428.5			1.0
7429.4			1.0
