3500.0			1.0
3500.9			1.0
3501.8			1.0
3502.7			1.0
3503.6			1.0
3504.5			1.0
3505.4			1.0
3506.3			1.0
3507.2			1.0
3508.1			1.0
3509.0			1.0
3509.9			1.0
3510.8			1.0
3511.7			1.0
3512.6			1.0
3513.5			1.0
3514.4			1.0
3515.3			1.0
3516.2			1.0
3517.1			1.0
3518.0			1.0
3518.9			1.0
3519.8			1.0
3520.7			1.0
3521.6			1.0
3522.5			1.0
3523.4			1.0
3524.3			1.0
3525.2			1.0
3526.1			1.0
3527.0			1.0
3527.9			1.0
3528.8			1.0
3529.7			1.0
3530.6			1.0
3531.5			1.0
3532.4			1.0
3533.3			1.0
3534.2			1.0
3535.1			1.0
3536.0			1.0
3536.9			1.0
3537.8			1.0
3538.7			1.0
3539.6			1.0
3540.5			1.0
3541.4			1.0
3542.3			1.0
3543.2			1.0
3544.1			1.0
3545.0			1.0
3545.9			1.0
3546.8			1.0
3547.7			1.0
3548.6			1.0
3549.5			1.0
3550.4			1.0
3551.3			1.0
3552.2			1.0
3553.1			1.0
3554.0			1.0
3554.9			1.0
3555.8			1.0
3556.7			1.0
3557.6			1.0
3558.5			1.0
3559.4			1.0
3560.3			1.0
3561.2			1.0
3562.1			1.0
3563.0			1.0
3563.9			1.0
3564.8			1.0
3565.7			1.0
3566.6			1.0
3567.5			1.0
3568.4			1.0
3569.3			1.0
3570.2			1.0
3571.1			1.0
3572.0			1.0
3572.9			1.0
3573.8			1.0
3574.7			1.0
3575.6			1.0
3576.5			1.0
3577.4			1.0
3578.3			1.0
3579.2			1.0
3580.1			1.0
3581.0			1.0
3581.9			1.0
3582.8			1.0
3583.7			1.0
3584.6			1.0
3585.5			1.0
3586.4			1.0
3587.3			1.0
3588.2			1.0
3589.1			1.0
3590.0			1.0
3590.9			1.0
3591.8			1.0
3592.7			1.0
3593.6			1.0
3594.5			1.0
3595.4			1.0
3596.3			1.0
3597.2			1.0
3598.1			1.0
3599.0			1.0
3599.9			1.0
3600.8			1.0
3601.7			1.0
3602.6			1.0
3603.5			1.0
3604.4			1.0
3605.3			1.0
3606.2			1.0
3607.1			1.0
3608.0			1.0
3608.9			1.0
3609.8			1.0
3610.7			1.0
3611.6			1.0
3612.5			1.0
3613.4			1.0
3614.3			1.0
3615.2			1.0
3616.1			1.0
3617.0			1.0
3617.9			1.0
3618.8			1.0
3619.7			1.0
3620.6			1.0
3621.5			1.0
3622.4			1.0
3623.3			1.0
3624.2			1.0
3625.1			1.0
3626.0			1.0
3626.9			1.0
3627.8			1.0
3628.7			1.0
3629.6			1.0
3630.5			1.0
3631.4			1.0
3632.3			1.0
3633.2			1.0
3634.1			1.0
3635.0			1.0
3635.9			1.0
3636.8			1.0
3637.7			1.0
3638.6			1.0
3639.5			1.0
3640.4			1.0
3641.3			1.0
3642.2			1.0
3643.1			1.0
3644.0			1.0
3644.9			1.0
3645.8			1.0
3646.7			1.0
3647.6			1.0
3648.5			1.0
3649.4			1.0
3650.3			1.0
3651.2			1.0
3652.1			1.0
3653.0			1.0
3653.9			1.0
3654.8			1.0
3655.7			1.0
3656.6			1.0
3657.5			1.0
3658.4			1.0
3659.3			1.0
3660.2			1.0
3661.1			1.0
3662.0			1.0
3662.9			1.0
3663.8			1.0
3664.7			1.0
3665.6			1.0
3666.5			1.0
3667.4			1.0
3668.3			1.0
3669.2			1.0
3670.1			1.0
3671.0			1.0
3671.9			1.0
3672.8			1.0
3673.7			1.0
3674.6			1.0
3675.5			1.0
3676.4			1.0
3677.3			1.0
3678.2			1.0
3679.1			1.0
3680.0			1.0
3680.9			1.0
3681.8			1.0
3682.7			1.0
3683.6			1.0
3684.5			1.0
3685.4			1.0
3686.3			1.0
3687.2			1.0
3688.1			1.0
3689.0			1.0
3689.9			1.0
3690.8			1.0
3691.7			1.0
3692.6			1.0
3693.5			1.0
3694.4			1.0
3695.3			1.0
3696.2			1.0
3697.1			1.0
3698.0			1.0
3698.9			1.0
3699.8			1.0
3700.7			1.0
3701.6			1.0
3702.5			1.0
3703.4			1.0
3704.3			1.0
3705.2			1.0
3706.1			1.0
3707.0			1.0
3707.9			1.0
3708.8			1.0
3709.7			1.0
3710.6			1.0
3711.5			1.0
3712.4			1.0
3713.3			1.0
3714.2			1.0
3715.1			1.0
3716.0			1.0
3716.9			1.0
3717.8			1.0
3718.7			1.0
3719.6			1.0
3720.5			1.0
3721.4			1.0
3722.3			1.0
3723.2			1.0
3724.1			1.0
3725.0			1.0
3725.9			1.0
3726.8			1.0
3727.7			1.0
3728.6			1.0
3729.5			1.0
3730.4			1.0
3731.3			1.0
3732.2			1.0
3733.1			1.0
3734.0			1.0
3734.9			1.0
3735.8			1.0
3736.7			1.0
3737.6			1.0
3738.5			1.0
3739.4			1.0
3740.3			1.0
3741.2			1.0
3742.1			1.0
3743.0			1.0
3743.9			1.0
3744.8			1.0
3745.7			1.0
3746.6			1.0
3747.5			1.0
3748.4			1.0
3749.3			1.0
3750.2			1.0
3751.1			1.0
3752.0			1.0
3752.9			1.0
3753.8			1.0
3754.7			1.0
3755.6			1.0
3756.5			1.0
3757.4			1.0
3758.3			1.0
3759.2			1.0
3760.1			1.0
3761.0			1.0
3761.9			1.0
3762.8			1.0
3763.7			1.0
3764.6			1.0
3765.5			1.0
3766.4			1.0
3767.3			1.0
3768.2			1.0
3769.1			1.0
3770.0			1.0
3770.9			1.0
3771.8			1.0
3772.7			1.0
3773.6			1.0
3774.5			1.0
3775.4			1.0
3776.3			1.0
3777.2			1.0
3778.1			1.0
3779.0			1.0
3779.9			1.0
3780.8			1.0
3781.7			1.0
3782.6			1.0
3783.5			1.0
3784.4			1.0
3785.3			1.0
3786.2			1.0
3787.1			1.0
3788.0			1.0
3788.9			1.0
3789.8			1.0
3790.7			1.0
3791.6			1.0
3792.5			1.0
3793.4			1.0
3794.3			1.0
3795.2			1.0
3796.1			1.0
3797.0			1.0
3797.9			1.0
3798.8			1.0
3799.7			1.0
3800.6			1.0
3801.5			1.0
3802.4			1.0
3803.3			1.0
3804.2			1.0
3805.1			1.0
3806.0			1.0
3806.9			1.0
3807.8			1.0
3808.7			1.0
3809.6			1.0
3810.5			1.0
3811.4			1.0
3812.3			1.0
3813.2			1.0
3814.1			1.0
3815.0			1.0
3815.9			1.0
3816.8			1.0
3817.7			1.0
3818.6			1.0
3819.5			1.0
3820.4			1.0
3821.3			1.0
3822.2			1.0
3823.1			1.0
3824.0			1.0
3824.9			1.0
3825.8			1.0
3826.7			1.0
3827.6			1.0
3828.5			1.0
3829.4			1.0
3830.3			1.0
3831.2			1.0
3832.1			1.0
3833.0			1.0
3833.9			1.0
3834.8			1.0
3835.7			1.0
3836.6			1.0
3837.5			1.0
3838.4			1.0
3839.3			1.0
3840.2			1.0
3841.1			1.0
3842.0			1.0
3842.9			1.0
3843.8			1.0
3844.7			1.0
3845.6			1.0
3846.5			1.0
3847.4			1.0
3848.3			1.0
3849.2			1.0
3850.1			1.0
3851.0			1.0
3851.9			1.0
3852.8			1.0
3853.7			1.0
3854.6			1.0
3855.5			1.0
3856.4			1.0
3857.3			1.0
3858.2			1.0
3859.1			1.0
3860.0			1.0
3860.9			1.0
3861.8			1.0
3862.7			1.0
3863.6			1.0
3864.5			1.0
3865.4			1.0
3866.3			1.0
3867.2			1.0
3868.1			1.0
3869.0			1.0
3869.9			1.0
3870.8			1.0
3871.7			1.0
3872.6			1.0
3873.5			1.0
3874.4			1.0
3875.3			1.0
3876.2			1.0
3877.1			1.0
3878.0			1.0
3878.9			1.0
3879.8			1.0
3880.7			1.0
3881.6			1.0
3882.5			1.0
3883.4			1.0
3884.3			1.0
3885.2			1.0
3886.1			1.0
3887.0			1.0
3887.9			1.0
3888.8			1.0
3889.7			1.0
3890.6			1.0
3891.5			1.0
3892.4			1.0
3893.3			1.0
3894.2			1.0
3895.1			1.0
3896.0			1.0
3896.9			1.0
3897.8			1.0
3898.7			1.0
3899.6			1.0
3900.5			1.0
3901.4			1.0
3902.3			1.0
3903.2			1.0
3904.1			1.0
3905.0			1.0
3905.9			1.0
3906.8			1.0
3907.7			1.0
3908.6			1.0
3909.5			1.0
3910.4			1.0
3911.3			1.0
3912.2			1.0
3913.1			1.0
3914.0			1.0
3914.9			1.0
3915.8			1.0
3916.7			1.0
3917.6			1.0
3918.5			1.0
3919.4			1.0
3920.3			1.0
3921.2			1.0
3922.1			1.0
3923.0			1.0
3923.9			1.0
3924.8			1.0
3925.7			1.0
3926.6			1.0
3927.5			1.0
3928.4			1.0
3929.3			1.0
3930.2			1.0
3931.1			1.0
3932.0			1.0
3932.9			1.0
3933.8			1.0
3934.7			1.0
3935.6			1.0
3936.5			1.0
3937.4			1.0
3938.3			1.0
3939.2			1.0
3940.1			1.0
3941.0			1.0
3941.9			1.0
3942.8			1.0
3943.7			1.0
3944.6			1.0
3945.5			1.0
3946.4			1.0
3947.3			1.0
3948.2			1.0
3949.1			1.0
3950.0			1.0
3950.9			1.0
3951.8			1.0
3952.7			1.0
3953.6			1.0
3954.5			1.0
3955.4			1.0
3956.3			1.0
3957.2			1.0
3958.1			1.0
3959.0			1.0
3959.9			1.0
3960.8			1.0
3961.7			1.0
3962.6			1.0
3963.5			1.0
3964.4			1.0
3965.3			1.0
3966.2			1.0
3967.1			1.0
3968.0			1.0
3968.9			1.0
3969.8			1.0
3970.7			1.0
3971.6			1.0
3972.5			1.0
3973.4			1.0
3974.3			1.0
3975.2			1.0
3976.1			1.0
3977.0			1.0
3977.9			1.0
3978.8			1.0
3979.7			1.0
3980.6			1.0
3981.5			1.0
3982.4			1.0
3983.3			1.0
3984.2			1.0
3985.1			1.0
3986.0			1.0
3986.9			1.0
3987.8			1.0
3988.7			1.0
3989.6			1.0
3990.5			1.0
3991.4			1.0
3992.3			1.0
3993.2			1.0
3994.1			1.0
3995.0			1.0
3995.9			1.0
3996.8			1.0
3997.7			1.0
3998.6			1.0
3999.5			1.0
4000.4			1.0
4001.3			1.0040498931503519
4002.2			1.0319501717012107
4003.1			1.06491219265078
4004.0			1.0038544277499946
4004.9			0.8482375391397483
4005.8			0.7458765710806926
4006.7			0.7885328346331097
4007.6			0.8896165111013009
4008.5			0.9604171112874929
4009.4			0.992437852135243
4010.3			1.000411876049247
4011.2			1.0
4012.1			1.0
4013.0			1.0
4013.9			1.0
4014.8			1.0
4015.7			1.0
4016.6			1.0
4017.5			1.0
4018.4			1.0
4019.3			1.0
4020.2			1.0
4021.1			1.0
4022.0			1.0
4022.9			1.0
4023.8			1.0
4024.7			1.0
4025.6			1.0
4026.5			1.057444075596064
4027.4			1.109430512322122
4028.3			1.1371348200682054
4029.2			1.0973935442923606
4030.1			0.964390397373243
4031.0			0.8434519468643309
4031.9			0.8092074852861533
4032.8			0.7992732048866719
4033.7			0.7936352643645727
4034.6			0.8247824066542905
4035.5			0.8859763869956827
4036.4			0.9588687321131624
4037.3			1.0219303307313252
4038.2			1.041685646891299
4039.1			1.0019029050996842
4040.0			1.0
4040.9			0.974744820146172
4041.8			1.0174799921128768
4042.7			1.0375616238140404
4043.6			0.9528941873847188
4044.5			0.7819791400341523
4045.4			0.6378342409304708
4046.3			0.6524576027312567
4047.2			0.8171519063344377
4048.1			0.9595038346022412
4049.0			0.9922547564977595
4049.9			0.9993676673300108
4050.8			1.0
4051.7			1.0
4052.6			1.0
4053.5			1.0
4054.4			1.0
4055.3			1.0
4056.2			1.0
4057.1			1.0
4058.0			0.9416141273371198
4058.9			0.9642562761400852
4059.8			1.0579297989832326
4060.7			1.1189804549913318
4061.6			1.0720364633707204
4062.5			0.9075191233782512
4063.4			0.7499135561842176
4064.3			0.7449958485680588
4065.2			0.842043474263185
4066.1			0.8836676652146873
4067.0			0.8673694044391836
4067.9			0.9131214099821438
4068.8			1.0029545583526327
4069.7			1.0
4070.6			1.0
4071.5			1.0
4072.4			1.0
4073.3			1.106978273364281
4074.2			1.1331433156239947
4075.1			1.0280079182732083
4076.0			0.8757441204961985
4076.9			0.7605506726550153
4077.8			0.7446124593009467
4078.7			0.818858857291573
4079.6			0.9148151775995454
4080.5			0.9962894661451392
4081.4			1.0398303630455878
4082.3			0.994137904096417
4083.2			1.0
4084.1			1.0
4085.0			1.0
4085.9			1.0
4086.8			1.0
4087.7			1.0
4088.6			1.0
4089.5			1.0
4090.4			1.0
4091.3			1.0
4092.2			1.0
4093.1			1.0059849236811371
4094.0			1.0371023854434167
4094.9			1.0064031606286907
4095.8			0.9221737823748372
4096.7			0.8877899499742189
4097.6			0.9222359607124532
4098.5			0.9639644618749175
4099.4			0.9553894302428201
4100.3			0.8775294640800086
4101.2			0.7868237614258593
4102.1			0.7840163521229271
4103.0			0.869481861274091
4103.9			0.9501401220461528
4104.8			0.9993946075994152
4105.7			1.0540777703001027
4106.6			1.0982138212272132
4107.5			1.1017108244027682
4108.4			1.0757852435319222
4109.3			1.0377447701159883
4110.2			1.0018974532385205
4111.1			0.9990510788670238
4112.0			1.0
4112.9			1.0
4113.8			1.0
4114.7			1.0
4115.6			1.0
4116.5			1.0
4117.4			1.0
4118.3			1.0
4119.2			1.0
4120.1			1.0
4121.0			1.0
4121.9			1.0
4122.8			0.9803390231746595
4123.7			0.980530451256437
4124.6			1.0098569814223708
4125.5			1.0208559096170575
4126.4			0.9887651351527594
4127.3			0.9548533266444665
4128.2			0.9349343307508817
4129.1			0.9254684326747312
4130.0			0.9241707900755469
4130.9			0.908050377669494
4131.8			0.852966699111925
4132.7			0.8047944817258594
4133.6			0.8057972853099175
4134.5			0.8447564936084883
4135.4			0.9322248669006202
4136.3			1.0079528896937713
4137.2			1.0115085302854274
4138.1			1.0136622611964448
4139.0			1.0430939943858424
4139.9			1.0542571803693257
4140.8			1.0264090861771291
4141.7			0.9338390683259787
4142.6			0.7877665777730978
4143.5			0.7008997249519385
4144.4			0.7577984218286591
4145.3			0.8800627222932589
4146.2			0.9533426859414591
4147.1			0.9694936116808882
4148.0			0.9658549924605655
4148.9			0.9260055767324615
4149.8			0.8572644035906177
4150.7			0.8448525583874982
4151.6			0.8766770577540441
4152.5			0.8916233316433003
4153.4			0.8874651180420107
4154.3			0.8729675453644589
4155.2			0.8745553229039206
4156.1			0.875990639634606
4157.0			0.8777758169160691
4157.9			0.9249605554091589
4158.8			0.9824891318776277
4159.7			1.0
4160.6			0.9786425570223283
4161.5			0.9873794151499344
4162.4			1.0390444848303546
4163.3			1.05171377511587
4164.2			1.002958723591901
4165.1			0.9683862628891363
4166.0			0.9628979268712673
4166.9			0.9309343327282471
4167.8			0.8996550968653714
4168.7			0.9350099856994566
4169.6			0.9832264753138794
4170.5			0.9788464497839812
4171.4			0.9070675319728335
4172.3			0.7924471923325853
4173.2			0.7342339170441863
4174.1			0.7767980362694197
4175.0			0.8442831528647086
4175.9			0.87967209086457
4176.8			0.8666594174786154
4177.7			0.8227686574348069
4178.6			0.8307176478579806
4179.5			0.8875249983189976
4180.4			0.9037321409884426
4181.3			1.0
4182.2			0.9719486116184968
4183.1			0.9986413347215267
4184.0			1.057923826370361
4184.9			1.0
4185.8			0.996296651054815
4186.7			0.910946250584424
4187.6			0.8444975145168294
4188.5			0.879222263993029
4189.4			0.9312496662224619
4190.3			0.9314991466814502
4191.2			0.9122956697375315
4192.1			0.9318294565657966
4193.0			0.9878410128596554
4193.9			1.0001846404691621
4194.8			0.9334097603988611
4195.7			0.8423910355891027
4196.6			0.7935629293120353
4197.5			0.7958619313514971
4198.4			0.8127713612123239
4199.3			0.8369828403720084
4200.2			0.8627518018539867
4201.1			0.8502031437982485
4202.0			0.8156618228461954
4202.9			0.8306133015562643
4203.8			0.8710615842562949
4204.7			0.88694531627881
4205.6			0.9074965889705728
4206.5			0.9534075434453054
4207.4			1.0000969852974444
4208.3			1.0
4209.2			1.0
4210.1			1.0
4211.0			1.0
4211.9			1.0103762758027999
4212.8			0.9911636854828992
4213.7			0.9244466127407078
4214.6			0.8199466583057236
4215.5			0.7405785531164456
4216.4			0.772212387136699
4217.3			0.8789778163770487
4218.2			0.9538823769953129
4219.1			0.9856029714621047
4220.0			1.0
4220.9			1.0232945865529177
4221.8			0.9933513210311682
4222.7			0.9114590955805548
4223.6			0.824045618940953
4224.5			0.7470074697667002
4225.4			0.6412913097293007
4226.3			0.5298061327355842
4227.2			0.546893359131522
4228.1			0.7355368695250446
4229.0			1.0
4229.9			1.0549988102337475
4230.8			1.0636843503244242
4231.7			1.061556611029531
4232.6			1.0072962967704628
4233.5			0.9643276651819692
4234.4			0.9692030625629228
4235.3			0.9312212327210688
4236.2			0.8512385911941932
4237.1			0.8328665563208738
4238.0			0.8642173194120218
4238.9			0.8775627763618807
4239.8			0.8970347444030359
4240.7			0.9553450351473418
4241.6			0.9903399412051291
4242.5			0.9483621140385233
4243.4			0.9310544055971016
4244.3			1.0
4245.2			1.0607219802916277
4246.1			1.0339281574040429
4247.0			0.9588968934962151
4247.9			0.88689736098827
4248.8			0.8575961168074975
4249.7			0.8537717930748562
4250.6			0.8871153091370175
4251.5			0.9839655977738975
4252.4			1.064000509719405
4253.3			1.0522566091685521
4254.2			0.9895560283531102
4255.1			1.0
4256.0			1.0523891847491451
4256.9			1.1511689056918015
4257.8			1.1227461696332186
4258.7			0.9640891170415506
4259.6			0.8357394979587858
4260.5			0.7813214564616852
4261.4			0.8110548591019382
4262.3			0.9183764654412462
4263.2			0.9992750095858819
4264.1			1.0
4265.0			1.0118541639260836
4265.9			1.0407538882301344
4266.8			1.0212389029535816
4267.7			0.9552500392288218
4268.6			0.9145158456761991
4269.5			0.8847208755461392
4270.4			0.8044372085341973
4271.3			0.7046573932740372
4272.2			0.6905988535666093
4273.1			0.7618169358728814
4274.0			0.7852280823622497
4274.9			0.7895284279901463
4275.8			0.8785850862794756
4276.7			1.0043158131970946
4277.6			1.0838427069008187
4278.5			1.0863428310510461
4279.4			0.9983154495683182
4280.3			1.0
4281.2			1.0
4282.1			1.0
4283.0			1.0
4283.9			0.9996020696265167
4284.8			0.9333358369758897
4285.7			0.8559244705520808
4286.6			0.8755900559278369
4287.5			0.9500496751216416
4288.4			1.0
4289.3			0.8910546920968114
4290.2			0.8268918605329442
4291.1			0.8761026178166391
4292.0			0.9760627511617754
4292.9			1.0492894980805614
4293.8			1.04102025559832
4294.7			0.9768045360173976
4295.6			0.9326791735133607
4296.5			0.8857158372518255
4297.4			0.8058252769316318
4298.3			0.7137213706023445
4299.2			0.6126530338487916
4300.1			0.5588555730498175
4301.0			0.5972963325486975
4301.9			0.6452406200060155
4302.8			0.6320926924322152
4303.7			0.6125897243010993
4304.6			0.6151067044395364
4305.5			0.6157724360085481
4306.4			0.6099799256598991
4307.3			0.5685127748122522
4308.2			0.5002429732406068
4309.1			0.47383959490770583
4310.0			0.4961387262301822
4310.9			0.5295048439734251
4311.8			0.5718987086780228
4312.7			0.6465514191931231
4313.6			0.7385978157233964
4314.5			0.8356304782779544
4315.4			0.9775001302688546
4316.3			1.1286337894124647
4317.2			1.1973061947881165
4318.1			1.188290357933825
4319.0			1.0
4319.9			0.9735430458461286
4320.8			0.9383031513951469
4321.7			0.9019700921177786
4322.6			0.8253977966403356
4323.5			0.6924102888393553
4324.4			0.5854600098394392
4325.3			0.5589421114058643
4326.2			0.6333712008871711
4327.1			0.8076155164851936
4328.0			0.9805943974477989
4328.9			1.0518387239451743
4329.8			1.0284862685341722
4330.7			1.0033538072807857
4331.6			1.0
4332.5			1.0
4333.4			1.0101749058091323
4334.3			1.0334503782190707
4335.2			1.0765795873012742
4336.1			1.05659902858258
4337.0			0.9315108689269062
4337.9			0.8009732473816573
4338.8			0.7385149389579275
4339.7			0.6973945101799707
4340.6			0.6905125913110396
4341.5			0.7821549304279584
4342.4			0.8992401095980219
4343.3			0.9370699646384218
4344.2			0.9529962202970643
4345.1			1.0
4346.0			1.0255495781599873
4346.9			0.993025426173955
4347.8			0.9982554986386774
4348.7			1.072684674178085
4349.6			1.1059067660177377
4350.5			0.9979691452461329
4351.4			0.8300112898549217
4352.3			0.7817967001044781
4353.2			0.8720018576331885
4354.1			0.9572835520916921
4355.0			0.9717643398978739
4355.9			0.9896016571365649
4356.8			1.0526539016274827
4357.7			1.0727207487178265
4358.6			1.0047817168671977
4359.5			1.0
4360.4			1.0
4361.3			1.0
4362.2			1.0
4363.1			1.0
4364.0			1.0
4364.9			1.0
4365.8			1.0
4366.7			1.0
4367.6			1.0
4368.5			1.0203553462403232
4369.4			1.0629085946624903
4370.3			1.0559456500495559
4371.2			1.0426268034451052
4372.1			1.0409151218747694
4373.0			0.9905848794716641
4373.9			0.8932400665742826
4374.8			0.8428504618532694
4375.7			0.8854402126426911
4376.6			0.987819964125202
4377.5			1.0786728681806015
4378.4			1.113727338885548
4379.3			1.0939719390329965
4380.2			1.0604284181178167
4381.1			1.0335857792891743
4382.0			0.9408675484214107
4382.9			0.7396263209789244
4383.8			0.5808249763505577
4384.7			0.6318682352388995
4385.6			0.8126799879744201
4386.5			0.9545337529288198
4387.4			0.9826350344081994
4388.3			0.954933257023596
4389.2			0.9252947154344968
4390.1			0.8881033570841793
4391.0			0.8895692441940661
4391.9			0.9495096883259632
4392.8			0.9997595502929864
4393.7			0.9870311774830884
4394.6			0.9441605793077531
4395.5			0.9468937570520555
4396.4			1.0261376943824798
4397.3			1.1013716682086556
4398.2			1.0
4399.1			0.9208167256492985
4400.0			0.8431165338341385
4400.9			0.8307367573340182
4401.8			0.9100586819473943
4402.7			0.9609363848848068
4403.6			0.8720185683418998
4404.5			0.7463223702345508
4405.4			0.7367604694463163
4406.3			0.8183393280312098
4407.2			0.8438738537809957
4408.1			0.8029527298060708
4409.0			0.8101959390917678
4409.9			1.0
4410.8			1.0747931012059357
4411.7			1.108155086499878
4412.6			1.10647786685148
4413.5			1.0535275457271542
4414.4			0.9313284288117075
4415.3			0.8315981308949858
4416.2			0.8377631628196347
4417.1			0.8852821311702529
4418.0			0.9240652851294804
4418.9			0.9709778339574912
4419.8			0.9945791543579832
4420.7			1.0
4421.6			1.0
4422.5			1.0
4423.4			1.0
4424.3			1.0
4425.2			1.0
4426.1			1.0
4427.0			1.0
4427.9			1.0
4428.8			1.0
4429.7			1.0
4430.6			0.9547177185567215
4431.5			0.9820186300519217
4432.4			1.007449758218037
4433.3			0.9603259070585641
4434.2			0.8762526097081021
4435.1			0.8224573044641647
4436.0			0.8423776755807089
4436.9			0.9196464555305344
4437.8			0.9884651458206657
4438.7			1.014875583067768
4439.6			0.9907548488265763
4440.5			1.0
4441.4			1.0
4442.3			1.0
4443.2			0.9938262351110905
4444.1			1.0514554161253193
4445.0			1.142222692813936
4445.9			1.1934818512947678
4446.8			1.1744584287229425
4447.7			1.1577916463301445
4448.6			1.1785264731159293
4449.5			1.1688245944374018
4450.4			1.1334351824264812
4451.3			1.132698831016231
4452.2			1.143892006326851
4453.1			1.1136126201006578
4454.0			1.040387376029812
4454.9			0.9748102617061032
4455.8			0.9719658161179104
4456.7			1.006893464097621
4457.6			1.0180486151996422
4458.5			0.9999728514568533
4459.4			0.9816234411456101
4460.3			0.9655646369532592
4461.2			0.9310192825294755
4462.1			0.928247966580996
4463.0			1.007231056845527
4463.9			1.0861851301685073
4464.8			1.0936087243434702
4465.7			1.0836632879383987
4466.6			1.0892940559115059
4467.5			1.086069802840004
4468.4			1.05774688911339
4469.3			1.02270200913123
4470.2			1.0284660087015385
4471.1			1.0620688833960163
4472.0			1.1038293602250844
4472.9			1.158480288569276
4473.8			1.2016693791023816
4474.7			1.2090077013069447
4475.6			1.0
4476.5			1.0183150564574581
4477.4			1.036005660572025
4478.3			1.0140815650781712
4479.2			0.9456755420577544
4480.1			0.8640570275344084
4481.0			0.8209897858208263
4481.9			0.8211651224491637
4482.8			0.8600293951064456
4483.7			0.9276046914079648
4484.6			1.0
4485.5			1.0213608228521114
4486.4			1.0174447406527278
4487.3			0.9788382611221649
4488.2			0.9112780923817038
4489.1			0.8551419058354662
4490.0			0.8460549523756882
4490.9			0.8831722215860894
4491.8			0.9269311492072545
4492.7			0.9333197539338889
4493.6			0.8909661981536529
4494.5			0.8382515361484322
4495.4			0.8237258142824526
4496.3			0.8440396685842445
4497.2			0.8864731887542104
4498.1			0.9292274760864284
4499.0			0.937038127697727
4499.9			0.926375267832518
4500.8			0.8984559079759958
4501.7			0.8836028922858817
4502.6			0.9282835136138538
4503.5			0.9942060374398856
4504.4			1.016669488918872
4505.3			1.000833069805585
4506.2			1.0
4507.1			1.0
4508.0			1.0
4508.9			1.0
4509.8			1.0
4510.7			1.0
4511.6			1.0
4512.5			1.0
4513.4			0.9718267301081821
4514.3			0.955025264713169
4515.2			0.963461809328777
4516.1			0.9847950346205026
4517.0			0.9763928184739981
4517.9			0.9460255516183748
4518.8			0.9557818040464177
4519.7			0.9971563061600371
4520.6			1.0332139790961319
4521.5			1.03373289728248
4522.4			0.9774835961383455
4523.3			0.946160199909352
4524.2			0.9585969060360096
4525.1			0.9453487314579443
4526.0			0.9060010446145831
4526.9			0.8672403805521914
4527.8			0.8396649650644389
4528.7			0.8239625834831041
4529.6			0.8309620004417413
4530.5			0.8662092176243412
4531.4			0.9093683618664986
4532.3			0.9469569513379997
4533.2			0.9270834519566605
4534.1			0.8655293864380391
4535.0			1.0
4535.9			1.039995057058305
4536.8			1.1523812680976795
4537.7			1.235114670562057
4538.6			1.2124328597276328
4539.5			1.1555600242293191
4540.4			1.110275483246831
4541.3			1.0948446015016062
4542.2			1.120473930041961
4543.1			1.1356688664065675
4544.0			1.0897440305093211
4544.9			1.040696037370393
4545.8			1.046572744213334
4546.7			1.0691994904597042
4547.6			1.0618496907383137
4548.5			1.0193908818049815
4549.4			0.973727077900645
4550.3			0.9866064958874112
4551.2			1.031751498339103
4552.1			1.0217394758078508
4553.0			0.9830072401659791
4553.9			0.9620618651012719
4554.8			0.9517283141388759
4555.7			0.964334547764555
4556.6			1.012665511486226
4557.5			1.0591608411110736
4558.4			1.0687359556580083
4559.3			1.0527265280219251
4560.2			1.0
4561.1			1.0022377844727162
4562.0			1.008075215888526
4562.9			0.9768959197395697
4563.8			0.91393355347954
4564.7			0.8669486103297281
4565.6			0.8704741521792281
4566.5			0.9231615871921298
4567.4			0.9822244072707772
4568.3			1.0003659726439422
4569.2			1.0
4570.1			1.0
4571.0			1.0
4571.9			0.9733028552143108
4572.8			1.0300790698253701
4573.7			1.0825700061062768
4574.6			1.071220851658518
4575.5			1.0518713630987033
4576.4			1.0529771480124477
4577.3			1.0496844051443637
4578.2			1.0244658090771184
4579.1			0.9706817515155157
4580.0			0.9111021105513015
4580.9			0.8905390920183881
4581.8			0.9136313805469254
4582.7			0.9337975462630552
4583.6			1.0
4584.5			0.9946337956729697
4585.4			0.986791141669416
4586.3			0.9860700694578852
4587.2			1.0263268041041125
4588.1			1.0811719440206933
4589.0			1.1019435055728437
4589.9			1.0826946595835023
4590.8			1.0407306795876314
4591.7			0.9967398883255758
4592.6			0.9767791107467608
4593.5			0.9818515218252144
4594.4			0.9802966022105136
4595.3			0.9663980755225705
4596.2			0.9644366547824554
4597.1			0.9747243979018617
4598.0			0.9903167530693507
4598.9			0.9974761365938467
4599.8			0.9722524941970219
4600.7			0.9453890222275717
4601.6			0.9581519924134859
4602.5			0.9819812568722368
4603.4			0.9877095343598925
4604.3			0.9781453406043672
4605.2			0.9674972281801038
4606.1			0.9777215097868316
4607.0			1.0126845274248115
4607.9			1.0534544242719388
4608.8			1.0779767538216873
4609.7			1.0728034356110403
4610.6			1.0405023593727687
4611.5			1.0073248692176637
4612.4			0.9873758239360548
4613.3			0.9777577444404014
4614.2			0.9902932827866092
4615.1			1.0072209166762398
4616.0			1.0013223061099084
4616.9			0.9999786295029022
4617.8			1.0
4618.7			1.0
4619.6			1.0
4620.5			1.0
4621.4			1.0
4622.3			1.0
4623.2			1.0
4624.1			1.0
4625.0			1.0
4625.9			1.0
4626.8			1.0
4627.7			1.0
4628.6			1.0
4629.5			1.0
4630.4			1.0
4631.3			1.0
4632.2			1.0
4633.1			1.0
4634.0			1.0
4634.9			1.0
4635.8			1.0
4636.7			1.0
4637.6			1.0
4638.5			1.0
4639.4			1.0060358291278777
4640.3			1.0288249750623628
4641.2			1.0760424620614397
4642.1			1.099873302288392
4643.0			1.086352481025782
4643.9			1.0649259413075454
4644.8			1.0431233540660947
4645.7			1.0017313096842457
4646.6			0.9605059310637587
4647.5			0.9559375433768506
4648.4			0.9847488956673969
4649.3			1.026697834279732
4650.2			1.0615293198691007
4651.1			1.0827853551091868
4652.0			1.1004725971230036
4652.9			1.1082849099074497
4653.8			1.0694063016111162
4654.7			1.015732689569022
4655.6			0.9991404079487676
4656.5			1.0
4657.4			1.0
4658.3			1.0681042220345378
4659.2			1.1145834283343048
4660.1			1.115853214762419
4661.0			1.0772461950087795
4661.9			1.0210303541532801
4662.8			0.9771620590248751
4663.7			0.9685165748756422
4664.6			0.9774655402380261
4665.5			0.9444622617519214
4666.4			0.8576888911817453
4667.3			0.7882894622599794
4668.2			0.8026520715329573
4669.1			0.8693773811120121
4670.0			0.9291544107572077
4670.9			0.9719983764025467
4671.8			0.9848629108601025
4672.7			0.9606768192663842
4673.6			0.9352390852167449
4674.5			1.0
4675.4			1.0354757959505805
4676.3			1.0721791365980944
4677.2			1.0635356139611774
4678.1			1.0158750206974607
4679.0			0.9697504108731992
4679.9			0.9443671570952037
4680.8			0.9306776234042708
4681.7			0.9367128612610978
4682.6			0.9703305940760604
4683.5			1.0106183091723522
4684.4			1.0215700215334291
4685.3			1.0110874818732238
4686.2			1.0007645939370884
4687.1			1.0
4688.0			1.0
4688.9			1.0
4689.8			1.0
4690.7			1.0
4691.6			1.0
4692.5			1.0
4693.4			1.0
4694.3			1.0
4695.2			1.0233779659101678
4696.1			1.038100136538473
4697.0			1.0079596193194469
4697.9			0.9452523815261966
4698.8			0.9017965288102061
4699.7			0.9150848635069867
4700.6			0.9407091294665444
4701.5			0.9344657978872152
4702.4			0.9189211121800571
4703.3			0.9123172698897368
4704.2			0.9310557566193293
4705.1			0.95983320585096
4706.0			0.9620669494505577
4706.9			0.9305660459434568
4707.8			0.8995123071280744
4708.7			0.8886060584068904
4709.6			0.8991166899392736
4710.5			0.9401852437574796
4711.4			0.9846326771018703
4712.3			0.9935031340687698
4713.2			0.9672476444599104
4714.1			0.9293513044734225
4715.0			0.9226670577356426
4715.9			1.0
4716.8			1.0496290657984002
4717.7			1.060599171453769
4718.6			1.0616219198935357
4719.5			1.0777189012060042
4720.4			1.07694547297448
4721.3			1.05688498606273
4722.2			1.034798869085007
4723.1			1.0386719816002177
4724.0			1.0707016233422737
4724.9			1.0889940480303038
4725.8			1.066290286950693
4726.7			1.0015123157501653
4727.6			0.9275003238077182
4728.5			0.906099456670397
4729.4			0.9282118614774799
4730.3			0.9453489183890564
4731.2			0.9587522937305406
4732.1			0.9819864957147579
4733.0			0.9994345452178254
4733.9			1.0043669213983073
4734.8			1.0107354305587848
4735.7			0.9950966569286869
4736.6			0.9635131802214814
4737.5			0.9783887211016165
4738.4			1.0263919119422082
4739.3			1.0349685642533946
4740.2			1.0000169684453506
4741.1			1.0
4742.0			1.0
4742.9			1.0
4743.8			1.0
4744.7			1.0
4745.6			1.0
4746.5			1.0
4747.4			1.0
4748.3			1.0
4749.2			1.0
4750.1			1.0
4751.0			1.0
4751.9			1.0
4752.8			1.0
4753.7			1.0
4754.6			1.0
4755.5			1.0
4756.4			1.0
4757.3			1.0
4758.2			1.0160970996043326
4759.1			1.0351687999040458
4760.0			1.0490252566274185
4760.9			1.0276058659036513
4761.8			0.9740224327988145
4762.7			0.9413663218874
4763.6			0.9428749115742411
4764.5			0.9408249637860924
4765.4			0.9279955777687514
4766.3			0.9291896929847837
4767.2			0.96055370547972
4768.1			1.000441612929467
4769.0			1.0351494758787758
4769.9			1.0566986901650675
4770.8			1.0361202743955182
4771.7			0.9995414838503216
4772.6			1.0000590903123991
4773.5			1.0
4774.4			1.0
4775.3			1.0
4776.2			0.9899769274037845
4777.1			0.998818941278727
4778.0			1.0096089420464662
4778.9			0.9982804083297048
4779.8			0.9873927107798527
4780.7			0.992971931805118
4781.6			0.989136672398054
4782.5			0.9696469473204122
4783.4			0.9617266448633612
4784.3			0.9777739505355006
4785.2			0.975334251030577
4786.1			0.9374507882349286
4787.0			0.9215301213656552
4787.9			0.9421490251972152
4788.8			0.9492278552204817
4789.7			0.9458386584424348
4790.6			0.9590253660859636
4791.5			0.972343558791753
4792.4			0.9877146569647295
4793.3			1.021407904621764
4794.2			1.0
4795.1			1.0161787002482194
4796.0			1.0081309522949735
4796.9			0.984778855200533
4797.8			0.9477081637767413
4798.7			0.9147398725619681
4799.6			0.9078653130494055
4800.5			0.9336810642944944
4801.4			0.9796894725943043
4802.3			1.0154203471291672
4803.2			1.0213974953960767
4804.1			1.0017358687095896
4805.0			1.0
4805.9			1.0
4806.8			1.0
4807.7			1.0
4808.6			1.0
4809.5			1.0
4810.4			1.0
4811.3			1.0
4812.2			1.0
4813.1			1.0
4814.0			1.0
4814.9			1.0
4815.8			1.0
4816.7			1.0
4817.6			1.0
4818.5			1.0
4819.4			1.0
4820.3			1.0
4821.2			1.0
4822.1			1.0
4823.0			1.0
4823.9			1.0
4824.8			1.0
4825.7			1.0
4826.6			1.0
4827.5			1.0
4828.4			1.0
4829.3			1.0
4830.2			1.0
4831.1			1.0
4832.0			1.0
4832.9			1.0
4833.8			1.0309554515637291
4834.7			1.0394938380485983
4835.6			1.0278046864781563
4836.5			1.0235489901306458
4837.4			1.0207937828570681
4838.3			0.9894625505295377
4839.2			0.9441950441327945
4840.1			0.9249960000112267
4841.0			0.9381084557273371
4841.9			0.9511109907336788
4842.8			0.9420483634746063
4843.7			0.9444631684295197
4844.6			0.9770396787737157
4845.5			1.00447023981782
4846.4			1.0007682898483394
4847.3			1.0
4848.2			1.0
4849.1			1.0
4850.0			1.0
4850.9			1.0
4851.8			1.0
4852.7			1.0
4853.6			0.9861650188827571
4854.5			0.9358324311152583
4855.4			0.8910553279127729
4856.3			0.9105045086392265
4857.2			0.96075798297893
4858.1			0.966622892314723
4859.0			0.9128449627180857
4859.9			0.8080420603626198
4860.8			0.703013260940924
4861.7			0.7059266639506563
4862.6			0.8165783624460052
4863.5			0.9033412792466803
4864.4			0.9326083690000245
4865.3			0.9615181407087509
4866.2			0.9931803262212593
4867.1			1.0
4868.0			0.998444830830772
4868.9			1.00536300132229
4869.8			0.9864096007546894
4870.7			0.9249110942442211
4871.6			0.884886158074687
4872.5			0.918755380915421
4873.4			0.9776613481683695
4874.3			1.000922609247035
4875.2			1.0026902642809679
4876.1			1.0
4877.0			1.0
4877.9			1.0
4878.8			1.0
4879.7			1.0265341890342672
4880.6			0.9971240415857636
4881.5			0.9483774657056843
4882.4			0.9503252596918089
4883.3			0.9786287811420109
4884.2			0.9671106481424091
4885.1			0.9248510720102339
4886.0			0.9022563763734082
4886.9			0.9138807600168842
4887.8			0.9300847331276461
4888.7			0.9319871218677493
4889.6			0.9154181094479927
4890.5			0.8790923029747026
4891.4			0.8780743703223041
4892.3			0.9494930792413546
4893.2			1.0254256243704711
4894.1			1.0702818529091225
4895.0			1.0930457375713793
4895.9			1.0921564794008765
4896.8			1.08565537700165
4897.7			1.0851122529769375
4898.6			1.0620515947858653
4899.5			1.0224975538791217
4900.4			1.0118956843040787
4901.3			1.0302162210196517
4902.2			1.0276812186150843
4903.1			1.0
4904.0			0.991620404972908
4904.9			1.0231280375750769
4905.8			1.059215630320207
4906.7			1.0565846122534308
4907.6			1.0162200400804198
4908.5			0.9707405628331607
4909.4			0.9242864499753635
4910.3			1.0
4911.2			1.0041647340718645
4912.1			1.043388361484271
4913.0			1.0685880325237591
4913.9			1.0809732950922983
4914.8			1.1075277339538259
4915.7			1.1232028688297935
4916.6			1.0877421746441711
4917.5			1.0077428450334114
4918.4			0.9149038930277895
4919.3			0.8487599778252923
4920.2			0.8278754216532979
4921.1			0.8607205880668137
4922.0			0.9180466268092434
4922.9			0.9409413721146596
4923.8			0.9197589708826305
4924.7			0.90671802016208
4925.6			0.9382753370897207
4926.5			0.9705373059411427
4927.4			0.97133506984235
4928.3			0.9780371065806549
4929.2			0.995736932005739
4930.1			1.0
4931.0			0.9982292237833607
4931.9			0.9815613943385854
4932.8			0.9266123022932622
4933.7			0.8832517475909674
4934.6			0.904783382739758
4935.5			0.9427024637044358
4936.4			0.9290099858411429
4937.3			0.8820268259710154
4938.2			0.8376382433602325
4939.1			0.8360883597282032
4940.0			0.8961614886080645
4940.9			0.9683612514475404
4941.8			0.9973661039291156
4942.7			1.0046332972865806
4943.6			1.0213559037188622
4944.5			1.0173976612195879
4945.4			0.9824965726737314
4946.3			0.9714934675521061
4947.2			1.0003266287800832
4948.1			1.0
4949.0			1.0
4949.9			1.0
4950.8			1.0
4951.7			1.0
4952.6			1.0
4953.5			1.0
4954.4			1.0
4955.3			0.9956692461031246
4956.2			0.9336203787423896
4957.1			0.834036359989875
4958.0			0.8268015545582501
4958.9			0.9256231310726365
4959.8			0.9979376055818714
4960.7			1.0019394787461835
4961.6			1.0
4962.5			1.0
4963.4			1.0
4964.3			1.0
4965.2			1.0
4966.1			1.0
4967.0			1.0
4967.9			1.0
4968.8			1.0
4969.7			1.0
4970.6			1.0
4971.5			1.0
4972.4			1.0
4973.3			1.0
4974.2			1.0
4975.1			1.0
4976.0			0.9813615034926284
4976.9			0.9737640439161894
4977.8			0.9558687470315317
4978.7			0.9392539451387114
4979.6			0.9461257019877506
4980.5			0.9469217069500495
4981.4			0.9150982048762049
4982.3			0.8669764017831159
4983.2			0.8502088664069822
4984.1			0.8723755620018483
4985.0			0.9063861830945931
4985.9			0.9477538521686206
4986.8			1.0052004503281353
4987.7			1.0386029016716836
4988.6			1.032509195308671
4989.5			1.0155441279488697
4990.4			0.9973356869625289
4991.3			1.0
4992.2			1.0
4993.1			1.0
4994.0			0.9807764716499074
4994.9			1.0002354045554984
4995.8			1.0142218898253472
4996.7			1.0003261122412757
4997.6			0.9919786005973125
4998.5			0.9719123814587228
4999.4			0.9362989388032491
5000.3			0.9185211543510688
5001.2			0.9234749096478905
5002.1			0.9312039580869493
5003.0			0.9358847161126786
5003.9			0.9300499215310316
5004.8			0.8990827549895171
5005.7			0.8587315182512716
5006.6			0.8648764056797071
5007.5			0.9271721473550589
5008.4			0.9802828317988957
5009.3			0.9812713293900112
5010.2			0.9550034718358731
5011.1			0.9219845817423521
5012.0			0.8685691395258734
5012.9			0.8241790490489139
5013.8			0.8097006769566106
5014.7			0.8352040219153961
5015.6			0.8814567144085103
5016.5			0.8917971553201018
5017.4			0.8664225593427798
5018.3			0.8565184891219236
5019.2			0.8817447966578172
5020.1			0.9016599416179444
5021.0			0.8921219476535887
5021.9			0.8741586104576677
5022.8			0.8769706073193468
5023.7			0.905836051438972
5024.6			0.9195426160649784
5025.5			0.9158353400512317
5026.4			0.9023822268359558
5027.3			0.8782398590339751
5028.2			0.890629054938462
5029.1			0.9320784999469175
5030.0			0.9448394657743237
5030.9			0.9474397649036566
5031.8			1.0
5032.7			1.0352085260429074
5033.6			1.0458013360858094
5034.5			1.0032942139715608
5035.4			0.9310502164487297
5036.3			0.9081517288476243
5037.2			0.9472644390535442
5038.1			0.957534572764378
5039.0			0.9112075106212211
5039.9			0.8469047250455335
5040.8			0.7921434175142033
5041.7			0.8206234166368466
5042.6			0.9394053831023252
5043.5			1.0331581477796707
5044.4			1.072919894174126
5045.3			1.111254248389109
5046.2			1.136898223975845
5047.1			1.1057557026931453
5048.0			1.0382293928645612
5048.9			1.001097434769521
5049.8			1.0
5050.7			1.0
5051.6			1.0
5052.5			1.0
5053.4			1.0
5054.3			1.0
5055.2			1.0
5056.1			1.0
5057.0			1.0
5057.9			1.0
5058.8			1.0
5059.7			1.0
5060.6			1.0151135997068594
5061.5			1.0369924561340238
5062.4			1.03566077629638
5063.3			0.9985630336376307
5064.2			0.9326155229212774
5065.1			0.8960527630107755
5066.0			0.9272316839751659
5066.9			0.9598811786401837
5067.8			0.9570722835925854
5068.7			0.962824897499826
5069.6			0.9976064807883478
5070.5			1.0
5071.4			1.0
5072.3			1.0
5073.2			1.012915602108597
5074.1			1.035110712952613
5075.0			1.0312349556157046
5075.9			1.0270052800270364
5076.8			1.03616744414259
5077.7			1.0194964590562225
5078.6			0.9375808067210997
5079.5			0.8478230224765783
5080.4			0.8466818475994353
5081.3			0.9078257746055536
5082.2			0.9433608021216198
5083.1			0.9424274472730927
5084.0			0.9539118818088864
5084.9			0.9865498734158266
5085.8			1.0015820767219283
5086.7			1.0
5087.6			1.0
5088.5			1.0
5089.4			1.0
5090.3			1.0
5091.2			1.0
5092.1			1.0
5093.0			1.0
5093.9			1.0065726931325694
5094.8			0.9997853887512345
5095.7			0.9783644112153176
5096.6			0.9393534560097676
5097.5			0.8895892988604286
5098.4			1.0
5099.3			0.9958640797679628
5100.2			1.0594899278589232
5101.1			1.1268128600181464
5102.0			1.1383127744630088
5102.9			1.1038079791456759
5103.8			1.0677928245550754
5104.7			1.0483005960034881
5105.6			1.034300011018356
5106.5			1.0095467032170848
5107.4			0.9790019426320784
5108.3			0.9758388564630319
5109.2			0.9774290607390911
5110.1			0.962672919092669
5111.0			1.0
5111.9			1.042751073311969
5112.8			1.056486507704721
5113.7			1.0504531210770733
5114.6			1.0478179868113386
5115.5			1.0480449433643948
5116.4			1.0587128291815906
5117.3			1.0744885239753088
5118.2			1.0788720562470835
5119.1			1.0674650197377054
5120.0			1.0409178343574115
5120.9			1.0059286312643838
5121.8			0.9706212542530149
5122.7			1.0
5123.6			0.9646399094866106
5124.5			0.9672806252401046
5125.4			0.9897759860409331
5126.3			0.9977753453080511
5127.2			0.9899004749155805
5128.1			0.9793747814426756
5129.0			0.9830280522231404
5129.9			0.9985774024850106
5130.8			1.0162012369158464
5131.7			1.0276014037039654
5132.6			1.0381455227988838
5133.5			1.052381318657562
5134.4			1.0757482807701748
5135.3			1.0838866541258572
5136.2			1.0449850501407238
5137.1			0.9927670387515573
5138.0			0.9693171437873219
5138.9			0.95718012695461
5139.8			0.9676885581119539
5140.7			0.9948027805163866
5141.6			0.9647350023081396
5142.5			0.9175154557255817
5143.4			0.9386074816398523
5144.3			0.9814445152797927
5145.2			0.9787206601677243
5146.1			0.9537461250685221
5147.0			0.9392236152042431
5147.9			0.9455580976956602
5148.8			0.9765998599598503
5149.7			0.9913511765074031
5150.6			0.9631618280924048
5151.5			0.9343574968965123
5152.4			0.9347592229352761
5153.3			0.9462791407744511
5154.2			0.95603025427272
5155.1			0.9722262782560951
5156.0			0.9959163297952492
5156.9			1.0168776292763675
5157.8			1.0246667895912993
5158.7			1.0193885794245927
5159.6			1.0194864175417402
5160.5			1.02163047550777
5161.4			1.0
5162.3			0.9766112896326099
5163.2			0.9664218688633139
5164.1			0.9422214267297161
5165.0			0.8863311564599581
5165.9			0.8155549035992266
5166.8			0.7410941482886321
5167.7			0.7194864736006195
5168.6			0.7951442098629486
5169.5			0.9136766908250781
5170.4			0.9580237972371476
5171.3			0.8607268937077641
5172.2			0.7347364384699887
5173.1			0.7614400588761351
5174.0			0.9337729942196235
5174.9			1.0883886623345
5175.8			1.1370356700263473
5176.7			1.1423779547616564
5177.6			1.1645310692631972
5178.5			1.0
5179.4			0.9989194267944425
5180.3			0.9847084936518102
5181.2			0.9424937192814357
5182.1			0.8274909895261944
5183.0			0.6797206057139092
5183.9			0.6481127965348178
5184.8			0.7822824592160593
5185.7			0.9399685575446539
5186.6			1.0069902857602655
5187.5			1.0054545030146034
5188.4			0.9977725850452243
5189.3			1.0
5190.2			1.0
5191.1			1.0
5192.0			1.0
5192.9			1.0
5193.8			1.0
5194.7			1.0
5195.6			1.0
5196.5			1.0
5197.4			1.0
5198.3			1.0162615351637756
5199.2			1.0346572959531368
5200.1			1.0398645238830586
5201.0			1.0294714981898723
5201.9			1.015941751476847
5202.8			1.00364201387269
5203.7			0.9737527830580875
5204.6			0.9189101860774731
5205.5			0.8860383510524859
5206.4			0.8942978818701549
5207.3			0.895066808385284
5208.2			0.8760666103581937
5209.1			0.8830519178423746
5210.0			0.9205144797177695
5210.9			0.9507506502534718
5211.8			1.0
5212.7			1.0242203005747474
5213.6			1.0225151970912119
5214.5			0.9826868592957827
5215.4			0.9340136699782771
5216.3			0.9156738557014981
5217.2			0.9300309211064026
5218.1			0.9621433862819868
5219.0			0.9903146082237878
5219.9			1.0008383237983005
5220.8			1.0
5221.7			1.0004149999114953
5222.6			0.9798194843899742
5223.5			0.9432222863053038
5224.4			0.8948165711829159
5225.3			0.8382268623145598
5226.2			0.7903378058964707
5227.1			0.7998724076069325
5228.0			0.8821833472330058
5228.9			0.9575422553695376
5229.8			0.9835845732749721
5230.7			0.9995783652030646
5231.6			1.0
5232.5			1.0
5233.4			1.0
5234.3			1.0
5235.2			1.0
5236.1			1.0
5237.0			1.0
5237.9			1.0
5238.8			1.0
5239.7			1.0
5240.6			1.0095034183192721
5241.5			1.008168161176017
5242.4			0.9952026577855
5243.3			0.9971248750687873
5244.2			1.0209866514220889
5245.1			1.02513101132308
5246.0			0.9773368466676077
5246.9			0.9187702919174938
5247.8			0.9127796046270953
5248.7			0.931332080792341
5249.6			0.9167704230056639
5250.5			0.9003846765262267
5251.4			0.9228611160746163
5252.3			0.9501634926866311
5253.2			1.0
5254.1			0.9778401258294925
5255.0			0.9609948548510096
5255.9			0.9946885847917902
5256.8			1.0572233986709136
5257.7			1.0924554739607046
5258.6			1.0954450573462007
5259.5			1.0801189686993309
5260.4			1.0452378513554603
5261.3			0.9862129413352483
5262.2			0.9234355360067995
5263.1			0.88140392397014
5264.0			0.8516617143035138
5264.9			0.8259361471876133
5265.8			0.8278576175134422
5266.7			0.8825362663220111
5267.6			0.9276734917105013
5268.5			0.8745443741887028
5269.4			0.7883889280773287
5270.3			0.8099184252002504
5271.2			0.9200233447375811
5272.1			0.9843973084111848
5273.0			0.9799432012968885
5273.9			0.9616301784059164
5274.8			0.9447117555614464
5275.7			0.9501129257089663
5276.6			1.0096017002891127
5277.5			1.0
5278.4			1.0131298301977671
5279.3			0.9876491047841565
5280.2			0.9499229889026833
5281.1			0.9209149931824864
5282.0			0.9017210233986578
5282.9			0.8820763042311018
5283.8			0.8769724214661718
5284.7			0.9211715671263164
5285.6			0.98742870975649
5286.5			1.0161165682323297
5287.4			1.004678963821408
5288.3			1.0
5289.2			1.0082530585570197
5290.1			1.0245699545030944
5291.0			1.0254932924118485
5291.9			1.006748698043244
5292.8			0.9838926734341487
5293.7			0.9760898579175846
5294.6			0.9735179804649441
5295.5			0.9457095721525194
5296.4			0.8881434954147044
5297.3			0.8357735493730699
5298.2			0.8357021585974447
5299.1			0.8862662000182518
5300.0			0.924945988077623
5300.9			0.9198293217214376
5301.8			0.9121999120442608
5302.7			0.9356217079266548
5303.6			0.9754413729419033
5304.5			1.0034626233292108
5305.4			0.9992582630560125
5306.3			1.0
5307.2			1.0
5308.1			1.0
5309.0			1.0
5309.9			1.0
5310.8			1.0
5311.7			1.0
5312.6			1.0
5313.5			1.0
5314.4			1.0
5315.3			1.0
5316.2			1.0
5317.1			1.0
5318.0			1.0
5318.9			1.0
5319.8			0.9953882671641325
5320.7			0.992507163660677
5321.6			0.988330752494627
5322.5			0.9734252049551955
5323.4			0.9464123383837536
5324.3			0.934248207454071
5325.2			0.9474208679958608
5326.1			0.9360440083476091
5327.0			0.8577225257690775
5327.9			0.7690812060850105
5328.8			0.7781030775677499
5329.7			0.8797843451559879
5330.6			0.9608522008837183
5331.5			0.972218569492827
5332.4			0.9540427702967237
5333.3			0.9567542143420976
5334.2			0.9888169207263086
5335.1			1.0087716998455567
5336.0			1.0
5336.9			0.9890259438045429
5337.8			0.9886157410356227
5338.7			0.9742548334600242
5339.6			0.9291126547786097
5340.5			0.8962562543351935
5341.4			0.9222963867867259
5342.3			0.9746597940503811
5343.2			1.002057555708145
5344.1			1.0001021404127681
5345.0			1.0
5345.9			1.0
5346.8			1.0
5347.7			1.0
5348.6			1.0
5349.5			1.0
5350.4			1.0
5351.3			1.0
5352.2			1.0
5353.1			1.0
5354.0			1.0
5354.9			1.0
5355.8			1.0
5356.7			1.0
5357.6			1.0
5358.5			1.0
5359.4			1.0
5360.3			1.0
5361.2			0.978772019847544
5362.1			0.9626284966464209
5363.0			0.9609602683166527
5363.9			0.9573908086595122
5364.8			0.944263059856702
5365.7			0.9465839788367983
5366.6			0.9609175895108911
5367.5			0.9663540193341922
5368.4			0.9578350966012141
5369.3			0.9236625151005086
5370.2			0.8778997871716212
5371.1			0.8658206760126211
5372.0			0.9090823943911679
5372.9			0.9750295892446288
5373.8			1.0182169813030222
5374.7			1.0365445937118614
5375.6			1.037469143187429
5376.5			1.0286756917368887
5377.4			1.024930913612917
5378.3			1.0249629402468552
5379.2			1.0179113963284874
5380.1			1.0059837759315384
5381.0			1.0
5381.9			1.0016173686118814
5382.8			0.9993842742990692
5383.7			1.0093361420374003
5384.6			1.034946640119349
5385.5			1.041957816343322
5386.4			1.031698892358277
5387.3			1.0227378266262575
5388.2			1.015546796840241
5389.1			1.0001897229315277
5390.0			0.9841006460592131
5390.9			0.9756174455237518
5391.8			0.9727077146401435
5392.7			0.9718134375677528
5393.6			0.969397810237916
5394.5			0.9688423666783167
5395.4			0.9588435799419149
5396.3			0.9246546240420278
5397.2			0.9078569609814034
5398.1			0.9481655862483298
5399.0			0.9919438713045039
5399.9			0.9960457217195241
5400.8			0.998351775958187
5401.7			1.0189160803824326
5402.6			1.0126777341380213
5403.5			0.9592806232770332
5404.4			0.902203591956484
5405.3			0.8804127868264426
5406.2			0.9043077370225485
5407.1			0.954941677203918
5408.0			0.9820013475578655
5408.9			0.9675444454949818
5409.8			0.9493972457178189
5410.7			0.9711594522099379
5411.6			1.0209749575892604
5412.5			1.0527535789606086
5413.4			1.0520425998131122
5414.3			1.0387999523131821
5415.2			1.0418954380670933
5416.1			1.0640101951739849
5417.0			1.0788762136186503
5417.9			1.0722313670493986
5418.8			1.05180942304663
5419.7			1.0
5420.6			0.9910204823103499
5421.5			1.0084812424035066
5422.4			1.01586168546038
5423.3			0.9828282316244675
5424.2			0.9523168182518518
5425.1			0.9722169957436182
5426.0			1.0147801315847909
5426.9			1.0347656135675878
5427.8			1.0049545469897052
5428.7			0.9290649661415842
5429.6			0.8853744027405214
5430.5			0.9198186307863345
5431.4			0.9551099346560362
5432.3			0.9359531683371665
5433.2			0.9041821699361883
5434.1			0.886707591878253
5435.0			0.8819006602492644
5435.9			0.8943757070711872
5436.8			0.9257445386994925
5437.7			0.9692498741316689
5438.6			0.9996076276308952
5439.5			1.0
5440.4			1.0
5441.3			1.0
5442.2			1.0
5443.1			0.9938419981148138
5444.0			0.9670144404707168
5444.9			0.921905827718481
5445.8			0.8724453848958297
5446.7			0.854788986705857
5447.6			0.9006722524854325
5448.5			0.9681724152241116
5449.4			1.0006630587836773
5450.3			1.000023969952864
5451.2			1.0
5452.1			0.9888519583233891
5453.0			0.9728010594975411
5453.9			0.9364189542599187
5454.8			0.8874588081674254
5455.7			0.8796080360320742
5456.6			0.9317154753479239
5457.5			0.9886085633390427
5458.4			1.0094705685431353
5459.3			1.000091727069566
5460.2			1.0
5461.1			1.0
5462.0			0.964040055144907
5462.9			0.9431607944720707
5463.8			0.9655670294408656
5464.7			1.0039717717560275
5465.6			1.0118707952269046
5466.5			1.0023774894015947
5467.4			1.0100048506501946
5468.3			1.0200805413820695
5469.2			1.0077430979378856
5470.1			0.9881979435225081
5471.0			0.9886268891661434
5471.9			0.9942864093071039
5472.8			0.9818763242922625
5473.7			0.9721652862408426
5474.6			0.9672460565777938
5475.5			0.9266307002264633
5476.4			0.8759461415980018
5477.3			0.8921065255079433
5478.2			0.9618322150446968
5479.1			0.9993387572347081
5480.0			0.9752867509773538
5480.9			0.9330064935528435
5481.8			0.92473397591885
5482.7			0.947996996520508
5483.6			0.9826685057356285
5484.5			1.0190845689355676
5485.4			1.0305379685840754
5486.3			1.0041875004604184
5487.2			0.9686077414494124
5488.1			0.9635672367313147
5489.0			0.9816276077191634
5489.9			0.9921465129471282
5490.8			1.000003532486632
5491.7			1.0
5492.6			1.0
5493.5			1.0
5494.4			1.0
5495.3			1.0
5496.2			1.0
5497.1			1.0
5498.0			1.0
5498.9			1.0
5499.8			1.0
5500.7			1.0
5501.6			1.0
5502.5			1.0
5503.4			1.0
5504.3			1.0
5505.2			0.9821152411280579
5506.1			0.9544980612715472
5507.0			0.9580493110949202
5507.9			0.9876409129531513
5508.8			0.9951783803678788
5509.7			0.9820328650777519
5510.6			0.9682612196937265
5511.5			0.9409569915481292
5512.4			0.9122156452604967
5513.3			0.9125082939991593
5514.2			0.930978391711053
5515.1			0.9496076172805346
5516.0			0.9608418140434336
5516.9			0.9671317571288393
5517.8			0.9850464347813674
5518.7			1.0017298540401454
5519.6			1.0019465638403533
5520.5			1.0
5521.4			1.0
5522.3			0.998097913199999
5523.2			0.9997413693126235
5524.1			0.9974629686048091
5525.0			0.9855790176330474
5525.9			0.967008474373917
5526.8			0.9441092150752749
5527.7			0.9223977630179439
5528.6			0.929307418567039
5529.5			0.9693577302648003
5530.4			1.0036312484809164
5531.3			1.0105698093680326
5532.2			1.0044348338243112
5533.1			0.9989641809055815
5534.0			1.0
5534.9			1.0
5535.8			1.0
5536.7			1.0
5537.6			1.0
5538.5			1.0
5539.4			1.0
5540.3			1.0
5541.2			1.0
5542.1			1.0
5543.0			1.0
5543.9			1.0
5544.8			1.0
5545.7			1.0
5546.6			1.0
5547.5			1.0
5548.4			1.0
5549.3			1.0
5550.200000000001			1.0
5551.1			1.0
5552.0			1.0
5552.9			1.0
5553.8			1.0
5554.700000000001			1.0
5555.6			1.0
5556.5			1.0
5557.4			1.0
5558.3			1.0
5559.200000000001			1.0
5560.1			1.0
5561.0			1.0
5561.9			1.0
5562.8			1.0
5563.700000000001			1.0
5564.6			1.0
5565.5			1.0
5566.4			1.0
5567.3			1.0
5568.200000000001			1.0
5569.1			1.0
5570.0			1.0
5570.9			1.0
5571.8			1.0
5572.700000000001			1.0
5573.6			1.0
5574.5			1.0
5575.4			1.0
5576.3			1.0
5577.200000000001			1.0079871809638552
5578.1			1.0099373340228621
5579.0			1.010144026617117
5579.9			1.0268296853823218
5580.8			1.033575595144153
5581.700000000001			1.0244362231722
5582.6			1.0263866468142877
5583.5			1.0342691739067165
5584.4			1.028673854650332
5585.3			1.0072595482248805
5586.200000000001			0.9688821009242369
5587.1			0.9309583587426385
5588.0			0.9212300814549105
5588.9			0.934537280890343
5589.8			0.9595032662171055
5590.700000000001			0.9852983604945814
5591.6			0.9986513855810586
5592.5			0.9996418576270304
5593.4			0.9946034874930185
5594.3			0.9932420606648991
5595.200000000001			1.0
5596.1			1.0362776879865065
5597.0			1.0292530903230688
5597.9			0.982336444310052
5598.8			0.9552659218615268
5599.700000000001			0.9583510980439695
5600.6			0.9493804651747982
5601.5			0.9259141078656036
5602.4			0.9092696049925639
5603.3			0.9254866782187029
5604.200000000001			0.9768682288466415
5605.1			1.014211056580641
5606.0			1.0220433408159786
5606.9			1.0162714294362656
5607.8			1.0051391464710167
5608.700000000001			1.0
5609.6			1.0012075932851057
5610.5			1.0001931673638882
5611.4			1.0041507887686816
5612.3			1.012131681513728
5613.200000000001			1.0012200603340742
5614.1			0.9489655349393202
5615.0			0.8836994694434908
5615.9			0.8748657738888859
5616.8			0.9264882653762917
5617.700000000001			0.9663263936831445
5618.6			0.9684223236768864
5619.5			0.9627778186977145
5620.4			0.9696415094360001
5621.3			0.9904482007826158
5622.200000000001			0.9997340304085071
5623.1			1.0
5624.0			1.0
5624.9			1.0
5625.8			1.0
5626.700000000001			1.0
5627.6			1.0
5628.5			1.0
5629.4			1.0
5630.3			1.0
5631.200000000001			1.0
5632.1			1.0
5633.0			1.0
5633.9			1.0
5634.8			1.0
5635.700000000001			1.0
5636.6			1.0
5637.5			1.0
5638.4			1.0
5639.3			1.0
5640.200000000001			1.0
5641.1			1.0
5642.0			1.0
5642.9			1.0
5643.8			1.0
5644.700000000001			1.0
5645.6			1.0
5646.5			1.0
5647.4			1.0
5648.3			0.9948559626374988
5649.200000000001			0.9835974529385837
5650.1			0.9782386898278266
5651.0			0.991526481324889
5651.9			1.011868003009158
5652.8			1.0160072475253572
5653.700000000001			0.9968782611672815
5654.6			0.9730718843210623
5655.5			0.9767405403230744
5656.4			0.9888960242433688
5657.3			0.9471736993101987
5658.200000000001			0.8868357705521523
5659.1			0.9003473095831451
5660.0			0.9672645354938307
5660.9			0.9957934165894577
5661.8			0.9774745875247708
5662.700000000001			0.9646265795908423
5663.6			0.9923235982834613
5664.5			1.0312098837517472
5665.4			1.0376810031584676
5666.3			1.020327350169965
5667.200000000001			1.0040100692072833
5668.1			1.0003112652754187
5669.0			1.0
5669.9			1.0
5670.8			1.0
5671.700000000001			1.0
5672.6			1.0
5673.5			1.0
5674.4			1.0
5675.3			1.0
5676.200000000001			1.0
5677.1			1.0
5678.0			1.0
5678.9			1.0
5679.8			1.0
5680.700000000001			1.0
5681.6			1.0
5682.5			1.0
5683.4			1.0
5684.3			1.0
5685.200000000001			1.0
5686.1			1.0
5687.0			1.0
5687.9			1.0
5688.8			1.0
5689.700000000001			1.0
5690.6			1.0
5691.5			1.0
5692.4			1.0
5693.3			0.996220607500366
5694.200000000001			0.9898542146980709
5695.1			0.9903517061510425
5696.0			1.0013951145341076
5696.9			1.000902024918148
5697.8			0.974889242795883
5698.700000000001			0.9563010734233446
5699.6			0.9556114626302732
5700.5			0.9379689408625078
5701.4			0.9181283804391093
5702.3			0.9251341775894455
5703.200000000001			0.9487870954299303
5704.1			0.9614345713385827
5705.0			0.9511642701352427
5705.9			0.9293200666583005
5706.8			0.9126452051287972
5707.700000000001			0.9022230016260642
5708.6			0.8808753022119102
5709.5			0.8675287478047219
5710.4			0.8801167618862367
5711.3			0.8857864811526842
5712.200000000001			0.899863608485107
5713.1			0.9425509086874261
5714.0			0.968139450876173
5714.9			0.9714888509646209
5715.8			0.9822068524125875
5716.700000000001			0.9901915532721536
5717.6			0.9871654188188369
5718.5			0.9926626599946052
5719.4			1.0042900140009843
5720.3			1.0058235457554459
5721.200000000001			1.0110888002660956
5722.1			1.0183487122787331
5723.0			1.0208392017682544
5723.9			1.01980979931529
5724.8			1.0113602562515653
5725.700000000001			0.9997817308034865
5726.6			1.0
5727.5			1.0
5728.4			1.0
5729.3			1.0
5730.200000000001			1.0
5731.1			1.0
5732.0			1.0
5732.9			1.0
5733.8			1.0
5734.700000000001			1.0
5735.6			1.0
5736.5			1.0
5737.4			1.0
5738.3			1.0
5739.200000000001			1.0
5740.1			1.0
5741.0			1.0
5741.9			1.0
5742.8			1.0
5743.700000000001			1.0
5744.6			1.0
5745.5			1.0
5746.4			1.0
5747.3			1.0
5748.200000000001			1.0
5749.1			1.015722596074806
5750.0			1.0333254501401719
5750.9			1.025976511658321
5751.8			0.9936298777317539
5752.700000000001			0.949525903071508
5753.6			0.9219782380901894
5754.5			0.924434209082122
5755.4			0.9565349383993501
5756.3			0.9889338101823658
5757.200000000001			0.9999260388419792
5758.1			0.9974263724093105
5759.0			1.0
5759.9			1.0
5760.8			1.0
5761.700000000001			1.0
5762.6			1.0
5763.5			1.0
5764.4			1.0
5765.3			1.0
5766.200000000001			1.0
5767.1			1.0
5768.0			1.0
5768.9			1.0
5769.8			1.0
5770.700000000001			1.0
5771.6			1.0
5772.5			0.9946338549097369
5773.4			0.9954873394634286
5774.3			0.9909027505385238
5775.200000000001			0.9917741972083185
5776.1			1.0044554599667896
5777.0			1.013654842156355
5777.9			1.01322475322449
5778.8			1.0016498446824744
5779.700000000001			0.9738565312165025
5780.6			0.9362629887575259
5781.5			0.915497205879763
5782.4			0.9260189343843668
5783.3			0.9430657241953699
5784.200000000001			0.9398298606707013
5785.1			0.9291734627089363
5786.0			0.9452868578655921
5786.9			0.9821941980984501
5787.8			1.0074178722524105
5788.700000000001			1.0187025718335196
5789.6			1.0166022837611
5790.5			0.9996877849098221
5791.4			1.0
5792.3			1.0
5793.200000000001			1.0
5794.1			1.0
5795.0			1.0
5795.9			1.0
5796.8			1.0
5797.700000000001			1.0
5798.6			1.0
5799.5			1.0
5800.4			1.0
5801.3			1.0
5802.200000000001			1.0
5803.1			1.0
5804.0			1.0
5804.9			1.0
5805.8			1.0
5806.700000000001			1.0
5807.6			1.0
5808.5			1.0
5809.4			1.0
5810.3			1.0
5811.200000000001			1.0
5812.1			1.0
5813.0			1.0
5813.9			1.0
5814.8			1.0
5815.700000000001			1.0
5816.6			1.0
5817.5			1.0
5818.4			1.0
5819.3			1.0
5820.200000000001			1.0
5821.1			1.0
5822.0			1.0
5822.9			1.0
5823.8			1.0
5824.700000000001			1.0
5825.6			1.0
5826.5			1.0
5827.4			1.0
5828.3			1.0
5829.200000000001			1.0
5830.1			1.0
5831.0			1.0
5831.9			1.0
5832.8			1.0
5833.700000000001			1.0
5834.6			1.0
5835.5			1.0
5836.4			1.0
5837.3			1.0
5838.200000000001			1.0
5839.1			1.0
5840.0			1.0
5840.9			1.0
5841.8			1.0
5842.700000000001			1.0
5843.6			1.0
5844.5			1.0
5845.4			1.0
5846.3			1.0
5847.200000000001			1.0
5848.1			1.0
5849.0			1.0
5849.9			1.0
5850.8			1.0
5851.700000000001			1.0
5852.6			1.0
5853.5			1.0
5854.4			1.0
5855.3			1.0
5856.200000000001			1.0
5857.1			1.0
5858.0			1.0
5858.9			1.0
5859.8			1.0
5860.700000000001			1.0
5861.6			1.0
5862.5			1.0
5863.4			1.0
5864.3			1.0
5865.200000000001			1.0
5866.1			1.0
5867.0			1.0
5867.9			1.0
5868.8			1.0
5869.700000000001			1.0
5870.6			1.0
5871.5			1.0
5872.4			1.0
5873.3			1.0
5874.200000000001			1.0
5875.1			1.0
5876.0			1.0
5876.9			1.0
5877.8			1.0
5878.700000000001			1.0
5879.6			1.0
5880.5			0.9934571043018489
5881.4			0.9986174285085747
5882.3			1.0021016051408067
5883.200000000001			0.9939923985383932
5884.1			0.9894650974341643
5885.0			1.0018443073380947
5885.9			1.0157086150430539
5886.8			1.0162145167497916
5887.700000000001			0.9904513765504401
5888.6			0.9149061176176967
5889.5			0.8169647019612725
5890.4			0.8008240103469798
5891.3			0.8725354860508584
5892.200000000001			0.9305925116164911
5893.1			0.952328503242351
5894.0			0.9534857610185986
5894.9			0.9075215830706709
5895.8			0.8506847506127951
5896.700000000001			0.8773092289966843
5897.6			0.9481072250956052
5898.5			0.9758815383820427
5899.4			0.9806945082654409
5900.3			1.0000436882793395
5901.200000000001			1.0
5902.1			1.0
5903.0			1.0
5903.9			1.0
5904.8			1.0
5905.700000000001			1.0
5906.6			1.0
5907.5			1.0
5908.4			1.0
5909.3			1.0
5910.200000000001			1.0
5911.1			1.0
5912.0			1.0
5912.9			1.0
5913.8			1.0
5914.700000000001			1.0
5915.6			1.0
5916.5			1.0
5917.4			1.0
5918.3			1.0
5919.200000000001			1.0
5920.1			1.0
5921.0			1.0
5921.9			1.0
5922.8			1.0
5923.700000000001			1.0
5924.6			1.0
5925.5			1.0
5926.4			1.0
5927.3			1.0
5928.200000000001			1.0
5929.1			1.0
5930.0			1.0
5930.9			1.0
5931.8			1.0
5932.700000000001			1.0
5933.6			1.0
5934.5			1.0
5935.4			1.0
5936.3			1.0
5937.200000000001			1.0
5938.1			1.0
5939.0			1.0
5939.9			1.0
5940.8			1.0
5941.700000000001			1.0
5942.6			1.0
5943.5			1.0
5944.4			1.0
5945.3			1.0
5946.200000000001			1.0
5947.1			1.0
5948.0			1.0
5948.9			1.0
5949.8			1.0
5950.700000000001			1.0
5951.6			1.0
5952.5			1.0
5953.4			1.0
5954.3			1.0
5955.200000000001			1.0
5956.1			1.0
5957.0			1.0
5957.9			1.0
5958.8			1.0
5959.700000000001			1.0
5960.6			1.0
5961.5			1.0
5962.4			1.0
5963.3			1.0
5964.200000000001			1.0
5965.1			1.0
5966.0			1.0
5966.9			1.0
5967.8			1.0
5968.700000000001			1.0
5969.6			1.0
5970.5			1.0
5971.4			1.0
5972.3			1.0
5973.200000000001			1.0
5974.1			1.0
5975.0			1.0
5975.9			1.0
5976.8			1.0
5977.700000000001			1.0
5978.6			1.0
5979.5			1.0
5980.4			1.0
5981.3			1.0
5982.200000000001			1.0
5983.1			1.0
5984.0			1.0
5984.9			1.0
5985.8			1.0
5986.700000000001			1.0
5987.6			1.0
5988.5			1.0
5989.4			1.0
5990.3			1.0
5991.200000000001			1.0
5992.1			1.0
5993.0			1.0
5993.9			1.0
5994.8			1.0015778864777718
5995.700000000001			0.9915664232230421
5996.6			0.9713237356120281
5997.5			0.9551868057253562
5998.4			0.9594218439979887
5999.3			0.977760887576225
6000.200000000001			0.9913804996994877
6001.1			0.9939346131990046
6002.0			0.9848503530315627
6002.9			0.9750704305017623
6003.8			0.984917793745985
6004.700000000001			0.9940532421928994
6005.6			0.9863221584382664
6006.5			0.9716332248632783
6007.4			0.9506562740032238
6008.3			0.9429720595203914
6009.200000000001			0.9753973386569796
6010.1			1.015471700162932
6011.0			1.022970168203546
6011.9			1.0010086307490145
6012.8			0.9816417867864708
6013.700000000001			0.989336714915488
6014.6			1.0084040490578077
6015.5			1.0088697827062456
6016.4			0.9973752459836257
6017.3			1.0044316372565436
6018.200000000001			1.0189233931308035
6019.1			1.0101477389348485
6020.0			0.9866033316862071
6020.9			0.9876404208240506
6021.8			0.9983067411664441
6022.700000000001			1.0
6023.6			1.0
6024.5			1.0
6025.4			1.0
6026.3			1.0
6027.200000000001			1.0
6028.1			1.0
6029.0			1.0
6029.9			1.0
6030.8			1.0
6031.700000000001			1.0
6032.6			1.0
6033.5			1.0
6034.4			1.0
6035.3			1.0
6036.200000000001			1.0
6037.1			1.0
6038.0			1.0
6038.9			1.0
6039.8			1.0
6040.700000000001			1.0
6041.6			1.0
6042.5			1.0
6043.4			1.0
6044.3			1.0
6045.200000000001			1.0
6046.1			1.0
6047.0			1.0
6047.9			1.0
6048.8			1.0
6049.700000000001			1.0
6050.6			1.0
6051.5			1.0
6052.4			1.0
6053.3			1.0
6054.200000000001			1.0
6055.1			1.0
6056.0			1.0
6056.9			1.0
6057.8			1.0
6058.700000000001			1.0
6059.6			1.0
6060.5			1.0
6061.4			1.0
6062.3			1.0
6063.200000000001			1.0
6064.1			1.0
6065.0			1.0
6065.9			1.0
6066.8			1.0
6067.700000000001			1.0
6068.6			1.0
6069.5			1.0
6070.4			1.0
6071.3			1.0
6072.200000000001			1.0
6073.1			1.0
6074.0			1.0
6074.9			1.0
6075.8			1.0
6076.700000000001			1.0
6077.6			1.0
6078.5			1.0
6079.4			1.0
6080.3			1.0
6081.200000000001			1.0
6082.1			1.0
6083.0			1.0
6083.9			1.0
6084.8			1.0
6085.700000000001			1.0
6086.6			1.0
6087.5			1.0
6088.4			1.0
6089.3			1.0
6090.200000000001			1.0
6091.1			1.0
6092.0			1.0
6092.9			1.0
6093.8			1.0
6094.700000000001			1.0
6095.6			1.0
6096.5			1.0
6097.4			1.0
6098.3			1.0
6099.200000000001			1.0
6100.1			0.9985131013501272
6101.0			0.970787060836452
6101.9			0.9171516068918836
6102.8			0.887379252835815
6103.700000000001			0.9265979861938234
6104.6			0.9813613504251025
6105.5			0.9997857299148367
6106.4			1.0
6107.3			1.0
6108.200000000001			1.0
6109.1			1.0
6110.0			1.0
6110.9			1.0
6111.8			1.0
6112.700000000001			1.0
6113.6			1.0
6114.5			1.0
6115.4			1.0
6116.3			1.0
6117.200000000001			1.0
6118.1			1.0
6119.0			1.0
6119.9			1.0
6120.8			1.0
6121.700000000001			1.0
6122.6			1.0
6123.5			1.0
6124.4			1.0
6125.3			1.0
6126.200000000001			1.0
6127.1			1.0
6128.0			1.0
6128.9			1.0
6129.8			1.0
6130.700000000001			1.0
6131.6			1.0
6132.5			1.0
6133.4			1.0065299354282677
6134.3			0.9958287258772949
6135.200000000001			0.9584152437799052
6136.1			0.8920255764958421
6137.0			0.8481889565678926
6137.9			0.8834806238098172
6138.8			0.9633521632558
6139.700000000001			1.0104296077638029
6140.6			1.0005860827437718
6141.5			1.0
6142.4			1.0
6143.3			1.0
6144.200000000001			1.0
6145.1			1.0
6146.0			1.0
6146.9			1.0
6147.8			1.0
6148.700000000001			1.0
6149.6			1.0
6150.5			1.0
6151.4			1.0
6152.3			1.0
6153.200000000001			1.0
6154.1			1.0
6155.0			1.0
6155.9			1.0
6156.8			1.0094519160972817
6157.700000000001			1.0091736972190841
6158.6			1.0127116326587633
6159.5			1.0094297098198126
6160.4			0.9750557378514425
6161.3			0.9206230590236398
6162.200000000001			0.8952675658468409
6163.1			0.9098490574532055
6164.0			0.9445936746333242
6164.9			0.9737421137136831
6165.8			0.982165617171811
6166.700000000001			0.9927629296563604
6167.6			0.9996032498835945
6168.5			1.0
6169.4			1.0
6170.3			1.0
6171.200000000001			1.0
6172.1			1.0
6173.0			1.0
6173.9			1.0
6174.8			1.0
6175.700000000001			1.0
6176.6			1.0
6177.5			1.0
6178.4			1.0
6179.3			1.0
6180.200000000001			1.0
6181.1			1.0
6182.0			1.0
6182.9			1.0
6183.8			1.0
6184.700000000001			0.9957475981930806
6185.6			0.9855271448356063
6186.5			0.9678507433056261
6187.4			0.9581543264200367
6188.3			0.9584147370647473
6189.200000000001			0.963763562815791
6190.1			0.9425983547985689
6191.0			0.9004946355488768
6191.9			0.9041515763275231
6192.8			0.9535793429678043
6193.700000000001			0.9826754924549441
6194.6			0.9897637033994791
6195.5			0.9933760261742884
6196.4			1.0001317300794639
6197.3			1.0001104871308066
6198.200000000001			1.0
6199.1			1.0
6200.0			1.0
6200.9			1.0
6201.8			1.0
6202.700000000001			1.0
6203.6			1.0
6204.5			1.0
6205.4			1.0
6206.3			1.0
6207.200000000001			1.0
6208.1			1.0
6209.0			1.0
6209.9			1.0
6210.8			1.0
6211.700000000001			1.0
6212.6			1.0
6213.5			1.0
6214.4			1.0
6215.3			1.0
6216.200000000001			1.0
6217.1			1.0
6218.0			1.0
6218.9			1.0
6219.8			1.0
6220.700000000001			1.0
6221.6			1.0
6222.5			1.0
6223.4			1.0
6224.3			1.0
6225.200000000001			1.0
6226.1			1.0030726006563697
6227.0			0.9996730373999164
6227.9			0.9965122561740549
6228.8			0.9763813456144345
6229.700000000001			0.9354093982090546
6230.6			0.9013692316341954
6231.5			0.910635709212665
6232.4			0.940940219025417
6233.3			0.9613889821295353
6234.200000000001			0.9851348959301772
6235.1			0.9997314480997678
6236.0			1.0
6236.9			1.0
6237.8			1.0
6238.700000000001			1.0
6239.6			1.0
6240.5			1.0
6241.4			1.0
6242.3			0.9904023435350106
6243.200000000001			0.9718541877441652
6244.1			0.9720262583478052
6245.0			0.9738978862673299
6245.9			0.9669652172392803
6246.8			0.9783344182545871
6247.700000000001			1.0063619850519099
6248.6			1.0324181338840175
6249.5			1.0372178683859252
6250.4			1.0241921672953191
6251.3			0.9935646183317205
6252.200000000001			0.9534599016957672
6253.1			0.9335118728391109
6254.0			0.9356441941838585
6254.9			0.9427577838079131
6255.8			0.945086916128865
6256.700000000001			0.9387875124007912
6257.6			0.9322283181562268
6258.5			0.9314440418852544
6259.4			0.9531330434569922
6260.3			0.9782470844736633
6261.200000000001			0.9869184075273224
6262.1			1.0013549869684697
6263.0			1.0137851767895862
6263.9			1.0006048167554704
6264.8			1.0
6265.700000000001			1.0
6266.6			1.0
6267.5			1.0
6268.4			1.0
6269.3			1.0
6270.200000000001			1.0
6271.1			1.0
6272.0			1.0
6272.9			1.0
6273.8			1.0
6274.700000000001			1.0
6275.6			1.0
6276.5			1.0
6277.4			1.0
6278.3			1.0
6279.200000000001			1.0
6280.1			1.0
6281.0			1.0
6281.9			1.0
6282.8			1.0
6283.700000000001			1.0
6284.6			1.0
6285.5			1.0
6286.4			1.0
6287.3			1.0
6288.200000000001			1.0
6289.1			1.0
6290.0			1.0
6290.9			1.0
6291.8			1.0
6292.700000000001			1.0
6293.6			1.0
6294.5			1.0
6295.4			1.0
6296.3			1.0
6297.200000000001			1.0
6298.1			1.0
6299.0			1.0
6299.9			1.0
6300.8			1.0
6301.700000000001			1.0
6302.6			1.0
6303.5			1.0
6304.4			1.0
6305.3			1.0
6306.200000000001			1.0
6307.1			1.0
6308.0			1.0
6308.9			1.0
6309.8			1.0
6310.700000000001			1.0
6311.6			1.0
6312.5			1.0
6313.4			1.0
6314.3			1.0
6315.200000000001			1.0
6316.1			1.0
6317.0			1.0
6317.9			1.0
6318.8			1.0
6319.700000000001			1.0
6320.6			1.0
6321.5			1.0
6322.4			1.0
6323.3			1.0
6324.200000000001			1.0
6325.1			1.0
6326.0			1.0
6326.9			1.0
6327.8			1.0
6328.700000000001			1.0
6329.6			1.0
6330.5			1.0
6331.4			1.0
6332.3			1.0
6333.200000000001			1.0
6334.1			1.0
6335.0			1.0
6335.9			1.0
6336.8			1.0
6337.700000000001			1.0
6338.6			1.0
6339.5			1.0
6340.4			1.0
6341.3			1.0
6342.200000000001			1.0
6343.1			1.0
6344.0			1.0
6344.9			1.0
6345.8			1.0
6346.700000000001			1.0
6347.6			1.0
6348.5			1.0
6349.4			1.0
6350.3			1.0
6351.200000000001			1.0
6352.1			1.0
6353.0			1.0
6353.9			1.0
6354.8			1.0
6355.700000000001			1.0
6356.6			1.0
6357.5			1.0
6358.4			1.0
6359.3			1.0
6360.200000000001			1.0
6361.1			1.0
6362.0			1.0
6362.9			1.0
6363.8			1.0
6364.700000000001			1.0
6365.6			1.0
6366.5			1.0
6367.4			1.0
6368.3			1.0
6369.200000000001			1.0
6370.1			1.0
6371.0			1.0
6371.9			1.0
6372.8			1.0
6373.700000000001			1.0
6374.6			1.0
6375.5			1.0
6376.4			1.0
6377.3			1.0
6378.200000000001			1.0
6379.1			1.0
6380.0			1.0
6380.9			1.0
6381.8			1.0
6382.700000000001			1.0
6383.6			1.0
6384.5			1.0
6385.4			1.0
6386.3			1.0
6387.200000000001			1.0
6388.1			1.0
6389.0			1.0
6389.9			1.0
6390.8			1.0
6391.700000000001			1.0
6392.6			1.0
6393.5			1.0
6394.4			1.0
6395.3			1.0
6396.200000000001			1.0130155898291728
6397.1			1.013986615259659
6398.0			1.002699134199003
6398.9			0.9602196876698614
6399.8			0.9098834622035182
6400.700000000001			0.9129381023628038
6401.6			0.9593481654012113
6402.5			0.9923386115361387
6403.4			0.9976575373330867
6404.3			1.0
6405.200000000001			1.0
6406.1			1.0
6407.0			1.0
6407.9			1.0
6408.8			1.0
6409.700000000001			1.0
6410.6			1.0
6411.5			1.0
6412.4			1.0
6413.3			1.0
6414.200000000001			1.0
6415.1			1.0
6416.0			1.0
6416.9			1.0
6417.8			1.0
6418.700000000001			1.0
6419.6			1.0
6420.5			1.0
6421.4			1.0
6422.3			1.0
6423.200000000001			1.0
6424.1			1.0
6425.0			1.0
6425.9			1.0
6426.8			1.0
6427.700000000001			1.0
6428.6			1.0
6429.5			1.0
6430.4			1.0
6431.3			1.0
6432.200000000001			1.0
6433.1			1.0
6434.0			1.0
6434.9			1.0
6435.8			1.0
6436.700000000001			1.0
6437.6			1.0
6438.5			1.0
6439.4			1.0
6440.3			1.0
6441.200000000001			1.0
6442.1			1.0
6443.0			1.0
6443.9			1.0
6444.8			1.0
6445.700000000001			1.0
6446.6			1.0
6447.5			0.9977509438144759
6448.4			0.9651966932619883
6449.3			0.9084719217005738
6450.200000000001			0.8805932873961664
6451.1			0.917076756431521
6452.0			0.973075564188509
6452.9			0.9991908968576343
6453.8			1.0
6454.700000000001			1.0
6455.6			1.0
6456.5			1.0
6457.4			1.0
6458.3			1.0
6459.200000000001			1.0
6460.1			1.0
6461.0			1.0
6461.9			1.0
6462.8			1.0
6463.700000000001			1.0
6464.6			1.0
6465.5			1.0
6466.4			1.0
6467.3			1.0
6468.200000000001			1.0
6469.1			1.0
6470.0			1.0
6470.9			1.0
6471.8			1.0
6472.700000000001			1.0
6473.6			1.0
6474.5			1.0
6475.4			1.0
6476.3			1.0
6477.200000000001			1.0
6478.1			1.0
6479.0			1.0
6479.9			1.0
6480.8			1.0
6481.700000000001			1.0
6482.6			1.0
6483.5			1.0
6484.4			1.0
6485.3			1.0
6486.200000000001			1.0
6487.1			1.0007433718919634
6488.0			1.0035762688455119
6488.9			1.0046559477888468
6489.8			0.998585175387087
6490.700000000001			0.9856189136203304
6491.6			0.9731113310363481
6492.5			0.9580820649935581
6493.4			0.9219296445619247
6494.3			0.8742768930862465
6495.200000000001			0.8513728108220266
6496.1			0.8596138419271437
6497.0			0.8839362115795517
6497.9			0.9131070696976179
6498.8			0.9269253217306275
6499.700000000001			0.9375866593971327
6500.6			0.9631228929687146
6501.5			0.9840051890315362
6502.4			0.9925839734075734
6503.3			1.0
6504.200000000001			1.0026066062850285
6505.1			1.0029351145712555
6506.0			1.0057748653379832
6506.9			1.008701619068062
6507.8			1.0072159695338738
6508.700000000001			1.0039274977140211
6509.6			1.0020093598177695
6510.5			1.0006897096818939
6511.4			0.9989694188179393
6512.3			1.0
6513.200000000001			1.0
6514.1			1.0
6515.0			1.0
6515.9			1.0
6516.8			1.0
6517.700000000001			1.0
6518.6			1.0
6519.5			1.0
6520.4			1.0
6521.3			1.0
6522.200000000001			1.0
6523.1			1.0
6524.0			1.0
6524.9			1.0
6525.8			1.0
6526.700000000001			1.0
6527.6			1.0
6528.5			1.0
6529.4			1.0
6530.3			1.0
6531.200000000001			1.0
6532.1			1.0
6533.0			1.0
6533.9			1.0
6534.8			1.0
6535.700000000001			1.0
6536.6			1.0
6537.5			1.0
6538.4			1.0
6539.3			1.0
6540.200000000001			1.0
6541.1			1.0
6542.0			1.0
6542.9			1.0
6543.8			1.0
6544.700000000001			1.0
6545.6			1.0
6546.5			1.0
6547.4			1.0
6548.3			1.0
6549.200000000001			1.0
6550.1			1.0
6551.0			1.0
6551.9			1.0
6552.8			1.0
6553.700000000001			1.0
6554.6			1.0
6555.5			1.0
6556.4			1.0
6557.3			1.0
6558.200000000001			1.0029991147988
6559.1			0.9908166910589075
6560.0			0.9607017039337494
6560.9			0.8893479384447291
6561.8			0.7510869131071005
6562.700000000001			0.6221720269504412
6563.6			0.6483483929969317
6564.5			0.8062349839878749
6565.4			0.932715304014615
6566.3			0.9832574715177036
6567.200000000001			0.9987552423722655
6568.1			1.0
6569.0			1.0
6569.9			1.0
6570.8			1.0
6571.700000000001			1.0
6572.6			1.0
6573.5			1.0
6574.4			1.0
6575.3			1.0
6576.200000000001			1.0
6577.1			1.0
6578.0			1.0
6578.9			1.0
6579.8			1.0
6580.700000000001			1.0
6581.6			1.0
6582.5			1.0
6583.4			1.0
6584.3			1.0
6585.200000000001			1.0
6586.1			1.0
6587.0			1.0
6587.9			1.0
6588.8			1.0
6589.700000000001			1.0
6590.6			1.0
6591.5			1.0
6592.4			1.0
6593.3			0.9665612846677598
6594.200000000001			0.977136936917023
6595.1			1.0177800958405185
6596.0			1.0442440557290025
6596.9			1.0432902088589668
6597.8			1.0319316490856494
6598.700000000001			1.025331172154477
6599.6			1.0328865606335875
6600.5			1.0483617473163411
6601.4			1.055546926690026
6602.3			1.054178228191706
6603.200000000001			1.0488737746320582
6604.1			1.0389469458822196
6605.0			1.0302782774273394
6605.9			1.0269595875910074
6606.8			1.0233262766752458
6607.700000000001			1.0123865365289775
6608.6			0.9913491391822431
6609.5			0.9821011391087024
6610.4			1.0034863208552425
6611.3			1.0332851212687375
6612.200000000001			1.0434774888830674
6613.1			1.0339603267502766
6614.0			1.02662904043854
6614.9			1.033008911164467
6615.8			1.0390229548470087
6616.700000000001			1.0340762779039276
6617.6			1.0293736648540335
6618.5			1.0330257171374777
6619.4			1.0405690055664563
6620.3			1.0421552788861739
6621.200000000001			1.0415391580766256
6622.1			1.041395931493721
6623.0			1.0323668787985516
6623.9			1.0132807051690362
6624.8			0.9990606061011301
6625.700000000001			1.0053970963848922
6626.6			1.0181866864827904
6627.5			1.018683068929625
6628.4			1.0180973761720287
6629.3			1.0202033973924685
6630.200000000001			1.0145836470775818
6631.1			1.0050024571301017
6632.0			0.9905439725494103
6632.9			0.9677684814584825
6633.8			0.9474252831192798
6634.700000000001			0.9563084298612894
6635.6			0.9818500887006874
6636.5			1.002369947114162
6637.4			1.0129831430762424
6638.3			1.0133804498026584
6639.200000000001			1.0053338346304137
6640.1			0.997929543933921
6641.0			0.9998752254305158
6641.9			0.9981896012447982
6642.8			0.9777892026930772
6643.700000000001			0.9578885777931904
6644.6			0.9642198238816794
6645.5			0.9843107867720547
6646.4			0.9925479672894217
6647.3			0.9871570056231126
6648.200000000001			0.9864772904003746
6649.1			0.9972858238755591
6650.0			1.00341731132837
6650.9			0.9999702861086149
6651.8			1.0
6652.700000000001			1.0
6653.6			1.0
6654.5			1.0
6655.4			1.0
6656.3			1.0
6657.200000000001			1.0
6658.1			1.0
6659.0			1.0
6659.9			1.0
6660.8			1.0
6661.700000000001			1.0
6662.6			1.0
6663.5			1.0
6664.4			1.0
6665.3			1.0
6666.200000000001			1.0
6667.1			1.0
6668.0			1.0
6668.9			1.0
6669.8			1.0
6670.700000000001			1.0
6671.6			1.0
6672.5			1.0
6673.4			1.0
6674.3			1.0
6675.200000000001			1.0
6676.1			1.0
6677.0			1.0
6677.9			1.0
6678.8			1.0
6679.700000000001			1.0
6680.6			1.0
6681.5			1.0
6682.4			1.0
6683.3			1.0
6684.200000000001			1.0
6685.1			1.0
6686.0			1.0
6686.9			1.0
6687.8			1.0
6688.700000000001			1.0
6689.6			1.0
6690.5			1.0
6691.4			1.0
6692.3			1.0
6693.200000000001			1.0
6694.1			1.0
6695.0			1.0
6695.9			1.0
6696.8			1.0
6697.700000000001			1.0
6698.6			1.0
6699.5			1.0
6700.4			1.0
6701.3			1.0
6702.200000000001			1.0
6703.1			1.0
6704.0			1.0
6704.9			1.0
6705.8			1.0
6706.700000000001			1.0
6707.6			1.0
6708.5			1.0
6709.4			1.0
6710.3			1.0
6711.200000000001			1.0
6712.1			1.0
6713.0			1.0
6713.9			1.0
6714.8			1.0
6715.700000000001			1.0
6716.6			1.0
6717.5			1.0
6718.4			1.0
6719.3			1.0
6720.200000000001			1.0
6721.1			1.0
6722.0			1.0
6722.9			1.0
6723.8			1.0
6724.700000000001			1.0
6725.6			1.0
6726.5			1.0
6727.4			1.0
6728.3			1.0
6729.200000000001			1.0
6730.1			1.0
6731.0			1.0
6731.9			1.0
6732.8			1.0
6733.700000000001			1.0
6734.6			1.0
6735.5			1.0
6736.4			1.0
6737.3			1.0
6738.200000000001			1.0
6739.1			1.0
6740.0			1.0
6740.9			1.0
6741.8			1.0
6742.700000000001			1.0
6743.6			1.0
6744.5			1.0
6745.4			1.0
6746.3			1.0
6747.200000000001			1.0
6748.1			1.0
6749.0			1.0
6749.9			1.0
6750.8			1.0
6751.700000000001			1.0
6752.6			1.0
6753.5			1.0
6754.4			1.0
6755.3			1.0
6756.200000000001			1.0
6757.1			1.0
6758.0			1.0
6758.9			1.0
6759.8			1.0
6760.700000000001			1.0
6761.6			1.0
6762.5			1.0
6763.4			1.0
6764.3			1.0
6765.200000000001			1.0
6766.1			1.0
6767.0			1.0
6767.9			1.0
6768.8			1.0
6769.700000000001			1.0
6770.6			1.0
6771.5			1.0
6772.4			1.0
6773.3			1.0
6774.200000000001			1.0
6775.1			1.0
6776.0			1.0
6776.9			1.0
6777.8			1.0
6778.700000000001			1.0
6779.6			1.0
6780.5			1.0
6781.4			1.0
6782.3			1.0
6783.200000000001			1.0
6784.1			1.0
6785.0			1.0
6785.9			1.0
6786.8			1.0
6787.700000000001			1.0
6788.6			1.0
6789.5			1.0
6790.4			1.0
6791.3			1.0
6792.200000000001			1.0
6793.1			1.0
6794.0			1.0
6794.9			1.0
6795.8			1.0
6796.700000000001			1.0
6797.6			1.0
6798.5			1.0
6799.4			1.0
6800.3			1.0
6801.200000000001			1.0
6802.1			1.0
6803.0			1.0
6803.9			1.0
6804.8			1.0
6805.700000000001			1.0
6806.6			1.0
6807.5			1.0
6808.4			1.0
6809.3			1.0
6810.200000000001			1.0
6811.1			1.0
6812.0			1.0
6812.9			1.0
6813.8			1.0
6814.700000000001			1.0
6815.6			1.0
6816.5			1.0
6817.4			1.0
6818.3			1.0
6819.200000000001			1.0
6820.1			1.0
6821.0			1.0
6821.9			1.0
6822.8			1.0
6823.700000000001			1.0
6824.6			1.0
6825.5			1.0
6826.4			1.0
6827.3			1.0
6828.200000000001			1.0
6829.1			1.0
6830.0			1.0
6830.9			1.0
6831.8			1.0
6832.700000000001			1.0
6833.6			1.0
6834.5			1.0
6835.4			1.0
6836.3			1.0
6837.200000000001			1.0
6838.1			1.0
6839.0			1.0
6839.9			1.0
6840.8			1.0
6841.700000000001			1.0
6842.6			1.0
6843.5			1.0
6844.4			1.0
6845.3			1.0
6846.200000000001			1.0
6847.1			1.0
6848.0			1.0
6848.9			1.0
6849.8			1.0
6850.700000000001			1.0
6851.6			1.0
6852.5			1.0
6853.4			1.0
6854.3			1.0
6855.200000000001			1.0
6856.1			1.0
6857.0			1.0
6857.9			1.0
6858.8			1.0
6859.700000000001			1.0
6860.6			1.0
6861.5			1.0
6862.4			1.0
6863.3			1.0
6864.200000000001			1.0
6865.1			1.0
6866.0			1.0
6866.9			1.0
6867.8			1.0
6868.700000000001			1.0
6869.6			1.0
6870.5			1.0
6871.4			1.0
6872.3			1.0
6873.200000000001			1.0
6874.1			1.0
6875.0			1.0
6875.9			1.0
6876.8			1.0
6877.700000000001			1.0
6878.6			1.0
6879.5			1.0
6880.4			1.0
6881.3			1.0
6882.200000000001			1.0
6883.1			1.0
6884.0			1.0
6884.9			1.0
6885.8			1.0
6886.700000000001			1.0
6887.6			1.0
6888.5			1.0
6889.4			1.0
6890.3			1.0
6891.200000000001			1.0
6892.1			1.0
6893.0			1.0
6893.9			1.0
6894.8			1.0
6895.700000000001			1.0
6896.6			1.0
6897.5			1.0
6898.4			1.0
6899.3			1.0
6900.200000000001			1.0
6901.1			1.0
6902.0			1.0
6902.9			1.0
6903.8			1.0
6904.700000000001			1.0
6905.6			1.0
6906.5			1.0
6907.4			1.0
6908.3			1.0
6909.200000000001			1.0
6910.1			1.0
6911.0			1.0
6911.9			1.0
6912.8			1.0
6913.700000000001			1.0
6914.6			1.0
6915.5			1.0
6916.4			1.0
6917.3			1.0
6918.200000000001			1.0
6919.1			1.0
6920.0			1.0
6920.9			1.0
6921.8			1.0
6922.700000000001			1.0
6923.6			1.0
6924.5			1.0
6925.4			1.0
6926.3			1.0
6927.200000000001			1.0
6928.1			1.0
6929.0			1.0
6929.9			1.0
6930.8			1.0
6931.700000000001			1.0
6932.6			1.0
6933.5			1.0
6934.4			1.0
6935.3			1.0
6936.200000000001			1.0
6937.1			1.0
6938.0			1.0
6938.9			1.0
6939.8			1.0
6940.700000000001			1.0
6941.6			1.0
6942.5			1.0
6943.4			1.0
6944.3			1.0
6945.200000000001			1.0
6946.1			1.0
6947.0			1.0
6947.9			1.0
6948.8			1.0
6949.700000000001			1.0
6950.6			1.0
6951.5			1.0
6952.4			1.0
6953.3			1.0
6954.200000000001			1.0
6955.1			1.0
6956.0			1.0
6956.9			1.0
6957.8			1.0
6958.700000000001			1.0
6959.6			1.0
6960.5			1.0
6961.4			1.0
6962.3			1.0
6963.200000000001			1.0
6964.1			1.0
6965.0			1.0
6965.9			1.0
6966.8			1.0
6967.700000000001			1.0
6968.6			1.0
6969.5			1.0
6970.4			1.0
6971.3			1.0
6972.200000000001			1.0
6973.1			1.0
6974.0			1.0012784777044659
6974.9			0.9926804910902054
6975.8			0.9815997852452503
6976.700000000001			0.9674818877778538
6977.6			0.9426873520507334
6978.5			0.9135943256640952
6979.4			0.9067010403801594
6980.3			0.933368180191228
6981.200000000001			0.9693377096068824
6982.1			0.9921464559054192
6983.0			1.0019597914259388
6983.9			1.0030096127801869
6984.8			0.9997278315894058
6985.700000000001			1.0
6986.6			1.0
6987.5			1.0
6988.4			1.0
6989.3			1.0
6990.200000000001			1.0
6991.1			1.0
6992.0			1.0
6992.9			1.0
6993.8			1.0
6994.700000000001			1.0
6995.6			1.0
6996.5			1.0
6997.4			1.0
6998.3			1.0
6999.200000000001			1.0
7000.1			0.9886565405573752
7001.0			0.9945763324199242
7001.9			1.008771447861927
7002.8			1.0142266207079649
7003.700000000001			1.0099502596032788
7004.6			1.0032663983225227
7005.5			0.9991024645603608
7006.4			0.9984920292695679
7007.3			1.0018538854055032
7008.200000000001			1.008939043043959
7009.1			1.0189626355627859
7010.0			1.0241020237181588
7010.9			1.0201883653492043
7011.8			1.014860506830338
7012.700000000001			1.0159085621594315
7013.6			1.021901075352458
7014.5			1.01609236141818
7015.4			0.9835204515119612
7016.3			0.9451949064262061
7017.200000000001			0.9416873898564554
7018.1			0.9783096137484977
7019.0			1.0163791992444273
7019.9			1.0322239997296416
7020.8			1.0334977261859681
7021.700000000001			1.0263315389384744
7022.6			1.005906276933386
7023.5			0.9796119210742393
7024.4			0.9689324883171585
7025.3			0.9795695771166532
7026.200000000001			0.9987111958014973
7027.1			1.015122352693199
7028.0			1.0248341919880335
7028.9			1.0252172104166113
7029.8			1.0211494246177202
7030.700000000001			1.0215145330872775
7031.6			1.0261254166803253
7032.5			1.0303503732491586
7033.4			1.0309961514043426
7034.3			1.0243271913650605
7035.200000000001			1.018001772453757
7036.1			1.0248971945919558
7037.0			1.0323790195673224
7037.9			1.0193456700748027
7038.8			1.0029745455733314
7039.700000000001			1.0131116510199871
7040.6			1.0420081728626076
7041.5			1.0630527185600993
7042.4			1.0671471775322996
7043.3			1.0589208310530736
7044.200000000001			1.0465543913407582
7045.1			1.037166945036848
7046.0			1.0363513006562761
7046.9			1.0464494603682322
7047.8			1.056987019090381
7048.700000000001			1.059879806388231
7049.6			1.0586352560755732
7050.5			1.0565198874832586
7051.4			1.0479625881899584
7052.3			1.0257826451811465
7053.200000000001			1.003567040844306
7054.1			1.0058686460598392
7055.0			1.0264708394018032
7055.9			1.0411359634615673
7056.8			1.048661050176464
7057.700000000001			1.0535882343620446
7058.6			1.0501040547740845
7059.5			1.0365823870091313
7060.4			1.026008100098688
7061.3			1.0282144420431045
7062.200000000001			1.0357781400717667
7063.1			1.0400078340336787
7064.0			1.0465284537441237
7064.9			1.0572017986926332
7065.8			1.059475259567173
7066.700000000001			1.0488332725582783
7067.6			1.028990749058924
7068.5			1.0080877299400322
7069.4			1.0081629542842983
7070.3			1.0306639166924847
7071.200000000001			1.0488891391602764
7072.1			1.0522061982188955
7073.0			1.0514925890434612
7073.9			1.0552884561777867
7074.8			1.0579036275619669
7075.700000000001			1.0532677826132975
7076.6			1.051735603758212
7077.5			1.0558271624681017
7078.4			1.0584011113970468
7079.3			1.0586732850701281
7080.200000000001			1.062299328651301
7081.1			1.0686432441177394
7082.0			1.066896019311621
7082.9			1.0506736912381593
7083.8			1.0243173579940064
7084.700000000001			0.9996768459736447
7085.6			1.0
7086.5			1.0
7087.4			1.0
7088.3			1.0
7089.200000000001			1.0
7090.1			1.0
7091.0			1.0
7091.9			1.0
7092.8			1.0
7093.700000000001			1.0
7094.6			1.0
7095.5			1.0
7096.4			1.0
7097.3			1.0
7098.200000000001			1.0
7099.1			1.0
7100.0			1.0
7100.9			1.0
7101.8			1.0
7102.700000000001			1.0
7103.6			1.0
7104.5			1.0
7105.4			1.0
7106.3			1.0
7107.200000000001			1.0
7108.1			1.0
7109.0			1.0
7109.9			1.0
7110.8			1.0
7111.700000000001			1.0
7112.6			1.0
7113.5			1.0
7114.4			1.0
7115.3			1.0
7116.200000000001			1.0
7117.1			1.0
7118.0			1.0
7118.9			1.0
7119.8			1.0
7120.700000000001			1.0
7121.6			1.0
7122.5			1.0
7123.4			1.0
7124.3			1.0
7125.200000000001			1.0
7126.1			1.0
7127.0			1.0
7127.9			1.0
7128.8			1.0
7129.700000000001			1.0
7130.6			1.0
7131.5			1.0
7132.4			1.0
7133.3			1.0
7134.200000000001			1.0
7135.1			1.0
7136.0			1.0
7136.9			1.0
7137.8			1.0
7138.700000000001			1.0
7139.6			1.0
7140.5			1.0
7141.4			1.0
7142.3			1.0
7143.200000000001			1.0
7144.1			1.0
7145.0			1.0
7145.9			1.0
7146.8			1.0
7147.700000000001			1.0
7148.6			1.0
7149.5			1.0
7150.4			1.0
7151.3			1.0
7152.200000000001			1.0
7153.1			1.0
7154.0			1.0
7154.9			1.0
7155.8			1.0
7156.700000000001			1.0
7157.6			1.0
7158.5			1.0
7159.4			1.0
7160.3			1.0
7161.200000000001			1.0
7162.1			1.0
7163.0			1.0
7163.9			1.0
7164.8			1.0
7165.700000000001			1.0
7166.6			1.0
7167.5			1.0
7168.4			1.0
7169.3			1.0
7170.200000000001			1.0
7171.1			1.0
7172.0			1.0
7172.9			1.0
7173.8			1.0
7174.700000000001			1.0
7175.6			1.0
7176.5			1.0
7177.4			1.0
7178.3			1.0
7179.200000000001			1.0
7180.1			1.0
7181.0			1.0
7181.9			1.0
7182.8			1.0
7183.700000000001			1.0
7184.6			1.0
7185.5			1.0
7186.4			1.0
7187.3			1.0
7188.200000000001			1.0
7189.1			1.0
7190.0			1.0
7190.9			1.0
7191.8			1.0
7192.700000000001			1.0
7193.6			1.0
7194.5			1.0
7195.4			1.0
7196.3			1.0
7197.200000000001			1.0
7198.1			1.0
7199.0			1.0
7199.9			1.0
7200.8			1.0
7201.700000000001			1.0
7202.6			1.0
7203.5			1.0
7204.4			1.0
7205.3			1.0
7206.200000000001			1.0
7207.1			1.0
7208.0			1.0
7208.9			1.0
7209.8			1.0
7210.700000000001			1.0
7211.6			1.0
7212.5			1.0
7213.4			1.0
7214.3			1.0
7215.200000000001			1.0
7216.1			1.0
7217.0			1.0
7217.9			1.0
7218.8			1.0
7219.700000000001			1.0
7220.6			1.0
7221.5			1.0
7222.4			1.0
7223.3			1.0
7224.200000000001			1.0
7225.1			1.0
7226.0			1.0
7226.9			1.0
7227.8			1.0
7228.700000000001			1.0
7229.6			1.0
7230.5			1.0
7231.4			1.0
7232.3			1.0
7233.200000000001			1.0
7234.1			1.0
7235.0			1.0
7235.9			1.0
7236.8			1.0
7237.700000000001			1.0
7238.6			1.0
7239.5			1.0
7240.4			1.0
7241.3			1.0
7242.200000000001			1.0
7243.1			1.0
7244.0			1.0
7244.9			1.0
7245.8			1.0
7246.700000000001			1.0
7247.6			1.0
7248.5			1.0
7249.4			1.0
7250.3			1.0
7251.200000000001			1.0
7252.1			1.0
7253.0			1.0
7253.9			1.0
7254.8			1.0
7255.700000000001			1.0
7256.6			1.0
7257.5			1.0
7258.4			1.0
7259.3			1.0
7260.200000000001			1.0
7261.1			1.0
7262.0			1.0
7262.9			1.0
7263.8			1.0
7264.700000000001			1.0
7265.6			1.0
7266.5			1.0
7267.4			1.0
7268.3			1.0
7269.200000000001			1.0
7270.1			1.0
7271.0			1.0
7271.9			1.0
7272.8			1.0
7273.700000000001			1.0
7274.6			1.0
7275.5			1.0
7276.4			1.0
7277.3			1.0
7278.200000000001			1.0
7279.1			1.0
7280.0			1.0
7280.9			1.0
7281.8			1.0
7282.700000000001			1.0
7283.6			1.0
7284.5			1.0
7285.4			1.0
7286.3			1.0
7287.200000000001			1.0
7288.1			1.0
7289.0			1.0
7289.9			1.0
7290.8			1.0
7291.700000000001			1.0
7292.6			1.0
7293.5			1.0
7294.4			1.0
7295.3			1.0
7296.200000000001			1.0
7297.1			1.0
7298.0			1.0
7298.9			1.0
7299.8			1.0
7300.700000000001			1.0
7301.6			1.0
7302.5			1.0
7303.4			1.0
7304.3			1.0
7305.200000000001			1.0
7306.1			1.0
7307.0			1.0
7307.9			1.0
7308.8			1.0
7309.700000000001			1.0
7310.6			1.0
7311.5			1.0
7312.4			1.0
7313.3			1.0
7314.200000000001			1.0
7315.1			1.0
7316.0			1.0
7316.9			1.0
7317.8			1.0
7318.700000000001			1.0
7319.6			1.0
7320.5			1.0
7321.4			1.0
7322.3			1.0
7323.200000000001			1.0
7324.1			1.0
7325.0			1.0
7325.9			1.0
7326.8			1.0
7327.700000000001			1.0
7328.6			1.0
7329.5			1.0
7330.4			1.0
7331.3			1.0
7332.200000000001			1.0
7333.1			1.0
7334.0			1.0
7334.9			1.0
7335.8			1.0
7336.700000000001			1.0
7337.6			1.0
7338.5			1.0
7339.4			1.0
7340.3			1.0
7341.200000000001			1.0
7342.1			1.0
7343.0			1.0
7343.9			1.0
7344.8			1.0
7345.700000000001			1.0
7346.6			1.0
7347.5			1.0
7348.4			1.0
7349.3			1.0
7350.200000000001			1.0
7351.1			1.0
7352.0			1.0
7352.9			1.0
7353.8			1.0
7354.700000000001			1.0
7355.6			1.0
7356.5			1.0
7357.4			1.0
7358.3			1.0
7359.200000000001			1.0
7360.1			1.0
7361.0			1.0
7361.9			1.0
7362.8			1.0
7363.700000000001			1.0
7364.6			1.0
7365.5			1.0
7366.4			1.0
7367.3			1.0
7368.200000000001			1.0
7369.1			1.0
7370.0			1.0
7370.9			1.0
7371.8			1.0
7372.700000000001			1.0
7373.6			1.0
7374.5			1.0
7375.4			1.0
7376.3			1.0
7377.200000000001			1.0
7378.1			1.0
7379.0			1.0
7379.9			1.0
7380.8			1.0
7381.700000000001			1.0
7382.6			1.0
7383.5			1.0
7384.4			1.0
7385.3			1.0
7386.200000000001			1.0
7387.1			1.0
7388.0			1.0
7388.9			1.0
7389.8			1.0
7390.700000000001			1.0
7391.6			1.0
7392.5			1.0
7393.4			1.0
7394.3			1.0
7395.200000000001			1.0
7396.1			1.0
7397.0			1.0
7397.9			1.0
7398.8			1.0
7399.700000000001			1.0
7400.6			1.0
7401.5			1.0
7402.4			1.0
7403.3			1.0
7404.200000000001			1.0
7405.1			1.0
7406.0			1.0
7406.9			1.0
7407.8			1.0
7408.700000000001			1.0
7409.6			1.0
7410.5			1.0
7411.4			1.0
7412.3			1.0
7413.200000000001			1.0
7414.1			1.0
7415.0			1.0
7415.9			1.0
7416.8			1.0
7417.700000000001			1.0
7418.6			1.0
7419.5			1.0
7420.4			1.0
7421.3			1.0
7422.200000000001			1.0
7423.1			1.0
7424.0			1.0
7424.9			1.0
7425.8			1.0
7426.700000000001			1.0
7427.6			1.0
7428.5			1.0
7429.4			1.0
