3500.0			1.0
3500.9			1.0
3501.8			1.0
3502.7			1.0
3503.6			1.0
3504.5			1.0
3505.4			1.0
3506.3			1.0
3507.2			1.0
3508.1			1.0
3509.0			1.0
3509.9			1.0
3510.8			1.0
3511.7			1.0
3512.6			1.0
3513.5			1.0
3514.4			1.0
3515.3			1.0
3516.2			1.0
3517.1			1.0
3518.0			1.0
3518.9			1.0
3519.8			1.0
3520.7			1.0
3521.6			1.0
3522.5			1.0
3523.4			1.0
3524.3			1.0
3525.2			1.0
3526.1			1.0
3527.0			1.0
3527.9			1.0
3528.8			1.0
3529.7			1.0
3530.6			1.0
3531.5			1.0
3532.4			1.0
3533.3			1.0
3534.2			1.0
3535.1			1.0
3536.0			1.0
3536.9			1.0
3537.8			1.0
3538.7			1.0
3539.6			1.0
3540.5			1.0
3541.4			1.0
3542.3			1.0
3543.2			1.0
3544.1			1.0
3545.0			1.0
3545.9			1.0
3546.8			1.0
3547.7			1.0
3548.6			1.0
3549.5			1.0
3550.4			1.0
3551.3			1.0
3552.2			1.0
3553.1			1.0
3554.0			1.0
3554.9			1.0
3555.8			1.0
3556.7			1.0
3557.6			1.0
3558.5			1.0
3559.4			1.0
3560.3			1.0
3561.2			1.0
3562.1			1.0
3563.0			1.0
3563.9			1.0
3564.8			1.0
3565.7			1.0
3566.6			1.0
3567.5			1.0
3568.4			1.0
3569.3			1.0
3570.2			1.0
3571.1			1.0
3572.0			1.0
3572.9			1.0
3573.8			1.0
3574.7			1.0
3575.6			1.0
3576.5			1.0
3577.4			1.0
3578.3			1.0
3579.2			1.0
3580.1			1.0
3581.0			1.0
3581.9			1.0
3582.8			1.0
3583.7			1.0
3584.6			1.0
3585.5			1.0
3586.4			1.0
3587.3			1.0
3588.2			1.0
3589.1			1.0
3590.0			1.0
3590.9			1.0
3591.8			1.0
3592.7			1.0
3593.6			1.0
3594.5			1.0
3595.4			1.0
3596.3			1.0
3597.2			1.0
3598.1			1.0
3599.0			1.0
3599.9			1.0
3600.8			1.0
3601.7			1.0
3602.6			1.0
3603.5			1.0
3604.4			1.0
3605.3			1.0
3606.2			1.0
3607.1			1.0
3608.0			1.0
3608.9			1.0
3609.8			1.0
3610.7			1.0
3611.6			1.0
3612.5			1.0
3613.4			1.0
3614.3			1.0
3615.2			1.0
3616.1			1.0
3617.0			1.0
3617.9			1.0
3618.8			1.0
3619.7			1.0
3620.6			1.0
3621.5			1.0
3622.4			1.0
3623.3			1.0
3624.2			1.0
3625.1			1.0
3626.0			1.0
3626.9			1.0
3627.8			1.0
3628.7			1.0
3629.6			1.0
3630.5			1.0
3631.4			1.0
3632.3			1.0
3633.2			1.0
3634.1			1.0
3635.0			1.0
3635.9			1.0
3636.8			1.0
3637.7			1.0
3638.6			1.0
3639.5			1.0
3640.4			1.0
3641.3			1.0
3642.2			1.0
3643.1			1.0
3644.0			1.0
3644.9			1.0
3645.8			1.0
3646.7			1.0
3647.6			1.0
3648.5			1.0
3649.4			1.0
3650.3			1.0
3651.2			1.0
3652.1			1.0
3653.0			1.0
3653.9			1.0
3654.8			1.0
3655.7			1.0
3656.6			1.0
3657.5			1.0
3658.4			1.0
3659.3			1.0
3660.2			1.0
3661.1			1.0
3662.0			1.0
3662.9			1.0
3663.8			1.0
3664.7			1.0
3665.6			1.0
3666.5			1.0
3667.4			1.0
3668.3			1.0
3669.2			1.0
3670.1			1.0
3671.0			1.0
3671.9			1.0
3672.8			1.0
3673.7			1.0
3674.6			1.0
3675.5			1.0
3676.4			1.0
3677.3			1.0
3678.2			1.0
3679.1			1.0
3680.0			1.0
3680.9			1.0
3681.8			1.0
3682.7			1.0
3683.6			1.0
3684.5			1.0
3685.4			1.0
3686.3			1.0
3687.2			1.0
3688.1			1.0
3689.0			1.0
3689.9			1.0
3690.8			1.0
3691.7			1.0
3692.6			1.0
3693.5			1.0
3694.4			1.0
3695.3			1.0
3696.2			1.0
3697.1			1.0
3698.0			1.0
3698.9			1.0
3699.8			1.0
3700.7			1.0
3701.6			1.0
3702.5			1.0
3703.4			1.0
3704.3			1.0
3705.2			1.0
3706.1			1.0
3707.0			1.0
3707.9			1.0
3708.8			1.0
3709.7			1.0
3710.6			1.0
3711.5			1.0
3712.4			1.0
3713.3			1.0
3714.2			1.0
3715.1			1.0
3716.0			1.0
3716.9			1.0
3717.8			1.0
3718.7			1.0
3719.6			1.0
3720.5			1.0
3721.4			1.0
3722.3			1.0
3723.2			1.0
3724.1			1.0
3725.0			1.0
3725.9			1.0
3726.8			1.0
3727.7			1.0
3728.6			1.0
3729.5			1.0
3730.4			1.0
3731.3			1.0
3732.2			1.0
3733.1			1.0
3734.0			1.0
3734.9			1.0
3735.8			1.0
3736.7			1.0
3737.6			1.0
3738.5			1.0
3739.4			1.0
3740.3			1.0
3741.2			1.0
3742.1			1.0
3743.0			1.0
3743.9			1.0
3744.8			1.0
3745.7			1.0
3746.6			1.0
3747.5			1.0
3748.4			1.0
3749.3			1.0
3750.2			1.0
3751.1			1.0
3752.0			1.0
3752.9			1.0
3753.8			1.0
3754.7			1.0
3755.6			1.0
3756.5			1.0
3757.4			1.0
3758.3			1.0
3759.2			1.0
3760.1			1.0
3761.0			1.0
3761.9			1.0
3762.8			1.0
3763.7			1.0
3764.6			1.0
3765.5			1.0
3766.4			1.0
3767.3			1.0
3768.2			1.0
3769.1			1.0
3770.0			1.0
3770.9			1.0
3771.8			1.0
3772.7			1.0
3773.6			1.0
3774.5			1.0
3775.4			1.0
3776.3			1.0
3777.2			1.0
3778.1			1.0
3779.0			1.0
3779.9			1.0
3780.8			1.0
3781.7			1.0
3782.6			1.0
3783.5			1.0
3784.4			1.0
3785.3			1.0
3786.2			1.0
3787.1			1.0
3788.0			1.0
3788.9			1.0
3789.8			1.0
3790.7			1.0
3791.6			1.0
3792.5			1.0
3793.4			1.0
3794.3			1.0
3795.2			1.0
3796.1			1.0
3797.0			1.0
3797.9			1.0
3798.8			1.0
3799.7			1.0
3800.6			1.0
3801.5			1.0
3802.4			1.0
3803.3			1.0
3804.2			1.0
3805.1			1.0
3806.0			1.0
3806.9			1.0
3807.8			1.0
3808.7			1.0
3809.6			1.0
3810.5			1.0
3811.4			1.0
3812.3			1.0
3813.2			1.0
3814.1			1.0
3815.0			1.0
3815.9			1.0
3816.8			1.0
3817.7			1.0
3818.6			1.0
3819.5			1.0
3820.4			1.0
3821.3			1.0
3822.2			1.0
3823.1			1.0
3824.0			1.0
3824.9			1.0
3825.8			1.0
3826.7			1.0
3827.6			1.0
3828.5			1.0
3829.4			1.0
3830.3			1.0
3831.2			1.0
3832.1			1.0
3833.0			1.0
3833.9			1.0
3834.8			1.0
3835.7			1.0
3836.6			1.0
3837.5			1.0
3838.4			1.0
3839.3			1.0
3840.2			1.0
3841.1			1.0
3842.0			1.0
3842.9			1.0
3843.8			1.0
3844.7			1.0
3845.6			1.0
3846.5			1.0
3847.4			1.0
3848.3			1.0
3849.2			1.0
3850.1			1.0
3851.0			1.0
3851.9			1.0
3852.8			1.0
3853.7			1.0
3854.6			1.0
3855.5			1.0
3856.4			1.0
3857.3			1.0
3858.2			1.0
3859.1			1.0
3860.0			1.0
3860.9			1.0
3861.8			1.0
3862.7			1.0
3863.6			1.0
3864.5			1.0
3865.4			1.0
3866.3			1.0
3867.2			1.0
3868.1			1.0
3869.0			1.0
3869.9			1.0
3870.8			1.0
3871.7			1.0
3872.6			1.0
3873.5			1.0
3874.4			1.0
3875.3			1.0
3876.2			1.0
3877.1			1.0
3878.0			1.0
3878.9			1.0
3879.8			1.0
3880.7			1.0
3881.6			1.0
3882.5			1.0
3883.4			1.0
3884.3			1.0
3885.2			1.0
3886.1			1.0
3887.0			1.0
3887.9			1.0
3888.8			1.0
3889.7			1.0
3890.6			1.0
3891.5			1.0
3892.4			1.0
3893.3			1.0
3894.2			1.0
3895.1			1.0
3896.0			1.0
3896.9			1.0
3897.8			1.0
3898.7			1.0
3899.6			1.0
3900.5			1.0
3901.4			1.0
3902.3			1.0
3903.2			1.0
3904.1			1.0
3905.0			1.0
3905.9			1.0
3906.8			1.0
3907.7			1.0
3908.6			1.0
3909.5			1.0
3910.4			1.0
3911.3			1.0
3912.2			1.0
3913.1			1.0
3914.0			1.0
3914.9			1.0
3915.8			1.0
3916.7			1.0
3917.6			1.0
3918.5			1.0
3919.4			1.0
3920.3			1.0
3921.2			1.0
3922.1			1.0
3923.0			1.0
3923.9			1.0
3924.8			1.0
3925.7			1.0
3926.6			1.0
3927.5			1.0
3928.4			1.0
3929.3			1.0
3930.2			1.0
3931.1			1.0
3932.0			1.0
3932.9			1.0
3933.8			1.0
3934.7			1.0
3935.6			1.0
3936.5			1.0
3937.4			1.0
3938.3			1.0
3939.2			1.0
3940.1			1.0
3941.0			1.0
3941.9			1.0
3942.8			1.0
3943.7			1.0
3944.6			1.0
3945.5			1.0
3946.4			1.0
3947.3			1.0
3948.2			1.0
3949.1			1.0
3950.0			1.0
3950.9			1.0
3951.8			1.0
3952.7			1.0
3953.6			1.0
3954.5			1.0
3955.4			1.0
3956.3			1.0
3957.2			1.0
3958.1			1.0
3959.0			1.0
3959.9			1.0
3960.8			1.0
3961.7			1.0
3962.6			1.0
3963.5			1.0
3964.4			1.0
3965.3			1.0
3966.2			1.0
3967.1			1.0
3968.0			1.0
3968.9			1.0
3969.8			1.0
3970.7			1.0
3971.6			1.0
3972.5			1.0
3973.4			1.0
3974.3			1.0
3975.2			1.0
3976.1			1.0
3977.0			1.0
3977.9			1.0
3978.8			1.0
3979.7			1.0
3980.6			1.0
3981.5			1.0
3982.4			1.0
3983.3			1.0
3984.2			1.0
3985.1			1.0
3986.0			1.0
3986.9			1.0
3987.8			1.0
3988.7			1.0
3989.6			1.0
3990.5			1.0
3991.4			1.0
3992.3			1.0
3993.2			1.0
3994.1			1.0
3995.0			1.0
3995.9			1.0
3996.8			1.0
3997.7			1.0
3998.6			1.0
3999.5			1.0
4000.4			1.0
4001.3			1.0
4002.2			1.0452130876729515
4003.1			1.07715641783633
4004.0			1.0122414006307092
4004.9			0.8621320896649431
4005.8			0.776627588083591
4006.7			0.83091945093469
4007.6			0.9294717407284643
4008.5			0.9892233533550803
4009.4			0.9967920497541177
4010.3			1.0
4011.2			1.0
4012.1			1.0
4013.0			1.0
4013.9			1.0
4014.8			1.0
4015.7			1.0
4016.6			1.0
4017.5			1.0
4018.4			1.0
4019.3			1.0
4020.2			1.0
4021.1			1.0
4022.0			1.0
4022.9			1.0
4023.8			1.0
4024.7			1.0
4025.6			1.0241651248792318
4026.5			1.0777096727032438
4027.4			1.1117353748599628
4028.3			1.1098657294278023
4029.2			1.0552576094058828
4030.1			0.9437109585862642
4031.0			0.8591786233394989
4031.9			0.8359619697067542
4032.8			0.8298547916867494
4033.7			0.8250477590009684
4034.6			0.842025287852418
4035.5			0.8853489084237361
4036.4			0.9460960570192102
4037.3			0.9914168203054107
4038.2			1.002650194779118
4039.1			1.0
4040.0			1.0
4040.9			1.0
4041.8			1.0411729515123458
4042.7			1.0753912675462485
4043.6			1.0006591661689608
4044.5			0.8527370666747955
4045.4			0.7437672474261188
4046.3			0.7756052447300799
4047.2			0.9157983656607201
4048.1			1.00246764840421
4049.0			1.0028614168067036
4049.9			1.0
4050.8			1.0
4051.7			1.0
4052.6			1.0
4053.5			1.0
4054.4			1.0
4055.3			1.0
4056.2			1.0
4057.1			1.0
4058.0			0.9541946997111789
4058.9			0.9729174458892133
4059.8			1.049982954044191
4060.7			1.10410261281047
4061.6			1.0688252351889658
4062.5			0.9427326769074643
4063.4			0.8212217330874281
4064.3			0.821890606931445
4065.2			0.879278354917984
4066.1			0.8778978257401698
4067.0			0.8667920996872088
4067.9			0.923014279460446
4068.8			1.0060059956849419
4069.7			1.0
4070.6			1.0
4071.5			1.0
4072.4			1.0
4073.3			1.0683175829083655
4074.2			1.069099514385889
4075.1			0.9938638890177331
4076.0			0.8910772905043024
4076.9			0.8025122570565758
4077.8			0.7910625220201419
4078.7			0.8583636341801957
4079.6			0.9439435783414477
4080.5			1.021167851491945
4081.4			1.053839448855487
4082.3			1.007683176921936
4083.2			1.0
4084.1			1.0
4085.0			1.0
4085.9			1.0
4086.8			1.0
4087.7			1.0
4088.6			1.0
4089.5			1.0
4090.4			0.9850956784844834
4091.3			0.9613367506840961
4092.2			0.932917148460801
4093.1			0.9527920570742251
4094.0			0.9838629116155214
4094.9			0.9481635627616553
4095.8			0.8854512971248799
4096.7			0.8754970646726287
4097.6			0.901189348064108
4098.5			0.9225692181247641
4099.4			0.8979847991694352
4100.3			0.8122468649180669
4101.2			0.7156996837175603
4102.1			0.7205196311052474
4103.0			0.8040915099794709
4103.9			0.8781094643568014
4104.8			0.9286732769385402
4105.7			0.9762463589460297
4106.6			1.0034768760656323
4107.5			1.004642592603526
4108.4			0.9935177178476083
4109.3			0.9628232572921359
4110.2			0.9479293090349519
4111.1			0.9669358712829749
4112.0			1.0005023601380336
4112.9			1.0
4113.8			1.0
4114.7			1.0
4115.6			1.0
4116.5			1.0
4117.4			1.0
4118.3			1.0
4119.2			1.0
4120.1			1.0
4121.0			1.0
4121.9			1.0
4122.8			1.0
4123.7			1.0
4124.6			1.0403411019279496
4125.5			1.0556830936658013
4126.4			1.0405029888907524
4127.3			1.0112684345425103
4128.2			0.9881721629586865
4129.1			0.9917719531495014
4130.0			1.01719835638362
4130.9			1.0306198257878967
4131.8			0.9890316627492591
4132.7			0.9386998054187801
4133.6			0.9323167121603124
4134.5			0.9766402828903513
4135.4			1.0728963825371087
4136.3			1.1443746222712592
4137.2			1.1538808450000964
4138.1			1.1733784430960386
4139.0			1.0
4139.9			1.0062167488674265
4140.8			0.981364319245008
4141.7			0.9180337713073654
4142.6			0.8200863780459875
4143.5			0.7710986249387488
4144.4			0.8278009617662231
4145.3			0.9195657978171998
4146.2			0.9753461416486742
4147.1			0.9989747922902764
4148.0			1.0
4148.9			1.0
4149.8			1.0
4150.7			1.0
4151.6			1.0
4152.5			1.0
4153.4			1.0
4154.3			1.0
4155.2			1.0
4156.1			1.0
4157.0			1.0
4157.9			1.0
4158.8			1.051828454950779
4159.7			1.0723838213844918
4160.6			1.0584372936432895
4161.5			1.0628624069978092
4162.4			1.0981638489561514
4163.3			1.102963958481141
4164.2			1.079292139469173
4165.1			1.0745297979882593
4166.0			1.068834202887495
4166.9			1.0225814648715148
4167.8			0.9963065717435164
4168.7			1.040594196089837
4169.6			1.0819797050812971
4170.5			1.064529110813504
4171.4			0.9844784428588327
4172.3			0.8848345417195222
4173.2			0.8562584731283464
4174.1			0.9112393174110694
4175.0			0.9752106688121227
4175.9			1.0086156545563154
4176.8			0.9940734933412
4177.7			0.9552265159941714
4178.6			0.9734557436285161
4179.5			1.0280546474779186
4180.4			1.0478459249986583
4181.3			1.0284246778046844
4182.2			1.0126523461270074
4183.1			1.0298403832113316
4184.0			1.0
4184.9			1.0451537958770527
4185.8			1.0307573192274824
4186.7			0.9524260415669922
4187.6			0.9132698896424164
4188.5			0.9451830223687854
4189.4			0.9761110342369543
4190.3			0.970041074029351
4191.2			0.9526593979741945
4192.1			0.9688344607456093
4193.0			1.0307859061394067
4193.9			1.0366287931618876
4194.8			0.9476964996696877
4195.7			0.8660041810485344
4196.6			0.8515730568474719
4197.5			0.8635354042663443
4198.4			0.8651367298138508
4199.3			0.8850074153742881
4200.2			0.9000650831836579
4201.1			0.8665381876295121
4202.0			0.847011931696702
4202.9			0.8741150599767837
4203.8			0.8898944638173065
4204.7			0.8787807838217662
4205.6			0.888982733784089
4206.5			0.9290748704356784
4207.4			0.9736478605549643
4208.3			1.0012826186635992
4209.2			1.0
4210.1			1.0
4211.0			1.0
4211.9			1.008266393126892
4212.8			0.9960804742200544
4213.7			0.9532347311906475
4214.6			0.8846651135065823
4215.5			0.8141773827200041
4216.4			0.8258048879528793
4217.3			0.9091189326446366
4218.2			0.9691571200624594
4219.1			0.9984272620945772
4220.0			1.0
4220.9			1.0
4221.8			0.9723326858189697
4222.7			0.9080275846249569
4223.6			0.8475632041065312
4224.5			0.7883367874126229
4225.4			0.7055043613226853
4226.3			0.6249843428304234
4227.2			0.6625020551713677
4228.1			0.8324260954715874
4229.0			0.9707358662812784
4229.9			1.0011442484194222
4230.8			1.0
4231.7			0.9876255316662836
4232.6			0.9634984290398428
4233.5			0.9667991951264501
4234.4			0.9930507910684517
4235.3			0.9540319602026297
4236.2			0.8691395083799515
4237.1			0.8541444783736134
4238.0			0.9052160455425222
4238.9			0.9485017162278613
4239.8			0.9806396995856845
4240.7			1.0339515351229067
4241.6			1.0512743746294801
4242.5			1.0006263071386217
4243.4			1.0
4244.3			1.0732672282569566
4245.2			1.119729678597771
4246.1			1.0819438276607931
4247.0			0.9859727372953891
4247.9			0.8956977511286155
4248.8			0.8592532460351102
4249.7			0.8708651136349206
4250.6			0.926735322485813
4251.5			1.0116331247251744
4252.4			1.0438301891278419
4253.3			0.9984755854416937
4254.2			1.0
4255.1			1.0
4256.0			1.0525082330917872
4256.9			1.1351920557818642
4257.8			1.0948444279669902
4258.7			0.9712293711473176
4259.6			0.8814282498245687
4260.5			0.8389070315477424
4261.4			0.8621145036973547
4262.3			1.0
4263.2			1.0819663721814687
4264.1			1.0969804089586308
4265.0			1.1129536586104616
4265.9			1.1399727078136832
4266.8			1.099849901841878
4267.7			1.0284358292985545
4268.6			1.0143648814403696
4269.5			0.9918797721192869
4270.4			0.9145128680396203
4271.3			0.8398831304332537
4272.2			0.854772330510248
4273.1			0.9012061558098424
4274.0			0.871996782788658
4274.9			0.871878544905068
4275.8			0.9667498599995202
4276.7			1.0
4277.6			1.0518032947211344
4278.5			1.0357964050490538
4279.4			0.9176641814432615
4280.3			0.8243983476451516
4281.2			0.8691640549799061
4282.1			1.0
4283.0			1.0669758759573542
4283.9			1.0794967358797407
4284.8			0.9831499909285758
4285.7			0.8885987033412652
4286.6			0.9151115699479148
4287.5			1.0
4288.4			0.9832621249796905
4289.3			0.894994457255291
4290.2			0.8587652728490361
4291.1			0.9083473052763997
4292.0			1.0040655373834766
4292.9			1.07943430917218
4293.8			1.061864232198684
4294.7			0.9901849145493314
4295.6			0.9405016856145693
4296.5			0.8792485886524383
4297.4			0.7938398837810018
4298.3			0.7184288857426728
4299.2			0.6244109345079226
4300.1			0.5751829071562592
4301.0			0.6146426752500228
4301.9			0.6425593490111401
4302.8			0.6159690874115464
4303.7			0.6115529561373774
4304.6			0.6281878890199025
4305.5			0.6471264008993732
4306.4			0.6624988633857147
4307.3			0.6141919109034967
4308.2			0.5273952543456989
4309.1			0.5018149907189303
4310.0			0.5143162762581381
4310.9			0.5253743929501803
4311.8			0.5641693757879154
4312.7			0.6509956197843363
4313.6			0.7531144646413758
4314.5			0.8628795153913225
4315.4			1.017517748568678
4316.3			1.1625353266579845
4317.2			1.0
4318.1			1.0035562087201197
4319.0			1.0039241141593258
4319.9			0.995165883628309
4320.8			0.9551115810472898
4321.7			0.9034478112591092
4322.6			0.8112469206487064
4323.5			0.6798002277913197
4324.4			0.6036614551509017
4325.3			0.6171086399330719
4326.2			0.7118647998695915
4327.1			0.863509913359708
4328.0			0.9814864498519281
4328.9			1.0222016412272545
4329.8			1.0101999846754994
4330.7			1.0099404362075157
4331.6			1.0
4332.5			1.0
4333.4			1.0012757130879333
4334.3			1.0146359496638835
4335.2			1.0422275970058152
4336.1			1.0163674264039908
4337.0			0.9052432300335983
4337.9			0.7960036908240593
4338.8			0.7399833591116308
4339.7			0.6937487438064255
4340.6			0.6896787172147806
4341.5			1.0
4342.4			1.1239382431541745
4343.3			1.1481501504177205
4344.2			1.1584638945496797
4345.1			1.214983278918238
4346.0			1.2232463696387161
4346.9			1.1652268258536864
4347.8			1.151281795133455
4348.7			1.2094156589297353
4349.6			1.2161703068982008
4350.5			1.0779878252761836
4351.4			0.8973955926263304
4352.3			0.8451832582779975
4353.2			0.9258324609869393
4354.1			0.9869419446867399
4355.0			0.9732826743219712
4355.9			0.9723131168193444
4356.8			1.0071514403340491
4357.7			1.0011723656525777
4358.6			0.9292287776856935
4359.5			0.8941791495050342
4360.4			0.9538499970869546
4361.3			1.0205401428605885
4362.2			0.9989623207158796
4363.1			1.0
4364.0			1.0
4364.9			1.0
4365.8			1.0
4366.7			1.0
4367.6			1.0
4368.5			1.0
4369.4			1.0
4370.3			0.9679352458462314
4371.2			0.9562185431586706
4372.1			1.0
4373.0			0.9648294666339462
4373.9			0.8918770256780494
4374.8			0.8495490649643034
4375.7			0.8896311270584984
4376.6			0.9872361307257348
4377.5			1.0594237791041015
4378.4			1.08067021195196
4379.3			1.0745687088534501
4380.2			1.0681570640729963
4381.1			1.0682567799435887
4382.0			0.9925905469918017
4382.9			0.8181382135236154
4383.8			0.7127576692126828
4384.7			0.7525996182538638
4385.6			0.8876995780427019
4386.5			0.9976713232362532
4387.4			1.0276492914091317
4388.3			1.0195510511154626
4389.2			0.9832730112983246
4390.1			0.9473923021924586
4391.0			0.9631113272604953
4391.9			1.0295158175895558
4392.8			1.0783302085801854
4393.7			1.051122888773797
4394.6			1.0007837321579842
4395.5			1.0
4396.4			1.0
4397.3			1.0
4398.2			1.0
4399.1			0.9377040075844392
4400.0			0.873066141188552
4400.9			0.8760049390955457
4401.8			0.9698956196613272
4402.7			1.0194816860010265
4403.6			0.9455685610322854
4404.5			0.8523841402002421
4405.4			0.87504545768015
4406.3			0.9541227897177306
4407.2			0.9534700572323469
4408.1			0.9046820555416102
4409.0			0.9190363995524556
4409.9			1.0
4410.8			1.0542341404752034
4411.7			1.0837870504569915
4412.6			1.0883552267280294
4413.5			1.0386290068957402
4414.4			0.938648058909538
4415.3			0.8674293246978285
4416.2			0.8791650691107677
4417.1			0.9030157397199116
4418.0			0.925468541266206
4418.9			0.9737857019137557
4419.8			0.9992030247671767
4420.7			1.0
4421.6			1.0
4422.5			1.0
4423.4			1.0
4424.3			1.0
4425.2			1.0
4426.1			1.0
4427.0			1.0
4427.9			1.0
4428.8			1.0
4429.7			1.0
4430.6			0.9633495137225756
4431.5			0.9894588675080083
4432.4			1.0016076963075236
4433.3			0.9602204453700894
4434.2			0.8901673252350157
4435.1			0.8441780953571836
4436.0			0.8687877953618985
4436.9			0.9438192218824998
4437.8			0.9982617821872402
4438.7			1.0139539337226962
4439.6			0.9932576812986674
4440.5			1.0
4441.4			1.0
4442.3			0.9505450033022327
4443.2			0.9350747457122139
4444.1			0.9783879989477331
4445.0			1.055500995003915
4445.9			1.0874402985840668
4446.8			1.0669777022009546
4447.7			1.054161458428505
4448.6			1.0700596487352136
4449.5			1.0599923959963904
4450.4			1.0340318394584112
4451.3			1.0388232981795922
4452.2			1.055728432625345
4453.1			1.0357035730487372
4454.0			0.9717662187507508
4454.9			0.915577113329465
4455.8			0.9169866042378502
4456.7			0.9505873377939643
4457.6			0.9639977207227229
4458.5			0.9543127552713354
4459.4			0.9423494132042508
4460.3			0.9287134891904771
4461.2			0.9040095160350049
4462.1			0.9141608701161971
4463.0			0.975077398757137
4463.9			1.014882323758636
4464.8			1.010685690707999
4465.7			1.0111479344972798
4466.6			1.0149743957227864
4467.5			1.006241807709951
4468.4			0.9784924712184198
4469.3			0.952464083006067
4470.2			0.965440310454465
4471.1			1.0030239039552376
4472.0			1.0440267522222704
4472.9			1.0826418399898075
4473.8			1.1158614123647634
4474.7			1.124013900838788
4475.6			1.110486745627791
4476.5			1.0
4477.4			1.0219052099943955
4478.3			1.0062682311032456
4479.2			0.9513642745404458
4480.1			0.8938367131395093
4481.0			0.8604056156359602
4481.9			0.8562201042665962
4482.8			0.8967769332077694
4483.7			0.9565178047446288
4484.6			0.9900534151355608
4485.5			1.0020170673342115
4486.4			1.0001732494948647
4487.3			1.0
4488.2			1.0
4489.1			1.0
4490.0			1.0
4490.9			1.0
4491.8			1.0
4492.7			1.0
4493.6			1.0
4494.5			1.0
4495.4			1.0
4496.3			1.0
4497.2			1.0
4498.1			1.0
4499.0			1.0
4499.9			1.0
4500.8			1.0
4501.7			1.0
4502.6			1.0
4503.5			1.0
4504.4			1.0
4505.3			1.0
4506.2			1.0
4507.1			1.0
4508.0			1.0
4508.9			1.0
4509.8			1.0
4510.7			1.0
4511.6			1.0
4512.5			1.0
4513.4			1.0
4514.3			1.0
4515.2			1.0
4516.1			1.0
4517.0			1.0
4517.9			1.0
4518.8			1.0
4519.7			1.032858687286165
4520.6			1.0606880461361567
4521.5			1.0533810682326106
4522.4			1.001337778292982
4523.3			0.9858448006011622
4524.2			0.9977742332324423
4525.1			0.9833674082619942
4526.0			0.9551013729990893
4526.9			0.9266996684095549
4527.8			0.905158442823804
4528.7			0.8955000822075455
4529.6			0.9154942708674999
4530.5			0.9374744791183536
4531.4			0.9665401485640911
4532.3			0.9878411769691666
4533.2			0.9522281895683192
4534.1			0.9104675429587761
4535.0			0.9010478990437003
4535.9			1.0
4536.8			1.0975184257573916
4537.7			1.1633862862449678
4538.6			1.1502742801225734
4539.5			1.1094375255355
4540.4			1.0771815100807063
4541.3			1.068484568924283
4542.2			1.0827266532905186
4543.1			1.0885146330942186
4544.0			1.0498384628052806
4544.9			1.0125152786418712
4545.8			1.0144923085820052
4546.7			1.0269729600329716
4547.6			1.013027347120663
4548.5			0.9643449804623687
4549.4			0.9188142246195125
4550.3			0.9443263391128915
4551.2			0.9866669532103289
4552.1			0.9754785387176554
4553.0			0.9530018053218836
4553.9			0.9356721146612063
4554.8			0.9227834990570937
4555.7			0.9350101735068763
4556.6			0.9810866390470645
4557.5			1.0212528271777415
4558.4			1.0225595663048566
4559.3			1.0141204791462335
4560.2			1.0
4561.1			1.0060970352509364
4562.0			1.0050503469102903
4562.9			0.9691810918445456
4563.8			0.9213185716362363
4564.7			0.8987445166022602
4565.6			0.90679877394769
4566.5			0.9523972040433925
4567.4			0.9912927529678671
4568.3			1.000048486648113
4569.2			1.0
4570.1			1.0
4571.0			1.0
4571.9			1.0
4572.8			1.054935343362498
4573.7			1.0965436775865776
4574.6			1.0846000412836687
4575.5			1.070381675512139
4576.4			1.0672896722094511
4577.3			1.0572002947491144
4578.2			1.0386875210435718
4579.1			0.9955732701917409
4580.0			0.9450981103682661
4580.9			0.9266148490390156
4581.8			0.9413680957579124
4582.7			0.9506155783321864
4583.6			0.939925289394192
4584.5			0.9406155834612352
4585.4			0.9432904114699862
4586.3			0.9455262417367182
4587.2			0.974402588991619
4588.1			1.0026095182923613
4589.0			1.0033630441679608
4589.9			1.0
4590.8			1.0
4591.7			1.0
4592.6			1.0
4593.5			1.0
4594.4			1.0
4595.3			1.0
4596.2			1.0
4597.1			1.0
4598.0			1.0
4598.9			1.0
4599.8			1.0
4600.7			1.0
4601.6			1.0
4602.5			1.0
4603.4			1.0
4604.3			1.0
4605.2			1.0
4606.1			1.0
4607.0			1.0
4607.9			1.0
4608.8			1.0
4609.7			1.0
4610.6			1.0
4611.5			1.0
4612.4			1.0
4613.3			1.0
4614.2			1.0
4615.1			1.0
4616.0			1.0
4616.9			1.0
4617.8			1.0
4618.7			1.0
4619.6			1.0
4620.5			1.0
4621.4			1.0
4622.3			1.0
4623.2			1.0
4624.1			1.0
4625.0			1.0
4625.9			1.0
4626.8			1.0
4627.7			1.0
4628.6			1.0
4629.5			1.0
4630.4			1.0
4631.3			1.0
4632.2			1.0
4633.1			1.0
4634.0			0.9966019278185766
4634.9			1.0035407359048396
4635.8			0.9952667868384534
4636.7			0.9755504160636898
4637.6			0.9621764836111277
4638.5			0.9627388709029726
4639.4			0.971675236448405
4640.3			0.9907504603640117
4641.2			1.018312249761221
4642.1			1.0294583092991176
4643.0			1.016623906591793
4643.9			1.0034681552840974
4644.8			0.9887816783166337
4645.7			0.9532454070766864
4646.6			0.9191013224343436
4647.5			0.9123591490746767
4648.4			0.931845066858004
4649.3			0.9614324564034521
4650.2			0.9792460153053016
4651.1			0.9772291438125092
4652.0			0.9774147757988652
4652.9			0.9777408779717692
4653.8			1.0
4654.7			0.9689687540184252
4655.6			0.9573625526730064
4656.5			0.9633209503797521
4657.4			0.9969494892643378
4658.3			1.0547925075432667
4659.2			1.0950205897477954
4660.1			1.0977447800748525
4661.0			1.0743222125171699
4661.9			1.043090564608347
4662.8			1.0201326651689115
4663.7			1.017726276697477
4664.6			1.029850604671061
4665.5			1.0110477676169787
4666.4			0.943717957400874
4667.3			0.8799399459432061
4668.2			0.8870679449262627
4669.1			0.9405357492714524
4670.0			0.9902117717272063
4670.9			1.031568223832226
4671.8			1.0506125746705353
4672.7			1.0421102553589079
4673.6			1.033703953477176
4674.5			1.0440693631863434
4675.4			1.0690586601528502
4676.3			1.091174554138942
4677.2			1.0814542300514924
4678.1			1.0447454072083224
4679.0			1.0152247128638743
4679.9			1.0013856139173964
4680.8			1.0
4681.7			1.0
4682.6			1.0
4683.5			1.0
4684.4			1.0
4685.3			1.0
4686.2			1.0
4687.1			1.0
4688.0			1.0
4688.9			1.0
4689.8			1.0
4690.7			1.0
4691.6			1.0
4692.5			1.0
4693.4			1.0
4694.3			1.0
4695.2			1.0077865218848776
4696.1			1.0092334645011338
4697.0			0.9911928934113334
4697.9			0.950449442298001
4698.8			0.9228610814004219
4699.7			0.9335714354913434
4700.6			0.94785112386971
4701.5			0.9403589241116325
4702.4			0.917254981769952
4703.3			0.9101409061052483
4704.2			0.9362060545828466
4705.1			0.9613252013008426
4706.0			0.9613919718879755
4706.9			0.9316841864062068
4707.8			0.9050043530704371
4708.7			0.8954385678914255
4709.6			0.9093885913514304
4710.5			0.9526889728507212
4711.4			0.9883508473655496
4712.3			0.993224058355549
4713.2			0.9753425280321967
4714.1			0.9410499687666307
4715.0			0.9320396052207822
4715.9			1.0
4716.8			1.036193078801128
4717.7			1.0460357824551327
4718.6			1.047477315149494
4719.5			1.0521761665177707
4720.4			1.0505287057626977
4721.3			1.0377526065242002
4722.2			1.0248338936527766
4723.1			1.034413016758001
4724.0			1.0580671843318692
4724.9			1.0668648178751117
4725.8			1.0506173176569786
4726.7			1.0049299747818377
4727.6			0.9551527783687089
4728.5			0.9437513927485687
4729.4			0.9557633592498631
4730.3			0.9660994157151314
4731.2			0.9662239188692998
4732.1			0.9789009450430534
4733.0			0.9914652266752728
4733.9			0.9985307235650277
4734.8			1.0048461055962499
4735.7			0.9898496503555644
4736.6			0.9634581937116523
4737.5			0.9834049909051519
4738.4			1.024986698085278
4739.3			1.0268468868570753
4740.2			0.999903926124807
4741.1			1.0
4742.0			1.0
4742.9			1.0
4743.8			1.0
4744.7			1.0
4745.6			1.0
4746.5			1.0
4747.4			1.0
4748.3			1.0
4749.2			1.0
4750.1			1.0
4751.0			1.0
4751.9			1.0
4752.8			1.0
4753.7			1.0
4754.6			1.0
4755.5			0.9949256220011975
4756.4			0.9923320369294213
4757.3			0.9948851729806502
4758.2			1.0043492094777955
4759.1			1.0178620173979505
4760.0			1.022902570085327
4760.9			1.0002011573886636
4761.8			0.9504121545551854
4762.7			0.916170398449678
4763.6			0.9136806167427076
4764.5			0.9223408719378953
4765.4			0.9175339250392855
4766.3			0.92127159485863
4767.2			0.9435201476401006
4768.1			0.9624515322677087
4769.0			0.9839005165628093
4769.9			1.0017078431721165
4770.8			1.0
4771.7			1.0
4772.6			1.0
4773.5			1.0
4774.4			1.0
4775.3			1.0
4776.2			1.0
4777.1			1.0
4778.0			1.0
4778.9			1.0
4779.8			1.0
4780.7			1.0
4781.6			1.0
4782.5			1.0
4783.4			1.0
4784.3			1.0
4785.2			1.0
4786.1			1.0
4787.0			1.0
4787.9			1.0
4788.8			1.0
4789.7			1.0
4790.6			1.0
4791.5			1.0
4792.4			1.0
4793.3			1.0
4794.2			1.0
4795.1			1.0
4796.0			1.0
4796.9			1.0
4797.8			1.0
4798.7			1.0
4799.6			1.0
4800.5			1.0
4801.4			1.0
4802.3			1.0
4803.2			1.0
4804.1			1.0
4805.0			1.0
4805.9			1.0
4806.8			1.0
4807.7			1.0
4808.6			1.0
4809.5			1.0
4810.4			1.0
4811.3			1.0
4812.2			1.0
4813.1			1.0
4814.0			1.0
4814.9			1.0
4815.8			1.0
4816.7			1.0
4817.6			1.0
4818.5			1.0
4819.4			1.0
4820.3			1.0
4821.2			1.0
4822.1			1.0
4823.0			1.0
4823.9			1.0
4824.8			1.0
4825.7			1.0
4826.6			1.0
4827.5			1.0
4828.4			1.0
4829.3			1.0
4830.2			1.0
4831.1			1.0
4832.0			1.0
4832.9			1.0
4833.8			1.0
4834.7			1.0
4835.6			1.0
4836.5			1.0
4837.4			1.0
4838.3			1.0
4839.2			1.0
4840.1			1.0
4841.0			1.0
4841.9			1.0
4842.8			1.0
4843.7			1.0
4844.6			1.0
4845.5			1.0
4846.4			1.0
4847.3			1.0
4848.2			1.0
4849.1			1.0
4850.0			1.0
4850.9			1.0
4851.8			1.0
4852.7			1.0
4853.6			1.0
4854.5			1.0
4855.4			0.9530693991477152
4856.3			0.9686543830070494
4857.2			1.0143797332031044
4858.1			1.0126809197589461
4859.0			0.9460924741803396
4859.9			0.8251836645335939
4860.8			0.7034537796448381
4861.7			0.6993736855587612
4862.6			0.8197797110680477
4863.5			0.9188055775127055
4864.4			0.95177119047863
4865.3			0.9705876990316578
4866.2			0.9882967556433535
4867.1			1.0
4868.0			1.0073835113549956
4868.9			1.0170832623506099
4869.8			0.9998779544028424
4870.7			0.9425488799296586
4871.6			0.9051625915500139
4872.5			0.9338326885058217
4873.4			0.983464342071429
4874.3			1.0022351371586506
4875.2			1.0008229805649733
4876.1			1.0
4877.0			1.0
4877.9			1.0
4878.8			1.0
4879.7			1.0276669456457814
4880.6			1.0073141993000738
4881.5			0.9666952267233184
4882.4			0.9639811777588541
4883.3			0.9819608180282503
4884.2			0.9685395870281669
4885.1			0.9369560506635701
4886.0			0.9250807290210552
4886.9			0.9369427377392526
4887.8			0.9501540301098428
4888.7			0.9493104832870964
4889.6			0.9357229646424133
4890.5			0.9068556654288639
4891.4			0.9039648117521625
4892.3			0.9613043999408085
4893.2			1.025544845597767
4894.1			1.0583064874488632
4895.0			1.0711998591370324
4895.9			1.070944645602734
4896.8			1.0684789010406568
4897.7			1.067959988434317
4898.6			1.0500787614561113
4899.5			1.0152599437982925
4900.4			1.004732638738571
4901.3			1.0240113170455536
4902.2			1.024776025714269
4903.1			1.0003142075195302
4904.0			1.0
4904.9			1.0249801124029374
4905.8			1.0476575597250777
4906.7			1.0429445492614748
4907.6			1.0139140066726489
4908.5			0.978706371626965
4909.4			0.9339831536662001
4910.3			1.0
4911.2			1.0063236463862013
4912.1			1.0429453177130132
4913.0			1.0648345603939415
4913.9			1.0704632005551544
4914.8			1.087815951876549
4915.7			1.1008656020668672
4916.6			1.0746031164669403
4917.5			1.0132231631945718
4918.4			0.9451800133446211
4919.3			0.8961625540949951
4920.2			0.8748850992429233
4921.1			0.895242752205076
4922.0			0.9409300532476422
4922.9			0.957112721520193
4923.8			0.9368858212076865
4924.7			0.9288115611368559
4925.6			0.9579292982609238
4926.5			0.9860685448426706
4927.4			0.9858019043921671
4928.3			0.9846017193126154
4929.2			0.9951489965929187
4930.1			1.0
4931.0			0.9991141908581475
4931.9			0.9872599604134108
4932.8			0.9377939369666307
4933.7			0.8908124458404181
4934.6			0.90713512160588
4935.5			0.9476541380756152
4936.4			0.9501448497874767
4937.3			0.9173921567213554
4938.2			0.8777402226423658
4939.1			0.8658159804230888
4940.0			0.9140076187819887
4940.9			0.9780893998504204
4941.8			0.9997785818164736
4942.7			1.0037299416533418
4943.6			1.0193937058054217
4944.5			1.0160269607183363
4945.4			0.9875173535587262
4946.3			0.9764702930883695
4947.2			1.0003689240388551
4948.1			1.0
4949.0			1.0
4949.9			1.0
4950.8			1.0
4951.7			1.0
4952.6			1.0
4953.5			1.0
4954.4			1.0
4955.3			0.9971314387487383
4956.2			0.9462377558426396
4957.1			0.8609425750677143
4958.0			0.8561189766383771
4958.9			0.9331164787475639
4959.8			0.9905101868420866
4960.7			1.0010794210059435
4961.6			1.0
4962.5			1.0
4963.4			1.0
4964.3			1.0
4965.2			1.0
4966.1			1.0
4967.0			1.0
4967.9			1.0
4968.8			1.0
4969.7			1.0
4970.6			1.0
4971.5			1.0
4972.4			1.0
4973.3			1.0
4974.2			1.0
4975.1			1.0
4976.0			1.0
4976.9			1.0
4977.8			0.985113363613116
4978.7			0.9704511865731192
4979.6			0.969693594949702
4980.5			0.96126960661512
4981.4			0.9250643228389805
4982.3			0.8784228223207551
4983.2			0.8637347922817314
4984.1			0.8804063258520605
4985.0			0.9026615109137385
4985.9			0.9379384573849725
4986.8			0.9858594650506748
4987.7			1.009237872997117
4988.6			0.999925553634176
4989.5			1.0
4990.4			1.0
4991.3			1.0
4992.2			1.0
4993.1			1.0
4994.0			1.0
4994.9			1.0
4995.8			1.014236559973313
4996.7			1.008201790913147
4997.6			1.0026698360798991
4998.5			0.988170519309817
4999.4			0.9613773038774285
5000.3			0.9492805929383529
5001.2			0.9530714826784331
5002.1			0.9573833328591174
5003.0			0.9678521024448652
5003.9			0.9703548067425
5004.8			0.9432503425924815
5005.7			0.8997111478753829
5006.6			0.8977247553065323
5007.5			0.9514702823792529
5008.4			1.004478214959695
5009.3			1.008243430777807
5010.2			0.9888500884970435
5011.1			0.9569977024382346
5012.0			0.9075044494467688
5012.9			0.8750063605560713
5013.8			0.8636665616527248
5014.7			0.8864704564626276
5015.6			0.9282759981155875
5016.5			0.9372190822441405
5017.4			0.9115059623562791
5018.3			0.8955650082001999
5019.2			0.9256572210499698
5020.1			0.9586068764947869
5021.0			0.9599150244221308
5021.9			0.938367200894212
5022.8			0.9328573661400021
5023.7			0.9605284533820143
5024.6			0.9723490590427539
5025.5			0.9679206361733094
5026.4			0.9599583413762894
5027.3			0.9344445044910433
5028.2			0.9439593213905912
5029.1			0.9779571807188607
5030.0			0.9849446484560027
5030.9			0.9824058207465584
5031.8			1.0
5032.7			1.0304066392522415
5033.6			1.0335153686471124
5034.5			1.0031358623957523
5035.4			0.9426048426588849
5036.3			0.9238139941192007
5037.2			0.9574504695910869
5038.1			0.9615433513631189
5039.0			0.9286813954053441
5039.9			0.8863568518301309
5040.8			0.8334375658924448
5041.7			0.8468118059168954
5042.6			0.9449706466846225
5043.5			1.0
5044.4			1.0218948045328426
5045.3			1.039544993413457
5046.2			1.050635917581134
5047.1			1.0295107312360485
5048.0			0.9773327606060799
5048.9			0.9372623605978821
5049.8			0.9316177847771595
5050.7			0.9379729556009441
5051.6			0.9320484295046529
5052.5			0.9477622963340919
5053.4			0.9835880583835207
5054.3			1.0027494999957
5055.2			1.0032340860498934
5056.1			1.0
5057.0			1.0
5057.9			1.0
5058.8			1.0
5059.7			1.0
5060.6			1.0
5061.5			1.0
5062.4			1.0
5063.3			1.0
5064.2			1.0
5065.1			1.0
5066.0			1.0
5066.9			1.0
5067.8			1.0
5068.7			1.0
5069.6			1.0
5070.5			1.0
5071.4			1.0
5072.3			1.0
5073.2			1.0089976479711185
5074.1			1.022751908966754
5075.0			1.0164768982202854
5075.9			1.01493267223755
5076.8			1.0240322965418351
5077.7			1.0153188494468834
5078.6			0.9475856404027199
5079.5			0.8687610505025614
5080.4			0.8664025103060354
5081.3			0.9236918588724855
5082.2			0.9536809655993833
5083.1			0.9419041625986191
5084.0			0.9481477784192497
5084.9			0.9835099515329889
5085.8			1.0005926629984583
5086.7			1.0
5087.6			1.0
5088.5			1.0
5089.4			1.0
5090.3			1.0
5091.2			1.0
5092.1			1.0
5093.0			1.0
5093.9			1.0
5094.8			0.9969382234198072
5095.7			0.9838014818603179
5096.6			0.9536027360836355
5097.5			0.9182446491642796
5098.4			0.8826231127987013
5099.3			0.879224580952454
5100.2			0.9339905614174658
5101.1			0.9954837353664195
5102.0			1.0197597793570978
5102.9			1.0121867531153752
5103.8			1.0007950947167734
5104.7			1.0
5105.6			1.0
5106.5			1.0
5107.4			1.0
5108.3			1.0
5109.2			1.0
5110.1			1.0
5111.0			1.0
5111.9			1.0
5112.8			1.0
5113.7			1.0
5114.6			1.0
5115.5			1.0
5116.4			1.0
5117.3			1.0
5118.2			1.0
5119.1			1.0
5120.0			1.0
5120.9			1.0
5121.8			1.0
5122.7			1.0
5123.6			1.0
5124.5			1.0
5125.4			1.0
5126.3			1.0
5127.2			1.0
5128.1			1.0
5129.0			1.0
5129.9			1.0121791413892252
5130.8			1.034450953415397
5131.7			1.0411417421006806
5132.6			1.0526197669721569
5133.5			1.0589839361762146
5134.4			1.0735625239171287
5135.3			1.0866115849183338
5136.2			1.0579350244249641
5137.1			1.009006942921788
5138.0			0.9976859763759475
5138.9			0.9837022538272551
5139.8			0.9899545472972966
5140.7			1.0264625451430474
5141.6			1.0000695201004504
5142.5			0.9486876887290713
5143.4			0.9690682191401407
5144.3			1.0189412530225501
5145.2			1.0176833879828127
5146.1			0.9958583973241079
5147.0			0.982470097686666
5147.9			0.9813772006897257
5148.8			1.0108664972604882
5149.7			1.0299135984956023
5150.6			0.998426205680534
5151.5			0.9660821333421609
5152.4			0.9677636000851677
5153.3			0.9792674166944146
5154.2			0.9873883880329412
5155.1			1.0007374342036608
5156.0			1.0
5156.9			1.0
5157.8			1.0099754174825952
5158.7			0.9995868355494266
5159.6			0.9971760045199781
5160.5			1.002914170311514
5161.4			0.984915286949744
5162.3			0.9561206432373661
5163.2			0.9470558742276074
5164.1			0.9263512604915571
5165.0			0.8805565622668658
5165.9			0.8256571755495501
5166.8			0.7543365295505483
5167.7			0.7214452563500698
5168.6			0.7681073399587413
5169.5			0.8562788620412274
5170.4			0.9085765728013335
5171.3			0.8396870685717048
5172.2			0.7241350335785164
5173.1			0.7212515804009201
5174.0			0.8450543561834968
5174.9			0.9600301837567968
5175.8			0.9937614536104894
5176.7			0.9912560323793095
5177.6			1.0008029978813164
5178.5			1.0
5179.4			1.0
5180.3			0.9959684678280013
5181.2			0.9745351533737623
5182.1			0.8947047380650742
5183.0			0.7548147060819703
5183.9			0.6939188217560219
5184.8			0.8032347003282793
5185.7			0.9339398526196733
5186.6			0.9916493405229667
5187.5			0.9967211946976299
5188.4			1.0
5189.3			1.0
5190.2			1.0
5191.1			1.0
5192.0			1.0
5192.9			1.0
5193.8			1.0
5194.7			1.0
5195.6			1.0
5196.5			1.0
5197.4			1.0
5198.3			1.0041097507141068
5199.2			1.0239251577437734
5200.1			1.0384819594303187
5201.0			1.032010712427982
5201.9			1.0136397180359868
5202.8			1.0014366309511638
5203.7			0.984208223537692
5204.6			0.9348320558739822
5205.5			0.9071556652732994
5206.4			0.9218048505594973
5207.3			0.9354164369763776
5208.2			0.9087374388527626
5209.1			0.9116804438633768
5210.0			0.9429019965074924
5210.9			0.9604047040914234
5211.8			0.9817170723102551
5212.7			0.9980228644125136
5213.6			1.0
5214.5			1.0
5215.4			1.0
5216.3			1.0
5217.2			1.0
5218.1			1.0
5219.0			1.0
5219.9			1.0
5220.8			1.0
5221.7			1.0
5222.6			0.9929998060856786
5223.5			0.9732984174923893
5224.4			0.9389439819972233
5225.3			0.8890559782034594
5226.2			0.8348870157788881
5227.1			0.8214008835632736
5228.0			0.8902883128954597
5228.9			0.9619218359195724
5229.8			0.9788738850811901
5230.7			0.9946104923762278
5231.6			1.0006257704004078
5232.5			1.0
5233.4			1.0
5234.3			1.0
5235.2			1.0
5236.1			1.0
5237.0			1.0
5237.9			1.0
5238.8			1.0
5239.7			1.0
5240.6			1.008389404459172
5241.5			1.010181373253234
5242.4			0.9911468948896619
5243.3			0.9872013549626277
5244.2			1.0066705638300366
5245.1			1.019262402406357
5246.0			0.9953842000422827
5246.9			0.9458826593376728
5247.8			0.9332390026879688
5248.7			0.9541144576388276
5249.6			0.9436481104474852
5250.5			0.919895167928231
5251.4			0.9367964958890441
5252.3			0.9618332528291255
5253.2			0.9660785088258781
5254.1			1.0
5255.0			0.9813426622182082
5255.9			1.0046561972631556
5256.8			1.0494283591708324
5257.7			1.0705966406634229
5258.6			1.072007444732982
5259.5			1.061285619884995
5260.4			1.0358496339465493
5261.3			0.9880087750823382
5262.2			0.932516893009284
5263.1			0.8957830288077401
5264.0			0.8719472752034604
5264.9			0.8555726958893326
5265.8			0.8494630047825187
5266.7			0.8864896272423515
5267.6			0.9419116272059396
5268.5			0.9167114166332732
5269.4			0.8309583138138105
5270.3			0.8243428882649119
5271.2			0.9130933110052513
5272.1			0.964792418542663
5273.0			0.9496193081904752
5273.9			0.9368345176995514
5274.8			0.9293193171802714
5275.7			0.9225772645245526
5276.6			0.9612998798590024
5277.5			1.0139028310865816
5278.4			1.0
5279.3			0.9864094117022325
5280.2			0.9623436385904226
5281.1			0.9393083405383343
5282.0			0.9231424636590655
5282.9			0.9060146283691803
5283.8			0.8939349068947878
5284.7			0.9252814890261092
5285.6			0.9832557760147638
5286.5			1.014090715392052
5287.4			1.0115257971762974
5288.3			0.999844586613642
5289.2			1.0
5290.1			1.0
5291.0			1.0024833073005917
5291.9			0.9948014879533772
5292.8			0.9823062118716702
5293.7			0.9774342856654236
5294.6			0.9774846416911348
5295.5			0.9616857381628373
5296.4			0.9188247263678474
5297.3			0.871008469464902
5298.2			0.8612892532932889
5299.1			0.9022939257247155
5300.0			0.93923183934414
5300.9			0.9350999802848647
5301.8			0.9251684615753497
5302.7			0.9432030656227792
5303.6			0.9774777481294665
5304.5			0.9999881301600181
5305.4			0.9999991996579473
5306.3			1.0
5307.2			1.0
5308.1			1.0
5309.0			1.0
5309.9			1.0
5310.8			1.0
5311.7			1.0
5312.6			1.0
5313.5			1.0
5314.4			1.0
5315.3			1.0
5316.2			1.0
5317.1			1.0
5318.0			1.0
5318.9			1.0
5319.8			1.0
5320.7			1.0
5321.6			0.9928700947539557
5322.5			0.9820290500675469
5323.4			0.9636800787105405
5324.3			0.9456278753455365
5325.2			0.955743298872852
5326.1			0.9652311380394554
5327.0			0.9169667668556375
5327.9			0.8247631098206554
5328.8			0.8143188629680146
5329.7			0.9012032286992984
5330.6			0.9734517259503085
5331.5			0.9865650958188791
5332.4			0.9695513733036624
5333.3			0.9667213440778742
5334.2			0.9911327067919052
5335.1			1.008220112994754
5336.0			1.0000607793168277
5336.9			1.0
5337.8			1.0
5338.7			1.0
5339.6			1.0
5340.5			1.0
5341.4			1.0
5342.3			1.0
5343.2			1.0
5344.1			1.0
5345.0			1.0
5345.9			1.0
5346.8			1.0
5347.7			1.0
5348.6			1.0
5349.5			1.0
5350.4			1.0
5351.3			1.0
5352.2			1.0
5353.1			1.0
5354.0			1.0
5354.9			1.0
5355.8			1.0
5356.7			1.0
5357.6			1.0
5358.5			1.0
5359.4			1.0
5360.3			0.9936335926935852
5361.2			0.976050400782677
5362.1			0.9596410999976497
5363.0			0.9559706617763039
5363.9			0.9551579376484239
5364.8			0.94329891296621
5365.7			0.9437885639835061
5366.6			0.9588902051553106
5367.5			0.9637018012277314
5368.4			0.9630884359610578
5369.3			0.940027559645106
5370.2			0.9021079876335468
5371.1			0.8889756187578902
5372.0			0.9210229026960693
5372.9			0.9755156348007489
5373.8			1.0068257972043135
5374.7			1.0229841900646282
5375.6			1.030755180850922
5376.5			1.0271446118200234
5377.4			1.0244133212170046
5378.3			1.0216118431550036
5379.2			1.0132979281082366
5380.1			1.000492549051613
5381.0			0.9965218702328318
5381.9			1.0
5382.8			0.9966727201945581
5383.7			0.9984901844761251
5384.6			1.019476795525888
5385.5			1.0329318260945233
5386.4			1.029589412750466
5387.3			1.0227575327331553
5388.2			1.0151455547548676
5389.1			1.0000229330739572
5390.0			0.9877520865465775
5390.9			0.9820859235636885
5391.8			0.9763820391773879
5392.7			0.9689662738613317
5393.6			0.964062414281844
5394.5			0.9652810978667996
5395.4			0.9646498935266017
5396.3			0.9384730364506045
5397.2			0.9098868346023681
5398.1			0.9329945390855023
5399.0			0.9749112573868091
5399.9			0.9836466852201853
5400.8			0.9824104409930634
5401.7			0.9951667484382953
5402.6			0.9909764758135071
5403.5			0.9471418581399809
5404.4			0.9029354877314717
5405.3			0.8886428234513128
5406.2			0.9051356868528376
5407.1			0.943951107075133
5408.0			0.9662036572589531
5408.9			0.9490408503714505
5409.8			0.9200094460743339
5410.7			0.9294820657772513
5411.6			0.9708081082840787
5412.5			1.0001311878505401
5413.4			0.9987853672834893
5414.3			0.9795673324766759
5415.2			0.9709494244400257
5416.1			0.988372355392448
5417.0			1.003932963446775
5417.9			0.9991557992883523
5418.8			0.9837803535223496
5419.7			1.0
5420.6			0.9959771280824785
5421.5			1.0081193143252232
5422.4			1.01594057083911
5423.3			0.987601104536678
5424.2			0.9530966234668266
5425.1			0.9670643407947291
5426.0			1.005312586412325
5426.9			1.0243659532516478
5427.8			1.0083013297142696
5428.7			0.9527974821652337
5429.6			0.9054108765897141
5430.5			0.9269711143882109
5431.4			0.965313344902243
5432.3			0.9575712045737909
5433.2			0.932662076564692
5434.1			0.9135562367493667
5435.0			0.9061092963282078
5435.9			0.9170975834031934
5436.8			0.9419777023915445
5437.7			0.9749775946186513
5438.6			0.9983748694569775
5439.5			1.0
5440.4			1.0
5441.3			1.0
5442.2			1.0
5443.1			0.9956792492131521
5444.0			0.9766334084100035
5444.9			0.9409971519069406
5445.8			0.8988720855671464
5446.7			0.8758823320028165
5447.6			0.9100289273010426
5448.5			0.9682362569744464
5449.4			0.9953339220446298
5450.3			1.0000456673815221
5451.2			1.0
5452.1			0.994379203834229
5453.0			0.9851228263366779
5453.9			0.9550500050673898
5454.8			0.9080786758563143
5455.7			0.8900894580796584
5456.6			0.9334130186388839
5457.5			0.9843770893005804
5458.4			1.002577652319306
5459.3			1.000111619835939
5460.2			1.0
5461.1			1.0
5462.0			1.0
5462.9			1.0
5463.8			1.0
5464.7			1.032729243390669
5465.6			1.0406109070214318
5466.5			1.0335899702297375
5467.4			1.0410389588227142
5468.3			1.0526426997292584
5469.2			1.0512399263082794
5470.1			1.0419987890265945
5471.0			1.038399719742763
5471.9			1.0389600022033205
5472.8			1.0247747179847302
5473.7			1.009233905198712
5474.6			1.004959843144517
5475.5			0.9762656913294531
5476.4			0.9289968568230408
5477.3			0.9355895722248223
5478.2			0.9942900647983421
5479.1			1.0295549232826533
5480.0			1.016324205389074
5480.9			0.9855994293783582
5481.8			0.9771919667126122
5482.7			0.9902647749282143
5483.6			1.0113010693471993
5484.5			1.0403238991722574
5485.4			1.0520488167150668
5486.3			1.0346383747183798
5487.2			1.0078411927616053
5488.1			0.9996703250846766
5489.0			1.0
5489.9			1.0
5490.8			1.0
5491.7			1.0
5492.6			1.0
5493.5			1.0
5494.4			1.0
5495.3			1.0
5496.2			1.0
5497.1			1.0
5498.0			1.0
5498.9			1.0
5499.8			1.0
5500.7			1.0
5501.6			1.0
5502.5			1.0
5503.4			1.0
5504.3			1.0
5505.2			1.0
5506.1			1.0
5507.0			1.0
5507.9			1.0
5508.8			1.0
5509.7			1.0
5510.6			1.0
5511.5			1.0
5512.4			1.0
5513.3			1.0
5514.2			1.0
5515.1			1.0
5516.0			1.0
5516.9			1.0
5517.8			1.0
5518.7			1.0
5519.6			1.0
5520.5			1.0
5521.4			1.0
5522.3			1.0
5523.2			1.0
5524.1			1.0
5525.0			1.0
5525.9			1.0
5526.8			1.0
5527.7			1.0
5528.6			1.0
5529.5			1.0
5530.4			1.0
5531.3			1.0
5532.2			1.0
5533.1			1.0
5534.0			1.0
5534.9			1.0
5535.8			1.0
5536.7			1.0
5537.6			1.0
5538.5			1.0
5539.4			1.0
5540.3			1.0
5541.2			1.0
5542.1			1.0
5543.0			1.0
5543.9			1.0
5544.8			1.0
5545.7			1.0
5546.6			1.0
5547.5			1.0
5548.4			1.0
5549.3			1.0
5550.200000000001			1.0
5551.1			1.0
5552.0			1.0
5552.9			1.0
5553.8			1.0
5554.700000000001			1.0
5555.6			1.0
5556.5			1.0
5557.4			1.0
5558.3			1.0
5559.200000000001			1.0
5560.1			1.0
5561.0			1.0
5561.9			1.0
5562.8			1.0
5563.700000000001			1.0
5564.6			1.0
5565.5			1.0
5566.4			1.0
5567.3			1.0
5568.200000000001			1.0
5569.1			1.0
5570.0			1.0
5570.9			1.0
5571.8			1.0
5572.700000000001			1.0
5573.6			1.0
5574.5			1.0
5575.4			1.0
5576.3			1.0
5577.200000000001			1.015116118707584
5578.1			1.0223401363398719
5579.0			1.0271124962043279
5579.9			1.0368638729915491
5580.8			1.0301179099958426
5581.700000000001			1.0175447623981368
5582.6			1.0245137783163416
5583.5			1.0381704857885234
5584.4			1.0345413779846764
5585.3			1.0182081035805326
5586.200000000001			0.9857619335223659
5587.1			0.9516509838273669
5588.0			0.942532046618248
5588.9			0.9513580853530659
5589.8			0.9681643721806982
5590.700000000001			0.9912639066077298
5591.6			1.0109288399089682
5592.5			1.013602364696675
5593.4			1.0023371271654744
5594.3			0.9837594466298848
5595.200000000001			1.0142066770920874
5596.1			1.0570452226101972
5597.0			1.05180208860829
5597.9			1.0094871425086531
5598.8			1.0000400296790732
5599.700000000001			1.0
5600.6			1.0
5601.5			1.0
5602.4			1.0
5603.3			1.0
5604.200000000001			1.0
5605.1			1.0
5606.0			1.0
5606.9			1.0
5607.8			1.0
5608.700000000001			1.0
5609.6			1.0
5610.5			0.9929138193748649
5611.4			0.9959996218410664
5612.3			1.0036068580959796
5613.200000000001			0.9946680067375462
5614.1			0.9494382566261893
5615.0			0.8957328741032068
5615.9			0.8960009897419587
5616.8			0.9445702813984476
5617.700000000001			0.9726585460443375
5618.6			0.9732017053987178
5619.5			0.9729854149175544
5620.4			0.9866798624886364
5621.3			0.9991824624997476
5622.200000000001			1.0
5623.1			1.0
5624.0			1.0
5624.9			1.0
5625.8			1.0
5626.700000000001			1.0
5627.6			1.0
5628.5			1.0
5629.4			1.0
5630.3			1.0
5631.200000000001			1.0
5632.1			1.0
5633.0			1.0
5633.9			1.0
5634.8			1.0
5635.700000000001			1.0
5636.6			1.0
5637.5			1.0
5638.4			1.0
5639.3			1.0
5640.200000000001			1.0
5641.1			1.0
5642.0			1.0
5642.9			1.0
5643.8			1.0
5644.700000000001			1.0
5645.6			1.0
5646.5			1.0
5647.4			1.0
5648.3			0.9977129602370014
5649.200000000001			0.9918185454291711
5650.1			0.9942266661593601
5651.0			1.0067493947012849
5651.9			1.015077356253019
5652.8			1.0124231044889533
5653.700000000001			0.9947933437225341
5654.6			0.9729366950879876
5655.5			0.9749169309143906
5656.4			0.9785301238228533
5657.3			0.9335969749202238
5658.200000000001			0.8862983965010056
5659.1			0.9107081213828947
5660.0			0.9701532208785052
5660.9			0.9898213014421864
5661.8			0.9733002380002868
5662.700000000001			0.9658848960057009
5663.6			0.987454793553374
5664.5			1.0082875763996872
5665.4			1.013362505891426
5666.3			1.0023015606142298
5667.200000000001			0.9925852405276665
5668.1			0.9997806045431982
5669.0			1.0
5669.9			1.0
5670.8			1.0
5671.700000000001			1.0
5672.6			1.0
5673.5			1.0
5674.4			1.0
5675.3			1.0
5676.200000000001			1.0
5677.1			1.0
5678.0			1.0
5678.9			1.0
5679.8			1.0
5680.700000000001			1.0
5681.6			1.0
5682.5			1.0
5683.4			1.0
5684.3			1.0
5685.200000000001			1.0
5686.1			1.0
5687.0			1.0
5687.9			1.0
5688.8			1.0
5689.700000000001			1.0
5690.6			1.0
5691.5			1.0
5692.4			1.0
5693.3			1.0
5694.200000000001			1.0
5695.1			1.0
5696.0			1.0
5696.9			1.0
5697.8			1.0
5698.700000000001			1.0
5699.6			1.0
5700.5			1.0
5701.4			0.9921256435659158
5702.3			1.0088569122322042
5703.200000000001			1.027741147686837
5704.1			1.0236401921818161
5705.0			1.0000576091007238
5705.9			0.9800223852932622
5706.8			0.9721878496267397
5707.700000000001			0.9580385517102322
5708.6			0.932432407186747
5709.5			0.9236911579658335
5710.4			0.9312472180987891
5711.3			0.9378405860825473
5712.200000000001			0.9647850247846735
5713.1			1.00186392699897
5714.0			1.0126395029353747
5714.9			1.0083340721423402
5715.8			1.0101916717929185
5716.700000000001			1.0082380400419577
5717.6			1.0003762974663961
5718.5			1.0
5719.4			1.0
5720.3			1.0
5721.200000000001			1.0
5722.1			1.0
5723.0			1.0
5723.9			1.0
5724.8			1.0
5725.700000000001			1.0
5726.6			1.0
5727.5			1.0
5728.4			1.0
5729.3			1.0
5730.200000000001			1.0
5731.1			1.0
5732.0			1.0
5732.9			1.0
5733.8			1.0
5734.700000000001			1.0
5735.6			1.0
5736.5			1.0
5737.4			1.0
5738.3			1.0
5739.200000000001			1.0
5740.1			1.0
5741.0			1.0
5741.9			1.0
5742.8			1.0
5743.700000000001			1.0
5744.6			1.0
5745.5			1.0
5746.4			1.0
5747.3			1.0
5748.200000000001			1.0
5749.1			1.0
5750.0			1.0
5750.9			1.0
5751.8			1.0
5752.700000000001			1.0
5753.6			1.0
5754.5			1.0
5755.4			1.0
5756.3			1.0
5757.200000000001			1.0
5758.1			1.0
5759.0			1.0
5759.9			1.0
5760.8			1.0
5761.700000000001			1.0
5762.6			1.0
5763.5			1.0
5764.4			1.0
5765.3			1.0
5766.200000000001			1.0
5767.1			1.0
5768.0			1.0
5768.9			1.0
5769.8			1.0
5770.700000000001			1.0
5771.6			1.0
5772.5			1.0
5773.4			1.0
5774.3			1.0
5775.200000000001			1.0
5776.1			1.0
5777.0			1.0
5777.9			1.0
5778.8			1.0
5779.700000000001			1.0
5780.6			1.0
5781.5			1.0
5782.4			1.0
5783.3			1.0
5784.200000000001			1.0
5785.1			1.0
5786.0			1.0
5786.9			1.0
5787.8			1.0
5788.700000000001			1.0
5789.6			1.0
5790.5			1.0
5791.4			1.0
5792.3			1.0
5793.200000000001			1.0
5794.1			1.0
5795.0			1.0
5795.9			1.0
5796.8			1.0
5797.700000000001			1.0
5798.6			1.0
5799.5			1.0
5800.4			1.0
5801.3			1.0
5802.200000000001			1.0
5803.1			1.0
5804.0			1.0
5804.9			1.0
5805.8			1.0
5806.700000000001			1.0
5807.6			1.0
5808.5			1.0
5809.4			1.0
5810.3			1.0
5811.200000000001			1.0
5812.1			1.0
5813.0			1.0
5813.9			1.0
5814.8			1.0
5815.700000000001			1.0
5816.6			1.0
5817.5			1.0
5818.4			1.0
5819.3			1.0
5820.200000000001			1.0
5821.1			1.0
5822.0			1.0
5822.9			1.0
5823.8			1.0
5824.700000000001			1.0
5825.6			1.0
5826.5			1.0
5827.4			1.0
5828.3			1.0
5829.200000000001			1.0
5830.1			1.0
5831.0			1.0
5831.9			1.0
5832.8			1.0
5833.700000000001			1.0
5834.6			1.0
5835.5			1.0
5836.4			1.0
5837.3			1.0
5838.200000000001			1.0
5839.1			1.0
5840.0			1.0
5840.9			1.0
5841.8			1.0
5842.700000000001			1.0
5843.6			1.0
5844.5			1.0
5845.4			1.0
5846.3			1.0
5847.200000000001			1.0
5848.1			1.0
5849.0			1.0
5849.9			1.0
5850.8			1.0
5851.700000000001			1.0
5852.6			1.0
5853.5			1.0
5854.4			1.0
5855.3			1.0
5856.200000000001			1.0
5857.1			1.0
5858.0			1.0
5858.9			1.0
5859.8			1.0
5860.700000000001			1.0
5861.6			1.0
5862.5			1.0
5863.4			1.0
5864.3			1.0
5865.200000000001			1.0
5866.1			1.0
5867.0			1.0
5867.9			1.0
5868.8			1.0
5869.700000000001			1.0
5870.6			1.0
5871.5			1.0
5872.4			1.0
5873.3			1.0
5874.200000000001			1.0
5875.1			1.0
5876.0			1.0
5876.9			1.0
5877.8			1.0
5878.700000000001			1.0
5879.6			0.9990942639942373
5880.5			1.0071972805762717
5881.4			1.0065009582084052
5882.3			0.9930520021210831
5883.200000000001			0.9907694322313967
5884.1			1.004252758996237
5885.0			1.0115631181562448
5885.9			1.0124280602279174
5886.8			0.9901601318170875
5887.700000000001			0.915259779014385
5888.6			0.8273317691532319
5889.5			0.823451980946381
5890.4			0.8904742952491895
5891.3			0.9361621943326665
5892.200000000001			0.9582774546150757
5893.1			0.9579550792550402
5894.0			0.9054334814128663
5894.9			0.8550850147942559
5895.8			0.882028740948614
5896.700000000001			0.9455134221501144
5897.6			0.9773640689760202
5898.5			0.9866809458944952
5899.4			1.0000033273513917
5900.3			1.0
5901.200000000001			1.0
5902.1			1.0
5903.0			1.0
5903.9			1.0
5904.8			1.0
5905.700000000001			1.0
5906.6			1.0
5907.5			1.0
5908.4			1.0
5909.3			1.0
5910.200000000001			1.0
5911.1			1.0
5912.0			1.0
5912.9			1.0
5913.8			1.0
5914.700000000001			1.0
5915.6			1.0
5916.5			1.0
5917.4			1.0
5918.3			1.0
5919.200000000001			1.0
5920.1			1.0
5921.0			1.0
5921.9			1.0
5922.8			1.0
5923.700000000001			1.0
5924.6			1.0
5925.5			1.0
5926.4			1.0
5927.3			1.0
5928.200000000001			1.0
5929.1			1.0
5930.0			1.0
5930.9			1.0
5931.8			1.0
5932.700000000001			1.0
5933.6			1.0
5934.5			1.0
5935.4			1.0
5936.3			1.0
5937.200000000001			1.0
5938.1			1.0
5939.0			1.0
5939.9			1.0
5940.8			1.0
5941.700000000001			1.0
5942.6			1.0
5943.5			1.0
5944.4			1.0
5945.3			1.0
5946.200000000001			1.0
5947.1			1.0
5948.0			1.0
5948.9			1.0
5949.8			1.0
5950.700000000001			1.0
5951.6			1.0
5952.5			1.0
5953.4			1.0
5954.3			1.0
5955.200000000001			1.0
5956.1			1.0
5957.0			1.0
5957.9			1.0
5958.8			1.0
5959.700000000001			1.0
5960.6			1.0
5961.5			1.0
5962.4			1.0
5963.3			1.0
5964.200000000001			1.0
5965.1			1.0
5966.0			1.0
5966.9			1.0
5967.8			1.0
5968.700000000001			1.0
5969.6			1.0
5970.5			1.0
5971.4			1.0
5972.3			1.0
5973.200000000001			1.0
5974.1			1.0
5975.0			1.0
5975.9			1.0
5976.8			1.0
5977.700000000001			1.0
5978.6			1.0
5979.5			1.0
5980.4			1.0
5981.3			1.0
5982.200000000001			1.0
5983.1			1.0
5984.0			1.0
5984.9			1.0
5985.8			1.0
5986.700000000001			1.0
5987.6			1.0
5988.5			1.0
5989.4			1.0
5990.3			1.0
5991.200000000001			1.0
5992.1			1.0
5993.0			1.0
5993.9			1.0
5994.8			1.0
5995.700000000001			1.0
5996.6			1.0
5997.5			1.0
5998.4			1.0
5999.3			1.0
6000.200000000001			1.0
6001.1			1.0
6002.0			1.0
6002.9			1.0
6003.8			1.0
6004.700000000001			1.0
6005.6			1.0
6006.5			1.0
6007.4			1.0
6008.3			1.0
6009.200000000001			1.0
6010.1			1.0
6011.0			1.0
6011.9			1.0
6012.8			1.0
6013.700000000001			1.0
6014.6			1.0
6015.5			1.0
6016.4			1.0
6017.3			1.0
6018.200000000001			1.0
6019.1			1.0
6020.0			1.0
6020.9			1.0
6021.8			1.0
6022.700000000001			1.0
6023.6			1.0
6024.5			1.0
6025.4			1.0
6026.3			1.0
6027.200000000001			1.0
6028.1			1.0
6029.0			1.0
6029.9			1.0
6030.8			1.0
6031.700000000001			1.0
6032.6			1.0
6033.5			1.0
6034.4			1.0
6035.3			1.0
6036.200000000001			1.0
6037.1			1.0
6038.0			1.0
6038.9			1.0
6039.8			1.0
6040.700000000001			1.0
6041.6			1.0
6042.5			1.0
6043.4			1.0
6044.3			1.0
6045.200000000001			1.0
6046.1			1.0
6047.0			1.0
6047.9			1.0
6048.8			1.0
6049.700000000001			1.0
6050.6			1.0
6051.5			1.0
6052.4			1.0
6053.3			1.0
6054.200000000001			1.0
6055.1			1.0
6056.0			1.0
6056.9			1.0
6057.8			1.0
6058.700000000001			1.0
6059.6			1.0
6060.5			1.0
6061.4			1.0
6062.3			1.0
6063.200000000001			1.0
6064.1			1.0
6065.0			1.0
6065.9			1.0
6066.8			1.0
6067.700000000001			1.0
6068.6			1.0
6069.5			1.0
6070.4			1.0
6071.3			1.0
6072.200000000001			1.0
6073.1			1.0
6074.0			1.0
6074.9			1.0
6075.8			1.0
6076.700000000001			1.0
6077.6			1.0
6078.5			1.0
6079.4			1.0
6080.3			1.0
6081.200000000001			1.0
6082.1			1.0
6083.0			1.0
6083.9			1.0
6084.8			1.0
6085.700000000001			1.0
6086.6			1.0
6087.5			1.0
6088.4			1.0
6089.3			1.0
6090.200000000001			1.0
6091.1			1.0
6092.0			1.0
6092.9			1.0
6093.8			1.0
6094.700000000001			1.0
6095.6			1.0
6096.5			1.0
6097.4			1.0
6098.3			1.0
6099.200000000001			1.0
6100.1			1.0
6101.0			1.0
6101.9			1.0
6102.8			1.0
6103.700000000001			1.0
6104.6			1.0
6105.5			1.0
6106.4			1.0
6107.3			1.0
6108.200000000001			1.0
6109.1			1.0
6110.0			1.0
6110.9			1.0
6111.8			1.0
6112.700000000001			1.0
6113.6			1.0
6114.5			1.0
6115.4			1.0
6116.3			1.0
6117.200000000001			1.0
6118.1			1.0
6119.0			1.0
6119.9			1.0
6120.8			1.0
6121.700000000001			1.0
6122.6			1.0
6123.5			1.0
6124.4			1.0
6125.3			1.0
6126.200000000001			1.0
6127.1			1.0
6128.0			1.0
6128.9			1.0
6129.8			1.0
6130.700000000001			1.0
6131.6			1.0
6132.5			1.0
6133.4			0.996467597626206
6134.3			0.9840195052834873
6135.200000000001			0.9480703991163434
6136.1			0.9043742467309914
6137.0			0.9007171858839639
6137.9			0.9511462519966759
6138.8			1.0066721479792895
6139.700000000001			1.0196987347684943
6140.6			0.9977111822579777
6141.5			1.0
6142.4			1.0
6143.3			1.0
6144.200000000001			1.0
6145.1			1.0
6146.0			1.0
6146.9			1.0
6147.8			1.0
6148.700000000001			1.0
6149.6			1.0
6150.5			1.0
6151.4			1.0
6152.3			1.0
6153.200000000001			1.0
6154.1			1.0
6155.0			1.0
6155.9			1.0
6156.8			1.0116883815795055
6157.700000000001			1.0214188181440422
6158.6			1.0255895898521556
6159.5			1.0066776509681123
6160.4			0.9666862311300166
6161.3			0.9321033090565175
6162.200000000001			0.9288124382872155
6163.1			0.9536924226522995
6164.0			0.9837963548883935
6164.9			1.0024531971472113
6165.8			1.012754512363213
6166.700000000001			1.0164866885553092
6167.6			1.0002306330952597
6168.5			1.0
6169.4			1.0
6170.3			1.0
6171.200000000001			1.0
6172.1			1.0
6173.0			1.0
6173.9			1.0
6174.8			1.0
6175.700000000001			1.0
6176.6			1.0
6177.5			1.0
6178.4			1.0
6179.3			1.0
6180.200000000001			1.0
6181.1			1.0
6182.0			1.0
6182.9			1.0
6183.8			1.0
6184.700000000001			1.0
6185.6			1.0
6186.5			1.0
6187.4			1.0
6188.3			1.0
6189.200000000001			1.0
6190.1			1.0
6191.0			1.0
6191.9			1.0
6192.8			1.0
6193.700000000001			1.0
6194.6			1.0
6195.5			1.0
6196.4			1.0
6197.3			1.0
6198.200000000001			1.0
6199.1			1.0
6200.0			1.0
6200.9			1.0
6201.8			1.0
6202.700000000001			1.0
6203.6			1.0
6204.5			1.0
6205.4			1.0
6206.3			1.0
6207.200000000001			1.0
6208.1			1.0
6209.0			1.0
6209.9			1.0
6210.8			1.0
6211.700000000001			1.0
6212.6			1.0
6213.5			1.0
6214.4			1.0
6215.3			1.0
6216.200000000001			1.0
6217.1			1.0
6218.0			1.0
6218.9			1.0
6219.8			1.0
6220.700000000001			1.0
6221.6			1.0
6222.5			1.0
6223.4			1.0
6224.3			1.0
6225.200000000001			1.0
6226.1			1.0
6227.0			1.0
6227.9			1.0
6228.8			1.0
6229.700000000001			1.0
6230.6			1.0
6231.5			1.0
6232.4			1.0
6233.3			1.0
6234.200000000001			1.0
6235.1			1.0
6236.0			1.0
6236.9			1.0
6237.8			1.0
6238.700000000001			1.0
6239.6			1.0
6240.5			1.0
6241.4			1.0
6242.3			1.0
6243.200000000001			1.0
6244.1			1.0
6245.0			1.0
6245.9			1.0
6246.8			1.0
6247.700000000001			1.0
6248.6			1.0
6249.5			1.0
6250.4			1.0
6251.3			1.0
6252.200000000001			1.0
6253.1			1.0
6254.0			1.0
6254.9			1.0
6255.8			1.0
6256.700000000001			1.0
6257.6			1.0
6258.5			1.0
6259.4			1.0
6260.3			1.0
6261.200000000001			1.0
6262.1			1.0
6263.0			1.0
6263.9			1.0
6264.8			1.0
6265.700000000001			1.0
6266.6			1.0
6267.5			1.0
6268.4			1.0
6269.3			1.0
6270.200000000001			1.0
6271.1			1.0
6272.0			1.0
6272.9			1.0
6273.8			1.0
6274.700000000001			1.0
6275.6			1.0
6276.5			1.0
6277.4			1.0
6278.3			1.0
6279.200000000001			1.0
6280.1			1.0
6281.0			1.0
6281.9			1.0
6282.8			1.0
6283.700000000001			1.0
6284.6			1.0
6285.5			1.0
6286.4			1.0
6287.3			1.0
6288.200000000001			1.0
6289.1			1.0
6290.0			1.0
6290.9			1.0
6291.8			1.0
6292.700000000001			1.0
6293.6			1.0
6294.5			1.0
6295.4			1.0
6296.3			1.0
6297.200000000001			1.0
6298.1			1.0
6299.0			1.0
6299.9			1.0
6300.8			1.0
6301.700000000001			1.0
6302.6			1.0
6303.5			1.0
6304.4			1.0
6305.3			1.0
6306.200000000001			1.0
6307.1			1.0
6308.0			1.0
6308.9			1.0
6309.8			1.0
6310.700000000001			1.0
6311.6			1.0
6312.5			1.0
6313.4			1.0
6314.3			1.0
6315.200000000001			1.0
6316.1			1.0
6317.0			1.0
6317.9			1.0
6318.8			1.0
6319.700000000001			1.0
6320.6			1.0
6321.5			1.0
6322.4			1.0
6323.3			1.0
6324.200000000001			1.0
6325.1			1.0
6326.0			1.0
6326.9			1.0
6327.8			1.0
6328.700000000001			1.0
6329.6			1.0
6330.5			1.0
6331.4			1.0
6332.3			1.0
6333.200000000001			1.0
6334.1			1.0
6335.0			1.0
6335.9			1.0
6336.8			1.0
6337.700000000001			1.0
6338.6			1.0
6339.5			1.0
6340.4			1.0
6341.3			1.0
6342.200000000001			1.0
6343.1			1.0
6344.0			1.0
6344.9			1.0
6345.8			1.0
6346.700000000001			1.0
6347.6			1.0
6348.5			1.0
6349.4			1.0
6350.3			1.0
6351.200000000001			1.0
6352.1			1.0
6353.0			1.0
6353.9			1.0
6354.8			1.0
6355.700000000001			1.0
6356.6			1.0
6357.5			1.0
6358.4			1.0
6359.3			1.0
6360.200000000001			1.0
6361.1			1.0
6362.0			1.0
6362.9			1.0
6363.8			1.0
6364.700000000001			1.0
6365.6			1.0
6366.5			1.0
6367.4			1.0
6368.3			1.0
6369.200000000001			1.0
6370.1			1.0
6371.0			1.0
6371.9			1.0
6372.8			1.0
6373.700000000001			1.0
6374.6			1.0
6375.5			1.0
6376.4			1.0
6377.3			1.0
6378.200000000001			1.0
6379.1			1.0
6380.0			1.0
6380.9			1.0
6381.8			1.0
6382.700000000001			1.0
6383.6			1.0
6384.5			1.0
6385.4			1.0
6386.3			1.0
6387.200000000001			1.0
6388.1			1.0
6389.0			1.0
6389.9			1.0
6390.8			1.0
6391.700000000001			1.0
6392.6			1.0
6393.5			1.0
6394.4			1.0
6395.3			1.0
6396.200000000001			1.0
6397.1			1.0
6398.0			1.0
6398.9			1.0
6399.8			1.0
6400.700000000001			1.0
6401.6			1.0
6402.5			1.0
6403.4			1.0
6404.3			1.0
6405.200000000001			1.0
6406.1			1.0
6407.0			1.0
6407.9			1.0
6408.8			1.0
6409.700000000001			1.0
6410.6			1.0
6411.5			1.0
6412.4			1.0
6413.3			1.0
6414.200000000001			1.0
6415.1			1.0
6416.0			1.0
6416.9			1.0
6417.8			1.0
6418.700000000001			1.0
6419.6			1.0
6420.5			1.0
6421.4			1.0
6422.3			1.0
6423.200000000001			1.0
6424.1			1.0
6425.0			1.0
6425.9			1.0
6426.8			1.0
6427.700000000001			1.0
6428.6			1.0
6429.5			1.0
6430.4			1.0
6431.3			1.0
6432.200000000001			1.0
6433.1			1.0
6434.0			1.0
6434.9			1.0
6435.8			1.0
6436.700000000001			1.0
6437.6			1.0
6438.5			1.0
6439.4			1.0
6440.3			1.0
6441.200000000001			1.0
6442.1			1.0
6443.0			1.0
6443.9			1.0
6444.8			1.0
6445.700000000001			1.0
6446.6			1.0
6447.5			1.0
6448.4			1.0
6449.3			1.0
6450.200000000001			1.0
6451.1			1.0
6452.0			1.0
6452.9			1.0
6453.8			1.0
6454.700000000001			1.0
6455.6			1.0
6456.5			1.0
6457.4			1.0
6458.3			1.0
6459.200000000001			1.0
6460.1			1.0
6461.0			1.0
6461.9			1.0
6462.8			1.0
6463.700000000001			1.0
6464.6			1.0
6465.5			1.0
6466.4			1.0
6467.3			1.0
6468.200000000001			1.0
6469.1			1.0
6470.0			1.0
6470.9			1.0
6471.8			1.0
6472.700000000001			1.0
6473.6			1.0
6474.5			1.0
6475.4			1.0
6476.3			1.0
6477.200000000001			1.0
6478.1			1.0
6479.0			1.0
6479.9			1.0
6480.8			1.0
6481.700000000001			1.0
6482.6			1.0
6483.5			1.0
6484.4			1.0
6485.3			1.0
6486.200000000001			1.0
6487.1			1.0015914986645928
6488.0			1.002116990534352
6488.9			1.0008224923226154
6489.8			0.9954664778726917
6490.700000000001			0.9859613807750295
6491.6			0.9755411418955853
6492.5			0.9564829787769072
6493.4			0.9190598084344551
6494.3			0.8880776509529408
6495.200000000001			0.8843208332698086
6496.1			0.8960674400152907
6497.0			0.9171014835536208
6497.9			0.9334596679957006
6498.8			0.9377168331851525
6499.700000000001			0.9534268699587956
6500.6			0.9778272890998004
6501.5			0.9900012453536425
6502.4			0.9935960084206351
6503.3			0.9999730506680345
6504.200000000001			1.0
6505.1			1.0
6506.0			1.0
6506.9			1.0
6507.8			1.0
6508.700000000001			1.0
6509.6			1.0
6510.5			1.0
6511.4			1.0
6512.3			1.0
6513.200000000001			1.0
6514.1			1.0
6515.0			1.0
6515.9			1.0
6516.8			1.0
6517.700000000001			1.0
6518.6			1.0
6519.5			1.0
6520.4			1.0
6521.3			1.0
6522.200000000001			1.0
6523.1			1.0
6524.0			1.0
6524.9			1.0
6525.8			1.0
6526.700000000001			1.0
6527.6			1.0
6528.5			1.0
6529.4			1.0
6530.3			1.0
6531.200000000001			1.0
6532.1			1.0
6533.0			1.0
6533.9			1.0
6534.8			1.0
6535.700000000001			1.0
6536.6			1.0
6537.5			1.0
6538.4			1.0
6539.3			1.0
6540.200000000001			1.0
6541.1			1.0
6542.0			1.0
6542.9			1.0
6543.8			1.0
6544.700000000001			1.0
6545.6			1.0
6546.5			1.0
6547.4			1.0
6548.3			1.0
6549.200000000001			1.0
6550.1			1.0
6551.0			1.0
6551.9			1.0
6552.8			1.0
6553.700000000001			1.0
6554.6			1.0
6555.5			1.0
6556.4			1.0
6557.3			1.0
6558.200000000001			0.9930762508762053
6559.1			0.9747426455840092
6560.0			0.9400827469923287
6560.9			0.8469933862864432
6561.8			0.685972052697359
6562.700000000001			0.5896683784007295
6563.6			0.6781178435891791
6564.5			0.8512060256579387
6565.4			0.9582377123004203
6566.3			0.9923648482555941
6567.200000000001			0.9999272580233048
6568.1			1.0
6569.0			1.0
6569.9			1.0
6570.8			1.0
6571.700000000001			1.0
6572.6			1.0
6573.5			1.0
6574.4			1.0
6575.3			1.0
6576.200000000001			1.0
6577.1			1.0
6578.0			1.0
6578.9			1.0
6579.8			1.0
6580.700000000001			1.0
6581.6			1.0
6582.5			1.0
6583.4			1.0
6584.3			1.0
6585.200000000001			1.0
6586.1			1.0
6587.0			1.0
6587.9			1.0
6588.8			1.0
6589.700000000001			1.0
6590.6			1.0
6591.5			1.0
6592.4			1.0
6593.3			1.0
6594.200000000001			1.0
6595.1			1.0
6596.0			1.0
6596.9			1.0
6597.8			1.0
6598.700000000001			1.0
6599.6			1.0
6600.5			1.0
6601.4			1.0
6602.3			1.0
6603.200000000001			1.0
6604.1			1.0
6605.0			1.0
6605.9			1.0
6606.8			1.0
6607.700000000001			1.0
6608.6			1.0
6609.5			1.0
6610.4			1.0
6611.3			1.0
6612.200000000001			1.0
6613.1			1.0
6614.0			1.0
6614.9			1.0
6615.8			1.0
6616.700000000001			1.0
6617.6			1.0
6618.5			1.0
6619.4			1.0
6620.3			1.0
6621.200000000001			1.0
6622.1			1.0
6623.0			1.0
6623.9			1.0
6624.8			1.0
6625.700000000001			1.0
6626.6			1.0
6627.5			1.0
6628.4			1.0
6629.3			1.0
6630.200000000001			1.0
6631.1			1.0
6632.0			1.0
6632.9			1.0
6633.8			1.0
6634.700000000001			1.0
6635.6			1.0
6636.5			1.0
6637.4			1.0
6638.3			1.0
6639.200000000001			1.0
6640.1			1.0
6641.0			1.0
6641.9			1.0
6642.8			1.0
6643.700000000001			1.0
6644.6			1.0
6645.5			1.0
6646.4			1.0
6647.3			1.0
6648.200000000001			1.0
6649.1			1.0
6650.0			1.0
6650.9			1.0
6651.8			1.0
6652.700000000001			1.0
6653.6			1.0
6654.5			1.0
6655.4			1.0
6656.3			1.0
6657.200000000001			1.0
6658.1			1.0
6659.0			1.0
6659.9			1.0
6660.8			1.0
6661.700000000001			1.0
6662.6			1.0
6663.5			1.0
6664.4			1.0
6665.3			1.0
6666.200000000001			1.0
6667.1			1.0
6668.0			1.0
6668.9			1.0
6669.8			1.0
6670.700000000001			1.0
6671.6			1.0
6672.5			1.0
6673.4			1.0
6674.3			1.0
6675.200000000001			1.0
6676.1			1.0
6677.0			1.0
6677.9			1.0
6678.8			1.0
6679.700000000001			1.0
6680.6			1.0
6681.5			1.0
6682.4			1.0
6683.3			1.0
6684.200000000001			1.0
6685.1			1.0
6686.0			1.0
6686.9			1.0
6687.8			1.0
6688.700000000001			1.0
6689.6			1.0
6690.5			1.0
6691.4			1.0
6692.3			1.0
6693.200000000001			1.0
6694.1			1.0
6695.0			1.0
6695.9			1.0
6696.8			1.0
6697.700000000001			1.0
6698.6			1.0
6699.5			1.0
6700.4			1.0
6701.3			1.0
6702.200000000001			1.0
6703.1			1.0
6704.0			1.0
6704.9			1.0
6705.8			1.0
6706.700000000001			1.0
6707.6			1.0
6708.5			1.0
6709.4			1.0
6710.3			1.0
6711.200000000001			1.0
6712.1			1.0
6713.0			1.0
6713.9			1.0
6714.8			1.0
6715.700000000001			1.0
6716.6			1.0
6717.5			1.0
6718.4			1.0
6719.3			1.0
6720.200000000001			1.0
6721.1			1.0
6722.0			1.0
6722.9			1.0
6723.8			1.0
6724.700000000001			1.0
6725.6			1.0
6726.5			1.0
6727.4			1.0
6728.3			1.0
6729.200000000001			1.0
6730.1			1.0
6731.0			1.0
6731.9			1.0
6732.8			1.0
6733.700000000001			1.0
6734.6			1.0
6735.5			1.0
6736.4			1.0
6737.3			1.0
6738.200000000001			1.0
6739.1			1.0
6740.0			1.0
6740.9			1.0
6741.8			1.0
6742.700000000001			1.0
6743.6			1.0
6744.5			1.0
6745.4			1.0
6746.3			1.0
6747.200000000001			1.0
6748.1			1.0
6749.0			1.0
6749.9			1.0
6750.8			1.0
6751.700000000001			1.0
6752.6			1.0
6753.5			1.0
6754.4			1.0
6755.3			1.0
6756.200000000001			1.0
6757.1			1.0
6758.0			1.0
6758.9			1.0
6759.8			1.0
6760.700000000001			1.0
6761.6			1.0
6762.5			1.0
6763.4			1.0
6764.3			1.0
6765.200000000001			1.0
6766.1			1.0
6767.0			1.0
6767.9			1.0
6768.8			1.0
6769.700000000001			1.0
6770.6			1.0
6771.5			1.0
6772.4			1.0
6773.3			1.0
6774.200000000001			1.0
6775.1			1.0
6776.0			1.0
6776.9			1.0
6777.8			1.0
6778.700000000001			1.0
6779.6			1.0
6780.5			1.0
6781.4			1.0
6782.3			1.0
6783.200000000001			1.0
6784.1			1.0
6785.0			1.0
6785.9			1.0
6786.8			1.0
6787.700000000001			1.0
6788.6			1.0
6789.5			1.0
6790.4			1.0
6791.3			1.0
6792.200000000001			1.0
6793.1			1.0
6794.0			1.0
6794.9			1.0
6795.8			1.0
6796.700000000001			1.0
6797.6			1.0
6798.5			1.0
6799.4			1.0
6800.3			1.0
6801.200000000001			1.0
6802.1			1.0
6803.0			1.0
6803.9			1.0
6804.8			1.0
6805.700000000001			1.0
6806.6			1.0
6807.5			1.0
6808.4			1.0
6809.3			1.0
6810.200000000001			1.0
6811.1			1.0
6812.0			1.0
6812.9			1.0
6813.8			1.0
6814.700000000001			1.0
6815.6			1.0
6816.5			1.0
6817.4			1.0
6818.3			1.0
6819.200000000001			1.0
6820.1			1.0
6821.0			1.0
6821.9			1.0
6822.8			1.0
6823.700000000001			1.0
6824.6			1.0
6825.5			1.0
6826.4			1.0
6827.3			1.0
6828.200000000001			1.0
6829.1			1.0
6830.0			1.0
6830.9			1.0
6831.8			1.0
6832.700000000001			1.0
6833.6			1.0
6834.5			1.0
6835.4			1.0
6836.3			1.0
6837.200000000001			1.0
6838.1			1.0
6839.0			1.0
6839.9			1.0
6840.8			1.0
6841.700000000001			1.0
6842.6			1.0
6843.5			1.0
6844.4			1.0
6845.3			1.0
6846.200000000001			1.0
6847.1			1.0
6848.0			1.0
6848.9			1.0
6849.8			1.0
6850.700000000001			1.0
6851.6			1.0
6852.5			1.0
6853.4			1.0
6854.3			1.0
6855.200000000001			1.0
6856.1			1.0
6857.0			1.0
6857.9			1.0
6858.8			1.0
6859.700000000001			1.0
6860.6			1.0
6861.5			1.0
6862.4			1.0
6863.3			1.0
6864.200000000001			1.0
6865.1			1.0
6866.0			1.0
6866.9			1.0
6867.8			1.0
6868.700000000001			1.0
6869.6			1.0
6870.5			1.0
6871.4			1.0
6872.3			1.0
6873.200000000001			1.0
6874.1			1.0
6875.0			1.0
6875.9			1.0
6876.8			1.0
6877.700000000001			1.0
6878.6			1.0
6879.5			1.0
6880.4			1.0
6881.3			1.0
6882.200000000001			1.0
6883.1			1.0
6884.0			1.0
6884.9			1.0
6885.8			1.0
6886.700000000001			1.0
6887.6			1.0
6888.5			1.0
6889.4			1.0
6890.3			1.0
6891.200000000001			1.0
6892.1			1.0
6893.0			1.0
6893.9			1.0
6894.8			1.0
6895.700000000001			1.0
6896.6			1.0
6897.5			1.0
6898.4			1.0
6899.3			1.0
6900.200000000001			1.0
6901.1			1.0
6902.0			1.0
6902.9			1.0
6903.8			1.0
6904.700000000001			1.0
6905.6			1.0
6906.5			1.0
6907.4			1.0
6908.3			1.0
6909.200000000001			1.0
6910.1			1.0
6911.0			1.0
6911.9			1.0
6912.8			1.0
6913.700000000001			1.0
6914.6			1.0
6915.5			1.0
6916.4			1.0
6917.3			1.0
6918.200000000001			1.0
6919.1			1.0
6920.0			1.0
6920.9			1.0
6921.8			1.0
6922.700000000001			1.0
6923.6			1.0
6924.5			1.0
6925.4			1.0
6926.3			1.0
6927.200000000001			1.0
6928.1			1.0
6929.0			1.0
6929.9			1.0
6930.8			1.0
6931.700000000001			1.0
6932.6			1.0
6933.5			1.0
6934.4			1.0
6935.3			1.0
6936.200000000001			1.0
6937.1			1.0
6938.0			1.0
6938.9			1.0
6939.8			1.0
6940.700000000001			1.0
6941.6			1.0
6942.5			1.0
6943.4			1.0
6944.3			1.0
6945.200000000001			1.0
6946.1			1.0
6947.0			1.0
6947.9			1.0
6948.8			1.0
6949.700000000001			1.0
6950.6			1.0
6951.5			1.0
6952.4			1.0
6953.3			1.0
6954.200000000001			1.0
6955.1			1.0
6956.0			1.0
6956.9			1.0
6957.8			1.0
6958.700000000001			1.0
6959.6			1.0
6960.5			1.0
6961.4			1.0
6962.3			1.0
6963.200000000001			1.0
6964.1			1.0
6965.0			1.0
6965.9			1.0
6966.8			1.0
6967.700000000001			1.0
6968.6			1.0
6969.5			1.0
6970.4			1.0
6971.3			1.0
6972.200000000001			1.0
6973.1			1.0
6974.0			1.0
6974.9			1.0
6975.8			1.0
6976.700000000001			1.0
6977.6			1.0
6978.5			1.0
6979.4			1.0
6980.3			1.0
6981.200000000001			1.0
6982.1			1.0
6983.0			1.0
6983.9			1.0
6984.8			1.0
6985.700000000001			1.0
6986.6			1.0
6987.5			1.0
6988.4			1.0
6989.3			1.0
6990.200000000001			1.0
6991.1			1.0
6992.0			1.0
6992.9			1.0
6993.8			1.0
6994.700000000001			1.0
6995.6			1.0
6996.5			1.0
6997.4			1.0
6998.3			1.0
6999.200000000001			1.0
7000.1			1.0
7001.0			1.0
7001.9			1.0
7002.8			1.0
7003.700000000001			1.0
7004.6			1.0
7005.5			1.0
7006.4			1.0
7007.3			1.0
7008.200000000001			1.0
7009.1			1.0
7010.0			1.0
7010.9			1.0
7011.8			1.0
7012.700000000001			1.0
7013.6			1.0
7014.5			1.0
7015.4			1.0
7016.3			1.0
7017.200000000001			1.0
7018.1			1.0
7019.0			1.0
7019.9			1.0
7020.8			1.0
7021.700000000001			1.0
7022.6			1.0
7023.5			1.0
7024.4			1.0
7025.3			1.0
7026.200000000001			1.0
7027.1			1.0
7028.0			1.0
7028.9			1.0
7029.8			1.0
7030.700000000001			1.0
7031.6			1.0
7032.5			1.0
7033.4			1.0
7034.3			1.0
7035.200000000001			1.0
7036.1			1.0
7037.0			1.0
7037.9			1.0
7038.8			1.0
7039.700000000001			1.0
7040.6			1.0
7041.5			1.0
7042.4			1.0
7043.3			1.0
7044.200000000001			1.0
7045.1			1.0
7046.0			1.0
7046.9			1.0
7047.8			1.0
7048.700000000001			1.0
7049.6			1.0
7050.5			1.0
7051.4			1.0
7052.3			1.0
7053.200000000001			1.0
7054.1			1.0
7055.0			1.0
7055.9			1.0
7056.8			1.0
7057.700000000001			1.0
7058.6			1.0
7059.5			1.0
7060.4			1.0
7061.3			1.0
7062.200000000001			1.0
7063.1			1.0
7064.0			1.0
7064.9			1.0
7065.8			1.0
7066.700000000001			1.0
7067.6			1.0
7068.5			1.0
7069.4			1.0
7070.3			1.0
7071.200000000001			1.0
7072.1			1.0
7073.0			1.0
7073.9			1.0
7074.8			1.0
7075.700000000001			1.0
7076.6			1.0
7077.5			1.0
7078.4			1.0
7079.3			1.0
7080.200000000001			1.0
7081.1			1.0
7082.0			1.0
7082.9			1.0
7083.8			1.0
7084.700000000001			1.0
7085.6			1.0
7086.5			1.0
7087.4			1.0
7088.3			1.0
7089.200000000001			1.0
7090.1			1.0
7091.0			1.0
7091.9			1.0
7092.8			1.0
7093.700000000001			1.0
7094.6			1.0
7095.5			1.0
7096.4			1.0
7097.3			1.0
7098.200000000001			1.0
7099.1			1.0
7100.0			1.0
7100.9			1.0
7101.8			1.0
7102.700000000001			1.0
7103.6			1.0
7104.5			1.0
7105.4			1.0
7106.3			1.0
7107.200000000001			1.0
7108.1			1.0
7109.0			1.0
7109.9			1.0
7110.8			1.0
7111.700000000001			1.0
7112.6			1.0
7113.5			1.0
7114.4			1.0
7115.3			1.0
7116.200000000001			1.0
7117.1			1.0
7118.0			1.0
7118.9			1.0
7119.8			1.0
7120.700000000001			1.0
7121.6			1.0
7122.5			1.0
7123.4			1.0
7124.3			1.0
7125.200000000001			1.0
7126.1			1.0
7127.0			1.0
7127.9			1.0
7128.8			1.0
7129.700000000001			1.0
7130.6			1.0
7131.5			1.0
7132.4			1.0
7133.3			1.0
7134.200000000001			1.0
7135.1			1.0
7136.0			1.0
7136.9			1.0
7137.8			1.0
7138.700000000001			1.0
7139.6			1.0
7140.5			1.0
7141.4			1.0
7142.3			1.0
7143.200000000001			1.0
7144.1			1.0
7145.0			1.0
7145.9			1.0
7146.8			1.0
7147.700000000001			1.0
7148.6			1.0
7149.5			1.0
7150.4			1.0
7151.3			1.0
7152.200000000001			1.0
7153.1			1.0
7154.0			1.0
7154.9			1.0
7155.8			1.0
7156.700000000001			1.0
7157.6			1.0
7158.5			1.0
7159.4			1.0
7160.3			1.0
7161.200000000001			1.0
7162.1			1.0
7163.0			1.0
7163.9			1.0
7164.8			1.0
7165.700000000001			1.0
7166.6			1.0
7167.5			1.0
7168.4			1.0
7169.3			1.0
7170.200000000001			1.0
7171.1			1.0
7172.0			1.0
7172.9			1.0
7173.8			1.0
7174.700000000001			1.0
7175.6			1.0
7176.5			1.0
7177.4			1.0
7178.3			1.0
7179.200000000001			1.0
7180.1			1.0
7181.0			1.0
7181.9			1.0
7182.8			1.0
7183.700000000001			1.0
7184.6			1.0
7185.5			1.0
7186.4			1.0
7187.3			1.0
7188.200000000001			1.0
7189.1			1.0
7190.0			1.0
7190.9			1.0
7191.8			1.0
7192.700000000001			1.0
7193.6			1.0
7194.5			1.0
7195.4			1.0
7196.3			1.0
7197.200000000001			1.0
7198.1			1.0
7199.0			1.0
7199.9			1.0
7200.8			1.0
7201.700000000001			1.0
7202.6			1.0
7203.5			1.0
7204.4			1.0
7205.3			1.0
7206.200000000001			1.0
7207.1			1.0
7208.0			1.0
7208.9			1.0
7209.8			1.0
7210.700000000001			1.0
7211.6			1.0
7212.5			1.0
7213.4			1.0
7214.3			1.0
7215.200000000001			1.0
7216.1			1.0
7217.0			1.0
7217.9			1.0
7218.8			1.0
7219.700000000001			1.0
7220.6			1.0
7221.5			1.0
7222.4			1.0
7223.3			1.0
7224.200000000001			1.0
7225.1			1.0
7226.0			1.0
7226.9			1.0
7227.8			1.0
7228.700000000001			1.0
7229.6			1.0
7230.5			1.0
7231.4			1.0
7232.3			1.0
7233.200000000001			1.0
7234.1			1.0
7235.0			1.0
7235.9			1.0
7236.8			1.0
7237.700000000001			1.0
7238.6			1.0
7239.5			1.0
7240.4			1.0
7241.3			1.0
7242.200000000001			1.0
7243.1			1.0
7244.0			1.0
7244.9			1.0
7245.8			1.0
7246.700000000001			1.0
7247.6			1.0
7248.5			1.0
7249.4			1.0
7250.3			1.0
7251.200000000001			1.0
7252.1			1.0
7253.0			1.0
7253.9			1.0
7254.8			1.0
7255.700000000001			1.0
7256.6			1.0
7257.5			1.0
7258.4			1.0
7259.3			1.0
7260.200000000001			1.0
7261.1			1.0
7262.0			1.0
7262.9			1.0
7263.8			1.0
7264.700000000001			1.0
7265.6			1.0
7266.5			1.0
7267.4			1.0
7268.3			1.0
7269.200000000001			1.0
7270.1			1.0
7271.0			1.0
7271.9			1.0
7272.8			1.0
7273.700000000001			1.0
7274.6			1.0
7275.5			1.0
7276.4			1.0
7277.3			1.0
7278.200000000001			1.0
7279.1			1.0
7280.0			1.0
7280.9			1.0
7281.8			1.0
7282.700000000001			1.0
7283.6			1.0
7284.5			1.0
7285.4			1.0
7286.3			1.0
7287.200000000001			1.0
7288.1			1.0
7289.0			1.0
7289.9			1.0
7290.8			1.0
7291.700000000001			1.0
7292.6			1.0
7293.5			1.0
7294.4			1.0
7295.3			1.0
7296.200000000001			1.0
7297.1			1.0
7298.0			1.0
7298.9			1.0
7299.8			1.0
7300.700000000001			1.0
7301.6			1.0
7302.5			1.0
7303.4			1.0
7304.3			1.0
7305.200000000001			1.0
7306.1			1.0
7307.0			1.0
7307.9			1.0
7308.8			1.0
7309.700000000001			1.0
7310.6			1.0
7311.5			1.0
7312.4			1.0
7313.3			1.0
7314.200000000001			1.0
7315.1			1.0
7316.0			1.0
7316.9			1.0
7317.8			1.0
7318.700000000001			1.0
7319.6			1.0
7320.5			1.0
7321.4			1.0
7322.3			1.0
7323.200000000001			1.0
7324.1			1.0
7325.0			1.0
7325.9			1.0
7326.8			1.0
7327.700000000001			1.0
7328.6			1.0
7329.5			1.0
7330.4			1.0
7331.3			1.0
7332.200000000001			1.0
7333.1			1.0
7334.0			1.0
7334.9			1.0
7335.8			1.0
7336.700000000001			1.0
7337.6			1.0
7338.5			1.0
7339.4			1.0
7340.3			1.0
7341.200000000001			1.0
7342.1			1.0
7343.0			1.0
7343.9			1.0
7344.8			1.0
7345.700000000001			1.0
7346.6			1.0
7347.5			1.0
7348.4			1.0
7349.3			1.0
7350.200000000001			1.0
7351.1			1.0
7352.0			1.0
7352.9			1.0
7353.8			1.0
7354.700000000001			1.0
7355.6			1.0
7356.5			1.0
7357.4			1.0
7358.3			1.0
7359.200000000001			1.0
7360.1			1.0
7361.0			1.0
7361.9			1.0
7362.8			1.0
7363.700000000001			1.0
7364.6			1.0
7365.5			1.0
7366.4			1.0
7367.3			1.0
7368.200000000001			1.0
7369.1			1.0
7370.0			1.0
7370.9			1.0
7371.8			1.0
7372.700000000001			1.0
7373.6			1.0
7374.5			1.0
7375.4			1.0
7376.3			1.0
7377.200000000001			1.0
7378.1			1.0
7379.0			1.0
7379.9			1.0
7380.8			1.0
7381.700000000001			1.0
7382.6			1.0
7383.5			1.0
7384.4			1.0
7385.3			1.0
7386.200000000001			1.0
7387.1			1.0
7388.0			1.0
7388.9			1.0
7389.8			1.0
7390.700000000001			1.0
7391.6			1.0
7392.5			1.0
7393.4			1.0
7394.3			1.0
7395.200000000001			1.0
7396.1			1.0
7397.0			1.0
7397.9			1.0
7398.8			1.0
7399.700000000001			1.0
7400.6			1.0
7401.5			1.0
7402.4			1.0
7403.3			1.0
7404.200000000001			1.0
7405.1			1.0
7406.0			1.0
7406.9			1.0
7407.8			1.0
7408.700000000001			1.0
7409.6			1.0
7410.5			1.0
7411.4			1.0
7412.3			1.0
7413.200000000001			1.0
7414.1			1.0
7415.0			1.0
7415.9			1.0
7416.8			1.0
7417.700000000001			1.0
7418.6			1.0
7419.5			1.0
7420.4			1.0
7421.3			1.0
7422.200000000001			1.0
7423.1			1.0
7424.0			1.0
7424.9			1.0
7425.8			1.0
7426.700000000001			1.0
7427.6			1.0
7428.5			1.0
7429.4			1.0
