3500.0			1.0
3500.9			1.0
3501.8			1.0
3502.7			1.0
3503.6			1.0
3504.5			1.0
3505.4			1.0
3506.3			1.0
3507.2			1.0
3508.1			1.0
3509.0			1.0
3509.9			1.0
3510.8			1.0
3511.7			1.0
3512.6			1.0
3513.5			1.0
3514.4			1.0
3515.3			1.0
3516.2			1.0
3517.1			1.0
3518.0			1.0
3518.9			1.0
3519.8			1.0
3520.7			1.0
3521.6			1.0
3522.5			1.0
3523.4			1.0
3524.3			1.0
3525.2			1.0
3526.1			1.0
3527.0			1.0
3527.9			1.0
3528.8			1.0
3529.7			1.0
3530.6			1.0
3531.5			1.0
3532.4			1.0
3533.3			1.0
3534.2			1.0
3535.1			1.0
3536.0			1.0
3536.9			1.0
3537.8			1.0
3538.7			1.0
3539.6			1.0
3540.5			1.0
3541.4			1.0
3542.3			1.0
3543.2			1.0
3544.1			1.0
3545.0			1.0
3545.9			1.0
3546.8			1.0
3547.7			1.0
3548.6			1.0
3549.5			1.0
3550.4			1.0
3551.3			1.0
3552.2			1.0
3553.1			1.0
3554.0			1.0
3554.9			1.0
3555.8			1.0
3556.7			1.0
3557.6			1.0
3558.5			1.0
3559.4			1.0
3560.3			1.0
3561.2			1.0
3562.1			1.0
3563.0			1.0
3563.9			1.0
3564.8			1.0
3565.7			1.0
3566.6			1.0
3567.5			1.0
3568.4			1.0
3569.3			1.0
3570.2			1.0
3571.1			1.0
3572.0			1.0
3572.9			1.0
3573.8			1.0
3574.7			1.0
3575.6			1.0
3576.5			1.0
3577.4			1.0
3578.3			1.0
3579.2			1.0
3580.1			1.0
3581.0			1.0
3581.9			1.0
3582.8			1.0
3583.7			1.0
3584.6			1.0
3585.5			1.0
3586.4			1.0
3587.3			1.0
3588.2			1.0
3589.1			1.0
3590.0			1.0
3590.9			1.0
3591.8			1.0
3592.7			1.0
3593.6			1.0
3594.5			1.0
3595.4			1.0
3596.3			1.0
3597.2			1.0
3598.1			1.0
3599.0			1.0
3599.9			1.0
3600.8			1.0
3601.7			1.0
3602.6			1.0
3603.5			1.0
3604.4			1.0
3605.3			1.0
3606.2			1.0
3607.1			1.0
3608.0			1.0
3608.9			1.0
3609.8			1.0
3610.7			1.0
3611.6			1.0
3612.5			1.0
3613.4			1.0
3614.3			1.0
3615.2			1.0
3616.1			1.0
3617.0			1.0
3617.9			1.0
3618.8			1.0
3619.7			1.0
3620.6			1.0
3621.5			1.0
3622.4			1.0
3623.3			1.0
3624.2			1.0
3625.1			1.0
3626.0			1.0
3626.9			1.0
3627.8			1.0
3628.7			1.0
3629.6			1.0
3630.5			1.0
3631.4			1.0
3632.3			1.0
3633.2			1.0
3634.1			1.0
3635.0			1.0
3635.9			1.0
3636.8			1.0
3637.7			1.0
3638.6			1.0
3639.5			1.0
3640.4			1.0
3641.3			1.0
3642.2			1.0
3643.1			1.0
3644.0			1.0
3644.9			1.0
3645.8			1.0
3646.7			1.0
3647.6			1.0
3648.5			1.0
3649.4			1.0
3650.3			1.0
3651.2			1.0
3652.1			1.0
3653.0			1.0
3653.9			1.0
3654.8			1.0
3655.7			1.0
3656.6			1.0
3657.5			1.0
3658.4			1.0
3659.3			1.0
3660.2			1.0
3661.1			1.0
3662.0			1.0
3662.9			1.0
3663.8			1.0
3664.7			1.0
3665.6			1.0
3666.5			1.0
3667.4			1.0
3668.3			1.0
3669.2			1.0
3670.1			1.0
3671.0			1.0
3671.9			1.0
3672.8			1.0
3673.7			1.0
3674.6			1.0
3675.5			1.0
3676.4			1.0
3677.3			1.0
3678.2			1.0
3679.1			1.0
3680.0			1.0
3680.9			1.0
3681.8			1.0
3682.7			1.0
3683.6			1.0
3684.5			1.0
3685.4			1.0
3686.3			1.0
3687.2			1.0
3688.1			1.0
3689.0			1.0
3689.9			1.0
3690.8			1.0
3691.7			1.0
3692.6			1.0
3693.5			1.0
3694.4			1.0
3695.3			1.0
3696.2			1.0
3697.1			1.0
3698.0			1.0
3698.9			1.0
3699.8			1.0
3700.7			1.0
3701.6			1.0
3702.5			1.0
3703.4			1.0
3704.3			1.0
3705.2			1.0
3706.1			1.0
3707.0			1.0
3707.9			1.0
3708.8			1.0
3709.7			1.0
3710.6			1.0
3711.5			1.0
3712.4			1.0
3713.3			1.0
3714.2			1.0
3715.1			1.0
3716.0			1.0
3716.9			1.0
3717.8			1.0
3718.7			1.0
3719.6			1.0
3720.5			1.0
3721.4			1.0
3722.3			1.0
3723.2			1.0
3724.1			1.0
3725.0			1.0
3725.9			1.0
3726.8			1.0
3727.7			1.0
3728.6			1.0
3729.5			1.0
3730.4			1.0
3731.3			1.0
3732.2			1.0
3733.1			1.0
3734.0			1.0
3734.9			1.0
3735.8			1.0
3736.7			1.0
3737.6			1.0
3738.5			1.0
3739.4			1.0
3740.3			1.0
3741.2			1.0
3742.1			1.0
3743.0			1.0
3743.9			1.0
3744.8			1.0
3745.7			1.0
3746.6			1.0
3747.5			1.0
3748.4			1.0
3749.3			1.0
3750.2			1.0
3751.1			1.0
3752.0			1.0
3752.9			1.0
3753.8			1.0
3754.7			1.0
3755.6			1.0
3756.5			1.0
3757.4			1.0
3758.3			1.0
3759.2			1.0
3760.1			1.0
3761.0			1.0
3761.9			1.0
3762.8			1.0
3763.7			1.0
3764.6			1.0
3765.5			1.0
3766.4			1.0
3767.3			1.0
3768.2			1.0
3769.1			1.0
3770.0			1.0
3770.9			1.0
3771.8			1.0
3772.7			1.0
3773.6			1.0
3774.5			1.0
3775.4			1.0
3776.3			1.0
3777.2			1.0
3778.1			1.0
3779.0			1.0
3779.9			1.0
3780.8			1.0
3781.7			1.0
3782.6			1.0
3783.5			1.0
3784.4			1.0
3785.3			1.0
3786.2			1.0
3787.1			1.0
3788.0			1.0
3788.9			1.0
3789.8			1.0
3790.7			1.0
3791.6			1.0
3792.5			1.0
3793.4			1.0
3794.3			1.0
3795.2			1.0
3796.1			1.0
3797.0			1.0
3797.9			1.0
3798.8			1.0
3799.7			1.0
3800.6			1.0
3801.5			1.0
3802.4			1.0
3803.3			1.0
3804.2			1.0
3805.1			1.0
3806.0			1.0
3806.9			1.0
3807.8			1.0
3808.7			1.0
3809.6			1.0
3810.5			1.0
3811.4			1.0
3812.3			1.0
3813.2			1.0
3814.1			1.0
3815.0			1.0
3815.9			1.0
3816.8			1.0
3817.7			1.0
3818.6			1.0
3819.5			1.0
3820.4			1.0
3821.3			1.0
3822.2			1.0
3823.1			1.0
3824.0			1.0
3824.9			1.0
3825.8			1.0
3826.7			1.0
3827.6			1.0
3828.5			1.0
3829.4			1.0
3830.3			1.0
3831.2			1.0
3832.1			1.0
3833.0			1.0
3833.9			1.0
3834.8			1.0
3835.7			1.0
3836.6			1.0
3837.5			1.0
3838.4			1.0
3839.3			1.0
3840.2			1.0
3841.1			1.0
3842.0			1.0
3842.9			1.0
3843.8			1.0
3844.7			1.0
3845.6			1.0
3846.5			1.0
3847.4			1.0
3848.3			1.0
3849.2			1.0
3850.1			1.0
3851.0			1.0
3851.9			1.0
3852.8			1.0
3853.7			1.0
3854.6			1.0
3855.5			1.0
3856.4			1.0
3857.3			1.0
3858.2			1.0
3859.1			1.0
3860.0			1.0
3860.9			1.0
3861.8			1.0
3862.7			1.0
3863.6			1.0
3864.5			1.0
3865.4			1.0
3866.3			1.0
3867.2			1.0
3868.1			1.0
3869.0			1.0
3869.9			1.0
3870.8			1.0
3871.7			1.0
3872.6			1.0
3873.5			1.0
3874.4			1.0
3875.3			1.0
3876.2			1.0
3877.1			1.0
3878.0			1.0
3878.9			1.0
3879.8			1.0
3880.7			1.0
3881.6			1.0
3882.5			1.0
3883.4			1.0
3884.3			1.0
3885.2			1.0
3886.1			1.0
3887.0			1.0
3887.9			1.0
3888.8			1.0
3889.7			1.0
3890.6			1.0
3891.5			1.0
3892.4			1.0
3893.3			1.0
3894.2			1.0
3895.1			1.0
3896.0			1.0
3896.9			1.0
3897.8			1.0
3898.7			1.0
3899.6			1.0
3900.5			1.0
3901.4			1.0
3902.3			1.0
3903.2			1.0
3904.1			1.0
3905.0			1.0
3905.9			1.0
3906.8			1.0
3907.7			1.0
3908.6			1.0
3909.5			1.0
3910.4			1.0
3911.3			1.0
3912.2			1.0
3913.1			1.0
3914.0			1.0
3914.9			1.0
3915.8			1.0
3916.7			1.0
3917.6			1.0
3918.5			1.0
3919.4			1.0
3920.3			1.0
3921.2			1.0
3922.1			1.0
3923.0			1.0
3923.9			1.0
3924.8			1.0
3925.7			1.0
3926.6			1.0
3927.5			1.0
3928.4			1.0
3929.3			1.0
3930.2			1.0
3931.1			1.0
3932.0			1.0
3932.9			1.0
3933.8			1.0
3934.7			1.0
3935.6			1.0
3936.5			1.0
3937.4			1.0
3938.3			1.0
3939.2			1.0
3940.1			1.0
3941.0			1.0
3941.9			1.0
3942.8			1.0
3943.7			1.0
3944.6			1.0
3945.5			1.0
3946.4			1.0
3947.3			1.0
3948.2			1.0
3949.1			1.0
3950.0			1.0
3950.9			1.0
3951.8			1.0
3952.7			1.0
3953.6			1.0
3954.5			1.0
3955.4			1.0
3956.3			1.0
3957.2			1.0
3958.1			1.0
3959.0			1.0
3959.9			1.0
3960.8			1.0
3961.7			1.0
3962.6			1.0
3963.5			1.0
3964.4			1.0
3965.3			1.0
3966.2			1.0
3967.1			1.0
3968.0			1.0
3968.9			1.0
3969.8			1.0
3970.7			1.0
3971.6			1.0
3972.5			1.0
3973.4			1.0
3974.3			1.0
3975.2			1.0
3976.1			1.0
3977.0			1.0
3977.9			1.0
3978.8			1.0
3979.7			1.0
3980.6			1.0
3981.5			1.0
3982.4			1.0
3983.3			1.0
3984.2			1.0
3985.1			1.0
3986.0			1.0
3986.9			1.0
3987.8			1.0
3988.7			1.0
3989.6			1.0
3990.5			1.0
3991.4			1.0
3992.3			1.0
3993.2			1.0
3994.1			1.0
3995.0			1.0
3995.9			1.0
3996.8			1.0
3997.7			1.0
3998.6			1.0
3999.5			1.0
4000.4			1.0
4001.3			1.0
4002.2			1.0303733421039618
4003.1			1.0467204362184657
4004.0			0.9484608669096243
4004.9			0.7826960254151519
4005.8			0.7088459634859231
4006.7			0.7748616639887133
4007.6			0.8866243162943068
4008.5			0.9652448896506575
4009.4			0.9990867825629633
4010.3			1.0
4011.2			1.0
4012.1			1.0
4013.0			1.0
4013.9			1.0
4014.8			1.0
4015.7			1.0
4016.6			1.0
4017.5			1.0
4018.4			1.0
4019.3			1.0
4020.2			1.0
4021.1			1.0
4022.0			1.0
4022.9			1.0
4023.8			1.0
4024.7			1.0
4025.6			1.0
4026.5			1.0
4027.4			1.07620421273194
4028.3			1.1206762300549695
4029.2			1.0690805359200137
4030.1			0.9117797186925362
4031.0			0.7754213881183678
4031.9			0.7291988885816312
4032.8			0.7146034344144994
4033.7			0.7111713548071291
4034.6			0.7582542986336751
4035.5			0.8569157895432604
4036.4			0.9719592364919072
4037.3			1.069800029525073
4038.2			1.107469375674722
4039.1			1.071849502071851
4040.0			1.0
4040.9			0.966349746632787
4041.8			0.9977779741145921
4042.7			0.9994774428196705
4043.6			0.8743965034569254
4044.5			0.6738141781479539
4045.4			0.529336262576716
4046.3			0.5653404522822931
4047.2			0.7601570603133891
4048.1			0.9261216033813837
4049.0			0.9799521965186943
4049.9			1.0000212441232652
4050.8			1.0
4051.7			1.0
4052.6			1.0
4053.5			1.0
4054.4			1.0
4055.3			1.0
4056.2			1.0
4057.1			1.0
4058.0			0.9226309697898211
4058.9			0.9446535605634269
4059.8			1.0550673612642367
4060.7			1.1308370856950778
4061.6			1.056987609539493
4062.5			0.8346978452839482
4063.4			0.6504597559176042
4064.3			0.6699660449347856
4065.2			0.8126700741201207
4066.1			0.8827625106167704
4067.0			0.8632621420606861
4067.9			0.9004562652766255
4068.8			0.995207445438277
4069.7			1.0
4070.6			1.0
4071.5			1.0
4072.4			0.9831535958686949
4073.3			1.1051285636558932
4074.2			1.136309816842265
4075.1			1.016531649427145
4076.0			0.8346885865086098
4076.9			0.7008469706642954
4077.8			0.6897965162529325
4078.7			0.7797421995946195
4079.6			0.886310983413746
4080.5			0.9646658731491637
4081.4			0.986218149501804
4082.3			1.0
4083.2			1.0
4084.1			1.0
4085.0			1.0
4085.9			1.0
4086.8			1.0
4087.7			1.0
4088.6			1.0
4089.5			1.0
4090.4			1.0
4091.3			1.0
4092.2			0.9891558654807772
4093.1			1.0091478317325915
4094.0			1.0222236112534868
4094.9			0.9556745864616388
4095.8			0.8529945536735826
4096.7			0.8221353585310889
4097.6			0.8719667242361008
4098.5			0.932345711597419
4099.4			0.9203619269117053
4100.3			0.8219600972049566
4101.2			0.7475291158602895
4102.1			0.7888345750872592
4103.0			0.8840538478083652
4103.9			0.9404968152583958
4104.8			0.9895642777404106
4105.7			1.06698028013231
4106.6			1.0
4107.5			0.9918465748500414
4108.4			0.9644240947125757
4109.3			0.9136386336971724
4110.2			0.8660436767234209
4111.1			0.8553496066235887
4112.0			0.8701257129742244
4112.9			0.910302942179932
4113.8			0.96133476178682
4114.7			0.9892651932359044
4115.6			0.9958800955565493
4116.5			0.9977879159077649
4117.4			0.9643775682612525
4118.3			0.8823786097602471
4119.2			0.8505289531179275
4120.1			0.8979726701508535
4121.0			0.9390840278728932
4121.9			0.9413763299604072
4122.8			0.9248919161875533
4123.7			0.9381577439770169
4124.6			0.9964725313353403
4125.5			1.0222502829425826
4126.4			0.9926971979866923
4127.3			0.9496587837123582
4128.2			0.9144547619336706
4129.1			0.8964056559862728
4130.0			0.8880840015267581
4130.9			0.8673713227270242
4131.8			0.8003595506317468
4132.7			0.7498552797302449
4133.6			0.7595016287064154
4134.5			0.8143567460265458
4135.4			0.9243522209229236
4136.3			1.0050324480279509
4137.2			1.0100226258656482
4138.1			1.0184578512142755
4139.0			1.0404251340418795
4139.9			1.035943551280166
4140.8			0.9879913728907548
4141.7			0.8608999111315696
4142.6			0.6846123520997777
4143.5			0.5928305463844173
4144.4			0.6670411236415309
4145.3			0.8199310861961826
4146.2			0.929134425713476
4147.1			0.9826256968492155
4148.0			0.9800832481209759
4148.9			0.9319723454557767
4149.8			0.8855806437071755
4150.7			0.879534601057089
4151.6			0.882807731958868
4152.5			0.8819580137965956
4153.4			0.8937811478708674
4154.3			0.9000578951359335
4155.2			0.894887864071994
4156.1			0.8910668666374197
4157.0			0.9134612544969879
4157.9			0.9824882634403721
4158.8			1.057638247894387
4159.7			1.0786508370296566
4160.6			1.0
4161.5			1.0083978560808775
4162.4			1.03984102337437
4163.3			1.029421224532073
4164.2			0.9659648841239006
4165.1			0.9178134825920098
4166.0			0.8946052218044781
4166.9			0.8669572123355512
4167.8			0.8629125450053978
4168.7			0.9093880160687023
4169.6			0.9589761924625817
4170.5			0.952763656018764
4171.4			0.8587973236905142
4172.3			0.7346663144635905
4173.2			0.7002287611415103
4174.1			0.7576348044109852
4175.0			0.8139715950053461
4175.9			0.8278904333790378
4176.8			0.8068220627055461
4177.7			0.783500528979536
4178.6			0.8025453045944926
4179.5			0.8463803683529276
4180.4			0.8571412653605996
4181.3			0.84027185735289
4182.2			0.8405377813344798
4183.1			0.8776505556473051
4184.0			0.9450826990651416
4184.9			1.0019939238594207
4185.8			1.0
4186.7			0.889225678164667
4187.6			0.8349095743315887
4188.5			0.8797857041382756
4189.4			0.9310320702483255
4190.3			0.9187595000897136
4191.2			0.8880473479858836
4192.1			0.9176569936953591
4193.0			0.969976524429151
4193.9			0.9593827267913532
4194.8			0.8816211095302777
4195.7			0.7962572214597463
4196.6			0.7486502479316387
4197.5			0.7388038820716617
4198.4			0.7475192041266274
4199.3			0.7777937711706371
4200.2			0.7993948939533372
4201.1			0.7686340572266619
4202.0			0.7411952906012209
4202.9			0.784592958110543
4203.8			0.8385694876694919
4204.7			0.8603329876729982
4205.6			0.8944814101002379
4206.5			0.9446384229690605
4207.4			0.9858629227356646
4208.3			1.0014595224356282
4209.2			1.0
4210.1			1.0
4211.0			1.0
4211.9			0.9863633954822129
4212.8			0.9349619596449946
4213.7			0.8414553949838117
4214.6			0.7261408058453279
4215.5			0.66956318261157
4216.4			0.749801347365402
4217.3			0.8982517009776554
4218.2			0.9878354828573142
4219.1			0.9965034109708512
4220.0			1.0
4220.9			1.0154456212291563
4221.8			0.9616948781538134
4222.7			0.862807713826356
4223.6			0.7727986099375507
4224.5			0.6628450906365534
4225.4			0.5021362885162404
4226.3			0.36813544170553414
4227.2			1.0
4228.1			1.425443004215568
4229.0			1.7556720394402625
4229.9			1.825069301614293
4230.8			1.790775364882743
4231.7			1.6691191752972454
4232.6			1.4597364729849394
4233.5			1.3189894620259763
4234.4			1.258653538606748
4235.3			1.1557393969837715
4236.2			1.0501865449872845
4237.1			1.0177260197707787
4238.0			1.0089639345132957
4238.9			0.9863228720182226
4239.8			0.9781071137607722
4240.7			1.0
4241.6			1.0539081021610144
4242.5			1.0573543479988745
4243.4			1.0920913171312876
4244.3			1.1791293453289837
4245.2			1.2104195455671178
4246.1			1.159302813610399
4247.0			1.070187142585377
4247.9			1.0026690429843883
4248.8			0.9645242706834092
4249.7			0.9114096691495754
4250.6			0.8972601810994439
4251.5			0.9854483643822671
4252.4			1.077876773149224
4253.3			1.0544018379741933
4254.2			0.971593741713771
4255.1			1.0
4256.0			1.09495786331101
4256.9			1.1836478850401457
4257.8			1.1220072591654318
4258.7			0.9593523330703185
4259.6			0.8193370813398955
4260.5			0.7586835165814078
4261.4			0.8038523495110051
4262.3			0.9189735133634983
4263.2			1.0000890238712252
4264.1			1.0
4265.0			1.027322694841456
4265.9			1.0494575505059258
4266.8			1.0158150048986458
4267.7			0.9395880629724032
4268.6			0.8864445953678524
4269.5			0.8318943560044634
4270.4			0.7173310293622209
4271.3			0.5994058943185908
4272.2			0.5927487529016199
4273.1			0.665790315350843
4274.0			0.6993607845043072
4274.9			0.7258620987638508
4275.8			0.834851726083507
4276.7			0.977346203667859
4277.6			1.0
4278.5			1.008478580442649
4279.4			0.9158984453959271
4280.3			0.8253016100870246
4281.2			0.8454870719946843
4282.1			0.9102585246727198
4283.0			0.9439780247284127
4283.9			0.9348774227808172
4284.8			0.8728372904336638
4285.7			0.8202363494925021
4286.6			0.8407576484880419
4287.5			0.8757916929079494
4288.4			0.8230915636776146
4289.3			0.710594546776828
4290.2			0.6661035927270524
4291.1			0.7312734650875218
4292.0			0.8418738111463536
4292.9			0.9128165657864609
4293.8			0.9081468490618695
4294.7			0.8808973755462715
4295.6			0.8640513136734782
4296.5			0.8310770309360941
4297.4			0.7684549401885998
4298.3			0.6791441476543517
4299.2			0.5841987682262754
4300.1			0.550824379309549
4301.0			0.5985633606744685
4301.9			0.6413710437537209
4302.8			0.6388377872275111
4303.7			0.6380186375028986
4304.6			0.6443046092544468
4305.5			0.6279168968789739
4306.4			0.5906516956356526
4307.3			0.5297909371737092
4308.2			0.48169861382778434
4309.1			0.4973974025544461
4310.0			0.5516171397791908
4310.9			0.6113853162443104
4311.8			0.6846179511206697
4312.7			0.7737734882025823
4313.6			0.8488955754635169
4314.5			0.946547886876997
4315.4			1.1309389707885826
4316.3			1.3223747588715051
4317.2			1.4069817970962566
4318.1			1.3929697628657838
4319.0			1.0
4319.9			0.9684907303138535
4320.8			0.9298041246814849
4321.7			0.8999547159319773
4322.6			0.8253472750755428
4323.5			0.6908013466307361
4324.4			0.5635806012781136
4325.3			0.5010934840302906
4326.2			0.5744736757951269
4327.1			0.7817681640682689
4328.0			0.9856985165715102
4328.9			1.0654181328158707
4329.8			1.0301827669967056
4330.7			0.9990509433475395
4331.6			1.0
4332.5			1.0394828495397186
4333.4			1.0490243405139885
4334.3			1.0759503312722174
4335.2			1.1228261825828736
4336.1			1.0799536950836668
4337.0			0.9240817792849667
4337.9			0.795406231464043
4338.8			0.7460517855934704
4339.7			0.7102612460060301
4340.6			0.7149365529679592
4341.5			0.8286119665600128
4342.4			0.9515789359710517
4343.3			0.977809154288092
4344.2			0.988645669522138
4345.1			1.0332596914863887
4346.0			1.0
4346.9			0.9642050182337213
4347.8			0.9785124731861169
4348.7			1.0528212581653624
4349.6			1.0613043905826107
4350.5			0.9267312087693415
4351.4			0.7667698318768631
4352.3			0.7424394174977594
4353.2			0.8302611472305299
4354.1			0.9028728955309023
4355.0			0.9245582402518945
4355.9			0.9641548242350781
4356.8			1.0219537135724595
4357.7			0.9998678259384799
4358.6			1.0
4359.5			1.0
4360.4			1.0
4361.3			1.0
4362.2			1.0
4363.1			1.0
4364.0			1.0
4364.9			1.0
4365.8			1.0
4366.7			1.0
4367.6			1.0
4368.5			1.0048043898108
4369.4			1.0454156735100835
4370.3			1.0588903396840963
4371.2			1.0585175861954461
4372.1			1.0427331751155573
4373.0			0.9723148883021988
4373.9			0.8703943540041568
4374.8			0.8115418890905036
4375.7			0.8463281603924081
4376.6			0.9652065196489045
4377.5			1.0800635991114804
4378.4			1.1190750179624975
4379.3			1.0901470925562502
4380.2			1.037783597242798
4381.1			0.9755843989608869
4382.0			0.8376551222968345
4382.9			0.6170894679931884
4383.8			0.4860970717543001
4384.7			0.5700681789046779
4385.6			0.771507746583625
4386.5			0.9141644800726295
4387.4			0.947358185056336
4388.3			0.9317951109826337
4389.2			0.8961007215419489
4390.1			0.8577971906369163
4391.0			0.8671538295737306
4391.9			0.9227562037172696
4392.8			0.9623782707959129
4393.7			0.9440915161666288
4394.6			0.9068136348864521
4395.5			0.9369600309891607
4396.4			1.0397751091452214
4397.3			1.0
4398.2			0.9823758106015567
4399.1			0.9030190363189471
4400.0			0.8266912661298383
4400.9			0.8409819020902553
4401.8			0.9235250833719515
4402.7			0.9257973013149462
4403.6			0.7862346203434671
4404.5			0.6421094562363644
4405.4			0.6470295852751725
4406.3			0.7462265989275167
4407.2			0.7835485245526866
4408.1			0.76088059769644
4409.0			0.798465021402842
4409.9			0.908778940741975
4410.8			1.0
4411.7			1.038335840404106
4412.6			1.0375647955471827
4413.5			0.9631758107267051
4414.4			0.8273043449090427
4415.3			0.7530620469795808
4416.2			0.7957723001865117
4417.1			0.8765211263767997
4418.0			0.9427866337717391
4418.9			1.0017627110889438
4419.8			1.0
4420.7			1.0
4421.6			1.0
4422.5			1.0
4423.4			1.0
4424.3			1.0
4425.2			1.0
4426.1			1.0
4427.0			1.0
4427.9			1.0
4428.8			1.0
4429.7			1.0
4430.6			0.9734345160270204
4431.5			1.0294224531221796
4432.4			1.0467370797534714
4433.3			0.9716675192493609
4434.2			0.8589817477140017
4435.1			0.793465621544632
4436.0			0.8248993226053816
4436.9			0.9076492897634701
4437.8			0.9797324637079479
4438.7			1.0144090814063298
4439.6			0.9832190985773478
4440.5			1.0
4441.4			1.0
4442.3			1.0
4443.2			0.9998820849216375
4444.1			1.0750190030695412
4445.0			1.1729094205618262
4445.9			1.2170271355405924
4446.8			1.1947278861991324
4447.7			1.1798127809242958
4448.6			1.1786468159311867
4449.5			1.1386059119250025
4450.4			1.1041263192148132
4451.3			1.1183537288751126
4452.2			1.124529099872614
4453.1			1.0834516866337285
4454.0			1.0001925696914307
4454.9			0.9296262487355803
4455.8			0.9264048449228158
4456.7			0.9582548451330355
4457.6			0.9568796315663206
4458.5			0.9291158090566173
4459.4			0.9042018105431404
4460.3			0.8747394897576568
4461.2			0.8277619222841338
4462.1			0.842070580346507
4463.0			0.9432098713806575
4463.9			1.0126963850351116
4464.8			1.0023931224398355
4465.7			0.981840772555171
4466.6			0.9730414499081346
4467.5			0.9672245909482495
4468.4			0.9407436732829731
4469.3			0.9183917930711997
4470.2			0.9297719910823034
4471.1			0.9589631596903592
4472.0			0.9948048053370874
4472.9			1.041790215161469
4473.8			1.0770671801405864
4474.7			1.0747603816776279
4475.6			1.0
4476.5			1.0328500264994642
4477.4			1.0513513928754201
4478.3			1.0111761933629244
4479.2			0.9258684665118079
4480.1			0.8410317980738894
4481.0			0.8030042341032497
4481.9			0.8076739601797055
4482.8			0.8593200828175424
4483.7			0.9307734296407975
4484.6			1.0
4485.5			1.0249820138164514
4486.4			1.0184318993812935
4487.3			0.9632765737449509
4488.2			0.8816520260001011
4489.1			0.8231867386587284
4490.0			0.8225048966285905
4490.9			0.8727206515043578
4491.8			0.9187384359362566
4492.7			0.914990102510601
4493.6			0.8533198402877611
4494.5			0.7856624574627497
4495.4			0.767964663691565
4496.3			0.7970741599287983
4497.2			0.8523189353122282
4498.1			0.9095366535148098
4499.0			0.9458218209835935
4499.9			0.9402129324270548
4500.8			0.890461162919436
4501.7			0.8720956628744376
4502.6			0.9353620377069963
4503.5			1.0069042414375025
4504.4			1.022870954696126
4505.3			1.0029840192090163
4506.2			1.0
4507.1			1.0
4508.0			1.0
4508.9			1.0
4509.8			1.0
4510.7			1.0
4511.6			1.0
4512.5			1.0
4513.4			0.9757747005210011
4514.3			0.9666448969123376
4515.2			0.9808882163758069
4516.1			0.9983199253659507
4517.0			0.9817229077789056
4517.9			0.9557191454298234
4518.8			0.9718956189698817
4519.7			1.0276130947689535
4520.6			1.073635016513037
4521.5			1.0596923268043468
4522.4			0.9924109081088357
4523.3			0.9577391435616347
4524.2			0.9643937270912
4525.1			0.9399269554214983
4526.0			0.8894025959360488
4526.9			0.845413988760897
4527.8			0.8118262211248173
4528.7			0.8021786544356239
4529.6			0.8248730721179567
4530.5			0.8606347353980451
4531.4			0.9108773044065451
4532.3			0.9526718851668655
4533.2			0.930846591943282
4534.1			0.872666471190459
4535.0			0.8370461673653815
4535.9			1.0
4536.8			1.1333288136220696
4537.7			1.2278598241792442
4538.6			1.2061459998493513
4539.5			1.130686638280152
4540.4			1.0725867617590694
4541.3			1.0694174125200486
4542.2			1.1170486123659868
4543.1			1.1441391851913352
4544.0			1.1003347086017876
4544.9			1.0517560708037528
4545.8			1.0661465615074517
4546.7			1.1025157548093065
4547.6			1.1022499691847352
4548.5			1.0586576554850156
4549.4			1.0288962101478412
4550.3			1.0612238714989755
4551.2			1.0927695015036352
4552.1			1.0642812849382166
4553.0			1.0171495463973113
4553.9			0.9867113800936386
4554.8			0.9872151522654901
4555.7			1.0354298675917826
4556.6			1.1097657862222559
4557.5			1.1610674045044802
4558.4			1.1702627205204517
4559.3			1.1482688589891399
4560.2			1.0
4561.1			1.0080324480312084
4562.0			1.0089024563486797
4562.9			0.9576454167895743
4563.8			0.8886802777662383
4564.7			0.8489830666698533
4565.6			0.8606358318141578
4566.5			0.9266089186386608
4567.4			0.9916651319037866
4568.3			1.0018817927681167
4569.2			1.118216369946142
4570.1			1.0
4571.0			0.9295911214397977
4571.9			0.9208674618866394
4572.8			0.9972884549439046
4573.7			1.0431670754308955
4574.6			1.0263967727068575
4575.5			1.012244207623834
4576.4			1.0169945344020237
4577.3			1.008406754161784
4578.2			1.0
4579.1			0.931053591176259
4580.0			0.8737743588525384
4580.9			0.875716392151398
4581.8			0.9236992396822482
4582.7			0.9558225630046875
4583.6			0.9569525065736354
4584.5			0.9458009316144537
4585.4			0.9212438472310764
4586.3			0.9184688067595267
4587.2			0.9710746696757959
4588.1			1.035156483227207
4589.0			1.0619229943627937
4589.9			1.0475269653610488
4590.8			1.0021782556462284
4591.7			0.9531745995124588
4592.6			0.9310547003432098
4593.5			0.9212425677344089
4594.4			0.9018847077149764
4595.3			0.8928123445848156
4596.2			0.8992666827729018
4597.1			0.9063178030814962
4598.0			0.9263385772418412
4598.9			0.9489677049025312
4599.8			0.9292500796824417
4600.7			0.9052090685105296
4601.6			0.9257846794842949
4602.5			0.943816662182052
4603.4			0.9405544977406745
4604.3			0.9273411872405505
4605.2			0.9117901327771128
4606.1			0.9291566199041513
4607.0			0.9848317514173972
4607.9			1.0491345004092136
4608.8			1.0934931997817618
4609.7			1.0844294127270115
4610.6			1.035172552106044
4611.5			0.9992681928202215
4612.4			1.0
4613.3			1.0
4614.2			1.0
4615.1			1.0
4616.0			1.0
4616.9			1.0
4617.8			1.0
4618.7			1.0
4619.6			1.0
4620.5			1.0
4621.4			1.0
4622.3			1.0
4623.2			1.0
4624.1			1.0
4625.0			1.0
4625.9			1.0
4626.8			1.0
4627.7			1.0
4628.6			1.0
4629.5			1.0
4630.4			1.0
4631.3			1.0402782374232007
4632.2			1.0158502115045767
4633.1			0.9631866343373042
4634.0			0.9511047474440819
4634.9			0.9597205302983811
4635.8			0.9582152081817825
4636.7			0.9386151481773307
4637.6			0.9179242610505128
4638.5			0.9087126107635295
4639.4			0.898393874608656
4640.3			0.918452821496844
4641.2			0.9761674051786712
4642.1			1.0072356994514207
4643.0			0.9872781994465549
4643.9			0.9661959276387279
4644.8			0.9363980667727025
4645.7			0.8736022565204401
4646.6			0.8254572272778614
4647.5			0.8294819718737629
4648.4			0.8695611709029817
4649.3			0.9174198305127483
4650.2			0.9641190815436513
4651.1			1.0
4652.0			1.0041422156636206
4652.9			1.0
4653.8			0.9578461574990884
4654.7			0.9087230317817636
4655.6			0.8941344721484338
4656.5			0.9096132751099871
4657.4			0.9739336842954891
4658.3			1.0602899389538925
4659.2			1.1215413344639003
4660.1			1.1305939703979897
4661.0			1.0872223047978118
4661.9			1.0240036047877192
4662.8			0.976435187940434
4663.7			0.9698173881819264
4664.6			0.9913340751503463
4665.5			0.9658426226429682
4666.4			0.8747262436043518
4667.3			0.8041849594559964
4668.2			0.828188718081035
4669.1			0.9123656932630797
4670.0			0.9890735610041888
4670.9			1.0436178115713832
4671.8			1.0706579062484383
4672.7			1.0580915003424818
4673.6			1.034900746037151
4674.5			1.036750367700511
4675.4			1.0
4676.3			1.0477170401861342
4677.2			1.0427094567038695
4678.1			1.0011461245487372
4679.0			0.9572593642266963
4679.9			0.9189968032972555
4680.8			0.8929542262335234
4681.7			0.8942945498562886
4682.6			0.9426429803964835
4683.5			0.9977869143864426
4684.4			1.0
4685.3			0.988727556339004
4686.2			0.9699682791288299
4687.1			0.9466277676618017
4688.0			0.938779750756483
4688.9			0.9513569728924682
4689.8			0.9564418249799166
4690.7			0.9408900721607647
4691.6			0.9369807664488219
4692.5			0.9550000219321895
4693.4			0.9763169114602827
4694.3			0.9999661810585417
4695.2			1.028892774856033
4696.1			1.03821554950981
4697.0			1.0015104878263663
4697.9			0.9290765545116272
4698.8			0.8841444921900783
4699.7			0.9012144619058597
4700.6			0.9223778231892586
4701.5			0.9191603107213739
4702.4			0.9047595374033515
4703.3			0.903562236989662
4704.2			0.9330587232411516
4705.1			0.9627375691057455
4706.0			0.9556124060905723
4706.9			0.9241830262161991
4707.8			0.8997151589073038
4708.7			0.8893669136797174
4709.6			0.901187406701296
4710.5			0.948935185305654
4711.4			0.9960143881457569
4712.3			0.9999751695301743
4713.2			1.0
4714.1			1.0
4715.0			1.0
4715.9			1.0
4716.8			1.047534621474647
4717.7			1.0616837982532408
4718.6			1.0765310987963428
4719.5			1.0966199047912935
4720.4			1.0969806217087663
4721.3			1.072630026667561
4722.2			1.045760059314971
4723.1			1.0487702870090372
4724.0			1.082805009365688
4724.9			1.108974866734444
4725.8			1.0854186878549061
4726.7			0.9964415065913533
4727.6			0.9032759866381642
4728.5			0.8752197356886107
4729.4			0.900525325243511
4730.3			0.931395727550091
4731.2			0.9507095889151395
4732.1			0.9726649196147229
4733.0			0.9909175128379043
4733.9			1.0066449529932273
4734.8			1.0276003532512956
4735.7			1.0183017143189121
4736.6			0.980686044424339
4737.5			0.9871056819982996
4738.4			1.0338372638433688
4739.3			1.0387680546150788
4740.2			1.0001531247416564
4741.1			1.0
4742.0			1.0
4742.9			1.0
4743.8			1.0
4744.7			1.0
4745.6			1.0
4746.5			1.0
4747.4			1.0
4748.3			1.0
4749.2			1.0
4750.1			1.0
4751.0			1.0
4751.9			1.0
4752.8			1.0
4753.7			1.0
4754.6			1.0
4755.5			1.0
4756.4			1.0
4757.3			1.0
4758.2			1.0115663619437854
4759.1			1.0354108232322974
4760.0			1.0547738449902295
4760.9			1.0335087388246327
4761.8			0.9856143862608227
4762.7			0.962413809762886
4763.6			0.9632744077900788
4764.5			0.9457582694519957
4765.4			0.9174190434336026
4766.3			0.9176315544701668
4767.2			0.9498934813705194
4768.1			0.996520086833287
4769.0			1.0446833502996424
4769.9			1.0678893366858708
4770.8			1.044759633283484
4771.7			1.0047544273722697
4772.6			0.9998562427821167
4773.5			1.0
4774.4			1.0
4775.3			1.004452295699568
4776.2			0.9909837266650035
4777.1			1.003059321640655
4778.0			1.0147681483794335
4778.9			1.0061087980577121
4779.8			0.9985647792795358
4780.7			0.9985226380834096
4781.6			0.9896053840772127
4782.5			0.9613464668979157
4783.4			0.9463749767620173
4784.3			0.9676578466073604
4785.2			0.971432916451335
4786.1			0.9392768237987479
4787.0			0.940620748665549
4787.9			0.9657573126254589
4788.8			0.9667442627755922
4789.7			0.9592962837962339
4790.6			0.9694433348243261
4791.5			0.9936181371831945
4792.4			1.0275684833939365
4793.3			1.0764590895354538
4794.2			1.0
4795.1			1.0098916112696787
4796.0			0.9911067929164984
4796.9			0.9619424943505102
4797.8			0.9261452038522242
4798.7			0.8927090969030799
4799.6			0.8861979251020472
4800.5			0.9152420981490973
4801.4			0.9713224539780795
4802.3			1.017901368458397
4803.2			1.0257340724358341
4804.1			0.9975831573705034
4805.0			1.0
4805.9			1.0
4806.8			1.0
4807.7			1.0
4808.6			1.0
4809.5			1.0
4810.4			1.0
4811.3			1.0
4812.2			1.0
4813.1			1.0
4814.0			1.0
4814.9			1.0
4815.8			1.0
4816.7			1.0
4817.6			1.0
4818.5			1.0
4819.4			1.0
4820.3			1.0
4821.2			1.0
4822.1			1.0
4823.0			1.0
4823.9			1.0
4824.8			1.0
4825.7			1.0
4826.6			1.0
4827.5			1.0
4828.4			1.0
4829.3			1.0
4830.2			1.0
4831.1			1.0
4832.0			1.0
4832.9			1.0
4833.8			1.0431776405065782
4834.7			1.0566352584215946
4835.6			1.0431029749099758
4836.5			1.0385376191085365
4837.4			1.032883944456824
4838.3			1.0045115999674583
4839.2			0.9581074775589592
4840.1			0.9320618945134054
4841.0			0.9476999879714378
4841.9			1.0
4842.8			0.980580824568073
4843.7			0.9793243720487453
4844.6			1.022601504097525
4845.5			1.0614954028976669
4846.4			1.0649902764140509
4847.3			1.0321230154986825
4848.2			0.9857201905151891
4849.1			0.984812096331655
4850.0			1.0281176089203135
4850.9			1.0417907664508586
4851.8			1.0282384153693258
4852.7			1.0303007943240425
4853.6			1.012142641057027
4854.5			0.9468905279265483
4855.4			0.8926562345260004
4856.3			0.9234176727351641
4857.2			0.9829897433681616
4858.1			0.9880894069419327
4859.0			0.9291861286919618
4859.9			0.8217278917457621
4860.8			0.7137805745955769
4861.7			0.713710876259881
4862.6			0.819877781159949
4863.5			0.8864674735002857
4864.4			0.9035881607191789
4865.3			0.9289169914752922
4866.2			0.9517852881770918
4867.1			0.9443965497900119
4868.0			1.0
4868.9			1.017170621995351
4869.8			1.0024196196885113
4870.7			0.9214157850330947
4871.6			0.8698785931250181
4872.5			0.9083731430615009
4873.4			0.9758031621825067
4874.3			0.9992234110861741
4875.2			0.9028681128193019
4876.1			0.9184548599492699
4877.0			0.94643465360787
4877.9			0.9602611439032869
4878.8			1.0
4879.7			1.0208665033747903
4880.6			0.9720166451932648
4881.5			0.9114771826489002
4882.4			0.9231529206835497
4883.3			0.9612919536164584
4884.2			0.9474917830028438
4885.1			0.8953820080797436
4886.0			0.8666582720678491
4886.9			0.8821015195697899
4887.8			0.909404635249292
4888.7			0.9132888180975294
4889.6			0.8934293651678544
4890.5			0.8380577390082422
4891.4			0.8289811650814274
4892.3			0.9251496667002076
4893.2			1.0296932139051937
4894.1			1.0819323569130241
4895.0			1.1080777719351935
4895.9			1.108795961227505
4896.8			1.10336660203996
4897.7			1.1055909079723016
4898.6			1.0772239199440254
4899.5			1.022424968697908
4900.4			1.0116310531236945
4901.3			1.0387783017162886
4902.2			1.0353582677327755
4903.1			1.0
4904.0			0.9928712833112402
4904.9			1.0318408186345442
4905.8			1.0745895723265033
4906.7			1.0659805709111219
4907.6			1.0138718232459092
4908.5			0.9601590472182248
4909.4			0.9144351136468543
4910.3			1.0
4911.2			1.0050369745420809
4912.1			1.0450103083717073
4913.0			1.0704034921305285
4913.9			1.0784818870908561
4914.8			1.104931893385682
4915.7			1.1264288941464753
4916.6			1.0984254810726717
4917.5			1.0093819561701274
4918.4			0.8936922271793005
4919.3			0.8036598481597446
4920.2			0.7685274563331873
4921.1			0.8130191370812886
4922.0			0.897122158779743
4922.9			0.9409947679757638
4923.8			0.918997998154788
4924.7			0.8863788083949093
4925.6			0.9063654583131125
4926.5			0.9508711367390875
4927.4			0.9681710518120624
4928.3			0.9797046601372685
4929.2			0.9955134902550654
4930.1			1.0
4931.0			0.9995462134335406
4931.9			0.9872555097246148
4932.8			0.925234132062123
4933.7			0.8658442846253542
4934.6			0.8900768877374275
4935.5			0.9379337226157174
4936.4			0.9245272214822744
4937.3			0.8669562049392338
4938.2			0.8097264761670286
4939.1			0.804321395958548
4940.0			0.8700781774398164
4940.9			0.950884601440639
4941.8			0.9802176554572504
4942.7			0.9889215650567791
4943.6			1.0091507861043272
4944.5			1.004728147405935
4945.4			0.9737948021537753
4946.3			0.9654497431563493
4947.2			1.0004952637961473
4948.1			1.0
4949.0			1.0
4949.9			1.0
4950.8			1.0
4951.7			1.0
4952.6			1.0
4953.5			1.0
4954.4			1.0
4955.3			0.9980016241380405
4956.2			0.9252639692178044
4957.1			0.7995204462232536
4958.0			0.7785989348943224
4958.9			0.8885078853955947
4959.8			0.9835256231477693
4960.7			1.0025316446460837
4961.6			1.0
4962.5			1.0
4963.4			1.0
4964.3			1.0
4965.2			1.0
4966.1			1.0
4967.0			1.0
4967.9			1.0
4968.8			1.0
4969.7			1.0
4970.6			1.0
4971.5			1.0
4972.4			1.0
4973.3			1.0
4974.2			1.0
4975.1			1.0
4976.0			1.0
4976.9			1.0
4977.8			0.9721120187006728
4978.7			0.9519074915567025
4979.6			1.0
4980.5			0.9951708268102846
4981.4			0.943654178230783
4982.3			0.8800033384172821
4983.2			0.8607736158910898
4984.1			0.889213075699216
4985.0			0.9262983510066158
4985.9			0.9605967347613915
4986.8			1.0072085348055682
4987.7			1.0377873188396574
4988.6			1.027342206526394
4989.5			0.9978850447883899
4990.4			0.9786566918712198
4991.3			0.9894319642706384
4992.2			1.024105877537339
4993.1			1.019757635650222
4994.0			0.9967569470465437
4994.9			1.008622765807119
4995.8			1.0225449653256427
4996.7			1.014315577198565
4997.6			1.0046748548055138
4998.5			0.985060063272958
4999.4			0.9448452539896293
5000.3			0.9227539016935242
5001.2			0.9341019591078076
5002.1			0.9471668558704959
5003.0			0.9473188558527785
5003.9			0.9357709023551183
5004.8			0.9053990996807231
5005.7			0.8677949201963523
5006.6			0.8710138373540111
5007.5			0.9318464546756388
5008.4			0.9924133792068071
5009.3			0.9995162538310559
5010.2			0.9727089070144591
5011.1			0.9394439387835547
5012.0			0.8837387109754298
5012.9			0.8370463740613242
5013.8			0.8234177543004768
5014.7			0.8453699078938481
5015.6			0.8913484874738004
5016.5			0.9147838196228422
5017.4			0.9000854984704958
5018.3			0.8850614289536642
5019.2			0.9022932403605518
5020.1			0.9178952996960761
5021.0			0.904962726202635
5021.9			0.8793548792387047
5022.8			0.8810236973577151
5023.7			0.9195704400801273
5024.6			0.9464689205573535
5025.5			0.9467887032922662
5026.4			0.926057894243719
5027.3			0.8927540872940266
5028.2			0.9020125304139024
5029.1			0.9494362523011521
5030.0			0.9731255632833846
5030.9			0.9813741012494379
5031.8			1.0
5032.7			1.0415579165749824
5033.6			1.0585076405819949
5034.5			1.0190011088984137
5035.4			0.9425168153179995
5036.3			0.9086206150359145
5037.2			0.941515518734137
5038.1			0.9560321743054668
5039.0			0.9094592725992026
5039.9			0.8302710705848789
5040.8			0.7654319795487026
5041.7			0.8002011031622743
5042.6			1.0
5043.5			1.0914108769574846
5044.4			1.1278617430603686
5045.3			1.1556000670447177
5046.2			1.1658225056509046
5047.1			1.1157336315308872
5048.0			1.0191586422569643
5048.9			0.9485606170391502
5049.8			0.9365394916348873
5050.7			0.9458189230978759
5051.6			0.9445180004785422
5052.5			0.9505056717124414
5053.4			0.979910941350113
5054.3			1.011910972301833
5055.2			1.0184539648145685
5056.1			1.0031837190039103
5057.0			1.0
5057.9			1.0
5058.8			1.0
5059.7			1.0065970190425437
5060.6			1.0264877875680436
5061.5			1.04281088118701
5062.4			1.0352863557161212
5063.3			0.9933072341863848
5064.2			0.9182220391117358
5065.1			0.8808025392009328
5066.0			0.9112136204091192
5066.9			0.9416552374879131
5067.8			0.9387540779314107
5068.7			0.944023994757645
5069.6			0.9811961382510912
5070.5			1.003689702837947
5071.4			1.0
5072.3			1.0
5073.2			1.019729922619134
5074.1			1.0494117379152688
5075.0			1.039214819241564
5075.9			1.0200144546243362
5076.8			1.0300703536859146
5077.7			1.0264757662286075
5078.6			0.9510188973043605
5079.5			0.85636366000088
5080.4			0.8421411258586023
5081.3			0.897233901948756
5082.2			0.9363792678574206
5083.1			0.9406014261806741
5084.0			0.9558043095620684
5084.9			0.9891928671496374
5085.8			1.0096740556274137
5086.7			1.005633050696703
5087.6			1.0011738312965672
5088.5			1.0
5089.4			1.0
5090.3			1.0
5091.2			1.0
5092.1			1.0
5093.0			1.0
5093.9			1.0110225287079018
5094.8			0.9958362974890267
5095.7			0.9731359517979
5096.6			0.9451175957527502
5097.5			0.9062271402795801
5098.4			0.8657706222116489
5099.3			0.8694068402308228
5100.2			0.933997117848963
5101.1			1.0012889045945124
5102.0			1.0287021537655294
5102.9			1.020029483301086
5103.8			1.0048789144391055
5104.7			1.004133667775999
5105.6			1.0
5106.5			1.0
5107.4			1.0
5108.3			1.0
5109.2			1.0
5110.1			1.0
5111.0			1.0
5111.9			1.0
5112.8			1.0072367051981472
5113.7			1.0119596036080045
5114.6			1.0223677951110517
5115.5			1.0261193653835634
5116.4			1.041393152563428
5117.3			1.0647245769072873
5118.2			1.0714579677967349
5119.1			1.0594587845970025
5120.0			1.032541447437524
5120.9			0.9987082291099555
5121.8			0.9589576445408184
5122.7			1.0
5123.6			0.9506498445803857
5124.5			0.9564094255658934
5125.4			0.9909043556168013
5126.3			1.006127172478719
5127.2			0.998434097327209
5128.1			0.98619066183635
5129.0			0.9772555649659166
5129.9			0.9874198261879177
5130.8			1.0184052498667295
5131.7			1.044554244877268
5132.6			1.0548388038347762
5133.5			1.0607790904124725
5134.4			1.0842458641139805
5135.3			1.097587203732244
5136.2			1.0628188318028702
5137.1			1.0135245805399837
5138.0			0.9772969721534829
5138.9			0.9472394264112441
5139.8			0.9629878730209697
5140.7			1.0027368205062295
5141.6			0.9738327649365125
5142.5			0.9194394436674512
5143.4			0.9375140045443163
5144.3			0.9743300236086502
5145.2			0.9638815469558408
5146.1			0.9382541329596572
5147.0			0.9281156912209281
5147.9			0.9382027152692116
5148.8			0.9614355872448974
5149.7			0.9620219822923748
5150.6			0.933219066531461
5151.5			0.9119473177977522
5152.4			0.9086613991446616
5153.3			0.9091586305807999
5154.2			0.9203207428119724
5155.1			0.9511165366736676
5156.0			0.986618781411697
5156.9			1.0169764526542877
5157.8			1.026717135961887
5158.7			1.0150310685251636
5159.6			1.0135067477834008
5160.5			1.0228169536713114
5161.4			1.0007987337786153
5162.3			1.0
5163.2			0.9866300935253614
5164.1			0.9635216385698135
5165.0			0.8906200564964304
5165.9			0.7804225731159893
5166.8			0.6783413923071666
5167.7			0.65279318573883
5168.6			0.7385215303954636
5169.5			0.8681556535513459
5170.4			0.9047695762015661
5171.3			0.7865843537050772
5172.2			0.6425613402640222
5173.1			0.6588373479434693
5174.0			0.8333024264514227
5174.9			0.9931274073212519
5175.8			1.0496702420164539
5176.7			1.0613012772811825
5177.6			1.0
5178.5			1.004098851996689
5179.4			0.9876998847207289
5180.3			0.9561716045741598
5181.2			0.8950845660590129
5182.1			0.7664051818130795
5183.0			0.610470983764633
5183.9			0.5843375250750085
5184.8			0.7285156275175532
5185.7			1.0
5186.6			1.0884526143060538
5187.5			1.0889867751116054
5188.4			1.0710976425534884
5189.3			1.0906456024523261
5190.2			1.086535981722717
5191.1			0.9936442766626037
5192.0			0.8878386157527719
5192.9			0.8795312459894229
5193.8			0.9252859100141217
5194.7			0.9355988114755178
5195.6			0.9251941412022614
5196.5			0.9412240476910492
5197.4			0.9661171251175652
5198.3			0.9838015432326392
5199.2			0.9954303153672438
5200.1			1.0
5201.0			0.9966565634635118
5201.9			0.983939446488205
5202.8			0.9781152989347867
5203.7			0.9464440374005196
5204.6			0.8780965227273977
5205.5			0.8353465479243459
5206.4			0.8422149209317749
5207.3			0.8345993319799948
5208.2			0.8037193750566306
5209.1			0.8241756227167948
5210.0			0.881065215018109
5210.9			0.9448326677866027
5211.8			1.0102948505276763
5212.7			1.0588231627743816
5213.6			1.073333313808652
5214.5			1.0447859784455442
5215.4			0.9995654357402147
5216.3			1.0
5217.2			1.0
5218.1			1.0
5219.0			1.0
5219.9			1.0
5220.8			1.0
5221.7			0.9946735706913992
5222.6			0.9657926809746481
5223.5			0.915810717799404
5224.4			0.8574685652293261
5225.3			0.8022929580859652
5226.2			0.7563188241505803
5227.1			0.7690026452227009
5228.0			0.8620397532712857
5228.9			0.9475055829835924
5229.8			0.9820317215448948
5230.7			1.0001479456971576
5231.6			1.0
5232.5			1.0
5233.4			1.0
5234.3			1.0
5235.2			1.0
5236.1			1.0
5237.0			1.0
5237.9			1.0
5238.8			1.0
5239.7			0.9995258210837882
5240.6			1.0150469588700242
5241.5			1.021996751186709
5242.4			1.016077414747242
5243.3			1.0251353871730515
5244.2			1.0532088616685906
5245.1			1.0501072868359058
5246.0			0.9820520224189669
5246.9			0.9065243088539079
5247.8			0.9057515521811073
5248.7			0.9399139246670409
5249.6			0.924864200629129
5250.5			0.8983910341534987
5251.4			0.9227607038582762
5252.3			0.9690774632292218
5253.2			0.9935527422399262
5254.1			1.0
5255.0			0.9638989599107336
5255.9			1.0053041369444158
5256.8			1.0852299119974518
5257.7			1.1367959711465907
5258.6			1.1473278068198793
5259.5			1.121219110066234
5260.4			1.0768668305067945
5261.3			1.0142893537564472
5262.2			0.9445341682804353
5263.1			0.8895090077578579
5264.0			0.8547273173845713
5264.9			0.8241860685741664
5265.8			0.8178426940496207
5266.7			0.8842494662718872
5267.6			0.9386678804905755
5268.5			0.8577741754670111
5269.4			0.7368178274031364
5270.3			0.7634657742381891
5271.2			0.9103318268648404
5272.1			1.0097496005547992
5273.0			1.0226676606489091
5273.9			1.0091656703775795
5274.8			0.9843907346798146
5275.7			0.9871709468414416
5276.6			1.0591954992912969
5277.5			1.0
5278.4			1.0208891410160104
5279.3			0.9900644360247335
5280.2			0.9431919942577275
5281.1			0.9084789330099438
5282.0			0.8861647861571176
5282.9			0.8662952195638086
5283.8			0.8636858466928489
5284.7			0.9179971748381878
5285.6			0.9923687055536992
5286.5			1.0259279265610493
5287.4			1.0134157811944897
5288.3			1.0
5289.2			1.0039663503105807
5290.1			1.0208702720909366
5291.0			1.024283179232637
5291.9			1.0007326872498072
5292.8			0.9713757402338128
5293.7			0.9634318631633413
5294.6			0.9579612610924584
5295.5			0.9263944235631041
5296.4			0.8594146394884858
5297.3			0.7910954607988584
5298.2			0.7903728482896848
5299.1			0.8557934359829704
5300.0			0.8947229484167629
5300.9			0.8874260316488771
5301.8			0.8820389649534316
5302.7			0.9098577847438564
5303.6			0.959022541004859
5304.5			0.9944440235263388
5305.4			0.9993409881609141
5306.3			1.0
5307.2			1.0
5308.1			1.0
5309.0			1.0
5309.9			1.0
5310.8			1.0
5311.7			1.0
5312.6			1.0
5313.5			1.0
5314.4			1.0
5315.3			1.0
5316.2			1.0
5317.1			1.0
5318.0			1.0
5318.9			1.0
5319.8			0.9960241890703161
5320.7			0.9940150837308818
5321.6			0.9867362013972503
5322.5			0.9675057879198506
5323.4			0.9323082435400473
5324.3			0.9197042695575984
5325.2			0.9420793125195484
5326.1			0.9266125594736906
5327.0			0.8203841449947
5327.9			0.6996391970288558
5328.8			0.7105810333125779
5329.7			0.8322030044035728
5330.6			0.9331505870039066
5331.5			0.9560047616366716
5332.4			0.9402499188646736
5333.3			0.9500052825098366
5334.2			0.9946643947897917
5335.1			1.0157343898261295
5336.0			1.0
5336.9			0.9854996671158494
5337.8			0.9902004447264885
5338.7			0.9724721106794477
5339.6			0.9097765343530644
5340.5			0.8677965346742521
5341.4			0.9038333991288036
5342.3			0.962639998021457
5343.2			0.9929627684070459
5344.1			0.999746678735447
5345.0			1.0
5345.9			1.0
5346.8			1.0
5347.7			1.0
5348.6			1.0
5349.5			1.0
5350.4			1.0
5351.3			1.0
5352.2			1.0
5353.1			1.0
5354.0			1.0
5354.9			1.0
5355.8			1.0
5356.7			1.0
5357.6			1.0
5358.5			1.0
5359.4			1.0
5360.3			1.0
5361.2			1.0
5362.1			1.0
5363.0			1.0061972902165541
5363.9			1.00228102050747
5364.8			0.9812489356805215
5365.7			0.9774471343610721
5366.6			0.9793512135448211
5367.5			0.976261736552276
5368.4			0.9648799535340069
5369.3			0.9155116257554844
5370.2			0.8501717801319165
5371.1			0.821240113447743
5372.0			0.8734205339899789
5372.9			0.962634978265254
5373.8			1.0153049148939874
5374.7			1.0350144830725467
5375.6			1.0305963221232273
5376.5			1.009482088996032
5377.4			0.9962590794200116
5378.3			1.0006385574626375
5379.2			0.9997043021116157
5380.1			1.0
5381.0			1.0
5381.9			0.9989011065411194
5382.8			0.9960728120540323
5383.7			1.0033010815414551
5384.6			1.0243766969005663
5385.5			1.0287252399775053
5386.4			1.019818359189889
5387.3			1.0119257553488235
5388.2			0.9979415159710355
5389.1			0.9791220419166116
5390.0			0.9658595717624539
5390.9			0.9616284776568463
5391.8			0.964079813295122
5392.7			0.9646350392291959
5393.6			0.9578982524621806
5394.5			0.956115589778514
5395.4			0.9421024099725087
5396.3			0.8885828458368841
5397.2			0.8659912303130187
5398.1			0.9250385202531322
5399.0			0.9871509200607591
5399.9			0.9924292666300509
5400.8			0.9926288645943403
5401.7			1.0173091165531651
5402.6			1.0169845458984448
5403.5			0.9602266541577303
5404.4			0.8840750001397762
5405.3			0.8402586410275336
5406.2			0.8600479354318913
5407.1			0.9234675658648926
5408.0			0.9622863592412407
5408.9			0.9480540662977955
5409.8			0.9321753062331524
5410.7			0.9707353795563193
5411.6			1.030689809989211
5412.5			1.0682477230295675
5413.4			1.0708842562654706
5414.3			1.057294288455844
5415.2			1.0616167316875547
5416.1			1.0898056792078645
5417.0			1.1095542954747906
5417.9			1.1045544037725967
5418.8			1.0787504943521142
5419.7			1.0
5420.6			0.9847054005008402
5421.5			1.0123794738983647
5422.4			1.0254662712615714
5423.3			0.9886136869915438
5424.2			0.958215032434657
5425.1			0.9800539281183175
5426.0			1.022689588475692
5426.9			1.0422177029924533
5427.8			1.0054272332962098
5428.7			0.9092511353412791
5429.6			0.8566722928978396
5430.5			0.9039386311428531
5431.4			0.944205199487445
5432.3			0.923387808419502
5433.2			0.887094471499569
5434.1			0.8616413828532848
5435.0			0.8553310186904942
5435.9			0.8694184759909963
5436.8			0.904028581754558
5437.7			0.958172732896596
5438.6			1.0009058803139643
5439.5			1.0
5440.4			1.0
5441.3			1.0
5442.2			1.0
5443.1			0.9975541758430134
5444.0			0.9710882991679934
5444.9			0.918369197899282
5445.8			0.8507827503642155
5446.7			0.8193891745943954
5447.6			0.8728297670345009
5448.5			0.954403326015317
5449.4			0.9961204407016981
5450.3			0.9997893676129546
5451.2			1.0
5452.1			0.9908852112576919
5453.0			0.9721500599422334
5453.9			0.9236768733587515
5454.8			0.862358437172875
5455.7			0.8528207072884139
5456.6			0.9158908740220357
5457.5			0.9816492209029077
5458.4			1.010875651760943
5459.3			0.9995707944346035
5460.2			1.0
5461.1			0.9745750859264423
5462.0			0.9445149438066301
5462.9			0.9217456210340778
5463.8			0.9463531747311438
5464.7			0.9855870029813991
5465.6			0.9965814306425113
5466.5			0.9893864175057601
5467.4			0.9946502967773675
5468.3			0.9991633458352439
5469.2			0.9784142902102271
5470.1			0.9497133399811195
5471.0			0.9519719971027621
5471.9			0.9621301478157392
5472.8			0.9474967799631708
5473.7			0.9367433271894711
5474.6			0.9409313761927826
5475.5			0.9039334038940763
5476.4			0.845428837459786
5477.3			0.8640947307440076
5478.2			0.9412587718739196
5479.1			0.9834604365692895
5480.0			0.9541735598174631
5480.9			0.8981902403171319
5481.8			0.8866982858675978
5482.7			0.9175067169441702
5483.6			0.9627095972563796
5484.5			1.0102975909680874
5485.4			1.0249278220835212
5486.3			0.9937233307494303
5487.2			0.9497845856292836
5488.1			0.9469934792038438
5489.0			0.9683999898477262
5489.9			0.972893031722604
5490.8			0.9845098618338186
5491.7			1.0002301439531276
5492.6			1.0
5493.5			1.0
5494.4			1.0
5495.3			1.0
5496.2			1.0
5497.1			1.0
5498.0			1.0
5498.9			1.0
5499.8			1.0
5500.7			1.0
5501.6			1.0
5502.5			1.0
5503.4			1.0
5504.3			1.0
5505.2			0.9746862685129202
5506.1			0.9370206967982225
5507.0			0.948073307630068
5507.9			0.9916932974099796
5508.8			1.0061702733017368
5509.7			0.9926085635139551
5510.6			0.9690662947663926
5511.5			0.9276780139288725
5512.4			0.8934516886111745
5513.3			0.8948472005805485
5514.2			1.0
5515.1			1.0228338127216876
5516.0			1.037093420371766
5516.9			1.0474685496467118
5517.8			1.0801438078306926
5518.7			1.1016450984187962
5519.6			1.0958829904462906
5520.5			1.0796916203121925
5521.4			1.0680427581778242
5522.3			1.0593792044344728
5523.2			1.055520034843433
5524.1			1.0555507272080702
5525.0			1.0435500092586734
5525.9			1.020336619968356
5526.8			0.9860333095036992
5527.7			0.9499696858542382
5528.6			0.9459136482101029
5529.5			0.9838357720681604
5530.4			1.014547543316825
5531.3			1.0166238683046576
5532.2			1.005673600168559
5533.1			0.996316976307087
5534.0			0.9842292919059958
5534.9			0.9670273274821006
5535.8			0.9670057191659406
5536.7			0.9766554137054773
5537.6			0.9733232346318803
5538.5			0.9774998654801199
5539.4			1.0008092849813326
5540.3			1.0203436870229485
5541.2			1.0216270454194754
5542.1			0.9994823398032578
5543.0			1.0
5543.9			1.0
5544.8			1.0
5545.7			1.0
5546.6			1.0
5547.5			1.0
5548.4			1.0
5549.3			1.0
5550.200000000001			1.0
5551.1			1.0
5552.0			1.0
5552.9			1.0
5553.8			1.0
5554.700000000001			1.0
5555.6			1.0
5556.5			1.0
5557.4			1.0
5558.3			1.0
5559.200000000001			1.0
5560.1			1.0
5561.0			1.0
5561.9			1.0
5562.8			1.0
5563.700000000001			1.0
5564.6			1.0
5565.5			1.0
5566.4			1.0
5567.3			1.0
5568.200000000001			1.0
5569.1			1.0
5570.0			1.0
5570.9			1.0
5571.8			1.0
5572.700000000001			1.0
5573.6			1.0
5574.5			1.0295083352930583
5575.4			1.0304602135136418
5576.3			1.0268223630851439
5577.200000000001			1.0357564642801658
5578.1			1.0358715901167364
5579.0			1.0352249156794715
5579.9			1.046462838903631
5580.8			1.0444822189058283
5581.700000000001			1.0321229737989488
5582.6			1.0318554305095433
5583.5			1.035310130100236
5584.4			1.0259293935382654
5585.3			1.0036170199669947
5586.200000000001			0.9683867060524104
5587.1			0.9291807539176371
5588.0			0.9141617313869088
5588.9			0.9296343945221821
5589.8			0.9622089798909745
5590.700000000001			0.9926311406941067
5591.6			1.002535503608831
5592.5			0.9989102322627429
5593.4			0.990021037684154
5594.3			0.9964645578808814
5595.200000000001			1.0
5596.1			1.0438595327350577
5597.0			1.0262207915692039
5597.9			0.9740114957730202
5598.8			0.9533380329135878
5599.700000000001			0.9540774790522809
5600.6			0.9383457196696693
5601.5			0.9118701311283716
5602.4			0.8985252004691254
5603.3			0.9245852640424137
5604.200000000001			0.9782141588452542
5605.1			1.0123806945926297
5606.0			1.0184173344821035
5606.9			1.0
5607.8			0.9995776181019427
5608.700000000001			0.9969316043310187
5609.6			0.99263936253424
5610.5			0.9961486271957571
5611.4			1.0091028671015017
5612.3			1.0177362439356603
5613.200000000001			0.9979023017818167
5614.1			0.9273661904386002
5615.0			0.8545296077547937
5615.9			0.8604933950376531
5616.8			0.9230617449394514
5617.700000000001			0.96178597378259
5618.6			0.9610977476089007
5619.5			1.0
5620.4			1.0078786583904424
5621.3			1.0261579868598452
5622.200000000001			1.0252726334092972
5623.1			0.980305377919123
5624.0			0.9152443584487882
5624.9			0.8925767699742359
5625.8			0.9190032949361018
5626.700000000001			0.9461900410959692
5627.6			0.9581398996075563
5628.5			0.9750140785810879
5629.4			0.9980883002048733
5630.3			1.0
5631.200000000001			1.0
5632.1			1.0
5633.0			1.0
5633.9			1.0
5634.8			1.0
5635.700000000001			1.0
5636.6			1.0
5637.5			1.0
5638.4			1.0
5639.3			1.0
5640.200000000001			1.0
5641.1			1.0
5642.0			1.0
5642.9			1.0
5643.8			1.0
5644.700000000001			1.0
5645.6			1.0
5646.5			1.0
5647.4			1.0
5648.3			0.9944442883590069
5649.200000000001			0.986549673928392
5650.1			0.9937140005678944
5651.0			1.0121689585441629
5651.9			1.0290607480426333
5652.8			1.034091571928644
5653.700000000001			1.0111204617736578
5654.6			0.9833058011499722
5655.5			0.9880730560336874
5656.4			0.9915382866307536
5657.3			0.9410487626154986
5658.200000000001			0.8860108752203666
5659.1			0.9010823996440295
5660.0			0.9614072775727528
5660.9			0.9899304874650994
5661.8			0.9735391989275148
5662.700000000001			0.968721314826359
5663.6			1.0023679357284596
5664.5			1.039841341708084
5665.4			1.052301020791828
5666.3			1.033726004464625
5667.200000000001			1.005264849028682
5668.1			0.9988133845119407
5669.0			1.0
5669.9			1.0
5670.8			1.0
5671.700000000001			1.0
5672.6			1.0
5673.5			1.0
5674.4			1.0
5675.3			1.0
5676.200000000001			1.0
5677.1			1.0
5678.0			1.0
5678.9			1.0
5679.8			1.0
5680.700000000001			1.0
5681.6			1.0
5682.5			1.0
5683.4			1.0
5684.3			1.0
5685.200000000001			1.0
5686.1			1.0
5687.0			1.0
5687.9			1.0
5688.8			1.0
5689.700000000001			1.0
5690.6			1.0090423640905373
5691.5			1.0186720951522568
5692.4			1.0347137462605256
5693.3			1.0397976471821597
5694.200000000001			1.0310852001955377
5695.1			1.0198803021367513
5696.0			1.016693410549602
5696.9			1.007186355472491
5697.8			0.9790442208679894
5698.700000000001			0.9601437502032334
5699.6			0.9588476094948629
5700.5			0.9463214505409886
5701.4			0.9277917211221378
5702.3			0.932429118719495
5703.200000000001			0.958376199703512
5704.1			0.9824488097111347
5705.0			0.9782778173189802
5705.9			0.9507843238957081
5706.8			0.9291149677195446
5707.700000000001			0.9082558726121199
5708.6			0.8861889756463457
5709.5			0.8883348138481431
5710.4			0.9017780040997887
5711.3			0.9005341850762277
5712.200000000001			0.9168141204802813
5713.1			0.9668912615641458
5714.0			1.001596788514643
5714.9			1.0026152367034882
5715.8			1.0060655214850618
5716.700000000001			1.016645781379438
5717.6			1.0225586044425103
5718.5			1.0305949974693607
5719.4			1.033368363676702
5720.3			1.0342587827661278
5721.200000000001			1.0449923982340563
5722.1			1.0584092956295033
5723.0			1.0649091928092123
5723.9			1.0648441690660533
5724.8			1.0566559257376225
5725.700000000001			1.0321058896283326
5726.6			0.9998799270483035
5727.5			1.0
5728.4			1.0
5729.3			1.0
5730.200000000001			1.0
5731.1			1.0
5732.0			1.0
5732.9			1.0
5733.8			1.0
5734.700000000001			1.0
5735.6			1.0
5736.5			1.0
5737.4			1.0
5738.3			1.0
5739.200000000001			1.0
5740.1			1.0
5741.0			1.0
5741.9			1.0
5742.8			1.0
5743.700000000001			1.0
5744.6			1.0
5745.5			1.0
5746.4			1.0
5747.3			1.0
5748.200000000001			1.0
5749.1			1.0216525195057562
5750.0			1.0510878904898482
5750.9			1.0425132285020426
5751.8			0.9991395019336821
5752.700000000001			0.9478787464701477
5753.6			0.9153688391380388
5754.5			0.9234602951891332
5755.4			0.9622099205411654
5756.3			0.992395691676551
5757.200000000001			1.0017862082587818
5758.1			0.998202697000201
5759.0			1.0
5759.9			1.0
5760.8			1.0
5761.700000000001			1.0
5762.6			1.0
5763.5			1.0
5764.4			1.0
5765.3			1.0
5766.200000000001			1.0
5767.1			1.0
5768.0			1.0
5768.9			1.0
5769.8			1.0
5770.700000000001			1.0
5771.6			1.0
5772.5			0.9987587580050237
5773.4			0.9953317081150556
5774.3			0.9861895841866138
5775.200000000001			0.9924512941025211
5776.1			1.0108332755408138
5777.0			1.0184904889319157
5777.9			1.0121915363754526
5778.8			0.996536929055837
5779.700000000001			0.9625534869360738
5780.6			0.9131496415315596
5781.5			0.8866493938392339
5782.4			0.9013222828564592
5783.3			0.9209290707002257
5784.200000000001			0.9143095979946819
5785.1			0.9052739120825769
5786.0			0.9307003970870886
5786.9			0.9745915072784788
5787.8			1.0056078173815666
5788.700000000001			1.020571010687075
5789.6			1.0168447504913372
5790.5			0.9991973866717777
5791.4			1.0
5792.3			1.0
5793.200000000001			1.0
5794.1			1.0
5795.0			1.0
5795.9			1.0
5796.8			1.0
5797.700000000001			1.0
5798.6			1.0
5799.5			1.0
5800.4			1.0
5801.3			1.0
5802.200000000001			1.0
5803.1			1.0
5804.0			1.0
5804.9			1.0
5805.8			1.0
5806.700000000001			1.0
5807.6			1.0
5808.5			1.0
5809.4			1.0
5810.3			1.0
5811.200000000001			1.0
5812.1			1.0
5813.0			1.0
5813.9			1.0
5814.8			1.0
5815.700000000001			1.0
5816.6			1.0
5817.5			1.0
5818.4			1.0
5819.3			1.0
5820.200000000001			1.0
5821.1			1.0
5822.0			1.0
5822.9			1.0
5823.8			1.0
5824.700000000001			1.0
5825.6			1.0
5826.5			1.0
5827.4			1.0
5828.3			1.0
5829.200000000001			1.0
5830.1			1.0
5831.0			1.0
5831.9			1.0
5832.8			1.0
5833.700000000001			1.0
5834.6			1.0
5835.5			1.0
5836.4			1.0
5837.3			1.0
5838.200000000001			1.0
5839.1			1.0
5840.0			1.0
5840.9			1.0
5841.8			1.0
5842.700000000001			1.0
5843.6			1.0
5844.5			1.0
5845.4			0.9887322052989873
5846.3			0.9724689432196445
5847.200000000001			0.9648965347889082
5848.1			0.9720706627157221
5849.0			0.9842691822895154
5849.9			0.9944930312799726
5850.8			0.9937902262970503
5851.700000000001			0.9721405446339589
5852.6			0.94448850195165
5853.5			0.9364844894345846
5854.4			0.9501609951357973
5855.3			0.9602511763824096
5856.200000000001			0.9381675011714502
5857.1			0.9006591437656615
5858.0			0.8994278888178334
5858.9			0.9307588806385519
5859.8			0.9573100900224181
5860.700000000001			0.9658967234558389
5861.6			0.9554911752402725
5862.5			0.9471602661524073
5863.4			0.9616224795409816
5864.3			0.9774692638504213
5865.200000000001			0.9665560468519353
5866.1			0.9420303104146547
5867.0			0.940074946325009
5867.9			0.9658566103084615
5868.8			0.990170897495589
5869.700000000001			0.9994036941316841
5870.6			0.9998166113543223
5871.5			1.0
5872.4			1.0
5873.3			1.0
5874.200000000001			1.0
5875.1			1.0
5876.0			1.0
5876.9			1.0
5877.8			1.0
5878.700000000001			1.0
5879.6			1.0
5880.5			0.9925287446939116
5881.4			1.005322415750916
5882.3			1.0154971786466416
5883.200000000001			1.0077389083539767
5884.1			0.9974191254171471
5885.0			1.0045348841964101
5885.9			1.0221419680617163
5886.8			1.01873979748455
5887.700000000001			0.9649046931738967
5888.6			0.8400834714889994
5889.5			0.712893188721791
5890.4			0.7120405041374369
5891.3			0.8145729703549573
5892.200000000001			0.8983492371927612
5893.1			0.9315157830167259
5894.0			0.914031713076792
5894.9			0.8367322109094769
5895.8			0.7806243697483144
5896.700000000001			0.8282171847936715
5897.6			0.9123385884596782
5898.5			0.9533596519543931
5899.4			0.9742498021791428
5900.3			1.0002153046396958
5901.200000000001			1.0
5902.1			1.0
5903.0			1.0
5903.9			1.0
5904.8			1.0
5905.700000000001			1.0
5906.6			1.0
5907.5			1.0
5908.4			1.0
5909.3			1.0
5910.200000000001			1.0
5911.1			1.0
5912.0			1.0
5912.9			1.0
5913.8			1.0
5914.700000000001			1.0
5915.6			1.0
5916.5			1.0
5917.4			1.0
5918.3			1.0
5919.200000000001			1.0
5920.1			1.0
5921.0			1.0
5921.9			1.0
5922.8			1.0
5923.700000000001			1.0
5924.6			1.0
5925.5			1.0
5926.4			1.0
5927.3			1.0
5928.200000000001			1.0
5929.1			1.0
5930.0			1.0
5930.9			1.0
5931.8			1.0
5932.700000000001			1.0
5933.6			1.0
5934.5			1.0
5935.4			1.0
5936.3			1.0
5937.200000000001			1.0
5938.1			1.0
5939.0			1.0
5939.9			1.0
5940.8			1.0
5941.700000000001			1.0
5942.6			1.0
5943.5			1.0
5944.4			1.0
5945.3			1.0
5946.200000000001			1.0
5947.1			1.0
5948.0			1.0
5948.9			1.0
5949.8			1.0
5950.700000000001			1.0
5951.6			1.0
5952.5			1.0
5953.4			1.0
5954.3			1.0
5955.200000000001			1.0
5956.1			1.0
5957.0			1.0
5957.9			1.0
5958.8			1.0
5959.700000000001			1.0
5960.6			1.0
5961.5			1.0
5962.4			1.0
5963.3			1.0
5964.200000000001			1.0
5965.1			1.0
5966.0			1.0
5966.9			1.0
5967.8			1.0
5968.700000000001			1.0
5969.6			1.0
5970.5			1.0
5971.4			1.0
5972.3			1.0
5973.200000000001			1.0
5974.1			1.0
5975.0			1.0
5975.9			0.9798809951783651
5976.8			0.9739682989364765
5977.700000000001			0.9787734190900736
5978.6			0.994747858217932
5979.5			1.0158378191551776
5980.4			1.0256798850841813
5981.3			1.022417730755086
5982.200000000001			1.0060282213877603
5983.1			0.9738552666447792
5984.0			0.9475413245219496
5984.9			0.9570439330198919
5985.8			0.9843931305096958
5986.700000000001			0.996404671257551
5987.6			1.0004527809945347
5988.5			1.0080717851340733
5989.4			1.0148997516331018
5990.3			1.006057458949819
5991.200000000001			0.9893363933996183
5992.1			0.9893940540006002
5993.0			1.007939140670269
5993.9			1.0229098528033278
5994.8			1.019580526720898
5995.700000000001			1.003004894286415
5996.6			0.9767719705474784
5997.5			0.9583054258172753
5998.4			0.9606827231179634
5999.3			0.9808493808697647
6000.200000000001			0.9970003029515534
6001.1			0.9978208861307609
6002.0			0.9811195715864678
6002.9			0.9656053068759938
6003.8			0.9815727472736769
6004.700000000001			0.9942410404065585
6005.6			0.9827462591640864
6006.5			0.9641770855928402
6007.4			0.9378040832018351
6008.3			0.9332566293425978
6009.200000000001			0.9685081840526812
6010.1			0.9988896899790252
6011.0			0.9954057155296334
6011.9			0.9678463784368383
6012.8			0.9456385377414255
6013.700000000001			0.953667242451643
6014.6			0.9736831292206254
6015.5			0.9707167719060263
6016.4			0.960054537210366
6017.3			0.9722100908678449
6018.200000000001			0.9804144682438031
6019.1			0.9607267278963489
6020.0			0.94203335493807
6020.9			0.9436141163208068
6021.8			0.9571857228048147
6022.700000000001			0.9710404844298757
6023.6			0.9712661408389017
6024.5			0.9796822999297865
6025.4			0.9923556898118127
6026.3			0.9864619216313238
6027.200000000001			0.9886782085469963
6028.1			1.0065971494594783
6029.0			1.014288987110075
6029.9			1.0087979720154379
6030.8			1.0069298009170604
6031.700000000001			1.0172930405121337
6032.6			1.025126208313737
6033.5			1.0219903362410845
6034.4			1.0190706590566652
6035.3			1.0192726914732115
6036.200000000001			1.020800762685567
6037.1			1.0250600893604092
6038.0			1.0217624840675106
6038.9			1.0049086771245204
6039.8			0.9950656307096807
6040.700000000001			0.9999950767693033
6041.6			1.0
6042.5			1.0
6043.4			1.0
6044.3			1.0
6045.200000000001			1.0
6046.1			1.0
6047.0			1.0
6047.9			1.0
6048.8			1.0
6049.700000000001			1.0
6050.6			1.0
6051.5			1.0
6052.4			1.0
6053.3			1.0
6054.200000000001			1.0
6055.1			1.0
6056.0			1.0
6056.9			1.0
6057.8			1.0
6058.700000000001			1.0
6059.6			1.0
6060.5			1.0021169264233638
6061.4			0.9887290863154786
6062.3			0.9688033586061701
6063.200000000001			0.9523753014919257
6064.1			0.9298892849330332
6065.0			0.9087337132972609
6065.9			0.9230349346202035
6066.8			0.9614850713885554
6067.700000000001			0.9893543317710896
6068.6			0.9983139264839569
6069.5			1.0000091835042875
6070.4			1.0
6071.3			1.0
6072.200000000001			1.0
6073.1			1.0
6074.0			1.0
6074.9			1.0
6075.8			1.0
6076.700000000001			1.0
6077.6			1.0
6078.5			1.0
6079.4			1.0
6080.3			1.0
6081.200000000001			1.0
6082.1			1.0
6083.0			1.0
6083.9			1.0
6084.8			1.0
6085.700000000001			1.0
6086.6			1.0
6087.5			1.0
6088.4			1.0
6089.3			1.0
6090.200000000001			1.0
6091.1			1.0
6092.0			1.0
6092.9			1.0
6093.8			1.0
6094.700000000001			1.0
6095.6			1.0
6096.5			1.0
6097.4			1.0
6098.3			1.0
6099.200000000001			1.0
6100.1			1.0071873293024711
6101.0			0.9793330430321907
6101.9			0.9165968828008565
6102.8			0.8830629964879094
6103.700000000001			0.9202617009044259
6104.6			0.9752202375481499
6105.5			0.9993621307149997
6106.4			1.0
6107.3			1.0
6108.200000000001			1.0
6109.1			1.0
6110.0			1.0
6110.9			1.0
6111.8			1.0
6112.700000000001			1.0
6113.6			1.0
6114.5			1.0
6115.4			1.0
6116.3			1.0
6117.200000000001			1.0
6118.1			1.0
6119.0			1.0
6119.9			1.0
6120.8			1.0
6121.700000000001			1.0
6122.6			1.0
6123.5			1.0
6124.4			1.0
6125.3			1.0
6126.200000000001			1.0
6127.1			1.0
6128.0			1.0
6128.9			1.0
6129.8			1.0
6130.700000000001			1.0
6131.6			1.0
6132.5			1.0
6133.4			1.0015262783722922
6134.3			0.9816883919511245
6135.200000000001			0.9332543750038208
6136.1			0.8587001588268407
6137.0			0.8168723796240971
6137.9			0.870065127484462
6138.8			0.966132283082902
6139.700000000001			1.0163428471204303
6140.6			0.997613993061082
6141.5			1.0
6142.4			1.0
6143.3			1.0
6144.200000000001			1.0
6145.1			1.0
6146.0			1.0
6146.9			1.0
6147.8			1.0
6148.700000000001			1.0
6149.6			1.0
6150.5			1.0
6151.4			1.0
6152.3			1.0
6153.200000000001			1.0
6154.1			1.0
6155.0			1.0
6155.9			1.0
6156.8			1.0016167371418496
6157.700000000001			1.0011869890863514
6158.6			1.0142284041091454
6159.5			1.0093104957401435
6160.4			0.9565382307059023
6161.3			0.8897609424792865
6162.200000000001			0.8586806133553774
6163.1			0.8798597611041974
6164.0			0.929543008807166
6164.9			0.9696619780862491
6165.8			0.9823510615927964
6166.700000000001			0.9917679177505113
6167.6			1.0000162496739944
6168.5			1.0
6169.4			1.0
6170.3			1.0
6171.200000000001			1.0
6172.1			1.0
6173.0			1.0
6173.9			1.0
6174.8			1.0
6175.700000000001			1.0
6176.6			1.0
6177.5			1.0
6178.4			1.0
6179.3			1.0
6180.200000000001			1.0
6181.1			1.0
6182.0			1.0
6182.9			1.0
6183.8			1.0
6184.700000000001			0.9912662030983241
6185.6			0.9759614544284233
6186.5			0.9603072070587632
6187.4			0.9462203347871114
6188.3			0.9439903287941672
6189.200000000001			0.948283929277354
6190.1			0.9243849187641131
6191.0			0.8790940502758755
6191.9			0.8864355519344624
6192.8			0.9466640153625506
6193.700000000001			0.9865132567255871
6194.6			0.9938305235854499
6195.5			0.9972905471281348
6196.4			1.0047284856124978
6197.3			1.0000463829082713
6198.200000000001			1.0
6199.1			1.0
6200.0			1.0
6200.9			1.0
6201.8			1.0
6202.700000000001			1.0
6203.6			1.0
6204.5			1.0
6205.4			1.0
6206.3			1.0
6207.200000000001			1.0
6208.1			1.0
6209.0			1.0
6209.9			1.0
6210.8			1.0
6211.700000000001			1.0
6212.6			1.0
6213.5			1.0
6214.4			1.0
6215.3			1.0
6216.200000000001			1.0
6217.1			1.0
6218.0			1.0
6218.9			1.0
6219.8			1.0
6220.700000000001			1.0
6221.6			1.0
6222.5			1.0
6223.4			1.0
6224.3			1.0
6225.200000000001			1.0019606454415562
6226.1			1.0060502384340693
6227.0			1.0076424780388529
6227.9			1.0040275754164674
6228.8			0.9706626649558074
6229.700000000001			0.9098823910263936
6230.6			0.8732315908335256
6231.5			0.886757884645464
6232.4			0.9148109536152444
6233.3			0.9434272643267522
6234.200000000001			0.976785336292769
6235.1			1.0006901380012891
6236.0			0.9966027900097258
6236.9			1.0
6237.8			1.0
6238.700000000001			1.0
6239.6			1.0
6240.5			1.0
6241.4			1.0
6242.3			1.0
6243.200000000001			1.0
6244.1			1.0
6245.0			1.0
6245.9			1.0021580133158785
6246.8			1.0219725212233501
6247.700000000001			1.0466200592509454
6248.6			1.0519171829962748
6249.5			1.0515634578222708
6250.4			1.0418977638146867
6251.3			0.9965847598912679
6252.200000000001			0.9510196670744793
6253.1			0.9451567996001337
6254.0			0.9620796016752837
6254.9			0.9689817400909528
6255.8			0.95284897307383
6256.700000000001			0.9311913866125427
6257.6			0.909425589326373
6258.5			0.9099435988416901
6259.4			0.9512913114937008
6260.3			0.9788686462193038
6261.200000000001			0.9836930272727551
6262.1			1.0054934191786487
6263.0			1.0304516598605478
6263.9			1.0236617001534576
6264.8			0.9979284034091378
6265.700000000001			0.9995866493962223
6266.6			1.0217251810029346
6267.5			1.0268309919804737
6268.4			1.0147824505781446
6269.3			1.0004443135317833
6270.200000000001			1.0
6271.1			1.0
6272.0			1.0
6272.9			1.0
6273.8			1.0
6274.700000000001			1.0
6275.6			1.0
6276.5			1.0
6277.4			1.0
6278.3			1.0
6279.200000000001			1.0
6280.1			1.0
6281.0			1.0
6281.9			1.0
6282.8			1.0
6283.700000000001			1.0
6284.6			1.0
6285.5			1.0
6286.4			1.0
6287.3			1.0
6288.200000000001			1.0
6289.1			1.0
6290.0			1.0
6290.9			1.0
6291.8			1.0
6292.700000000001			1.0
6293.6			1.0
6294.5			1.0
6295.4			1.0
6296.3			1.0
6297.200000000001			1.0
6298.1			1.0
6299.0			1.0
6299.9			1.0
6300.8			1.0
6301.700000000001			1.0
6302.6			1.0
6303.5			1.0
6304.4			1.0
6305.3			1.0
6306.200000000001			1.0
6307.1			1.0
6308.0			1.0
6308.9			1.0
6309.8			1.0
6310.700000000001			1.0
6311.6			1.0
6312.5			1.0
6313.4			1.0
6314.3			1.0
6315.200000000001			1.0
6316.1			1.0
6317.0			1.0
6317.9			1.0
6318.8			1.0
6319.700000000001			1.0
6320.6			1.0
6321.5			1.0
6322.4			1.0
6323.3			1.0
6324.200000000001			1.0
6325.1			1.0
6326.0			1.0
6326.9			1.0
6327.8			1.0
6328.700000000001			1.0
6329.6			1.0
6330.5			0.989810804362567
6331.4			0.9951637472432527
6332.3			1.0060145494906945
6333.200000000001			1.0090033745604392
6334.1			0.9813759598334437
6335.0			0.9340685325524664
6335.9			0.9151197200318039
6336.8			0.9348309786929407
6337.700000000001			0.9571405346236744
6338.6			0.9633668278075939
6339.5			0.9766955650622877
6340.4			0.9970806602439193
6341.3			1.000015236463139
6342.200000000001			1.0
6343.1			1.0
6344.0			1.0
6344.9			1.0
6345.8			1.0
6346.700000000001			1.0
6347.6			1.0
6348.5			1.0
6349.4			1.0
6350.3			1.0
6351.200000000001			1.0
6352.1			1.0
6353.0			1.0
6353.9			1.0
6354.8			1.0
6355.700000000001			1.0
6356.6			1.0
6357.5			1.0
6358.4			1.0
6359.3			1.0
6360.200000000001			1.0
6361.1			1.0
6362.0			1.0
6362.9			1.0
6363.8			1.0
6364.700000000001			1.0
6365.6			1.0
6366.5			1.0
6367.4			1.0
6368.3			1.0
6369.200000000001			1.0
6370.1			1.0
6371.0			1.0
6371.9			1.0
6372.8			1.0
6373.700000000001			1.0
6374.6			1.0
6375.5			1.0
6376.4			1.0
6377.3			1.0
6378.200000000001			1.0
6379.1			1.0
6380.0			1.0
6380.9			1.0
6381.8			1.0
6382.700000000001			1.0
6383.6			1.0
6384.5			1.0
6385.4			1.0
6386.3			1.0
6387.200000000001			1.0
6388.1			1.0
6389.0			1.0
6389.9			1.0
6390.8			1.0
6391.700000000001			1.0
6392.6			1.0
6393.5			1.0
6394.4			1.0
6395.3			1.0328410781211415
6396.200000000001			1.0507461801848117
6397.1			1.0498590293090082
6398.0			1.02979490225534
6398.9			0.9800113848476107
6399.8			0.9267349568478337
6400.700000000001			0.9303701628941372
6401.6			0.9704406978136138
6402.5			0.9944286110614837
6403.4			1.0009413991293563
6404.3			0.9998694610981209
6405.200000000001			1.0
6406.1			1.0
6407.0			1.0
6407.9			1.0
6408.8			1.0
6409.700000000001			1.0
6410.6			1.0
6411.5			1.0
6412.4			1.0
6413.3			1.0
6414.200000000001			1.0
6415.1			1.0
6416.0			1.0
6416.9			1.0
6417.8			1.0
6418.700000000001			1.0
6419.6			1.0
6420.5			1.0
6421.4			1.0
6422.3			1.0
6423.200000000001			1.0
6424.1			1.0
6425.0			1.0
6425.9			1.0
6426.8			1.0
6427.700000000001			1.0
6428.6			1.0
6429.5			1.0
6430.4			1.0
6431.3			1.0
6432.200000000001			1.0
6433.1			1.0
6434.0			1.0
6434.9			1.0
6435.8			1.0
6436.700000000001			1.0
6437.6			1.0
6438.5			1.0
6439.4			1.0
6440.3			1.0
6441.200000000001			1.0
6442.1			1.0
6443.0			1.0
6443.9			1.0
6444.8			1.0
6445.700000000001			1.0
6446.6			1.0093011781066148
6447.5			0.9979931436435078
6448.4			0.9469808973201558
6449.3			0.8746419710160319
6450.200000000001			0.8527450362501406
6451.1			0.8998691075750703
6452.0			0.9596156050544581
6452.9			0.9941155045082315
6453.8			1.0001212359063802
6454.700000000001			1.0
6455.6			1.0
6456.5			1.0
6457.4			1.0
6458.3			1.0
6459.200000000001			1.0128713936997837
6460.1			1.011330491984974
6461.0			0.9766877020061385
6461.9			0.922632474064188
6462.8			0.9063216837391521
6463.700000000001			0.9397762213392107
6464.6			0.9775939877108515
6465.5			0.9954455240994696
6466.4			1.0024076695334576
6467.3			1.0
6468.200000000001			1.0
6469.1			1.0
6470.0			1.0
6470.9			1.0
6471.8			1.0
6472.700000000001			1.0
6473.6			1.0
6474.5			1.0
6475.4			1.0
6476.3			1.0
6477.200000000001			1.0
6478.1			1.0
6479.0			1.0
6479.9			1.0
6480.8			1.0
6481.700000000001			1.0
6482.6			1.0
6483.5			1.0
6484.4			1.0
6485.3			1.0
6486.200000000001			1.0
6487.1			1.0058012062737562
6488.0			1.0115362522557834
6488.9			1.0027347396245796
6489.8			0.9850223708112593
6490.700000000001			0.9735442410115229
6491.6			0.9696975436228433
6492.5			0.9553407441646288
6493.4			0.9080265398613914
6494.3			0.8517689922108304
6495.200000000001			0.8311856116409627
6496.1			0.8455332638663468
6497.0			0.876069637029506
6497.9			0.9036898009527358
6498.8			0.9153636303461282
6499.700000000001			0.9304631829569427
6500.6			0.9556844918853499
6501.5			0.9768916695529934
6502.4			0.991153994360564
6503.3			1.0000235341088102
6504.200000000001			1.0
6505.1			1.0
6506.0			1.0
6506.9			1.0
6507.8			1.0
6508.700000000001			1.0
6509.6			1.0
6510.5			1.0
6511.4			1.0
6512.3			1.0
6513.200000000001			1.0
6514.1			1.0
6515.0			1.0
6515.9			1.0
6516.8			1.0
6517.700000000001			1.0
6518.6			1.0
6519.5			1.0
6520.4			1.0
6521.3			1.0
6522.200000000001			1.0
6523.1			1.0
6524.0			1.0
6524.9			1.0
6525.8			1.0
6526.700000000001			1.0
6527.6			1.0
6528.5			1.0
6529.4			1.0
6530.3			1.0
6531.200000000001			1.0
6532.1			1.0
6533.0			1.0
6533.9			1.0
6534.8			1.0
6535.700000000001			1.0
6536.6			1.0
6537.5			1.0
6538.4			1.0
6539.3			1.0
6540.200000000001			1.0
6541.1			1.0
6542.0			1.0
6542.9			1.0
6543.8			1.0
6544.700000000001			1.0
6545.6			1.0
6546.5			1.0
6547.4			1.0
6548.3			1.0
6549.200000000001			1.0
6550.1			1.0
6551.0			1.0
6551.9			1.0
6552.8			1.0
6553.700000000001			1.0
6554.6			1.0
6555.5			1.0
6556.4			1.0
6557.3			1.0
6558.200000000001			1.0
6559.1			0.9961529259857054
6560.0			0.9780408097183944
6560.9			0.9016521704788246
6561.8			0.7430779456956009
6562.700000000001			0.6282401261924254
6563.6			0.6921792278919653
6564.5			0.8517527152247546
6565.4			0.9609178146599102
6566.3			1.0012286639182322
6567.200000000001			1.0
6568.1			1.0
6569.0			1.0
6569.9			1.0
6570.8			1.0
6571.700000000001			1.0
6572.6			1.0
6573.5			1.0
6574.4			1.0
6575.3			1.0
6576.200000000001			1.0
6577.1			1.0
6578.0			1.0
6578.9			1.0
6579.8			1.0
6580.700000000001			1.0
6581.6			1.0
6582.5			1.0
6583.4			1.0
6584.3			1.0
6585.200000000001			1.0
6586.1			1.0
6587.0			1.0
6587.9			1.0
6588.8			1.0108979001787075
6589.700000000001			1.0141108167316721
6590.6			1.0086903178634383
6591.5			0.9793710436467215
6592.4			0.931635369629216
6593.3			0.9105299223910904
6594.200000000001			0.9424253572723394
6595.1			0.9910111926513109
6596.0			1.0157711923692128
6596.9			1.0138607986818309
6597.8			1.0023069935382636
6598.700000000001			1.0
6599.6			1.0
6600.5			1.0
6601.4			1.0
6602.3			1.0
6603.200000000001			1.0
6604.1			1.0
6605.0			1.0
6605.9			1.0
6606.8			1.0
6607.700000000001			1.0
6608.6			1.0
6609.5			1.0
6610.4			1.0
6611.3			1.0
6612.200000000001			1.0
6613.1			1.0
6614.0			1.0
6614.9			1.0
6615.8			1.0
6616.700000000001			1.0
6617.6			1.0
6618.5			1.0
6619.4			1.0
6620.3			1.0
6621.200000000001			1.0
6622.1			1.0
6623.0			1.0
6623.9			1.0
6624.8			1.0
6625.700000000001			1.0
6626.6			1.0
6627.5			1.0
6628.4			1.0
6629.3			1.0
6630.200000000001			1.0
6631.1			1.0
6632.0			1.0
6632.9			1.0
6633.8			1.0
6634.700000000001			1.0
6635.6			1.0
6636.5			1.0
6637.4			1.0
6638.3			1.0
6639.200000000001			1.0
6640.1			1.0
6641.0			1.0
6641.9			1.0
6642.8			1.0
6643.700000000001			1.0
6644.6			1.0
6645.5			1.0
6646.4			1.0
6647.3			1.0
6648.200000000001			1.0
6649.1			1.0
6650.0			1.0
6650.9			1.0
6651.8			1.0
6652.700000000001			1.0
6653.6			1.0
6654.5			1.0
6655.4			1.0
6656.3			1.0
6657.200000000001			1.0
6658.1			1.0
6659.0			1.0
6659.9			1.0
6660.8			1.0
6661.700000000001			1.0
6662.6			1.0
6663.5			1.0
6664.4			1.0
6665.3			1.0
6666.200000000001			1.0
6667.1			1.0
6668.0			1.0
6668.9			1.0
6669.8			1.0
6670.700000000001			1.0
6671.6			1.0
6672.5			1.0
6673.4			1.0
6674.3			1.0
6675.200000000001			1.0
6676.1			1.0
6677.0			1.0
6677.9			1.0
6678.8			1.0
6679.700000000001			1.0
6680.6			1.0
6681.5			1.0
6682.4			1.0
6683.3			1.0
6684.200000000001			1.0
6685.1			1.0
6686.0			1.0
6686.9			1.0
6687.8			1.0
6688.700000000001			1.0
6689.6			1.0
6690.5			1.0
6691.4			1.0
6692.3			1.0
6693.200000000001			1.0
6694.1			1.0
6695.0			1.0
6695.9			1.0
6696.8			1.0
6697.700000000001			1.0
6698.6			1.0
6699.5			1.0
6700.4			1.0
6701.3			1.0
6702.200000000001			1.0
6703.1			1.0
6704.0			1.0
6704.9			1.0
6705.8			1.0
6706.700000000001			1.0
6707.6			1.0
6708.5			1.0
6709.4			1.0
6710.3			1.0
6711.200000000001			1.0
6712.1			1.0
6713.0			1.0
6713.9			1.0
6714.8			1.0
6715.700000000001			1.0
6716.6			1.0
6717.5			1.0
6718.4			1.0
6719.3			1.0
6720.200000000001			1.0
6721.1			1.0
6722.0			1.0
6722.9			1.0
6723.8			1.0
6724.700000000001			1.0
6725.6			1.0
6726.5			1.0
6727.4			1.0
6728.3			1.0
6729.200000000001			1.0
6730.1			1.0
6731.0			1.0
6731.9			1.0
6732.8			1.0
6733.700000000001			1.0
6734.6			1.0
6735.5			1.0
6736.4			1.0
6737.3			1.0
6738.200000000001			1.0
6739.1			1.0
6740.0			1.0
6740.9			1.0
6741.8			1.0
6742.700000000001			1.0
6743.6			1.0
6744.5			1.0
6745.4			1.0
6746.3			1.0
6747.200000000001			1.0
6748.1			1.0
6749.0			1.0
6749.9			1.0
6750.8			1.0
6751.700000000001			1.0
6752.6			1.0
6753.5			1.0
6754.4			1.0
6755.3			1.0
6756.200000000001			1.0
6757.1			1.0
6758.0			1.0
6758.9			1.0
6759.8			1.0
6760.700000000001			1.0
6761.6			1.0
6762.5			1.0
6763.4			1.0
6764.3			1.0
6765.200000000001			1.0
6766.1			1.0
6767.0			1.0
6767.9			1.0
6768.8			1.0
6769.700000000001			1.0
6770.6			1.0
6771.5			1.0
6772.4			1.0
6773.3			1.0
6774.200000000001			1.0
6775.1			1.0
6776.0			1.0
6776.9			1.0
6777.8			1.0
6778.700000000001			1.0
6779.6			1.0
6780.5			1.0
6781.4			1.0
6782.3			1.0
6783.200000000001			1.0
6784.1			1.0
6785.0			1.0
6785.9			1.0
6786.8			1.0
6787.700000000001			1.0
6788.6			1.0
6789.5			1.0
6790.4			1.0
6791.3			1.0
6792.200000000001			1.0
6793.1			1.0
6794.0			1.0
6794.9			1.0
6795.8			1.0
6796.700000000001			1.0
6797.6			1.0
6798.5			1.0
6799.4			1.0
6800.3			1.0
6801.200000000001			1.0
6802.1			1.0
6803.0			1.0
6803.9			1.0
6804.8			1.0
6805.700000000001			1.0
6806.6			1.0
6807.5			1.0
6808.4			1.0
6809.3			1.0
6810.200000000001			1.0
6811.1			1.0
6812.0			1.0
6812.9			1.0
6813.8			1.0
6814.700000000001			1.0
6815.6			1.0
6816.5			1.0
6817.4			1.0
6818.3			1.0
6819.200000000001			1.0
6820.1			1.0
6821.0			1.0
6821.9			1.0
6822.8			1.0
6823.700000000001			1.0
6824.6			1.0
6825.5			1.0
6826.4			1.0
6827.3			1.0
6828.200000000001			1.0
6829.1			1.0
6830.0			1.0
6830.9			1.0
6831.8			1.0
6832.700000000001			1.0
6833.6			1.0
6834.5			1.0
6835.4			1.0
6836.3			1.0
6837.200000000001			1.0
6838.1			1.0
6839.0			1.0
6839.9			1.0
6840.8			1.0
6841.700000000001			1.0
6842.6			1.0
6843.5			1.0
6844.4			1.0
6845.3			1.0
6846.200000000001			1.0
6847.1			1.0
6848.0			1.0
6848.9			1.0
6849.8			1.0
6850.700000000001			1.0
6851.6			1.0
6852.5			1.0
6853.4			1.0
6854.3			1.0
6855.200000000001			1.0
6856.1			1.0
6857.0			1.0
6857.9			1.0
6858.8			1.0
6859.700000000001			1.0
6860.6			1.0
6861.5			1.0
6862.4			1.0
6863.3			1.0
6864.200000000001			1.0
6865.1			1.0
6866.0			1.0
6866.9			1.0
6867.8			1.0
6868.700000000001			1.0
6869.6			1.0
6870.5			1.0
6871.4			1.0
6872.3			1.0
6873.200000000001			1.0
6874.1			1.0
6875.0			1.0
6875.9			1.0
6876.8			1.0
6877.700000000001			1.0
6878.6			1.0
6879.5			1.0
6880.4			1.0
6881.3			1.0
6882.200000000001			1.0
6883.1			1.0
6884.0			1.0
6884.9			1.0
6885.8			1.0
6886.700000000001			1.0
6887.6			1.0
6888.5			1.0
6889.4			1.0
6890.3			1.0
6891.200000000001			1.0
6892.1			1.0
6893.0			1.0
6893.9			1.0
6894.8			1.0
6895.700000000001			1.0
6896.6			1.0
6897.5			1.0
6898.4			1.0
6899.3			1.0
6900.200000000001			1.0
6901.1			1.0
6902.0			1.0
6902.9			1.0
6903.8			1.0
6904.700000000001			1.0
6905.6			1.0
6906.5			1.0
6907.4			1.0
6908.3			1.0
6909.200000000001			1.0
6910.1			1.0
6911.0			1.0
6911.9			1.0
6912.8			1.0
6913.700000000001			1.0
6914.6			1.0
6915.5			1.0
6916.4			1.0
6917.3			1.0
6918.200000000001			1.0
6919.1			1.0
6920.0			1.0
6920.9			1.0
6921.8			1.0
6922.700000000001			1.0
6923.6			1.0
6924.5			1.0
6925.4			1.0
6926.3			1.0
6927.200000000001			1.0
6928.1			1.0
6929.0			1.0
6929.9			1.0
6930.8			1.0
6931.700000000001			1.0
6932.6			1.0
6933.5			1.0
6934.4			1.0
6935.3			1.0
6936.200000000001			1.0
6937.1			1.0
6938.0			1.0
6938.9			1.0
6939.8			1.0
6940.700000000001			1.0
6941.6			1.0
6942.5			1.0
6943.4			1.0
6944.3			1.0
6945.200000000001			1.0
6946.1			1.0
6947.0			1.0
6947.9			1.0
6948.8			1.0
6949.700000000001			1.0
6950.6			1.0
6951.5			1.0
6952.4			1.0
6953.3			1.0
6954.200000000001			1.0
6955.1			1.0
6956.0			1.0
6956.9			1.0
6957.8			1.0
6958.700000000001			1.0
6959.6			1.0
6960.5			1.0
6961.4			1.0
6962.3			1.0
6963.200000000001			1.0
6964.1			1.0
6965.0			1.0
6965.9			1.0
6966.8			1.0
6967.700000000001			1.0
6968.6			1.0
6969.5			1.0
6970.4			1.0
6971.3			1.0
6972.200000000001			1.0061945398631973
6973.1			1.0146453573678884
6974.0			1.0085647008862546
6974.9			0.9899484287576542
6975.8			0.9695086379658782
6976.700000000001			0.947323237620968
6977.6			0.9145665537202
6978.5			0.887049380029802
6979.4			0.8982015076287099
6980.3			0.9399544620361501
6981.200000000001			0.977239135400993
6982.1			0.9980138255832025
6983.0			1.005937531637286
6983.9			1.0043547409192515
6984.8			0.999342145319529
6985.700000000001			1.0
6986.6			1.0
6987.5			1.0
6988.4			1.0
6989.3			1.0
6990.200000000001			1.0
6991.1			1.0
6992.0			1.0
6992.9			1.0
6993.8			1.0
6994.700000000001			1.0
6995.6			1.0
6996.5			1.0
6997.4			1.0
6998.3			1.0
6999.200000000001			1.0
7000.1			1.0
7001.0			1.0
7001.9			1.0
7002.8			1.0
7003.700000000001			1.0
7004.6			1.0
7005.5			1.0
7006.4			1.0
7007.3			1.0
7008.200000000001			1.0
7009.1			1.0
7010.0			1.0
7010.9			1.0
7011.8			0.9958553099037811
7012.700000000001			0.9949340219401743
7013.6			0.9918124205025507
7014.5			0.9709211420544829
7015.4			0.9311835540809558
7016.3			0.9038733421488007
7017.200000000001			0.9208093499442657
7018.1			0.965024338711224
7019.0			0.9952744281154872
7019.9			1.0017966634039976
7020.8			0.999895642816817
7021.700000000001			1.0
7022.6			1.0
7023.5			1.0
7024.4			1.0
7025.3			1.0
7026.200000000001			1.0
7027.1			1.0
7028.0			1.0
7028.9			1.0
7029.8			1.0
7030.700000000001			1.0
7031.6			1.0
7032.5			1.0
7033.4			1.0
7034.3			1.0
7035.200000000001			1.0
7036.1			1.0
7037.0			1.0
7037.9			1.0
7038.8			1.0
7039.700000000001			1.0
7040.6			1.0
7041.5			1.0
7042.4			1.0
7043.3			1.0
7044.200000000001			1.0
7045.1			1.0
7046.0			1.0
7046.9			1.0
7047.8			1.0
7048.700000000001			1.0
7049.6			1.0
7050.5			1.0
7051.4			1.0
7052.3			1.0
7053.200000000001			1.0
7054.1			1.0
7055.0			1.0
7055.9			1.0
7056.8			1.0
7057.700000000001			1.0
7058.6			1.0
7059.5			1.0
7060.4			1.0
7061.3			1.0
7062.200000000001			1.0
7063.1			1.0
7064.0			1.0
7064.9			1.0
7065.8			1.0
7066.700000000001			1.0
7067.6			1.0
7068.5			1.0
7069.4			1.0
7070.3			1.0
7071.200000000001			1.0
7072.1			1.0
7073.0			1.0
7073.9			1.0
7074.8			1.0
7075.700000000001			1.0
7076.6			1.0
7077.5			1.0
7078.4			1.0
7079.3			1.0
7080.200000000001			1.0
7081.1			1.0
7082.0			1.0
7082.9			1.0
7083.8			1.0
7084.700000000001			1.0
7085.6			1.0
7086.5			1.0
7087.4			1.0
7088.3			1.0
7089.200000000001			1.0
7090.1			1.0
7091.0			1.0
7091.9			1.0
7092.8			1.0
7093.700000000001			1.0
7094.6			1.0
7095.5			1.0
7096.4			1.0
7097.3			1.0
7098.200000000001			1.0
7099.1			1.0
7100.0			1.0
7100.9			1.0
7101.8			1.0
7102.700000000001			1.0
7103.6			1.0
7104.5			1.0
7105.4			1.0
7106.3			1.0
7107.200000000001			1.0
7108.1			1.0
7109.0			1.0
7109.9			1.0
7110.8			1.0
7111.700000000001			1.0
7112.6			1.0
7113.5			1.0
7114.4			1.0
7115.3			1.0
7116.200000000001			1.0
7117.1			1.0
7118.0			1.0
7118.9			1.0
7119.8			1.0
7120.700000000001			1.0
7121.6			1.0
7122.5			1.0
7123.4			1.0
7124.3			1.0
7125.200000000001			1.0
7126.1			1.0
7127.0			1.0
7127.9			1.0
7128.8			1.0
7129.700000000001			1.0
7130.6			1.0
7131.5			1.0
7132.4			1.0
7133.3			1.0
7134.200000000001			1.0
7135.1			1.0
7136.0			1.0
7136.9			1.0
7137.8			1.0
7138.700000000001			1.0
7139.6			1.0
7140.5			1.0
7141.4			1.0
7142.3			1.0
7143.200000000001			1.0
7144.1			1.0
7145.0			1.0
7145.9			1.0
7146.8			1.0
7147.700000000001			1.0
7148.6			1.0
7149.5			1.0
7150.4			1.0
7151.3			1.0
7152.200000000001			1.0
7153.1			1.0
7154.0			1.0
7154.9			1.0
7155.8			1.0
7156.700000000001			1.0
7157.6			1.0
7158.5			1.0
7159.4			1.0
7160.3			1.0
7161.200000000001			1.0
7162.1			1.0
7163.0			1.0
7163.9			1.0
7164.8			1.0
7165.700000000001			1.0
7166.6			1.0
7167.5			1.0
7168.4			1.0
7169.3			1.0
7170.200000000001			1.0
7171.1			1.0
7172.0			1.0
7172.9			1.0
7173.8			1.0
7174.700000000001			1.0
7175.6			1.0
7176.5			1.0
7177.4			1.0
7178.3			1.0
7179.200000000001			1.0
7180.1			1.0
7181.0			1.0
7181.9			1.0
7182.8			1.0
7183.700000000001			1.0
7184.6			1.0
7185.5			1.0
7186.4			1.0
7187.3			1.0
7188.200000000001			1.0
7189.1			1.0
7190.0			1.0
7190.9			1.0
7191.8			1.0
7192.700000000001			1.0
7193.6			1.0
7194.5			1.0
7195.4			1.0
7196.3			1.0
7197.200000000001			1.0
7198.1			1.0
7199.0			1.0
7199.9			1.0
7200.8			1.0
7201.700000000001			1.0
7202.6			1.0
7203.5			1.0
7204.4			1.0
7205.3			1.0
7206.200000000001			1.0
7207.1			1.0
7208.0			1.0
7208.9			1.0
7209.8			1.0
7210.700000000001			1.0
7211.6			1.0
7212.5			1.0
7213.4			1.0
7214.3			1.0
7215.200000000001			1.0
7216.1			1.0
7217.0			1.0
7217.9			1.0
7218.8			1.0
7219.700000000001			1.0
7220.6			1.0
7221.5			1.0
7222.4			1.0
7223.3			1.0
7224.200000000001			1.0
7225.1			1.0
7226.0			1.0
7226.9			1.0
7227.8			1.0
7228.700000000001			1.0
7229.6			1.0
7230.5			1.0
7231.4			1.0
7232.3			1.0
7233.200000000001			1.0
7234.1			1.0
7235.0			1.0
7235.9			1.0
7236.8			1.0
7237.700000000001			1.0
7238.6			1.0
7239.5			1.0
7240.4			1.0
7241.3			1.0
7242.200000000001			1.0
7243.1			1.0
7244.0			1.0
7244.9			1.0
7245.8			1.0
7246.700000000001			1.0
7247.6			1.0
7248.5			1.0
7249.4			1.0
7250.3			1.0
7251.200000000001			1.0
7252.1			1.0
7253.0			1.0
7253.9			1.0
7254.8			1.0
7255.700000000001			1.0
7256.6			1.0
7257.5			1.0
7258.4			1.0
7259.3			1.0
7260.200000000001			1.0
7261.1			1.0
7262.0			1.0
7262.9			1.0
7263.8			1.0
7264.700000000001			1.0
7265.6			1.0
7266.5			1.0
7267.4			1.0
7268.3			1.0
7269.200000000001			1.0
7270.1			1.0
7271.0			1.0
7271.9			1.0
7272.8			1.0
7273.700000000001			1.0
7274.6			1.0
7275.5			1.0
7276.4			1.0093673963818448
7277.3			1.0099505342514399
7278.200000000001			1.0020550431572637
7279.1			0.9960555724916179
7280.0			0.9964572635242178
7280.9			0.9938207608975982
7281.8			0.9743345343258057
7282.700000000001			0.9523462538170142
7283.6			0.9475823340991747
7284.5			0.9548067441094198
7285.4			0.9678546643818272
7286.3			0.9865960584287935
7287.200000000001			0.9938340703489289
7288.1			0.9753712598601161
7289.0			0.9521660025574185
7289.9			0.9478327432412608
7290.8			0.9475042468009297
7291.700000000001			0.9375650415370216
7292.6			0.9344593510542193
7293.5			0.9530164663514026
7294.4			0.9881318858932081
7295.3			1.0205337806588064
7296.200000000001			1.0392720098044854
7297.1			1.0434540270074668
7298.0			1.0360045082439076
7298.9			1.0210058853857165
7299.8			1.0055883233461997
7300.700000000001			1.0
7301.6			1.0073662058660524
7302.5			1.023828534732595
7303.4			1.039461639077533
7304.3			1.052172328785725
7305.200000000001			1.0564075575355603
7306.1			1.042381387980411
7307.0			1.0143269674025261
7307.9			0.9958829815886527
7308.8			1.0007274447816656
7309.700000000001			1.0
7310.6			1.0
7311.5			1.0
7312.4			1.0
7313.3			1.0
7314.200000000001			1.0
7315.1			1.0
7316.0			1.0
7316.9			1.0
7317.8			1.0
7318.700000000001			1.0
7319.6			1.0
7320.5			1.0
7321.4			1.0
7322.3			1.0
7323.200000000001			1.0
7324.1			1.0
7325.0			1.0
7325.9			1.0
7326.8			1.0
7327.700000000001			1.0
7328.6			1.0
7329.5			1.0
7330.4			1.0
7331.3			1.0
7332.200000000001			1.0
7333.1			1.0
7334.0			1.0
7334.9			1.0
7335.8			1.0
7336.700000000001			1.0
7337.6			1.0
7338.5			1.0
7339.4			1.0
7340.3			1.0
7341.200000000001			1.0
7342.1			1.0
7343.0			1.0
7343.9			1.0
7344.8			1.0
7345.700000000001			1.0
7346.6			1.0
7347.5			1.0
7348.4			1.0
7349.3			1.0
7350.200000000001			1.0
7351.1			1.0
7352.0			1.0
7352.9			1.0
7353.8			1.0
7354.700000000001			1.0
7355.6			1.0
7356.5			1.0
7357.4			1.0
7358.3			1.0
7359.200000000001			1.0
7360.1			1.0
7361.0			1.0
7361.9			1.0
7362.8			1.0
7363.700000000001			1.0
7364.6			1.0
7365.5			1.0
7366.4			1.0
7367.3			1.0
7368.200000000001			1.0
7369.1			1.0
7370.0			1.0
7370.9			1.0
7371.8			1.0
7372.700000000001			1.0
7373.6			1.0
7374.5			1.0
7375.4			1.0
7376.3			1.0
7377.200000000001			1.0
7378.1			1.0
7379.0			1.0
7379.9			1.0
7380.8			1.0
7381.700000000001			1.0
7382.6			1.0
7383.5			1.0
7384.4			1.0
7385.3			1.0
7386.200000000001			1.0
7387.1			1.0
7388.0			1.0
7388.9			1.0
7389.8			1.0
7390.700000000001			1.0
7391.6			1.0
7392.5			1.0
7393.4			1.0
7394.3			1.0
7395.200000000001			1.0
7396.1			1.0
7397.0			1.0
7397.9			1.0
7398.8			1.0
7399.700000000001			1.0
7400.6			1.0
7401.5			1.0
7402.4			1.0
7403.3			1.0
7404.200000000001			1.0
7405.1			1.0
7406.0			1.0
7406.9			1.0
7407.8			1.0
7408.700000000001			1.0
7409.6			1.0
7410.5			1.0
7411.4			1.0
7412.3			1.0
7413.200000000001			1.0
7414.1			1.0
7415.0			1.0
7415.9			1.0
7416.8			1.0
7417.700000000001			1.0
7418.6			1.0
7419.5			1.0
7420.4			1.0
7421.3			1.0
7422.200000000001			1.0
7423.1			1.0
7424.0			1.0
7424.9			1.0
7425.8			1.0
7426.700000000001			1.0
7427.6			1.0
7428.5			1.0
7429.4			1.0
