3500.0			1.0
3500.9			1.0
3501.8			1.0
3502.7			1.0
3503.6			1.0
3504.5			1.0
3505.4			1.0
3506.3			1.0
3507.2			1.0
3508.1			1.0
3509.0			1.0
3509.9			1.0
3510.8			1.0
3511.7			1.0
3512.6			1.0
3513.5			1.0
3514.4			1.0
3515.3			1.0
3516.2			1.0
3517.1			1.0
3518.0			1.0
3518.9			1.0
3519.8			1.0
3520.7			1.0
3521.6			1.0
3522.5			1.0
3523.4			1.0
3524.3			1.0
3525.2			1.0
3526.1			1.0
3527.0			1.0
3527.9			1.0
3528.8			1.0
3529.7			1.0
3530.6			1.0
3531.5			1.0
3532.4			1.0
3533.3			1.0
3534.2			1.0
3535.1			1.0
3536.0			1.0
3536.9			1.0
3537.8			1.0
3538.7			1.0
3539.6			1.0
3540.5			1.0
3541.4			1.0
3542.3			1.0
3543.2			1.0
3544.1			1.0
3545.0			1.0
3545.9			1.0
3546.8			1.0
3547.7			1.0
3548.6			1.0
3549.5			1.0
3550.4			1.0
3551.3			1.0
3552.2			1.0
3553.1			1.0
3554.0			1.0
3554.9			1.0
3555.8			1.0
3556.7			1.0
3557.6			1.0
3558.5			1.0
3559.4			1.0
3560.3			1.0
3561.2			1.0
3562.1			1.0
3563.0			1.0
3563.9			1.0
3564.8			1.0
3565.7			1.0
3566.6			1.0
3567.5			1.0
3568.4			1.0
3569.3			1.0
3570.2			1.0
3571.1			1.0
3572.0			1.0
3572.9			1.0
3573.8			1.0
3574.7			1.0
3575.6			1.0
3576.5			1.0
3577.4			1.0
3578.3			1.0
3579.2			1.0
3580.1			1.0
3581.0			1.0
3581.9			1.0
3582.8			1.0
3583.7			1.0
3584.6			1.0
3585.5			1.0
3586.4			1.0
3587.3			1.0
3588.2			1.0
3589.1			1.0
3590.0			1.0
3590.9			1.0
3591.8			1.0
3592.7			1.0
3593.6			1.0
3594.5			1.0
3595.4			1.0
3596.3			1.0
3597.2			1.0
3598.1			1.0
3599.0			1.0
3599.9			1.0
3600.8			1.0
3601.7			1.0
3602.6			1.0
3603.5			1.0
3604.4			1.0
3605.3			1.0
3606.2			1.0
3607.1			1.0
3608.0			1.0
3608.9			1.0
3609.8			1.0
3610.7			1.0
3611.6			1.0
3612.5			1.0
3613.4			1.0
3614.3			1.0
3615.2			1.0
3616.1			1.0
3617.0			1.0
3617.9			1.0
3618.8			1.0
3619.7			1.0
3620.6			1.0
3621.5			1.0
3622.4			1.0
3623.3			1.0
3624.2			1.0
3625.1			1.0
3626.0			1.0
3626.9			1.0
3627.8			1.0
3628.7			1.0
3629.6			1.0
3630.5			1.0
3631.4			1.0
3632.3			1.0
3633.2			1.0
3634.1			1.0
3635.0			1.0
3635.9			1.0
3636.8			1.0
3637.7			1.0
3638.6			1.0
3639.5			1.0
3640.4			1.0
3641.3			1.0
3642.2			1.0
3643.1			1.0
3644.0			1.0
3644.9			1.0
3645.8			1.0
3646.7			1.0
3647.6			1.0
3648.5			1.0
3649.4			1.0
3650.3			1.0
3651.2			1.0
3652.1			1.0
3653.0			1.0
3653.9			1.0
3654.8			1.0
3655.7			1.0
3656.6			1.0
3657.5			1.0
3658.4			1.0
3659.3			1.0
3660.2			1.0
3661.1			1.0
3662.0			1.0
3662.9			1.0
3663.8			1.0
3664.7			1.0
3665.6			1.0
3666.5			1.0
3667.4			1.0
3668.3			1.0
3669.2			1.0
3670.1			1.0
3671.0			1.0
3671.9			1.0
3672.8			1.0
3673.7			1.0
3674.6			1.0
3675.5			1.0
3676.4			1.0
3677.3			1.0
3678.2			1.0
3679.1			1.0
3680.0			1.0
3680.9			1.0
3681.8			1.0
3682.7			1.0
3683.6			1.0
3684.5			1.0
3685.4			1.0
3686.3			1.0
3687.2			1.0
3688.1			1.0
3689.0			1.0
3689.9			1.0
3690.8			1.0
3691.7			1.0
3692.6			1.0
3693.5			1.0
3694.4			1.0
3695.3			1.0
3696.2			1.0
3697.1			1.0
3698.0			1.0
3698.9			1.0
3699.8			1.0
3700.7			1.0
3701.6			1.0
3702.5			1.0
3703.4			1.0
3704.3			1.0
3705.2			1.0
3706.1			1.0
3707.0			1.0
3707.9			1.0
3708.8			1.0
3709.7			1.0
3710.6			1.0
3711.5			1.0
3712.4			1.0
3713.3			1.0
3714.2			1.0
3715.1			1.0
3716.0			1.0
3716.9			1.0
3717.8			1.0
3718.7			1.0
3719.6			1.0
3720.5			1.0
3721.4			1.0
3722.3			1.0
3723.2			1.0
3724.1			1.0
3725.0			1.0
3725.9			1.0
3726.8			1.0
3727.7			1.0
3728.6			1.0
3729.5			1.0
3730.4			1.0
3731.3			1.0
3732.2			1.0
3733.1			1.0
3734.0			1.0
3734.9			1.0
3735.8			1.0
3736.7			1.0
3737.6			1.0
3738.5			1.0
3739.4			1.0
3740.3			1.0
3741.2			1.0
3742.1			1.0
3743.0			1.0
3743.9			1.0
3744.8			1.0
3745.7			1.0
3746.6			1.0
3747.5			1.0
3748.4			1.0
3749.3			1.0
3750.2			1.0
3751.1			1.0
3752.0			1.0
3752.9			1.0
3753.8			1.0
3754.7			1.0
3755.6			1.0
3756.5			1.0
3757.4			1.0
3758.3			1.0
3759.2			1.0
3760.1			1.0
3761.0			1.0
3761.9			1.0
3762.8			1.0
3763.7			1.0
3764.6			1.0
3765.5			1.0
3766.4			1.0
3767.3			1.0
3768.2			1.0
3769.1			1.0
3770.0			1.0
3770.9			1.0
3771.8			1.0
3772.7			1.0
3773.6			1.0
3774.5			1.0
3775.4			1.0
3776.3			1.0
3777.2			1.0
3778.1			1.0
3779.0			1.0
3779.9			1.0
3780.8			1.0
3781.7			1.0
3782.6			1.0
3783.5			1.0
3784.4			1.0
3785.3			1.0
3786.2			1.0
3787.1			1.0
3788.0			1.0
3788.9			1.0
3789.8			1.0
3790.7			1.0
3791.6			1.0
3792.5			1.0
3793.4			1.0
3794.3			1.0
3795.2			1.0
3796.1			1.0
3797.0			1.0
3797.9			1.0
3798.8			1.0
3799.7			1.0
3800.6			1.0
3801.5			1.0
3802.4			1.0
3803.3			1.0
3804.2			1.0
3805.1			1.0
3806.0			1.0
3806.9			1.0
3807.8			1.0
3808.7			1.0
3809.6			1.0
3810.5			1.0
3811.4			1.0
3812.3			1.0
3813.2			1.0
3814.1			1.0
3815.0			1.0
3815.9			1.0
3816.8			1.0
3817.7			1.0
3818.6			1.0
3819.5			1.0
3820.4			1.0
3821.3			1.0
3822.2			1.0
3823.1			1.0
3824.0			1.0
3824.9			1.0
3825.8			1.0
3826.7			1.0
3827.6			1.0
3828.5			1.0
3829.4			1.0
3830.3			1.0
3831.2			1.0
3832.1			1.0
3833.0			1.0
3833.9			1.0
3834.8			1.0
3835.7			1.0
3836.6			1.0
3837.5			1.0
3838.4			1.0
3839.3			1.0
3840.2			1.0
3841.1			1.0
3842.0			1.0
3842.9			1.0
3843.8			1.0
3844.7			1.0
3845.6			1.0
3846.5			1.0
3847.4			1.0
3848.3			1.0
3849.2			1.0
3850.1			1.0
3851.0			1.0
3851.9			1.0
3852.8			1.0
3853.7			1.0
3854.6			1.0
3855.5			1.0
3856.4			1.0
3857.3			1.0
3858.2			1.0
3859.1			1.0
3860.0			1.0
3860.9			1.0
3861.8			1.0
3862.7			1.0
3863.6			1.0
3864.5			1.0
3865.4			1.0
3866.3			1.0
3867.2			1.0
3868.1			1.0
3869.0			1.0
3869.9			1.0
3870.8			1.0
3871.7			1.0
3872.6			1.0
3873.5			1.0
3874.4			1.0
3875.3			1.0
3876.2			1.0
3877.1			1.0
3878.0			1.0
3878.9			1.0
3879.8			1.0
3880.7			1.0
3881.6			1.0
3882.5			1.0
3883.4			1.0
3884.3			1.0
3885.2			1.0
3886.1			1.0
3887.0			1.0
3887.9			1.0
3888.8			1.0
3889.7			1.0
3890.6			1.0
3891.5			1.0
3892.4			1.0
3893.3			1.0
3894.2			1.0
3895.1			1.0
3896.0			1.0
3896.9			1.0
3897.8			1.0
3898.7			1.0
3899.6			1.0
3900.5			1.0
3901.4			1.0
3902.3			1.0
3903.2			1.0
3904.1			1.0
3905.0			1.0
3905.9			1.0
3906.8			1.0
3907.7			1.0
3908.6			1.0
3909.5			1.0
3910.4			1.0
3911.3			1.0
3912.2			1.0
3913.1			1.0
3914.0			1.0
3914.9			1.0
3915.8			1.0
3916.7			1.0
3917.6			1.0
3918.5			1.0
3919.4			1.0
3920.3			1.0
3921.2			1.0
3922.1			1.0
3923.0			1.0
3923.9			1.0
3924.8			1.0
3925.7			1.0
3926.6			1.0
3927.5			1.0
3928.4			1.0
3929.3			1.0
3930.2			1.0
3931.1			1.0
3932.0			1.0
3932.9			1.0
3933.8			1.0
3934.7			1.0
3935.6			1.0
3936.5			1.0
3937.4			1.0
3938.3			1.0
3939.2			1.0
3940.1			1.0
3941.0			1.0
3941.9			1.0
3942.8			1.0
3943.7			1.0
3944.6			1.0
3945.5			1.0
3946.4			1.0
3947.3			1.0
3948.2			1.0
3949.1			1.0
3950.0			1.0
3950.9			1.0
3951.8			1.0
3952.7			1.0
3953.6			1.0
3954.5			1.0
3955.4			1.0
3956.3			1.0
3957.2			1.0
3958.1			1.0
3959.0			1.0
3959.9			1.0
3960.8			1.0
3961.7			1.0
3962.6			1.0
3963.5			1.0
3964.4			1.0
3965.3			1.0
3966.2			1.0
3967.1			1.0
3968.0			1.0
3968.9			1.0
3969.8			1.0
3970.7			1.0
3971.6			1.0
3972.5			1.0
3973.4			1.0
3974.3			1.0
3975.2			1.0
3976.1			1.0
3977.0			1.0
3977.9			1.0
3978.8			1.0
3979.7			1.0
3980.6			1.0
3981.5			1.0
3982.4			1.0
3983.3			1.0
3984.2			1.0
3985.1			1.0
3986.0			1.0
3986.9			1.0
3987.8			1.0
3988.7			1.0
3989.6			1.0
3990.5			1.0
3991.4			1.0
3992.3			1.0
3993.2			1.0
3994.1			1.0
3995.0			1.0
3995.9			1.0
3996.8			1.0
3997.7			1.0
3998.6			1.0
3999.5			1.0
4000.4			1.0
4001.3			1.0
4002.2			1.0299134561490892
4003.1			1.078290297670624
4004.0			1.008822091120554
4004.9			0.8182667570393359
4005.8			0.7132342637715308
4006.7			0.7774741486393749
4007.6			0.8957247073278884
4008.5			0.9714299119413339
4009.4			0.9986334875315008
4010.3			1.0
4011.2			1.0
4012.1			1.0
4013.0			1.0
4013.9			1.0
4014.8			1.0
4015.7			1.0
4016.6			1.0
4017.5			1.0
4018.4			1.0
4019.3			1.0
4020.2			1.0
4021.1			1.0
4022.0			1.0
4022.9			1.0
4023.8			1.0
4024.7			1.0
4025.6			1.0
4026.5			1.0
4027.4			1.0684287699215338
4028.3			1.1255380465124303
4029.2			1.086444742514596
4030.1			0.9162245706711698
4031.0			0.7628443458794771
4031.9			0.7191162991686137
4032.8			0.701370537632547
4033.7			0.6937458832364393
4034.6			0.739651109225027
4035.5			0.8376162871363204
4036.4			0.9620058634033151
4037.3			1.068663787603847
4038.2			1.1052698726940606
4039.1			1.0661720869894045
4040.0			1.0
4040.9			0.9711605277466392
4041.8			1.0142319464021143
4042.7			1.0298260464575402
4043.6			0.9037425605858358
4044.5			0.6762025556798057
4045.4			0.4982559099686834
4046.3			0.518042443702866
4047.2			0.7141265341811608
4048.1			0.8905493143448343
4049.0			0.9621165491342971
4049.9			1.000956635032324
4050.8			1.0
4051.7			1.0
4052.6			1.0
4053.5			0.9456350772145534
4054.4			0.8797949027031331
4055.3			0.8435142577304011
4056.2			0.843767747481616
4057.1			0.8080324607325076
4058.0			0.7589974643133685
4058.9			0.7919868986509894
4059.8			0.899988053865932
4060.7			0.9808853504456686
4061.6			0.9376243830514204
4062.5			0.764338581502961
4063.4			0.5978035796166051
4064.3			0.6153560376232787
4065.2			0.7670795746553257
4066.1			0.8462154628675638
4067.0			0.8371060985571424
4067.9			0.8839782457805481
4068.8			1.003009171758729
4069.7			1.0495823769056039
4070.6			0.9250337280504833
4071.5			0.7578525930037897
4072.4			0.7713903138044219
4073.3			0.9262929235321076
4074.2			1.0090444362245201
4075.1			0.9479344130762676
4076.0			0.8043184688677325
4076.9			0.6880860983703794
4077.8			0.6905810066584469
4078.7			0.8004829001034427
4079.6			0.9420273811539158
4080.5			1.0712928107733732
4081.4			1.1323520473192432
4082.3			1.0854152620942654
4083.2			1.0012037356391634
4084.1			0.9562510021687054
4085.0			0.9484203144013917
4085.9			0.9817511753165191
4086.8			1.0643687289182255
4087.7			1.1592651069251105
4088.6			1.2036901258887183
4089.5			1.180318137774671
4090.4			1.1307655745061527
4091.3			1.0963559147459747
4092.2			1.0658865354546425
4093.1			1.0840243802049678
4094.0			1.1061691583417066
4094.9			1.022678025797879
4095.8			0.9042510469298152
4096.7			0.861911884449233
4097.6			0.8987268478491596
4098.5			0.9504611305711618
4099.4			0.9504008058414345
4100.3			0.8571781719171092
4101.2			0.7632010183046662
4102.1			0.7869287351083051
4103.0			0.8738729743943854
4103.9			0.9129071925860109
4104.8			0.9320907946412859
4105.7			1.0053071040322406
4106.6			1.0669707578765957
4107.5			1.0642433741888015
4108.4			1.0234394965915712
4109.3			0.9643773884485501
4110.2			0.9069072702890532
4111.1			0.8802967452220284
4112.0			0.8822523814904396
4112.9			0.9310023169916839
4113.8			0.9944268346325215
4114.7			1.0230420946259906
4115.6			1.0313016241609783
4116.5			1.0315380978827922
4117.4			0.9961681719396188
4118.3			0.9000067613753644
4119.2			0.838018115448632
4120.1			0.8802249615502595
4121.0			0.9296076629470102
4121.9			0.9143144378992603
4122.8			0.8815048992048345
4123.7			0.8977016116168112
4124.6			0.9671831274922515
4125.5			1.00251934011301
4126.4			0.9761752841806193
4127.3			0.9360282734813373
4128.2			0.9011451287819897
4129.1			0.876434392965897
4130.0			0.8526512527947377
4130.9			0.8249541341709269
4131.8			0.765356255537615
4132.7			0.7166634164854335
4133.6			0.7249664635425883
4134.5			0.7714525301130933
4135.4			0.8706897064898768
4136.3			0.9520745603145003
4137.2			0.9489736998528124
4138.1			0.932310573289998
4139.0			0.9444421641445739
4139.9			0.9571172261671302
4140.8			0.937906464495153
4141.7			0.8415775097497242
4142.6			0.6697451061203704
4143.5			0.5568685030080648
4144.4			0.6052446946224409
4145.3			0.7427343364004775
4146.2			0.8378153020975849
4147.1			0.8643278192599015
4148.0			0.8558949453466155
4148.9			0.8114933650573279
4149.8			0.7427503460403496
4150.7			0.7060886828039841
4151.6			0.7135956166238816
4152.5			0.739880264841281
4153.4			0.7594241283941714
4154.3			0.757754397717533
4155.2			0.7454723007618069
4156.1			0.7233198684100226
4157.0			0.7233873294789396
4157.9			0.7883501562965544
4158.8			0.8780153889918285
4159.7			0.9114967489504062
4160.6			1.0
4161.5			0.9960453923397178
4162.4			1.0486498508324493
4163.3			1.0528319496126253
4164.2			0.9885938242639943
4165.1			0.9394471302110431
4166.0			0.9075492109494395
4166.9			0.853008668340414
4167.8			0.8356915653086375
4168.7			0.8911046879621177
4169.6			0.9554953083239798
4170.5			0.9762765911649298
4171.4			0.9058797892299304
4172.3			0.7653716743757771
4173.2			0.6906930237218718
4174.1			0.7298755771471122
4175.0			0.7910370127365108
4175.9			0.8129977207795738
4176.8			0.7906998891316002
4177.7			0.7566048158793616
4178.6			0.7635952923327439
4179.5			0.7909449794139066
4180.4			0.788775432613085
4181.3			0.7709011168188399
4182.2			0.7831913680454434
4183.1			0.8367460007986994
4184.0			0.9202119144526385
4184.9			1.0
4185.8			0.9879349194686893
4186.7			0.869303502876261
4187.6			0.7943985038530761
4188.5			0.8393666169075328
4189.4			0.8985164445828159
4190.3			0.8971299145064271
4191.2			0.8722486435213436
4192.1			0.8953121634870622
4193.0			0.9568129734451024
4193.9			0.9632483165786401
4194.8			0.8860509624167685
4195.7			0.7812268511184699
4196.6			0.7187745089228043
4197.5			0.7234659117307009
4198.4			0.7526069082210243
4199.3			0.8029152957742316
4200.2			0.8426247039924877
4201.1			0.8066176917906225
4202.0			0.7495039300149644
4202.9			0.7826089108034529
4203.8			0.8518435951775638
4204.7			0.8771659374188862
4205.6			0.9078571905613461
4206.5			0.9602244780783242
4207.4			0.9999983267813054
4208.3			0.9982761970881036
4209.2			0.9792365573977955
4210.1			0.9352396847363934
4211.0			0.923636207119083
4211.9			1.0
4212.8			0.9572912804993321
4213.7			0.8470583150694616
4214.6			0.699965941987795
4215.5			0.6229273868035705
4216.4			0.7291899126121878
4217.3			0.920250201660915
4218.2			1.0239491693575815
4219.1			1.2309615540298966
4220.0			1.2422298464020964
4220.9			1.0
4221.8			0.9788371025539679
4222.7			0.8870944265253712
4223.6			0.785547110526116
4224.5			0.6858721165710571
4225.4			0.5416721025702308
4226.3			0.38912508952748137
4227.2			0.38836826359020515
4228.1			1.0
4229.0			1.3403345598602916
4229.9			1.467340529900959
4230.8			1.4813514694967607
4231.7			1.4139822130295194
4232.6			1.2474174402545877
4233.5			1.1189399238583126
4234.4			1.0902225138597186
4235.3			1.0319982307466555
4236.2			0.9181777830819721
4237.1			0.8775000210284446
4238.0			0.9028741923169008
4238.9			0.9095773451026435
4239.8			0.9062877253612951
4240.7			0.9359889444563518
4241.6			1.0
4242.5			0.9973847897330474
4243.4			1.0125564243858245
4244.3			1.1074513896500462
4245.2			1.1755934072549077
4246.1			1.1354431670021854
4247.0			1.0322995918180875
4247.9			0.9337143353336937
4248.8			0.8659327790107253
4249.7			0.8075263381986374
4250.6			0.7856056073614863
4251.5			0.8620698232447488
4252.4			0.965426059185513
4253.3			0.9619528673216902
4254.2			0.8693893295435255
4255.1			1.0
4256.0			1.0874508784078252
4256.9			1.2084948597769578
4257.8			1.175855970655017
4258.7			1.003396370609711
4259.6			0.8325189624767687
4260.5			0.7356938134579354
4261.4			0.7575727318170004
4262.3			0.8829435243951036
4263.2			1.0
4264.1			1.0651310649416514
4265.0			1.0934658402176607
4265.9			1.1226673154269355
4266.8			1.0925681029919199
4267.7			0.9992011491683771
4268.6			0.9262907816155869
4269.5			0.8739662338825207
4270.4			0.7695538131783697
4271.3			0.6384726681274877
4272.2			0.6170267621522445
4273.1			0.7068242460584276
4274.0			0.7545585256545972
4274.9			0.7691700081057643
4275.8			0.8752293682789409
4276.7			1.0450576706941834
4277.6			1.0
4278.5			1.0292306182816482
4279.4			0.9445309931277934
4280.3			0.827579592606802
4281.2			0.8118923050900276
4282.1			0.8704492843995424
4283.0			0.9231426738051476
4283.9			0.9315746544824572
4284.8			0.8714007349400646
4285.7			0.8087285689274492
4286.6			0.827161009074697
4287.5			0.8782624633274569
4288.4			0.8461942410382727
4289.3			0.7314561082503728
4290.2			0.6678116273770834
4291.1			0.7152695385081647
4292.0			0.828602904222307
4292.9			0.9206717427541555
4293.8			0.9065537663465352
4294.7			0.8560123791724554
4295.6			0.8542890813152213
4296.5			0.8417946059284235
4297.4			0.7820516256687621
4298.3			0.6889443350930372
4299.2			0.5735116569627056
4300.1			0.5227436648993391
4301.0			0.5748259209402596
4301.9			0.6242463773037497
4302.8			0.6187832850549837
4303.7			0.6180220479074001
4304.6			0.6211569680939053
4305.5			0.6010568868711157
4306.4			0.5731414218506224
4307.3			0.5176656497360087
4308.2			0.45961525987094276
4309.1			0.46643505512531447
4310.0			0.5216859139836044
4310.9			0.5844995163603017
4311.8			0.6550245105327724
4312.7			0.7476525525971428
4313.6			0.8411280011395321
4314.5			0.9332248553084967
4315.4			1.1101750884638109
4316.3			1.3212508894949169
4317.2			1.4144821340125169
4318.1			1.395922162775441
4319.0			1.0
4319.9			0.9688191918264845
4320.8			0.9289524913650004
4321.7			0.9068388076205414
4322.6			0.8447445860865332
4323.5			0.6987363142177371
4324.4			0.5547818210750678
4325.3			0.4730675422236947
4326.2			0.5211471726485628
4327.1			0.7227875129928358
4328.0			0.9485247541557494
4328.9			1.0648870163597797
4329.8			1.0484281463127954
4330.7			1.0
4331.6			1.0129533813164011
4332.5			1.0525843790915126
4333.4			1.068479199429663
4334.3			1.0995942370115677
4335.2			1.1500613494078735
4336.1			1.1221351391385426
4337.0			0.9629521066297458
4337.9			0.8037452947509997
4338.8			0.7393082319498826
4339.7			0.7045161649910882
4340.6			0.7031412374402771
4341.5			1.0
4342.4			1.1386927648652587
4343.3			1.1652969811381662
4344.2			1.1539131953058963
4345.1			1.2106062328949578
4346.0			1.2300212258757568
4346.9			1.1643128518733314
4347.8			1.1531848336745707
4348.7			1.2360353906774593
4349.6			1.2584103366931223
4350.5			1.0979865026576534
4351.4			0.8635210668053389
4352.3			0.7690741535721699
4353.2			0.8435322519594132
4354.1			0.9296025779037536
4355.0			0.9472553262893049
4355.9			0.9678778268085827
4356.8			1.0131301457382647
4357.7			1.003622130118529
4358.6			0.9137913403002395
4359.5			0.8539155786420817
4360.4			0.9015252729438054
4361.3			0.986776429648491
4362.2			1.0062708564093283
4363.1			1.0
4364.0			1.0
4364.9			1.0
4365.8			1.0
4366.7			1.0
4367.6			1.0
4368.5			0.9914927729162135
4369.4			1.029342967951525
4370.3			1.0397098814198846
4371.2			1.042163252530623
4372.1			1.038167764832918
4373.0			0.9813898982848066
4373.9			0.8791439510620297
4374.8			0.8048533817697948
4375.7			0.8228403302887902
4376.6			0.9299032597107734
4377.5			1.0437599574943996
4378.4			1.091976482035344
4379.3			1.0683881706437124
4380.2			1.0143757367146473
4381.1			0.9568282422297707
4382.0			0.8339555143088067
4382.9			0.6159192338801313
4383.8			0.4552949861027812
4384.7			0.5059464939953453
4385.6			0.7081362640923033
4386.5			0.8754563475925221
4387.4			0.917151111983759
4388.3			0.8935139009381765
4389.2			0.8593364308057532
4390.1			0.8267256699050332
4391.0			0.8281658148896783
4391.9			0.8756469250931888
4392.8			0.9199929957015176
4393.7			0.9154036001742334
4394.6			0.8834731451314913
4395.5			0.9011206402535089
4396.4			0.9972413333905453
4397.3			1.0835307555474418
4398.2			1.0
4399.1			0.9257636106097215
4400.0			0.8379332645691335
4400.9			0.8184219362313092
4401.8			0.8943999523313138
4402.7			0.9260752747382074
4403.6			0.7924341028333995
4404.5			0.6175955104461733
4405.4			0.5972306757489098
4406.3			0.6991302222048793
4407.2			0.7541563223533005
4408.1			0.7414237103950679
4409.0			0.7760792408266137
4409.9			0.8792225841120065
4410.8			1.0
4411.7			1.0377823549957326
4412.6			1.0493066600362946
4413.5			0.9927005952201837
4414.4			0.8489701761405938
4415.3			0.7472771423495728
4416.2			0.7822050560484074
4417.1			0.8717068730573913
4418.0			0.943190358433194
4418.9			1.0015042382262243
4419.8			1.0
4420.7			1.0
4421.6			1.0
4422.5			1.0
4423.4			1.0
4424.3			1.0
4425.2			1.0
4426.1			1.0
4427.0			1.0
4427.9			1.0
4428.8			1.0
4429.7			1.0
4430.6			0.93508852292141
4431.5			0.9753893052779137
4432.4			1.020635763652874
4433.3			0.9690503790033296
4434.2			0.8564180275588092
4435.1			0.7787633624054091
4436.0			0.7995191281532442
4436.9			0.8915033388636514
4437.8			0.9772632909145043
4438.7			1.01977280139289
4439.6			0.9982856679133426
4440.5			1.0
4441.4			1.0
4442.3			1.0
4443.2			1.0
4444.1			1.0805040968284214
4445.0			1.1973155382170102
4445.9			1.2632736722309088
4446.8			1.2397945684873675
4447.7			1.2174329438524498
4448.6			1.2371044594869471
4449.5			1.213484112059251
4450.4			1.165991198375592
4451.3			1.1649498943287124
4452.2			1.1692451820311158
4453.1			1.1246654370378204
4454.0			1.0399561615057193
4454.9			0.9586998730358512
4455.8			0.9495807582338324
4456.7			0.9877942096686557
4457.6			0.9923210466934508
4458.5			0.9562121702723502
4459.4			0.9271220319777439
4460.3			0.9074248788573657
4461.2			0.8577413859564531
4462.1			0.8469728619188103
4463.0			0.9514452873740289
4463.9			1.0577365656615296
4464.8			1.064959188737648
4465.7			1.040711117148031
4466.6			1.041966034265619
4467.5			1.0534236101559151
4468.4			1.0317677563362888
4469.3			0.9915139211617461
4470.2			0.9946475920985813
4471.1			1.0339133713384372
4472.0			1.0795333032128454
4472.9			1.1290085456102452
4473.8			1.159768052679353
4474.7			1.1542319221528667
4475.6			1.0
4476.5			1.036656717378918
4477.4			1.0743975213632893
4478.3			1.048303341058559
4479.2			0.9549070680536733
4480.1			0.8491705798067405
4481.0			0.7906295495301907
4481.9			0.7871021469337482
4482.8			0.8349057778035713
4483.7			0.9119966438733057
4484.6			1.0
4485.5			1.0334942867319175
4486.4			1.0266145633446964
4487.3			0.9706689919193048
4488.2			0.8851883021454039
4489.1			0.8133029155138464
4490.0			0.7956756772075867
4490.9			0.8409520225570979
4491.8			0.9026204767454437
4492.7			0.914031355557964
4493.6			0.8475459195190943
4494.5			0.7614334968749296
4495.4			0.738055090987984
4496.3			0.7780878443211507
4497.2			0.845795913957382
4498.1			0.9080231082210775
4499.0			0.9353741842182154
4499.9			0.9218699918613802
4500.8			0.871678893314753
4501.7			0.84571669935818
4502.6			0.9057189987134651
4503.5			0.9940189101788601
4504.4			1.0256264286918555
4505.3			1.0032226329132314
4506.2			1.0
4507.1			0.9690927893827449
4508.0			0.9598623264423776
4508.9			0.9737505503715747
4509.8			0.9974739589454634
4510.7			1.0087469278443792
4511.6			0.9834162145398812
4512.5			1.0
4513.4			0.9546174462788909
4514.3			0.9388660819983338
4515.2			0.9578783842099597
4516.1			0.986525485829643
4517.0			0.9765774912777351
4517.9			0.9474226607020056
4518.8			0.966324630474692
4519.7			1.0277860692700131
4520.6			1.0781463566975127
4521.5			1.0784491120734283
4522.4			1.0226880452935934
4523.3			0.9776671994121408
4524.2			0.9708561322545453
4525.1			0.9425017673847521
4526.0			0.8832907509168911
4526.9			0.8286040494058279
4527.8			0.7870475189290801
4528.7			0.7707153829910516
4529.6			0.7921226857406424
4530.5			0.8297820644969921
4531.4			1.0
4532.3			1.0540252540461845
4533.2			1.050626421660701
4534.1			0.9862294207181757
4535.0			0.931458306792733
4535.9			0.9702614241226558
4536.8			1.1014423445311876
4537.7			1.1935694905790086
4538.6			1.1720600139069042
4539.5			1.0998200565015772
4540.4			1.0413813656656297
4541.3			1.0307147642177192
4542.2			1.0732654373256438
4543.1			1.1077936174230096
4544.0			1.0788105002505037
4544.9			1.0248308488386229
4545.8			1.0174257814185552
4546.7			1.0486101193418844
4547.6			1.0624326848404313
4548.5			1.0261548376833336
4549.4			0.9832983561950979
4550.3			1.0016843900049834
4551.2			1.0402555704747294
4552.1			1.0315860622450694
4553.0			1.002498219695126
4553.9			0.980236656386188
4554.8			0.9683793803608255
4555.7			0.9953874619992176
4556.6			1.0633508031337644
4557.5			1.1233593354351903
4558.4			1.142433619223253
4559.3			1.1299309169708607
4560.2			1.0
4561.1			1.0015115543003947
4562.0			1.0079131116755922
4562.9			0.9660274446135872
4563.8			0.8831531173010722
4564.7			0.8225312005170151
4565.6			0.82990221639671
4566.5			0.9049714926590516
4567.4			0.9821419624508909
4568.3			0.9997546190589609
4569.2			1.0
4570.1			1.0
4571.0			1.0
4571.9			0.975165775923272
4572.8			1.0456678481871244
4573.7			1.0980964107598763
4574.6			1.074684578327124
4575.5			1.0451394143214057
4576.4			1.0417995503150852
4577.3			1.035884476197551
4578.2			1.0
4579.1			0.9301718034563224
4580.0			0.8647887807148671
4580.9			0.8593970422372729
4581.8			0.9075026630596505
4582.7			0.9468675598752662
4583.6			0.9497901386631911
4584.5			0.93540600527648
4585.4			0.9126597174487935
4586.3			0.9102014904938165
4587.2			0.9619612643537104
4588.1			1.0339526406254274
4589.0			1.0742637087605356
4589.9			1.0649675611319085
4590.8			1.0131222233043056
4591.7			0.9572272842901566
4592.6			0.931186945968421
4593.5			0.9212976592774975
4594.4			0.8974129907117516
4595.3			0.8751842774342925
4596.2			0.8757799218165688
4597.1			0.8894124343351328
4598.0			0.9140923622603359
4598.9			0.9397135682999386
4599.8			0.9236041468449819
4600.7			0.8980245770264538
4601.6			0.9181124422443926
4602.5			0.9431348187893747
4603.4			0.9392598437208209
4604.3			0.9163128753516818
4605.2			0.8956418260050557
4606.1			0.9186536423452305
4607.0			0.9872807213019218
4607.9			1.064159351604448
4608.8			1.1116130220525633
4609.7			1.1005270660990356
4610.6			1.0465225502228428
4611.5			0.9988878052402123
4612.4			1.0
4613.3			1.0
4614.2			1.0
4615.1			1.0
4616.0			1.0
4616.9			1.0
4617.8			1.0
4618.7			1.0
4619.6			1.0
4620.5			1.0
4621.4			1.0
4622.3			0.98053514772366
4623.2			0.9794681797118211
4624.1			0.9984754968502726
4625.0			0.9909605841268897
4625.9			0.9773849392967406
4626.8			0.9888943351361169
4627.7			1.0041784287343776
4628.6			0.9901117382098978
4629.5			0.9718807802581778
4630.4			0.9964253289863805
4631.3			1.0294786297293634
4632.2			1.007358957365212
4633.1			0.9544094277768608
4634.0			0.935549001794859
4634.9			0.9436589720704469
4635.8			0.9450952407912911
4636.7			0.9279898895068857
4637.6			0.9000621068857011
4638.5			0.8838590530034124
4639.4			0.8724439901216909
4640.3			0.8832384668010381
4641.2			0.9369641676657594
4642.1			0.9738523639032808
4643.0			0.9545173675561207
4643.9			0.9168308138415714
4644.8			0.8835975594910604
4645.7			0.8322146643234284
4646.6			0.7839203453248791
4647.5			0.783896110834438
4648.4			0.8235880550286367
4649.3			0.8749908299325367
4650.2			0.9274306695957266
4651.1			0.9718616113691523
4652.0			0.999761403869874
4652.9			1.0013204512730507
4653.8			0.9584433252119775
4654.7			0.9035726022525471
4655.6			0.8807018311549599
4656.5			1.0
4657.4			1.0577702964028861
4658.3			1.1466186990756286
4659.2			1.2071487985828742
4660.1			1.2054223907528911
4661.0			1.1482791480361545
4661.9			1.0706099954107806
4662.8			1.0065912899633214
4663.7			0.9832909935882563
4664.6			0.9879294980472353
4665.5			0.9447674467828668
4666.4			0.8368994284608308
4667.3			0.7579113363093899
4668.2			0.7806471432351095
4669.1			0.8701788731673588
4670.0			0.9544029547732177
4670.9			1.0067870914855703
4671.8			1.017244905706186
4672.7			0.985281052980625
4673.6			0.9478166323811081
4674.5			1.0
4675.4			1.0366226142151822
4676.3			1.0763586838662313
4677.2			1.0683672992036137
4678.1			1.0189209652391382
4679.0			0.9725355830423401
4679.9			0.9396672084220115
4680.8			0.9146403365097658
4681.7			0.9183345074008821
4682.6			0.9615713549796677
4683.5			1.009161420398867
4684.4			1.0
4685.3			0.9930813254488361
4686.2			0.9862391178145911
4687.1			0.9626051413651323
4688.0			0.9439139452544414
4688.9			0.9541416504154416
4689.8			0.9622167027295361
4690.7			0.9452607020870294
4691.6			0.9310119738882876
4692.5			0.9399008693683163
4693.4			0.9570726029906842
4694.3			0.9820017568070996
4695.2			1.0184547957514167
4696.1			1.0366290406928582
4697.0			1.0009440982718452
4697.9			0.9258365552815866
4698.8			0.8772797378739207
4699.7			0.8881810671134422
4700.6			0.909331818987253
4701.5			0.9063091786934162
4702.4			0.8965005872610939
4703.3			0.9038571912452571
4704.2			0.9366350265613239
4705.1			0.966841693160925
4706.0			0.9626439711057818
4706.9			0.9343865103863193
4707.8			0.9102631009998293
4708.7			0.901502563379384
4709.6			0.9158163474007275
4710.5			0.9638210344612126
4711.4			1.0069328728970837
4712.3			1.0000016289929392
4713.2			1.0
4714.1			1.0
4715.0			1.0
4715.9			1.0
4716.8			1.0648928810190113
4717.7			1.0895288046663436
4718.6			1.1062854043622632
4719.5			1.1252606590730334
4720.4			1.1229963953090936
4721.3			1.0935140060285273
4722.2			1.060175253165072
4723.1			1.0564262538314007
4724.0			1.0879436180682203
4724.9			1.1124683784651128
4725.8			1.0809383925581861
4726.7			0.9864476857941006
4727.6			0.8876290313468927
4728.5			0.8484950392121346
4729.4			0.8617860667310578
4730.3			0.8863780472509565
4731.2			0.916448519287849
4732.1			0.9526364210652442
4733.0			0.9741763695531405
4733.9			0.9846197427435984
4734.8			0.9947980174397865
4735.7			0.9751293479873183
4736.6			0.939867104754316
4737.5			0.9615193593238027
4738.4			1.0230990208024204
4739.3			1.0368727520169407
4740.2			0.998838048408577
4741.1			1.0
4742.0			1.0
4742.9			1.0
4743.8			1.0
4744.7			1.0
4745.6			1.0
4746.5			1.0
4747.4			1.0
4748.3			1.0
4749.2			1.0
4750.1			1.0
4751.0			1.0
4751.9			1.0
4752.8			1.0
4753.7			1.0
4754.6			1.0
4755.5			1.0
4756.4			1.0
4757.3			1.0
4758.2			1.0
4759.1			1.0204141185847884
4760.0			1.032146968973903
4760.9			1.0077282821627118
4761.8			0.9597071430365726
4762.7			0.932287685339315
4763.6			0.9216200923559515
4764.5			0.8939734586449122
4765.4			0.8572850628506308
4766.3			0.852691721063148
4767.2			0.8896182795822589
4768.1			0.9423825549928196
4769.0			0.9938392134428493
4769.9			1.018292109100582
4770.8			0.9905837657274227
4771.7			0.9505971279912755
4772.6			0.9535529805828398
4773.5			1.0
4774.4			1.0446227766079745
4775.3			1.0437395240694531
4776.2			1.0330604302379318
4777.1			1.0547783058239175
4778.0			1.0766755972208262
4778.9			1.0670828792865277
4779.8			1.0482778427794448
4780.7			1.0371160257852252
4781.6			1.0185265509127814
4782.5			0.9862632196701803
4783.4			0.9734206658959915
4784.3			0.9966947031471945
4785.2			1.0015195357848454
4786.1			0.9703135094824369
4787.0			0.9691244718145453
4787.9			0.9975875507552627
4788.8			0.9983997450345864
4789.7			0.9848402771790566
4790.6			0.9927280901867079
4791.5			1.01428240413788
4792.4			1.0468698716210618
4793.3			1.0
4794.2			1.0492974061149989
4795.1			1.061934756162392
4796.0			1.0368350798079558
4796.9			0.9996478756032271
4797.8			0.9600396441721865
4798.7			0.9238970200970568
4799.6			0.9126655163687951
4800.5			0.9453129044022558
4801.4			1.009216774352544
4802.3			1.0583174620786842
4803.2			1.0653836552190878
4804.1			1.0359717552129735
4805.0			1.0030409782900365
4805.9			1.0
4806.8			1.0
4807.7			1.0
4808.6			1.0
4809.5			1.0
4810.4			1.0
4811.3			1.0
4812.2			1.0
4813.1			1.0
4814.0			1.0
4814.9			1.0
4815.8			1.0
4816.7			1.0
4817.6			1.0
4818.5			1.0
4819.4			1.0
4820.3			1.0
4821.2			1.0
4822.1			1.0
4823.0			1.0
4823.9			1.0
4824.8			1.0
4825.7			1.0
4826.6			1.0
4827.5			1.0
4828.4			1.0
4829.3			1.0
4830.2			1.0
4831.1			1.0
4832.0			1.0
4832.9			1.0
4833.8			1.0467428792808762
4834.7			1.0654666902960874
4835.6			1.0530076962400774
4836.5			1.0
4837.4			1.0019218038446152
4838.3			0.9732141634920953
4839.2			0.9291405814982369
4840.1			0.9122960729357059
4841.0			0.9323018256438961
4841.9			0.9474464912437961
4842.8			0.9355761154166209
4843.7			0.9422604715867147
4844.6			0.9903927239085846
4845.5			1.0358644049689303
4846.4			1.0404775833771198
4847.3			1.0017667010719118
4848.2			0.9533908336832715
4849.1			0.9516524115881324
4850.0			0.9973461669967139
4850.9			1.0241878443761758
4851.8			1.021462011388658
4852.7			1.019883787659298
4853.6			0.9935517529505616
4854.5			0.9229128233151939
4855.4			0.870663906326623
4856.3			0.9001246362513947
4857.2			0.9599762826594104
4858.1			0.9672693894472879
4859.0			0.9110797219108232
4859.9			0.814633289006483
4860.8			0.7235592569459371
4861.7			0.7270480623022852
4862.6			0.8228536140626698
4863.5			0.8891522476781882
4864.4			0.9089017765176244
4865.3			0.9431831183721217
4866.2			0.9754923946938383
4867.1			1.0
4868.0			0.9896699128078232
4868.9			0.9991307245007514
4869.8			0.9760630529358852
4870.7			0.8914845171804402
4871.6			0.8415310872149335
4872.5			0.8922606555749121
4873.4			0.9691904892433554
4874.3			0.998018733889224
4875.2			1.0027335428695097
4876.1			0.9742160834840431
4877.0			1.0042220943027544
4877.9			1.0288758405109575
4878.8			1.0
4879.7			1.020758016522789
4880.6			0.9707334524941971
4881.5			0.9149592139056125
4882.4			0.9257200724822553
4883.3			0.9569594086903809
4884.2			0.9331506752651936
4885.1			0.8724240729569188
4886.0			0.8391595836884866
4886.9			0.8546777942340872
4887.8			0.8885197405597974
4888.7			0.9045967601877154
4889.6			0.8822667618593216
4890.5			0.8217221329169726
4891.4			0.8100860565795867
4892.3			0.9041888022845317
4893.2			1.0136834966241095
4894.1			1.0790726185577595
4895.0			1.1112284850009757
4895.9			1.1110731388402222
4896.8			1.0990428030185937
4897.7			1.0919238530450017
4898.6			1.063585332419465
4899.5			1.0165038287156007
4900.4			1.0053346617251528
4901.3			1.0299764222003607
4902.2			1.0287331945900098
4903.1			1.000474556613348
4904.0			1.0
4904.9			1.039056062433442
4905.8			1.0793687953849047
4906.7			1.070030809962878
4907.6			1.0141592050569022
4908.5			0.9497957918452974
4909.4			0.8945891684144982
4910.3			1.0
4911.2			1.0083250786387408
4912.1			1.04802550381666
4913.0			1.0802757272924728
4913.9			1.0992969396008527
4914.8			1.1242907298705809
4915.7			1.1346398403340858
4916.6			1.0925029530587234
4917.5			0.995393026081019
4918.4			0.8741769763901923
4919.3			0.7811499243717797
4920.2			0.7564419884033085
4921.1			0.8074845130718656
4922.0			0.8901973256520954
4922.9			0.9279522075574871
4923.8			0.9037096746194268
4924.7			0.8802697637559111
4925.6			0.906018578282383
4926.5			0.946499074272928
4927.4			0.9613034437744469
4928.3			0.9782599247797995
4929.2			1.0
4930.1			1.007247033183607
4931.0			1.0017638791166499
4931.9			0.9822967368668208
4932.8			0.9238215341618016
4933.7			0.8799907656632725
4934.6			0.9096639301402873
4935.5			0.9516609124108634
4936.4			0.9276968979519317
4937.3			0.8549998372766532
4938.2			0.7950151823584489
4939.1			0.8012307807711819
4940.0			0.8811141063726344
4940.9			0.972376397306452
4941.8			1.0168609350720614
4942.7			1.0364956840597925
4943.6			1.0557703567621677
4944.5			1.0449714805656096
4945.4			1.0084647956857136
4946.3			1.0009072162453323
4947.2			1.0
4948.1			1.0
4949.0			1.0
4949.9			1.0
4950.8			1.0
4951.7			1.0
4952.6			1.0
4953.5			1.0
4954.4			1.0079536264603277
4955.3			0.9963145468531229
4956.2			0.9137682742145622
4957.1			0.7933210457304644
4958.0			0.7763067365468899
4958.9			0.8912254308321123
4959.8			0.9967682215109597
4960.7			1.0164374703125596
4961.6			0.9963880613087899
4962.5			1.0
4963.4			1.0
4964.3			1.0
4965.2			1.0
4966.1			1.0
4967.0			1.0
4967.9			1.0
4968.8			1.0
4969.7			1.0
4970.6			1.0
4971.5			1.0
4972.4			1.0
4973.3			1.0
4974.2			1.0
4975.1			0.9933467207423361
4976.0			0.9745260376926478
4976.9			0.9566402415485438
4977.8			0.9273623610509523
4978.7			0.9022872031772653
4979.6			0.9079513685966123
4980.5			1.0
4981.4			0.9618682929622003
4982.3			0.8955056725818695
4983.2			0.8634741739577972
4984.1			0.8846370824529894
4985.0			0.9202577181492511
4985.9			0.9596994887080086
4986.8			1.0153119353196793
4987.7			1.0533528338736209
4988.6			1.0496581835685714
4989.5			1.026928181782232
4990.4			1.0034340747158799
4991.3			0.996632770836135
4992.2			1.013730551758814
4993.1			1.0160316964218776
4994.0			1.0060990894191109
4994.9			1.0262459279267198
4995.8			1.0492416637420672
4996.7			1.0402479001930394
4997.6			1.0171862967285379
4998.5			0.9856325999621904
4999.4			0.9439426594674731
5000.3			0.9196211013372887
5001.2			0.9205532143662805
5002.1			0.9267379293071574
5003.0			0.924485372833976
5003.9			0.903643555530235
5004.8			0.8588689995608481
5005.7			0.8170836398491924
5006.6			0.8295690056767797
5007.5			0.9046563254422347
5008.4			0.9745610333962681
5009.3			0.9844237231320058
5010.2			0.9569728560326212
5011.1			0.9160123801775629
5012.0			0.8575273216056413
5012.9			0.8053965296554396
5013.8			0.7888924217233331
5014.7			0.816556703090813
5015.6			0.8648537944148192
5016.5			0.8796171386433984
5017.4			0.8566860315931302
5018.3			0.846791264059015
5019.2			0.8686775763394379
5020.1			0.8853125713681794
5021.0			0.871645843295467
5021.9			0.8509162458288277
5022.8			0.861710997362502
5023.7			0.900397855442887
5024.6			0.9247125830419086
5025.5			0.9209990108341207
5026.4			0.8942161673673967
5027.3			0.8595972547414605
5028.2			0.8680083925900008
5029.1			0.9145746370277222
5030.0			0.9422762249914332
5030.9			0.9532739353012667
5031.8			1.0
5032.7			1.044509117130377
5033.6			1.0614530059541507
5034.5			1.019173443293085
5035.4			0.9421752233839636
5036.3			0.9097507615908261
5037.2			0.9410809329860762
5038.1			0.955862979027617
5039.0			0.9054808073148779
5039.9			0.8185602807016554
5040.8			0.7550427699989107
5041.7			0.7945511656582462
5042.6			0.9295889002444561
5043.5			1.0479792568430952
5044.4			1.1093509784039859
5045.3			1.1574199407239019
5046.2			1.1852169369712078
5047.1			1.1458119231283614
5048.0			1.0564799758826038
5048.9			1.0001607625846873
5049.8			1.0
5050.7			1.0
5051.6			1.0
5052.5			1.0
5053.4			1.0
5054.3			1.0
5055.2			1.0
5056.1			1.0
5057.0			1.0
5057.9			1.0
5058.8			1.0
5059.7			1.0
5060.6			1.0
5061.5			1.0
5062.4			1.0
5063.3			1.0
5064.2			1.0
5065.1			1.0
5066.0			1.0
5066.9			1.0
5067.8			1.0
5068.7			1.0
5069.6			1.0
5070.5			1.0182475930938186
5071.4			0.9843815914296423
5072.3			0.9496228480342922
5073.2			0.9684276870159714
5074.1			1.0005781857916733
5075.0			0.9959455104885417
5075.9			0.9849630543942813
5076.8			0.999531176151571
5077.7			0.9907542926972931
5078.6			0.907576984018991
5079.5			0.8106529197237471
5080.4			0.7979189315965826
5081.3			0.8558363118456356
5082.2			0.9003238012306103
5083.1			0.9077726972518161
5084.0			0.9190732439190955
5084.9			0.94824076316589
5085.8			0.9692965436240072
5086.7			0.9722767551997802
5087.6			0.9709996820358688
5088.5			0.9797244197989825
5089.4			0.9944941566354222
5090.3			0.9996399566263148
5091.2			1.0
5092.1			1.0
5093.0			1.0
5093.9			1.0
5094.8			0.9861811314049075
5095.7			0.9585844476234419
5096.6			0.9211382895574501
5097.5			0.8714894621332712
5098.4			0.8270451236351691
5099.3			0.8324632770745024
5100.2			1.0
5101.1			1.080142543610361
5102.0			1.102703287177085
5102.9			1.0716240375586874
5103.8			1.0315364847765927
5104.7			1.013054961306125
5105.6			1.0039492111077395
5106.5			0.9769679872932221
5107.4			0.9418505270404486
5108.3			0.9273936946200273
5109.2			0.9219644743166978
5110.1			0.9148629849206793
5111.0			0.9353139675227432
5111.9			0.9724563666834045
5112.8			1.0
5113.7			1.0045963650142014
5114.6			1.0124522360782302
5115.5			1.018910077472755
5116.4			1.034034517798624
5117.3			1.0571768088206008
5118.2			1.066066465257765
5119.1			1.050909359152803
5120.0			1.0183481169727235
5120.9			0.9796088462259726
5121.8			0.9399579290731976
5122.7			1.0
5123.6			0.9500878489991043
5124.5			0.9444610989481012
5125.4			0.9723774116376023
5126.3			0.9892698079756057
5127.2			0.9827935670303007
5128.1			0.9696161154898931
5129.0			0.9675293023341762
5129.9			0.9855162605307699
5130.8			1.0188490979834348
5131.7			1.04802099155941
5132.6			1.0615997097226215
5133.5			1.0713711658495197
5134.4			1.0912410754455382
5135.3			1.1003584909592714
5136.2			1.0667155903628824
5137.1			1.0126237896640236
5138.0			0.9714299181511893
5138.9			0.9495876799374862
5139.8			0.9674142403392569
5140.7			1.0011978826139698
5141.6			0.9782316030448739
5142.5			0.9294353446452631
5143.4			0.9411620591047692
5144.3			0.9833042015289822
5145.2			0.9805057629532028
5146.1			0.9439492664063746
5147.0			0.9208292717632888
5147.9			0.9280446321268665
5148.8			0.954975858751557
5149.7			0.9685330564975866
5150.6			0.951135729249189
5151.5			0.9298399588482011
5152.4			0.9256459581828851
5153.3			0.9293474430626995
5154.2			0.9400414066555444
5155.1			0.9650737488811477
5156.0			0.9966985253532181
5156.9			1.0249711061495927
5157.8			1.0377309751990542
5158.7			1.0322182315606392
5159.6			1.0284259065036498
5160.5			1.0
5161.4			0.9926474203983684
5162.3			0.9667597660893805
5163.2			0.9479855919485946
5164.1			0.9217170087193779
5165.0			0.8646209149412022
5165.9			0.7825655615933498
5166.8			0.7030727591184339
5167.7			0.6917189049818944
5168.6			0.7989505170127951
5169.5			0.9602645262158029
5170.4			1.021541331402377
5171.3			0.9056730511023161
5172.2			0.7495689555674451
5173.1			0.7698976626342879
5174.0			0.9901053298540943
5174.9			1.2236092703126364
5175.8			1.334124457892837
5176.7			1.3736551030100481
5177.6			1.0
5178.5			1.012573281404947
5179.4			1.0028906843811294
5180.3			0.9694903342003458
5181.2			0.895874747165967
5182.1			0.7557079600798932
5183.0			0.5986398844187265
5183.9			0.5605869996996602
5184.8			0.691082052602933
5185.7			1.0
5186.6			1.1053714432823343
5187.5			1.111753093499312
5188.4			1.0980150868101823
5189.3			1.1153347345063869
5190.2			1.1087492589163956
5191.1			1.0114810704403812
5192.0			0.897606544563542
5192.9			0.8824114616275511
5193.8			0.9323473276286901
5194.7			0.9478559032971566
5195.6			0.932053134244383
5196.5			0.9382290637785378
5197.4			0.9640009813020844
5198.3			0.9858849812445554
5199.2			0.9988911496682773
5200.1			1.0
5201.0			0.9986737598560718
5201.9			0.9911637964845158
5202.8			0.9843724486741162
5203.7			0.9548849167312558
5204.6			0.8911737942041505
5205.5			0.8449503867835378
5206.4			0.8481913753253912
5207.3			0.8510818763510227
5208.2			0.8323109827941381
5209.1			0.8456107166476057
5210.0			0.905381733557999
5210.9			0.9729011042147052
5211.8			1.0326733711059577
5212.7			1.077174963580338
5213.6			1.0859230596318223
5214.5			1.050047770079618
5215.4			0.9991374592454385
5216.3			1.0
5217.2			1.0
5218.1			1.0
5219.0			1.0
5219.9			1.0
5220.8			1.00270499598933
5221.7			0.9959570533682824
5222.6			0.9674523862967449
5223.5			0.9180615776113624
5224.4			0.8593473674387351
5225.3			0.7968848197789548
5226.2			0.7462196649382445
5227.1			0.755318482654168
5228.0			0.8476545161422142
5228.9			0.9531445577121868
5229.8			1.0027614865873857
5230.7			1.0144565384357338
5231.6			1.0018019046831583
5232.5			1.0
5233.4			1.0
5234.3			1.0
5235.2			1.0
5236.1			1.0
5237.0			1.0
5237.9			1.0
5238.8			1.0
5239.7			1.0001155195838691
5240.6			1.013737264333617
5241.5			1.0202894799364193
5242.4			1.0124171450718613
5243.3			1.0175874775894536
5244.2			1.047065410268108
5245.1			1.0520705089142253
5246.0			0.9915873669931397
5246.9			0.9158529056554333
5247.8			0.9000803626400541
5248.7			0.9233902304902599
5249.6			0.91733606771014
5250.5			0.8986263226514826
5251.4			0.9219007175389652
5252.3			0.9694652845747949
5253.2			1.0
5254.1			0.9675075365966934
5255.0			0.9362723053494728
5255.9			0.971711050385279
5256.8			1.0573275890771074
5257.7			1.1190202186975242
5258.6			1.1299217577744955
5259.5			1.1065818429565943
5260.4			1.0602179013658954
5261.3			0.9925080809948293
5262.2			0.914783429497499
5263.1			0.8486304394221487
5264.0			0.802665491309551
5264.9			0.7689927668830977
5265.8			0.7648821985092304
5266.7			0.8204152163771937
5267.6			0.8736014548283364
5268.5			0.8200685362395723
5269.4			0.7147249690502774
5270.3			0.7211443202188182
5271.2			0.8508118230203155
5272.1			0.9604958320578871
5273.0			0.9813326879745583
5273.9			0.9590214129651518
5274.8			0.9334066640668995
5275.7			0.9393889532433181
5276.6			1.007829348299394
5277.5			1.0
5278.4			1.025469359244957
5279.3			0.9965150276986999
5280.2			0.9461645499285235
5281.1			0.9038318218847728
5282.0			0.8774705163654158
5282.9			0.855531146969899
5283.8			0.8496104874426029
5284.7			0.8953328532632379
5285.6			0.9765863002422045
5286.5			1.0267050503235335
5287.4			1.0200686971045927
5288.3			0.9962309831533419
5289.2			1.0
5290.1			1.025212345274598
5291.0			1.0353516733278783
5291.9			1.0153088972936728
5292.8			0.9843064316945317
5293.7			0.9683312303535692
5294.6			0.9613735294883509
5295.5			0.9309554364915869
5296.4			0.8650560575797935
5297.3			0.7970307919954948
5298.2			0.7850975884073459
5299.1			0.838932289332413
5300.0			0.8905720140668975
5300.9			0.8952027176741779
5301.8			0.8922569556072815
5302.7			0.922965048156889
5303.6			0.9728516742645976
5304.5			1.0098546097238705
5305.4			1.0181641441918976
5306.3			0.9998703527361075
5307.2			1.0
5308.1			1.0
5309.0			1.0
5309.9			1.0
5310.8			1.0
5311.7			1.0
5312.6			1.0
5313.5			1.0
5314.4			1.0
5315.3			1.0
5316.2			1.0
5317.1			1.0
5318.0			1.0135244325126285
5318.9			1.0215307848807282
5319.8			1.0211650401353842
5320.7			1.0242415114624837
5321.6			1.0260644910678482
5322.5			1.0103690206811053
5323.4			0.9732007110580526
5324.3			0.946505171514027
5325.2			0.9565606787137165
5326.1			0.9499908814696142
5327.0			0.862070646595321
5327.9			0.7495610189524694
5328.8			0.7433489690285044
5329.7			0.8603047562850827
5330.6			0.9811039779098264
5331.5			1.0218786015345536
5332.4			1.0123111684688715
5333.3			1.0209233281758123
5334.2			1.066002950311441
5335.1			1.1059933274610287
5336.0			1.0
5336.9			0.9917075821525436
5337.8			0.987254360141376
5338.7			0.9627948668749314
5339.6			0.9015168105818882
5340.5			0.8543626887086483
5341.4			0.8785031987633288
5342.3			0.946356686605669
5343.2			0.992800014456522
5344.1			0.9998242111896173
5345.0			1.0
5345.9			1.0
5346.8			1.0
5347.7			1.0
5348.6			1.0
5349.5			1.0
5350.4			1.0
5351.3			1.0
5352.2			1.0
5353.1			1.0
5354.0			1.0
5354.9			1.0
5355.8			1.0
5356.7			1.0
5357.6			1.0
5358.5			1.0
5359.4			1.0
5360.3			1.0
5361.2			1.0
5362.1			1.0
5363.0			0.996914029646049
5363.9			0.993094028364087
5364.8			0.9742432993708968
5365.7			0.9621633091570747
5366.6			0.9658648328210342
5367.5			0.9679679085665145
5368.4			0.9517218732940109
5369.3			0.9034756517469854
5370.2			0.8382914344885621
5371.1			0.8098378370669702
5372.0			0.855726172178699
5372.9			0.9437564028773658
5373.8			1.0091685655062865
5374.7			1.0328591295184564
5375.6			1.0283270036084675
5376.5			1.0053299430627798
5377.4			0.9898640928638497
5378.3			0.9956207550020965
5379.2			0.999772327778243
5380.1			1.0
5381.0			0.990087402241781
5381.9			0.9861928105084241
5382.8			0.9842893018656164
5383.7			0.99403007256887
5384.6			1.018823588156825
5385.5			1.0322914444869942
5386.4			1.02267624503987
5387.3			1.007136874999161
5388.2			0.9914227721322253
5389.1			0.9702314018553754
5390.0			0.9506345258668781
5390.9			0.9431425924941935
5391.8			0.9470547847863721
5392.7			0.9543617828046497
5393.6			0.9583330237079088
5394.5			0.9585222272305127
5395.4			0.9414279591386336
5396.3			0.8971472494813147
5397.2			0.8731740197668948
5398.1			0.9143438854384756
5399.0			0.9737463038939437
5399.9			0.9935736426344819
5400.8			0.9977166630382893
5401.7			1.018572873354951
5402.6			1.0223300011520866
5403.5			0.9706061361120539
5404.4			0.8894691221164762
5405.3			0.8381129694497118
5406.2			0.853601520553711
5407.1			0.917362170161582
5408.0			0.968826889570115
5408.9			0.9685903525756878
5409.8			0.9507842483924867
5410.7			0.9753567326098492
5411.6			1.0377785311634509
5412.5			1.084444704848286
5413.4			1.0914325338380082
5414.3			1.0829437229747396
5415.2			1.0928179962104454
5416.1			1.1248861291231715
5417.0			1.1504905740235312
5417.9			1.147499839271972
5418.8			1.1198724760507157
5419.7			1.0
5420.6			0.9820359542859013
5421.5			0.9952604052372553
5422.4			1.0046987547003898
5423.3			0.9762612131120155
5424.2			0.9448704048124525
5425.1			0.9623683784654522
5426.0			1.0130971314582429
5426.9			1.0428582500728083
5427.8			1.010132161631207
5428.7			0.9216303368471913
5429.6			0.8603968257427723
5430.5			0.8871051177695519
5431.4			0.935639785166697
5432.3			0.9288572279145318
5433.2			0.8889586382944787
5434.1			0.8609219839902226
5435.0			0.8516911209041987
5435.9			0.8616920558000228
5436.8			0.8959391166672916
5437.7			0.9511844798133351
5438.6			1.0019527257683378
5439.5			1.0
5440.4			1.0
5441.3			1.0
5442.2			1.0
5443.1			0.995685248074465
5444.0			0.9701596844511551
5444.9			0.91670861863779
5445.8			0.8502435179041276
5446.7			0.815596022312316
5447.6			0.8534491382289244
5448.5			0.9312814965983247
5449.4			0.9861742508020707
5450.3			1.0
5451.2			0.9920296849917634
5452.1			0.9756725825746463
5453.0			0.9528685384664626
5453.9			0.912809768992658
5454.8			0.8635914269813769
5455.7			0.8523693350697119
5456.6			0.9061998365008672
5457.5			0.9821564810892464
5458.4			1.0270288753373398
5459.3			1.0281833939943714
5460.2			1.0
5461.1			0.9664694503929443
5462.0			0.9325718308520748
5462.9			0.911306360576515
5463.8			0.9285067708584646
5464.7			0.9694536729118662
5465.6			0.9877071810147802
5466.5			0.981397768155444
5467.4			0.9815480502339569
5468.3			0.9857990650943095
5469.2			0.9712397475862049
5470.1			0.9492663523973359
5471.0			0.947616135347937
5471.9			0.9560249205253053
5472.8			0.9464777498423899
5473.7			0.9357347126668767
5474.6			0.932323838403779
5475.5			1.0
5476.4			0.934065221548929
5477.3			0.9348258442148002
5478.2			1.0097486142458754
5479.1			1.06182188935249
5480.0			1.0307279037663692
5480.9			0.9649145713899825
5481.8			0.9403280161296262
5482.7			0.9680535568747369
5483.6			1.018138024851802
5484.5			1.0656734087240116
5485.4			1.078706059492794
5486.3			1.0384255141237664
5487.2			0.9816276678191235
5488.1			0.9627790510873904
5489.0			0.9772456730436979
5489.9			0.9893105599427319
5490.8			0.9960829672545181
5491.7			0.9995456840026077
5492.6			0.9835591780065157
5493.5			0.9619109534207442
5494.4			0.9656838038523866
5495.3			0.9807756323324015
5496.2			0.9705224664028707
5497.1			0.9484587129958718
5498.0			0.960527958938109
5498.9			0.9968672352922621
5499.8			1.0012411027303822
5500.7			1.0
5501.6			1.0
5502.5			1.0
5503.4			1.0
5504.3			1.004452336274425
5505.2			0.9837170174337087
5506.1			0.9560630789425615
5507.0			0.964025051808944
5507.9			1.0002241367573788
5508.8			1.016003650581755
5509.7			1.003268071941491
5510.6			0.9763231366403513
5511.5			0.9379796631752256
5512.4			0.9068855344351516
5513.3			0.9051519688824851
5514.2			1.0
5515.1			1.0190892786178334
5516.0			1.029406774460184
5516.9			1.0449257243732337
5517.8			1.0769014088350968
5518.7			1.1010939376440187
5519.6			1.096338577692777
5520.5			1.0793734510379511
5521.4			1.066423577654081
5522.3			1.0604007989866724
5523.2			1.0584881760566087
5524.1			1.054265412079565
5525.0			1.041907021931268
5525.9			1.0191479735016906
5526.8			0.9831470528816323
5527.7			0.9454135291156316
5528.6			0.9412414972150984
5529.5			0.9756964165399686
5530.4			1.0076684307516202
5531.3			1.0135887668226784
5532.2			1.0066139059827006
5533.1			0.9997322633723569
5534.0			0.9880511315981918
5534.9			0.9724565270090435
5535.8			0.9688400657914974
5536.7			0.9719964059721996
5537.6			0.9692995010410176
5538.5			0.9742100612277851
5539.4			0.996956907990195
5540.3			1.0193217354401254
5541.2			1.0216352598124376
5542.1			1.0004605240913949
5543.0			1.0
5543.9			1.0
5544.8			1.0
5545.7			1.0
5546.6			1.0
5547.5			1.0
5548.4			1.0
5549.3			1.0
5550.200000000001			1.0
5551.1			1.0
5552.0			1.0
5552.9			1.0
5553.8			1.0
5554.700000000001			1.0
5555.6			1.0
5556.5			1.0
5557.4			1.0
5558.3			1.0
5559.200000000001			1.0
5560.1			1.0
5561.0			1.0
5561.9			1.0
5562.8			1.0
5563.700000000001			1.0
5564.6			1.0
5565.5			1.0
5566.4			1.0
5567.3			1.0
5568.200000000001			1.0
5569.1			1.0
5570.0			1.0
5570.9			1.0
5571.8			1.0
5572.700000000001			1.0
5573.6			1.0
5574.5			1.0
5575.4			1.0071410700283818
5576.3			1.002225664130828
5577.200000000001			1.0058902934860274
5578.1			1.0025628289741924
5579.0			1.0002675769748166
5579.9			1.0155217424416727
5580.8			1.0245943583369073
5581.700000000001			1.018224285173116
5582.6			1.0146829316400428
5583.5			1.011628776023601
5584.4			0.9947154909299339
5585.3			0.9673808976915003
5586.200000000001			0.9313576668744855
5587.1			0.8970839594915284
5588.0			0.8900374507281221
5588.9			0.9079190115773149
5589.8			0.9354622502599648
5590.700000000001			0.9623245251837762
5591.6			0.9786652521982568
5592.5			0.9845274290071212
5593.4			0.9854641927761982
5594.3			0.9969899879647626
5595.200000000001			1.0
5596.1			1.0369075286226859
5597.0			1.0282235682999799
5597.9			0.9815131905078872
5598.8			0.948269354276418
5599.700000000001			0.9368189044219926
5600.6			0.9190733071373417
5601.5			0.8963050244512949
5602.4			0.8890749512647939
5603.3			0.9139728698246442
5604.200000000001			0.9668027685385713
5605.1			1.011544733546206
5606.0			1.0259262130871596
5606.9			1.0
5607.8			0.9998495531834316
5608.700000000001			1.0002148688802266
5609.6			1.0049508532730627
5610.5			1.016210437614022
5611.4			1.0344663578632893
5612.3			1.0470910859628033
5613.200000000001			1.0277274053094232
5614.1			0.9587766560678469
5615.0			0.8879870065109486
5615.9			0.8911368329712889
5616.8			0.9597035861731301
5617.700000000001			1.0130501805550804
5618.6			1.0191897782870212
5619.5			1.0
5620.4			1.0020421818090623
5621.3			1.0214485709331196
5622.200000000001			1.026232991472711
5623.1			0.9874612987445661
5624.0			0.9217563866858681
5624.9			0.8843950881528919
5625.8			0.9013495167874468
5626.700000000001			0.9322145326163738
5627.6			0.9476085394063092
5628.5			0.9665583526728545
5629.4			0.9952354724201279
5630.3			1.0
5631.200000000001			1.0
5632.1			1.0
5633.0			1.0
5633.9			1.0
5634.8			1.0
5635.700000000001			1.0
5636.6			1.0
5637.5			1.0
5638.4			1.0
5639.3			1.0
5640.200000000001			1.0
5641.1			1.0
5642.0			1.0
5642.9			1.0
5643.8			1.0
5644.700000000001			1.0
5645.6			1.0
5646.5			1.0
5647.4			1.0085143744651728
5648.3			1.0033401099512402
5649.200000000001			0.9862304283146951
5650.1			0.983229206430107
5651.0			1.006991087358314
5651.9			1.0327404962815767
5652.8			1.0279863119898995
5653.700000000001			0.9948644826583037
5654.6			0.9676588001111607
5655.5			0.9742904721566228
5656.4			0.9821835174461655
5657.3			0.9426300235173826
5658.200000000001			0.8911678921485598
5659.1			0.8995399176674501
5660.0			0.9524653501888172
5660.9			0.9761943099473712
5661.8			0.9604805562405492
5662.700000000001			0.9561137311602174
5663.6			0.9863217512276478
5664.5			1.0245207597832333
5665.4			1.0359528095533526
5666.3			1.0186539173454903
5667.200000000001			0.996523471517271
5668.1			0.991350768173319
5669.0			1.0003125685518681
5669.9			1.0
5670.8			1.0
5671.700000000001			1.0
5672.6			1.0
5673.5			1.0
5674.4			1.0
5675.3			1.0
5676.200000000001			1.0
5677.1			1.0
5678.0			1.0
5678.9			1.0
5679.8			1.0
5680.700000000001			1.0
5681.6			1.0
5682.5			1.0
5683.4			1.0
5684.3			1.0
5685.200000000001			1.0
5686.1			1.0
5687.0			1.0
5687.9			1.0
5688.8			1.0
5689.700000000001			1.0
5690.6			1.0
5691.5			1.014023357381205
5692.4			1.0262559408998073
5693.3			1.025844061704835
5694.200000000001			1.0161381591029206
5695.1			1.0126094635870277
5696.0			1.0156153615440646
5696.9			1.0027620111084916
5697.8			0.9711927251380975
5698.700000000001			0.9487834178405872
5699.6			0.9432353203001969
5700.5			0.933814929627922
5701.4			0.922390537482794
5702.3			0.9321458473879407
5703.200000000001			0.9603932169413072
5704.1			0.9793318789791662
5705.0			0.9670330419393292
5705.9			0.9342478934699979
5706.8			0.9096428938829446
5707.700000000001			0.8949815703891288
5708.6			0.8802216104178291
5709.5			0.8774987720127496
5710.4			0.8874589570282784
5711.3			0.8930905843273642
5712.200000000001			0.9100350656328726
5713.1			0.9499820289897767
5714.0			0.984342534662253
5714.9			0.9983554639739664
5715.8			1.009086592077448
5716.700000000001			1.018548661083106
5717.6			1.0213582001426935
5718.5			1.0288631369087886
5719.4			1.0433990436006282
5720.3			1.0524506143922538
5721.200000000001			1.057175696832174
5722.1			1.0662201056669558
5723.0			1.0745891237647953
5723.9			1.075234552394303
5724.8			1.0651222148441446
5725.700000000001			1.0398235245816123
5726.6			1.0067260884412912
5727.5			0.9999654558889891
5728.4			1.0
5729.3			1.0
5730.200000000001			1.0
5731.1			1.0
5732.0			1.0
5732.9			1.0
5733.8			1.0
5734.700000000001			1.0
5735.6			1.0
5736.5			1.0
5737.4			1.0
5738.3			1.0
5739.200000000001			1.0
5740.1			1.0
5741.0			1.0
5741.9			1.0
5742.8			1.0
5743.700000000001			1.0
5744.6			1.0
5745.5			1.0
5746.4			1.0
5747.3			1.0
5748.200000000001			1.0
5749.1			1.0171300949142936
5750.0			1.0489762346633555
5750.9			1.0490038860935043
5751.8			1.0087539957579776
5752.700000000001			0.953067986469061
5753.6			0.9138205611572435
5754.5			0.9149723115517004
5755.4			0.9528313525063798
5756.3			0.9908492333861549
5757.200000000001			1.0
5758.1			0.9974578194990178
5759.0			0.9787427791413298
5759.9			0.9504528235671958
5760.8			0.9214093471870165
5761.700000000001			0.8993207444822412
5762.6			0.8971149967206354
5763.5			0.9275959921978344
5764.4			0.9723348887717385
5765.3			0.9992066458255279
5766.200000000001			1.0034175021177703
5767.1			0.9998588203376478
5768.0			1.0
5768.9			1.0
5769.8			1.0
5770.700000000001			1.0
5771.6			1.0
5772.5			0.9947692875626096
5773.4			0.9952346892104905
5774.3			0.9956325314816871
5775.200000000001			1.0021025164429973
5776.1			1.0168090708073332
5777.0			1.0270400528520884
5777.9			1.0220759837131101
5778.8			0.9993125967838705
5779.700000000001			0.95503638333337
5780.6			0.9022604021930927
5781.5			0.8776496577720703
5782.4			0.8921192870621881
5783.3			0.9105557722653512
5784.200000000001			0.9028643583548682
5785.1			0.8941343619998902
5786.0			0.923834900908404
5786.9			0.9769779446554872
5787.8			1.0126606634283875
5788.700000000001			1.0240311735039342
5789.6			1.0161814871608106
5790.5			0.9987249013253984
5791.4			1.0
5792.3			1.0
5793.200000000001			1.0
5794.1			1.0
5795.0			1.0
5795.9			1.0
5796.8			1.0
5797.700000000001			1.0
5798.6			1.0
5799.5			1.0
5800.4			1.0
5801.3			1.0
5802.200000000001			1.0
5803.1			1.0
5804.0			1.0
5804.9			1.0
5805.8			1.0
5806.700000000001			1.0
5807.6			1.0
5808.5			1.0
5809.4			1.0
5810.3			1.0
5811.200000000001			1.0
5812.1			1.0
5813.0			1.0
5813.9			1.0
5814.8			1.0
5815.700000000001			1.0
5816.6			1.0
5817.5			1.0
5818.4			1.0
5819.3			1.0
5820.200000000001			1.0
5821.1			1.0
5822.0			1.0
5822.9			1.0
5823.8			1.0
5824.700000000001			1.0
5825.6			1.0
5826.5			1.0
5827.4			1.0
5828.3			1.0
5829.200000000001			1.0
5830.1			1.0
5831.0			1.0
5831.9			1.0
5832.8			1.0
5833.700000000001			1.0
5834.6			1.0
5835.5			1.0
5836.4			1.0
5837.3			1.0
5838.200000000001			1.0
5839.1			1.0
5840.0			1.0
5840.9			1.0
5841.8			1.0
5842.700000000001			1.0
5843.6			1.0
5844.5			1.0
5845.4			1.0
5846.3			0.9815949895435736
5847.200000000001			0.9678040817529158
5848.1			0.9712243863635317
5849.0			0.9859962154663982
5849.9			0.998141816464878
5850.8			0.9973129074272774
5851.700000000001			0.9778441266883598
5852.6			0.9498427977356736
5853.5			0.9390717557557178
5854.4			0.9511114091483963
5855.3			0.958301383850862
5856.200000000001			0.9369331087705307
5857.1			0.9037753455039323
5858.0			0.8944301836528828
5858.9			0.9162710425956906
5859.8			0.9468147475822313
5860.700000000001			0.9664215866023284
5861.6			0.9686084684318628
5862.5			0.9640882228180478
5863.4			0.9682098136792731
5864.3			0.9764762149879499
5865.200000000001			0.971919822853533
5866.1			0.9545336996544836
5867.0			0.9498915066892571
5867.9			0.967107169677292
5868.8			0.9881272507876835
5869.700000000001			0.9999608018866385
5870.6			1.0
5871.5			1.0
5872.4			1.0
5873.3			1.0
5874.200000000001			1.0
5875.1			1.0
5876.0			1.0
5876.9			1.0
5877.8			1.0
5878.700000000001			1.0
5879.6			1.0
5880.5			0.9955284049501106
5881.4			1.0084397460821086
5882.3			1.0171244110808433
5883.200000000001			1.0081457552581121
5884.1			0.999120913418786
5885.0			1.0101611774473953
5885.9			1.0292068762850857
5886.8			1.0260984885557138
5887.700000000001			0.9692297692358137
5888.6			0.8461535902349042
5889.5			0.7206511907703876
5890.4			0.7020194745870214
5891.3			0.7925933486774973
5892.200000000001			0.8875775554672819
5893.1			0.9297534774420458
5894.0			0.9177501118136097
5894.9			0.8470525297887888
5895.8			0.7806126590204839
5896.700000000001			0.8089672999345257
5897.6			0.898988499682605
5898.5			0.9566138492070804
5899.4			0.9771662970090823
5900.3			1.0001825498972963
5901.200000000001			1.0
5902.1			1.0
5903.0			1.0
5903.9			1.0
5904.8			1.0
5905.700000000001			1.0
5906.6			1.0
5907.5			1.0
5908.4			1.0
5909.3			1.0
5910.200000000001			1.0
5911.1			1.0
5912.0			1.0
5912.9			1.0
5913.8			1.0
5914.700000000001			1.0
5915.6			1.0
5916.5			1.0
5917.4			1.0
5918.3			1.0
5919.200000000001			1.0
5920.1			1.0
5921.0			1.0
5921.9			1.0
5922.8			1.0
5923.700000000001			1.0
5924.6			1.0
5925.5			1.0
5926.4			1.0
5927.3			1.0
5928.200000000001			1.0
5929.1			1.0
5930.0			1.0
5930.9			1.0
5931.8			1.0
5932.700000000001			1.0
5933.6			1.0
5934.5			1.0
5935.4			1.0
5936.3			1.0
5937.200000000001			1.0
5938.1			1.0
5939.0			1.0
5939.9			1.0
5940.8			1.0
5941.700000000001			1.0
5942.6			1.0
5943.5			1.0
5944.4			1.0
5945.3			1.0
5946.200000000001			1.0
5947.1			1.0
5948.0			1.0
5948.9			1.0
5949.8			1.0
5950.700000000001			1.0
5951.6			1.0
5952.5			1.0
5953.4			1.0
5954.3			1.0
5955.200000000001			1.0
5956.1			1.0
5957.0			1.0
5957.9			1.0
5958.8			1.0
5959.700000000001			1.0
5960.6			1.0
5961.5			1.0
5962.4			1.0
5963.3			1.0
5964.200000000001			1.0
5965.1			1.0
5966.0			1.0
5966.9			1.0
5967.8			1.0
5968.700000000001			1.0
5969.6			1.0
5970.5			1.0
5971.4			1.0
5972.3			1.0
5973.200000000001			1.0
5974.1			1.0
5975.0			1.0
5975.9			1.0
5976.8			1.0
5977.700000000001			1.0
5978.6			1.0
5979.5			1.0
5980.4			1.0
5981.3			1.0
5982.200000000001			1.0
5983.1			1.0
5984.0			1.0
5984.9			1.0
5985.8			1.0
5986.700000000001			1.0
5987.6			1.0
5988.5			1.0
5989.4			1.0
5990.3			1.0
5991.200000000001			1.0
5992.1			1.0
5993.0			1.0
5993.9			1.0239748516812317
5994.8			1.0249718591449426
5995.700000000001			1.0052605496654772
5996.6			0.9769415861793206
5997.5			0.9565360808974473
5998.4			0.9581757727363656
5999.3			0.9797082597830429
6000.200000000001			1.0054480704110966
6001.1			1.0148911647572898
6002.0			1.0022966446185373
6002.9			0.9895901178011983
6003.8			0.9983835452184531
6004.700000000001			1.0105113777076182
6005.6			1.0030693669153636
6006.5			0.97813850589817
6007.4			0.9504198225345393
6008.3			0.947162791338596
6009.200000000001			0.9841861855598939
6010.1			1.0292183380296074
6011.0			1.0403560945301245
6011.9			1.0161865098478875
6012.8			0.9875603462367847
6013.700000000001			0.9830472767798287
6014.6			0.994688040375301
6015.5			0.9956226087360567
6016.4			0.9878661066050851
6017.3			0.9951843403891032
6018.200000000001			1.0077452023006284
6019.1			0.9979721690894376
6020.0			0.9769698486815505
6020.9			0.971686150008643
6021.8			0.9851169078624997
6022.700000000001			1.000747272312151
6023.6			1.0
6024.5			1.0
6025.4			1.0
6026.3			1.0
6027.200000000001			1.0
6028.1			1.0
6029.0			1.0
6029.9			1.0
6030.8			1.0
6031.700000000001			1.0
6032.6			1.0
6033.5			1.0
6034.4			1.0
6035.3			1.0
6036.200000000001			1.0
6037.1			1.0
6038.0			1.0
6038.9			1.0
6039.8			1.0
6040.700000000001			1.0
6041.6			1.0
6042.5			1.0
6043.4			1.0
6044.3			1.0
6045.200000000001			1.0
6046.1			1.0
6047.0			1.0
6047.9			1.0
6048.8			1.0
6049.700000000001			1.0
6050.6			1.0
6051.5			1.0
6052.4			1.0
6053.3			1.0
6054.200000000001			1.0
6055.1			1.0
6056.0			1.0
6056.9			1.0
6057.8			1.0
6058.700000000001			1.0
6059.6			1.0
6060.5			1.00035373932144
6061.4			0.9917406245388439
6062.3			0.9784179720963617
6063.200000000001			0.9615677027051187
6064.1			0.9372837275341013
6065.0			0.9165131054652067
6065.9			0.9275166175506406
6066.8			0.9665758206186706
6067.700000000001			0.9985875403044318
6068.6			1.006623292354565
6069.5			1.001836937275621
6070.4			1.0
6071.3			1.0
6072.200000000001			1.0
6073.1			1.0
6074.0			1.0
6074.9			1.0
6075.8			1.0
6076.700000000001			1.0
6077.6			1.0
6078.5			1.0
6079.4			1.0
6080.3			1.0
6081.200000000001			1.0
6082.1			1.0
6083.0			1.0
6083.9			1.0
6084.8			1.0
6085.700000000001			1.0
6086.6			1.0
6087.5			1.0
6088.4			1.0
6089.3			1.0
6090.200000000001			1.0
6091.1			1.0
6092.0			1.0
6092.9			1.0
6093.8			1.0
6094.700000000001			1.0
6095.6			1.0
6096.5			1.0
6097.4			1.0
6098.3			1.0
6099.200000000001			1.0209212508681766
6100.1			1.0251943637855585
6101.0			0.9904784570647427
6101.9			0.9312729403562665
6102.8			0.9011061368068898
6103.700000000001			0.929116260638855
6104.6			0.9767947292009392
6105.5			1.001196463939132
6106.4			0.9997548747691261
6107.3			1.0
6108.200000000001			1.0
6109.1			1.0
6110.0			1.0
6110.9			1.0
6111.8			1.0
6112.700000000001			1.0
6113.6			1.0
6114.5			1.0
6115.4			1.0
6116.3			1.0
6117.200000000001			1.0
6118.1			1.0
6119.0			1.0
6119.9			1.0
6120.8			1.0
6121.700000000001			1.0
6122.6			1.0
6123.5			1.0
6124.4			1.0
6125.3			1.0
6126.200000000001			1.0
6127.1			1.0
6128.0			1.0
6128.9			1.0
6129.8			1.0
6130.700000000001			1.0
6131.6			1.0
6132.5			1.0
6133.4			1.0053579587450874
6134.3			0.9834231446665931
6135.200000000001			0.923428015488935
6136.1			0.8471385377243709
6137.0			0.8112893382944489
6137.9			0.8557665237802786
6138.8			0.9449023194708678
6139.700000000001			1.0031220599657067
6140.6			0.9981097903421666
6141.5			1.0
6142.4			1.0
6143.3			1.0
6144.200000000001			1.0
6145.1			1.0
6146.0			1.0
6146.9			1.0
6147.8			1.0
6148.700000000001			1.0
6149.6			1.0
6150.5			1.0
6151.4			1.0
6152.3			1.0
6153.200000000001			1.0
6154.1			1.0
6155.0			1.0
6155.9			1.0
6156.8			1.0029107949077747
6157.700000000001			1.0034502763885305
6158.6			1.0072682351034234
6159.5			0.995613836079954
6160.4			0.9480375994107358
6161.3			0.8868905792675865
6162.200000000001			0.8574032734764562
6163.1			0.8758575888738216
6164.0			0.919765425943939
6164.9			0.9564701814087243
6165.8			0.9790990924838467
6166.700000000001			0.9995251090343542
6167.6			0.9997049169203408
6168.5			1.0
6169.4			1.0
6170.3			1.0
6171.200000000001			1.0
6172.1			1.0
6173.0			1.0
6173.9			1.0
6174.8			1.0
6175.700000000001			1.0
6176.6			1.0
6177.5			1.0
6178.4			1.0
6179.3			1.0
6180.200000000001			1.0
6181.1			1.0
6182.0			1.0
6182.9			1.0
6183.8			1.0
6184.700000000001			0.9968876201677975
6185.6			0.9817170833571286
6186.5			0.9585018793971597
6187.4			0.9420673145984867
6188.3			0.9397994703410878
6189.200000000001			0.9392626468807163
6190.1			0.9163253807188475
6191.0			0.8810256677691061
6191.9			0.8837357563227585
6192.8			0.9327266384744688
6193.700000000001			0.9773690061025533
6194.6			0.99292075236768
6195.5			0.9985695554190958
6196.4			1.0049311653824067
6197.3			1.0006398599453152
6198.200000000001			1.0
6199.1			1.0
6200.0			1.0
6200.9			1.0
6201.8			1.0
6202.700000000001			1.0
6203.6			1.0
6204.5			1.0
6205.4			1.0
6206.3			1.0
6207.200000000001			1.0
6208.1			1.0
6209.0			1.0036376914512823
6209.9			1.0064926709019568
6210.8			1.0090110261935208
6211.700000000001			1.004493570606783
6212.6			0.9815648246318965
6213.5			0.9520803552907866
6214.4			0.940358142548104
6215.3			0.9534446090108537
6216.200000000001			0.987045506903805
6217.1			1.027201582122935
6218.0			1.0424499134088943
6218.9			1.0228399546110063
6219.8			1.0020145347117442
6220.700000000001			1.0
6221.6			1.0
6222.5			1.0
6223.4			1.0
6224.3			1.0
6225.200000000001			1.0061981882354865
6226.1			1.016864400260691
6227.0			1.0184754238192908
6227.9			1.004868580318869
6228.8			0.9662328687424246
6229.700000000001			0.911507447670654
6230.6			0.8764495647669676
6231.5			0.8834132229284055
6232.4			0.9150664588918128
6233.3			0.9494484277883505
6234.200000000001			0.9813753234786395
6235.1			0.9998730418289079
6236.0			0.9962735250176665
6236.9			1.0
6237.8			1.0
6238.700000000001			1.0
6239.6			1.0
6240.5			1.0
6241.4			1.0
6242.3			1.0
6243.200000000001			1.0
6244.1			1.0
6245.0			1.0
6245.9			1.0
6246.8			1.0171848301378883
6247.700000000001			1.0399501182839852
6248.6			1.053017140615519
6249.5			1.0504096250948787
6250.4			1.031292887587246
6251.3			0.9947852492598831
6252.200000000001			0.9581955705552065
6253.1			0.9408701964457006
6254.0			0.9427858916720302
6254.9			0.9475518602283594
6255.8			0.9404286134926882
6256.700000000001			0.922007134052434
6257.6			0.9052341562511408
6258.5			0.9091368278850961
6259.4			0.9375291699499347
6260.3			0.9685453606278953
6261.200000000001			0.992471640115961
6262.1			1.019513934889272
6263.0			1.0374247939255268
6263.9			1.0216888259483723
6264.8			0.988554287115738
6265.700000000001			0.9803980553645096
6266.6			0.9975170290379373
6267.5			1.0081617366627584
6268.4			0.9996266218791008
6269.3			1.0
6270.200000000001			1.0
6271.1			1.0
6272.0			1.0
6272.9			1.0
6273.8			1.0
6274.700000000001			1.0
6275.6			1.0
6276.5			1.0
6277.4			1.0
6278.3			1.0
6279.200000000001			1.0
6280.1			1.0
6281.0			1.0
6281.9			1.0
6282.8			1.0
6283.700000000001			1.0
6284.6			1.0
6285.5			1.0
6286.4			1.0
6287.3			1.0
6288.200000000001			1.0
6289.1			1.0
6290.0			1.0
6290.9			1.0
6291.8			1.0
6292.700000000001			1.0
6293.6			1.0
6294.5			1.0
6295.4			1.0
6296.3			1.0
6297.200000000001			1.0
6298.1			1.0
6299.0			1.0
6299.9			1.0
6300.8			1.0
6301.700000000001			1.0
6302.6			1.0
6303.5			1.0
6304.4			1.0
6305.3			1.0
6306.200000000001			1.0150695461318342
6307.1			1.036841221187167
6308.0			1.0458744170184253
6308.9			1.0345443522780335
6309.8			1.0108802030770303
6310.700000000001			0.9895573042889642
6311.6			0.9832788298945099
6312.5			0.9896316349749152
6313.4			0.9855044284310122
6314.3			0.9618448712782153
6315.200000000001			0.9449828272684374
6316.1			0.9462939013681289
6317.0			0.9410132376394573
6317.9			0.9201429349343702
6318.8			0.9187493498015206
6319.700000000001			0.9508889128089429
6320.6			0.9801834704660732
6321.5			0.9840933582041129
6322.4			0.9807207376453044
6323.3			0.9930240336383714
6324.200000000001			1.0137884443769698
6325.1			1.0231653026615282
6326.0			1.0165515391208533
6326.9			1.0062487001289548
6327.8			1.0063926002487735
6328.700000000001			1.0117019275361594
6329.6			1.0053386593176334
6330.5			0.9947443498335636
6331.4			0.9999991581834969
6332.3			1.0
6333.200000000001			1.0
6334.1			1.0
6335.0			1.0
6335.9			1.0
6336.8			1.0
6337.700000000001			1.0
6338.6			1.0
6339.5			1.0
6340.4			1.0
6341.3			1.0
6342.200000000001			1.0
6343.1			1.0
6344.0			1.0
6344.9			1.0
6345.8			1.0
6346.700000000001			1.0
6347.6			1.0046854322108045
6348.5			1.010024308445109
6349.4			1.0122255291960294
6350.3			1.013194619030251
6351.200000000001			1.0178537432092927
6352.1			1.0173214601552685
6353.0			1.0010532810402393
6353.9			0.973886882188336
6354.8			0.9590738366082189
6355.700000000001			0.9682510345439396
6356.6			0.9748349061644299
6357.5			0.9545290641145452
6358.4			0.9242101913697108
6359.3			0.9112873262493809
6360.200000000001			0.9098663870479781
6361.1			0.9008034688031833
6362.0			0.8911385006084883
6362.9			0.8984103242694312
6363.8			0.9186445315513385
6364.700000000001			0.9375736058607376
6365.6			0.9521097175520414
6366.5			0.9679919338992965
6367.4			0.9847943740473669
6368.3			0.9911943136069503
6369.200000000001			0.9838064212714269
6370.1			0.9770250564157731
6371.0			0.9862389214204752
6371.9			1.0047382766194783
6372.8			1.0144278130595505
6373.700000000001			1.0097680464615109
6374.6			1.0016393694688255
6375.5			1.000737036385302
6376.4			0.9998677944649188
6377.3			1.0
6378.200000000001			1.0
6379.1			1.0
6380.0			1.0
6380.9			1.0
6381.8			1.0
6382.700000000001			1.0
6383.6			1.0
6384.5			1.0
6385.4			1.0
6386.3			1.0
6387.200000000001			1.0
6388.1			1.0
6389.0			1.0
6389.9			1.0
6390.8			1.0
6391.700000000001			1.0
6392.6			1.0
6393.5			1.0
6394.4			1.0
6395.3			1.0
6396.200000000001			1.0188748536981658
6397.1			1.0163342390865695
6398.0			0.9894532980727434
6398.9			0.9402103083359262
6399.8			0.9033904812993188
6400.700000000001			0.917057151431676
6401.6			0.9620231211647514
6402.5			0.9930688916463865
6403.4			0.9996492567818952
6404.3			1.0
6405.200000000001			1.0
6406.1			1.0
6407.0			1.0
6407.9			1.0
6408.8			1.0
6409.700000000001			1.0
6410.6			1.0
6411.5			1.0
6412.4			1.0
6413.3			1.0
6414.200000000001			1.0
6415.1			0.9996355980350662
6416.0			1.0027636861752989
6416.9			1.0013007474829771
6417.8			0.9884935349595361
6418.700000000001			0.9634911471160289
6419.6			0.9316047165260898
6420.5			0.9138932659115777
6421.4			0.9282019656159307
6422.3			0.965862385700186
6423.200000000001			0.9962752988375047
6424.1			1.0016842550256269
6425.0			0.99649909391901
6425.9			1.0
6426.8			1.0119629310343532
6427.700000000001			1.016312639912391
6428.6			0.9994854353770727
6429.5			0.9614880723792075
6430.4			0.9257965199786705
6431.3			0.9223375080260443
6432.200000000001			0.9513750598801124
6433.1			0.9822616806691827
6434.0			0.9963602159190544
6434.9			1.0002301522851254
6435.8			1.0001877928181302
6436.700000000001			1.0
6437.6			1.0
6438.5			1.0
6439.4			1.0
6440.3			1.0
6441.200000000001			1.0
6442.1			1.0
6443.0			1.0
6443.9			1.0
6444.8			1.0
6445.700000000001			1.0
6446.6			1.010563129793795
6447.5			0.9923557560496835
6448.4			0.9349158880184294
6449.3			0.870471651634351
6450.200000000001			0.8570383732520709
6451.1			0.9040954066841188
6452.0			0.9646310078469622
6452.9			0.998050780622566
6453.8			0.9971538597839236
6454.700000000001			1.0
6455.6			1.0
6456.5			1.0
6457.4			1.0
6458.3			1.0
6459.200000000001			1.0145537146035657
6460.1			1.0063991150748646
6461.0			0.9714786466881998
6461.9			0.9241389000716072
6462.8			0.9043323154077998
6463.700000000001			0.9288675071845877
6464.6			0.967435218187516
6465.5			0.990873887823142
6466.4			1.0005242053678423
6467.3			1.0
6468.200000000001			1.0
6469.1			1.0
6470.0			1.0
6470.9			1.0
6471.8			1.0
6472.700000000001			1.0
6473.6			1.0
6474.5			1.0
6475.4			1.0
6476.3			1.0
6477.200000000001			1.0
6478.1			1.0
6479.0			1.0
6479.9			1.0
6480.8			1.0
6481.700000000001			1.0
6482.6			1.0
6483.5			1.0
6484.4			1.0
6485.3			1.0
6486.200000000001			1.0
6487.1			1.0066116990638307
6488.0			1.0088105968204946
6488.9			1.0007217683379768
6489.8			0.9869677426701606
6490.700000000001			0.976894618424109
6491.6			0.9663845832298694
6492.5			0.9366095505533822
6493.4			0.8790988388615106
6494.3			0.8244688017121464
6495.200000000001			0.8114586474892526
6496.1			0.8399814468116213
6497.0			0.8811778355266159
6497.9			0.9092405289067559
6498.8			0.9192750201144476
6499.700000000001			0.9294750996867619
6500.6			0.9499736596576026
6501.5			0.9707884400847624
6502.4			0.9867235523552538
6503.3			0.9990298033720701
6504.200000000001			1.0
6505.1			1.0
6506.0			1.0
6506.9			1.0
6507.8			1.0
6508.700000000001			1.0
6509.6			1.0
6510.5			1.0
6511.4			1.0
6512.3			1.0
6513.200000000001			1.0
6514.1			1.0
6515.0			1.0
6515.9			1.0
6516.8			1.0
6517.700000000001			1.0
6518.6			1.0
6519.5			1.0
6520.4			1.0
6521.3			1.0
6522.200000000001			1.0
6523.1			1.0
6524.0			1.0
6524.9			1.0
6525.8			1.0
6526.700000000001			1.0
6527.6			1.0
6528.5			1.0
6529.4			1.0
6530.3			1.0
6531.200000000001			1.0
6532.1			1.0
6533.0			1.0
6533.9			1.0
6534.8			1.0
6535.700000000001			1.0
6536.6			1.0
6537.5			1.0
6538.4			1.0
6539.3			1.0
6540.200000000001			1.0
6541.1			1.0
6542.0			1.0
6542.9			1.0
6543.8			1.0
6544.700000000001			1.0
6545.6			1.0
6546.5			1.0
6547.4			1.0
6548.3			1.0
6549.200000000001			1.0
6550.1			1.0
6551.0			1.0
6551.9			1.0
6552.8			1.0
6553.700000000001			1.0
6554.6			1.0
6555.5			1.0
6556.4			1.0
6557.3			1.0
6558.200000000001			1.0029135492034136
6559.1			0.989974666196686
6560.0			0.9522736593176347
6560.9			0.8578322041533766
6561.8			0.721427246594767
6562.700000000001			0.6512430429518603
6563.6			0.7247131164210794
6564.5			0.8672228651380265
6565.4			0.9639080934487091
6566.3			0.9972750136463876
6567.200000000001			0.9980014800211089
6568.1			1.0
6569.0			1.0
6569.9			1.0
6570.8			1.0
6571.700000000001			1.0
6572.6			1.0
6573.5			1.0
6574.4			1.0
6575.3			1.0
6576.200000000001			1.0
6577.1			1.0
6578.0			1.0
6578.9			1.0
6579.8			1.0
6580.700000000001			1.0
6581.6			1.0
6582.5			1.0
6583.4			1.0
6584.3			1.0
6585.200000000001			1.0
6586.1			1.0
6587.0			1.0
6587.9			1.0
6588.8			1.0125143293333707
6589.700000000001			1.013046706381185
6590.6			0.9967339167851387
6591.5			0.9561857080268835
6592.4			0.9123299344187614
6593.3			0.9059706365046247
6594.200000000001			0.9451759191470059
6595.1			0.9920644005944097
6596.0			1.0144474190782262
6596.9			1.0121326547509524
6597.8			1.002776358495084
6598.700000000001			1.0
6599.6			1.0
6600.5			1.0
6601.4			1.007564373725251
6602.3			1.0010380413519149
6603.200000000001			0.9866117473139889
6604.1			0.970272627551563
6605.0			0.9597559028684671
6605.9			0.9541156423131371
6606.8			0.9433717258599931
6607.700000000001			0.9232927266232911
6608.6			0.9081195387847169
6609.5			0.9193737496752028
6610.4			0.9552284352334017
6611.3			0.9844170082345071
6612.200000000001			0.9881162740971626
6613.1			0.9779497536447795
6614.0			0.9774602392395075
6614.9			0.9906418632235441
6615.8			0.9998292702278639
6616.700000000001			1.0
6617.6			1.0
6618.5			1.0
6619.4			1.0
6620.3			1.0
6621.200000000001			1.0
6622.1			1.0
6623.0			1.0
6623.9			1.0
6624.8			1.0
6625.700000000001			1.0
6626.6			1.0
6627.5			1.0
6628.4			1.0
6629.3			1.0
6630.200000000001			1.0
6631.1			1.0
6632.0			1.0
6632.9			1.0
6633.8			1.0
6634.700000000001			1.0
6635.6			1.0
6636.5			1.0
6637.4			1.0
6638.3			1.0
6639.200000000001			1.0
6640.1			1.0
6641.0			1.0
6641.9			1.0
6642.8			1.0
6643.700000000001			1.0
6644.6			1.0
6645.5			1.0
6646.4			1.0
6647.3			1.0
6648.200000000001			1.0
6649.1			1.0
6650.0			1.0
6650.9			1.0
6651.8			1.0
6652.700000000001			1.0
6653.6			1.0
6654.5			1.0
6655.4			1.0
6656.3			1.0
6657.200000000001			1.0
6658.1			1.0
6659.0			1.0
6659.9			1.0
6660.8			1.0
6661.700000000001			1.0
6662.6			1.0
6663.5			1.0
6664.4			1.0
6665.3			1.0
6666.200000000001			1.0
6667.1			1.0
6668.0			1.0
6668.9			1.0
6669.8			1.0
6670.700000000001			1.0
6671.6			1.0
6672.5			1.0
6673.4			1.0
6674.3			1.0012914637921217
6675.200000000001			0.9959268020106797
6676.1			0.9717725914959271
6677.0			0.9332251871089454
6677.9			0.913119657907875
6678.8			0.9340240657947171
6679.700000000001			0.9729575417148053
6680.6			0.9943736979284323
6681.5			0.99930425462753
6682.4			1.0
6683.3			1.0
6684.200000000001			1.0
6685.1			1.0
6686.0			1.0
6686.9			1.0
6687.8			1.0
6688.700000000001			1.0
6689.6			1.0
6690.5			1.0
6691.4			1.0
6692.3			1.0
6693.200000000001			1.0
6694.1			1.0
6695.0			1.0
6695.9			1.0
6696.8			1.0
6697.700000000001			1.0
6698.6			1.0
6699.5			1.0
6700.4			1.0
6701.3			1.0
6702.200000000001			1.0
6703.1			1.0
6704.0			1.0
6704.9			1.0
6705.8			1.0
6706.700000000001			1.0
6707.6			1.0
6708.5			1.0
6709.4			1.0
6710.3			1.0
6711.200000000001			1.0
6712.1			1.0
6713.0			1.0
6713.9			1.0
6714.8			1.0
6715.700000000001			1.0
6716.6			1.0
6717.5			1.0
6718.4			1.0
6719.3			1.0
6720.200000000001			1.0
6721.1			1.0
6722.0			1.0
6722.9			1.0
6723.8			1.0
6724.700000000001			1.0
6725.6			1.0
6726.5			1.0
6727.4			1.0
6728.3			1.0
6729.200000000001			1.0
6730.1			1.0
6731.0			1.0
6731.9			1.0
6732.8			1.0
6733.700000000001			1.0
6734.6			1.0
6735.5			1.0
6736.4			1.0
6737.3			1.0
6738.200000000001			1.0
6739.1			1.0
6740.0			1.0
6740.9			1.0
6741.8			1.0
6742.700000000001			1.0
6743.6			1.0
6744.5			1.0
6745.4			1.0
6746.3			1.0
6747.200000000001			1.0
6748.1			1.0
6749.0			1.0
6749.9			1.0
6750.8			1.0
6751.700000000001			1.0
6752.6			1.0
6753.5			1.0
6754.4			1.0
6755.3			1.0
6756.200000000001			1.0
6757.1			1.0
6758.0			1.0
6758.9			1.0
6759.8			1.0
6760.700000000001			1.0
6761.6			1.0
6762.5			1.0
6763.4			1.0
6764.3			1.0
6765.200000000001			1.0
6766.1			1.0
6767.0			1.0
6767.9			1.0
6768.8			1.0
6769.700000000001			1.0
6770.6			1.0
6771.5			1.0
6772.4			1.0
6773.3			1.0
6774.200000000001			1.0
6775.1			1.0
6776.0			1.0
6776.9			1.0
6777.8			1.0
6778.700000000001			1.0
6779.6			1.0
6780.5			1.0
6781.4			1.0
6782.3			1.0
6783.200000000001			1.0
6784.1			1.0
6785.0			1.0
6785.9			1.0
6786.8			1.0
6787.700000000001			1.0
6788.6			1.0
6789.5			1.0
6790.4			1.0
6791.3			1.0
6792.200000000001			1.0
6793.1			1.0
6794.0			1.0
6794.9			1.0
6795.8			1.0
6796.700000000001			1.0
6797.6			1.0
6798.5			1.0
6799.4			1.0
6800.3			1.0
6801.200000000001			1.0
6802.1			1.0
6803.0			1.0
6803.9			1.0
6804.8			1.0
6805.700000000001			1.0
6806.6			1.0
6807.5			1.0
6808.4			1.0
6809.3			1.0
6810.200000000001			1.0
6811.1			1.0
6812.0			1.0
6812.9			1.0
6813.8			1.0
6814.700000000001			1.0
6815.6			1.0
6816.5			1.0
6817.4			1.0
6818.3			1.0
6819.200000000001			1.0
6820.1			1.0
6821.0			1.0
6821.9			1.0
6822.8			1.0
6823.700000000001			1.0
6824.6			1.0
6825.5			1.0
6826.4			1.0
6827.3			1.0
6828.200000000001			1.0
6829.1			1.0
6830.0			1.0
6830.9			1.0
6831.8			1.0
6832.700000000001			1.0
6833.6			1.0
6834.5			1.0068142258469246
6835.4			1.009108932914563
6836.3			0.9991139579930921
6837.200000000001			0.9847358826052094
6838.1			0.9711865892145842
6839.0			0.9551182199845025
6839.9			0.9338190305577367
6840.8			0.9151942779502579
6841.700000000001			0.910247314635443
6842.6			0.9221351408872953
6843.5			0.9439318689925249
6844.4			0.967286476093881
6845.3			0.9840559668488282
6846.200000000001			0.9925730140176068
6847.1			0.9959753875388159
6848.0			0.9988676540268866
6848.9			0.9998118067378469
6849.8			1.0
6850.700000000001			1.0
6851.6			1.0
6852.5			1.0
6853.4			1.0
6854.3			1.0
6855.200000000001			1.0
6856.1			1.0
6857.0			1.0
6857.9			1.0
6858.8			1.0
6859.700000000001			1.0
6860.6			1.0
6861.5			1.0
6862.4			1.0
6863.3			1.0
6864.200000000001			1.0
6865.1			1.0
6866.0			1.0
6866.9			1.0
6867.8			1.0
6868.700000000001			1.0
6869.6			1.0
6870.5			1.0
6871.4			1.0
6872.3			1.0
6873.200000000001			1.0
6874.1			1.0
6875.0			1.0
6875.9			1.0
6876.8			1.0
6877.700000000001			1.0
6878.6			1.0
6879.5			1.0
6880.4			1.0
6881.3			1.0
6882.200000000001			1.0
6883.1			1.0
6884.0			1.0
6884.9			1.0
6885.8			1.0
6886.700000000001			1.0
6887.6			1.0
6888.5			1.0
6889.4			1.0
6890.3			1.0
6891.200000000001			1.0
6892.1			1.0
6893.0			1.0
6893.9			1.0
6894.8			1.0
6895.700000000001			1.0
6896.6			1.0
6897.5			1.0
6898.4			1.0
6899.3			1.0
6900.200000000001			1.0
6901.1			1.0
6902.0			1.0
6902.9			1.0
6903.8			1.0
6904.700000000001			1.0
6905.6			1.0
6906.5			1.0
6907.4			1.0
6908.3			1.0
6909.200000000001			1.0
6910.1			1.0
6911.0			1.0
6911.9			1.0
6912.8			1.0
6913.700000000001			1.0
6914.6			1.0
6915.5			1.0
6916.4			1.0
6917.3			1.0
6918.200000000001			1.0
6919.1			1.0
6920.0			1.0
6920.9			1.0
6921.8			1.0
6922.700000000001			1.0
6923.6			1.0
6924.5			1.0
6925.4			1.0
6926.3			1.0
6927.200000000001			1.0
6928.1			1.0
6929.0			1.0
6929.9			1.0
6930.8			1.0
6931.700000000001			1.0
6932.6			1.0
6933.5			1.0
6934.4			1.0
6935.3			1.0
6936.200000000001			1.0
6937.1			1.0
6938.0			1.0
6938.9			1.0
6939.8			1.0
6940.700000000001			1.0
6941.6			1.0
6942.5			1.0
6943.4			1.0
6944.3			1.0
6945.200000000001			1.0
6946.1			1.0
6947.0			1.0
6947.9			1.0
6948.8			1.0
6949.700000000001			1.0
6950.6			1.0
6951.5			1.0
6952.4			1.0
6953.3			1.0
6954.200000000001			1.0
6955.1			1.0
6956.0			1.0
6956.9			1.0
6957.8			1.0
6958.700000000001			1.0
6959.6			1.0
6960.5			1.0
6961.4			1.0
6962.3			1.0
6963.200000000001			1.0
6964.1			1.0
6965.0			1.0
6965.9			1.0
6966.8			1.0
6967.700000000001			1.0
6968.6			1.0
6969.5			1.0
6970.4			1.0
6971.3			1.0
6972.200000000001			1.0
6973.1			1.0096237878810679
6974.0			1.0031502785289408
6974.9			0.9828714887542392
6975.8			0.9598699805991678
6976.700000000001			0.9336137377266549
6977.6			0.8991717057657552
6978.5			0.876515049426564
6979.4			0.891930409648991
6980.3			0.9339936566986772
6981.200000000001			0.9697277655812024
6982.1			0.9882966679417244
6983.0			0.9984720992545664
6983.9			0.9998823909571385
6984.8			1.0
6985.700000000001			1.0
6986.6			1.0
6987.5			1.0
6988.4			1.0
6989.3			1.0
6990.200000000001			1.0
6991.1			1.0
6992.0			1.0
6992.9			1.0
6993.8			1.0
6994.700000000001			1.0
6995.6			1.0036566291976965
6996.5			1.0090288890531172
6997.4			1.0053440071320452
6998.3			0.9852964969778442
6999.200000000001			0.9561532856531044
7000.1			0.9407082805794975
7001.0			0.9503497308724542
7001.9			0.9670408655987514
7002.8			0.9698643489717221
7003.700000000001			0.9624807555837969
7004.6			0.9585357148297678
7005.5			0.9599913922659072
7006.4			0.9623888673733194
7007.3			0.9663182529454533
7008.200000000001			0.9752748581478768
7009.1			0.9846072771273492
7010.0			0.9869773107531649
7010.9			0.9828708151691065
7011.8			0.9814748727941833
7012.700000000001			0.9868364854338746
7013.6			0.9855200775991545
7014.5			0.9620565759130582
7015.4			0.9205781835933673
7016.3			0.8962624379881593
7017.200000000001			0.9198402517036164
7018.1			0.9710633790913973
7019.0			1.0089917854160513
7019.9			1.0230959838956681
7020.8			1.0226067813881616
7021.700000000001			1.0091781463966818
7022.6			0.9814740183712289
7023.5			0.9499235728762825
7024.4			0.9335683348838629
7025.3			0.9436979680330609
7026.200000000001			0.969575139016825
7027.1			0.9899557773597761
7028.0			0.995841627408019
7028.9			0.9924263244177054
7029.8			0.9887551020689422
7030.700000000001			0.9861166522194259
7031.6			0.9846657260212542
7032.5			0.9881355683068928
7033.4			0.9929139628307391
7034.3			0.9968678719871091
7035.200000000001			1.0053326930984454
7036.1			1.0125587344204368
7037.0			0.999573917673879
7037.9			1.0
7038.8			1.0
7039.700000000001			1.0
7040.6			1.0
7041.5			1.0
7042.4			1.0
7043.3			1.0
7044.200000000001			1.0
7045.1			1.0
7046.0			1.0
7046.9			1.0
7047.8			1.0
7048.700000000001			1.0
7049.6			1.0
7050.5			1.0
7051.4			1.0
7052.3			1.0
7053.200000000001			1.0
7054.1			1.0
7055.0			1.0
7055.9			1.0
7056.8			1.0
7057.700000000001			1.0
7058.6			1.0
7059.5			1.0
7060.4			1.0
7061.3			1.0
7062.200000000001			1.0112313029174107
7063.1			1.0196204071756174
7064.0			1.0258601407436405
7064.9			1.0195161644686372
7065.8			0.9939180999000975
7066.700000000001			0.9592531362873673
7067.6			1.0
7068.5			1.0009934134355214
7069.4			1.0320098476763284
7070.3			1.0681428821074133
7071.200000000001			1.082931588760842
7072.1			1.0794945266222333
7073.0			1.0764584085743463
7073.9			1.077660743860834
7074.8			1.0760116894706495
7075.700000000001			1.071834060777808
7076.6			1.0710725184053622
7077.5			1.0755708587698098
7078.4			1.0806105056685806
7079.3			1.0822879463722859
7080.200000000001			1.0827449901081236
7081.1			1.0775731377533435
7082.0			1.0587678257221405
7082.9			1.0216969292834714
7083.8			0.9762553025603949
7084.700000000001			0.9497078546448346
7085.6			0.9574588999248098
7086.5			0.9843746172729991
7087.4			1.0064359125971511
7088.3			1.0110076599040767
7089.200000000001			0.9992698519646522
7090.1			0.9864809445625814
7091.0			0.9831685011233148
7091.9			0.9825011157102228
7092.8			0.9777936324423964
7093.700000000001			0.9749853821860628
7094.6			0.9775790177535381
7095.5			0.9819525240011063
7096.4			0.987569009906117
7097.3			0.9943017268854023
7098.200000000001			1.001475395498075
7099.1			1.0073907377228253
7100.0			1.0078245235159227
7100.9			0.9996850922160208
7101.8			1.0
7102.700000000001			1.0
7103.6			1.0
7104.5			1.0
7105.4			1.0
7106.3			1.0
7107.200000000001			1.0
7108.1			1.0
7109.0			1.0
7109.9			1.0
7110.8			1.0
7111.700000000001			1.0
7112.6			1.0
7113.5			1.0
7114.4			1.0
7115.3			1.0
7116.200000000001			1.0
7117.1			1.0
7118.0			1.0
7118.9			1.0
7119.8			1.0
7120.700000000001			1.0
7121.6			1.0
7122.5			1.0
7123.4			1.0
7124.3			1.0
7125.200000000001			1.0
7126.1			1.0
7127.0			1.0
7127.9			1.0
7128.8			1.0
7129.700000000001			1.0
7130.6			1.0
7131.5			1.0
7132.4			1.0
7133.3			1.0
7134.200000000001			1.0
7135.1			1.0
7136.0			1.0
7136.9			1.0
7137.8			1.0
7138.700000000001			1.0
7139.6			1.0
7140.5			1.0
7141.4			1.0
7142.3			1.0
7143.200000000001			1.0
7144.1			1.0
7145.0			1.0
7145.9			1.0
7146.8			1.0
7147.700000000001			1.0
7148.6			1.0
7149.5			1.0
7150.4			1.0
7151.3			1.0
7152.200000000001			1.0
7153.1			1.0
7154.0			1.0
7154.9			1.0
7155.8			1.0
7156.700000000001			1.0
7157.6			1.0
7158.5			1.0
7159.4			1.0
7160.3			1.0
7161.200000000001			1.0077054229323632
7162.1			1.0176515087543527
7163.0			1.00079638587986
7163.9			0.953999782224069
7164.8			0.9119788909454284
7165.700000000001			0.9108582458499442
7166.6			0.9475636335884164
7167.5			0.9861465390931333
7168.4			1.0011321379647498
7169.3			1.0
7170.200000000001			1.0
7171.1			1.0
7172.0			1.0
7172.9			1.0
7173.8			1.0
7174.700000000001			0.980656352000696
7175.6			0.9647971562364885
7176.5			0.9643876911348234
7177.4			0.9787623166351976
7178.3			0.9901962538071973
7179.200000000001			0.981557556671981
7180.1			0.9487219011795375
7181.0			0.9096057011057267
7181.9			0.9045174754098623
7182.8			0.9439356058960438
7183.700000000001			0.9844506827268867
7184.6			0.9922145872334488
7185.5			0.9778342381934669
7186.4			0.9477375901596952
7187.3			0.9122174090578234
7188.200000000001			0.8962037054446487
7189.1			0.9113841311538454
7190.0			0.9462331647855338
7190.9			0.9686731002562202
7191.8			0.9622407846375814
7192.700000000001			0.9439800304906092
7193.6			0.9398697861032373
7194.5			0.9582580226179198
7195.4			0.98151744463152
7196.3			0.9885893019672762
7197.200000000001			0.9825995978251871
7198.1			0.9854248086904384
7199.0			1.0079888035045197
7199.9			1.0273713529955293
7200.8			1.0178248604082678
7201.700000000001			0.9994096608507554
7202.6			1.0
7203.5			1.0
7204.4			1.0198881557571413
7205.3			1.0121141563362928
7206.200000000001			0.9657306289438565
7207.1			0.9125601228134189
7208.0			0.8967462412167575
7208.9			0.9204671346429535
7209.8			0.9588037680907251
7210.700000000001			0.9906481246589247
7211.6			1.000814333408178
7212.5			1.0
7213.4			1.0
7214.3			1.0
7215.200000000001			1.0
7216.1			1.0
7217.0			1.0
7217.9			1.0
7218.8			1.0
7219.700000000001			1.0
7220.6			1.0
7221.5			1.0
7222.4			1.0
7223.3			1.0
7224.200000000001			1.0
7225.1			1.0
7226.0			1.0
7226.9			1.0
7227.8			1.0
7228.700000000001			1.0
7229.6			1.0
7230.5			1.0
7231.4			1.0
7232.3			1.0
7233.200000000001			1.0
7234.1			1.0
7235.0			1.0
7235.9			1.0
7236.8			1.0
7237.700000000001			1.0
7238.6			1.0
7239.5			1.0
7240.4			1.0
7241.3			1.0
7242.200000000001			1.0
7243.1			1.0
7244.0			1.0
7244.9			1.0
7245.8			1.0
7246.700000000001			1.0
7247.6			1.0
7248.5			1.0
7249.4			1.0
7250.3			1.0
7251.200000000001			1.0
7252.1			1.0
7253.0			1.0
7253.9			1.0
7254.8			1.0
7255.700000000001			1.0
7256.6			1.0
7257.5			1.0
7258.4			0.994377715416098
7259.3			0.9772230198297036
7260.200000000001			0.9499441089399745
7261.1			0.9167958057992371
7262.0			0.9055742553010723
7262.9			0.9342787366265074
7263.8			0.9767202697367745
7264.700000000001			0.9980947190764727
7265.6			0.9996295786196073
7266.5			1.0
7267.4			1.0
7268.3			1.0028769235350738
7269.200000000001			1.0044570735766787
7270.1			1.0059120873912168
7271.0			1.007175897107193
7271.9			1.0021328441732256
7272.8			0.9893924805681753
7273.700000000001			0.9831676541779977
7274.6			0.9916200117793798
7275.5			1.0102551565990148
7276.4			1.021901899715575
7277.3			1.0147799777320228
7278.200000000001			1.0045185404010855
7279.1			1.0066262446230037
7280.0			1.0132167191543089
7280.9			1.0053499604949077
7281.8			0.9792405736906891
7282.700000000001			0.9519764368817936
7283.6			0.9368372599842485
7284.5			0.9381143545941827
7285.4			0.9607517269734743
7286.3			0.9931204087248401
7287.200000000001			1.00535707597361
7288.1			0.9898364962210425
7289.0			0.9692250001704432
7289.9			0.9571489431327672
7290.8			0.9465806054016083
7291.700000000001			0.9335165451619503
7292.6			0.932065403606059
7293.5			0.9546502570173957
7294.4			0.9907439453919131
7295.3			1.0230365499853191
7296.200000000001			1.0436295050644806
7297.1			1.047519103390258
7298.0			1.0367626458250934
7298.9			1.0210273697844374
7299.8			1.0105270034050333
7300.700000000001			1.0091830548106067
7301.6			1.0097185073383501
7302.5			1.0110654238401764
7303.4			1.021939345691192
7304.3			1.0387691728362944
7305.200000000001			1.0461110825074145
7306.1			1.0350329714197335
7307.0			1.0139673592770657
7307.9			1.0023200358110167
7308.8			1.0098992752946347
7309.700000000001			1.022351638149427
7310.6			1.020963120849459
7311.5			1.0118107830024317
7312.4			1.0137870285111847
7313.3			1.0304625033051455
7314.200000000001			1.0466296476936081
7315.1			1.0491411554960013
7316.0			1.0392056486459462
7316.9			1.0304497125704324
7317.8			1.0313329730886032
7318.700000000001			1.0372086258270714
7319.6			1.0415573630325354
7320.5			1.0448528736624456
7321.4			1.0519368314344275
7322.3			1.059676366742721
7323.200000000001			1.054314999550279
7324.1			1.0334418457484453
7325.0			1.0102817651411256
7325.9			0.9995111553411856
7326.8			1.0
7327.700000000001			1.0
7328.6			1.0
7329.5			1.0
7330.4			1.0
7331.3			1.0
7332.200000000001			1.0
7333.1			1.0
7334.0			1.0
7334.9			1.0
7335.8			1.0
7336.700000000001			1.0
7337.6			1.0
7338.5			1.0
7339.4			1.0
7340.3			1.0
7341.200000000001			1.0
7342.1			1.0
7343.0			1.0
7343.9			1.0
7344.8			1.0
7345.700000000001			1.0
7346.6			1.0
7347.5			1.0
7348.4			1.0
7349.3			1.0
7350.200000000001			1.0
7351.1			1.0
7352.0			1.0
7352.9			1.0
7353.8			1.0
7354.700000000001			1.0
7355.6			1.0
7356.5			1.0
7357.4			1.0
7358.3			1.0
7359.200000000001			1.0
7360.1			1.0
7361.0			1.0
7361.9			1.0
7362.8			1.0
7363.700000000001			1.0
7364.6			1.0
7365.5			1.0
7366.4			1.0
7367.3			1.0
7368.200000000001			1.0
7369.1			1.0
7370.0			1.0
7370.9			1.0
7371.8			1.0
7372.700000000001			1.0
7373.6			1.0
7374.5			1.0
7375.4			1.0
7376.3			1.0
7377.200000000001			1.0
7378.1			1.0
7379.0			1.0
7379.9			1.0
7380.8			1.0
7381.700000000001			1.0
7382.6			1.0
7383.5			1.0
7384.4			1.0
7385.3			1.0
7386.200000000001			1.0
7387.1			1.0
7388.0			1.0
7388.9			1.0
7389.8			1.0
7390.700000000001			1.0
7391.6			1.0
7392.5			1.0
7393.4			1.0
7394.3			1.0
7395.200000000001			1.0
7396.1			1.0
7397.0			1.0
7397.9			1.0
7398.8			1.0
7399.700000000001			1.0
7400.6			1.0
7401.5			1.0
7402.4			1.0
7403.3			1.0
7404.200000000001			1.0
7405.1			1.0
7406.0			1.0
7406.9			1.0
7407.8			1.0
7408.700000000001			1.0
7409.6			1.0
7410.5			1.0
7411.4			1.0
7412.3			1.0
7413.200000000001			1.0
7414.1			1.0
7415.0			1.0
7415.9			1.0
7416.8			1.0
7417.700000000001			1.0
7418.6			1.0
7419.5			1.0
7420.4			1.0
7421.3			1.0
7422.200000000001			1.0
7423.1			1.0
7424.0			1.0
7424.9			1.0
7425.8			1.0
7426.700000000001			1.0
7427.6			1.0
7428.5			1.0
7429.4			1.0
