3500.0			1.0
3500.9			1.0
3501.8			1.0
3502.7			1.0
3503.6			1.0
3504.5			1.0
3505.4			1.0
3506.3			1.0
3507.2			1.0
3508.1			1.0
3509.0			1.0
3509.9			1.0
3510.8			1.0
3511.7			1.0
3512.6			1.0
3513.5			1.0
3514.4			1.0
3515.3			1.0
3516.2			1.0
3517.1			1.0
3518.0			1.0
3518.9			1.0
3519.8			1.0
3520.7			1.0
3521.6			1.0
3522.5			1.0
3523.4			1.0
3524.3			1.0
3525.2			1.0
3526.1			1.0
3527.0			1.0
3527.9			1.0
3528.8			1.0
3529.7			1.0
3530.6			1.0
3531.5			1.0
3532.4			1.0
3533.3			1.0
3534.2			1.0
3535.1			1.0
3536.0			1.0
3536.9			1.0
3537.8			1.0
3538.7			1.0
3539.6			1.0
3540.5			1.0
3541.4			1.0
3542.3			1.0
3543.2			1.0
3544.1			1.0
3545.0			1.0
3545.9			1.0
3546.8			1.0
3547.7			1.0
3548.6			1.0
3549.5			1.0
3550.4			1.0
3551.3			1.0
3552.2			1.0
3553.1			1.0
3554.0			1.0
3554.9			1.0
3555.8			1.0
3556.7			1.0
3557.6			1.0
3558.5			1.0
3559.4			1.0
3560.3			1.0
3561.2			1.0
3562.1			1.0
3563.0			1.0
3563.9			1.0
3564.8			1.0
3565.7			1.0
3566.6			1.0
3567.5			1.0
3568.4			1.0
3569.3			1.0
3570.2			1.0
3571.1			1.0
3572.0			1.0
3572.9			1.0
3573.8			1.0
3574.7			1.0
3575.6			1.0
3576.5			1.0
3577.4			1.0
3578.3			1.0
3579.2			1.0
3580.1			1.0
3581.0			1.0
3581.9			1.0
3582.8			1.0
3583.7			1.0
3584.6			1.0
3585.5			1.0
3586.4			1.0
3587.3			1.0
3588.2			1.0
3589.1			1.0
3590.0			1.0
3590.9			1.0
3591.8			1.0
3592.7			1.0
3593.6			1.0
3594.5			1.0
3595.4			1.0
3596.3			1.0
3597.2			1.0
3598.1			1.0
3599.0			1.0
3599.9			1.0
3600.8			1.0
3601.7			1.0
3602.6			1.0
3603.5			1.0
3604.4			1.0
3605.3			1.0
3606.2			1.0
3607.1			1.0
3608.0			1.0
3608.9			1.0
3609.8			1.0
3610.7			1.0
3611.6			1.0
3612.5			1.0
3613.4			1.0
3614.3			1.0
3615.2			1.0
3616.1			1.0
3617.0			1.0
3617.9			1.0
3618.8			1.0
3619.7			1.0
3620.6			1.0
3621.5			1.0
3622.4			1.0
3623.3			1.0
3624.2			1.0
3625.1			1.0
3626.0			1.0
3626.9			1.0
3627.8			1.0
3628.7			1.0
3629.6			1.0
3630.5			1.0
3631.4			1.0
3632.3			1.0
3633.2			1.0
3634.1			1.0
3635.0			1.0
3635.9			1.0
3636.8			1.0
3637.7			1.0
3638.6			1.0
3639.5			1.0
3640.4			1.0
3641.3			1.0
3642.2			1.0
3643.1			1.0
3644.0			1.0
3644.9			1.0
3645.8			1.0
3646.7			1.0
3647.6			1.0
3648.5			1.0
3649.4			1.0
3650.3			1.0
3651.2			1.0
3652.1			1.0
3653.0			1.0
3653.9			1.0
3654.8			1.0
3655.7			1.0
3656.6			1.0
3657.5			1.0
3658.4			1.0
3659.3			1.0
3660.2			1.0
3661.1			1.0
3662.0			1.0
3662.9			1.0
3663.8			1.0
3664.7			1.0
3665.6			1.0
3666.5			1.0
3667.4			1.0
3668.3			1.0
3669.2			1.0
3670.1			1.0
3671.0			1.0
3671.9			1.0
3672.8			1.0
3673.7			1.0
3674.6			1.0
3675.5			1.0
3676.4			1.0
3677.3			1.0
3678.2			1.0
3679.1			1.0
3680.0			1.0
3680.9			1.0
3681.8			1.0
3682.7			1.0
3683.6			1.0
3684.5			1.0
3685.4			1.0
3686.3			1.0
3687.2			1.0
3688.1			1.0
3689.0			1.0
3689.9			1.0
3690.8			1.0
3691.7			1.0
3692.6			1.0
3693.5			1.0
3694.4			1.0
3695.3			1.0
3696.2			1.0
3697.1			1.0
3698.0			1.0
3698.9			1.0
3699.8			1.0
3700.7			1.0
3701.6			1.0
3702.5			1.0
3703.4			1.0
3704.3			1.0
3705.2			1.0
3706.1			1.0
3707.0			1.0
3707.9			1.0
3708.8			1.0
3709.7			1.0
3710.6			1.0
3711.5			1.0
3712.4			1.0
3713.3			1.0
3714.2			1.0
3715.1			1.0
3716.0			1.0
3716.9			1.0
3717.8			1.0
3718.7			1.0
3719.6			1.0
3720.5			1.0
3721.4			1.0
3722.3			1.0
3723.2			1.0
3724.1			1.0
3725.0			1.0
3725.9			1.0
3726.8			1.0
3727.7			1.0
3728.6			1.0
3729.5			1.0
3730.4			1.0
3731.3			1.0
3732.2			1.0
3733.1			1.0
3734.0			1.0
3734.9			1.0
3735.8			1.0
3736.7			1.0
3737.6			1.0
3738.5			1.0
3739.4			1.0
3740.3			1.0
3741.2			1.0
3742.1			1.0
3743.0			1.0
3743.9			1.0
3744.8			1.0
3745.7			1.0
3746.6			1.0
3747.5			1.0
3748.4			1.0
3749.3			1.0
3750.2			1.0
3751.1			1.0
3752.0			1.0
3752.9			1.0
3753.8			1.0
3754.7			1.0
3755.6			1.0
3756.5			1.0
3757.4			1.0
3758.3			1.0
3759.2			1.0
3760.1			1.0
3761.0			1.0
3761.9			1.0
3762.8			1.0
3763.7			1.0
3764.6			1.0
3765.5			1.0
3766.4			1.0
3767.3			1.0
3768.2			1.0
3769.1			1.0
3770.0			1.0
3770.9			1.0
3771.8			1.0
3772.7			1.0
3773.6			1.0
3774.5			1.0
3775.4			1.0
3776.3			1.0
3777.2			1.0
3778.1			1.0
3779.0			1.0
3779.9			1.0
3780.8			1.0
3781.7			1.0
3782.6			1.0
3783.5			1.0
3784.4			1.0
3785.3			1.0
3786.2			1.0
3787.1			1.0
3788.0			1.0
3788.9			1.0
3789.8			1.0
3790.7			1.0
3791.6			1.0
3792.5			1.0
3793.4			1.0
3794.3			1.0
3795.2			1.0
3796.1			1.0
3797.0			1.0
3797.9			1.0
3798.8			1.0
3799.7			1.0
3800.6			1.0
3801.5			1.0
3802.4			1.0
3803.3			1.0
3804.2			1.0
3805.1			1.0
3806.0			1.0
3806.9			1.0
3807.8			1.0
3808.7			1.0
3809.6			1.0
3810.5			1.0
3811.4			1.0
3812.3			1.0
3813.2			1.0
3814.1			1.0
3815.0			1.0
3815.9			1.0
3816.8			1.0
3817.7			1.0
3818.6			1.0
3819.5			1.0
3820.4			1.0
3821.3			1.0
3822.2			1.0
3823.1			1.0
3824.0			1.0
3824.9			1.0
3825.8			1.0
3826.7			1.0
3827.6			1.0
3828.5			1.0
3829.4			1.0
3830.3			1.0
3831.2			1.0
3832.1			1.0
3833.0			1.0
3833.9			1.0
3834.8			1.0
3835.7			1.0
3836.6			1.0
3837.5			1.0
3838.4			1.0
3839.3			1.0
3840.2			1.0
3841.1			1.0
3842.0			1.0
3842.9			1.0
3843.8			1.0
3844.7			1.0
3845.6			1.0
3846.5			1.0
3847.4			1.0
3848.3			1.0
3849.2			1.0
3850.1			1.0
3851.0			1.0
3851.9			1.0
3852.8			1.0
3853.7			1.0
3854.6			1.0
3855.5			1.0
3856.4			1.0
3857.3			1.0
3858.2			1.0
3859.1			1.0
3860.0			1.0
3860.9			1.0
3861.8			1.0
3862.7			1.0
3863.6			1.0
3864.5			1.0
3865.4			1.0
3866.3			1.0
3867.2			1.0
3868.1			1.0
3869.0			1.0
3869.9			1.0
3870.8			1.0
3871.7			1.0
3872.6			1.0
3873.5			1.0
3874.4			1.0
3875.3			1.0
3876.2			1.0
3877.1			1.0
3878.0			1.0
3878.9			1.0
3879.8			1.0
3880.7			1.0
3881.6			1.0
3882.5			1.0
3883.4			1.0
3884.3			1.0
3885.2			1.0
3886.1			1.0
3887.0			1.0
3887.9			1.0
3888.8			1.0
3889.7			1.0
3890.6			1.0
3891.5			1.0
3892.4			1.0
3893.3			1.0
3894.2			1.0
3895.1			1.0
3896.0			1.0
3896.9			1.0
3897.8			1.0
3898.7			1.0
3899.6			1.0
3900.5			1.0
3901.4			1.0
3902.3			1.0
3903.2			1.0
3904.1			1.0
3905.0			1.0
3905.9			1.0
3906.8			1.0
3907.7			1.0
3908.6			1.0
3909.5			1.0
3910.4			1.0
3911.3			1.0
3912.2			1.0
3913.1			1.0
3914.0			1.0
3914.9			1.0
3915.8			1.0
3916.7			1.0
3917.6			1.0
3918.5			1.0
3919.4			1.0
3920.3			1.0
3921.2			1.0
3922.1			1.0
3923.0			1.0
3923.9			1.0
3924.8			1.0
3925.7			1.0
3926.6			1.0
3927.5			1.0
3928.4			1.0
3929.3			1.0
3930.2			1.0
3931.1			1.0
3932.0			1.0
3932.9			1.0
3933.8			1.0
3934.7			1.0
3935.6			1.0
3936.5			1.0
3937.4			1.0
3938.3			1.0
3939.2			1.0
3940.1			1.0
3941.0			1.0
3941.9			1.0
3942.8			1.0
3943.7			1.0
3944.6			1.0
3945.5			1.0
3946.4			1.0
3947.3			1.0
3948.2			1.0
3949.1			1.0
3950.0			1.0
3950.9			1.0
3951.8			1.0
3952.7			1.0
3953.6			1.0
3954.5			1.0
3955.4			1.0
3956.3			1.0
3957.2			1.0
3958.1			1.0
3959.0			1.0
3959.9			1.0
3960.8			1.0
3961.7			1.0
3962.6			1.0
3963.5			1.0
3964.4			1.0
3965.3			1.0
3966.2			1.0
3967.1			1.0
3968.0			1.0
3968.9			1.0
3969.8			1.0
3970.7			1.0
3971.6			1.0
3972.5			1.0
3973.4			1.0
3974.3			1.0
3975.2			1.0
3976.1			1.0
3977.0			1.0
3977.9			1.0
3978.8			1.0
3979.7			1.0
3980.6			1.0
3981.5			1.0
3982.4			1.0
3983.3			1.0
3984.2			1.0
3985.1			1.0
3986.0			1.0
3986.9			1.0
3987.8			1.0
3988.7			1.0
3989.6			1.0
3990.5			1.0
3991.4			1.0
3992.3			1.0
3993.2			1.0
3994.1			1.0
3995.0			1.0
3995.9			1.0
3996.8			1.0
3997.7			1.0
3998.6			1.0
3999.5			1.0
4000.4			1.0
4001.3			1.0004929778724234
4002.2			1.0413614055218827
4003.1			1.061967372177628
4004.0			0.9630995073369856
4004.9			0.8024042660683058
4005.8			0.7404429055264194
4006.7			0.7896215763062636
4007.6			0.8612823933789733
4008.5			0.9239387943650554
4009.4			0.9514799408731182
4010.3			0.9542120298047014
4011.2			0.9449726396492343
4012.1			0.954689311924952
4013.0			0.9806039126571704
4013.9			1.00326107376077
4014.8			1.0
4015.7			1.0
4016.6			1.0
4017.5			1.0
4018.4			1.0
4019.3			1.0
4020.2			1.0
4021.1			1.0
4022.0			1.0
4022.9			1.0
4023.8			1.0
4024.7			1.0
4025.6			1.0
4026.5			1.0769320083744032
4027.4			1.1558347136073572
4028.3			1.1807712385704376
4029.2			1.0941779135342662
4030.1			0.8954077935478582
4031.0			0.7482138056874649
4031.9			0.7197376585461537
4032.8			0.7085816543402338
4033.7			0.7155010473697414
4034.6			0.7528699261042272
4035.5			0.8286863415038914
4036.4			0.9646734158376926
4037.3			1.0564335803723548
4038.2			1.0554105695353364
4039.1			1.0000349276622997
4040.0			1.0
4040.9			0.9771230124847808
4041.8			0.9964388655802775
4042.7			1.0228466537014573
4043.6			0.9130159540173081
4044.5			0.700695678021826
4045.4			0.540049941530499
4046.3			0.5817876745298224
4047.2			0.7786203778510994
4048.1			0.9274185517165258
4049.0			0.982563764248094
4049.9			0.9979952240088519
4050.8			1.0
4051.7			1.0
4052.6			1.0
4053.5			1.0
4054.4			1.0
4055.3			1.0
4056.2			1.0
4057.1			1.0
4058.0			0.9253717822180547
4058.9			0.9502391044789751
4059.8			1.0546715716372892
4060.7			1.1572012264378013
4061.6			1.0836961693463647
4062.5			0.8472174463353396
4063.4			0.668639176615413
4064.3			0.6985976666183218
4065.2			0.8487378306084071
4066.1			0.895702977175281
4067.0			0.8610598730077422
4067.9			0.9049298886917598
4068.8			1.0066510721383755
4069.7			1.0
4070.6			1.0
4071.5			1.0
4072.4			1.014389869370955
4073.3			1.1298097237291116
4074.2			1.1117668268510301
4075.1			0.9734652255281857
4076.0			0.8278532591137839
4076.9			0.7315687249787782
4077.8			0.7138269184383178
4078.7			0.7987963111142055
4079.6			0.9095219223903808
4080.5			0.9960785849189836
4081.4			1.0126176306891177
4082.3			1.0
4083.2			1.0
4084.1			1.0
4085.0			1.0
4085.9			1.0
4086.8			1.0
4087.7			1.0
4088.6			1.0
4089.5			1.0
4090.4			1.0
4091.3			1.0
4092.2			1.0
4093.1			1.0
4094.0			1.0
4094.9			1.0
4095.8			0.8651892652940175
4096.7			0.8230720547809227
4097.6			0.8943949616080323
4098.5			0.9566929724713475
4099.4			0.9138614419530099
4100.3			0.7723913784992262
4101.2			0.6740919949090756
4102.1			0.7062800728975394
4103.0			0.7887743441764883
4103.9			0.838245956064544
4104.8			0.8843587091868615
4105.7			0.9556610004843709
4106.6			0.9990148849338906
4107.5			1.0
4108.4			1.0
4109.3			1.0
4110.2			1.0
4111.1			1.0
4112.0			1.0
4112.9			1.0
4113.8			1.0
4114.7			1.0
4115.6			1.0
4116.5			1.0
4117.4			1.0
4118.3			1.0
4119.2			0.9661816627417
4120.1			1.0386703232994823
4121.0			1.0584745858402258
4121.9			1.0047929401129383
4122.8			0.9565111893785273
4123.7			1.0034677555876208
4124.6			1.1004015301071468
4125.5			1.1706934194824445
4126.4			1.1764513265031042
4127.3			1.1012701863174468
4128.2			1.0505283207564142
4129.1			1.0048201032126485
4130.0			0.9642449148491541
4130.9			0.9333386314391471
4131.8			0.8739767601073444
4132.7			0.8325180515937708
4133.6			0.806487592052712
4134.5			0.8661805710589707
4135.4			1.0528791173636396
4136.3			1.182183178782281
4137.2			1.1786111997847362
4138.1			1.1503423244211282
4139.0			1.1445101124349113
4139.9			1.138359851168759
4140.8			1.096555140494042
4141.7			0.9297967258527606
4142.6			0.7327985854946406
4143.5			0.6359199555683114
4144.4			0.7281223135947846
4145.3			0.894203948497013
4146.2			1.0057888284505458
4147.1			1.036507259579988
4148.0			1.0368684228775822
4148.9			0.9733002220833095
4149.8			0.9343148599257217
4150.7			0.9596981079719902
4151.6			0.9697202934099987
4152.5			1.004486126705645
4153.4			1.020287956075334
4154.3			0.9955420656706175
4155.2			0.9932663466010813
4156.1			0.9695076028213515
4157.0			1.0011687487157859
4157.9			1.110238823928559
4158.8			1.1631672036784193
4159.7			1.0
4160.6			0.971197420483496
4161.5			0.9888833649908568
4162.4			1.0392412728663754
4163.3			1.050935775976038
4164.2			0.9669333350370376
4165.1			0.8979096614241221
4166.0			0.9044105531730322
4166.9			0.8734485108420785
4167.8			0.8324263932676107
4168.7			0.8628570338614123
4169.6			0.9159138371579955
4170.5			0.9302130077178072
4171.4			0.8285987408665573
4172.3			0.6887867179040937
4173.2			0.644183875204333
4174.1			0.6994635103311713
4175.0			0.7839643760630228
4175.9			0.8207581195213477
4176.8			0.7975966939885073
4177.7			0.7665310627769057
4178.6			0.7818424462457374
4179.5			0.8368780730191813
4180.4			0.8408678045478652
4181.3			0.7816211995682835
4182.2			0.7758961758766579
4183.1			0.8371204342891962
4184.0			0.9047104724001641
4184.9			0.9866286961691122
4185.8			1.0
4186.7			0.897898165461161
4187.6			0.8367440575102959
4188.5			0.8689967390618595
4189.4			0.8796064169113716
4190.3			0.8548045136608261
4191.2			0.8472472952463579
4192.1			0.8982455705468602
4193.0			0.9801961675606223
4193.9			0.9897516975076642
4194.8			0.914848998919205
4195.7			0.8160192946017779
4196.6			0.7759735714459179
4197.5			0.7783105426813595
4198.4			0.7604621516486533
4199.3			0.7748696929288529
4200.2			0.8078274869989821
4201.1			0.7903273255455571
4202.0			0.781256780917545
4202.9			0.8389210447988795
4203.8			0.8690257864961158
4204.7			0.8511203009813768
4205.6			0.8829384138482279
4206.5			0.9562700282997906
4207.4			1.0264605833834053
4208.3			1.064531628939624
4209.2			1.0350635746252108
4210.1			0.996814267635087
4211.0			1.0
4211.9			1.0
4212.8			0.9704148764167314
4213.7			0.8847269287823327
4214.6			0.7731404676401351
4215.5			0.7194116677161956
4216.4			0.81015073351663
4217.3			0.9480212961821216
4218.2			1.0103201665995207
4219.1			1.0
4220.0			1.0356169673333677
4220.9			1.0638180499699588
4221.8			1.0308607255564313
4222.7			0.93781941925616
4223.6			0.8222959577968483
4224.5			0.6920402794614651
4225.4			0.5125836916042943
4226.3			0.3592804876987515
4227.2			0.3838025430196095
4228.1			1.0
4229.0			1.286611679094075
4229.9			1.3877804842050663
4230.8			1.4406588893310608
4231.7			1.4268435116176157
4232.6			1.277533679682083
4233.5			1.1672188821793708
4234.4			1.1401917579371919
4235.3			1.0610409412411406
4236.2			0.9394137439996597
4237.1			0.9005710386058574
4238.0			0.9268097334076351
4238.9			0.9106061359470748
4239.8			0.8935782774615438
4240.7			0.9411674610333619
4241.6			0.9806845780954219
4242.5			0.9537270112109526
4243.4			1.0
4244.3			1.0782403365128144
4245.2			1.1203240951565392
4246.1			1.071079763957728
4247.0			0.962791444393859
4247.9			0.8773472657474329
4248.8			0.8515319761166956
4249.7			0.8182224743408777
4250.6			0.8018041076062923
4251.5			0.8772544170413474
4252.4			0.9573586078798344
4253.3			0.9415961672353417
4254.2			0.8616205130599274
4255.1			0.8494068927865397
4256.0			0.9296455264562853
4256.9			1.021864100571153
4257.8			1.0078224252684431
4258.7			0.9223405246152057
4259.6			0.8270369157116148
4260.5			0.7574048882910236
4261.4			0.8258164650000526
4262.3			0.9530011458292159
4263.2			1.0657405027053155
4264.1			1.0
4265.0			1.031159608281138
4265.9			1.064497040199022
4266.8			1.0215281652780583
4267.7			0.9366591800504525
4268.6			0.8943220862901647
4269.5			0.8579028704158054
4270.4			0.7589588407156694
4271.3			0.6247380316996765
4272.2			0.6176942939606412
4273.1			0.704930478216413
4274.0			0.709026864883128
4274.9			0.7056766200204183
4275.8			0.807534356617678
4276.7			0.9441100026226065
4277.6			1.0
4278.5			1.0343751127107197
4279.4			0.9575335141331801
4280.3			0.8459136587507978
4281.2			0.8401087959007632
4282.1			0.8956222935002813
4283.0			0.945094073484375
4283.9			0.9666257493572296
4284.8			0.8830297821238696
4285.7			0.8045727619826163
4286.6			0.8247973255014063
4287.5			0.8820432154136002
4288.4			0.8348736935254243
4289.3			0.708767548425717
4290.2			0.6499494612774394
4291.1			0.7028625194561908
4292.0			0.823389936814577
4292.9			0.917676091760696
4293.8			0.9000066442609906
4294.7			0.8636305945046222
4295.6			0.8868653257819534
4296.5			0.8675044768874046
4297.4			0.8019844023215211
4298.3			0.713771931169658
4299.2			0.5822433111887197
4300.1			0.521167744255645
4301.0			0.5869866486945657
4301.9			0.6493246449882502
4302.8			0.6353007319219951
4303.7			0.6311679895130134
4304.6			0.6400826538814427
4305.5			0.6282649190610508
4306.4			0.6079396810837706
4307.3			0.5567779211962309
4308.2			0.49686664933181257
4309.1			0.5093376237741373
4310.0			0.5642921250189602
4310.9			0.6276753448811153
4311.8			0.705845588850619
4312.7			0.7785342739953999
4313.6			0.822133611251192
4314.5			0.89536202383175
4315.4			1.0876141700532866
4316.3			1.3102609237933818
4317.2			1.4156180902500677
4318.1			1.3972270789366257
4319.0			1.0
4319.9			0.9771725348448687
4320.8			0.937350236980914
4321.7			0.9068246825632785
4322.6			0.8361135281789044
4323.5			0.7109034955146968
4324.4			0.5914495925015165
4325.3			0.5277322405802369
4326.2			0.5877457754843177
4327.1			0.7822563379192229
4328.0			0.986602794653994
4328.9			1.0724258778334186
4329.8			1.0299330653755718
4330.7			0.9892988923100153
4331.6			1.0
4332.5			1.036531089826504
4333.4			1.0641510176809195
4334.3			1.1091871615745872
4335.2			1.1627850984249712
4336.1			1.1283467021280054
4337.0			0.9595946920564371
4337.9			0.8018067741635113
4338.8			0.7317120562152557
4339.7			0.6677360310947447
4340.6			0.647706665432989
4341.5			0.7556007647840276
4342.4			0.8776142469661855
4343.3			0.8959598100099949
4344.2			0.8994187143104343
4345.1			0.9341922367013252
4346.0			1.0
4346.9			0.9677436031530072
4347.8			0.9932200831243758
4348.7			1.0833814037402099
4349.6			1.0923224060727448
4350.5			0.936480845998069
4351.4			0.7565277697101586
4352.3			0.7148961606750802
4353.2			0.8135342862951129
4354.1			0.9135228136359648
4355.0			0.9301714673352348
4355.9			0.9251922227198055
4356.8			0.9758990306918041
4357.7			1.0025264317730485
4358.6			1.0
4359.5			1.0
4360.4			1.0
4361.3			1.0
4362.2			1.0
4363.1			1.0
4364.0			1.0
4364.9			1.0
4365.8			1.0
4366.7			1.0
4367.6			0.9020382939781336
4368.5			0.9150178346737158
4369.4			0.965863481451515
4370.3			0.9852073473543057
4371.2			0.9788634607984662
4372.1			0.9682744658821939
4373.0			0.9286916362293307
4373.9			0.8563824846420577
4374.8			0.7903728198936631
4375.7			0.8006873733424168
4376.6			0.9159031262473241
4377.5			1.0457537221484856
4378.4			1.0826554645678639
4379.3			1.0359889377224154
4380.2			0.9861054005437848
4381.1			0.9592315093451438
4382.0			0.8691379749458277
4382.9			0.6638683307133507
4383.8			0.5261104116273774
4384.7			0.5839971466024473
4385.6			0.7987707775256346
4386.5			0.9490694689770514
4387.4			0.982355389467964
4388.3			0.9697045595594092
4389.2			0.9474145728971458
4390.1			0.904055155283925
4391.0			0.9074920056889977
4391.9			0.9812025081561988
4392.8			1.0324817934892514
4393.7			1.014103270850617
4394.6			0.9526933628988499
4395.5			0.9749732306130375
4396.4			1.0944722065101273
4397.3			1.18973349785943
4398.2			1.0
4399.1			0.933924213594497
4400.0			0.8371420943849661
4400.9			0.8185843102801389
4401.8			0.9234876113462562
4402.7			0.9750892711637487
4403.6			0.8554387210954892
4404.5			0.6778273187099673
4405.4			0.6652624624104982
4406.3			0.760861105875679
4407.2			0.7920834254472382
4408.1			0.7471253934458839
4409.0			0.75212278476628
4409.9			0.8625672592998248
4410.8			1.0
4411.7			1.0362416771652119
4412.6			1.0611545324587828
4413.5			1.026521736343516
4414.4			0.8872232273648543
4415.3			0.785558305036538
4416.2			0.8056246633202184
4417.1			0.8740759714770702
4418.0			0.9407278636270044
4418.9			1.0027073196542924
4419.8			1.0
4420.7			1.0
4421.6			1.0
4422.5			1.0
4423.4			1.0
4424.3			1.0
4425.2			1.0
4426.1			1.0
4427.0			1.0
4427.9			1.0
4428.8			1.0
4429.7			1.0
4430.6			0.9615639498300189
4431.5			1.0065056129702206
4432.4			1.0357771941502862
4433.3			0.974789800120037
4434.2			0.8649416024295861
4435.1			0.7918109519256041
4436.0			0.8016719962637058
4436.9			0.884708584480473
4437.8			0.9743889128213403
4438.7			1.0190385545023972
4439.6			1.0006423659055674
4440.5			1.0
4441.4			1.0
4442.3			1.0
4443.2			1.0
4444.1			1.0
4445.0			1.0
4445.9			1.0
4446.8			1.0
4447.7			1.0
4448.6			1.0
4449.5			1.0
4450.4			0.9635669852917683
4451.3			0.9774102812009545
4452.2			0.995029618444687
4453.1			0.9677892124678161
4454.0			0.9054161797902801
4454.9			0.8561437859102954
4455.8			0.8604842590906693
4456.7			0.8881486415955839
4457.6			0.8984374645805803
4458.5			0.8819355349747059
4459.4			0.8476353637983584
4460.3			0.8202324098058018
4461.2			0.7835928582819387
4462.1			0.7858668048863677
4463.0			0.8854396986950464
4463.9			0.983394660729537
4464.8			0.994070852607784
4465.7			0.9626359554868361
4466.6			0.956162860339051
4467.5			0.9644243369263963
4468.4			0.9324529705927191
4469.3			0.9049531527635615
4470.2			0.9223985041553537
4471.1			0.9493079933914563
4472.0			1.0000803322995007
4472.9			1.0
4473.8			1.0
4474.7			1.0
4475.6			1.0
4476.5			1.0
4477.4			1.031536927572532
4478.3			1.0101466822075413
4479.2			0.937089609508461
4480.1			0.8663625689270437
4481.0			0.8324889572911296
4481.9			0.8210199363431178
4482.8			0.8534447638101054
4483.7			1.0
4484.6			1.050274665817369
4485.5			1.0774697032314935
4486.4			1.078504316437308
4487.3			1.0382516241886681
4488.2			0.9585397694552216
4489.1			0.881231732657488
4490.0			0.867306072147233
4490.9			0.9115719942959061
4491.8			0.9696942764214355
4492.7			0.9874498349351214
4493.6			0.9278781464291562
4494.5			0.8539924961931169
4495.4			0.8121103538297781
4496.3			0.8138187929293162
4497.2			0.8750715076906916
4498.1			0.944982082045869
4499.0			0.9797105332932815
4499.9			0.9700192062778252
4500.8			0.9119691195171503
4501.7			0.8878438498955075
4502.6			0.9587750275644794
4503.5			1.0482908901878691
4504.4			1.068186523774668
4505.3			1.036324313922796
4506.2			0.9968788756147584
4507.1			1.0
4508.0			1.0
4508.9			1.0
4509.8			1.0
4510.7			1.0
4511.6			1.0
4512.5			1.0
4513.4			0.972423375628949
4514.3			0.9581696474933192
4515.2			0.9608892360211696
4516.1			0.9821639267829396
4517.0			0.9679489053706142
4517.9			0.9270382113112574
4518.8			0.9329119646245472
4519.7			0.9897902269044362
4520.6			1.046570803918097
4521.5			1.0310903680726657
4522.4			0.9518759974774251
4523.3			0.9304846333943484
4524.2			0.9435978153853175
4525.1			0.9271857847942225
4526.0			0.8785647142976215
4526.9			1.0
4527.8			0.9497883723638543
4528.7			0.9320578907500398
4529.6			0.9593899018232267
4530.5			0.981866971189233
4531.4			1.0300593770123583
4532.3			1.074285291272541
4533.2			1.0404126378606011
4534.1			0.9579725467486936
4535.0			0.8960834369349187
4535.9			0.9369935827369827
4536.8			1.0825994378028982
4537.7			1.193864486656256
4538.6			1.185194449767837
4539.5			1.1084910504490175
4540.4			1.0317817545957406
4541.3			1.011091229343814
4542.2			1.0374932563554244
4543.1			1.0475930780117746
4544.0			1.0002520774557757
4544.9			0.9587061405916768
4545.8			0.9879135054698767
4546.7			1.0159008737611477
4547.6			1.0107889980304507
4548.5			0.9694164929345997
4549.4			0.9378029050119726
4550.3			0.9773010666647248
4551.2			1.0024994947887895
4552.1			0.9664105881939368
4553.0			0.9475028055506824
4553.9			0.9379486390735222
4554.8			0.918274548822019
4555.7			0.9257436263265181
4556.6			0.9834676058438322
4557.5			1.031852361091926
4558.4			1.0531986624721215
4559.3			1.046833529654008
4560.2			1.0
4561.1			0.9914400182196008
4562.0			0.9991032592170332
4562.9			0.9477414396743985
4563.8			0.8735606740863091
4564.7			0.8383776312776414
4565.6			0.862793021743409
4566.5			0.9330752511166462
4567.4			0.9941061809068987
4568.3			1.0019712919092414
4569.2			1.0
4570.1			1.0
4571.0			1.0
4571.9			0.9907934414325614
4572.8			1.0814181576102986
4573.7			1.1320429543242598
4574.6			1.1039704059588775
4575.5			1.0773010785872628
4576.4			1.0796268657714412
4577.3			1.0670330812351811
4578.2			1.0
4579.1			0.9406009436695069
4580.0			0.8763873675861463
4580.9			0.8707530960768249
4581.8			0.9255580329557241
4582.7			0.9564515521355353
4583.6			0.9462802120304308
4584.5			0.9308621673597227
4585.4			0.9194832504846994
4586.3			0.9136233950594398
4587.2			0.9526488771700804
4588.1			1.0006831382112287
4589.0			1.0145161197688473
4589.9			0.9997510192002208
4590.8			0.9752571331495655
4591.7			0.9273492569946662
4592.6			0.8915902251942032
4593.5			0.8637228553133264
4594.4			0.8352095357897866
4595.3			0.8328493934833227
4596.2			0.856744886334942
4597.1			0.8721445956993427
4598.0			0.8901490537942631
4598.9			0.9086611042623276
4599.8			0.8770135581262164
4600.7			0.840273138414931
4601.6			0.8631788545347661
4602.5			0.8965669833085282
4603.4			0.894390370119604
4604.3			0.8739809962515941
4605.2			0.8568717527708674
4606.1			0.8677032230675306
4607.0			0.9099914056521148
4607.9			0.9713774538719586
4608.8			1.0132005762212664
4609.7			0.9986361643486488
4610.6			1.0
4611.5			1.0
4612.4			1.0
4613.3			1.0
4614.2			1.0
4615.1			1.0
4616.0			1.0
4616.9			1.0
4617.8			1.0
4618.7			1.0
4619.6			1.0
4620.5			1.0
4621.4			1.0
4622.3			1.0
4623.2			1.0
4624.1			1.0
4625.0			1.0
4625.9			1.0
4626.8			1.0
4627.7			1.0
4628.6			1.0
4629.5			1.0
4630.4			1.0
4631.3			1.0
4632.2			1.0
4633.1			0.9395902322360444
4634.0			0.9118768298419739
4634.9			0.9079279729714155
4635.8			0.906052932719985
4636.7			0.8951885487085992
4637.6			0.8851144750602467
4638.5			0.8772780404331947
4639.4			0.8576915465389539
4640.3			0.8789761717351322
4641.2			0.9484756173774549
4642.1			0.988536603272403
4643.0			0.9797561211898725
4643.9			0.9618317299956923
4644.8			0.9359237739570319
4645.7			0.8756163297153674
4646.6			0.8203124749442176
4647.5			0.8197771031062845
4648.4			0.8538935032110706
4649.3			0.9057274359564302
4650.2			0.9559174013733899
4651.1			0.9717310253764656
4652.0			0.97832626674889
4652.9			1.0
4653.8			0.9665575420797599
4654.7			0.914957603824344
4655.6			0.8909504640612482
4656.5			0.9042559183500006
4657.4			0.9659036202838729
4658.3			1.0449700677527451
4659.2			1.1156035206521389
4660.1			1.1448238086777647
4661.0			1.1066015514061773
4661.9			1.0378933815755085
4662.8			0.9885009495308062
4663.7			0.9867777600861297
4664.6			1.0126560327659515
4665.5			1.0
4666.4			0.9076368598812437
4667.3			0.822933944826839
4668.2			0.8208013804199495
4669.1			0.8777599463535759
4670.0			0.9458869142324932
4670.9			1.0105145808277218
4671.8			1.0454617629996097
4672.7			1.0320600257175108
4673.6			0.9881756476317215
4674.5			0.9664010448864959
4675.4			1.0050202976202323
4676.3			1.0515793036188903
4677.2			1.0507691786586422
4678.1			1.0149424567047745
4679.0			0.9736352914454728
4679.9			0.9278935381643625
4680.8			0.8888332481656367
4681.7			0.8864860770378372
4682.6			0.9311970724815237
4683.5			0.9724490168013902
4684.4			0.9766051928699412
4685.3			0.9743786849289445
4686.2			0.9595439495184919
4687.1			0.9224981335275143
4688.0			0.9127087076006776
4688.9			1.0
4689.8			1.0101433547929086
4690.7			0.9970268711969615
4691.6			0.9959702234469072
4692.5			1.0221300386327514
4693.4			1.0528011915848474
4694.3			1.0787182195983078
4695.2			1.1094170827147771
4696.1			1.12609733521274
4697.0			1.0876390136772935
4697.9			0.9976481584063742
4698.8			0.9469893075599257
4699.7			0.9794710434192703
4700.6			1.0130350892893292
4701.5			1.0140367446546037
4702.4			0.9973762055645118
4703.3			0.9967415828256422
4704.2			1.0268818658148353
4705.1			1.0557096000865918
4706.0			1.0487543495979155
4706.9			1.0153217130444088
4707.8			0.9901332074604817
4708.7			0.9667616231205388
4709.6			0.9736101722449634
4710.5			1.0
4711.4			1.0491712714591837
4712.3			1.044552484879011
4713.2			1.0139603505434924
4714.1			0.976122182712905
4715.0			0.9699927901048052
4715.9			1.0224329985366776
4716.8			1.065364906909364
4717.7			1.0765728186803902
4718.6			1.082796246145047
4719.5			1.0892262316871961
4720.4			1.0898869324127964
4721.3			1.0741117108572062
4722.2			1.0435712065226108
4723.1			1.0395401018596853
4724.0			1.0751165739699695
4724.9			1.1166012702289414
4725.8			1.0925246253818028
4726.7			0.9901076580336409
4727.6			0.8997549744903508
4728.5			0.8818802824326561
4729.4			0.9115404244513073
4730.3			0.9256600230905043
4731.2			0.921026039033765
4732.1			0.9398266695637425
4733.0			0.9557506116867938
4733.9			0.9769783730030498
4734.8			1.0117380265254452
4735.7			1.0022006916127886
4736.6			0.9635970599198669
4737.5			0.9749561298374466
4738.4			1.017558057783019
4739.3			1.0178093041654097
4740.2			0.9746296656098212
4741.1			0.9552434849177981
4742.0			0.9730369789310441
4742.9			1.007689203570811
4743.8			1.0230419599114755
4744.7			1.0019131703886424
4745.6			0.9987410107872613
4746.5			1.0
4747.4			1.0
4748.3			1.0
4749.2			1.0
4750.1			1.0
4751.0			1.0
4751.9			1.0
4752.8			1.0
4753.7			1.0
4754.6			1.0
4755.5			1.0
4756.4			1.0
4757.3			1.0
4758.2			1.0018643931963407
4759.1			1.020470588951281
4760.0			1.0524784016043782
4760.9			1.0447334847175955
4761.8			0.9917978273465174
4762.7			0.9567027242148112
4763.6			0.9503629124093168
4764.5			0.9515081942633855
4765.4			0.9325101706474977
4766.3			0.9331909247530614
4767.2			0.963354673613629
4768.1			0.9915327526883346
4769.0			1.0503352435044364
4769.9			1.088855075420101
4770.8			1.0566985674338005
4771.7			1.0049022697456933
4772.6			1.0
4773.5			1.0487200825946792
4774.4			1.096863794488607
4775.3			1.0926272613250563
4776.2			1.07742924610804
4777.1			1.0889911294781092
4778.0			1.0864035308194064
4778.9			1.0608809991949872
4779.8			1.0488891708727957
4780.7			1.0412506177440646
4781.6			1.024394858286848
4782.5			1.0065222420899729
4783.4			0.988322968071399
4784.3			1.0050552273190065
4785.2			1.0137797129016817
4786.1			0.9689570431158157
4787.0			0.9613119443025435
4787.9			0.99749704474479
4788.8			0.9972324938123664
4789.7			0.9775886076559115
4790.6			0.9847708967823803
4791.5			1.0019817510072209
4792.4			1.0249289152931371
4793.3			1.0641524001009783
4794.2			1.0
4795.1			1.0177437372098108
4796.0			0.9944839087897033
4796.9			0.9564972010120302
4797.8			0.9129867857488875
4798.7			0.8759483491809611
4799.6			0.8703458782173091
4800.5			0.9042427258975747
4801.4			0.9563563743172386
4802.3			1.0045621242350826
4803.2			1.0219045156092945
4804.1			0.999715405906602
4805.0			1.0
4805.9			1.0
4806.8			1.0
4807.7			1.0
4808.6			1.0
4809.5			1.0
4810.4			1.0
4811.3			1.0
4812.2			1.0
4813.1			1.0
4814.0			1.0
4814.9			1.0
4815.8			1.0
4816.7			1.0
4817.6			1.0
4818.5			1.0
4819.4			1.0
4820.3			1.0
4821.2			1.0
4822.1			1.0
4823.0			1.0
4823.9			1.0
4824.8			1.0
4825.7			1.0
4826.6			1.0
4827.5			1.0
4828.4			1.0
4829.3			1.0
4830.2			1.0
4831.1			1.0
4832.0			1.0
4832.9			1.0
4833.8			1.0460515194490763
4834.7			1.059774783706541
4835.6			1.0428000825583625
4836.5			1.0346970626676208
4837.4			1.0261659197023831
4838.3			0.9901022265536762
4839.2			0.9444321834883317
4840.1			0.921438042372312
4841.0			0.9355116532508065
4841.9			0.953099085988492
4842.8			0.9348346639565015
4843.7			0.9269584764366351
4844.6			0.9662337463718049
4845.5			1.0034393160600208
4846.4			1.0021100635096765
4847.3			1.0
4848.2			1.0
4849.1			1.0
4850.0			1.0
4850.9			1.0
4851.8			1.0
4852.7			1.0
4853.6			1.0
4854.5			1.0
4855.4			0.9494202378479213
4856.3			0.9870997386903481
4857.2			1.0536382190683733
4858.1			1.0571715326769755
4859.0			0.9882705054029416
4859.9			0.8781091535980695
4860.8			0.7630511892502564
4861.7			0.7607463880826927
4862.6			0.8688216583314348
4863.5			0.9441199641802117
4864.4			0.960762663245893
4865.3			1.0
4866.2			1.0292733471762463
4867.1			1.0197150775741282
4868.0			0.9966016385100479
4868.9			1.0016668627226446
4869.8			0.9866665785761096
4870.7			0.9221347966022269
4871.6			0.8781174772058123
4872.5			0.9067072140074469
4873.4			0.9491769669009072
4874.3			0.9513354066181662
4875.2			0.9430896616992609
4876.1			0.9730992392218998
4877.0			0.9969720871226165
4877.9			1.0
4878.8			1.0
4879.7			1.0046264697091019
4880.6			0.9347750141673687
4881.5			0.8804660729111126
4882.4			0.9052488610042201
4883.3			0.9526323526088062
4884.2			0.9425562258543309
4885.1			0.8914810289002054
4886.0			0.8705262876464535
4886.9			0.8928660793998606
4887.8			0.9189582094554802
4888.7			0.9223157659104647
4889.6			0.8984262990718928
4890.5			0.8454182624584246
4891.4			0.845686235134096
4892.3			0.9274590301090323
4893.2			1.011066861626914
4894.1			1.076868280063867
4895.0			1.1181756772097573
4895.9			1.1175601596256557
4896.8			1.1083325301136555
4897.7			1.100508803916471
4898.6			1.066423943709865
4899.5			1.018641268069313
4900.4			1.0120419634609843
4901.3			1.0354933984366463
4902.2			1.0276159479237694
4903.1			1.0
4904.0			0.9936433530481693
4904.9			1.026728580335772
4905.8			1.061325543791897
4906.7			1.0557606307703615
4907.6			1.0135951412496
4908.5			0.9626136392160808
4909.4			0.918091326064763
4910.3			1.0
4911.2			1.0142855136775109
4912.1			1.0394882420770948
4913.0			1.0507039086966117
4913.9			1.0619919850559776
4914.8			1.094755881235159
4915.7			1.1186026634965316
4916.6			1.0893257880546647
4917.5			1.0060173490379654
4918.4			0.9050598815724028
4919.3			0.8208869283459788
4920.2			0.7880003176020821
4921.1			0.8354496957878714
4922.0			0.9196800584396282
4922.9			0.9535753806263763
4923.8			0.9219576317495668
4924.7			0.8953239881065768
4925.6			0.9218052735577145
4926.5			0.959414302686054
4927.4			0.9728604758035705
4928.3			0.9881720729638165
4929.2			1.0001821917880904
4930.1			1.0
4931.0			1.0
4931.9			1.0
4932.8			1.0
4933.7			0.9482899129541188
4934.6			0.984059488677147
4935.5			1.0238519057295221
4936.4			0.9924044731459575
4937.3			0.909698077448392
4938.2			0.8392734134338588
4939.1			0.8423832740020353
4940.0			0.9141395815261538
4940.9			0.972097091990542
4941.8			0.9848904024305793
4942.7			1.0005517204444665
4943.6			1.0
4944.5			1.0
4945.4			1.0
4946.3			1.0
4947.2			1.0
4948.1			1.0
4949.0			1.0
4949.9			1.0
4950.8			1.0
4951.7			1.0
4952.6			1.0
4953.5			1.0
4954.4			1.0
4955.3			0.9987499591804991
4956.2			0.9255861549381891
4957.1			0.8169626173424305
4958.0			0.8122697273705864
4958.9			0.9141075582169434
4959.8			0.9933386408510764
4960.7			1.0004440409801953
4961.6			1.0
4962.5			1.0
4963.4			1.0
4964.3			1.0
4965.2			1.0
4966.1			1.0
4967.0			1.0
4967.9			1.0
4968.8			1.0
4969.7			1.0
4970.6			1.0
4971.5			1.0
4972.4			1.0
4973.3			1.0
4974.2			1.0
4975.1			1.0
4976.0			0.9837037573598905
4976.9			0.9534075174263661
4977.8			0.9192038463831304
4978.7			0.9111401353417574
4979.6			0.9232949337963582
4980.5			0.9139908233431067
4981.4			0.8634670593818504
4982.3			0.8149923270058392
4983.2			0.8199177827119849
4984.1			0.8665314785899869
4985.0			0.9036383802325788
4985.9			0.9329236262741573
4986.8			0.9766476516845153
4987.7			1.0057091886791805
4988.6			0.9994744974291825
4989.5			1.0
4990.4			1.0
4991.3			1.0
4992.2			1.0
4993.1			1.0
4994.0			1.0
4994.9			1.0188302850895683
4995.8			1.0419698943734346
4996.7			1.0382836864031526
4997.6			1.0265769985328348
4998.5			0.9927404141673408
4999.4			0.9458076774745755
5000.3			0.9250656471408083
5001.2			0.9357771948816341
5002.1			0.956253021407775
5003.0			0.969865330396449
5003.9			0.9608108289665315
5004.8			0.9164502024838486
5005.7			0.8696308447417468
5006.6			0.8740733614258716
5007.5			0.9345415199375006
5008.4			0.9846815192398587
5009.3			0.9869409301805326
5010.2			0.9676577184422184
5011.1			0.9270705094921289
5012.0			0.8678354795657304
5012.9			0.8158230194068096
5013.8			0.7934151944894905
5014.7			0.8156379898792946
5015.6			0.8604954273630921
5016.5			0.8858373346359454
5017.4			0.8843814112733737
5018.3			0.8930102521041
5019.2			0.9075977110715885
5020.1			0.9080882707910971
5021.0			0.880845663141966
5021.9			0.8467309125609229
5022.8			0.8627429693209481
5023.7			0.9069767086132294
5024.6			0.9209054016943738
5025.5			0.9202061014133271
5026.4			0.8989300941303048
5027.3			0.8749735747498795
5028.2			0.897821439715105
5029.1			0.9384630353497402
5030.0			0.9541394275374211
5030.9			1.0
5031.8			1.0249563563426747
5032.7			1.0536576699340883
5033.6			1.0570166915044588
5034.5			1.0034836157741651
5035.4			0.9211163372865854
5036.3			0.9047748291393405
5037.2			0.9431671689751603
5038.1			0.9405677766431652
5039.0			0.8826285571856193
5039.9			0.7941230974436968
5040.8			0.7359560647845583
5041.7			0.797569477269673
5042.6			1.0
5043.5			1.0731915777082246
5044.4			1.1101281283989703
5045.3			1.150322012107485
5046.2			1.1745531394006046
5047.1			1.1361240794619771
5048.0			1.0400307139469533
5048.9			0.9651602554448857
5049.8			0.9478227487226135
5050.7			0.9429554227836348
5051.6			0.9357607292953797
5052.5			0.9509431731011135
5053.4			0.9869821495881236
5054.3			1.0172811942728484
5055.2			1.0186336700012268
5056.1			0.9998953196071332
5057.0			1.0
5057.9			1.0
5058.8			1.0
5059.7			1.0019199653952815
5060.6			1.037820808275194
5061.5			1.0612094628954394
5062.4			1.039279217214162
5063.3			0.9751503725474056
5064.2			0.8980157270470344
5065.1			0.8832315234213366
5066.0			0.9247931938276952
5066.9			0.9481195056735079
5067.8			0.9399157296896586
5068.7			0.9504339691716621
5069.6			0.9893093455314466
5070.5			1.0
5071.4			0.9558319276078416
5072.3			0.9351670702961403
5073.2			0.9784665786387361
5074.1			1.0147929568575693
5075.0			0.9980792437014083
5075.9			0.9711854701504623
5076.8			0.9869759104120344
5077.7			0.9872803336097254
5078.6			0.901750208797559
5079.5			0.8102824474762279
5080.4			0.8083571730065201
5081.3			0.8625173145472635
5082.2			0.8952196728616053
5083.1			0.9066241560406954
5084.0			0.9269610622561074
5084.9			0.9480789333639306
5085.8			0.9651031132421806
5086.7			0.9748561543627103
5087.6			0.979167492945839
5088.5			0.9874364806662663
5089.4			0.9997104805698179
5090.3			1.0
5091.2			1.0
5092.1			1.0
5093.0			1.0
5093.9			0.991314010801301
5094.8			0.9693805130037663
5095.7			0.951700464783828
5096.6			0.9420182211426446
5097.5			0.9133781683280591
5098.4			0.862241813205513
5099.3			0.8616531862042152
5100.2			0.9297512886504242
5101.1			1.0
5102.0			1.0085533386814483
5102.9			0.9948001708749167
5103.8			0.9793237605864046
5104.7			0.9631682206081672
5105.6			0.9517725981433516
5106.5			0.9218814620812213
5107.4			0.8966256784835709
5108.3			0.8988906535583162
5109.2			0.8867013135905522
5110.1			0.8750791257839639
5111.0			1.0
5111.9			1.0343797298925552
5112.8			1.029255697743854
5113.7			1.0350866037341606
5114.6			1.0617837666187029
5115.5			1.076112123849548
5116.4			1.086940537414039
5117.3			1.0991116584940843
5118.2			1.0998709315808843
5119.1			1.0760897611970641
5120.0			1.034949781684929
5120.9			0.9983192643624196
5121.8			0.9543305255605402
5122.7			0.884672896247766
5123.6			0.8444811054667073
5124.5			0.8677932312448257
5125.4			0.9048446942928037
5126.3			0.9125094152430754
5127.2			0.9038764820681667
5128.1			0.8988737280979254
5129.0			0.8840787218001952
5129.9			0.8873135344433624
5130.8			0.9183327274199091
5131.7			0.9547504398140197
5132.6			1.0
5133.5			1.0126302108762808
5134.4			1.0430084362451304
5135.3			1.0583544260503164
5136.2			1.026615951915345
5137.1			0.9927322289354645
5138.0			0.9683324974509024
5138.9			0.952982383147476
5139.8			0.9985298548118776
5140.7			1.042620227794375
5141.6			0.9951992145537616
5142.5			0.9394629044122358
5143.4			0.9642355790958156
5144.3			1.0021090511708874
5145.2			1.0047523861696483
5146.1			0.9953266097970678
5147.0			0.9972437200582366
5147.9			1.0338537767815372
5148.8			1.081857321685079
5149.7			1.0815979048659818
5150.6			1.0439141880557257
5151.5			1.0163081808504184
5152.4			1.0192702880233069
5153.3			1.0455294923635816
5154.2			1.0921929701682798
5155.1			1.1548499667751015
5156.0			1.220818621801637
5156.9			1.2702737449713288
5157.8			1.2835464576610698
5158.7			1.2800039429893615
5159.6			1.0
5160.5			1.0212675546559136
5161.4			1.0017823993225765
5162.3			0.9711979147134031
5163.2			0.9597070437738477
5164.1			0.9206897169827614
5165.0			0.8316319541130502
5165.9			0.716887371112574
5166.8			0.6245280085741578
5167.7			0.6215147569945482
5168.6			0.715656408398166
5169.5			0.838500086434231
5170.4			0.8538114384240673
5171.3			0.7207360444341478
5172.2			0.5850724443878033
5173.1			0.6144170551190925
5174.0			0.782492864701761
5174.9			0.926730961898653
5175.8			0.9749741683081313
5176.7			0.9881485777668488
5177.6			1.0029714659816567
5178.5			1.0088665806185813
5179.4			1.000940953945616
5180.3			0.9732420675293698
5181.2			0.9018521083941693
5182.1			0.7567516681547138
5183.0			0.6013676218993874
5183.9			0.6086816323119901
5184.8			0.788759526830131
5185.7			1.0
5186.6			1.0979486000396481
5187.5			1.1013694903909177
5188.4			1.081127392316818
5189.3			1.1046636606238962
5190.2			1.0945711916961018
5191.1			0.9972328397403258
5192.0			0.9036578424569717
5192.9			0.9041280806974454
5193.8			0.9473607415797497
5194.7			0.9520343085058182
5195.6			0.9561263483434245
5196.5			0.9834967008562178
5197.4			1.0057281999775858
5198.3			1.1544436126565958
5199.2			1.1814490732848946
5200.1			1.0
5201.0			0.9881985081280715
5201.9			0.9776811741511637
5202.8			0.9726047189536245
5203.7			0.9283073495630064
5204.6			0.8616874258478291
5205.5			0.8278966953906329
5206.4			0.8379060811940112
5207.3			0.8237083520875985
5208.2			0.7903602055392037
5209.1			0.8037325351143924
5210.0			0.847454737560391
5210.9			0.9143555843917663
5211.8			0.9918682162710345
5212.7			1.0566805681982845
5213.6			1.085108894118985
5214.5			1.0546465478863993
5215.4			0.9986388834279245
5216.3			1.0
5217.2			1.0
5218.1			1.0
5219.0			1.0
5219.9			1.0
5220.8			1.0116302797547096
5221.7			1.003888617043586
5222.6			0.9605322352033216
5223.5			0.8975392800801192
5224.4			0.8401213244022181
5225.3			0.8010684099438167
5226.2			0.7646299949779348
5227.1			0.7912304537806785
5228.0			0.8980658920266169
5228.9			0.9806221068690795
5229.8			0.999140461806067
5230.7			1.0105594115466756
5231.6			1.0000213920898549
5232.5			1.0
5233.4			1.0
5234.3			1.0
5235.2			1.0
5236.1			1.046587262377097
5237.0			1.0738458876326247
5237.9			1.0605337207603684
5238.8			1.0392682340075339
5239.7			1.039543679774494
5240.6			1.0585721372554795
5241.5			1.0599548122997324
5242.4			1.0472793794734983
5243.3			1.053436649380967
5244.2			1.073484449537305
5245.1			1.0444503852070124
5246.0			0.937865597380792
5246.9			0.8415501066787126
5247.8			0.8518846469757725
5248.7			0.892964390637935
5249.6			0.8693919058397286
5250.5			0.8413778151784895
5251.4			0.8603035248852223
5252.3			0.8964625410811826
5253.2			0.9113955871017229
5254.1			1.0
5255.0			0.9744743325110421
5255.9			1.0239726217678187
5256.8			1.1035045582935146
5257.7			1.1502045813576873
5258.6			1.1596303241979322
5259.5			1.1354214350877079
5260.4			1.0841795261667513
5261.3			1.0146200082076091
5262.2			0.9495388128854002
5263.1			0.8990012554438102
5264.0			0.8624506149780259
5264.9			0.8304553564692485
5265.8			0.831611499568781
5266.7			0.9128052505610835
5267.6			0.9677664132008422
5268.5			0.8791847508583376
5269.4			0.765399853110805
5270.3			0.8072770787276151
5271.2			0.9521310672126527
5272.1			1.0348493963699126
5273.0			1.0327818973625444
5273.9			1.0192550075067388
5274.8			0.9933874310229452
5275.7			0.99930343861852
5276.6			1.0
5277.5			1.0604114022897453
5278.4			1.070597134032243
5279.3			1.037893697536407
5280.2			0.9946646454618737
5281.1			0.9544132448246723
5282.0			0.9220558214722901
5282.9			0.8918525886755861
5283.8			0.8869572009888641
5284.7			0.9407499648627153
5285.6			1.0132282543296809
5286.5			1.0435042135375412
5287.4			1.0226766711527953
5288.3			0.9940310485474192
5289.2			1.0
5290.1			1.0132812161208948
5291.0			1.0240258349206983
5291.9			1.0126484855518996
5292.8			0.9914806477993657
5293.7			0.9835917148312964
5294.6			0.9704963347866524
5295.5			0.925338661399591
5296.4			0.8448555213429619
5297.3			0.7743290298821179
5298.2			0.777055749502402
5299.1			0.8465631674245127
5300.0			0.8880456404839994
5300.9			0.8837551351524807
5301.8			0.8897688169505462
5302.7			0.9290849618670997
5303.6			0.9727401111135948
5304.5			1.0006106664037329
5305.4			1.0
5306.3			1.0
5307.2			1.0
5308.1			1.0
5309.0			1.0
5309.9			1.0
5310.8			1.0
5311.7			1.0
5312.6			1.0
5313.5			1.0
5314.4			1.0
5315.3			1.0
5316.2			1.0
5317.1			1.0
5318.0			1.0
5318.9			1.0
5319.8			1.0
5320.7			0.9925410533208567
5321.6			0.983264798967558
5322.5			0.9745657996033973
5323.4			0.9476810662642922
5324.3			0.9295784087311539
5325.2			0.9419560228240674
5326.1			0.9284313521337265
5327.0			0.8255188429833449
5327.9			0.7087278024995378
5328.8			0.7287295904867698
5329.7			0.846970269748376
5330.6			0.9332921897551134
5331.5			0.9480781167165622
5332.4			0.9347858575747124
5333.3			0.9484733368863907
5334.2			0.9837161945460873
5335.1			0.9999472116681462
5336.0			1.0
5336.9			0.9909255368474693
5337.8			0.9899008644986079
5338.7			0.9714493386625205
5339.6			0.9150630784160174
5340.5			0.8722713872252108
5341.4			0.9023686958258704
5342.3			0.9613253082335803
5343.2			0.993469324586931
5344.1			0.9999976259388204
5345.0			1.0
5345.9			1.0
5346.8			1.0
5347.7			1.0
5348.6			1.0
5349.5			1.0
5350.4			1.0
5351.3			1.0
5352.2			1.0
5353.1			1.0
5354.0			1.0
5354.9			1.0
5355.8			1.0
5356.7			1.0
5357.6			1.0
5358.5			1.0
5359.4			1.0
5360.3			1.0
5361.2			1.0
5362.1			1.0
5363.0			1.0
5363.9			1.0
5364.8			1.0
5365.7			1.0
5366.6			1.0015842856160955
5367.5			1.0087611285375964
5368.4			0.9904068748274947
5369.3			0.9289253075043193
5370.2			0.8645789181570118
5371.1			0.8363200972303804
5372.0			0.8886331539776974
5372.9			0.9693593925810394
5373.8			1.008689973370495
5374.7			1.0156767258829367
5375.6			1.0003511603356183
5376.5			1.0
5377.4			1.0
5378.3			1.0
5379.2			1.0
5380.1			1.0
5381.0			0.9942063097066837
5381.9			0.9976068297053843
5382.8			0.9960797725310699
5383.7			1.0025866897780404
5384.6			1.017352301341738
5385.5			1.0254207433764544
5386.4			1.022325878013417
5387.3			1.0115096134806119
5388.2			0.9909201067975495
5389.1			0.9663604233212564
5390.0			0.95594208422913
5390.9			0.9589748849526515
5391.8			0.9660236236979602
5392.7			0.9668700070377511
5393.6			0.959140986273195
5394.5			0.9504868308891153
5395.4			0.9236239964016222
5396.3			0.878582841323837
5397.2			0.8824542353329783
5398.1			0.9509599473154035
5399.0			1.002939162201411
5399.9			1.0060627647888132
5400.8			1.0091116125692765
5401.7			1.0303738949452115
5402.6			1.0236587420070724
5403.5			0.9690157170912816
5404.4			0.9050208769926614
5405.3			0.8759506626308878
5406.2			0.9013705206191048
5407.1			0.951165159332305
5408.0			0.9715751031876437
5408.9			0.9539216572810462
5409.8			0.9504287560903419
5410.7			0.9951376557720373
5411.6			1.0580137359265795
5412.5			1.0955413054995204
5413.4			1.1011298820628574
5414.3			1.093230700985994
5415.2			1.0973767121716291
5416.1			1.1177191189452884
5417.0			1.129292880804265
5417.9			1.1180156987592056
5418.8			1.0907178696024773
5419.7			1.06731571137447
5420.6			1.0715048822501625
5421.5			1.100454476601941
5422.4			1.1103173139676292
5423.3			1.0822198996780275
5424.2			1.0614948559616988
5425.1			1.0
5426.0			1.0359576146933553
5426.9			1.0535815443637366
5427.8			1.013635076303537
5428.7			0.9348734491296063
5429.6			0.9049100698270931
5430.5			0.9427276127002552
5431.4			0.9696842740425571
5432.3			0.9529197396768788
5433.2			0.925023197325108
5434.1			0.9017338703248743
5435.0			0.8925114001720299
5435.9			0.90638751595477
5436.8			0.9470848051676775
5437.7			1.0009353166155301
5438.6			1.0409368053178254
5439.5			1.0579507408757967
5440.4			1.0559300765087782
5441.3			1.0486507671338539
5442.2			1.0
5443.1			0.9934408368083791
5444.0			0.962740158977784
5444.9			0.9056485301865428
5445.8			0.8441039317599277
5446.7			0.8296196816371632
5447.6			0.8832072726340172
5448.5			0.9525238014762684
5449.4			0.9907910164902705
5450.3			0.9991875356578407
5451.2			1.0
5452.1			1.0
5453.0			1.0
5453.9			1.0
5454.8			1.0
5455.7			1.0
5456.6			1.0
5457.5			1.0
5458.4			1.0
5459.3			1.0
5460.2			1.0
5461.1			0.9753213670018056
5462.0			0.9546674653479509
5462.9			0.9499240530390526
5463.8			0.9740790746690614
5464.7			1.003202243924814
5465.6			1.0118442373807586
5466.5			1.011732620027018
5467.4			1.0150409856318352
5468.3			1.0086803694363426
5469.2			0.9824183194376599
5470.1			0.9599861960125694
5471.0			0.9646267775803073
5471.9			0.9711269688983759
5472.8			0.9569942121973317
5473.7			0.9482973754641661
5474.6			0.9432833768824364
5475.5			0.9036652699952136
5476.4			0.864290426687074
5477.3			0.8912568239909913
5478.2			0.9630046524758006
5479.1			0.9969312612276745
5480.0			0.9605582018330231
5480.9			0.9070031289951245
5481.8			0.8965175523833424
5482.7			0.9295400514018908
5483.6			0.9823512441769412
5484.5			1.0284982528476172
5485.4			1.0383320459118834
5486.3			1.0049118684441807
5487.2			0.9672577826216447
5488.1			0.9643943959893931
5489.0			0.9730450936927287
5489.9			0.9741788636198303
5490.8			0.9848872252668643
5491.7			1.0002240610983661
5492.6			1.0
5493.5			1.0
5494.4			1.0
5495.3			1.0
5496.2			1.0
5497.1			1.0
5498.0			1.0
5498.9			1.0
5499.8			1.0
5500.7			1.0
5501.6			1.0
5502.5			1.0
5503.4			1.0
5504.3			1.0
5505.2			1.0
5506.1			0.9641382169984367
5507.0			0.9776880106558915
5507.9			1.0127980810664543
5508.8			1.020619466258524
5509.7			1.0056350340529308
5510.6			0.9764930486013735
5511.5			0.9321996640807657
5512.4			0.9009369523520677
5513.3			0.8959850775955224
5514.2			0.9104090945539781
5515.1			0.9355436297157521
5516.0			0.9501406257042717
5516.9			0.9630774265652797
5517.8			0.987284819585956
5518.7			1.0035806792292175
5519.6			1.0
5520.5			1.0
5521.4			1.0
5522.3			0.9990770779328929
5523.2			1.0001552048807598
5524.1			0.9988580462705364
5525.0			0.9894071890028405
5525.9			0.96926883158386
5526.8			0.9376168349670244
5527.7			0.9108548598125747
5528.6			0.9217002747464749
5529.5			0.9642470055501263
5530.4			0.9961712534667411
5531.3			1.0016574349253764
5532.2			0.9982862460436029
5533.1			0.998446252282636
5534.0			1.0
5534.9			1.0
5535.8			1.0
5536.7			1.0
5537.6			1.0
5538.5			1.0
5539.4			1.0
5540.3			1.0
5541.2			1.0
5542.1			1.0
5543.0			1.0
5543.9			1.0
5544.8			1.0
5545.7			1.0
5546.6			1.0
5547.5			1.0
5548.4			1.0
5549.3			1.0
5550.200000000001			1.0
5551.1			1.0
5552.0			1.0
5552.9			1.0
5553.8			1.0
5554.700000000001			1.0
5555.6			1.0
5556.5			1.0
5557.4			1.0
5558.3			1.0
5559.200000000001			1.0
5560.1			1.0
5561.0			1.0
5561.9			1.0
5562.8			1.0
5563.700000000001			1.0
5564.6			1.0
5565.5			1.0
5566.4			1.0
5567.3			1.0
5568.200000000001			1.0
5569.1			1.0
5570.0			1.0
5570.9			1.0
5571.8			1.0
5572.700000000001			1.0
5573.6			1.0
5574.5			1.0
5575.4			1.0
5576.3			1.0
5577.200000000001			1.0026587132640319
5578.1			1.0019717843575522
5579.0			1.0068065968463384
5579.9			1.018404496335325
5580.8			1.0202978628337853
5581.700000000001			1.0149896086960393
5582.6			1.0131165745285875
5583.5			1.0090128936020315
5584.4			0.9962959754939552
5585.3			0.9714663440853525
5586.200000000001			0.9356805363108162
5587.1			0.9064296998910671
5588.0			0.8991695720650256
5588.9			0.9123606335485336
5589.8			0.9362971847098722
5590.700000000001			0.9550725273988128
5591.6			0.9611152597017799
5592.5			0.9600598903073815
5593.4			0.9616153762364418
5594.3			1.0
5595.200000000001			1.0373572925308396
5596.1			1.059230500556078
5597.0			1.0356490779504752
5597.9			0.9951769272367835
5598.8			0.9745005065947019
5599.700000000001			0.962914955488875
5600.6			0.9408179420294681
5601.5			0.9160395557621676
5602.4			0.9105520048291392
5603.3			0.9343097042445447
5604.200000000001			0.9725138476274617
5605.1			0.9995304641992473
5606.0			1.0081333342820749
5606.9			1.0
5607.8			1.0012359730685514
5608.700000000001			1.004379836512647
5609.6			1.0104542987089318
5610.5			1.0175488708093725
5611.4			1.0245748810679884
5612.3			1.0214072777125018
5613.200000000001			0.990507417356585
5614.1			0.9292185496550872
5615.0			0.8835498060590368
5615.9			0.8976188451451649
5616.8			0.9416880950753465
5617.700000000001			0.965609725639708
5618.6			0.9648394475273018
5619.5			1.0
5620.4			1.0096195824126981
5621.3			1.02399289884807
5622.200000000001			1.0158182412400383
5623.1			0.9715953546396741
5624.0			0.9198654027500315
5624.9			0.9050101428659811
5625.8			0.9241309362350226
5626.700000000001			0.94372335549992
5627.6			0.9573596015982285
5628.5			0.9774943622055837
5629.4			0.9982499650951261
5630.3			1.0
5631.200000000001			1.0
5632.1			1.0
5633.0			1.0
5633.9			1.0
5634.8			1.0
5635.700000000001			1.0
5636.6			1.0
5637.5			1.0
5638.4			1.0
5639.3			1.0
5640.200000000001			1.0
5641.1			1.0
5642.0			1.0
5642.9			1.0
5643.8			1.0
5644.700000000001			1.0
5645.6			1.0
5646.5			1.0
5647.4			1.0
5648.3			1.0006522265678264
5649.200000000001			1.0013812727012823
5650.1			1.0105242053498447
5651.0			1.0287067972120068
5651.9			1.0436033296203784
5652.8			1.0408250716354353
5653.700000000001			1.0232698630548087
5654.6			1.0091290169442406
5655.5			1.0065388538642672
5656.4			0.98246997398753
5657.3			0.9220243496756635
5658.200000000001			0.887290294918453
5659.1			0.9219137351820041
5660.0			0.9757997139830835
5660.9			0.9872730636134742
5661.8			0.9715197798426515
5662.700000000001			0.9761536524711021
5663.6			1.0093060084866063
5664.5			1.042895304775604
5665.4			1.050025427885656
5666.3			1.0298856328410657
5667.200000000001			1.0064416834851708
5668.1			1.0010117712405242
5669.0			1.0
5669.9			1.0
5670.8			1.0
5671.700000000001			1.0
5672.6			1.0
5673.5			1.0
5674.4			1.0
5675.3			1.0
5676.200000000001			1.0
5677.1			1.0
5678.0			1.0
5678.9			1.0
5679.8			1.0
5680.700000000001			1.0
5681.6			1.0
5682.5			1.0
5683.4			1.0
5684.3			1.0
5685.200000000001			1.0
5686.1			1.0
5687.0			1.0
5687.9			1.0
5688.8			1.0
5689.700000000001			1.0
5690.6			1.0
5691.5			1.015903800588433
5692.4			1.0238034768607145
5693.3			1.0201534787541808
5694.200000000001			1.0169327747215298
5695.1			1.0188450378754168
5696.0			1.0169576926713901
5696.9			0.9982358573994059
5697.8			0.9685060260025753
5698.700000000001			0.9494286339090008
5699.6			0.9378147645836599
5700.5			0.9238669757913456
5701.4			0.9178680037156598
5702.3			0.9302269106581688
5703.200000000001			0.9549235725425749
5704.1			0.970425502924289
5705.0			0.9605296395603659
5705.9			0.934210394789443
5706.8			0.9084866146327549
5707.700000000001			0.8889555832829554
5708.6			0.8772335703974502
5709.5			0.8770879176297047
5710.4			0.8794402982588152
5711.3			0.8837001377558653
5712.200000000001			0.9110500068648861
5713.1			0.9553391023980536
5714.0			0.9857772766731145
5714.9			0.9960466926384389
5715.8			1.0004634464234674
5716.700000000001			1.0035179891984403
5717.6			1.0066065471239576
5718.5			1.0141089062821909
5719.4			1.022770561418332
5720.3			1.0275057231750964
5721.200000000001			1.0317053619832741
5722.1			1.035482026378024
5723.0			1.0389040496222437
5723.9			1.0400892205082368
5724.8			1.0302738518235008
5725.700000000001			0.9998640293335668
5726.6			1.0
5727.5			1.0
5728.4			1.0
5729.3			1.0
5730.200000000001			1.0
5731.1			1.0
5732.0			1.0
5732.9			1.0
5733.8			1.0
5734.700000000001			1.0
5735.6			1.0
5736.5			1.0
5737.4			1.0
5738.3			1.0
5739.200000000001			1.0
5740.1			1.0
5741.0			1.0
5741.9			1.0
5742.8			1.0
5743.700000000001			1.0
5744.6			1.0
5745.5			1.0
5746.4			1.0
5747.3			1.0
5748.200000000001			1.0
5749.1			1.0139200811356455
5750.0			1.029807865329052
5750.9			1.0215280027253575
5751.8			0.9884753286828816
5752.700000000001			0.9467001234734407
5753.6			0.921517216112839
5754.5			0.9302248318470385
5755.4			0.9628151865826939
5756.3			0.9909176989737197
5757.200000000001			1.0029557504123652
5758.1			0.998952852942529
5759.0			1.0
5759.9			1.0
5760.8			1.0
5761.700000000001			1.0
5762.6			1.0
5763.5			1.0
5764.4			1.0
5765.3			1.0
5766.200000000001			1.0
5767.1			1.0
5768.0			1.0
5768.9			1.0
5769.8			1.0
5770.700000000001			1.0
5771.6			1.0
5772.5			0.9923885434548622
5773.4			0.9886230296783574
5774.3			0.9886197016046719
5775.200000000001			0.9959074857464045
5776.1			1.0082272426416081
5777.0			1.0170674251827847
5777.9			1.0168951538753686
5778.8			1.0015780564516539
5779.700000000001			0.967024707917088
5780.6			0.9245667759100643
5781.5			0.9033048622682702
5782.4			0.9123092654949791
5783.3			0.9255514804545135
5784.200000000001			0.9216430472732389
5785.1			0.9183532394368786
5786.0			0.9403658393484844
5786.9			0.9763165409375313
5787.8			1.0065555648986926
5788.700000000001			1.0214335941119876
5789.6			1.0147799455498625
5790.5			0.9990951053028437
5791.4			1.0
5792.3			1.0
5793.200000000001			1.0
5794.1			1.0
5795.0			1.0
5795.9			1.0
5796.8			1.0
5797.700000000001			1.0
5798.6			1.0
5799.5			1.0
5800.4			1.0
5801.3			1.0
5802.200000000001			1.0
5803.1			1.0
5804.0			1.0
5804.9			1.0
5805.8			1.0
5806.700000000001			1.0
5807.6			1.0
5808.5			1.0
5809.4			1.0
5810.3			1.0
5811.200000000001			1.0
5812.1			1.0
5813.0			1.0
5813.9			1.0
5814.8			1.0
5815.700000000001			1.0
5816.6			1.0
5817.5			1.0
5818.4			1.0
5819.3			1.0
5820.200000000001			1.0
5821.1			1.0
5822.0			1.0
5822.9			1.0
5823.8			1.0
5824.700000000001			1.0
5825.6			1.0
5826.5			1.0
5827.4			1.0
5828.3			1.0
5829.200000000001			1.0
5830.1			1.0
5831.0			1.0
5831.9			1.0
5832.8			1.0
5833.700000000001			1.0
5834.6			1.0
5835.5			1.0
5836.4			1.0
5837.3			1.0
5838.200000000001			1.0
5839.1			1.0
5840.0			1.0
5840.9			1.0
5841.8			1.0
5842.700000000001			1.0
5843.6			1.0
5844.5			1.0
5845.4			0.9843735699343891
5846.3			0.9689019098697598
5847.200000000001			0.9656237743011706
5848.1			0.9753919916078755
5849.0			0.9871671787846297
5849.9			0.9916223552296621
5850.8			0.9828162924552877
5851.700000000001			0.9611342191693579
5852.6			0.9388807837713111
5853.5			0.9364905520458396
5854.4			0.9529460327396438
5855.3			0.9589997522313208
5856.200000000001			0.9385497384296372
5857.1			0.9120633409389902
5858.0			0.9097894220500469
5858.9			0.9308495840926542
5859.8			0.9551429694292959
5860.700000000001			0.96768699265579
5861.6			0.9662917577322904
5862.5			0.9651877926833399
5863.4			0.9737609233589303
5864.3			0.9788220321717978
5865.200000000001			0.9653819737785506
5866.1			0.9437053416311393
5867.0			0.9419688686338414
5867.9			0.9626448676822643
5868.8			0.9853720787788721
5869.700000000001			0.998198705209391
5870.6			0.9995904820248325
5871.5			1.0
5872.4			1.0
5873.3			1.0
5874.200000000001			1.0
5875.1			1.0
5876.0			1.0
5876.9			1.0
5877.8			1.0
5878.700000000001			0.9856756638624337
5879.6			0.9690843578119238
5880.5			0.965741699650492
5881.4			0.9766969268369255
5882.3			0.9815731509765134
5883.200000000001			0.9745682948335366
5884.1			0.9761834365132084
5885.0			0.9954426684285689
5885.9			1.0110639872591383
5886.8			0.9962922172994755
5887.700000000001			0.9315860216701795
5888.6			0.8210043786941207
5889.5			0.7260703496620093
5890.4			0.7235708266083235
5891.3			0.8009083952786883
5892.200000000001			0.8813326375619536
5893.1			0.9209367633299997
5894.0			0.9074143422690594
5894.9			0.8487083643399136
5895.8			0.8094888055915694
5896.700000000001			0.842437090659446
5897.6			0.9059110586474984
5898.5			0.9441802589580958
5899.4			0.9623990320033715
5900.3			0.9826083030010012
5901.200000000001			0.99737620578774
5902.1			0.9989922836645888
5903.0			1.0
5903.9			1.0
5904.8			1.0
5905.700000000001			1.0
5906.6			1.0
5907.5			1.0
5908.4			1.0
5909.3			1.0
5910.200000000001			1.0
5911.1			1.0
5912.0			1.0
5912.9			1.0
5913.8			1.0
5914.700000000001			1.0
5915.6			1.0
5916.5			1.0
5917.4			1.0
5918.3			1.0
5919.200000000001			1.0
5920.1			1.0
5921.0			1.0
5921.9			1.0
5922.8			1.0
5923.700000000001			1.0
5924.6			1.0
5925.5			1.0
5926.4			1.0
5927.3			1.0
5928.200000000001			1.0
5929.1			1.0
5930.0			1.0
5930.9			1.0
5931.8			1.0
5932.700000000001			1.0
5933.6			1.0
5934.5			1.0
5935.4			1.0
5936.3			1.0
5937.200000000001			1.0
5938.1			1.0
5939.0			1.0
5939.9			1.0
5940.8			1.0
5941.700000000001			1.0
5942.6			1.0
5943.5			1.0
5944.4			1.0
5945.3			1.0
5946.200000000001			1.0
5947.1			1.0
5948.0			1.0
5948.9			1.0
5949.8			1.0
5950.700000000001			1.0
5951.6			1.0
5952.5			1.0
5953.4			1.0
5954.3			1.0
5955.200000000001			1.0
5956.1			1.0
5957.0			1.0
5957.9			1.0
5958.8			1.0
5959.700000000001			1.0
5960.6			1.0
5961.5			1.0
5962.4			1.0
5963.3			1.0
5964.200000000001			1.0
5965.1			1.0
5966.0			1.0
5966.9			1.0
5967.8			1.0
5968.700000000001			1.0
5969.6			1.0
5970.5			1.0
5971.4			1.0
5972.3			1.0
5973.200000000001			1.0
5974.1			1.0
5975.0			0.9799153131064008
5975.9			0.9572898220316177
5976.8			0.9430178350483015
5977.700000000001			0.939788741924931
5978.6			0.9478794711556612
5979.5			0.9676397122888168
5980.4			0.9871761563971397
5981.3			0.9903986611244527
5982.200000000001			0.9727795786546928
5983.1			0.9432619886450736
5984.0			0.9238415500627514
5984.9			0.9308414380470388
5985.8			0.953041293479242
5986.700000000001			0.969437275810346
5987.6			0.9774028647251233
5988.5			0.9844481546433863
5989.4			0.9869201606544824
5990.3			0.9762547820905284
5991.200000000001			0.9601492071326875
5992.1			0.9602708205645979
5993.0			0.9818296121190015
5993.9			1.0020049656869057
5994.8			1.002252544185279
5995.700000000001			0.9879988896167605
5996.6			0.9732982157394823
5997.5			0.9657145046775542
5998.4			0.9668364469111617
5999.3			0.9747394287723278
6000.200000000001			0.9842797200832767
6001.1			0.983879768568588
6002.0			0.9715395538062627
6002.9			0.9631232237359985
6003.8			0.9686292499341592
6004.700000000001			0.9760854720345585
6005.6			0.9707265669653525
6006.5			0.9510774380097555
6007.4			0.9296656838985144
6008.3			0.9311273312621884
6009.200000000001			0.9614179359922307
6010.1			0.9920099689074474
6011.0			0.9956448715927814
6011.9			0.9744173793008475
6012.8			0.9541677711400841
6013.700000000001			0.9563849110738916
6014.6			0.968240379169292
6015.5			0.9685113715610575
6016.4			0.9619023980018655
6017.3			0.9644984750985542
6018.200000000001			0.969590940403305
6019.1			0.9626440420860284
6020.0			0.9507343445894239
6020.9			0.9496375845924555
6021.8			0.9610143105391196
6022.700000000001			0.9735618587151826
6023.6			0.9807517802912228
6024.5			0.9887037001537672
6025.4			0.9969995929775598
6026.3			0.9966409470811303
6027.200000000001			0.9951629320905073
6028.1			1.0024950057002275
6029.0			1.0100431130999148
6029.9			1.0103391046372237
6030.8			1.0077707674953265
6031.700000000001			1.008278992414385
6032.6			1.0107226219173184
6033.5			1.0137628218933716
6034.4			1.0168055011892425
6035.3			1.0212087584162928
6036.200000000001			1.0261827311333567
6037.1			1.0261867152894695
6038.0			1.0184165680869264
6038.9			1.0064692204972456
6039.8			1.0001996933872597
6040.700000000001			1.0
6041.6			1.0
6042.5			1.0
6043.4			1.0
6044.3			1.0
6045.200000000001			1.0
6046.1			1.0
6047.0			1.0
6047.9			1.0
6048.8			1.0
6049.700000000001			1.0
6050.6			1.0
6051.5			1.0
6052.4			1.0
6053.3			1.0
6054.200000000001			1.0
6055.1			1.0
6056.0			1.0
6056.9			1.0
6057.8			1.0
6058.700000000001			1.0
6059.6			1.005519346359447
6060.5			1.0056783197803112
6061.4			0.997544299684619
6062.3			0.9828192987276577
6063.200000000001			0.9621287366828405
6064.1			0.9361756862489867
6065.0			0.9201933153302033
6065.9			0.9336861547817163
6066.8			0.968385462046479
6067.700000000001			0.9961135845799002
6068.6			1.0042660972904633
6069.5			1.0013036922010015
6070.4			0.9977167824879606
6071.3			1.0
6072.200000000001			1.0
6073.1			1.0
6074.0			1.0
6074.9			1.0
6075.8			1.0
6076.700000000001			1.0
6077.6			1.0
6078.5			1.0
6079.4			1.0
6080.3			1.0
6081.200000000001			1.0
6082.1			1.0
6083.0			1.0
6083.9			1.0
6084.8			1.0
6085.700000000001			1.0
6086.6			1.0
6087.5			1.0
6088.4			1.0
6089.3			1.0
6090.200000000001			1.0
6091.1			1.0
6092.0			1.0
6092.9			1.0
6093.8			1.0
6094.700000000001			1.0
6095.6			1.0
6096.5			1.0
6097.4			1.0
6098.3			1.0
6099.200000000001			1.0107846170006494
6100.1			1.0074610328532279
6101.0			0.9742708505323678
6101.9			0.9269676577710696
6102.8			0.9101693086764194
6103.700000000001			0.9411340313595303
6104.6			0.9857036827911665
6105.5			1.0066235021724568
6106.4			1.0000251985519097
6107.3			1.0
6108.200000000001			1.0
6109.1			1.0
6110.0			1.0
6110.9			1.0
6111.8			1.0
6112.700000000001			1.0
6113.6			1.0
6114.5			1.006296507357288
6115.4			0.9939130823663235
6116.3			0.982041806408503
6117.200000000001			0.9838715503944605
6118.1			0.9861290550482207
6119.0			0.9753391392125486
6119.9			0.9572913012289348
6120.8			0.9409587971110044
6121.700000000001			0.9364673089544064
6122.6			0.9584820290909636
6123.5			0.9976318466438943
6124.4			1.0205665266330017
6125.3			1.0135805431215095
6126.200000000001			0.9959924684801339
6127.1			0.985573778244673
6128.0			0.9864943814741586
6128.9			0.9994479626077362
6129.8			1.0
6130.700000000001			1.0
6131.6			1.0
6132.5			1.0110686221371408
6133.4			1.0079029727262268
6134.3			0.9783238091359111
6135.200000000001			0.9213396567220022
6136.1			0.8600782337463994
6137.0			0.8409676261980257
6137.9			0.8886671384517456
6138.8			0.967865719200023
6139.700000000001			1.0172045015764566
6140.6			1.0160340144216558
6141.5			0.9991791122630403
6142.4			1.0
6143.3			1.0
6144.200000000001			1.0
6145.1			1.0
6146.0			1.0
6146.9			1.0
6147.8			1.0
6148.700000000001			1.0
6149.6			1.0
6150.5			1.0
6151.4			1.0
6152.3			1.0
6153.200000000001			1.0
6154.1			1.0
6155.0			1.0
6155.9			1.0
6156.8			1.0098712156845082
6157.700000000001			1.0221148386915475
6158.6			1.0297212490798573
6159.5			1.0131831889128955
6160.4			0.9623541759825084
6161.3			0.9048115779714433
6162.200000000001			0.8812896140182609
6163.1			0.9007609787339823
6164.0			0.9411051392348422
6164.9			0.9756201044857772
6165.8			0.9972127835008779
6166.700000000001			1.0096160247963788
6167.6			1.0004461146269121
6168.5			1.0
6169.4			1.0
6170.3			1.0
6171.200000000001			1.0
6172.1			1.0
6173.0			1.0
6173.9			1.0
6174.8			1.0
6175.700000000001			1.0
6176.6			1.0
6177.5			1.0
6178.4			1.0
6179.3			1.0
6180.200000000001			1.0
6181.1			1.0
6182.0			1.0
6182.9			1.0
6183.8			1.0
6184.700000000001			0.9959115600157893
6185.6			0.9837402148592282
6186.5			0.966695447634074
6187.4			0.9524303075722743
6188.3			0.945236820051738
6189.200000000001			0.9355943122900962
6190.1			0.9091106754917632
6191.0			0.8831977386191237
6191.9			0.895130701206299
6192.8			0.9421728294386713
6193.700000000001			0.9835646446706655
6194.6			1.0010132498574638
6195.5			1.0
6196.4			1.0028860475788166
6197.3			0.9915484527513642
6198.200000000001			0.958534005141167
6199.1			0.9233132259438853
6200.0			0.9173926355293957
6200.9			0.9448325346881061
6201.8			0.9802965751744379
6202.700000000001			0.9994911692379733
6203.6			1.0
6204.5			0.9979184780752949
6205.4			1.0008467976746227
6206.3			1.0056431266562593
6207.200000000001			1.0067061012595182
6208.1			1.004497235633086
6209.0			0.999566457390503
6209.9			0.9939609688293016
6210.8			0.9892551523894269
6211.700000000001			0.975193276325665
6212.6			0.9448739627431729
6213.5			0.9147154007212538
6214.4			0.9037112597060856
6215.3			0.9140734519739375
6216.200000000001			0.9411665245806276
6217.1			0.9700446161207192
6218.0			0.976196417584212
6218.9			0.9566541215238055
6219.8			0.9393458263325887
6220.700000000001			0.947156990734706
6221.6			0.9742794221675954
6222.5			0.9964225592586174
6223.4			1.000399717639376
6224.3			1.0
6225.200000000001			1.0040647491521542
6226.1			1.0109681953251735
6227.0			1.0113405927495347
6227.9			0.9991426928967351
6228.8			0.9657850105965317
6229.700000000001			0.9166671387516
6230.6			0.8824188107479298
6231.5			0.8832405866633637
6232.4			0.9091920210120146
6233.3			0.9453189896577932
6234.200000000001			1.0
6235.1			1.0270389414229768
6236.0			1.0317708326012063
6236.9			1.0215160162508696
6237.8			1.003675206102336
6238.700000000001			0.9788904633675799
6239.6			0.9574466902315376
6240.5			0.9542774749224323
6241.4			0.9550535195602171
6242.3			0.9393855644435308
6243.200000000001			0.9256584592484352
6244.1			0.9341095409377822
6245.0			1.0
6245.9			1.0127666694375246
6246.8			1.037180084448381
6247.700000000001			1.0679544379485202
6248.6			1.0856860142917142
6249.5			1.082861491663158
6250.4			1.0557869575111947
6251.3			1.0090123933258097
6252.200000000001			0.9706785423853879
6253.1			0.9630126730208244
6254.0			0.9743788654326863
6254.9			0.9782047886067261
6255.8			0.9601758208228337
6256.700000000001			0.9235915082053536
6257.6			0.8913324700821083
6258.5			0.8951459960421138
6259.4			0.9330708116013364
6260.3			0.9711435925571243
6261.200000000001			0.996471287032346
6262.1			1.02231698762113
6263.0			1.0406195797283917
6263.9			1.029936154756636
6264.8			1.0024086580796139
6265.700000000001			0.9929565310027393
6266.6			1.0062216846982124
6267.5			1.0158362169383952
6268.4			1.0086106728413282
6269.3			0.9983784980720394
6270.200000000001			1.0
6271.1			1.0
6272.0			1.0
6272.9			1.0
6273.8			1.0
6274.700000000001			1.0
6275.6			1.0
6276.5			1.0
6277.4			1.0
6278.3			1.0
6279.200000000001			1.0
6280.1			1.0
6281.0			1.0061630434043418
6281.9			1.019531705195171
6282.8			1.0343211358683564
6283.700000000001			1.0454139478872266
6284.6			1.0510895973582297
6285.5			1.0591357617398391
6286.4			1.0734288416534745
6287.3			1.0858158454724756
6288.200000000001			1.0883064116822723
6289.1			1.0772168759167726
6290.0			1.0576833431933943
6290.9			1.0406084665121562
6291.8			1.0291592993103649
6292.700000000001			1.0240528931288033
6293.6			1.02932736517984
6294.5			1.0337119954809535
6295.4			1.0144462414063102
6296.3			0.9833844163974479
6297.200000000001			0.9749431918872453
6298.1			0.9901123764391733
6299.0			1.0004258269426118
6299.9			0.9927152146808634
6300.8			0.9795038565750043
6301.700000000001			0.9732538010608629
6302.6			0.9787498797572552
6303.5			1.0
6304.4			1.0131411612470982
6305.3			1.0203717416589373
6306.200000000001			1.0316662735988646
6307.1			1.050039030641418
6308.0			1.063540852386719
6308.9			1.0575867112663422
6309.8			1.0340451586751618
6310.700000000001			1.0083463996500024
6311.6			0.997945076309844
6312.5			1.002762705750308
6313.4			0.9973260762267201
6314.3			0.973716059305194
6315.200000000001			0.9599758350643838
6316.1			0.9643839830882339
6317.0			0.9622396434536175
6317.9			0.9486934235890162
6318.8			0.9498601710594755
6319.700000000001			0.9695316745254767
6320.6			0.9848818702593165
6321.5			0.9841110136752389
6322.4			0.9842602760687117
6323.3			0.9954645648421668
6324.200000000001			1.006492522395084
6325.1			1.0088639540740478
6326.0			1.003525443924975
6326.9			0.9973861589072448
6327.8			0.9967067476542284
6328.700000000001			0.9970309939369556
6329.6			1.0
6330.5			0.9975186108826825
6331.4			1.0070721819137651
6332.3			1.020264423038534
6333.200000000001			1.0169779941047135
6334.1			0.9852050609462946
6335.0			0.9424780605342526
6335.9			0.9212875166663591
6336.8			0.9322681717654578
6337.700000000001			0.9537128787284005
6338.6			0.9689860793118357
6339.5			0.9829885682930161
6340.4			0.9967782416530336
6341.3			0.998648494917206
6342.200000000001			1.0
6343.1			1.0
6344.0			1.0
6344.9			1.0
6345.8			1.0
6346.700000000001			1.0
6347.6			1.0
6348.5			1.0
6349.4			1.0019893815711283
6350.3			1.0056513693449651
6351.200000000001			1.006983702319452
6352.1			1.0028105101987728
6353.0			0.9897921798328283
6353.9			0.9696149653730949
6354.8			0.9568565513603998
6355.700000000001			0.9603354637583044
6356.6			0.9647007372630936
6357.5			0.9501238621488751
6358.4			0.9272211319331074
6359.3			0.9203539715528235
6360.200000000001			0.9281997939962496
6361.1			0.9305249876233586
6362.0			0.9228582386176839
6362.9			0.9179560946619443
6363.8			0.9255837939501779
6364.700000000001			0.9399708836196873
6365.6			0.9529264671895282
6366.5			0.9670617165713828
6367.4			0.9835999269121412
6368.3			0.9949582530787107
6369.200000000001			0.9943325379847946
6370.1			0.9892367315031569
6371.0			0.9927186219324367
6371.9			1.004301121064282
6372.8			1.0119043732072064
6373.700000000001			1.011170670817764
6374.6			1.0067157155406397
6375.5			1.0036481011913503
6376.4			0.9999450439400339
6377.3			1.0
6378.200000000001			1.0
6379.1			1.0
6380.0			1.0
6380.9			1.0
6381.8			1.0
6382.700000000001			1.0
6383.6			1.0
6384.5			1.0
6385.4			1.0
6386.3			1.0
6387.200000000001			1.0
6388.1			1.0
6389.0			1.0
6389.9			1.0
6390.8			1.0
6391.700000000001			1.0
6392.6			1.0
6393.5			1.0
6394.4			1.0
6395.3			1.0
6396.200000000001			1.0193721919093301
6397.1			1.0207390656197397
6398.0			0.9969290364852995
6398.9			0.945952105608289
6399.8			0.9022558109437023
6400.700000000001			0.9080637629203316
6401.6			0.9511284222742549
6402.5			0.9874043666721198
6403.4			0.9983847071525136
6404.3			1.0
6405.200000000001			1.0
6406.1			1.0
6407.0			1.0
6407.9			1.0
6408.8			1.0
6409.700000000001			1.0
6410.6			1.0
6411.5			1.0
6412.4			1.0
6413.3			1.0
6414.200000000001			1.0
6415.1			1.0019255040122557
6416.0			1.0046894406300557
6416.9			1.0035537973138908
6417.8			0.9949519349520265
6418.700000000001			0.9765243068459886
6419.6			0.9514183418267091
6420.5			0.9350679553671792
6421.4			0.9449741029076029
6422.3			0.9759110917194268
6423.200000000001			1.0014569292544953
6424.1			1.005717309078018
6425.0			0.9999366595003834
6425.9			0.9989495328020124
6426.8			1.0
6427.700000000001			1.0
6428.6			1.0
6429.5			1.0
6430.4			1.0
6431.3			1.0
6432.200000000001			1.0
6433.1			1.0
6434.0			1.0
6434.9			1.0
6435.8			1.0
6436.700000000001			1.0
6437.6			1.0
6438.5			1.0
6439.4			1.0
6440.3			1.0
6441.200000000001			1.0
6442.1			1.0
6443.0			1.0
6443.9			1.0
6444.8			1.0
6445.700000000001			1.0
6446.6			1.0038922353976865
6447.5			0.9864767721683176
6448.4			0.9351468731491066
6449.3			0.8762590695601943
6450.200000000001			0.8623731191710746
6451.1			0.9053842804283466
6452.0			0.9636695521767547
6452.9			0.9973574818184067
6453.8			0.9982671971281246
6454.700000000001			1.0
6455.6			1.0
6456.5			1.0
6457.4			1.0
6458.3			1.0
6459.200000000001			1.0062459200478528
6460.1			0.9949521979013487
6461.0			0.9610498260238616
6461.9			0.9181618562946209
6462.8			0.9024837127700267
6463.700000000001			0.92756934428959
6464.6			0.9655399258052171
6465.5			0.9912306454073639
6466.4			1.0024200634760865
6467.3			1.0
6468.200000000001			1.0
6469.1			1.0
6470.0			1.0
6470.9			1.0
6471.8			1.0
6472.700000000001			1.0
6473.6			1.0
6474.5			1.0
6475.4			1.0
6476.3			1.0
6477.200000000001			1.0
6478.1			1.0
6479.0			1.0
6479.9			1.0
6480.8			1.0
6481.700000000001			1.0
6482.6			1.0
6483.5			1.0
6484.4			1.0
6485.3			1.0112403888839965
6486.200000000001			1.020704694908258
6487.1			1.0278526628245175
6488.0			1.029674966895243
6488.9			1.023402492531908
6489.8			1.0099335558995837
6490.700000000001			0.9926316921879405
6491.6			0.9743416014483475
6492.5			0.9470528471010717
6493.4			0.9021497261918568
6494.3			0.8586158802064977
6495.200000000001			0.8429118202192493
6496.1			0.8533154867813477
6497.0			0.8723290925567981
6497.9			0.8895327843365731
6498.8			0.9060272500715939
6499.700000000001			0.930083934412565
6500.6			0.9602805156796953
6501.5			0.9849157890491582
6502.4			0.9971965293112114
6503.3			0.9998432137818214
6504.200000000001			0.9995302102643487
6505.1			1.0009444110762518
6506.0			1.0
6506.9			1.0
6507.8			1.0
6508.700000000001			1.0
6509.6			1.0
6510.5			1.0
6511.4			1.0
6512.3			1.0032204084944092
6513.200000000001			1.0016052802385589
6514.1			0.994235773675137
6515.0			0.9790048186805809
6515.9			0.9563881019300845
6516.8			0.9293696970879022
6517.700000000001			0.9089845838775773
6518.6			0.9114424139032943
6519.5			0.9380046756790772
6520.4			0.9673488083189019
6521.3			0.9872809228805772
6522.200000000001			0.9978701628431474
6523.1			0.9998294833841942
6524.0			1.0
6524.9			1.0
6525.8			1.0
6526.700000000001			1.0
6527.6			1.0
6528.5			1.0
6529.4			1.0
6530.3			1.0
6531.200000000001			1.0
6532.1			1.0
6533.0			1.0
6533.9			1.0
6534.8			1.0
6535.700000000001			1.0
6536.6			1.0
6537.5			1.0
6538.4			1.0
6539.3			1.0
6540.200000000001			1.0
6541.1			1.0
6542.0			1.0
6542.9			1.0
6543.8			1.0
6544.700000000001			1.0
6545.6			1.0
6546.5			1.0
6547.4			1.0
6548.3			1.0
6549.200000000001			1.0
6550.1			1.0
6551.0			1.0
6551.9			1.0
6552.8			1.0
6553.700000000001			1.0
6554.6			1.0
6555.5			1.0
6556.4			1.0
6557.3			1.0
6558.200000000001			1.0053318013720374
6559.1			0.9975232685420503
6560.0			0.9669557517785016
6560.9			0.876452998075209
6561.8			0.7337437273090641
6562.700000000001			0.6489495172435437
6563.6			0.7067261402257436
6564.5			0.8423045541106148
6565.4			0.9445387334941058
6566.3			0.9894063300341054
6567.200000000001			1.0007395108073402
6568.1			1.0
6569.0			0.9862102142156779
6569.9			0.9806398300340915
6570.8			0.9778779066846504
6571.700000000001			0.9622874902449934
6572.6			0.9340458255531675
6573.5			0.9113419463155722
6574.4			0.9081811781278282
6575.3			0.927722426542552
6576.200000000001			0.9608999698849489
6577.1			0.9925560226930175
6578.0			1.0118395433027418
6578.9			1.0131961060792585
6579.8			0.9994372638324409
6580.700000000001			1.0
6581.6			1.0
6582.5			1.0
6583.4			1.0
6584.3			1.0
6585.200000000001			1.0
6586.1			1.0
6587.0			1.0
6587.9			1.0
6588.8			1.0137205252121055
6589.700000000001			1.0203100150298268
6590.6			1.010460793531954
6591.5			0.9785689745123514
6592.4			0.9367317695318119
6593.3			0.9198388984742586
6594.200000000001			0.9447228259643599
6595.1			0.9863391346346463
6596.0			1.01182287998107
6596.9			1.0120120382100837
6597.8			1.0008377704919234
6598.700000000001			1.0
6599.6			1.0
6600.5			1.0
6601.4			1.0
6602.3			1.0
6603.200000000001			1.0
6604.1			1.0
6605.0			1.0
6605.9			1.0
6606.8			1.0
6607.700000000001			1.0
6608.6			1.0
6609.5			1.0
6610.4			1.0
6611.3			1.0
6612.200000000001			1.0
6613.1			1.0
6614.0			1.0
6614.9			1.0
6615.8			1.0
6616.700000000001			1.0
6617.6			1.0
6618.5			1.0
6619.4			1.0
6620.3			1.0
6621.200000000001			1.0
6622.1			1.0
6623.0			1.0
6623.9			1.0
6624.8			1.0
6625.700000000001			1.0
6626.6			1.0
6627.5			1.0
6628.4			1.0
6629.3			1.0
6630.200000000001			1.0
6631.1			1.0
6632.0			1.0
6632.9			1.0
6633.8			1.0
6634.700000000001			1.0
6635.6			1.0
6636.5			1.0
6637.4			1.0
6638.3			1.0
6639.200000000001			1.0
6640.1			1.0
6641.0			1.0
6641.9			1.0
6642.8			1.0
6643.700000000001			1.0
6644.6			1.0
6645.5			1.0
6646.4			1.0
6647.3			1.0
6648.200000000001			1.0
6649.1			1.0
6650.0			1.0
6650.9			1.0
6651.8			1.0
6652.700000000001			1.0
6653.6			1.0
6654.5			1.0
6655.4			1.0
6656.3			1.0
6657.200000000001			1.0
6658.1			1.0
6659.0			1.0
6659.9			1.0
6660.8			1.0
6661.700000000001			1.0
6662.6			1.0
6663.5			1.0
6664.4			1.0
6665.3			1.0
6666.200000000001			1.0
6667.1			1.0
6668.0			1.0
6668.9			1.0
6669.8			1.0
6670.700000000001			1.0
6671.6			1.0
6672.5			1.0
6673.4			1.0001463137890034
6674.3			1.0024200987857688
6675.200000000001			0.9995464411576841
6676.1			0.9789619224037546
6677.0			0.9427397942624076
6677.9			0.9184269427672799
6678.8			0.93004224956581
6679.700000000001			0.9625911159141787
6680.6			0.9863728205807184
6681.5			0.9956592497138682
6682.4			0.9997013368855939
6683.3			1.0
6684.200000000001			1.0
6685.1			1.0
6686.0			1.0
6686.9			1.0
6687.8			1.0
6688.700000000001			1.0
6689.6			1.0
6690.5			1.0
6691.4			1.0
6692.3			1.0
6693.200000000001			1.0
6694.1			1.0
6695.0			1.0
6695.9			1.0
6696.8			1.0
6697.700000000001			1.0
6698.6			1.0
6699.5			1.0
6700.4			1.0
6701.3			1.0
6702.200000000001			1.0
6703.1			1.0
6704.0			1.0
6704.9			1.0
6705.8			1.0
6706.700000000001			1.0
6707.6			1.0
6708.5			1.0
6709.4			1.0
6710.3			1.0
6711.200000000001			1.0
6712.1			1.0
6713.0			1.0
6713.9			1.0
6714.8			1.0
6715.700000000001			1.0
6716.6			1.0
6717.5			1.0
6718.4			1.0
6719.3			1.0
6720.200000000001			1.0
6721.1			1.0
6722.0			1.0
6722.9			1.0
6723.8			1.0
6724.700000000001			1.0
6725.6			1.0
6726.5			1.0
6727.4			1.0
6728.3			1.0
6729.200000000001			1.0
6730.1			1.0
6731.0			1.0
6731.9			1.0
6732.8			1.0
6733.700000000001			1.0
6734.6			1.0
6735.5			1.0
6736.4			1.0
6737.3			1.0
6738.200000000001			1.0
6739.1			1.0
6740.0			1.0
6740.9			1.0
6741.8			1.0
6742.700000000001			1.0
6743.6			1.0
6744.5			1.0
6745.4			1.0
6746.3			1.0
6747.200000000001			1.0
6748.1			1.0
6749.0			1.0
6749.9			1.0
6750.8			1.0
6751.700000000001			1.0
6752.6			1.0
6753.5			1.0
6754.4			1.0
6755.3			1.0
6756.200000000001			1.0
6757.1			1.0
6758.0			1.0
6758.9			1.0
6759.8			1.0
6760.700000000001			1.0
6761.6			1.0
6762.5			1.0
6763.4			1.0
6764.3			1.0
6765.200000000001			1.0
6766.1			1.0
6767.0			1.0
6767.9			1.0
6768.8			1.0
6769.700000000001			1.0
6770.6			1.0
6771.5			1.0
6772.4			1.0
6773.3			1.0
6774.200000000001			1.0
6775.1			1.0
6776.0			1.0
6776.9			1.0
6777.8			1.0
6778.700000000001			1.0
6779.6			1.0
6780.5			1.0
6781.4			1.0
6782.3			1.0
6783.200000000001			1.0
6784.1			1.0
6785.0			1.0
6785.9			1.0
6786.8			1.0
6787.700000000001			1.0
6788.6			1.0
6789.5			1.0
6790.4			1.0
6791.3			1.0
6792.200000000001			1.0
6793.1			1.0
6794.0			1.0
6794.9			1.0
6795.8			1.0
6796.700000000001			1.0
6797.6			1.0
6798.5			1.0
6799.4			1.0
6800.3			1.0
6801.200000000001			1.0
6802.1			1.0
6803.0			1.0
6803.9			1.0
6804.8			1.0
6805.700000000001			1.0
6806.6			1.0
6807.5			1.0
6808.4			1.0
6809.3			1.0
6810.200000000001			1.0
6811.1			1.0
6812.0			1.0
6812.9			1.0
6813.8			1.0
6814.700000000001			1.0
6815.6			1.0
6816.5			1.0
6817.4			1.0
6818.3			1.0
6819.200000000001			1.0
6820.1			1.0
6821.0			1.0
6821.9			1.0
6822.8			1.0
6823.700000000001			1.0
6824.6			1.0
6825.5			1.0
6826.4			1.0
6827.3			1.0
6828.200000000001			1.0
6829.1			1.0
6830.0			1.0
6830.9			1.0
6831.8			1.0
6832.700000000001			0.9965112599086469
6833.6			0.9962693728474923
6834.5			1.0001605501154447
6835.4			1.0004764168128384
6836.3			0.9959032631391409
6837.200000000001			0.9895931522966152
6838.1			0.9805582081044658
6839.0			0.9654145826157486
6839.9			0.9442499194607002
6840.8			0.9254724623309964
6841.700000000001			0.9185720982773466
6842.6			0.9252451615293849
6843.5			0.9419044883493983
6844.4			0.9626870489048805
6845.3			0.9796638917003796
6846.200000000001			0.9879699622957459
6847.1			0.991786766216001
6848.0			0.9953302886190084
6848.9			0.9970678905661674
6849.8			0.9981452969352121
6850.700000000001			1.0002432637274339
6851.6			1.0
6852.5			1.0
6853.4			1.0
6854.3			1.0
6855.200000000001			1.0
6856.1			1.0
6857.0			1.0
6857.9			1.0
6858.8			1.0
6859.700000000001			1.0
6860.6			1.0
6861.5			1.0
6862.4			1.0
6863.3			1.0
6864.200000000001			1.0
6865.1			1.0
6866.0			1.0
6866.9			1.0
6867.8			1.0
6868.700000000001			1.0
6869.6			1.0
6870.5			1.0
6871.4			1.0
6872.3			1.0
6873.200000000001			1.0
6874.1			1.0
6875.0			1.0
6875.9			1.0
6876.8			1.0
6877.700000000001			1.0
6878.6			1.0
6879.5			1.0
6880.4			1.0
6881.3			1.0
6882.200000000001			1.0
6883.1			1.0
6884.0			1.0
6884.9			1.0
6885.8			1.0
6886.700000000001			1.0
6887.6			1.0
6888.5			1.0
6889.4			1.0
6890.3			1.0
6891.200000000001			1.0
6892.1			1.0
6893.0			1.0
6893.9			1.0
6894.8			1.0
6895.700000000001			1.0
6896.6			1.0
6897.5			1.0
6898.4			1.0
6899.3			1.0
6900.200000000001			1.0
6901.1			1.0
6902.0			1.0
6902.9			1.0
6903.8			1.0
6904.700000000001			1.0
6905.6			1.0
6906.5			1.0
6907.4			1.0
6908.3			1.0
6909.200000000001			1.0
6910.1			1.0
6911.0			1.0
6911.9			1.0
6912.8			1.0
6913.700000000001			1.0
6914.6			1.0
6915.5			1.0
6916.4			1.0
6917.3			1.0
6918.200000000001			1.0
6919.1			1.0
6920.0			1.0
6920.9			1.0
6921.8			1.0
6922.700000000001			1.0
6923.6			1.0
6924.5			1.0
6925.4			1.0
6926.3			1.0
6927.200000000001			1.0
6928.1			1.0
6929.0			1.001048473243549
6929.9			0.995508211406621
6930.8			0.9871856585284224
6931.700000000001			0.9751021347367526
6932.6			0.9656525078246743
6933.5			0.9651489225881512
6934.4			0.9719434390715497
6935.3			0.9806084509681627
6936.200000000001			0.9885424516816915
6937.1			0.9934951340593512
6938.0			0.9926716729668641
6938.9			0.9866303555228745
6939.8			0.9792630432701246
6940.700000000001			0.9682681891992994
6941.6			0.9548556762996313
6942.5			0.9430899121598371
6943.4			0.9293463995487746
6944.3			0.9158679681294756
6945.200000000001			0.9189494664771476
6946.1			0.9461337964699846
6947.0			0.9760830578591241
6947.9			0.9838317951044806
6948.8			0.9725387684515945
6949.700000000001			0.959353756246471
6950.6			0.9523838780676688
6951.5			0.9569846027966282
6952.4			0.970406227856872
6953.3			0.983039189960098
6954.200000000001			0.9898550631732226
6955.1			0.9932516059418282
6956.0			0.9961354237563604
6956.9			0.9942345541224349
6957.8			0.9890582029776327
6958.700000000001			0.9908420301929531
6959.6			1.0002255250254675
6960.5			1.0
6961.4			1.0
6962.3			1.0
6963.200000000001			1.0
6964.1			1.0
6965.0			1.0
6965.9			1.0
6966.8			1.0
6967.700000000001			1.0
6968.6			1.0
6969.5			1.0
6970.4			1.0
6971.3			1.0
6972.200000000001			1.0
6973.1			1.003505148939994
6974.0			1.0033928102089302
6974.9			0.99774607805553
6975.8			0.9868887888335384
6976.700000000001			0.9650484045355959
6977.6			0.9292173193863296
6978.5			0.8977426982958289
6979.4			0.9015458280021695
6980.3			0.9410302441243693
6981.200000000001			0.981356269203214
6982.1			1.0038636371970313
6983.0			1.0154924971870483
6983.9			1.0206923211366163
6984.8			1.02025817374273
6985.700000000001			1.015653744382602
6986.6			1.0068770782047953
6987.5			0.9913434008755071
6988.4			0.9717497006939432
6989.3			0.9617642154634972
6990.200000000001			0.9655209680221671
6991.1			0.975788162661507
6992.0			0.9901242260477866
6992.9			1.0011660682865193
6993.8			1.000155248012803
6994.700000000001			0.9899047729112723
6995.6			0.9852762049204091
6996.5			0.9956817876130363
6997.4			1.0099469520638793
6998.3			1.0077342696202642
6999.200000000001			0.9815479902073829
7000.1			0.9534529182398599
7001.0			0.9552180575066883
7001.9			0.9810719491291111
7002.8			1.00153983701372
7003.700000000001			1.002469995260597
7004.6			0.986424424119869
7005.5			0.9642494223442345
7006.4			0.948205554208996
7007.3			0.9515829562091044
7008.200000000001			0.9725079464419736
7009.1			0.9932581891613788
7010.0			1.00086156109242
7010.9			0.9967085366108168
7011.8			0.9897255086689479
7012.700000000001			0.9905404019890288
7013.6			0.9949544690678023
7014.5			0.9825118385305829
7015.4			0.9427053238455863
7016.3			0.9012606045983063
7017.200000000001			0.8981145523095385
7018.1			0.9339454962050528
7019.0			0.9766074892439324
7019.9			1.004000032857482
7020.8			1.0112637050253421
7021.700000000001			1.001340070853993
7022.6			0.9795264623582859
7023.5			0.9561823454404309
7024.4			0.9451413024557308
7025.3			0.9539465494119586
7026.200000000001			0.9733016832946743
7027.1			0.9796542961863911
7028.0			0.9628354730951444
7028.9			0.9419257197165212
7029.8			0.9426500275469888
7030.700000000001			0.9648884654383847
7031.6			0.988233387234348
7032.5			0.9997136998362752
7033.4			1.000964584531072
7034.3			0.9990921870824975
7035.200000000001			1.0031817804496164
7036.1			1.0090183005874833
7037.0			0.996989848894096
7037.9			0.9684124360357451
7038.8			0.9512644034413514
7039.700000000001			0.9639276343614791
7040.6			0.9934568860857894
7041.5			1.017998776687508
7042.4			1.033972802890445
7043.3			1.0425189046334693
7044.200000000001			1.0413559732158315
7045.1			1.0361641089340752
7046.0			1.0357664688573924
7046.9			1.0413799275276103
7047.8			1.0
7048.700000000001			1.0022138400030343
7049.6			1.001844885031012
7050.5			1.0
7051.4			0.9708207942245832
7052.3			0.9323115277993164
7053.200000000001			0.9097650601709215
7054.1			0.91973221213132
7055.0			0.9481898999570609
7055.9			0.9742597383355485
7056.8			0.9897210528107098
7057.700000000001			0.9915738727902206
7058.6			0.9831052331524879
7059.5			0.9714458290795682
7060.4			0.9651920656848364
7061.3			0.9670074763011308
7062.200000000001			0.9713665146866992
7063.1			0.9768303789539572
7064.0			0.9853725048261556
7064.9			0.9938120080040034
7065.8			0.995229773566085
7066.700000000001			0.9861029330175738
7067.6			0.9702835797364314
7068.5			0.9594643046056192
7069.4			0.9662450107054608
7070.3			0.986096198787949
7071.200000000001			1.0034575105581904
7072.1			1.0090179126499348
7073.0			1.0066283439601271
7073.9			1.0039050919427288
7074.8			1.002010929837784
7075.700000000001			0.998994413656527
7076.6			0.9978921779804885
7077.5			0.9977956558148593
7078.4			0.9940637573696809
7079.3			0.987260818350505
7080.200000000001			0.9825565657911198
7081.1			0.9798535172586492
7082.0			0.9729607659589594
7082.9			0.9560598179285386
7083.8			0.9276108268614447
7084.700000000001			0.9037866136052634
7085.6			0.9066561588285988
7086.5			0.9311638839848584
7087.4			0.9546842676616496
7088.3			0.9628302612911745
7089.200000000001			0.9541702410237111
7090.1			0.9415419829790658
7091.0			0.9407189389477982
7091.9			0.9498243407489364
7092.8			0.9552735856697725
7093.700000000001			0.9553957713226168
7094.6			0.9555793754298821
7095.5			0.9551066409515119
7096.4			0.9559647265356782
7097.3			0.9611604581655083
7098.200000000001			0.9695598660764038
7099.1			0.9755734304264013
7100.0			0.9757686854631876
7100.9			0.9704476543677015
7101.8			0.9617444185357743
7102.700000000001			0.9578453143029158
7103.6			0.9633296474224096
7104.5			0.9717044441498393
7105.4			0.9730641705003742
7106.3			0.9632378399915432
7107.200000000001			0.9520867667638264
7108.1			0.9505873624827864
7109.0			0.9534245223266217
7109.9			0.9473421175771959
7110.8			0.9341625645673479
7111.700000000001			0.9320006295733895
7112.6			0.9465481535182022
7113.5			0.9659136014280647
7114.4			0.9778345316731462
7115.3			0.9849650043316373
7116.200000000001			0.9927591510740927
7117.1			0.9982642982259875
7118.0			1.0000062488174002
7118.9			1.0
7119.8			1.0
7120.700000000001			1.0
7121.6			1.0
7122.5			1.0
7123.4			1.0
7124.3			1.0
7125.200000000001			1.0
7126.1			1.0
7127.0			1.0
7127.9			1.0
7128.8			1.0
7129.700000000001			1.0
7130.6			1.0
7131.5			1.0
7132.4			1.0
7133.3			1.0
7134.200000000001			1.0
7135.1			1.0
7136.0			1.0
7136.9			1.0
7137.8			1.0
7138.700000000001			1.0
7139.6			1.0
7140.5			1.0
7141.4			1.0
7142.3			1.0
7143.200000000001			1.0
7144.1			1.0
7145.0			1.0
7145.9			1.0
7146.8			1.0
7147.700000000001			1.0
7148.6			0.9935052405249717
7149.5			1.012650893058168
7150.4			1.0288994693988094
7151.3			1.030443876403183
7152.200000000001			1.0334739200823206
7153.1			1.0398397190090474
7154.0			1.0385633346365846
7154.9			1.0316175661410407
7155.8			1.0348044141450536
7156.700000000001			1.0534225378003765
7157.6			1.0714113576127722
7158.5			1.0689162060896524
7159.4			1.0489362671606983
7160.3			1.0349631577077503
7161.200000000001			1.03605966579517
7162.1			1.0401010039142393
7163.0			1.0306890467920513
7163.9			1.006022341448862
7164.8			0.9876978806315886
7165.700000000001			0.9917169384341865
7166.6			1.0081318285317205
7167.5			1.0194938699159364
7168.4			1.0224224189509017
7169.3			1.0158283837615771
7170.200000000001			1.0029540328931206
7171.1			0.9938611737890966
7172.0			0.9910257901461246
7172.9			0.9879523223510709
7173.8			0.9855696568840947
7174.700000000001			0.9801705640728692
7175.6			0.9620621697108092
7176.5			0.9490581392777496
7177.4			0.9589368243598101
7178.3			0.9725434929427921
7179.200000000001			0.9572808500433372
7180.1			0.9163937648253908
7181.0			0.8946885974943503
7181.9			0.9175292174239148
7182.8			0.966652486732006
7183.700000000001			0.9947217686553973
7184.6			0.9932798522922528
7185.5			0.9936959018742445
7186.4			0.9769795193356924
7187.3			0.9327552512245757
7188.200000000001			0.9155553040958669
7189.1			0.9260184375871477
7190.0			0.9302027463812
7190.9			0.9356464989282136
7191.8			0.9519667787289899
7192.700000000001			0.9698871779410622
7193.6			0.9659065244401797
7194.5			0.9504821384896304
7195.4			0.9472015194387428
7196.3			0.9373844530862506
7197.200000000001			0.9251302353947284
7198.1			0.9300315011399743
7199.0			0.9490070105144855
7199.9			0.9585806556072695
7200.8			0.962031916620364
7201.700000000001			1.0
7202.6			1.037521721392846
7203.5			1.0323357386308594
7204.4			1.0108110655478277
7205.3			1.0020711107727382
7206.200000000001			0.9775303137079577
7207.1			0.943422752082134
7208.0			0.9389689824692057
7208.9			0.9530423510944313
7209.8			0.9725569590019936
7210.700000000001			1.0001803152099216
7211.6			1.0145304227228444
7212.5			1.0095744815297265
7213.4			1.000167500240118
7214.3			1.0
7215.200000000001			1.0
7216.1			1.0
7217.0			1.0
7217.9			1.0
7218.8			1.0
7219.700000000001			1.0
7220.6			1.0
7221.5			1.0
7222.4			1.0
7223.3			1.0
7224.200000000001			1.0
7225.1			1.0
7226.0			1.0
7226.9			1.0
7227.8			1.0
7228.700000000001			1.0
7229.6			1.0
7230.5			1.0
7231.4			1.0
7232.3			1.0
7233.200000000001			1.0014618707804608
7234.1			0.9981882727161596
7235.0			0.9859833997463213
7235.9			0.9785095718566563
7236.8			0.9747772885734628
7237.700000000001			0.9635944029974823
7238.6			0.950062546091379
7239.5			0.9397411984127079
7240.4			0.9410318157943698
7241.3			0.9598026367709555
7242.200000000001			0.9765005118004445
7243.1			0.9570476423688392
7244.0			0.9316343690094147
7244.9			0.9289271197125086
7245.8			0.9302691581738444
7246.700000000001			0.9342396523677362
7247.6			0.9438558314717774
7248.5			0.9465245295229759
7249.4			0.9393135700509904
7250.3			0.9279075933637497
7251.200000000001			0.9149447991815578
7252.1			0.9062741599357403
7253.0			0.9173328719924418
7253.9			0.9447448521196388
7254.8			0.9632728416244599
7255.700000000001			0.9701951336310174
7256.6			1.0
7257.5			1.015051968101582
7258.4			1.016564734822526
7259.3			0.9958604944435605
7260.200000000001			0.9591390048500135
7261.1			0.9259000462847078
7262.0			0.9180681892884747
7262.9			0.9351517468725424
7263.8			0.9583536086233844
7264.700000000001			0.9715952594476798
7265.6			0.9830434461681127
7266.5			0.9989902385397742
7267.4			1.0424954715151737
7268.3			1.0293967006856102
7269.200000000001			1.0169661465639073
7270.1			1.0094433874720237
7271.0			0.999084482072818
7271.9			1.0
7272.8			1.0
7273.700000000001			1.0
7274.6			1.0
7275.5			1.0
7276.4			1.0
7277.3			0.986561589958101
7278.200000000001			0.9702354311309
7279.1			0.9583472866895956
7280.0			0.9541913505655121
7280.9			0.9597998954472613
7281.8			0.9711282853181609
7282.700000000001			0.9802764374853199
7283.6			0.9831893964144318
7284.5			0.9828324207975352
7285.4			0.9883551846237754
7286.3			0.9998229976629058
7287.200000000001			1.003879727289346
7288.1			0.9946447212751652
7289.0			0.979497779867463
7289.9			0.9637258796389107
7290.8			0.9544656109252124
7291.700000000001			0.9535877020430485
7292.6			0.9467431034451232
7293.5			0.9461039946828002
7294.4			0.9643047056263977
7295.3			0.9897213041346706
7296.200000000001			1.0062855679115712
7297.1			1.0062743366698832
7298.0			0.9953746672817572
7298.9			0.9853906622036271
7299.8			0.983185889993881
7300.700000000001			0.9836015176292477
7301.6			0.9788767017510784
7302.5			0.9731778229499217
7303.4			0.9745458793181461
7304.3			0.9791474920117047
7305.200000000001			0.971297832079549
7306.1			0.9507529802710787
7307.0			0.9370667619326486
7307.9			0.9429341650409749
7308.8			0.9595642414492376
7309.700000000001			0.9689144359031586
7310.6			0.96067556575522
7311.5			0.9445914543801344
7312.4			0.9413015942736453
7313.3			0.9560482786772141
7314.200000000001			0.97094441771332
7315.1			0.9684729087246655
7316.0			0.9558520270512549
7316.9			0.9470630350704239
7317.8			0.9391499212747826
7318.700000000001			0.93484312057565
7319.6			0.9398764723389766
7320.5			0.9570444490031175
7321.4			0.9781291461644992
7322.3			0.9921612463698938
7323.200000000001			0.9913941353750956
7324.1			0.9787342969349665
7325.0			0.9665952591392825
7325.9			0.9613282258651763
7326.8			0.9718264162944976
7327.700000000001			0.9921220255542053
7328.6			1.0001231853037742
7329.5			0.9947561271834117
7330.4			0.9947387149031198
7331.3			1.0045955342670865
7332.200000000001			1.0082763666153596
7333.1			1.0005622664949008
7334.0			0.9962855078173967
7334.9			0.9997893461866605
7335.8			1.001525170649162
7336.700000000001			0.9998751963979513
7337.6			1.0
7338.5			1.0
7339.4			1.0
7340.3			1.0
7341.200000000001			1.0
7342.1			1.0
7343.0			1.0
7343.9			1.0
7344.8			1.0
7345.700000000001			1.0
7346.6			1.0
7347.5			1.0
7348.4			1.0
7349.3			1.0
7350.200000000001			1.0
7351.1			1.0
7352.0			1.0
7352.9			1.0
7353.8			1.0
7354.700000000001			1.0
7355.6			1.0
7356.5			1.0
7357.4			1.0
7358.3			1.0
7359.200000000001			1.0
7360.1			1.0
7361.0			1.0
7361.9			1.0
7362.8			1.0
7363.700000000001			1.0
7364.6			1.0
7365.5			1.0
7366.4			1.0029975065150143
7367.3			1.0082880480439058
7368.200000000001			1.0137727719759912
7369.1			1.0128752472552682
7370.0			1.0107221692326878
7370.9			1.0083101838924027
7371.8			1.0078688510739875
7372.700000000001			1.0094433907224571
7373.6			1.008131276821123
7374.5			0.999437204633663
7375.4			0.9917515384818468
7376.3			0.9987549233253997
7377.200000000001			1.008706508613551
7378.1			1.0148026455950583
7379.0			1.012716895624733
7379.9			1.0055652923935572
7380.8			0.9935267528342531
7381.700000000001			0.9781327577171725
7382.6			0.9640277004724112
7383.5			0.9498702943816644
7384.4			0.9307224703228946
7385.3			0.9122291044955507
7386.200000000001			0.909939784548018
7387.1			0.9205237308577606
7388.0			0.9236762966189902
7388.9			0.9194055084118083
7389.8			0.9238833939795863
7390.700000000001			0.9376929164488332
7391.6			0.9419275343541276
7392.5			0.9303303731910869
7393.4			0.9243955029473111
7394.3			0.9389610861887812
7395.200000000001			0.9614658693919061
7396.1			0.970677990707024
7397.0			0.9646268756775036
7397.9			0.9526720411995458
7398.8			0.9427424037109292
7399.700000000001			0.9383479414539746
7400.6			0.943504844953513
7401.5			0.9623396201345537
7402.4			0.9858826821264783
7403.3			1.001716660796899
7404.200000000001			1.00442515330286
7405.1			0.9998089614449022
7406.0			1.0002826958582536
7406.9			1.0
7407.8			1.0
7408.700000000001			1.0
7409.6			1.0
7410.5			1.0
7411.4			1.0
7412.3			1.0
7413.200000000001			1.0
7414.1			1.0
7415.0			1.0
7415.9			1.0
7416.8			1.0
7417.700000000001			1.0
7418.6			1.0
7419.5			1.0
7420.4			1.0
7421.3			1.0
7422.200000000001			1.0
7423.1			1.0
7424.0			1.0
7424.9			1.0
7425.8			1.0
7426.700000000001			1.0
7427.6			1.0
7428.5			1.0
7429.4			1.0
