3500.0			1.0
3500.9			1.0
3501.8			1.0
3502.7			1.0
3503.6			1.0
3504.5			1.0
3505.4			1.0
3506.3			1.0
3507.2			1.0
3508.1			1.0
3509.0			1.0
3509.9			1.0
3510.8			1.0
3511.7			1.0
3512.6			1.0
3513.5			1.0
3514.4			1.0
3515.3			1.0
3516.2			1.0
3517.1			1.0
3518.0			1.0
3518.9			1.0
3519.8			1.0
3520.7			1.0
3521.6			1.0
3522.5			1.0
3523.4			1.0
3524.3			1.0
3525.2			1.0
3526.1			1.0
3527.0			1.0
3527.9			1.0
3528.8			1.0
3529.7			1.0
3530.6			1.0
3531.5			1.0
3532.4			1.0
3533.3			1.0
3534.2			1.0
3535.1			1.0
3536.0			1.0
3536.9			1.0
3537.8			1.0
3538.7			1.0
3539.6			1.0
3540.5			1.0
3541.4			1.0
3542.3			1.0
3543.2			1.0
3544.1			1.0
3545.0			1.0
3545.9			1.0
3546.8			1.0
3547.7			1.0
3548.6			1.0
3549.5			1.0
3550.4			1.0
3551.3			1.0
3552.2			1.0
3553.1			1.0
3554.0			1.0
3554.9			1.0
3555.8			1.0
3556.7			1.0
3557.6			1.0
3558.5			1.0
3559.4			1.0
3560.3			1.0
3561.2			1.0
3562.1			1.0
3563.0			1.0
3563.9			1.0
3564.8			1.0
3565.7			1.0
3566.6			1.0
3567.5			1.0
3568.4			1.0
3569.3			1.0
3570.2			1.0
3571.1			1.0
3572.0			1.0
3572.9			1.0
3573.8			1.0
3574.7			1.0
3575.6			1.0
3576.5			1.0
3577.4			1.0
3578.3			1.0
3579.2			1.0
3580.1			1.0
3581.0			1.0
3581.9			1.0
3582.8			1.0
3583.7			1.0
3584.6			1.0
3585.5			1.0
3586.4			1.0
3587.3			1.0
3588.2			1.0
3589.1			1.0
3590.0			1.0
3590.9			1.0
3591.8			1.0
3592.7			1.0
3593.6			1.0
3594.5			1.0
3595.4			1.0
3596.3			1.0
3597.2			1.0
3598.1			1.0
3599.0			1.0
3599.9			1.0
3600.8			1.0
3601.7			1.0
3602.6			1.0
3603.5			1.0
3604.4			1.0
3605.3			1.0
3606.2			1.0
3607.1			1.0
3608.0			1.0
3608.9			1.0
3609.8			1.0
3610.7			1.0
3611.6			1.0
3612.5			1.0
3613.4			1.0
3614.3			1.0
3615.2			1.0
3616.1			1.0
3617.0			1.0
3617.9			1.0
3618.8			1.0
3619.7			1.0
3620.6			1.0
3621.5			1.0
3622.4			1.0
3623.3			1.0
3624.2			1.0
3625.1			1.0
3626.0			1.0
3626.9			1.0
3627.8			1.0
3628.7			1.0
3629.6			1.0
3630.5			1.0
3631.4			1.0
3632.3			1.0
3633.2			1.0
3634.1			1.0
3635.0			1.0
3635.9			1.0
3636.8			1.0
3637.7			1.0
3638.6			1.0
3639.5			1.0
3640.4			1.0
3641.3			1.0
3642.2			1.0
3643.1			1.0
3644.0			1.0
3644.9			1.0
3645.8			1.0
3646.7			1.0
3647.6			1.0
3648.5			1.0
3649.4			1.0
3650.3			1.0
3651.2			1.0
3652.1			1.0
3653.0			1.0
3653.9			1.0
3654.8			1.0
3655.7			1.0
3656.6			1.0
3657.5			1.0
3658.4			1.0
3659.3			1.0
3660.2			1.0
3661.1			1.0
3662.0			1.0
3662.9			1.0
3663.8			1.0
3664.7			1.0
3665.6			1.0
3666.5			1.0
3667.4			1.0
3668.3			1.0
3669.2			1.0
3670.1			1.0
3671.0			1.0
3671.9			1.0
3672.8			1.0
3673.7			1.0
3674.6			1.0
3675.5			1.0
3676.4			1.0
3677.3			1.0
3678.2			1.0
3679.1			1.0
3680.0			1.0
3680.9			1.0
3681.8			1.0
3682.7			1.0
3683.6			1.0
3684.5			1.0
3685.4			1.0
3686.3			1.0
3687.2			1.0
3688.1			1.0
3689.0			1.0
3689.9			1.0
3690.8			1.0
3691.7			1.0
3692.6			1.0
3693.5			1.0
3694.4			1.0
3695.3			1.0
3696.2			1.0
3697.1			1.0
3698.0			1.0
3698.9			1.0
3699.8			1.0
3700.7			1.0
3701.6			1.0
3702.5			1.0
3703.4			1.0
3704.3			1.0
3705.2			1.0
3706.1			1.0
3707.0			1.0
3707.9			1.0
3708.8			1.0
3709.7			1.0
3710.6			1.0
3711.5			1.0
3712.4			1.0
3713.3			1.0
3714.2			1.0
3715.1			1.0
3716.0			1.0
3716.9			1.0
3717.8			1.0
3718.7			1.0
3719.6			1.0
3720.5			1.0
3721.4			1.0
3722.3			1.0
3723.2			1.0
3724.1			1.0
3725.0			1.0
3725.9			1.0
3726.8			1.0
3727.7			1.0
3728.6			1.0
3729.5			1.0
3730.4			1.0
3731.3			1.0
3732.2			1.0
3733.1			1.0
3734.0			1.0
3734.9			1.0
3735.8			1.0
3736.7			1.0
3737.6			1.0
3738.5			1.0
3739.4			1.0
3740.3			1.0
3741.2			1.0
3742.1			1.0
3743.0			1.0
3743.9			1.0
3744.8			1.0
3745.7			1.0
3746.6			1.0
3747.5			1.0
3748.4			1.0
3749.3			1.0
3750.2			1.0
3751.1			1.0
3752.0			1.0
3752.9			1.0
3753.8			1.0
3754.7			1.0
3755.6			1.0
3756.5			1.0
3757.4			1.0
3758.3			1.0
3759.2			1.0
3760.1			1.0
3761.0			1.0
3761.9			1.0
3762.8			1.0
3763.7			1.0
3764.6			1.0
3765.5			1.0
3766.4			1.0
3767.3			1.0
3768.2			1.0
3769.1			1.0
3770.0			1.0
3770.9			1.0
3771.8			1.0
3772.7			1.0
3773.6			1.0
3774.5			1.0
3775.4			1.0
3776.3			1.0
3777.2			1.0
3778.1			1.0
3779.0			1.0
3779.9			1.0
3780.8			1.0
3781.7			1.0
3782.6			1.0
3783.5			1.0
3784.4			1.0
3785.3			1.0
3786.2			1.0
3787.1			1.0
3788.0			1.0
3788.9			1.0
3789.8			1.0
3790.7			1.0
3791.6			1.0
3792.5			1.0
3793.4			1.0
3794.3			1.0
3795.2			1.0
3796.1			1.0
3797.0			1.0
3797.9			1.0
3798.8			1.0
3799.7			1.0
3800.6			1.0
3801.5			1.0
3802.4			1.0
3803.3			1.0
3804.2			1.0
3805.1			1.0
3806.0			1.0
3806.9			1.0
3807.8			1.0
3808.7			1.0
3809.6			1.0
3810.5			1.0
3811.4			1.0
3812.3			1.0
3813.2			1.0
3814.1			1.0
3815.0			1.0
3815.9			1.0
3816.8			1.0
3817.7			1.0
3818.6			1.0
3819.5			1.0
3820.4			1.0
3821.3			1.0
3822.2			1.0
3823.1			1.0
3824.0			1.0
3824.9			1.0
3825.8			1.0
3826.7			1.0
3827.6			1.0
3828.5			1.0
3829.4			1.0
3830.3			1.0
3831.2			1.0
3832.1			1.0
3833.0			1.0
3833.9			1.0
3834.8			1.0
3835.7			1.0
3836.6			1.0
3837.5			1.0
3838.4			1.0
3839.3			1.0
3840.2			1.0
3841.1			1.0
3842.0			1.0
3842.9			1.0
3843.8			1.0
3844.7			1.0
3845.6			1.0
3846.5			1.0
3847.4			1.0
3848.3			1.0
3849.2			1.0
3850.1			1.0
3851.0			1.0
3851.9			1.0
3852.8			1.0
3853.7			1.0
3854.6			1.0
3855.5			1.0
3856.4			1.0
3857.3			1.0
3858.2			1.0
3859.1			1.0
3860.0			1.0
3860.9			1.0
3861.8			1.0
3862.7			1.0
3863.6			1.0
3864.5			1.0
3865.4			1.0
3866.3			1.0
3867.2			1.0
3868.1			1.0
3869.0			1.0
3869.9			1.0
3870.8			1.0
3871.7			1.0
3872.6			1.0
3873.5			1.0
3874.4			1.0
3875.3			1.0
3876.2			1.0
3877.1			1.0
3878.0			1.0
3878.9			1.0
3879.8			1.0
3880.7			1.0
3881.6			1.0
3882.5			1.0
3883.4			1.0
3884.3			1.0
3885.2			1.0
3886.1			1.0
3887.0			1.0
3887.9			1.0
3888.8			1.0
3889.7			1.0
3890.6			1.0
3891.5			1.0
3892.4			1.0
3893.3			1.0
3894.2			1.0
3895.1			1.0
3896.0			1.0
3896.9			1.0
3897.8			1.0
3898.7			1.0
3899.6			1.0
3900.5			1.0
3901.4			1.0
3902.3			1.0
3903.2			1.0
3904.1			1.0
3905.0			1.0
3905.9			1.0
3906.8			1.0
3907.7			1.0
3908.6			1.0
3909.5			1.0
3910.4			1.0
3911.3			1.0
3912.2			1.0
3913.1			1.0
3914.0			1.0
3914.9			1.0
3915.8			1.0
3916.7			1.0
3917.6			1.0
3918.5			1.0
3919.4			1.0
3920.3			1.0
3921.2			1.0
3922.1			1.0
3923.0			1.0
3923.9			1.0
3924.8			1.0
3925.7			1.0
3926.6			1.0
3927.5			1.0
3928.4			1.0
3929.3			1.0
3930.2			1.0
3931.1			1.0
3932.0			1.0
3932.9			1.0
3933.8			1.0
3934.7			1.0
3935.6			1.0
3936.5			1.0
3937.4			1.0
3938.3			1.0
3939.2			1.0
3940.1			1.0
3941.0			1.0
3941.9			1.0
3942.8			1.0
3943.7			1.0
3944.6			1.0
3945.5			1.0
3946.4			1.0
3947.3			1.0
3948.2			1.0
3949.1			1.0
3950.0			1.0
3950.9			1.0
3951.8			1.0
3952.7			1.0
3953.6			1.0
3954.5			1.0
3955.4			1.0
3956.3			1.0
3957.2			1.0
3958.1			1.0
3959.0			1.0
3959.9			1.0
3960.8			1.0
3961.7			1.0
3962.6			1.0
3963.5			1.0
3964.4			1.0
3965.3			1.0
3966.2			1.0
3967.1			1.0
3968.0			1.0
3968.9			1.0
3969.8			1.0
3970.7			1.0
3971.6			1.0
3972.5			1.0
3973.4			1.0
3974.3			1.0
3975.2			1.0
3976.1			1.0
3977.0			1.0
3977.9			1.0
3978.8			1.0
3979.7			1.0
3980.6			1.0
3981.5			1.0
3982.4			1.0
3983.3			1.0
3984.2			1.0
3985.1			1.0
3986.0			1.0
3986.9			1.0
3987.8			1.0
3988.7			1.0
3989.6			1.0
3990.5			1.0
3991.4			1.0
3992.3			1.0
3993.2			1.0
3994.1			1.0
3995.0			1.0
3995.9			1.0
3996.8			1.0
3997.7			1.0
3998.6			1.0
3999.5			1.0
4000.4			1.0
4001.3			1.0
4002.2			1.0185464908403397
4003.1			1.0590838398972233
4004.0			1.013271370719017
4004.9			0.8510957125012177
4005.8			0.748386713216151
4006.7			0.8063730249624124
4007.6			0.9182598873192392
4008.5			0.9774585975705032
4009.4			0.9983522901896094
4010.3			1.0
4011.2			1.0
4012.1			1.0
4013.0			1.0
4013.9			1.0
4014.8			1.0
4015.7			1.0
4016.6			1.0
4017.5			1.0
4018.4			1.0
4019.3			1.0
4020.2			1.0
4021.1			1.0
4022.0			1.0
4022.9			1.0
4023.8			1.0
4024.7			1.0
4025.6			1.0080572000693628
4026.5			1.0626993218254908
4027.4			1.1081010731056142
4028.3			1.1447463280443555
4029.2			1.1019314857494418
4030.1			0.9540495664727611
4031.0			0.8105561360303635
4031.9			0.768685875422676
4032.8			0.7617314074821182
4033.7			0.754878402842755
4034.6			0.7890452953993153
4035.5			0.8433245908697039
4036.4			0.9151921312836419
4037.3			0.9862118493779625
4038.2			1.003261444620626
4039.1			1.0
4040.0			1.0
4040.9			0.9708018595412562
4041.8			0.9940785153097061
4042.7			1.0205263514027672
4043.6			0.9403997196618756
4044.5			0.7559852667754737
4045.4			0.5931143046397677
4046.3			0.5980151979537917
4047.2			0.7769868957907985
4048.1			0.9401391865176466
4049.0			0.9862341204510737
4049.9			0.9992078744403432
4050.8			1.0
4051.7			1.0
4052.6			1.0
4053.5			1.0
4054.4			1.0
4055.3			1.0
4056.2			1.0
4057.1			0.9464002795862948
4058.0			0.8858113386514728
4058.9			0.9143532638275228
4059.8			1.0125144793794005
4060.7			1.0688375909518038
4061.6			1.00762128844084
4062.5			0.8452498716787511
4063.4			0.6878799460168629
4064.3			0.6871199911875158
4065.2			0.8185393247183409
4066.1			0.880824485188039
4067.0			0.8498691351913136
4067.9			0.8645265269450879
4068.8			0.9482957996699328
4069.7			0.9909319483172043
4070.6			1.0
4071.5			1.0
4072.4			1.0
4073.3			1.1155597583551775
4074.2			1.1568944812418385
4075.1			1.0594437938625536
4076.0			0.8913423430427261
4076.9			0.7434698090858426
4077.8			0.7074221767220445
4078.7			0.7863027312229484
4079.6			0.8935777737634439
4080.5			0.9865386711498825
4081.4			1.0367360060805912
4082.3			0.9965830291918553
4083.2			1.0
4084.1			1.0
4085.0			1.0
4085.9			1.0
4086.8			1.0
4087.7			1.0
4088.6			1.0
4089.5			1.0
4090.4			1.0
4091.3			0.9822560450815271
4092.2			0.9600740457919776
4093.1			0.9748782507368485
4094.0			1.016217956107854
4094.9			0.9689555644038648
4095.8			0.8887649685859936
4096.7			0.8649811176000557
4097.6			0.9020450102971027
4098.5			0.9463646229183261
4099.4			0.9453037437500625
4100.3			0.8566793545660348
4101.2			0.7564373425857687
4102.1			0.7685168357478025
4103.0			0.8724638916238131
4103.9			0.9385296149420798
4104.8			0.9798647504420183
4105.7			1.0604509153032071
4106.6			1.1218734184401589
4107.5			1.1133777244500873
4108.4			1.0870965004998834
4109.3			1.053850894238202
4110.2			1.0108713629094945
4111.1			1.0079229113121702
4112.0			1.0
4112.9			1.0
4113.8			1.0
4114.7			1.0
4115.6			1.0
4116.5			1.0
4117.4			1.0
4118.3			1.0
4119.2			1.0
4120.1			1.0
4121.0			1.0
4121.9			1.0
4122.8			0.969958544592456
4123.7			0.9685165696951951
4124.6			1.0157805460974403
4125.5			1.044190549140801
4126.4			1.0061943672760927
4127.3			0.9557082719425658
4128.2			0.9226046920246209
4129.1			0.9203087703656474
4130.0			0.9181182106917332
4130.9			0.9055153744928858
4131.8			0.849363139955402
4132.7			0.7881416303685439
4133.6			0.7929639625804632
4134.5			0.8366632797864803
4135.4			0.9375003597956164
4136.3			1.0351063229274469
4137.2			1.0354362308647869
4138.1			1.0186943849420484
4139.0			1.0467012880920739
4139.9			1.0590448074369756
4140.8			1.0254880788557301
4141.7			0.9343238527160589
4142.6			0.7795103753787168
4143.5			0.6636715252531042
4144.4			0.7103655424341432
4145.3			0.8515513546385772
4146.2			0.9439038166037957
4147.1			0.97455213044577
4148.0			0.9730075615426228
4148.9			0.9271298112392031
4149.8			0.8740037656337538
4150.7			0.8737899549646537
4151.6			0.8891116628189212
4152.5			0.8940638164592403
4153.4			0.8931598919670498
4154.3			0.8790588617893801
4155.2			0.8665747713964365
4156.1			0.8514612621730617
4157.0			0.85919228076504
4157.9			0.9131271505812516
4158.8			0.9728470167456899
4159.7			1.0
4160.6			0.9825444897299652
4161.5			0.9846760057830394
4162.4			1.0345637339268468
4163.3			1.0502377017795772
4164.2			0.9997106777178469
4165.1			0.9607813965612919
4166.0			0.9506401763341871
4166.9			0.9162805550574936
4167.8			0.899778812632665
4168.7			0.9398610669282544
4169.6			0.9787068761142602
4170.5			0.9845413597118394
4171.4			0.9133427946298686
4172.3			0.7863485207467722
4173.2			0.7230952456450415
4174.1			0.7586292044098631
4175.0			0.8297097205448456
4175.9			0.8621614560484631
4176.8			0.8426212639925839
4177.7			0.8046379164777757
4178.6			0.8176981532584882
4179.5			0.8644657157992084
4180.4			0.8780718482758628
4181.3			1.0
4182.2			0.9791802559369011
4183.1			0.9939804264608354
4184.0			1.0542988000857554
4184.9			1.0
4185.8			1.0034172884924109
4186.7			0.9075771065441172
4187.6			0.8345158136913344
4188.5			0.8754142040759446
4189.4			0.9377279090120023
4190.3			0.9389905982105881
4191.2			0.9011369120500561
4192.1			0.9133165529387409
4193.0			0.984027574377829
4193.9			0.9995429227406395
4194.8			0.9247978763924066
4195.7			0.8150564500154719
4196.6			0.761068476723021
4197.5			0.765018323800208
4198.4			0.778529989963685
4199.3			0.8132558825865536
4200.2			0.8534841259990663
4201.1			0.8330295281680103
4202.0			0.7874438883504835
4202.9			0.8086879926348813
4203.8			0.8601210802268631
4204.7			0.8705338849292279
4205.6			0.8961268560824123
4206.5			0.9590468515003474
4207.4			0.9999514745147503
4208.3			1.0
4209.2			1.0
4210.1			1.0
4211.0			1.0
4211.9			1.0
4212.8			0.9901943756624398
4213.7			0.928412163238067
4214.6			0.8161391014328512
4215.5			0.71646792894684
4216.4			0.7565174149649072
4217.3			0.9123444210826194
4218.2			1.0045054196919874
4219.1			1.0
4220.0			1.0
4220.9			1.0
4221.8			0.9883708128784393
4222.7			0.9080785048403892
4223.6			0.8195935235994557
4224.5			0.7450064454109903
4225.4			0.6333379559518001
4226.3			0.49874121265007687
4227.2			0.49446026762183465
4228.1			1.0
4229.0			1.2809265446787461
4229.9			1.3532220001584516
4230.8			1.3464005351186121
4231.7			1.3084544975047472
4232.6			1.1886057161714063
4233.5			1.0946104055954888
4234.4			1.0826150846759428
4235.3			1.0308081896703654
4236.2			0.925645869355432
4237.1			0.8910327531974588
4238.0			0.9148322601525386
4238.9			0.9230439362060568
4239.8			0.9204086154050126
4240.7			0.9545255538982383
4241.6			0.9871391683217507
4242.5			0.956254979668743
4243.4			0.9382807224577383
4244.3			0.9821673032212628
4245.2			1.0
4246.1			0.9838270719982084
4247.0			0.9213999965701679
4247.9			0.865406005884292
4248.8			0.8420955338332624
4249.7			0.8287750403117375
4250.6			0.844001295644947
4251.5			0.9472433388921342
4252.4			1.0630321777607568
4253.3			1.076623938687632
4254.2			1.0216887344905958
4255.1			1.0
4256.0			1.0303433937621491
4256.9			1.1255841220860838
4257.8			1.1054373198461303
4258.7			0.9658741239602329
4259.6			0.8334143837956173
4260.5			0.758045426499816
4261.4			0.7865035649686696
4262.3			0.900284608871446
4263.2			0.9874505311287501
4264.1			1.0
4265.0			1.0220161018061098
4265.9			1.0581624855813379
4266.8			1.0339790168007554
4267.7			0.9546069626027626
4268.6			0.9017199795651343
4269.5			0.8680896389746908
4270.4			0.7805083294982852
4271.3			0.6555815571341408
4272.2			0.6355788734091152
4273.1			0.7215741800278556
4274.0			0.7623737508305015
4274.9			0.7671475303211499
4275.8			0.8486329016573503
4276.7			0.9672611987755206
4277.6			1.0510122726036424
4278.5			1.0758718200682515
4279.4			0.9971698024344897
4280.3			1.0
4281.2			1.0
4282.1			1.0
4283.0			1.0
4283.9			1.0
4284.8			1.0
4285.7			1.0
4286.6			0.9968265696258095
4287.5			1.0
4288.4			0.9692051913644262
4289.3			0.838171528149799
4290.2			0.7683523945181457
4291.1			0.8300207405665834
4292.0			0.9310215781207324
4292.9			1.023674072291137
4293.8			1.0024793690432987
4294.7			0.9334121712642703
4295.6			0.9137861620548343
4296.5			0.882358238925182
4297.4			0.8096701300158526
4298.3			0.7307644230325028
4299.2			0.6118332451592079
4300.1			0.5524595792484452
4301.0			0.602433689034298
4301.9			0.6412953924187214
4302.8			0.6213525833977175
4303.7			0.6272482415238353
4304.6			0.6390508551038128
4305.5			0.6185290551941214
4306.4			0.6029186749551803
4307.3			0.5653418100169431
4308.2			0.4976568825145822
4309.1			0.4834544226260041
4310.0			0.5177526410834455
4310.9			0.563382080870087
4311.8			0.6190222176825225
4312.7			0.6846062566958879
4313.6			0.7555944806631949
4314.5			0.818067878056604
4315.4			0.9445879276142739
4316.3			1.1147873672173592
4317.2			1.1768307852480637
4318.1			1.1509992602922174
4319.0			1.0
4319.9			0.9835524775436157
4320.8			0.9463291021799745
4321.7			0.9238112859304675
4322.6			0.8692680667607128
4323.5			0.7331657393850791
4324.4			0.6106502649355672
4325.3			0.5475309191127623
4326.2			0.5949246390176305
4327.1			0.7781939658450326
4328.0			0.9677173942054461
4328.9			1.0576338497856799
4329.8			1.045555747664034
4330.7			1.0010197194459964
4331.6			1.0
4332.5			1.0
4333.4			1.0137336226884264
4334.3			1.0371905962477668
4335.2			1.081813469680099
4336.1			1.0648029349413841
4337.0			0.9281518538625836
4337.9			0.7903639975540271
4338.8			0.7373977108497612
4339.7			0.6990116223313386
4340.6			0.6863010747110182
4341.5			0.7827669645538872
4342.4			0.9100105758100734
4343.3			0.9448749454110457
4344.2			0.9436340079084187
4345.1			0.99570880985608
4346.0			1.0
4346.9			0.9702231459273668
4347.8			0.9703710436337186
4348.7			1.0375110867242654
4349.6			1.0650459253107922
4350.5			0.9553852249796784
4351.4			0.7877872511087046
4352.3			0.7379749806517378
4353.2			0.8276713416552468
4354.1			0.9176739452433682
4355.0			0.9392833972863444
4355.9			0.9615510521615909
4356.8			1.0085765521601158
4357.7			1.0002732450510365
4358.6			1.0
4359.5			1.0
4360.4			1.0
4361.3			1.0
4362.2			1.0
4363.1			1.0
4364.0			1.0
4364.9			1.0
4365.8			1.0
4366.7			1.0
4367.6			1.0
4368.5			1.0
4369.4			1.036585795411934
4370.3			1.044923447841408
4371.2			1.0429764923525697
4372.1			1.0404427910946328
4373.0			0.9860714462316564
4373.9			0.8847311912884019
4374.8			0.8131441004491314
4375.7			0.845090484343408
4376.6			0.9513286751410325
4377.5			1.044034250797898
4378.4			1.0745358508708538
4379.3			1.0439837771266036
4380.2			1.0062893287625836
4381.1			0.9844573095325134
4382.0			0.8914959744853782
4382.9			0.6762551111091212
4383.8			0.5189304047424305
4384.7			0.5625345691908119
4385.6			0.7336017588817764
4386.5			0.8771568318882983
4387.4			0.9002745946698343
4388.3			0.8785953115751269
4389.2			0.8580069799923795
4390.1			0.8221381931858772
4391.0			0.8160076877909026
4391.9			0.8654228620127655
4392.8			0.9097509663090152
4393.7			0.8995075675918832
4394.6			0.858852123997573
4395.5			0.8605804441093038
4396.4			0.9417336638037701
4397.3			1.0
4398.2			0.9907549671511977
4399.1			0.9239593237386251
4400.0			0.8479919449902686
4400.9			0.823464655715243
4401.8			0.9084815669203692
4402.7			0.9672609594551048
4403.6			0.8565663412567952
4404.5			0.6972070725348942
4405.4			0.6982615815137238
4406.3			0.8166138519224939
4407.2			0.8445210126446782
4408.1			0.7992716364020495
4409.0			0.810785622444642
4409.9			1.0
4410.8			1.077036753464625
4411.7			1.1051479635060346
4412.6			1.112290739324053
4413.5			1.0662226751731814
4414.4			0.9253768016334994
4415.3			0.814106435235952
4416.2			0.8322381425400254
4417.1			0.887547796152793
4418.0			0.9272518438900855
4418.9			1.0
4419.8			1.0309707634075052
4420.7			1.0010836557784946
4421.6			0.9252237080975515
4422.5			0.8743424981514865
4423.4			0.8884712765156966
4424.3			0.9386621623396377
4425.2			0.9573684257742874
4426.1			0.9578266572210955
4427.0			0.955650700990419
4427.9			0.9635574564522019
4428.8			0.9633825492204539
4429.7			0.906087291720506
4430.6			0.8667662166646551
4431.5			0.9247438548518965
4432.4			0.968746799109975
4433.3			0.9303992890178157
4434.2			0.857957483525895
4435.1			0.8131232798546769
4436.0			0.8442131776748073
4436.9			0.9416243257558393
4437.8			1.0245349999036606
4438.7			1.076432659946098
4439.6			1.0684072746292028
4440.5			0.9951545313032978
4441.4			0.919769707456204
4442.3			1.0
4443.2			0.9892122001861922
4444.1			1.038656888468709
4445.0			1.1389153580878097
4445.9			1.2058522570165207
4446.8			1.1838850244992778
4447.7			1.1724712352311129
4448.6			1.1971908654888315
4449.5			1.1738937951462738
4450.4			1.1243352436890315
4451.3			1.1270567332112762
4452.2			1.1501743372931033
4453.1			1.117698439620202
4454.0			1.0427445261547725
4454.9			0.9687584423144754
4455.8			0.9546955279869148
4456.7			0.991883805191454
4457.6			1.010502396460673
4458.5			0.9904728458763695
4459.4			0.9677918686760495
4460.3			0.9558402135788626
4461.2			0.9156128622661478
4462.1			0.8988831763160782
4463.0			0.9849874239693923
4463.9			1.0759934709770522
4464.8			1.0838730436871649
4465.7			1.0700561365536394
4466.6			1.0745072205317447
4467.5			1.0740138441214075
4468.4			1.0500258007021765
4469.3			1.008491637985823
4470.2			1.0081445008672636
4471.1			1.0526403657481536
4472.0			1.0950733883370838
4472.9			1.1444607780149236
4473.8			1.1967811888051343
4474.7			1.0
4475.6			0.9902612121725762
4476.5			1.0149886167071047
4477.4			1.049195360059437
4478.3			1.0256432658492727
4479.2			0.942478282602325
4480.1			0.8613354168344121
4481.0			0.8222800630466381
4481.9			0.8231520488862307
4482.8			0.8615957735175541
4483.7			0.9235125571969559
4484.6			0.9736156352582371
4485.5			0.9985318296988637
4486.4			0.9987587484237499
4487.3			1.0
4488.2			1.0
4489.1			1.0
4490.0			1.0
4490.9			1.040211160126969
4491.8			1.0925146356782014
4492.7			1.090387001801153
4493.6			1.0104722990160626
4494.5			0.9249812641573049
4495.4			0.8979802522506192
4496.3			0.9128694825124686
4497.2			0.9595664930456217
4498.1			1.0076875461049994
4499.0			1.0243988979804197
4499.9			1.0076454673500592
4500.8			1.0
4501.7			1.0
4502.6			1.0
4503.5			1.0
4504.4			1.0
4505.3			1.0
4506.2			1.0
4507.1			1.0
4508.0			1.0
4508.9			1.0
4509.8			1.0
4510.7			1.023561982816106
4511.6			1.0132551350225425
4512.5			1.0
4513.4			0.9626370748184843
4514.3			0.9372984410518483
4515.2			0.9467206790765587
4516.1			0.9734545613813582
4517.0			0.9620147194197691
4517.9			0.9343433706603727
4518.8			0.9561841339687628
4519.7			1.0011112305165992
4520.6			1.0433707894911148
4521.5			1.0425203480156537
4522.4			0.9704198948397704
4523.3			0.9398231474312595
4524.2			0.9543236119117974
4525.1			0.9367124270194127
4526.0			0.8874189396652471
4526.9			0.8436754909928549
4527.8			0.8168997827087258
4528.7			0.8056820135516205
4529.6			0.8296921423776261
4530.5			0.8543438818860046
4531.4			0.8981055227960637
4532.3			0.9526012578698746
4533.2			0.9327479772690785
4534.1			0.8841853070574356
4535.0			0.8424391366230437
4535.9			0.8734680394172427
4536.8			1.0
4537.7			1.0763380616739273
4538.6			1.0636361165859645
4539.5			1.0151711029327009
4540.4			0.9649848794900494
4541.3			0.9564261336596167
4542.2			0.9975494483945028
4543.1			1.0314613590115547
4544.0			1.0051335283203395
4544.9			0.9610310183200296
4545.8			0.9665673846007632
4546.7			0.991552144035464
4547.6			1.004378506061884
4548.5			0.9848227437594195
4549.4			0.9271141060201984
4550.3			0.9460419488045916
4551.2			1.0025819369607634
4552.1			0.9957035341448802
4553.0			0.9717689904267032
4553.9			0.9432785133477546
4554.8			0.9267280202587516
4555.7			0.9654248333523504
4556.6			1.028414438729511
4557.5			1.08343926284518
4558.4			1.1028433414951389
4559.3			1.0999665967827141
4560.2			1.0868344762499251
4561.1			1.0
4562.0			1.0124521243177314
4562.9			0.9789425794101457
4563.8			0.9063730595390463
4564.7			0.8577544192979718
4565.6			0.8544900931690101
4566.5			0.9185100399941979
4567.4			0.9956932943528503
4568.3			1.0117669911479867
4569.2			0.9997846330841698
4570.1			1.0952509063353217
4571.0			1.0
4571.9			0.9670743500654629
4572.8			1.0423345494639171
4573.7			1.0977576429177414
4574.6			1.0748912597482534
4575.5			1.0502289227098394
4576.4			1.0485741635163215
4577.3			1.0418454343626542
4578.2			1.0
4579.1			0.9395625821436551
4580.0			0.8774528602223571
4580.9			0.8659741467906329
4581.8			0.9010967567004613
4582.7			0.9264896458034865
4583.6			0.9208031258207459
4584.5			0.9164150506175386
4585.4			0.9152153702278273
4586.3			0.9211265914665198
4587.2			0.9646155142116186
4588.1			1.0162695775668786
4589.0			1.048390489737729
4589.9			1.0429474378029953
4590.8			1.0019766472554732
4591.7			0.9473997546417915
4592.6			0.919033656662672
4593.5			0.9254963622724912
4594.4			0.9201743286388666
4595.3			0.9002915515871102
4596.2			0.9028452315273203
4597.1			0.9208325748130917
4598.0			0.9346354593075309
4598.9			0.9587747141476258
4599.8			0.9405956311837183
4600.7			0.906788821444312
4601.6			0.9323211507304682
4602.5			0.961002043011214
4603.4			0.9619706883197687
4604.3			0.9464280588709385
4605.2			0.9312984290645459
4606.1			0.9445323085934453
4607.0			0.9904370228358939
4607.9			1.0500414555173192
4608.8			1.093574376316609
4609.7			1.0832700918475866
4610.6			1.0361855894829473
4611.5			0.9998667059743754
4612.4			1.0
4613.3			1.0
4614.2			1.0
4615.1			1.0
4616.0			1.0
4616.9			1.0
4617.8			1.0
4618.7			1.0
4619.6			1.0
4620.5			1.0
4621.4			1.0
4622.3			0.9871152564671882
4623.2			0.987931079190041
4624.1			0.9961426060090706
4625.0			0.9842722948373158
4625.9			0.9741024262247782
4626.8			0.9875513730962825
4627.7			0.9990896202776972
4628.6			0.9804888337153537
4629.5			0.9627563279554708
4630.4			0.9883599258572887
4631.3			1.022262002467237
4632.2			1.0065394090646709
4633.1			0.9603007208769101
4634.0			0.9455765394442509
4634.9			0.9573814993338574
4635.8			0.9621678287181054
4636.7			0.9475380523564353
4637.6			0.9215051393054472
4638.5			0.9099574424220899
4639.4			0.90760837729645
4640.3			0.9253457786624485
4641.2			0.9723159600871165
4642.1			0.998766840648998
4643.0			0.9854400121594279
4643.9			0.9606216678638885
4644.8			0.9329676519528759
4645.7			0.8846093761880185
4646.6			0.838234938267644
4647.5			0.8344804203859275
4648.4			0.8663748169207044
4649.3			0.9131253496725457
4650.2			0.9596270127053849
4651.1			0.9878566921588606
4652.0			1.0053875270307937
4652.9			1.0
4653.8			0.9647959757470567
4654.7			0.9140221247825099
4655.6			0.8970436274243305
4656.5			0.9120276467034678
4657.4			0.9654746225873253
4658.3			1.0432232569061761
4659.2			1.1011061306394814
4660.1			1.1098480726690907
4661.0			1.0670970975424803
4661.9			1.0071366361875085
4662.8			0.963304825442773
4663.7			0.9609781629180656
4664.6			0.9842333739776643
4665.5			0.9595034047926002
4666.4			0.8727466561256954
4667.3			0.803857571068813
4668.2			0.8219189887861623
4669.1			0.8952259447387357
4670.0			0.9695940839848906
4670.9			1.032837419445082
4671.8			1.0581502235931883
4672.7			1.0414215153100634
4673.6			1.0224778639472443
4674.5			1.0
4675.4			1.0363787793975132
4676.3			1.078875655378069
4677.2			1.0744962069907262
4678.1			1.0265879990670594
4679.0			0.9794176034653768
4679.9			0.948508862323086
4680.8			0.929082356272103
4681.7			0.9270344305697855
4682.6			0.9598342717061119
4683.5			1.0095935169042127
4684.4			1.0207857176607282
4685.3			1.0097784405564534
4686.2			1.0005374425128084
4687.1			1.0
4688.0			1.0
4688.9			1.0
4689.8			1.0067641416768622
4690.7			0.9883480958749071
4691.6			0.9877579550509626
4692.5			1.011706115524829
4693.4			1.030557738043442
4694.3			1.0530439903334354
4695.2			1.0891092400252274
4696.1			1.1106820052464033
4697.0			1.0861768860057446
4697.9			1.0107456362971374
4698.8			0.9547389663686343
4699.7			0.9671060040827727
4700.6			0.9871376131859012
4701.5			0.9786445617748384
4702.4			0.9599524772276228
4703.3			0.9606012143863266
4704.2			0.9953521186196476
4705.1			1.0311562533468914
4706.0			1.0345681493409087
4706.9			1.003274995883843
4707.8			0.9759094920502628
4708.7			0.9674484133295628
4709.6			0.978181907186926
4710.5			1.0307234162655816
4711.4			1.084207714139284
4712.3			1.0868486008830713
4713.2			1.0571358107113789
4714.1			1.0099965494669352
4715.0			1.0062280179362164
4715.9			1.0678414623116061
4716.8			1.1238657659955746
4717.7			1.140211681175691
4718.6			1.1548270346825404
4719.5			1.1801927030101351
4720.4			1.0
4721.3			0.9825164668748395
4722.2			0.9608524908172417
4723.1			0.9659950902973334
4724.0			0.9975973626009925
4724.9			1.0191705318586421
4725.8			1.0066613600664003
4726.7			0.9383187460392933
4727.6			0.8578424174157299
4728.5			0.838708763571891
4729.4			0.8599827792685175
4730.3			0.8833687091593748
4731.2			0.9039427912903178
4732.1			0.9421338422286385
4733.0			0.9722924143829209
4733.9			0.9869613834267265
4734.8			1.0072053547249675
4735.7			0.9971893876878365
4736.6			1.0
4737.5			1.0
4738.4			1.0
4739.3			1.0
4740.2			1.0
4741.1			1.0
4742.0			1.0
4742.9			1.0
4743.8			1.0
4744.7			1.0
4745.6			1.0
4746.5			1.0
4747.4			1.0
4748.3			1.0
4749.2			1.0
4750.1			1.0
4751.0			1.0
4751.9			1.0
4752.8			1.0
4753.7			1.0
4754.6			1.0
4755.5			1.0
4756.4			1.0
4757.3			1.0
4758.2			1.0144317278337243
4759.1			1.0359926682205436
4760.0			1.0522266123503383
4760.9			1.0321212627928067
4761.8			0.978579658566407
4762.7			0.9447946014426022
4763.6			0.9406577538480793
4764.5			0.9305320068485198
4765.4			0.9040933969883361
4766.3			0.9060332839875327
4767.2			0.9521038035754554
4768.1			0.9898996577934949
4769.0			1.0312650241783634
4769.9			1.0702567864549108
4770.8			1.0444991961026897
4771.7			1.0016576179764782
4772.6			0.9998380410895515
4773.5			1.0
4774.4			1.0429318272349646
4775.3			1.0424329212086307
4776.2			1.0309202865401867
4777.1			1.0532472400000408
4778.0			1.0744909519075627
4778.9			1.0626269776342459
4779.8			1.0432955700135205
4780.7			1.0416961710481647
4781.6			1.0406569824821563
4782.5			1.0139824895865577
4783.4			0.9907897827224403
4784.3			1.016674449292481
4785.2			1.0321396676410735
4786.1			0.9801249059819566
4787.0			0.9694255576808791
4787.9			1.0021594181643418
4788.8			0.9938066580719463
4789.7			0.9805619329573678
4790.6			0.9997069493130322
4791.5			1.0217962446216013
4792.4			1.0388727858770685
4793.3			1.087744360671371
4794.2			1.0
4795.1			1.014703175000824
4796.0			1.001188656621176
4796.9			1.0
4797.8			0.9571207230389019
4798.7			0.912262216857976
4799.6			0.8906392775281489
4800.5			0.912317967327619
4801.4			0.9701969306006765
4802.3			1.0034453524841076
4803.2			1.0034318699060771
4804.1			0.9776378001825559
4805.0			0.938419081319192
4805.9			0.9379261467771864
4806.8			0.9358885487372566
4807.7			0.9034422719426574
4808.6			0.8995644238387388
4809.5			0.9279248137525159
4810.4			0.9480573339100106
4811.3			0.9518357248955627
4812.2			0.9490283722972443
4813.1			0.943913166996676
4814.0			0.9465765391447563
4814.9			0.9555486334465012
4815.8			0.9670892357653588
4816.7			0.9841089137306376
4817.6			0.9834762008525203
4818.5			0.9869530854543731
4819.4			0.9995152895952242
4820.3			1.0
4821.2			0.9909151552591179
4822.1			0.9731372666111241
4823.0			0.9253346732712077
4823.9			0.8956543667636755
4824.8			0.9331464772045935
4825.7			0.9837969834460759
4826.6			1.000471310312203
4827.5			1.0
4828.4			1.0
4829.3			1.0
4830.2			1.0
4831.1			1.0
4832.0			1.0
4832.9			1.0
4833.8			1.035835903955972
4834.7			1.0524887989310414
4835.6			1.0404895869977986
4836.5			1.0312030906485552
4837.4			1.031447412475672
4838.3			1.0
4839.2			0.9581350953124331
4840.1			0.9368052082524576
4841.0			0.9548962123623571
4841.9			0.9783447952255452
4842.8			0.9697394044657291
4843.7			0.966897701455507
4844.6			1.0096140235773392
4845.5			1.0456611929610922
4846.4			1.0484701273672221
4847.3			1.0172972253526433
4848.2			0.9728885871490958
4849.1			0.9647006959446677
4850.0			1.0076196742139953
4850.9			1.0372495509585054
4851.8			1.0263628954519535
4852.7			1.0230660495689217
4853.6			1.012411678514835
4854.5			0.9484703171103019
4855.4			0.8902208453519478
4856.3			0.9140406681052526
4857.2			0.9701151940317669
4858.1			0.9771670855333868
4859.0			0.9188050475579421
4859.9			0.8128693040583334
4860.8			0.7046935615708252
4861.7			0.6961358197681661
4862.6			0.8074845279980167
4863.5			0.8940414508181521
4864.4			0.9228816542471308
4865.3			0.9481251663570754
4866.2			0.9713449180184143
4867.1			1.0
4868.0			0.9953362210850761
4868.9			1.0036633329733629
4869.8			0.9877046683229705
4870.7			0.9187684792134317
4871.6			0.873251443295787
4872.5			0.9098290793501083
4873.4			0.9781103422829315
4874.3			1.004554028771731
4875.2			1.0038334450148056
4876.1			0.9579607396136967
4877.0			0.9869269065479261
4877.9			1.0038893159840714
4878.8			1.0
4879.7			1.038051640992581
4880.6			1.0074393087161062
4881.5			0.9496510304661433
4882.4			0.9466062485823008
4883.3			0.9763556457143753
4884.2			0.9600648598622313
4885.1			0.9079130989659765
4886.0			0.8778033958303024
4886.9			0.8918862507431704
4887.8			0.9149941441192277
4888.7			0.9216185797222968
4889.6			0.9079378651685587
4890.5			0.8592888446359822
4891.4			0.8459613541711423
4892.3			0.9262513424002338
4893.2			1.0124314831797847
4894.1			1.0607215218428847
4895.0			1.088812126137772
4895.9			1.093779376280745
4896.8			1.0877106900095126
4897.7			1.084648798514595
4898.6			1.0629944533848488
4899.5			1.0156180257508391
4900.4			1.0024108080162277
4901.3			1.032046113489855
4902.2			1.0323830876870825
4903.1			1.0003602444681885
4904.0			1.0
4904.9			1.03395642928636
4905.8			1.0665516283414516
4906.7			1.0595780449281886
4907.6			1.0185965031385291
4908.5			0.9693888581070781
4909.4			0.9145348666797538
4910.3			1.0
4911.2			1.0085026076838601
4912.1			1.047578095572462
4913.0			1.074325324108066
4913.9			1.083467626464012
4914.8			1.1039921638294325
4915.7			1.1192389345627043
4916.6			1.0824636180008882
4917.5			1.0000339903598872
4918.4			0.9030782467319428
4919.3			0.8251777173969186
4920.2			0.7925244416412025
4921.1			0.8238837559618548
4922.0			0.8928998146825695
4922.9			0.9259590943848879
4923.8			0.9049231394716529
4924.7			0.8901279101870979
4925.6			0.925870345637007
4926.5			0.9633758359783272
4927.4			0.9636385552321404
4928.3			0.9716748768191507
4929.2			0.9934719971230556
4930.1			1.0
4931.0			1.000763990706233
4931.9			0.9875160950133686
4932.8			0.9248580976365899
4933.7			0.8677073142931292
4934.6			0.8912942811624668
4935.5			0.9388018342338031
4936.4			0.9287695637848116
4937.3			0.8766632825278575
4938.2			0.8258747793485235
4939.1			0.8239149254882359
4940.0			0.8928009224220476
4940.9			0.9751759337062539
4941.8			1.0041283207391947
4942.7			1.0073705178944419
4943.6			1.0193633263930448
4944.5			1.0094642999321548
4945.4			0.976250303602383
4946.3			0.967330859780497
4947.2			1.0009186755513961
4948.1			1.0
4949.0			1.0
4949.9			1.0
4950.8			1.0
4951.7			1.0
4952.6			1.0
4953.5			1.0
4954.4			1.0
4955.3			1.001796923530223
4956.2			0.9362101769841502
4957.1			0.8155670907426044
4958.0			0.79186014626382
4958.9			0.8947880351089214
4959.8			0.9849005034164763
4960.7			1.0014217271192059
4961.6			1.0
4962.5			1.0
4963.4			1.0
4964.3			1.0
4965.2			1.0
4966.1			1.0
4967.0			1.0
4967.9			1.0
4968.8			1.0
4969.7			1.0
4970.6			1.0
4971.5			1.0
4972.4			1.0
4973.3			1.0
4974.2			1.0
4975.1			0.9939397685548611
4976.0			0.97486901927032
4976.9			0.9667603807847183
4977.8			0.9433266510672796
4978.7			0.922215931215066
4979.6			0.9301438852135743
4980.5			0.9362593661498764
4981.4			0.9057595062344528
4982.3			0.8560573293247793
4983.2			0.8382728409831385
4984.1			0.8629245635905544
4985.0			0.8940067792930921
4985.9			0.9334818449999016
4986.8			0.9940551822267212
4987.7			1.034531724399636
4988.6			1.033294751182363
4989.5			1.017284898832103
4990.4			1.0010905967097439
4991.3			1.0043149977583516
4992.2			1.0
4993.1			0.9973818686192336
4994.0			0.9812239103553015
4994.9			0.9999285846136126
4995.8			1.013091188562575
4996.7			1.001252188494374
4997.6			0.9941622135178428
4998.5			0.9751717800644146
4999.4			0.9373487539436206
5000.3			0.9179590077578869
5001.2			0.9210393935313171
5002.1			0.9275470771143994
5003.0			0.9334950139281528
5003.9			0.927492118858622
5004.8			0.8932935367430139
5005.7			0.8509698892325864
5006.6			0.8539731934172313
5007.5			0.9208254084496219
5008.4			0.9882497840370296
5009.3			0.9917519288501891
5010.2			0.9661997315430444
5011.1			0.9296692000451532
5012.0			0.8741457922890298
5012.9			0.8318808522675561
5013.8			0.8201312595412357
5014.7			0.8469217586622684
5015.6			0.8938431465933295
5016.5			0.9061444230956787
5017.4			0.8784121993836804
5018.3			0.8660288739740705
5019.2			0.8929059879628751
5020.1			0.9212858142299167
5021.0			0.9166644255297886
5021.9			0.890406487035879
5022.8			0.8944688006510023
5023.7			0.9295741513299863
5024.6			0.9428238493896222
5025.5			0.9420334250476642
5026.4			0.9241022964292113
5027.3			0.8933129079555937
5028.2			0.9112132311205728
5029.1			0.9596737641860464
5030.0			0.974372152428314
5030.9			0.9768588931682082
5031.8			1.0
5032.7			1.0391258850810239
5033.6			1.0553914760335599
5034.5			1.0160806493021874
5035.4			0.9416307923179702
5036.3			0.911238935772637
5037.2			0.9478342989450762
5038.1			0.9595577636955569
5039.0			0.9132994219016561
5039.9			0.8446244669418548
5040.8			0.7800864945066023
5041.7			0.8108875953464525
5042.6			0.9358324390743995
5043.5			1.0322418821952069
5044.4			1.081045408351551
5045.3			1.1249180623380024
5046.2			1.1517795477287232
5047.1			1.120388049424553
5048.0			1.0432251485975856
5048.9			1.0017870441749688
5049.8			1.0
5050.7			1.0
5051.6			1.0
5052.5			1.0
5053.4			1.0
5054.3			1.0
5055.2			1.0
5056.1			1.0
5057.0			1.0
5057.9			1.0
5058.8			1.0
5059.7			1.0024537399421427
5060.6			1.0174245417488712
5061.5			1.0381588364036678
5062.4			1.0399345166288667
5063.3			1.0002008250074534
5064.2			0.9249517110042671
5065.1			0.887751239777625
5066.0			0.9230009540124214
5066.9			0.948109364717455
5067.8			0.9386056414621599
5068.7			0.9437573974420996
5069.6			0.9820222808538687
5070.5			1.0018858877123726
5071.4			1.0
5072.3			0.961892353290224
5073.2			0.9851387250230734
5074.1			1.0110022514495753
5075.0			0.9983389733848183
5075.9			0.9861994376571267
5076.8			1.005207672125123
5077.7			1.0056738894703001
5078.6			0.9244402024796036
5079.5			0.8316230186054486
5080.4			0.831329416606014
5081.3			0.8983540867293969
5082.2			0.9470664745084805
5083.1			0.9461921759573508
5084.0			0.9571481292613342
5084.9			0.9899477197588337
5085.8			1.0107759721727165
5086.7			0.9992815701971015
5087.6			1.0
5088.5			1.0
5089.4			1.0
5090.3			1.0
5091.2			1.0
5092.1			1.0
5093.0			1.0
5093.9			1.0125235149706098
5094.8			1.0042305647930867
5095.7			0.983104596318137
5096.6			0.9381912915408926
5097.5			0.8837419898781439
5098.4			1.0
5099.3			0.9932006676348659
5100.2			1.0741900917341736
5101.1			1.1451850608744
5102.0			1.1536616304993301
5102.9			1.1208431917355073
5103.8			1.0794059848953366
5104.7			1.057727677012364
5105.6			1.0528793579336104
5106.5			1.023646127640114
5107.4			0.9828650369257618
5108.3			0.980667983408791
5109.2			0.9780572203021403
5110.1			0.9596926998934154
5111.0			1.0
5111.9			1.0461715078518172
5112.8			1.0525517496697552
5113.7			1.046894160367613
5114.6			1.036638766303276
5115.5			1.0352039003423303
5116.4			1.0598735586586197
5117.3			1.0806781313879057
5118.2			1.0799072474288118
5119.1			1.0695527108005898
5120.0			1.0430166923694872
5120.9			1.0059628980922342
5121.8			0.9698732292183918
5122.7			1.0
5123.6			0.9618307673145182
5124.5			0.9677181240675578
5125.4			0.9903092682487861
5126.3			1.007043587015057
5127.2			1.0021001480342866
5128.1			0.9968739975169585
5129.0			0.9868852391999791
5129.9			0.9953153152591805
5130.8			1.0139062986549114
5131.7			1.0241135103654493
5132.6			1.0343161522440167
5133.5			1.0418295188978528
5134.4			1.0691895943543026
5135.3			1.0864807273824164
5136.2			1.0431083939335075
5137.1			0.9965458325176593
5138.0			0.9768783993092824
5138.9			0.9466788754416231
5139.8			0.9606892284048777
5140.7			1.0033331360457083
5141.6			0.9687880104255379
5142.5			0.910857733999121
5143.4			0.938428978430334
5144.3			0.9838934248070857
5145.2			0.9735363633138217
5146.1			0.9479164144258108
5147.0			0.9299345584356606
5147.9			0.9353953790391382
5148.8			0.9703049522933398
5149.7			0.9868897159787101
5150.6			0.9608041888783873
5151.5			0.9333846868147483
5152.4			0.9344465457122981
5153.3			0.9395741261708774
5154.2			0.9444774889043276
5155.1			0.9673671877168643
5156.0			0.9931669646953734
5156.9			1.0171735798072545
5157.8			1.0294578680886366
5158.7			1.0201051951751128
5159.6			1.0233915657786326
5160.5			1.0289015895611353
5161.4			1.0
5162.3			0.9781141878987849
5163.2			0.9770462515222589
5164.1			0.9561905900946183
5165.0			0.8946159343436006
5165.9			0.8146738439019656
5166.8			0.7167770542368119
5167.7			0.691176261603588
5168.6			0.7667025009466847
5169.5			0.8950150511618857
5170.4			0.9499599187909078
5171.3			0.8451267548696998
5172.2			0.7063448166366345
5173.1			0.7299619725467713
5174.0			0.9162636788490678
5174.9			1.080319386913622
5175.8			1.1229546647001776
5176.7			1.1303536485349275
5177.6			1.1668198243535262
5178.5			1.0
5179.4			0.9960444570527458
5180.3			0.9796816468727135
5181.2			0.9413398295783119
5182.1			0.8274470685753147
5183.0			0.6659927765155912
5183.9			0.6302459294494698
5184.8			0.7802459661691131
5185.7			0.9371266103388091
5186.6			1.0101029449533265
5187.5			1.0092989830454269
5188.4			0.9958629187615358
5189.3			1.0
5190.2			1.0
5191.1			1.0
5192.0			1.0
5192.9			1.0
5193.8			1.0
5194.7			1.0
5195.6			1.0
5196.5			1.0
5197.4			1.0
5198.3			1.0
5199.2			1.0
5200.1			1.0
5201.0			1.0
5201.9			0.9907736375656132
5202.8			0.9899619051998947
5203.7			0.9672959303200125
5204.6			0.9009751805775594
5205.5			0.8571715211369109
5206.4			0.8780849740152191
5207.3			0.8917789322752476
5208.2			0.859752702127564
5209.1			0.8850032950485717
5210.0			0.9434325606123632
5210.9			0.9788244048099473
5211.8			1.0119220662380775
5212.7			1.0391313855570259
5213.6			1.0398182639109679
5214.5			0.9981903619305417
5215.4			1.0
5216.3			1.0
5217.2			1.0
5218.1			1.0
5219.0			1.0
5219.9			1.0
5220.8			1.0
5221.7			0.9987143909322149
5222.6			0.9785221618514439
5223.5			0.9381464205881522
5224.4			0.8865089449969363
5225.3			0.8328795372459886
5226.2			0.7814069382875458
5227.1			0.7822618664863539
5228.0			0.8731569416263854
5228.9			0.958166039000559
5229.8			0.984505453078117
5230.7			0.9998994014893181
5231.6			1.0
5232.5			1.0
5233.4			1.0
5234.3			1.0
5235.2			1.0
5236.1			1.0
5237.0			1.0
5237.9			1.0
5238.8			1.0
5239.7			1.0
5240.6			1.0122732767345453
5241.5			1.0100674225074353
5242.4			0.98964578336903
5243.3			0.9899650921287161
5244.2			1.019357535740268
5245.1			1.0263697217398948
5246.0			0.9756307349107267
5246.9			0.9124420718455508
5247.8			0.9045647633567635
5248.7			0.9217729849262625
5249.6			0.9003553446063944
5250.5			0.881477580091205
5251.4			0.9116728326899416
5252.3			0.9468298285430675
5253.2			1.0
5254.1			0.9741580278572528
5255.0			0.9431264955353869
5255.9			0.983931345657806
5256.8			1.0611076951870095
5257.7			1.095206025517344
5258.6			1.0996217390661085
5259.5			1.0832821661091476
5260.4			1.049150120677523
5261.3			0.9842422264688507
5262.2			0.9134772429302396
5263.1			0.863927139082971
5264.0			0.8289097664080755
5264.9			0.8043110087031481
5265.8			0.7998811194854927
5266.7			0.8633762336100144
5267.6			0.9230844434036376
5268.5			0.8598021827057064
5269.4			0.7540019896936205
5270.3			0.7779332713571089
5271.2			0.9070374754916313
5272.1			0.97856217244201
5273.0			0.9673890203039814
5273.9			0.9513069293480646
5274.8			0.9298718181664105
5275.7			0.9315733673900863
5276.6			1.006796046304095
5277.5			1.0
5278.4			1.012675435365534
5279.3			0.981669300771878
5280.2			0.9384980074776237
5281.1			0.9123207141897934
5282.0			0.894546765655987
5282.9			0.874525617675386
5283.8			0.8629703065476034
5284.7			0.9087980047837063
5285.6			0.9866406234119243
5286.5			1.021201273790949
5287.4			1.0077331271805925
5288.3			0.9895702285513092
5289.2			1.0
5290.1			1.0201556926193847
5291.0			1.0240106709072203
5291.9			1.0037579631893165
5292.8			0.9757763697412162
5293.7			0.9711202034343777
5294.6			0.9706609806529308
5295.5			0.9434239309919862
5296.4			0.8832424481989191
5297.3			0.8235391937088801
5298.2			0.8182056384422285
5299.1			0.8815582997087779
5300.0			0.925537003357878
5300.9			0.9158159588719996
5301.8			0.9083665212658728
5302.7			0.9372840700834415
5303.6			0.9816309649496854
5304.5			1.0132892593821743
5305.4			1.019225570358771
5306.3			1.0000319362545234
5307.2			1.0
5308.1			1.0
5309.0			1.0
5309.9			1.0
5310.8			1.0
5311.7			1.0
5312.6			1.0
5313.5			1.0
5314.4			1.0
5315.3			1.0
5316.2			1.0
5317.1			1.0
5318.0			1.0
5318.9			1.0
5319.8			0.9906439285695279
5320.7			0.9891900406008349
5321.6			0.9881283278236928
5322.5			0.9743835075392359
5323.4			0.9382502545044495
5324.3			0.9169928427694389
5325.2			0.9325416741097029
5326.1			0.927780233344895
5327.0			0.8444664835698659
5327.9			0.7415834447026088
5328.8			0.7502893337852353
5329.7			0.859519789079991
5330.6			0.9453864319756223
5331.5			0.9628518749610044
5332.4			0.9437537349695133
5333.3			0.9522413960379302
5334.2			0.9908879983861575
5335.1			1.010641196856183
5336.0			1.0
5336.9			0.9851437129817993
5337.8			0.9810461794903752
5338.7			0.9648982871469687
5339.6			0.9107242174078748
5340.5			0.8759315181291766
5341.4			0.9124257745005018
5342.3			0.9686757448504695
5343.2			0.9954801583336459
5344.1			0.9993423889591697
5345.0			1.0
5345.9			1.0
5346.8			1.0
5347.7			1.0
5348.6			1.0
5349.5			1.0
5350.4			1.0
5351.3			1.0
5352.2			1.0
5353.1			1.0
5354.0			1.0
5354.9			1.0
5355.8			1.0
5356.7			1.0
5357.6			1.0
5358.5			1.0
5359.4			1.0
5360.3			0.9879567828191982
5361.2			0.9632271194429334
5362.1			0.9445633526423511
5363.0			0.9445996798096425
5363.9			0.9437882885295017
5364.8			0.931323134889582
5365.7			0.9338562553401253
5366.6			0.943776497484574
5367.5			0.9446918947563713
5368.4			0.9368676789819034
5369.3			0.8957766030824192
5370.2			0.8488946490708851
5371.1			0.8383385019761942
5372.0			0.8892946957545831
5372.9			0.9689682215748582
5373.8			1.0150932530415502
5374.7			1.032991505558753
5375.6			1.0386868967363287
5376.5			1.0241673058783174
5377.4			1.0131190253003504
5378.3			1.0185023837351288
5379.2			1.0197425128979358
5380.1			1.0078963092228217
5381.0			1.0
5381.9			0.999898864499607
5382.8			0.9962212501530873
5383.7			1.0045187162760536
5384.6			1.0301211365059766
5385.5			1.0336864167703226
5386.4			1.0203165914595964
5387.3			1.013368049879198
5388.2			1.0045902080744964
5389.1			0.9874273832411302
5390.0			0.9698082262587119
5390.9			0.9620200760497274
5391.8			0.959889803088852
5392.7			0.9606478237497916
5393.6			0.9604332763388154
5394.5			0.9630649869236819
5395.4			0.9546253216460008
5396.3			0.9147091297035848
5397.2			0.8911018846704681
5398.1			0.9354432252740777
5399.0			0.9851612300064753
5399.9			0.9875735087785646
5400.8			0.9908671564317331
5401.7			1.0138839478086359
5402.6			1.006580664833112
5403.5			0.9468365102612761
5404.4			0.8827807926693423
5405.3			0.8574986228344367
5406.2			0.8853502061587242
5407.1			0.9395562623884567
5408.0			0.969882962503514
5408.9			0.9557676924501789
5409.8			0.9366171784085662
5410.7			0.9639311958512319
5411.6			1.0218605841015809
5412.5			1.0535107364094793
5413.4			1.0508606062064012
5414.3			1.0375304436475432
5415.2			1.0399278356753778
5416.1			1.0675419683090455
5417.0			1.087002190920466
5417.9			1.081346599320558
5418.8			1.058191527262778
5419.7			1.0
5420.6			0.9895716293921976
5421.5			1.0082376297877402
5422.4			1.01579710417996
5423.3			0.9811351623819361
5424.2			0.9501209966896421
5425.1			0.9751264085831914
5426.0			1.023852640650662
5426.9			1.0428225941817975
5427.8			1.0045923761624054
5428.7			0.9223246265791829
5429.6			0.8744984543774695
5430.5			0.9145476147148325
5431.4			0.9528951505674631
5432.3			0.9293846471204094
5433.2			0.8947577504905805
5434.1			0.8744594218532331
5435.0			0.8678247443121895
5435.9			0.8816056183729573
5436.8			0.9160090273292117
5437.7			0.9640071266170422
5438.6			1.0009271083726055
5439.5			1.0
5440.4			1.0
5441.3			1.0
5442.2			1.0
5443.1			0.9959017813912131
5444.0			0.9714596772546948
5444.9			0.9241750473061181
5445.8			0.8682757329120956
5446.7			0.8464736975366222
5447.6			0.8953540138050248
5448.5			0.9637054200103128
5449.4			0.9955650058827222
5450.3			1.0000277156366297
5451.2			1.0
5452.1			0.9869478055376831
5453.0			0.9685707044966378
5453.9			0.9304920304819829
5454.8			0.8788953529900636
5455.7			0.8700154860125071
5456.6			0.9258185181203452
5457.5			0.987066639835917
5458.4			1.009389457850066
5459.3			1.0002354964946256
5460.2			1.0
5461.1			0.9739138348268379
5462.0			0.9373265919091481
5462.9			0.9108756829414058
5463.8			0.9318401735485687
5464.7			0.9750897169536198
5465.6			0.9861383044053218
5466.5			0.9778185065809374
5467.4			0.982975238640359
5468.3			0.9938758884164398
5469.2			0.9824340019043851
5470.1			0.9599795579401068
5471.0			0.9577508990179457
5471.9			0.9623153418926266
5472.8			0.9492983038692792
5473.7			0.9379245540789692
5474.6			0.9396130514799054
5475.5			0.9045897166231276
5476.4			0.8523693772021781
5477.3			0.8695631521708639
5478.2			0.9399772193592679
5479.1			0.9768565165606918
5480.0			0.9512549489797368
5480.9			0.9057665366615743
5481.8			0.900025306654786
5482.7			0.9322703033504672
5483.6			0.97439412804618
5484.5			1.0118837159425587
5485.4			1.022281442554627
5486.3			0.9908115130261776
5487.2			0.9509513472285299
5488.1			0.9477423146338974
5489.0			0.9694478316664781
5489.9			0.9824827062274775
5490.8			0.9920094547029781
5491.7			1.0006083901908256
5492.6			1.0
5493.5			1.0
5494.4			1.0
5495.3			1.0
5496.2			1.0
5497.1			1.0
5498.0			1.0
5498.9			1.0
5499.8			1.0
5500.7			1.0
5501.6			1.0
5502.5			1.0
5503.4			1.0
5504.3			1.0049305374682442
5505.2			0.9870343849080735
5506.1			0.9628714625233987
5507.0			0.9707248036803056
5507.9			1.0017687439146863
5508.8			1.0100832264340853
5509.7			0.9945514143042412
5510.6			0.9787492863226699
5511.5			0.9463773434804352
5512.4			0.9163381482529919
5513.3			0.9206988738538321
5514.2			0.9417211699872331
5515.1			0.9600698975957077
5516.0			0.9705902923833047
5516.9			0.9788616344008993
5517.8			0.9996434731526733
5518.7			1.0179006277416218
5519.6			1.0130007939061936
5520.5			0.9991552465796089
5521.4			1.0
5522.3			1.0
5523.2			1.0065534172387538
5524.1			1.0050115579828796
5525.0			0.9909203756138422
5525.9			0.9714236030137473
5526.8			0.9475165967233341
5527.7			0.9223190782968821
5528.6			0.9237710357488309
5529.5			0.9611890567774549
5530.4			0.997604913056585
5531.3			1.0057132441231855
5532.2			0.998959697320586
5533.1			1.0
5534.0			1.0
5534.9			1.0
5535.8			1.0
5536.7			1.0
5537.6			1.0
5538.5			1.0
5539.4			1.0
5540.3			1.0
5541.2			1.0
5542.1			1.0
5543.0			1.0
5543.9			1.0
5544.8			1.0
5545.7			1.0
5546.6			1.0
5547.5			1.0
5548.4			1.0
5549.3			1.0
5550.200000000001			1.0
5551.1			1.0
5552.0			1.0
5552.9			1.0
5553.8			1.0
5554.700000000001			1.0
5555.6			1.0
5556.5			1.0
5557.4			1.0
5558.3			1.0
5559.200000000001			1.0
5560.1			1.0
5561.0			1.0
5561.9			1.0
5562.8			1.0
5563.700000000001			1.0
5564.6			1.0
5565.5			1.0
5566.4			1.0
5567.3			1.0
5568.200000000001			1.0
5569.1			1.0
5570.0			1.0
5570.9			1.0
5571.8			1.0
5572.700000000001			1.0
5573.6			1.0
5574.5			1.0
5575.4			1.0
5576.3			1.0
5577.200000000001			1.0072603204386519
5578.1			1.0086553994899794
5579.0			1.0122356047781886
5579.9			1.03517384737432
5580.8			1.034090515723239
5581.700000000001			1.0139182739999553
5582.6			1.0207776444598242
5583.5			1.0255407311759832
5584.4			1.0117932827518983
5585.3			0.9826726723681781
5586.200000000001			0.9337290443115892
5587.1			0.8962179104221455
5588.0			0.897451243419568
5588.9			0.9165624560806914
5589.8			0.9429340310270119
5590.700000000001			0.9710388663367291
5591.6			0.9850295047026153
5592.5			0.9851360696798378
5593.4			0.9789073130088558
5594.3			0.9748002304937136
5595.200000000001			1.0
5596.1			1.0381964589487618
5597.0			1.030536876465813
5597.9			0.9875475473714534
5598.8			0.9634721889669889
5599.700000000001			0.9551339379604494
5600.6			0.9286484941706912
5601.5			0.8996788367985
5602.4			0.8947344651640777
5603.3			0.9273757511419232
5604.200000000001			0.9780911600165131
5605.1			1.0044937715585012
5606.0			1.008060223937137
5606.9			1.0
5607.8			0.9965136677101916
5608.700000000001			0.9988052919056691
5609.6			1.0023602921192536
5610.5			1.007140126226589
5611.4			1.0161508848381995
5612.3			1.017841552637926
5613.200000000001			0.9940964289320228
5614.1			0.9318231022500009
5615.0			0.8662682313477559
5615.9			0.870975579349057
5616.8			0.9314534739395146
5617.700000000001			0.9666445404209472
5618.6			0.9624300288686651
5619.5			1.0
5620.4			1.0040166347081834
5621.3			1.0224029704539201
5622.200000000001			1.0233795577658464
5623.1			0.9829709358933207
5624.0			0.9253138765860125
5624.9			0.9039188672902874
5625.8			0.9283875505892503
5626.700000000001			0.9464348898899385
5627.6			0.951601949786381
5628.5			0.9718266296510902
5629.4			0.9967559498659558
5630.3			1.0
5631.200000000001			1.0
5632.1			1.0
5633.0			1.0
5633.9			1.0
5634.8			1.0
5635.700000000001			1.0
5636.6			1.0
5637.5			1.0
5638.4			1.0
5639.3			1.0
5640.200000000001			1.0
5641.1			1.0
5642.0			1.0
5642.9			1.0
5643.8			1.0
5644.700000000001			1.0
5645.6			1.0
5646.5			1.0
5647.4			1.008877009865941
5648.3			0.9940713710531609
5649.200000000001			0.9697982235487859
5650.1			0.9677866498262117
5651.0			0.9876544938639201
5651.9			1.0070173112847751
5652.8			1.0068382259742568
5653.700000000001			0.9836332501741342
5654.6			0.9589935699936027
5655.5			0.9657119529372339
5656.4			0.9790773770662562
5657.3			0.935532524558364
5658.200000000001			0.8775557856938563
5659.1			0.8943009499488589
5660.0			0.9505574348077649
5660.9			0.9648017814765079
5661.8			0.9422249818722184
5662.700000000001			0.9417051974457825
5663.6			0.9823375359649751
5664.5			1.021848439366536
5665.4			1.0278098540428364
5666.3			1.0067395600025153
5667.200000000001			0.9856219520257125
5668.1			0.9867294079244981
5669.0			0.9997602419468778
5669.9			1.0
5670.8			1.0
5671.700000000001			1.0
5672.6			1.0
5673.5			1.0
5674.4			1.0
5675.3			1.0
5676.200000000001			1.0
5677.1			1.0
5678.0			1.0
5678.9			1.0
5679.8			1.0
5680.700000000001			1.0
5681.6			1.0
5682.5			1.0
5683.4			1.0
5684.3			1.0
5685.200000000001			1.0
5686.1			1.0
5687.0			1.0
5687.9			1.0
5688.8			1.0
5689.700000000001			1.0
5690.6			1.0
5691.5			1.0
5692.4			1.0095886625803272
5693.3			1.0051987943171783
5694.200000000001			0.9949716825914304
5695.1			1.0036376285483144
5696.0			1.0171830308939542
5696.9			1.0039872070394598
5697.8			0.9687157816528742
5698.700000000001			0.9489819384190151
5699.6			0.9489201990372664
5700.5			0.9368504411181392
5701.4			0.9247652641655926
5702.3			0.9350746449875502
5703.200000000001			0.9557033371599087
5704.1			0.9636440733595253
5705.0			0.944523473546125
5705.9			0.9119536309262336
5706.8			0.8936507219523996
5707.700000000001			0.8806374996522633
5708.6			0.8634403607155031
5709.5			0.8664384934983077
5710.4			0.8785984590708086
5711.3			0.873771690986613
5712.200000000001			0.8888455467387951
5713.1			0.9369777044684927
5714.0			0.9654894430800569
5714.9			0.9677451395368176
5715.8			0.9751019601015692
5716.700000000001			0.9782254266592848
5717.6			0.9672928337517789
5718.5			0.9647272400067101
5719.4			0.9790338671340941
5720.3			0.9917777420719962
5721.200000000001			0.99566237644953
5722.1			0.9994430691491378
5723.0			1.0024963127649387
5723.9			1.0012480014625869
5724.8			0.9992092199256547
5725.700000000001			1.0
5726.6			1.0
5727.5			1.0
5728.4			1.0
5729.3			1.0
5730.200000000001			1.0
5731.1			1.0
5732.0			1.0
5732.9			1.0
5733.8			1.0
5734.700000000001			1.0
5735.6			1.0
5736.5			1.0
5737.4			1.0
5738.3			1.0
5739.200000000001			1.0
5740.1			1.0
5741.0			1.0
5741.9			1.0
5742.8			1.0
5743.700000000001			1.0
5744.6			1.0
5745.5			1.0
5746.4			1.0
5747.3			1.0
5748.200000000001			1.0
5749.1			1.0235982087374733
5750.0			1.0532082205910753
5750.9			1.0454386574353554
5751.8			1.002643638945864
5752.700000000001			0.9529676537019692
5753.6			0.9218922018811114
5754.5			0.9285992909587888
5755.4			0.9630957068318732
5756.3			0.9871776836081736
5757.200000000001			0.9973211021644116
5758.1			0.9980298388527661
5759.0			1.0
5759.9			1.0
5760.8			1.0
5761.700000000001			1.0
5762.6			1.0
5763.5			1.0
5764.4			1.0
5765.3			1.0
5766.200000000001			1.0
5767.1			0.9971080730371878
5768.0			0.9910409297876367
5768.9			0.9815775410591107
5769.8			0.9748573644689896
5770.700000000001			0.9700987105448873
5771.6			0.9594355756098105
5772.5			0.9536819692113995
5773.4			0.9623604514737045
5774.3			0.9586666736438215
5775.200000000001			0.9569877137889958
5776.1			0.9719636806690423
5777.0			0.9797673129171511
5777.9			0.9732668087191036
5778.8			0.9566518047532061
5779.700000000001			0.922190632755631
5780.6			0.8829410639228431
5781.5			0.8655408206497133
5782.4			0.879203780767253
5783.3			0.8995413190452944
5784.200000000001			0.8916061950326141
5785.1			0.8790196960558393
5786.0			0.9039755448270094
5786.9			0.9441531444658052
5787.8			0.9623167331440007
5788.700000000001			0.9759951722818848
5789.6			0.9761070669890101
5790.5			0.956187314812462
5791.4			0.952389709584864
5792.3			0.9723454562733316
5793.200000000001			0.9861929701993041
5794.1			0.9976957716374731
5795.0			1.0082868422497078
5795.9			1.0005167140614175
5796.8			1.0
5797.700000000001			1.0
5798.6			1.0
5799.5			1.0
5800.4			1.0
5801.3			1.0
5802.200000000001			1.0
5803.1			1.0
5804.0			1.0
5804.9			1.0
5805.8			1.0
5806.700000000001			1.0
5807.6			1.0
5808.5			1.0
5809.4			1.0
5810.3			1.0
5811.200000000001			1.0
5812.1			1.0
5813.0			1.0
5813.9			1.0
5814.8			1.0
5815.700000000001			1.0
5816.6			1.0
5817.5			1.0
5818.4			1.0
5819.3			1.0
5820.200000000001			1.0
5821.1			1.0
5822.0			1.0
5822.9			1.0
5823.8			1.0
5824.700000000001			1.0
5825.6			1.0
5826.5			1.0
5827.4			1.0
5828.3			1.0
5829.200000000001			1.0
5830.1			1.0
5831.0			1.0
5831.9			1.0
5832.8			1.0
5833.700000000001			1.0
5834.6			1.0
5835.5			1.0
5836.4			1.0
5837.3			1.0
5838.200000000001			1.0
5839.1			1.0
5840.0			1.0
5840.9			1.0
5841.8			1.0
5842.700000000001			1.0
5843.6			1.0
5844.5			1.0
5845.4			1.0
5846.3			0.9823292468281595
5847.200000000001			0.9737053373492917
5848.1			0.9751023186304927
5849.0			0.9813304368268129
5849.9			0.9883137781058129
5850.8			0.9887294935040475
5851.700000000001			0.9746944148182659
5852.6			0.9496608200101706
5853.5			0.9365343508306506
5854.4			0.9466222710968143
5855.3			0.9600647800859982
5856.200000000001			0.9452464892389807
5857.1			0.9088925055930975
5858.0			0.8974669885184274
5858.9			0.9192962489308849
5859.8			0.9442016929329403
5860.700000000001			0.9597108981477884
5861.6			0.9598148252278501
5862.5			0.9631780908916113
5863.4			0.9730922402862109
5864.3			0.980464887527658
5865.200000000001			0.9773228055409666
5866.1			0.9627239815668122
5867.0			0.9549362427910009
5867.9			0.966161693602184
5868.8			0.9845640869972898
5869.700000000001			0.9999895055575216
5870.6			1.0
5871.5			1.0
5872.4			1.0
5873.3			1.0
5874.200000000001			1.0
5875.1			1.0
5876.0			1.0
5876.9			1.0
5877.8			1.0
5878.700000000001			1.0
5879.6			1.0
5880.5			0.9988336467206498
5881.4			1.0127223777722445
5882.3			1.0165617671957423
5883.200000000001			1.0023677895320702
5884.1			0.9933881986648343
5885.0			1.0082102587497137
5885.9			1.029982960108811
5886.8			1.0321390948936162
5887.700000000001			0.9928596420166856
5888.6			0.8825124382700283
5889.5			0.7581142558456889
5890.4			0.7475512862313214
5891.3			0.8393764455317886
5892.200000000001			0.9122595242602738
5893.1			0.9422759050801268
5894.0			0.9431741604857846
5894.9			0.8833733869893022
5895.8			0.8176281687989967
5896.700000000001			0.849859559912905
5897.6			0.9365973204029391
5898.5			0.9808268458301883
5899.4			0.9887108090555388
5900.3			1.0001493142763247
5901.200000000001			1.0
5902.1			1.0
5903.0			1.0
5903.9			1.0
5904.8			1.0
5905.700000000001			1.0
5906.6			1.0
5907.5			1.0
5908.4			1.0
5909.3			1.0
5910.200000000001			1.0
5911.1			1.0
5912.0			1.0
5912.9			1.0
5913.8			1.0
5914.700000000001			1.0
5915.6			1.0
5916.5			1.0
5917.4			1.0
5918.3			1.0
5919.200000000001			1.0
5920.1			1.0
5921.0			1.0
5921.9			1.0
5922.8			1.0
5923.700000000001			1.0
5924.6			1.0
5925.5			1.0
5926.4			1.0
5927.3			1.0
5928.200000000001			1.0
5929.1			1.0
5930.0			1.0
5930.9			1.0
5931.8			1.0
5932.700000000001			1.0
5933.6			1.0
5934.5			1.0
5935.4			1.0
5936.3			1.0
5937.200000000001			1.0
5938.1			1.0
5939.0			1.0
5939.9			1.0
5940.8			1.0
5941.700000000001			1.0
5942.6			1.0
5943.5			1.0
5944.4			1.0
5945.3			1.0
5946.200000000001			1.0
5947.1			1.0
5948.0			1.0
5948.9			1.0
5949.8			1.0
5950.700000000001			1.0
5951.6			1.0
5952.5			1.0
5953.4			1.0
5954.3			1.0
5955.200000000001			1.0
5956.1			1.0
5957.0			1.0
5957.9			1.0
5958.8			1.0
5959.700000000001			1.0
5960.6			1.0
5961.5			1.0
5962.4			1.0
5963.3			1.0
5964.200000000001			1.0
5965.1			1.0
5966.0			1.0
5966.9			1.0
5967.8			1.0
5968.700000000001			1.0
5969.6			1.0
5970.5			1.0
5971.4			1.0
5972.3			1.0
5973.200000000001			1.0
5974.1			1.0
5975.0			1.0
5975.9			1.0
5976.8			1.0
5977.700000000001			1.0
5978.6			1.0
5979.5			1.0
5980.4			1.0
5981.3			1.0
5982.200000000001			1.0
5983.1			1.0
5984.0			1.0
5984.9			1.0
5985.8			1.0
5986.700000000001			1.0
5987.6			1.0
5988.5			1.0
5989.4			1.0
5990.3			1.0
5991.200000000001			1.0
5992.1			1.0
5993.0			1.0
5993.9			1.0
5994.8			1.0
5995.700000000001			1.0
5996.6			1.0
5997.5			1.0
5998.4			1.0
5999.3			1.0270616860567892
6000.200000000001			1.0421638028351974
6001.1			1.0353784346433101
6002.0			1.017336098324837
6002.9			1.0039079103429647
6003.8			1.0066131465036652
6004.700000000001			1.0138731155118799
6005.6			1.0076154488160034
6006.5			0.9865310608001703
6007.4			0.9552675075466697
6008.3			0.9449872024584917
6009.200000000001			0.9749975895673119
6010.1			1.013997050395046
6011.0			1.0270273043760176
6011.9			1.0046542785153965
6012.8			0.9718730615805673
6013.700000000001			0.9714276766753802
6014.6			0.9945151948828728
6015.5			0.9985681174765543
6016.4			0.9914489842268525
6017.3			1.0001680498990058
6018.200000000001			1.0
6019.1			1.0
6020.0			1.0
6020.9			1.0
6021.8			1.0
6022.700000000001			1.0
6023.6			1.0
6024.5			1.0
6025.4			1.0
6026.3			1.0
6027.200000000001			1.0
6028.1			1.0
6029.0			1.0
6029.9			1.0
6030.8			1.0
6031.700000000001			1.0
6032.6			1.0
6033.5			1.0
6034.4			1.0
6035.3			1.0
6036.200000000001			1.0
6037.1			1.0
6038.0			1.0
6038.9			1.0
6039.8			1.0
6040.700000000001			1.0
6041.6			1.0
6042.5			1.0
6043.4			1.0
6044.3			1.0
6045.200000000001			1.0
6046.1			1.0
6047.0			1.0
6047.9			1.0
6048.8			1.0
6049.700000000001			1.0
6050.6			1.0
6051.5			1.0
6052.4			1.0
6053.3			1.0
6054.200000000001			1.0
6055.1			1.0
6056.0			1.0
6056.9			1.0
6057.8			1.0
6058.700000000001			1.0
6059.6			1.0
6060.5			1.0
6061.4			1.0
6062.3			1.0
6063.200000000001			1.0
6064.1			1.0
6065.0			1.0
6065.9			1.0
6066.8			1.0
6067.700000000001			1.0
6068.6			1.0
6069.5			1.0
6070.4			1.0
6071.3			1.0
6072.200000000001			1.0
6073.1			1.0
6074.0			1.0
6074.9			1.0
6075.8			1.0
6076.700000000001			1.0
6077.6			1.0
6078.5			1.0
6079.4			1.0
6080.3			1.0
6081.200000000001			1.0
6082.1			1.0
6083.0			1.0
6083.9			1.0
6084.8			1.0
6085.700000000001			1.0
6086.6			1.0
6087.5			1.0
6088.4			1.0
6089.3			1.0
6090.200000000001			1.0
6091.1			1.0
6092.0			1.0
6092.9			1.0
6093.8			1.0
6094.700000000001			1.0
6095.6			1.0
6096.5			1.0
6097.4			1.0
6098.3			1.0
6099.200000000001			1.0
6100.1			1.006683852979588
6101.0			0.9797883795956752
6101.9			0.9188904169541424
6102.8			0.8862954580185922
6103.700000000001			0.9250124735649122
6104.6			0.9803028118393927
6105.5			1.0000044500114262
6106.4			1.0
6107.3			1.0
6108.200000000001			1.0
6109.1			1.0
6110.0			1.0
6110.9			1.0
6111.8			1.0
6112.700000000001			1.0
6113.6			1.0
6114.5			1.0
6115.4			1.0
6116.3			1.0
6117.200000000001			1.0
6118.1			1.0
6119.0			1.0
6119.9			1.0
6120.8			1.0
6121.700000000001			1.0
6122.6			1.0
6123.5			1.0
6124.4			1.0
6125.3			1.0
6126.200000000001			1.0
6127.1			1.0
6128.0			1.0
6128.9			1.0
6129.8			1.0
6130.700000000001			1.0
6131.6			1.0
6132.5			1.0
6133.4			1.0069553362201094
6134.3			0.9970495571293106
6135.200000000001			0.9566454714128574
6136.1			0.8886079358231902
6137.0			0.8435497261605998
6137.9			0.8759268397549256
6138.8			0.959163251434029
6139.700000000001			1.0144241733307768
6140.6			0.9997292329531328
6141.5			1.0
6142.4			1.0
6143.3			1.0
6144.200000000001			1.0
6145.1			1.0
6146.0			1.0
6146.9			1.0
6147.8			1.0
6148.700000000001			1.0
6149.6			1.0
6150.5			1.0
6151.4			1.0
6152.3			1.0
6153.200000000001			1.0
6154.1			1.0
6155.0			1.0
6155.9			1.0
6156.8			1.00408304866663
6157.700000000001			1.0050037500639772
6158.6			1.0135689642921393
6159.5			1.0066206276773662
6160.4			0.9581878480816224
6161.3			0.8951784624316916
6162.200000000001			0.8703725323010691
6163.1			0.892608255926533
6164.0			0.9333758127701285
6164.9			0.964219123512497
6165.8			0.9772412954514282
6166.700000000001			0.9925363759201931
6167.6			0.999885123845918
6168.5			1.0
6169.4			1.0
6170.3			1.0
6171.200000000001			1.0
6172.1			1.0
6173.0			1.0
6173.9			1.0
6174.8			1.0
6175.700000000001			1.0
6176.6			1.0
6177.5			1.0
6178.4			1.0
6179.3			1.0
6180.200000000001			1.0
6181.1			1.0
6182.0			1.0
6182.9			1.0
6183.8			1.0
6184.700000000001			1.0
6185.6			1.0
6186.5			1.0
6187.4			1.0
6188.3			1.0
6189.200000000001			1.0
6190.1			1.0
6191.0			1.0
6191.9			1.0
6192.8			1.0
6193.700000000001			1.0
6194.6			1.0
6195.5			1.0
6196.4			1.0
6197.3			1.0
6198.200000000001			1.0
6199.1			1.0
6200.0			1.0
6200.9			1.0
6201.8			1.0
6202.700000000001			1.0
6203.6			1.0
6204.5			1.0
6205.4			1.0
6206.3			1.0
6207.200000000001			1.0
6208.1			1.0
6209.0			1.0
6209.9			1.0
6210.8			1.0
6211.700000000001			1.0
6212.6			1.0
6213.5			1.0
6214.4			1.0
6215.3			1.0
6216.200000000001			1.0
6217.1			1.0
6218.0			1.0
6218.9			1.0
6219.8			1.0
6220.700000000001			1.0
6221.6			1.0
6222.5			1.0
6223.4			1.0
6224.3			1.0
6225.200000000001			0.9973622538368008
6226.1			0.9963721409425706
6227.0			0.9904455090423598
6227.9			0.9874959297235949
6228.8			0.967356612045048
6229.700000000001			0.9236292874638
6230.6			0.8967495994706424
6231.5			0.9094907874015532
6232.4			0.9350282777936674
6233.3			0.9611541681090869
6234.200000000001			0.9912850927018023
6235.1			1.0070103827337582
6236.0			0.9999026885441762
6236.9			1.0
6237.8			1.0
6238.700000000001			1.0
6239.6			1.0
6240.5			1.0
6241.4			1.0
6242.3			0.9886334290843926
6243.200000000001			0.9647636866273988
6244.1			0.9627507468084361
6245.0			0.969689040270569
6245.9			0.9706642383575047
6246.8			0.9795300631221172
6247.700000000001			1.0019438125449016
6248.6			1.0167962839460085
6249.5			1.0174731400573973
6250.4			1.0112733179919373
6251.3			0.9844788129411697
6252.200000000001			0.9456118448624219
6253.1			0.9244930644467583
6254.0			0.9237638614939296
6254.9			0.9310891857709346
6255.8			0.9357961216854
6256.700000000001			0.9351163177548475
6257.6			0.9253934871184138
6258.5			0.9207187090166432
6259.4			0.9423837699668285
6260.3			0.9682919183964681
6261.200000000001			0.9802583248102267
6262.1			0.992909123886492
6263.0			1.0066860579784633
6263.9			1.000966994519039
6264.8			1.0
6265.700000000001			1.0
6266.6			1.0
6267.5			1.0
6268.4			1.0
6269.3			1.0
6270.200000000001			1.0
6271.1			1.0
6272.0			1.0
6272.9			1.0
6273.8			1.0
6274.700000000001			1.0
6275.6			1.0
6276.5			1.0
6277.4			1.0
6278.3			1.0
6279.200000000001			1.0
6280.1			1.0
6281.0			1.0
6281.9			1.0
6282.8			1.0
6283.700000000001			1.0
6284.6			1.0
6285.5			1.0
6286.4			1.0
6287.3			1.0
6288.200000000001			1.0
6289.1			1.0
6290.0			1.0
6290.9			1.0
6291.8			1.0
6292.700000000001			1.0
6293.6			1.0
6294.5			1.0
6295.4			1.0
6296.3			1.0
6297.200000000001			1.0
6298.1			1.0
6299.0			1.0
6299.9			1.0
6300.8			1.0
6301.700000000001			1.0
6302.6			1.0
6303.5			1.0
6304.4			1.0
6305.3			1.0
6306.200000000001			1.0
6307.1			1.0
6308.0			1.0
6308.9			1.0
6309.8			1.0
6310.700000000001			1.0
6311.6			1.0
6312.5			1.0
6313.4			1.0
6314.3			1.0
6315.200000000001			1.0
6316.1			1.0
6317.0			1.0
6317.9			1.0
6318.8			1.0
6319.700000000001			1.0
6320.6			1.0
6321.5			1.0
6322.4			1.0
6323.3			1.0
6324.200000000001			1.0
6325.1			1.0
6326.0			1.0
6326.9			1.0
6327.8			1.0
6328.700000000001			1.0
6329.6			1.0
6330.5			1.0
6331.4			1.0
6332.3			1.0
6333.200000000001			1.0
6334.1			1.0
6335.0			1.0
6335.9			1.0
6336.8			1.0
6337.700000000001			1.0
6338.6			1.0
6339.5			1.0
6340.4			1.0
6341.3			1.0
6342.200000000001			1.0
6343.1			1.0
6344.0			1.0
6344.9			1.0
6345.8			1.0
6346.700000000001			1.0
6347.6			1.0
6348.5			1.0
6349.4			1.0
6350.3			1.0
6351.200000000001			1.0
6352.1			1.0
6353.0			1.0
6353.9			1.0
6354.8			1.0
6355.700000000001			1.0
6356.6			1.0
6357.5			1.0
6358.4			1.0
6359.3			1.0
6360.200000000001			1.0
6361.1			1.0
6362.0			1.0
6362.9			1.0
6363.8			1.0
6364.700000000001			1.0
6365.6			1.0
6366.5			1.0
6367.4			1.0
6368.3			1.0
6369.200000000001			1.0
6370.1			1.0
6371.0			1.0
6371.9			1.0
6372.8			1.0
6373.700000000001			1.0
6374.6			1.0
6375.5			1.0
6376.4			1.0
6377.3			1.0
6378.200000000001			1.0
6379.1			1.0
6380.0			1.0
6380.9			1.0
6381.8			1.0
6382.700000000001			1.0
6383.6			1.0
6384.5			1.0
6385.4			1.0
6386.3			1.0
6387.200000000001			1.0
6388.1			1.0
6389.0			1.0
6389.9			1.0
6390.8			1.0
6391.700000000001			1.0
6392.6			1.0
6393.5			1.0
6394.4			1.0
6395.3			1.0
6396.200000000001			1.0218933347805492
6397.1			1.0262726231332095
6398.0			1.0110977506939232
6398.9			0.9612656527132954
6399.8			0.9049014600563308
6400.700000000001			0.9056791747057059
6401.6			0.9551165760395465
6402.5			0.9890760245834314
6403.4			0.9957321885254138
6404.3			1.0
6405.200000000001			1.0
6406.1			1.0
6407.0			1.0
6407.9			1.0
6408.8			1.0
6409.700000000001			1.0
6410.6			1.0
6411.5			1.0
6412.4			1.0
6413.3			1.0
6414.200000000001			1.0
6415.1			1.0
6416.0			1.0
6416.9			1.0
6417.8			1.0
6418.700000000001			1.0
6419.6			1.0
6420.5			1.0
6421.4			1.0
6422.3			1.0
6423.200000000001			1.0
6424.1			1.0
6425.0			1.0
6425.9			1.0
6426.8			1.0
6427.700000000001			1.0
6428.6			1.0
6429.5			1.0
6430.4			1.0
6431.3			1.0
6432.200000000001			1.0
6433.1			1.0
6434.0			1.0
6434.9			1.0
6435.8			1.0
6436.700000000001			1.0
6437.6			1.0
6438.5			1.0
6439.4			1.0
6440.3			1.0
6441.200000000001			1.0
6442.1			1.0
6443.0			1.0
6443.9			1.0
6444.8			1.0
6445.700000000001			1.0
6446.6			1.0
6447.5			0.9927800830162155
6448.4			0.9570444618920556
6449.3			0.8960245134866294
6450.200000000001			0.8703184003124033
6451.1			0.9098403920096507
6452.0			0.9674362495235559
6452.9			0.9995415398738419
6453.8			1.0
6454.700000000001			1.0
6455.6			1.0
6456.5			1.0
6457.4			1.0
6458.3			1.0
6459.200000000001			1.0
6460.1			1.0
6461.0			1.0
6461.9			1.0
6462.8			1.0
6463.700000000001			1.0
6464.6			1.0
6465.5			1.0
6466.4			1.0
6467.3			1.0
6468.200000000001			1.0
6469.1			1.0
6470.0			1.0
6470.9			1.0
6471.8			1.0
6472.700000000001			1.0
6473.6			1.0
6474.5			1.0
6475.4			1.0
6476.3			1.0
6477.200000000001			1.0
6478.1			1.0
6479.0			1.0
6479.9			1.0
6480.8			1.0
6481.700000000001			1.0
6482.6			1.0
6483.5			1.0
6484.4			1.0
6485.3			1.0
6486.200000000001			1.0
6487.1			1.0011291442688621
6488.0			1.0002973579152414
6488.9			1.001092421211738
6489.8			0.9973120346605346
6490.700000000001			0.9825783819359538
6491.6			0.9722575234387023
6492.5			0.9604386957440372
6493.4			0.9153827706614501
6494.3			0.8531952442993114
6495.200000000001			0.8289062204245887
6496.1			0.8496915223153434
6497.0			0.8862524230964814
6497.9			0.9172280943245094
6498.8			0.9264969072472313
6499.700000000001			0.9351544973125256
6500.6			0.9622629849928672
6501.5			0.9845519012031307
6502.4			0.9933402800275477
6503.3			1.000572141966545
6504.200000000001			1.0
6505.1			1.0
6506.0			1.0
6506.9			1.0
6507.8			1.0
6508.700000000001			1.0
6509.6			1.0
6510.5			1.0
6511.4			1.0
6512.3			1.0
6513.200000000001			1.0
6514.1			1.0
6515.0			1.0
6515.9			1.0
6516.8			1.0
6517.700000000001			1.0
6518.6			1.0
6519.5			1.0
6520.4			1.0
6521.3			1.0
6522.200000000001			1.0
6523.1			1.0
6524.0			1.0
6524.9			1.0
6525.8			1.0
6526.700000000001			1.0
6527.6			1.0
6528.5			1.0
6529.4			1.0
6530.3			1.0
6531.200000000001			1.0
6532.1			1.0
6533.0			1.0
6533.9			1.0
6534.8			1.0
6535.700000000001			1.0
6536.6			1.0
6537.5			1.0
6538.4			1.0
6539.3			1.0
6540.200000000001			1.0
6541.1			1.0
6542.0			1.0
6542.9			1.0
6543.8			1.0
6544.700000000001			1.0
6545.6			1.0
6546.5			1.0
6547.4			1.0
6548.3			1.0
6549.200000000001			1.0
6550.1			1.0
6551.0			1.0
6551.9			1.0
6552.8			1.0
6553.700000000001			1.0
6554.6			1.0
6555.5			1.0
6556.4			1.0
6557.3			1.0
6558.200000000001			1.0035532642657123
6559.1			0.9890834606845192
6560.0			0.9645680513250106
6560.9			0.8912332621152872
6561.8			0.7349978480327106
6562.700000000001			0.6087029607786533
6563.6			0.6596335817919086
6564.5			0.8230452419196049
6565.4			0.9440003069301006
6566.3			0.9901893377529823
6567.200000000001			0.9987770139536475
6568.1			1.0
6569.0			1.0
6569.9			1.0
6570.8			1.0
6571.700000000001			1.0
6572.6			1.0
6573.5			1.0
6574.4			1.0
6575.3			1.0
6576.200000000001			1.0
6577.1			1.0
6578.0			1.0
6578.9			1.0
6579.8			1.0
6580.700000000001			1.0
6581.6			1.0
6582.5			1.0
6583.4			1.0
6584.3			1.0
6585.200000000001			1.0
6586.1			1.0
6587.0			1.0
6587.9			1.0
6588.8			1.0056556958179703
6589.700000000001			1.0051355791487537
6590.6			1.0018427619044914
6591.5			0.9828363221241135
6592.4			0.9451001422377513
6593.3			0.9204086632540568
6594.200000000001			0.9422464885517124
6595.1			0.9881455057760811
6596.0			1.0128397862549121
6596.9			1.0085043720217965
6597.8			1.0008764345102923
6598.700000000001			1.0
6599.6			1.0
6600.5			1.0
6601.4			1.0
6602.3			1.0
6603.200000000001			1.0
6604.1			1.0
6605.0			1.0
6605.9			1.0
6606.8			1.0
6607.700000000001			1.0
6608.6			1.0
6609.5			1.0
6610.4			1.0
6611.3			1.0
6612.200000000001			1.0
6613.1			1.0
6614.0			1.0
6614.9			1.0
6615.8			1.0
6616.700000000001			1.0
6617.6			1.0
6618.5			1.0
6619.4			1.0
6620.3			1.0
6621.200000000001			1.0
6622.1			1.0
6623.0			1.0
6623.9			1.0
6624.8			1.0
6625.700000000001			1.0
6626.6			1.0
6627.5			1.0
6628.4			1.0
6629.3			1.0
6630.200000000001			1.0
6631.1			1.0
6632.0			1.0
6632.9			1.0
6633.8			1.0
6634.700000000001			1.0
6635.6			1.0
6636.5			1.0
6637.4			1.0
6638.3			1.0
6639.200000000001			1.0
6640.1			1.0
6641.0			1.0
6641.9			1.0
6642.8			1.0
6643.700000000001			1.0
6644.6			1.0
6645.5			1.0
6646.4			1.0
6647.3			1.0
6648.200000000001			1.0
6649.1			1.0
6650.0			1.0
6650.9			1.0
6651.8			1.0
6652.700000000001			1.0
6653.6			1.0
6654.5			1.0
6655.4			1.0
6656.3			1.0
6657.200000000001			1.0
6658.1			1.0
6659.0			1.0
6659.9			1.0
6660.8			1.0
6661.700000000001			1.0
6662.6			1.0
6663.5			1.0
6664.4			1.0
6665.3			1.0
6666.200000000001			1.0
6667.1			1.0
6668.0			1.0
6668.9			1.0
6669.8			1.0
6670.700000000001			1.0
6671.6			1.0
6672.5			1.0
6673.4			1.0
6674.3			1.0
6675.200000000001			1.0
6676.1			1.0
6677.0			1.0
6677.9			1.0
6678.8			1.0
6679.700000000001			1.0
6680.6			1.0
6681.5			1.0
6682.4			1.0
6683.3			1.0
6684.200000000001			1.0
6685.1			1.0
6686.0			1.0
6686.9			1.0
6687.8			1.0
6688.700000000001			1.0
6689.6			1.0
6690.5			1.0
6691.4			1.0
6692.3			1.0
6693.200000000001			1.0
6694.1			1.0
6695.0			1.0
6695.9			1.0
6696.8			1.0
6697.700000000001			1.0
6698.6			1.0
6699.5			1.0
6700.4			1.0
6701.3			1.0
6702.200000000001			1.0
6703.1			1.0
6704.0			1.0
6704.9			1.0
6705.8			1.0
6706.700000000001			1.0
6707.6			1.0
6708.5			1.0
6709.4			1.0
6710.3			1.0
6711.200000000001			1.0
6712.1			1.0
6713.0			1.0
6713.9			1.0
6714.8			1.0
6715.700000000001			1.0
6716.6			1.0
6717.5			1.0
6718.4			1.0
6719.3			1.0
6720.200000000001			1.0
6721.1			1.0
6722.0			1.0
6722.9			1.0
6723.8			1.0
6724.700000000001			1.0
6725.6			1.0
6726.5			1.0
6727.4			1.0
6728.3			1.0
6729.200000000001			1.0
6730.1			1.0
6731.0			1.0
6731.9			1.0
6732.8			1.0
6733.700000000001			1.0
6734.6			1.0
6735.5			1.0
6736.4			1.0
6737.3			1.0
6738.200000000001			1.0
6739.1			1.0
6740.0			1.0
6740.9			1.0
6741.8			1.0
6742.700000000001			1.0
6743.6			1.0
6744.5			1.0
6745.4			1.0
6746.3			1.0
6747.200000000001			1.0
6748.1			1.0
6749.0			1.0
6749.9			1.0
6750.8			1.0
6751.700000000001			1.0
6752.6			1.0
6753.5			1.0
6754.4			1.0
6755.3			1.0
6756.200000000001			1.0
6757.1			1.0
6758.0			1.0
6758.9			1.0
6759.8			1.0
6760.700000000001			1.0
6761.6			1.0
6762.5			1.0
6763.4			1.0
6764.3			1.0
6765.200000000001			1.0
6766.1			1.0
6767.0			1.0
6767.9			1.0
6768.8			1.0
6769.700000000001			1.0
6770.6			1.0
6771.5			1.0
6772.4			1.0
6773.3			1.0
6774.200000000001			1.0
6775.1			1.0
6776.0			1.0
6776.9			1.0
6777.8			1.0
6778.700000000001			1.0
6779.6			1.0
6780.5			1.0
6781.4			1.0
6782.3			1.0
6783.200000000001			1.0
6784.1			1.0
6785.0			1.0
6785.9			1.0
6786.8			1.0
6787.700000000001			1.0
6788.6			1.0
6789.5			1.0
6790.4			1.0
6791.3			1.0
6792.200000000001			1.0
6793.1			1.0
6794.0			1.0
6794.9			1.0
6795.8			1.0
6796.700000000001			1.0
6797.6			1.0
6798.5			1.0
6799.4			1.0
6800.3			1.0
6801.200000000001			1.0
6802.1			1.0
6803.0			1.0
6803.9			1.0
6804.8			1.0
6805.700000000001			1.0
6806.6			1.0
6807.5			1.0
6808.4			1.0
6809.3			1.0
6810.200000000001			1.0
6811.1			1.0
6812.0			1.0
6812.9			1.0
6813.8			1.0
6814.700000000001			1.0
6815.6			1.0
6816.5			1.0
6817.4			1.0
6818.3			1.0
6819.200000000001			1.0
6820.1			1.0
6821.0			1.0
6821.9			1.0
6822.8			1.0
6823.700000000001			1.0
6824.6			1.0
6825.5			1.0
6826.4			1.0
6827.3			1.0
6828.200000000001			1.0
6829.1			1.0
6830.0			1.0
6830.9			1.0
6831.8			1.0
6832.700000000001			1.0
6833.6			1.0
6834.5			1.0
6835.4			1.0
6836.3			1.0
6837.200000000001			1.0
6838.1			1.0
6839.0			1.0
6839.9			1.0
6840.8			1.0
6841.700000000001			1.0
6842.6			1.0
6843.5			1.0
6844.4			1.0
6845.3			1.0
6846.200000000001			1.0
6847.1			1.0
6848.0			1.0
6848.9			1.0
6849.8			1.0
6850.700000000001			1.0
6851.6			1.0
6852.5			1.0
6853.4			1.0
6854.3			1.0
6855.200000000001			1.0
6856.1			1.0
6857.0			1.0
6857.9			1.0
6858.8			1.0
6859.700000000001			1.0
6860.6			1.0
6861.5			1.0
6862.4			1.0
6863.3			1.0
6864.200000000001			1.0
6865.1			1.0
6866.0			1.0
6866.9			1.0
6867.8			1.0
6868.700000000001			1.0
6869.6			1.0
6870.5			1.0
6871.4			1.0
6872.3			1.0
6873.200000000001			1.0
6874.1			1.0
6875.0			1.0
6875.9			1.0
6876.8			1.0
6877.700000000001			1.0
6878.6			1.0
6879.5			1.0
6880.4			1.0
6881.3			1.0
6882.200000000001			1.0
6883.1			1.0
6884.0			1.0
6884.9			1.0
6885.8			1.0
6886.700000000001			1.0
6887.6			1.0
6888.5			1.0
6889.4			1.0
6890.3			1.0
6891.200000000001			1.0
6892.1			1.0
6893.0			1.0
6893.9			1.0
6894.8			1.0
6895.700000000001			1.0
6896.6			1.0
6897.5			1.0
6898.4			1.0
6899.3			1.0
6900.200000000001			1.0
6901.1			1.0
6902.0			1.0
6902.9			1.0
6903.8			1.0
6904.700000000001			1.0
6905.6			1.0
6906.5			1.0
6907.4			1.0
6908.3			1.0
6909.200000000001			1.0
6910.1			1.0
6911.0			1.0
6911.9			1.0
6912.8			1.0
6913.700000000001			1.0
6914.6			1.0
6915.5			1.0
6916.4			1.0
6917.3			1.0
6918.200000000001			1.0
6919.1			1.0
6920.0			1.0
6920.9			1.0
6921.8			1.0
6922.700000000001			1.0
6923.6			1.0
6924.5			1.0
6925.4			1.0
6926.3			1.0
6927.200000000001			1.0
6928.1			1.0
6929.0			1.0
6929.9			1.0
6930.8			1.0
6931.700000000001			1.0
6932.6			1.0
6933.5			1.0
6934.4			1.0
6935.3			1.0
6936.200000000001			1.0
6937.1			1.0
6938.0			1.0
6938.9			1.0
6939.8			1.0
6940.700000000001			1.0
6941.6			1.0
6942.5			1.0
6943.4			1.0
6944.3			1.0
6945.200000000001			1.0
6946.1			1.0
6947.0			1.0
6947.9			1.0
6948.8			1.0
6949.700000000001			1.0
6950.6			1.0
6951.5			1.0
6952.4			1.0
6953.3			1.0
6954.200000000001			1.0
6955.1			1.0
6956.0			1.0
6956.9			1.0
6957.8			1.0
6958.700000000001			1.0
6959.6			1.0
6960.5			1.0
6961.4			1.0
6962.3			1.0
6963.200000000001			1.0
6964.1			1.0
6965.0			1.0
6965.9			1.0
6966.8			1.0
6967.700000000001			1.0
6968.6			1.0
6969.5			1.0
6970.4			1.0
6971.3			1.0
6972.200000000001			1.0
6973.1			1.0072634891324335
6974.0			1.0022440814368851
6974.9			0.9848180170941903
6975.8			0.9655839360658398
6976.700000000001			0.9463641136902853
6977.6			0.915979583608344
6978.5			0.889017037915155
6979.4			0.8995699036168171
6980.3			0.939906422987459
6981.200000000001			0.9764059983937146
6982.1			0.9947677365976704
6983.0			1.0007830947650045
6983.9			0.9999880893692502
6984.8			1.0
6985.700000000001			1.0
6986.6			1.0
6987.5			1.0
6988.4			1.0
6989.3			1.0
6990.200000000001			1.0
6991.1			1.0
6992.0			1.0
6992.9			1.0
6993.8			1.0
6994.700000000001			1.0
6995.6			1.0
6996.5			1.0
6997.4			1.0
6998.3			1.0
6999.200000000001			1.0
7000.1			1.0
7001.0			1.0
7001.9			1.0
7002.8			1.0
7003.700000000001			1.0
7004.6			1.0
7005.5			1.0
7006.4			1.0
7007.3			1.0
7008.200000000001			1.0
7009.1			1.0104639449118462
7010.0			1.0149717994638998
7010.9			1.011207112276871
7011.8			1.0056508351885525
7012.700000000001			1.0096600612448758
7013.6			1.017590935251549
7014.5			1.0026779379155437
7015.4			0.962875469951114
7016.3			0.9382698690224414
7017.200000000001			0.9647919421064161
7018.1			1.0170348973239174
7019.0			1.0533878396424943
7019.9			1.0670300708400642
7020.8			1.0652470230605446
7021.700000000001			1.0487659215402414
7022.6			1.0201240436472234
7023.5			1.0034186487298087
7024.4			1.0
7025.3			1.0
7026.200000000001			1.0
7027.1			1.0
7028.0			1.0
7028.9			1.0
7029.8			1.0
7030.700000000001			1.0
7031.6			1.0
7032.5			1.0
7033.4			1.0
7034.3			1.0
7035.200000000001			1.0
7036.1			1.0
7037.0			1.0
7037.9			1.0
7038.8			1.0
7039.700000000001			1.0
7040.6			1.0
7041.5			1.0
7042.4			1.0
7043.3			1.0
7044.200000000001			1.0
7045.1			1.0
7046.0			1.0
7046.9			1.0
7047.8			1.0
7048.700000000001			1.0
7049.6			1.0
7050.5			1.0
7051.4			1.0
7052.3			1.0
7053.200000000001			1.0
7054.1			1.0
7055.0			1.0
7055.9			1.0
7056.8			1.0
7057.700000000001			1.0
7058.6			1.0
7059.5			1.0
7060.4			1.0
7061.3			1.0
7062.200000000001			1.0
7063.1			1.0
7064.0			1.0
7064.9			1.0
7065.8			1.0
7066.700000000001			1.0
7067.6			1.0
7068.5			1.0
7069.4			1.0
7070.3			1.0
7071.200000000001			1.0
7072.1			1.0
7073.0			1.0
7073.9			1.0
7074.8			1.0
7075.700000000001			1.0
7076.6			1.0
7077.5			1.0
7078.4			1.0
7079.3			1.0
7080.200000000001			1.0
7081.1			1.0
7082.0			1.0
7082.9			1.0
7083.8			1.0
7084.700000000001			1.0
7085.6			1.0
7086.5			1.0
7087.4			1.0
7088.3			1.0
7089.200000000001			1.0
7090.1			1.0
7091.0			1.0
7091.9			1.0
7092.8			1.0
7093.700000000001			1.0
7094.6			1.0
7095.5			1.0
7096.4			1.0
7097.3			1.0
7098.200000000001			1.0
7099.1			1.0
7100.0			1.0
7100.9			1.0
7101.8			1.0
7102.700000000001			1.0
7103.6			1.0
7104.5			1.0
7105.4			1.0
7106.3			1.0
7107.200000000001			1.0
7108.1			1.0
7109.0			1.0
7109.9			1.0
7110.8			1.0
7111.700000000001			1.0
7112.6			1.0
7113.5			1.0
7114.4			1.0
7115.3			1.0
7116.200000000001			1.0
7117.1			1.0
7118.0			1.0
7118.9			1.0
7119.8			1.0
7120.700000000001			1.0
7121.6			1.0
7122.5			1.0
7123.4			1.0
7124.3			1.0
7125.200000000001			1.0
7126.1			1.0
7127.0			1.0
7127.9			1.0
7128.8			1.0
7129.700000000001			1.0
7130.6			1.0
7131.5			1.0
7132.4			1.0
7133.3			1.0
7134.200000000001			1.0
7135.1			1.0
7136.0			1.0
7136.9			1.0
7137.8			1.0
7138.700000000001			1.0
7139.6			1.0
7140.5			1.0
7141.4			1.0
7142.3			1.0
7143.200000000001			1.0
7144.1			1.0
7145.0			1.0
7145.9			1.0
7146.8			1.0
7147.700000000001			1.0
7148.6			1.0
7149.5			1.0
7150.4			1.0
7151.3			1.0
7152.200000000001			1.0
7153.1			1.0
7154.0			1.0
7154.9			1.0
7155.8			1.0
7156.700000000001			1.0
7157.6			1.0
7158.5			1.0
7159.4			1.0
7160.3			1.0
7161.200000000001			1.0
7162.1			1.0
7163.0			1.0
7163.9			1.0
7164.8			1.0
7165.700000000001			1.0
7166.6			1.0
7167.5			1.0
7168.4			1.0
7169.3			1.0
7170.200000000001			1.0
7171.1			1.0
7172.0			1.0
7172.9			1.0
7173.8			1.0
7174.700000000001			1.0
7175.6			1.0
7176.5			1.0
7177.4			1.0
7178.3			1.0
7179.200000000001			1.0
7180.1			1.0
7181.0			1.0
7181.9			1.0
7182.8			1.0
7183.700000000001			1.0
7184.6			1.0
7185.5			1.0
7186.4			1.0
7187.3			1.0
7188.200000000001			1.0
7189.1			1.0
7190.0			1.0
7190.9			1.0
7191.8			1.0
7192.700000000001			1.0
7193.6			1.0
7194.5			1.0
7195.4			1.0
7196.3			1.0
7197.200000000001			1.0
7198.1			1.0
7199.0			1.0
7199.9			1.0
7200.8			1.0
7201.700000000001			1.0
7202.6			1.0
7203.5			1.0
7204.4			1.0
7205.3			1.0
7206.200000000001			1.0
7207.1			1.0
7208.0			1.0
7208.9			1.0
7209.8			1.0
7210.700000000001			1.0
7211.6			1.0
7212.5			1.0
7213.4			1.0
7214.3			1.0
7215.200000000001			1.0
7216.1			1.0
7217.0			1.0
7217.9			1.0
7218.8			1.0
7219.700000000001			1.0
7220.6			1.0
7221.5			1.0
7222.4			1.0
7223.3			1.0
7224.200000000001			1.0
7225.1			1.0
7226.0			1.0
7226.9			1.0
7227.8			1.0
7228.700000000001			1.0
7229.6			1.0
7230.5			1.0
7231.4			1.0
7232.3			1.0
7233.200000000001			1.0
7234.1			1.0
7235.0			1.0
7235.9			1.0
7236.8			1.0
7237.700000000001			1.0
7238.6			1.0
7239.5			1.0
7240.4			1.0
7241.3			1.0
7242.200000000001			1.0
7243.1			1.0
7244.0			1.0
7244.9			1.0
7245.8			1.0
7246.700000000001			1.0
7247.6			1.0
7248.5			1.0
7249.4			1.0
7250.3			1.0
7251.200000000001			1.0
7252.1			1.0
7253.0			1.0
7253.9			1.0
7254.8			1.0
7255.700000000001			1.0
7256.6			1.0
7257.5			1.0
7258.4			1.0
7259.3			1.0
7260.200000000001			1.0
7261.1			1.0
7262.0			1.0
7262.9			1.0
7263.8			1.0
7264.700000000001			1.0
7265.6			1.0
7266.5			1.0
7267.4			1.0
7268.3			1.0
7269.200000000001			1.0
7270.1			1.0
7271.0			1.0
7271.9			1.0
7272.8			1.0
7273.700000000001			1.0
7274.6			1.0
7275.5			1.0
7276.4			1.0
7277.3			1.0
7278.200000000001			1.0
7279.1			1.0
7280.0			1.0
7280.9			1.0
7281.8			1.0
7282.700000000001			1.0
7283.6			1.0
7284.5			1.0
7285.4			1.0
7286.3			1.0
7287.200000000001			1.0
7288.1			1.0
7289.0			1.0
7289.9			1.0
7290.8			1.0
7291.700000000001			1.0
7292.6			1.0
7293.5			1.0
7294.4			1.0
7295.3			1.0
7296.200000000001			1.0
7297.1			1.0
7298.0			1.0
7298.9			1.0
7299.8			1.0
7300.700000000001			1.0
7301.6			1.0
7302.5			1.0
7303.4			1.0
7304.3			1.0
7305.200000000001			1.0
7306.1			1.0
7307.0			1.0
7307.9			1.0
7308.8			1.0
7309.700000000001			1.0
7310.6			1.0
7311.5			1.0
7312.4			1.0
7313.3			1.0
7314.200000000001			1.0
7315.1			1.0
7316.0			1.0
7316.9			1.0
7317.8			1.0
7318.700000000001			1.0
7319.6			1.0
7320.5			1.0
7321.4			1.0
7322.3			1.0
7323.200000000001			1.0
7324.1			1.0
7325.0			1.0
7325.9			1.0
7326.8			1.0
7327.700000000001			1.0
7328.6			1.0
7329.5			1.0
7330.4			1.0
7331.3			1.0
7332.200000000001			1.0
7333.1			1.0
7334.0			1.0
7334.9			1.0
7335.8			1.0
7336.700000000001			1.0
7337.6			1.0
7338.5			1.0
7339.4			1.0
7340.3			1.0
7341.200000000001			1.0
7342.1			1.0
7343.0			1.0
7343.9			1.0
7344.8			1.0
7345.700000000001			1.0
7346.6			1.0
7347.5			1.0
7348.4			1.0
7349.3			1.0
7350.200000000001			1.0
7351.1			1.0
7352.0			1.0
7352.9			1.0
7353.8			1.0
7354.700000000001			1.0
7355.6			1.0
7356.5			1.0
7357.4			1.0
7358.3			1.0
7359.200000000001			1.0
7360.1			1.0
7361.0			1.0
7361.9			1.0
7362.8			1.0
7363.700000000001			1.0
7364.6			1.0
7365.5			1.0
7366.4			1.0
7367.3			1.0
7368.200000000001			1.0
7369.1			1.0
7370.0			1.0
7370.9			1.0
7371.8			1.0
7372.700000000001			1.0
7373.6			1.0
7374.5			1.0
7375.4			1.0
7376.3			1.0
7377.200000000001			1.0
7378.1			1.0
7379.0			1.0
7379.9			1.0
7380.8			1.0
7381.700000000001			1.0
7382.6			1.0
7383.5			1.0
7384.4			1.0
7385.3			1.0
7386.200000000001			1.0
7387.1			1.0
7388.0			1.0
7388.9			1.0
7389.8			1.0
7390.700000000001			1.0
7391.6			1.0
7392.5			1.0
7393.4			1.0
7394.3			1.0
7395.200000000001			1.0
7396.1			1.0
7397.0			1.0
7397.9			1.0
7398.8			1.0
7399.700000000001			1.0
7400.6			1.0
7401.5			1.0
7402.4			1.0
7403.3			1.0
7404.200000000001			1.0
7405.1			1.0
7406.0			1.0
7406.9			1.0
7407.8			1.0
7408.700000000001			1.0
7409.6			1.0
7410.5			1.0
7411.4			1.0
7412.3			1.0
7413.200000000001			1.0
7414.1			1.0
7415.0			1.0
7415.9			1.0
7416.8			1.0
7417.700000000001			1.0
7418.6			1.0
7419.5			1.0
7420.4			1.0
7421.3			1.0
7422.200000000001			1.0
7423.1			1.0
7424.0			1.0
7424.9			1.0
7425.8			1.0
7426.700000000001			1.0
7427.6			1.0
7428.5			1.0
7429.4			1.0
