3500.0			1.0
3500.9			1.0
3501.8			1.0
3502.7			1.0
3503.6			1.0
3504.5			1.0
3505.4			1.0
3506.3			1.0
3507.2			1.0
3508.1			1.0
3509.0			1.0
3509.9			1.0
3510.8			1.0
3511.7			1.0
3512.6			1.0
3513.5			1.0
3514.4			1.0
3515.3			1.0
3516.2			1.0
3517.1			1.0
3518.0			1.0
3518.9			1.0
3519.8			1.0
3520.7			1.0
3521.6			1.0
3522.5			1.0
3523.4			1.0
3524.3			1.0
3525.2			1.0
3526.1			1.0
3527.0			1.0
3527.9			1.0
3528.8			1.0
3529.7			1.0
3530.6			1.0
3531.5			1.0
3532.4			1.0
3533.3			1.0
3534.2			1.0
3535.1			1.0
3536.0			1.0
3536.9			1.0
3537.8			1.0
3538.7			1.0
3539.6			1.0
3540.5			1.0
3541.4			1.0
3542.3			1.0
3543.2			1.0
3544.1			1.0
3545.0			1.0
3545.9			1.0
3546.8			1.0
3547.7			1.0
3548.6			1.0
3549.5			1.0
3550.4			1.0
3551.3			1.0
3552.2			1.0
3553.1			1.0
3554.0			1.0
3554.9			1.0
3555.8			1.0
3556.7			1.0
3557.6			1.0
3558.5			1.0
3559.4			1.0
3560.3			1.0
3561.2			1.0
3562.1			1.0
3563.0			1.0
3563.9			1.0
3564.8			1.0
3565.7			1.0
3566.6			1.0
3567.5			1.0
3568.4			1.0
3569.3			1.0
3570.2			1.0
3571.1			1.0
3572.0			1.0
3572.9			1.0
3573.8			1.0
3574.7			1.0
3575.6			1.0
3576.5			1.0
3577.4			1.0
3578.3			1.0
3579.2			1.0
3580.1			1.0
3581.0			1.0
3581.9			1.0
3582.8			1.0
3583.7			1.0
3584.6			1.0
3585.5			1.0
3586.4			1.0
3587.3			1.0
3588.2			1.0
3589.1			1.0
3590.0			1.0
3590.9			1.0
3591.8			1.0
3592.7			1.0
3593.6			1.0
3594.5			1.0
3595.4			1.0
3596.3			1.0
3597.2			1.0
3598.1			1.0
3599.0			1.0
3599.9			1.0
3600.8			1.0
3601.7			1.0
3602.6			1.0
3603.5			1.0
3604.4			1.0
3605.3			1.0
3606.2			1.0
3607.1			1.0
3608.0			1.0
3608.9			1.0
3609.8			1.0
3610.7			1.0
3611.6			1.0
3612.5			1.0
3613.4			1.0
3614.3			1.0
3615.2			1.0
3616.1			1.0
3617.0			1.0
3617.9			1.0
3618.8			1.0
3619.7			1.0
3620.6			1.0
3621.5			1.0
3622.4			1.0
3623.3			1.0
3624.2			1.0
3625.1			1.0
3626.0			1.0
3626.9			1.0
3627.8			1.0
3628.7			1.0
3629.6			1.0
3630.5			1.0
3631.4			1.0
3632.3			1.0
3633.2			1.0
3634.1			1.0
3635.0			1.0
3635.9			1.0
3636.8			1.0
3637.7			1.0
3638.6			1.0
3639.5			1.0
3640.4			1.0
3641.3			1.0
3642.2			1.0
3643.1			1.0
3644.0			1.0
3644.9			1.0
3645.8			1.0
3646.7			1.0
3647.6			1.0
3648.5			1.0
3649.4			1.0
3650.3			1.0
3651.2			1.0
3652.1			1.0
3653.0			1.0
3653.9			1.0
3654.8			1.0
3655.7			1.0
3656.6			1.0
3657.5			1.0
3658.4			1.0
3659.3			1.0
3660.2			1.0
3661.1			1.0
3662.0			1.0
3662.9			1.0
3663.8			1.0
3664.7			1.0
3665.6			1.0
3666.5			1.0
3667.4			1.0
3668.3			1.0
3669.2			1.0
3670.1			1.0
3671.0			1.0
3671.9			1.0
3672.8			1.0
3673.7			1.0
3674.6			1.0
3675.5			1.0
3676.4			1.0
3677.3			1.0
3678.2			1.0
3679.1			1.0
3680.0			1.0
3680.9			1.0
3681.8			1.0
3682.7			1.0
3683.6			1.0
3684.5			1.0
3685.4			1.0
3686.3			1.0
3687.2			1.0
3688.1			1.0
3689.0			1.0
3689.9			1.0
3690.8			1.0
3691.7			1.0
3692.6			1.0
3693.5			1.0
3694.4			1.0
3695.3			1.0
3696.2			1.0
3697.1			1.0
3698.0			1.0
3698.9			1.0
3699.8			1.0
3700.7			1.0
3701.6			1.0
3702.5			1.0
3703.4			1.0
3704.3			1.0
3705.2			1.0
3706.1			1.0
3707.0			1.0
3707.9			1.0
3708.8			1.0
3709.7			1.0
3710.6			1.0
3711.5			1.0
3712.4			1.0
3713.3			1.0
3714.2			1.0
3715.1			1.0
3716.0			1.0
3716.9			1.0
3717.8			1.0
3718.7			1.0
3719.6			1.0
3720.5			1.0
3721.4			1.0
3722.3			1.0
3723.2			1.0
3724.1			1.0
3725.0			1.0
3725.9			1.0
3726.8			1.0
3727.7			1.0
3728.6			1.0
3729.5			1.0
3730.4			1.0
3731.3			1.0
3732.2			1.0
3733.1			1.0
3734.0			1.0
3734.9			1.0
3735.8			1.0
3736.7			1.0
3737.6			1.0
3738.5			1.0
3739.4			1.0
3740.3			1.0
3741.2			1.0
3742.1			1.0
3743.0			1.0
3743.9			1.0
3744.8			1.0
3745.7			1.0
3746.6			1.0
3747.5			1.0
3748.4			1.0
3749.3			1.0
3750.2			1.0
3751.1			1.0
3752.0			1.0
3752.9			1.0
3753.8			1.0
3754.7			1.0
3755.6			1.0
3756.5			1.0
3757.4			1.0
3758.3			1.0
3759.2			1.0
3760.1			1.0
3761.0			1.0
3761.9			1.0
3762.8			1.0
3763.7			1.0
3764.6			1.0
3765.5			1.0
3766.4			1.0
3767.3			1.0
3768.2			1.0
3769.1			1.0
3770.0			1.0
3770.9			1.0
3771.8			1.0
3772.7			1.0
3773.6			1.0
3774.5			1.0
3775.4			1.0
3776.3			1.0
3777.2			1.0
3778.1			1.0
3779.0			1.0
3779.9			1.0
3780.8			1.0
3781.7			1.0
3782.6			1.0
3783.5			1.0
3784.4			1.0
3785.3			1.0
3786.2			1.0
3787.1			1.0
3788.0			1.0
3788.9			1.0
3789.8			1.0
3790.7			1.0
3791.6			1.0
3792.5			1.0
3793.4			1.0
3794.3			1.0
3795.2			1.0
3796.1			1.0
3797.0			1.0
3797.9			1.0
3798.8			1.0
3799.7			1.0
3800.6			1.0
3801.5			1.0
3802.4			1.0
3803.3			1.0
3804.2			1.0
3805.1			1.0
3806.0			1.0
3806.9			1.0
3807.8			1.0
3808.7			1.0
3809.6			1.0
3810.5			1.0
3811.4			1.0
3812.3			1.0
3813.2			1.0
3814.1			1.0
3815.0			1.0
3815.9			1.0
3816.8			1.0
3817.7			1.0
3818.6			1.0
3819.5			1.0
3820.4			1.0
3821.3			1.0
3822.2			1.0
3823.1			1.0
3824.0			1.0
3824.9			1.0
3825.8			1.0
3826.7			1.0
3827.6			1.0
3828.5			1.0
3829.4			1.0
3830.3			1.0
3831.2			1.0
3832.1			1.0
3833.0			1.0
3833.9			1.0
3834.8			1.0
3835.7			1.0
3836.6			1.0
3837.5			1.0
3838.4			1.0
3839.3			1.0
3840.2			1.0
3841.1			1.0
3842.0			1.0
3842.9			1.0
3843.8			1.0
3844.7			1.0
3845.6			1.0
3846.5			1.0
3847.4			1.0
3848.3			1.0
3849.2			1.0
3850.1			1.0
3851.0			1.0
3851.9			1.0
3852.8			1.0
3853.7			1.0
3854.6			1.0
3855.5			1.0
3856.4			1.0
3857.3			1.0
3858.2			1.0
3859.1			1.0
3860.0			1.0
3860.9			1.0
3861.8			1.0
3862.7			1.0
3863.6			1.0
3864.5			1.0
3865.4			1.0
3866.3			1.0
3867.2			1.0
3868.1			1.0
3869.0			1.0
3869.9			1.0
3870.8			1.0
3871.7			1.0
3872.6			1.0
3873.5			1.0
3874.4			1.0
3875.3			1.0
3876.2			1.0
3877.1			1.0
3878.0			1.0
3878.9			1.0
3879.8			1.0
3880.7			1.0
3881.6			1.0
3882.5			1.0
3883.4			1.0
3884.3			1.0
3885.2			1.0
3886.1			1.0
3887.0			1.0
3887.9			1.0
3888.8			1.0
3889.7			1.0
3890.6			1.0
3891.5			1.0
3892.4			1.0
3893.3			1.0
3894.2			1.0
3895.1			1.0
3896.0			1.0
3896.9			1.0
3897.8			1.0
3898.7			1.0
3899.6			1.0
3900.5			1.0
3901.4			1.0
3902.3			1.0
3903.2			1.0
3904.1			1.0
3905.0			1.0
3905.9			1.0
3906.8			1.0
3907.7			1.0
3908.6			1.0
3909.5			1.0
3910.4			1.0
3911.3			1.0
3912.2			1.0
3913.1			1.0
3914.0			1.0
3914.9			1.0
3915.8			1.0
3916.7			1.0
3917.6			1.0
3918.5			1.0
3919.4			1.0
3920.3			1.0
3921.2			1.0
3922.1			1.0
3923.0			1.0
3923.9			1.0
3924.8			1.0
3925.7			1.0
3926.6			1.0
3927.5			1.0
3928.4			1.0
3929.3			1.0
3930.2			1.0
3931.1			1.0
3932.0			1.0
3932.9			1.0
3933.8			1.0
3934.7			1.0
3935.6			1.0
3936.5			1.0
3937.4			1.0
3938.3			1.0
3939.2			1.0
3940.1			1.0
3941.0			1.0
3941.9			1.0
3942.8			1.0
3943.7			1.0
3944.6			1.0
3945.5			1.0
3946.4			1.0
3947.3			1.0
3948.2			1.0
3949.1			1.0
3950.0			1.0
3950.9			1.0
3951.8			1.0
3952.7			1.0
3953.6			1.0
3954.5			1.0
3955.4			1.0
3956.3			1.0
3957.2			1.0
3958.1			1.0
3959.0			1.0
3959.9			1.0
3960.8			1.0
3961.7			1.0
3962.6			1.0
3963.5			1.0
3964.4			1.0
3965.3			1.0
3966.2			1.0
3967.1			1.0
3968.0			1.0
3968.9			1.0
3969.8			1.0
3970.7			1.0
3971.6			1.0
3972.5			1.0
3973.4			1.0
3974.3			1.0
3975.2			1.0
3976.1			1.0
3977.0			1.0
3977.9			1.0
3978.8			1.0
3979.7			1.0
3980.6			1.0
3981.5			1.0
3982.4			1.0
3983.3			1.0
3984.2			1.0
3985.1			1.0
3986.0			1.0
3986.9			1.0
3987.8			1.0
3988.7			1.0
3989.6			1.0
3990.5			1.0
3991.4			1.0
3992.3			1.0
3993.2			1.0
3994.1			1.0
3995.0			1.0
3995.9			1.0
3996.8			1.0
3997.7			1.0
3998.6			1.0
3999.5			1.0
4000.4			1.0
4001.3			1.0
4002.2			1.031574881195823
4003.1			1.0451839917456478
4004.0			0.9557304519530573
4004.9			0.7809885913904311
4005.8			0.6701467795921683
4006.7			0.7263239290196474
4007.6			0.8704163336614661
4008.5			0.972685237700963
4009.4			0.9998504863757256
4010.3			1.0
4011.2			1.0
4012.1			1.0
4013.0			1.0
4013.9			1.0
4014.8			1.0
4015.7			1.0
4016.6			1.0
4017.5			1.0
4018.4			1.0
4019.3			1.0
4020.2			1.0
4021.1			1.0
4022.0			1.0
4022.9			1.0
4023.8			1.0
4024.7			1.0
4025.6			1.0
4026.5			1.0
4027.4			1.0563783746969455
4028.3			1.0681172483488377
4029.2			0.9745265610975059
4030.1			0.7726651097111673
4031.0			0.5901533754409195
4031.9			0.5126062763219871
4032.8			0.481991129135437
4033.7			0.4658524255775106
4034.6			0.5156987699175316
4035.5			0.6609295068809461
4036.4			0.8609447680052184
4037.3			1.0295925050394918
4038.2			1.1009006327433988
4039.1			1.0
4040.0			0.9367418344523194
4040.9			0.878801058784541
4041.8			0.8626875304709257
4042.7			0.8475658349250218
4043.6			0.7440037117989938
4044.5			0.5553749158778695
4045.4			0.39606760880315384
4046.3			0.3700160864089094
4047.2			0.4823933679457639
4048.1			0.6492946326769661
4049.0			0.8062673306128186
4049.9			0.9406044338189777
4050.8			1.0206947514949876
4051.7			1.0259726279943895
4052.6			1.0014151700475873
4053.5			1.0
4054.4			1.0
4055.3			1.0
4056.2			1.0
4057.1			1.0
4058.0			0.9292028176466514
4058.9			0.9442654864839195
4059.8			1.0481360867857659
4060.7			1.109991294635096
4061.6			1.0197369499569677
4062.5			0.797619024489022
4063.4			0.6040197945882331
4064.3			0.6022305521902094
4065.2			0.7697058524605429
4066.1			0.9245436674937991
4067.0			0.9834219793167717
4067.9			1.047572015797577
4068.8			1.1589225688770675
4069.7			1.1758181270703436
4070.6			0.9966781415435199
4071.5			1.0
4072.4			1.0
4073.3			1.0
4074.2			1.0
4075.1			1.009374178949351
4076.0			0.9055933208141731
4076.9			0.7804852131634791
4077.8			0.7379272001187369
4078.7			0.794296541844344
4079.6			0.8986224181226684
4080.5			1.0078116619086304
4081.4			1.0
4082.3			1.0
4083.2			1.0
4084.1			1.0
4085.0			1.0
4085.9			1.0
4086.8			1.0
4087.7			1.0
4088.6			1.0
4089.5			1.0
4090.4			1.0
4091.3			0.9514567280544565
4092.2			0.9260755092721339
4093.1			0.9513077516756846
4094.0			0.9863116548295815
4094.9			0.9338470857981505
4095.8			0.8194750802693671
4096.7			0.7556146738656035
4097.6			0.7651598026224888
4098.5			0.8020048507545814
4099.4			0.820188072380339
4100.3			0.7917411594706679
4101.2			0.7572555097032085
4102.1			0.7864358111059319
4103.0			0.8635560078756443
4103.9			0.9233084801209663
4104.8			0.9684182532495083
4105.7			1.0340352794217504
4106.6			1.0896610360778602
4107.5			1.0939225724235622
4108.4			1.068546792418504
4109.3			1.045228075867203
4110.2			1.0185901373796962
4111.1			0.9864346261360607
4112.0			1.0
4112.9			1.0
4113.8			1.0
4114.7			1.0
4115.6			1.0
4116.5			1.0
4117.4			1.0
4118.3			1.0
4119.2			1.0
4120.1			1.0
4121.0			1.0
4121.9			1.0
4122.8			1.0
4123.7			1.0
4124.6			1.0
4125.5			1.0315595555374273
4126.4			0.9888813779133667
4127.3			0.9316374482416614
4128.2			0.8991276823917754
4129.1			0.8849142649219315
4130.0			0.8574729962004494
4130.9			0.7787806947144598
4131.8			0.6658875411273819
4132.7			0.6053398323937754
4133.6			0.6355963470834101
4134.5			0.7238613463548316
4135.4			0.8435466956017948
4136.3			0.9372853342473716
4137.2			0.95534612091743
4138.1			0.9490626031718398
4139.0			0.960044206360929
4139.9			0.9705633201809073
4140.8			0.949277203783265
4141.7			0.8312964583197212
4142.6			0.6250486448996787
4143.5			0.47992843917064787
4144.4			0.5101528097352116
4145.3			0.6585656239566706
4146.2			0.788423698508541
4147.1			0.8416352867688258
4148.0			0.8481238466725742
4148.9			0.8363358399532422
4149.8			0.8209336894192482
4150.7			0.81362622937554
4151.6			0.8082249351081535
4152.5			0.7985950983465498
4153.4			0.7842270746451112
4154.3			0.7625135519793861
4155.2			0.754028917190446
4156.1			0.7618292557711173
4157.0			0.7760905379824256
4157.9			0.8158191342052911
4158.8			0.8759239092660328
4159.7			0.9262999175771455
4160.6			0.9603429170218245
4161.5			1.000132076258625
4162.4			1.0
4163.3			1.0
4164.2			1.0
4165.1			1.0
4166.0			0.9361708920172865
4166.9			0.8844120325192505
4167.8			0.868289782148633
4168.7			0.9242920829348087
4169.6			1.0022500679641735
4170.5			1.0103447618572514
4171.4			0.9196331859385074
4172.3			0.8030055432441981
4173.2			0.7712801795529756
4174.1			0.8190309607622488
4175.0			0.8611978841605569
4175.9			0.8747002026801383
4176.8			0.8864567421778164
4177.7			0.9178680007442195
4178.6			0.9744729396552613
4179.5			1.0203036409299984
4180.4			1.0008724010409429
4181.3			1.0
4182.2			1.0
4183.1			1.024896290095119
4184.0			1.090789226312458
4184.9			1.1361510345273826
4185.8			1.0830622537341306
4186.7			0.9229011647507522
4187.6			1.0
4188.5			1.0613627518049336
4189.4			1.2062675329586532
4190.3			1.2329222246031943
4191.2			1.1629078552969427
4192.1			1.1562147555269635
4193.0			1.230372231167058
4193.9			1.2358291196450988
4194.8			1.1143325873692138
4195.7			0.9600350272174148
4196.6			0.8494273643168812
4197.5			0.7748178616949899
4198.4			0.7230622519904369
4199.3			0.7218974162739188
4200.2			0.7476583387516675
4201.1			0.7301697173200504
4202.0			0.6966675584924032
4202.9			0.7362851002472164
4203.8			0.8395645929326262
4204.7			0.9369865157752277
4205.6			0.9983625197070334
4206.5			1.020883397054356
4207.4			1.0151281851840526
4208.3			0.9848359420622401
4209.2			1.0
4210.1			0.9221530541105902
4211.0			0.921733689975511
4211.9			0.9829478220900529
4212.8			0.9972806998731377
4213.7			0.9195940219658216
4214.6			0.7995548061021981
4215.5			0.7152309839447223
4216.4			0.7445878564668869
4217.3			0.8684399519056478
4218.2			0.970360141702757
4219.1			0.9964505746622402
4220.0			0.98633959932799
4220.9			0.9502793943000799
4221.8			0.857558692741158
4222.7			0.725248301092396
4223.6			0.5946746504665295
4224.5			0.46207512071830004
4225.4			0.3246514450596532
4226.3			0.22227138472322436
4227.2			0.20751008971682358
4228.1			0.29202043074006623
4229.0			0.43457414251479753
4229.9			0.5906217507000887
4230.8			0.7254958463879536
4231.7			0.7868012338576579
4232.6			0.7595355386175137
4233.5			0.712714075288995
4234.4			0.6928302286032404
4235.3			0.669155142986762
4236.2			0.6549805601035764
4237.1			0.697799936281764
4238.0			0.7549511024263974
4238.9			0.7696663031945339
4239.8			0.7769627038245893
4240.7			0.8213586448884654
4241.6			0.8754555141875148
4242.5			0.9039492710136979
4243.4			0.9394990164453604
4244.3			1.0
4245.2			1.0359638226036523
4246.1			0.9872374194020974
4247.0			0.888440094953222
4247.9			0.8014878470906085
4248.8			0.7305859239246507
4249.7			0.637193120297587
4250.6			0.5653821270609486
4251.5			0.5995634949035481
4252.4			0.6638542077981809
4253.3			0.6175949155285068
4254.2			0.5146358349692747
4255.1			0.5382167151521314
4256.0			0.7234238579227443
4256.9			0.9071625286477402
4257.8			0.9414167785159951
4258.7			0.8348251943978144
4259.6			0.6840313878119225
4260.5			0.595881986132209
4261.4			0.6526738162382268
4262.3			0.8262412008495676
4263.2			0.997211809851387
4264.1			1.0
4265.0			1.0274051953830092
4265.9			1.0245906331655752
4266.8			0.9871669208248893
4267.7			0.9198757887205302
4268.6			0.852985225660916
4269.5			0.7642531633188306
4270.4			0.6163244896589833
4271.3			0.46882478650806686
4272.2			0.4244791348506761
4273.1			0.4636617020753978
4274.0			0.4787022324232878
4274.9			0.48863993230101216
4275.8			0.6007674343955202
4276.7			0.7935425805080338
4277.6			0.9609144550862309
4278.5			1.0346983511792125
4279.4			1.0
4280.3			0.9056232375215034
4281.2			0.8502033370785247
4282.1			0.8330170260304746
4283.0			0.8402674643997817
4283.9			0.8797899103415134
4284.8			0.9008280829368824
4285.7			0.8747876801681537
4286.6			0.847814573319918
4287.5			0.8127555266953258
4288.4			0.7107098946831012
4289.3			0.5625603179335708
4290.2			0.49141310667557797
4291.1			0.5683346394430382
4292.0			0.7168540120740075
4292.9			0.8044590392831164
4293.8			0.7850752112682948
4294.7			0.7541499242091266
4295.6			0.7870720381832307
4296.5			0.8132754450612267
4297.4			0.7583846257300187
4298.3			0.6400881529087435
4299.2			0.525454528557057
4300.1			0.48657005132364534
4301.0			0.5245306414001165
4301.9			0.5688639516266564
4302.8			0.5932940545304523
4303.7			0.6209424827557694
4304.6			0.6257233954746197
4305.5			0.5712696075433271
4306.4			0.4827417104573504
4307.3			0.40476997304630113
4308.2			0.37323962099486707
4309.1			0.41208783148568023
4310.0			0.4991622485199616
4310.9			0.5889529558819259
4311.8			0.6625350467766047
4312.7			0.7264789622713764
4313.6			0.7747637824154828
4314.5			0.8216258856598945
4315.4			0.926012218602789
4316.3			1.0682613014857814
4317.2			1.131412383418696
4318.1			1.0886574933793074
4319.0			1.0
4319.9			0.9853355483118744
4320.8			0.973901105291401
4321.7			0.943400012064305
4322.6			0.8658825712716116
4323.5			0.7159563774664262
4324.4			0.5386526115261221
4325.3			0.42120591962749804
4326.2			0.4405462371206327
4327.1			0.6106991138809702
4328.0			0.8328229184231603
4328.9			0.9768146354843779
4329.8			1.0
4330.7			0.9868410959184649
4331.6			0.995989544838744
4332.5			1.0238291468772915
4333.4			1.047078118956412
4334.3			1.066387556918434
4335.2			1.0638745040899062
4336.1			0.9831050867101291
4337.0			0.8335320270282626
4337.9			0.7170331425699933
4338.8			0.6771400903866681
4339.7			0.6712482569635961
4340.6			0.7040277071605533
4341.5			0.7895937082757717
4342.4			0.862402251492959
4343.3			0.8616010189915262
4344.2			0.8405043444638179
4345.1			0.8687104848434477
4346.0			1.0
4346.9			1.0159724522813267
4347.8			1.0467346633734207
4348.7			1.1096408388142385
4349.6			1.1153632844457961
4350.5			0.9722109637101248
4351.4			0.7556007396500334
4352.3			0.653243547593969
4353.2			0.7139415185447057
4354.1			0.8116163774601158
4355.0			0.8614737056945971
4355.9			0.9125416403597613
4356.8			0.9823456550664138
4357.7			1.0009717111450762
4358.6			1.0
4359.5			1.0
4360.4			1.0
4361.3			1.0
4362.2			1.0
4363.1			1.0
4364.0			1.0
4364.9			1.0
4365.8			1.0
4366.7			1.0
4367.6			1.0
4368.5			1.0
4369.4			1.0
4370.3			1.0
4371.2			0.9871453341027964
4372.1			0.9763273574589151
4373.0			0.9351522317018524
4373.9			0.8531463739040458
4374.8			0.7650796378782603
4375.7			0.7323811329497476
4376.6			0.7958084491834169
4377.5			0.8985798812524256
4378.4			0.9371217281577784
4379.3			0.8932087351550015
4380.2			0.8186358477605563
4381.1			0.7246906770499578
4382.0			0.5854243225016024
4382.9			0.423304378081664
4383.8			0.33969406011708225
4384.7			0.41288917698684946
4385.6			0.5969075492466318
4386.5			0.7556849090475436
4387.4			0.8057781936042536
4388.3			0.7912511021622922
4389.2			0.7808798288900252
4390.1			0.791383209234567
4391.0			0.8269848404239234
4391.9			0.8734817834248028
4392.8			0.894048725586895
4393.7			0.8800186262806818
4394.6			0.8701914168457774
4395.5			1.0
4396.4			1.1077255798801893
4397.3			1.1994825498919752
4398.2			1.207228426617952
4399.1			1.1356873387938684
4400.0			1.0400104829194587
4400.9			0.9864969077325513
4401.8			0.9891381538998512
4402.7			0.9436428678236516
4403.6			0.7651807807286896
4404.5			0.5805455778068845
4405.4			0.5724259881031896
4406.3			0.7099373083306075
4407.2			0.8339757419015208
4408.1			0.9183427216053365
4409.0			1.0516500972857514
4409.9			1.2236522926180293
4410.8			1.0
4411.7			1.0150051090333265
4412.6			0.9875078160091714
4413.5			0.8831237020201005
4414.4			0.7111292678931479
4415.3			0.6071685377512394
4416.2			0.6648610204230744
4417.1			0.806649660677777
4418.0			0.9263592347772283
4418.9			1.0004444881861188
4419.8			1.0
4420.7			0.976002002754068
4421.6			0.8903520773051193
4422.5			0.8121434418605209
4423.4			0.8044951289475947
4424.3			0.826325172430516
4425.2			0.8120929385511324
4426.1			0.7898823250298729
4427.0			0.8207920604757953
4427.9			0.9062669170135068
4428.8			0.9708964677223235
4429.7			1.0
4430.6			0.9497520318092774
4431.5			0.9754400784678501
4432.4			0.9924859293764997
4433.3			0.8978638288986877
4434.2			0.7355618710800413
4435.1			0.6329211151325972
4436.0			0.6717236023053076
4436.9			0.8140826814241803
4437.8			0.9511799955138766
4438.7			1.0184102788513545
4439.6			1.0032630300916427
4440.5			1.0
4441.4			1.0
4442.3			1.0
4443.2			1.0
4444.1			1.1247579498760405
4445.0			1.2665046139871716
4445.9			1.3128114004411564
4446.8			1.2514138539016457
4447.7			1.1959358448431656
4448.6			1.209496009247356
4449.5			1.2244729598198258
4450.4			1.19695834058705
4451.3			1.159795536244804
4452.2			1.1114139547968636
4453.1			1.0007049950618867
4454.0			0.8314601209996683
4454.9			0.6997401446503854
4455.8			0.6968797614813637
4456.7			0.7812194074940737
4457.6			0.8326830837515049
4458.5			0.8238888196463027
4459.4			0.8095129739660919
4460.3			0.7970763027136085
4461.2			0.7715717325981023
4462.1			0.802018148974423
4463.0			0.9277843635266725
4463.9			1.039822803915876
4464.8			1.0477591887053292
4465.7			1.0021249964069683
4466.6			1.0
4467.5			1.0
4468.4			1.0
4469.3			1.0
4470.2			1.0
4471.1			1.0
4472.0			1.0
4472.9			1.0
4473.8			1.0
4474.7			1.0
4475.6			1.0
4476.5			1.0
4477.4			1.070056056259816
4478.3			1.0749947941594358
4479.2			0.9917049749431676
4480.1			0.8772158805685721
4481.0			0.7878833694602744
4481.9			0.7535078724299556
4482.8			0.7984666656803695
4483.7			0.8933103361023053
4484.6			0.9673673908777786
4485.5			0.9991535059298469
4486.4			0.9968779431291689
4487.3			1.0
4488.2			1.0
4489.1			1.0
4490.0			0.9674241867163395
4490.9			1.0149314888324787
4491.8			1.07955031109973
4492.7			1.0775588384814134
4493.6			0.9788420945148898
4494.5			0.8615703309721233
4495.4			0.8262933329074027
4496.3			0.8680682854589946
4497.2			0.9368279440864258
4498.1			1.0055643678167163
4499.0			1.0495170198939245
4499.9			1.0427811695089224
4500.8			0.9896760647327966
4501.7			1.0
4502.6			1.0
4503.5			1.0
4504.4			1.0
4505.3			0.9885951733084288
4506.2			0.9653268116970407
4507.1			0.9465301949016873
4508.0			0.9423905819198467
4508.9			0.954132884650767
4509.8			0.9736658891106378
4510.7			0.9790448051039523
4511.6			0.9468004150556675
4512.5			0.895257978333387
4513.4			1.0
4514.3			1.0068807748764508
4515.2			1.041483055072887
4516.1			1.064690108400293
4517.0			1.0435720901995675
4517.9			1.015590471129397
4518.8			1.0428085322963832
4519.7			1.1089120656203808
4520.6			1.1519280120860056
4521.5			1.1438239438021076
4522.4			1.0920347526216398
4523.3			1.0436969606653068
4524.2			1.0134119500831882
4525.1			0.9550575125630518
4526.0			0.859430590257676
4526.9			0.7683374464382277
4527.8			0.717176220700572
4528.7			0.7224738429980181
4529.6			0.7683264592210499
4530.5			0.8161227884780505
4531.4			0.8560755226765893
4532.3			0.8806746160835662
4533.2			0.8495007013447332
4534.1			0.7743483345235277
4535.0			0.7326487568995397
4535.9			0.8008957384167132
4536.8			0.966531615599693
4537.7			1.1013275877360411
4538.6			1.1179361998120643
4539.5			1.0593665979642595
4540.4			1.0026447926834858
4541.3			1.0
4542.2			1.0427949927823918
4543.1			1.0728023315761654
4544.0			1.039882576121445
4544.9			0.9763767829984719
4545.8			0.9490319614697829
4546.7			0.959524533496134
4547.6			0.9646914169703227
4548.5			0.9470875852104357
4549.4			0.9353801748712475
4550.3			0.9579037896297712
4551.2			0.9819197879813985
4552.1			0.9695331041460672
4553.0			0.9412932209588983
4553.9			0.9184597729403344
4554.8			0.9011448817438067
4555.7			0.9122998844070307
4556.6			0.9683187389695703
4557.5			1.0333315653735609
4558.4			1.0676201790879896
4559.3			1.0653541144249965
4560.2			1.0
4561.1			0.9973754385755171
4562.0			0.9948279643022856
4562.9			0.9588799200492516
4563.8			0.8970218934358319
4564.7			0.8540467674471671
4565.6			0.8630996423095648
4566.5			0.9207315060221262
4567.4			0.9831563957234382
4568.3			1.0003931048382309
4569.2			1.0
4570.1			1.0
4571.0			0.9367247505515583
4571.9			0.9358054207558161
4572.8			1.0079212992446647
4573.7			1.0666591903904112
4574.6			1.065625551222997
4575.5			1.052703496301702
4576.4			1.0529803433779004
4577.3			1.0330784115564442
4578.2			0.9789759237151318
4579.1			0.9103272329851119
4580.0			0.8526700672902439
4580.9			0.8430948434998276
4581.8			0.8972244061921293
4582.7			1.0
4583.6			1.0160453678390042
4584.5			0.9646410995860908
4585.4			0.8992511203424417
4586.3			0.8937121671434987
4587.2			0.9691501625043777
4588.1			1.0642208469404244
4589.0			1.1095780528774306
4589.9			1.0914144879351122
4590.8			1.0288711181490737
4591.7			0.9655997160974967
4592.6			0.9408386470091581
4593.5			0.9475048316376616
4594.4			0.9500626900895179
4595.3			0.9404405326535304
4596.2			0.9363495451784035
4597.1			0.9367473583384399
4598.0			0.939830321536328
4598.9			0.9450169978976974
4599.8			0.9301604218030786
4600.7			0.9075235943529285
4601.6			0.9094501791286579
4602.5			0.9190354274290238
4603.4			0.9177333077084386
4604.3			0.9124058329306773
4605.2			0.9116803205524892
4606.1			0.9268012926379672
4607.0			0.966602026991335
4607.9			1.0253298815515244
4608.8			1.0761181347016446
4609.7			1.0761219423343624
4610.6			1.0277410527197666
4611.5			0.9788451213636277
4612.4			0.950030854709812
4613.3			0.9424922779851608
4614.2			0.968087230211378
4615.1			0.9988907044170654
4616.0			1.0022805872439708
4616.9			1.0006240066353387
4617.8			0.9989113268951626
4618.7			1.0
4619.6			1.0
4620.5			1.0
4621.4			1.0
4622.3			1.0
4623.2			1.0
4624.1			1.0
4625.0			1.0
4625.9			1.0
4626.8			1.0
4627.7			1.0
4628.6			1.0
4629.5			1.0
4630.4			1.0
4631.3			1.0
4632.2			0.9821406833072095
4633.1			0.9443153476000484
4634.0			0.9290625837368424
4634.9			0.9375741796912485
4635.8			0.93698475247735
4636.7			0.9038124308706895
4637.6			0.8574305959560443
4638.5			0.830590186151734
4639.4			0.8202355914369068
4640.3			0.836998019304342
4641.2			0.8933367018951187
4642.1			0.9398306374567996
4643.0			0.9329565501682949
4643.9			0.8951845154142088
4644.8			0.841176270020263
4645.7			0.7669293913425119
4646.6			0.7133944345616224
4647.5			0.7225878672307169
4648.4			0.7702115796299944
4649.3			0.8201171991056969
4650.2			0.861948206612597
4651.1			0.8837078288101973
4652.0			0.8968537563881672
4652.9			0.9042581039027293
4653.8			0.8805260314127236
4654.7			0.843154289452713
4655.6			0.8368366593589521
4656.5			0.8669590822497725
4657.4			0.9238938194724243
4658.3			1.0
4659.2			1.0476350673443457
4660.1			1.0546851785631342
4661.0			1.0250955244456441
4661.9			0.9776752356884421
4662.8			0.9290400372909684
4663.7			1.0
4664.6			0.9805376775797648
4665.5			0.9356686596662275
4666.4			0.8381113098354531
4667.3			0.7463391142982616
4668.2			0.7527926115401072
4669.1			0.8646831503757992
4670.0			0.9950536661698612
4670.9			1.0623539472287817
4671.8			1.0560158096478571
4672.7			1.0197381833426167
4673.6			0.9955746027910236
4674.5			1.0024530631654511
4675.4			1.0415876652669116
4676.3			1.079669692666027
4677.2			1.0639904765589472
4678.1			1.0031736060647047
4679.0			0.9563160383264412
4679.9			0.9430963458768545
4680.8			0.9357236950375374
4681.7			0.9349484996998333
4682.6			0.9637409072208635
4683.5			1.0011591557953532
4684.4			1.0101552480935967
4685.3			1.006076053828402
4686.2			1.0082359821227989
4687.1			0.9998978857894418
4688.0			0.9843935650987106
4688.9			0.9843391871840665
4689.8			1.0
4690.7			0.9842380500964644
4691.6			0.971353061540378
4692.5			0.9783556082487674
4693.4			0.9931196212394506
4694.3			1.0154242815697774
4695.2			1.0458762043065173
4696.1			1.056041514383643
4697.0			1.018999650019656
4697.9			0.9501073780242864
4698.8			0.9022731073526422
4699.7			0.9063715521986935
4700.6			0.9150241951352708
4701.5			0.8757519868252607
4702.4			0.8156606567482446
4703.3			0.807953561344564
4704.2			0.8803052175371774
4705.1			0.9528578131654308
4706.0			0.9522371338155607
4706.9			0.9078484818278255
4707.8			0.8879251785116504
4708.7			0.9028534491350391
4709.6			0.9309347888366122
4710.5			0.9788317386532562
4711.4			1.0299078892052376
4712.3			1.0332819580132204
4713.2			0.9871611573896343
4714.1			0.9340213633536634
4715.0			0.934761484498324
4715.9			1.0002594962380111
4716.8			1.0
4717.7			1.0
4718.6			1.0214166547806902
4719.5			1.057610684693712
4720.4			1.071723896774899
4721.3			1.0449986629502788
4722.2			1.0062784273932706
4723.1			0.9956130555182435
4724.0			1.0
4724.9			1.0333117487513923
4725.8			1.0157823996777142
4726.7			0.9384264426750695
4727.6			0.8543176849612524
4728.5			0.8140873554491973
4729.4			0.8128819696696438
4730.3			0.8283115615210334
4731.2			0.8628422706801255
4732.1			0.9079101682488303
4733.0			0.9327057213017227
4733.9			0.933691212474071
4734.8			0.9293208286373111
4735.7			0.9016219784667974
4736.6			0.8633435091444781
4737.5			0.8861963238725646
4738.4			0.9608127351057735
4739.3			0.995968281421144
4740.2			0.9687261468572806
4741.1			0.9372874815765753
4742.0			0.943451759946861
4742.9			0.9693610285338842
4743.8			0.975402676082383
4744.7			0.9657008989724686
4745.6			0.97370131202481
4746.5			0.9996897796808017
4747.4			1.0097334918301464
4748.3			1.0049736728951408
4749.2			1.0067362177390409
4750.1			1.0063217458972638
4751.0			0.9857586373983592
4751.9			0.9502877586202698
4752.8			0.9122265063890191
4753.7			0.8828475248506826
4754.6			0.8792583193621456
4755.5			0.8994169166363277
4756.4			0.9164237213938733
4757.3			0.9253836186311103
4758.2			0.9403381862998894
4759.1			0.9644295778946838
4760.0			0.9809989592403902
4760.9			0.9629591065368437
4761.8			0.9230208026272392
4762.7			0.9040775962331332
4763.6			0.9054355768445638
4764.5			0.885729651852349
4765.4			0.8430399129134655
4766.3			0.822715363338605
4767.2			0.8519049970274883
4768.1			0.9053570146523378
4769.0			0.948495961206069
4769.9			0.9618804255956508
4770.8			0.9401520865446382
4771.7			1.0
4772.6			0.9971274480845689
4773.5			1.0315925940970239
4774.4			1.0605429290375383
4775.3			1.0472136782944772
4776.2			1.017339341851896
4777.1			1.0105069078226068
4778.0			1.0078912924272285
4778.9			0.9869596134334244
4779.8			0.9651717460539043
4780.7			0.9516144446788976
4781.6			0.9239832256870707
4782.5			0.8734164000930938
4783.4			0.8432988154725073
4784.3			0.8689770705470333
4785.2			0.9044865631473642
4786.1			0.9005416412081452
4787.0			0.8905200840033569
4787.9			0.8965333714871169
4788.8			0.8922378431845243
4789.7			0.8834208544123157
4790.6			0.889993616118099
4791.5			0.9080216820279771
4792.4			0.933021526417558
4793.3			1.0
4794.2			1.0418386280923568
4795.1			1.0559727563449526
4796.0			1.0378850314828372
4796.9			1.008870539612251
4797.8			0.9821959850318216
4798.7			0.9545044199784547
4799.6			0.9301287544748666
4800.5			0.9350513180020043
4801.4			0.9778559649535186
4802.3			1.02938891700431
4803.2			1.0515013148040002
4804.1			1.033189586110118
4805.0			1.0004065260576835
4805.9			1.0390975732830325
4806.8			1.018933507772258
4807.7			0.9997715350922087
4808.6			1.0
4809.5			1.0
4810.4			1.0
4811.3			1.0
4812.2			1.0
4813.1			1.0
4814.0			1.0
4814.9			1.0
4815.8			1.0
4816.7			1.0
4817.6			1.0
4818.5			1.0
4819.4			1.0
4820.3			0.9999680216613802
4821.2			0.9835984696987815
4822.1			0.9351773653183899
4823.0			0.8663986483113181
4823.9			0.845656790442622
4824.8			0.903189922974614
4825.7			0.9758186717619232
4826.6			1.0040252452265706
4827.5			0.9934518882944636
4828.4			1.0
4829.3			1.0
4830.2			1.0
4831.1			1.0
4832.0			1.0
4832.9			1.0
4833.8			1.0
4834.7			1.0
4835.6			1.0
4836.5			1.0
4837.4			1.0
4838.3			1.0
4839.2			1.0
4840.1			1.0
4841.0			1.0
4841.9			1.0
4842.8			1.0
4843.7			1.0
4844.6			1.0
4845.5			1.0
4846.4			1.0
4847.3			1.0
4848.2			1.0
4849.1			1.0
4850.0			1.0
4850.9			1.0
4851.8			1.0
4852.7			1.0
4853.6			1.0
4854.5			1.0
4855.4			1.0
4856.3			1.0146836896440177
4857.2			1.0581616803404368
4858.1			1.0489854347467693
4859.0			0.9687813185903754
4859.9			0.8659477379692483
4860.8			0.7999278553207391
4861.7			0.8127309488811373
4862.6			0.8840134925452355
4863.5			0.9440980101036417
4864.4			0.9729873205410228
4865.3			1.001741610215335
4866.2			1.0
4867.1			1.0001784196722976
4868.0			0.9894009617402464
4868.9			0.9783631673493716
4869.8			0.9177326703177833
4870.7			0.7904448212404516
4871.6			0.705527162882477
4872.5			0.7597171733641314
4873.4			0.8900687898912341
4874.3			0.9729413724525123
4875.2			0.9930917639420755
4876.1			1.0016151556177932
4877.0			1.0
4877.9			1.0
4878.8			1.0
4879.7			1.0
4880.6			1.0
4881.5			1.0
4882.4			1.0031332240384965
4883.3			1.0352484483119375
4884.2			1.0117489621612734
4885.1			0.9332069806467215
4886.0			0.8739754970410207
4886.9			0.8716394518671038
4887.8			0.8947845913156607
4888.7			0.8918300898489355
4889.6			0.8272732057115685
4890.5			0.7182868910548654
4891.4			0.6774193409848246
4892.3			0.7793714947169171
4893.2			0.9422695896403004
4894.1			1.0581407301948615
4895.0			1.1070589187401811
4895.9			1.1118373165962268
4896.8			1.0971674743915831
4897.7			1.076713917839025
4898.6			1.0470616776632982
4899.5			1.0123050426547828
4900.4			0.9986862169240388
4901.3			1.0
4902.2			1.0
4903.1			1.0
4904.0			1.0
4904.9			1.0
4905.8			1.0654321927536372
4906.7			1.0797662794336504
4907.6			1.0429641751532515
4908.5			0.9822313958381766
4909.4			0.9192790094594697
4910.3			0.887555813620535
4911.2			1.0
4912.1			1.0415752126762965
4913.0			1.0621087839622565
4913.9			1.0694841511342756
4914.8			1.0817420458581917
4915.7			1.0804788966097818
4916.6			1.034608295140288
4917.5			0.9209976187222166
4918.4			0.7570695661135267
4919.3			0.6157316645011384
4920.2			0.5724815229344211
4921.1			0.64731949783333
4922.0			0.7824590236266915
4922.9			0.8822634733224702
4923.8			0.8972246934866145
4924.7			0.876906166281951
4925.6			0.8969553422605735
4926.5			0.9459103363715892
4927.4			0.9763518888134894
4928.3			0.9964655464535827
4929.2			1.0
4930.1			1.0
4931.0			0.9877891582737621
4931.9			0.9606941047707278
4932.8			0.9038733658456907
4933.7			0.8616733917254531
4934.6			0.8820089125597671
4935.5			0.9192675393752789
4936.4			0.9032483902182281
4937.3			0.82786819162186
4938.2			0.7453357796059763
4939.1			0.7317042023041085
4940.0			0.8108441001633397
4940.9			0.9094650115005756
4941.8			0.9624066052086355
4942.7			0.9948499691249393
4943.6			1.027370185132668
4944.5			1.0189947674749433
4945.4			0.9719313550889231
4946.3			0.9564405608401283
4947.2			0.9986836802873602
4948.1			1.0
4949.0			1.0
4949.9			1.0
4950.8			1.0
4951.7			1.0
4952.6			1.0
4953.5			1.0
4954.4			0.9702601538327279
4955.3			0.916159137491535
4956.2			0.791127867127259
4957.1			0.6438785072473863
4958.0			0.624951241675921
4958.9			0.7691031944491619
4959.8			0.9304578783611714
4960.7			0.9997276415871446
4961.6			1.0009295869367154
4962.5			1.0
4963.4			1.0
4964.3			1.0
4965.2			1.0
4966.1			1.0
4967.0			1.0
4967.9			1.0
4968.8			1.0
4969.7			1.0
4970.6			1.0
4971.5			1.0
4972.4			1.0
4973.3			1.0
4974.2			1.0
4975.1			1.0
4976.0			1.0
4976.9			1.0
4977.8			0.9520673368790686
4978.7			0.9098826689125968
4979.6			0.9082465916634759
4980.5			0.8931571589256706
4981.4			0.8083580245927374
4982.3			0.7067876637337984
4983.2			0.6901071911692401
4984.1			0.7554584872904292
4985.0			0.8229754163074655
4985.9			0.8819515495826502
4986.8			0.9561291776226735
4987.7			1.0050890418400462
4988.6			0.9983678443353693
4989.5			1.0
4990.4			1.0
4991.3			1.0
4992.2			1.0
4993.1			1.0
4994.0			1.0
4994.9			1.0
4995.8			1.0
4996.7			1.0261732151229939
4997.6			1.0277392689539862
4998.5			0.9862014209897559
4999.4			0.9112603666790132
5000.3			0.8617478488865647
5001.2			0.8618396358173706
5002.1			0.8900646158071015
5003.0			0.9356637113104354
5003.9			0.964253475778658
5004.8			0.9208082675985277
5005.7			0.830670412814613
5006.6			0.7999446015306421
5007.5			0.8748304597945945
5008.4			0.9786601985408419
5009.3			1.0391965706923305
5010.2			1.0586218215130148
5011.1			1.0354696221352933
5012.0			0.9670630731816572
5012.9			0.8985584946072518
5013.8			0.8569886468916104
5014.7			0.8625594025813367
5015.6			0.9300398838938774
5016.5			1.0003359879170572
5017.4			1.0
5018.3			1.0
5019.2			1.0
5020.1			1.0004942295721382
5021.0			0.9473990937891253
5021.9			0.8753126060583791
5022.8			0.8648514309630349
5023.7			0.9321077276597023
5024.6			0.9946535179979094
5025.5			0.9990778715261843
5026.4			1.0
5027.3			1.0
5028.2			1.0
5029.1			1.0
5030.0			1.0
5030.9			1.0
5031.8			1.0290623349792034
5032.7			1.059660167432688
5033.6			1.0725155388308518
5034.5			1.0242799020785787
5035.4			0.9353231601964334
5036.3			0.9037165891127914
5037.2			0.9595775293245447
5038.1			0.9959368362490991
5039.0			0.9411756082746637
5039.9			0.8391630196969568
5040.8			1.0
5041.7			1.0039802580000179
5042.6			1.117935632933019
5043.5			1.2186630284949642
5044.4			1.275552166098878
5045.3			1.3206566043258134
5046.2			1.3334170410632735
5047.1			1.2733306943207503
5048.0			1.1424636585523151
5048.9			1.0019124466443428
5049.8			0.9256895505403073
5050.7			0.9296397575199457
5051.6			1.0
5052.5			1.0488718986326975
5053.4			1.0762460404080842
5054.3			1.0935592860311165
5055.2			1.1031199784265955
5056.1			1.1108831315239716
5057.0			1.137903646152764
5057.9			1.1714980933261179
5058.8			1.1795270332808396
5059.7			1.1806664893704957
5060.6			1.1976719562401912
5061.5			1.2013277938691516
5062.4			1.1748185532464006
5063.3			1.1120293106356334
5064.2			1.0175241409608042
5065.1			0.9616885738441678
5066.0			0.9873132927367905
5066.9			1.0138846988565233
5067.8			0.9858345499193696
5068.7			0.9728685342803067
5069.6			1.0211845557158845
5070.5			1.0635670774700654
5071.4			1.037157125522371
5072.3			1.002624151957841
5073.2			1.0360320324286012
5074.1			1.0873745897177964
5075.0			1.077460120044744
5075.9			1.0357213776193723
5076.8			1.0384803262462834
5077.7			1.0659893371636349
5078.6			1.0224438646463803
5079.5			0.9288710065289351
5080.4			1.0
5081.3			1.0167387020149212
5082.2			1.0265329576847906
5083.1			1.0288866561264733
5084.0			1.0602218208125653
5084.9			1.117439238435154
5085.8			1.1717733020113927
5086.7			1.1940118179057797
5087.6			1.1753959663731846
5088.5			1.1508559907382352
5089.4			1.144007674915493
5090.3			1.1394508227600308
5091.2			1.1451547011310987
5092.1			1.1933643670537155
5093.0			1.248596247434993
5093.9			1.226796595983703
5094.8			1.124541573950326
5095.7			1.035234866828388
5096.6			1.021334418958661
5097.5			1.0231422176126996
5098.4			0.970386465655761
5099.3			0.9157860839807423
5100.2			0.9295820457618619
5101.1			0.9807016085945344
5102.0			1.0154405923659378
5102.9			1.0146203558199574
5103.8			0.9852445176275534
5104.7			0.956509882864771
5105.6			0.9412775436494283
5106.5			0.917671321807733
5107.4			0.890840814820781
5108.3			0.8884733731679012
5109.2			0.8946295616442551
5110.1			0.8911430902347244
5111.0			0.9023307475247503
5111.9			0.9285116773489749
5112.8			0.9498550122490156
5113.7			0.9776190458371459
5114.6			1.0
5115.5			1.004203607767999
5116.4			0.9992583192840644
5117.3			1.0224855397738872
5118.2			1.037904434669411
5119.1			1.0139379123272445
5120.0			0.9711690842335485
5120.9			0.9440371407847322
5121.8			0.9413066415487115
5122.7			0.9204661267614178
5123.6			0.8603228418337894
5124.5			0.8212639830460163
5125.4			0.8370510278488504
5126.3			0.8706486540462823
5127.2			0.8927503724059133
5128.1			0.8945274361247162
5129.0			0.8724480169014818
5129.9			0.8693826937329684
5130.8			0.934257241398533
5131.7			1.0215718825569973
5132.6			1.0395782447855573
5133.5			1.0
5134.4			1.0051646243926766
5135.3			1.0549322050196253
5136.2			1.0735499132194244
5137.1			1.0361991538440314
5138.0			0.9677120393865403
5138.9			0.9188214852489512
5139.8			0.9598196833032855
5140.7			1.0553296417177451
5141.6			1.0805196485728807
5142.5			1.0481722665277724
5143.4			1.066681915412258
5144.3			1.0
5145.2			0.9755391317633068
5146.1			0.9232159851584968
5147.0			0.9083957758091042
5147.9			0.9285759065849948
5148.8			0.9421927498708024
5149.7			0.9313460024886079
5150.6			0.9164034824429543
5151.5			0.9071839792866463
5152.4			0.8800621595298387
5153.3			0.8385107075248904
5154.2			0.8347659654820233
5155.1			0.8934638929488083
5156.0			0.9748064120849662
5156.9			1.0373163754436845
5157.8			1.066793477190213
5158.7			1.056650407647977
5159.6			1.0419015447568871
5160.5			1.0443811455162815
5161.4			1.0122266641970594
5162.3			0.9379971245727885
5163.2			0.89075206994895
5164.1			0.8601666362824172
5165.0			0.7657651079137542
5165.9			0.6114331285849147
5166.8			0.4875743037207878
5167.7			0.4655714919219591
5168.6			0.542612478860309
5169.5			0.6310958659908679
5170.4			0.6279138483948337
5171.3			0.5248806431354043
5172.2			0.4218437099973277
5173.1			0.4217361707380834
5174.0			0.5308290129104123
5174.9			0.6718068529015804
5175.8			0.7692969386935975
5176.7			0.806668385468291
5177.6			0.8079433499339714
5178.5			0.791967152246739
5179.4			0.7532481234421227
5180.3			0.6836019238000334
5181.2			0.5867078500047278
5182.1			0.47817867366662853
5183.0			0.3935331486781588
5183.9			0.39079877493197573
5184.8			0.49243408814314754
5185.7			0.6477632916301638
5186.6			0.7803768335040256
5187.5			0.8508008151045217
5188.4			0.8859875722741191
5189.3			0.9228061557830531
5190.2			0.9172461839857161
5191.1			0.8268481613337711
5192.0			0.7322958474055273
5192.9			0.7385736952321711
5193.8			0.8074443466372236
5194.7			0.8462581728310269
5195.6			0.867240564709163
5196.5			0.919148992657891
5197.4			0.9756574098503717
5198.3			1.0010480878629304
5199.2			1.0
5200.1			1.002001190384757
5201.0			0.976387887540797
5201.9			0.9297323298619784
5202.8			0.8685795625380868
5203.7			0.773699213016464
5204.6			0.656275554714646
5205.5			0.5834014865252038
5206.4			0.5779979136857013
5207.3			0.5791569901212629
5208.2			0.5622836197105401
5209.1			0.5864908177454148
5210.0			0.696695246193051
5210.9			0.8720784040921339
5211.8			1.049286695802708
5212.7			1.1557333822550309
5213.6			1.1629894095753952
5214.5			1.0965378650778035
5215.4			1.0207964267801355
5216.3			0.9997960478432482
5217.2			0.886838591555481
5218.1			0.9611491563261252
5219.0			1.026584594455413
5219.9			1.0
5220.8			1.0237803236573746
5221.7			1.0280708211247878
5222.6			1.001112895759679
5223.5			0.9451729909361481
5224.4			0.8806205574613314
5225.3			0.8148407392172557
5226.2			0.7502309582328043
5227.1			0.7467381823202789
5228.0			0.8569564867564753
5228.9			1.0044348047470628
5229.8			1.0974947608208407
5230.7			1.1314830122894137
5231.6			1.0962590585550571
5232.5			1.0155837706606519
5233.4			1.0106003461967368
5234.3			1.0
5235.2			1.0
5236.1			1.0
5237.0			1.0
5237.9			1.0
5238.8			1.0
5239.7			1.0
5240.6			0.9991784557969366
5241.5			0.9942843514887386
5242.4			0.98485287542846
5243.3			0.9970838519464759
5244.2			1.030458849137102
5245.1			1.0350424361174304
5246.0			0.9757883421624118
5246.9			0.907927115150657
5247.8			0.9051126777395816
5248.7			0.9368392383730691
5249.6			0.928829928138038
5250.5			0.9009979526184613
5251.4			0.9123436651855643
5252.3			0.948796453031539
5253.2			0.9578840810342788
5254.1			1.0
5255.0			0.9865660136560676
5255.9			1.0333950385819697
5256.8			1.1132491164308418
5257.7			1.1670433173687287
5258.6			1.1805711658600686
5259.5			1.1559434137202114
5260.4			1.0910837372626243
5261.3			0.9914270422128364
5262.2			0.8848390478514142
5263.1			0.805483407246081
5264.0			0.7597783172201747
5264.9			0.7232705853992596
5265.8			0.7058633339722072
5266.7			0.7449386562744079
5267.6			0.7770290162430845
5268.5			0.6950636719496206
5269.4			0.5752283848947095
5270.3			0.5982692631453941
5271.2			0.7670210673635954
5272.1			0.922469394686381
5273.0			0.9933608167464766
5273.9			1.015690516140839
5274.8			1.0138980631192718
5275.7			1.0346144903457992
5276.6			1.1213821337359775
5277.5			1.0
5278.4			1.0261112907020835
5279.3			0.9955094171447636
5280.2			0.9285912748527836
5281.1			0.8527648346414902
5282.0			0.791239546105585
5282.9			0.7582402327422767
5283.8			0.7783942119258056
5284.7			0.8635668542003085
5285.6			0.9629896040505194
5286.5			1.011921744496512
5287.4			1.0023871005158191
5288.3			1.0
5289.2			1.0
5290.1			1.0
5291.0			1.0072255104260952
5291.9			0.9922903425650125
5292.8			0.9716383428261871
5293.7			0.9624258642531595
5294.6			0.9487365406147277
5295.5			0.8938471059525911
5296.4			0.7904775222437603
5297.3			0.6995706405476929
5298.2			0.698760242040821
5299.1			0.7797850237687101
5300.0			0.8478512955604606
5300.9			0.8533135573056594
5301.8			0.8437335632395155
5302.7			0.8765135361830642
5303.6			0.9403692221699724
5304.5			0.9900251281381409
5305.4			1.0005167905919115
5306.3			1.0
5307.2			1.0
5308.1			1.0
5309.0			1.0
5309.9			1.0
5310.8			1.0
5311.7			1.0
5312.6			1.0
5313.5			1.0
5314.4			1.0
5315.3			1.0
5316.2			1.0
5317.1			1.0
5318.0			1.0
5318.9			1.0
5319.8			0.987385906263745
5320.7			0.9758500869177067
5321.6			0.9590851451805072
5322.5			0.9056175185657014
5323.4			0.8195060755518585
5324.3			0.7763243010503704
5325.2			0.8030534189060209
5326.1			0.7942471937795567
5327.0			0.675585675687628
5327.9			0.5509785448468996
5328.8			0.5662493730290806
5329.7			0.7103571129408442
5330.6			0.8546686381906968
5331.5			0.9144492799645949
5332.4			0.9189390351273528
5333.3			0.9366135661803342
5334.2			0.9780978639039276
5335.1			1.0
5336.0			1.00812827169578
5336.9			1.0066404886677738
5337.8			0.9927830113917813
5338.7			0.9349220749539762
5339.6			0.8416310053309687
5340.5			0.8003804262092667
5341.4			0.8637943386974517
5342.3			0.9691209345590329
5343.2			1.0351400634823418
5344.1			1.0398344928897354
5345.0			1.0077601295257457
5345.9			1.0
5346.8			1.0
5347.7			1.0
5348.6			1.0
5349.5			1.0
5350.4			1.0
5351.3			1.0
5352.2			1.0
5353.1			1.0
5354.0			1.0
5354.9			1.0
5355.8			1.0
5356.7			1.0
5357.6			1.0
5358.5			1.0
5359.4			1.0
5360.3			1.0
5361.2			1.0
5362.1			0.9806123331344705
5363.0			0.9651288132676001
5363.9			0.9320017945938541
5364.8			0.8984583510791302
5365.7			0.8894634611274214
5366.6			0.890294749841177
5367.5			0.8862172665573593
5368.4			0.8612749629694698
5369.3			0.7855962233360485
5370.2			0.6780367824331751
5371.1			0.627720180237326
5372.0			0.6976222834091675
5372.9			0.8320600693980975
5373.8			0.938409448670931
5374.7			0.9877960819161944
5375.6			0.992917977995617
5376.5			0.9745044597972919
5377.4			0.9688913291454586
5378.3			0.9871166608825489
5379.2			1.0
5380.1			1.0012700222586435
5381.0			0.9830896701084252
5381.9			0.9385825583054278
5382.8			0.8899810745469975
5383.7			0.8922473624617465
5384.6			0.9515270170630079
5385.5			1.004130283953564
5386.4			1.0164568312266156
5387.3			1.0033421554514126
5388.2			1.0
5389.1			1.0
5390.0			1.0
5390.9			1.0
5391.8			1.0
5392.7			1.0
5393.6			1.0
5394.5			1.0
5395.4			1.0
5396.3			0.9043339484888153
5397.2			0.8578389606716407
5398.1			0.9278757957795106
5399.0			1.0173303135091194
5399.9			1.0423102153523733
5400.8			1.0437546364357713
5401.7			1.062235827152711
5402.6			1.0402824863938023
5403.5			0.9357938709750184
5404.4			0.8003237573692839
5405.3			0.7273628154173021
5406.2			0.7713743359280367
5407.1			0.8837699406427643
5408.0			0.9427865501207038
5408.9			0.8982045897559056
5409.8			0.8407647196784128
5410.7			0.8677637486795512
5411.6			0.9560400839273288
5412.5			1.025963620992812
5413.4			1.0342620742014028
5414.3			0.9995472126261776
5415.2			1.0
5416.1			1.0
5417.0			1.0
5417.9			1.0
5418.8			1.0
5419.7			1.0
5420.6			0.9823449844907826
5421.5			0.9944641103607949
5422.4			0.9849957788228286
5423.3			0.9299157459782084
5424.2			0.899172745777106
5425.1			0.944675640931848
5426.0			1.0177686251065727
5426.9			1.0435078312259662
5427.8			0.9746845289444065
5428.7			0.8361216239607359
5429.6			0.7577298414699017
5430.5			0.8102369256773946
5431.4			0.8904164723800958
5432.3			0.8904175074802001
5433.2			0.8278286405277484
5434.1			0.776819483583106
5435.0			0.7883306725440796
5435.9			0.8481022659002948
5436.8			0.9138744382827844
5437.7			0.9645361645257374
5438.6			0.9994339671099237
5439.5			1.0
5440.4			1.0
5441.3			1.0
5442.2			0.9963619593954095
5443.1			0.9810018737137826
5444.0			0.9327743898584077
5444.9			0.8422134848028288
5445.8			0.73933810223756
5446.7			0.7010841005623725
5447.6			0.7730322345034312
5448.5			0.8942186806925309
5449.4			0.978061423158136
5450.3			1.0053271482784958
5451.2			1.0
5452.1			0.9835463980987222
5453.0			0.9498808141320474
5453.9			0.8731219867700873
5454.8			0.7784968801650118
5455.7			0.7562571764869027
5456.6			0.8384323951009104
5457.5			0.9447001420333396
5458.4			1.0009356892434427
5459.3			1.0000861657509912
5460.2			1.0
5461.1			1.0
5462.0			1.0
5462.9			1.0
5463.8			1.0
5464.7			1.0
5465.6			1.0307117877377012
5466.5			1.0388160971839377
5467.4			1.0542901942308165
5468.3			1.0621476404791137
5469.2			1.0395754093057552
5470.1			1.0149061171710456
5471.0			1.0207470903429483
5471.9			1.0326339111980551
5472.8			1.0124700274299105
5473.7			0.9877028870850125
5474.6			0.9716198933764116
5475.5			0.9205068929672171
5476.4			0.8588987041317169
5477.3			0.8738196192007293
5478.2			0.9646096927873528
5479.1			1.0303418369420767
5480.0			1.009542874327108
5480.9			0.9492978003863878
5481.8			0.9341481358441733
5482.7			0.9777743906385683
5483.6			1.0
5484.5			1.04366220539164
5485.4			1.0476509552266289
5486.3			0.9973544592286318
5487.2			0.9366521756339353
5488.1			0.9235091906780272
5489.0			0.9507216077507091
5489.9			0.9758752309717105
5490.8			0.9925856129498495
5491.7			0.9967741918007804
5492.6			1.0
5493.5			1.0
5494.4			1.0
5495.3			1.0
5496.2			1.0
5497.1			1.0
5498.0			1.0
5498.9			1.0
5499.8			1.0
5500.7			1.0
5501.6			1.0
5502.5			1.0
5503.4			1.0
5504.3			1.0
5505.2			1.0
5506.1			0.9546321290867108
5507.0			0.9702241777638295
5507.9			1.0270626690094167
5508.8			1.0545575947325092
5509.7			1.033588842470639
5510.6			0.9830892992575581
5511.5			0.9163624889786347
5512.4			0.8675227576675445
5513.3			0.8625555593278884
5514.2			0.8860338817787864
5515.1			0.9131795055703219
5516.0			0.935175906247002
5516.9			0.9598595298062604
5517.8			0.9875140081971161
5518.7			0.998908897809837
5519.6			1.0
5520.5			1.0
5521.4			1.0
5522.3			1.0
5523.2			1.0
5524.1			1.0
5525.0			0.9880464638673155
5525.9			0.9594416092997651
5526.8			0.8943021098603536
5527.7			0.8219173177612945
5528.6			0.8226653229431627
5529.5			0.9027326963874608
5530.4			0.9777330036375713
5531.3			0.999416339338826
5532.2			0.9982439949155713
5533.1			1.0
5534.0			1.0
5534.9			1.0
5535.8			1.0
5536.7			1.0
5537.6			1.0
5538.5			1.0
5539.4			1.0
5540.3			1.0
5541.2			1.0
5542.1			1.0
5543.0			1.0
5543.9			1.0
5544.8			1.0
5545.7			1.0
5546.6			1.0
5547.5			1.0
5548.4			1.0
5549.3			1.0
5550.200000000001			1.0
5551.1			1.0
5552.0			1.0
5552.9			1.0
5553.8			1.0
5554.700000000001			1.0
5555.6			1.0
5556.5			1.0
5557.4			1.0
5558.3			1.0180944863532277
5559.200000000001			1.034280135026661
5560.1			1.0371620564048616
5561.0			1.0226010225847242
5561.9			0.9969947378290067
5562.8			0.9850102420591399
5563.700000000001			0.9968045178249122
5564.6			1.0027271713628454
5565.5			0.993613190114248
5566.4			0.994031897232936
5567.3			1.0108962723429238
5568.200000000001			1.0132273075140878
5569.1			1.003198289195742
5570.0			1.0227737011823128
5570.9			1.0522209257021993
5571.8			1.0362842211007854
5572.700000000001			1.0158213081060015
5573.6			1.0585825415819141
5574.5			1.1222205498336522
5575.4			1.0
5576.3			1.008709463681167
5577.200000000001			1.0334904861937768
5578.1			1.0499218681268818
5579.0			1.0533230551917607
5579.9			1.0580210207800946
5580.8			1.0469556653971466
5581.700000000001			1.020631193574519
5582.6			1.014500069707817
5583.5			1.022802971901099
5584.4			1.0011982821272312
5585.3			0.9339890681212655
5586.200000000001			0.8500476836629901
5587.1			0.7922648111119283
5588.0			0.7805962843214872
5588.9			0.818836734162448
5589.8			0.896799768054186
5590.700000000001			0.977450975876713
5591.6			1.0159234912620476
5592.5			1.002343395017837
5593.4			0.9650208950011289
5594.3			0.9538751220770323
5595.200000000001			1.0068144112924609
5596.1			1.0
5597.0			0.9929754274463537
5597.9			0.9381609313515605
5598.8			0.906801180740866
5599.700000000001			0.9034493538330756
5600.6			0.8858742937606519
5601.5			0.8516421233053463
5602.4			0.8393158844975652
5603.3			0.8749303677272265
5604.200000000001			0.943258405073044
5605.1			1.0024440042658014
5606.0			1.0266176991099898
5606.9			1.0200347488212467
5607.8			1.0039990244665065
5608.700000000001			1.0
5609.6			1.0035672479346942
5610.5			1.0034468810497748
5611.4			1.0044943820785557
5612.3			1.0021514407593028
5613.200000000001			0.9673721971781597
5614.1			0.87539474048934
5615.0			0.7699139103209266
5615.9			0.7498709133939955
5616.8			0.8270362309021987
5617.700000000001			0.9096145460318676
5618.6			0.9389242196377809
5619.5			0.9426117790233886
5620.4			1.0
5621.3			1.0246207486958474
5622.200000000001			1.0281774146487546
5623.1			0.9817046816497859
5624.0			0.9042336191412306
5624.9			0.8711798894115234
5625.8			0.9078720502298798
5626.700000000001			0.9590814490003173
5627.6			0.9830924643807548
5628.5			0.9982444491943797
5629.4			1.0
5630.3			1.0
5631.200000000001			1.0
5632.1			1.0
5633.0			1.0
5633.9			1.0
5634.8			1.0
5635.700000000001			1.0
5636.6			1.0
5637.5			1.0
5638.4			1.0
5639.3			1.0
5640.200000000001			1.0
5641.1			1.0
5642.0			1.0
5642.9			1.0
5643.8			1.0
5644.700000000001			1.0
5645.6			1.0
5646.5			1.0
5647.4			1.0
5648.3			1.0
5649.200000000001			0.9889125827393783
5650.1			0.994716623155541
5651.0			1.0188583778820262
5651.9			1.0418405340217327
5652.8			1.043116503349404
5653.700000000001			1.0143128900132548
5654.6			0.9826642316493239
5655.5			0.9817899327993528
5656.4			0.9898888965231429
5657.3			0.9480722609205965
5658.200000000001			0.8805530857863965
5659.1			0.8743039232407085
5660.0			0.9284964119243024
5660.9			0.9625098656083391
5661.8			0.9484338833034636
5662.700000000001			0.9341668145426653
5663.6			0.9589469905743698
5664.5			1.002604694711953
5665.4			1.0272294366193775
5666.3			1.01748606436741
5667.200000000001			0.9944966277740211
5668.1			0.9888052126531605
5669.0			1.000019063356378
5669.9			1.0
5670.8			1.0
5671.700000000001			1.0
5672.6			1.0
5673.5			1.0
5674.4			1.0
5675.3			1.0
5676.200000000001			1.0
5677.1			1.0
5678.0			1.0
5678.9			1.0
5679.8			1.0
5680.700000000001			1.0
5681.6			1.0
5682.5			1.0
5683.4			1.0037698943123143
5684.3			1.0383220798294728
5685.200000000001			1.0462474530459511
5686.1			1.0016660175298766
5687.0			0.9383317097181442
5687.9			0.909027445549861
5688.8			0.9258696252609008
5689.700000000001			0.9616527512335397
5690.6			0.9883187286512823
5691.5			1.0
5692.4			1.0118732446703542
5693.3			1.009412952205213
5694.200000000001			1.0011133473760516
5695.1			1.001955678235595
5696.0			1.005159483159482
5696.9			0.992000741830133
5697.8			0.9645362291187352
5698.700000000001			0.9454578192947476
5699.6			0.9401336449046347
5700.5			0.9269988861624336
5701.4			0.9088230547332529
5702.3			0.9097797410669585
5703.200000000001			0.9333841830790437
5704.1			0.9530623689876796
5705.0			0.9468812438103191
5705.9			0.9236143660130803
5706.8			0.8999745444564785
5707.700000000001			0.875689189533252
5708.6			0.8537084129036907
5709.5			0.848200699232945
5710.4			0.8534807522075845
5711.3			0.8595629242004641
5712.200000000001			0.8860643189232176
5713.1			0.9322059260338607
5714.0			0.9682097769270794
5714.9			0.9834546483828844
5715.8			0.9923752552757014
5716.700000000001			1.0024897110721975
5717.6			1.0107381151711383
5718.5			1.0203736746432992
5719.4			1.030094467561708
5720.3			1.035650831774272
5721.200000000001			1.0447341837515371
5722.1			1.0608518882776534
5723.0			1.0702730152770916
5723.9			1.0636973487106296
5724.8			1.047818373007567
5725.700000000001			1.025613273005948
5726.6			0.9998337172425545
5727.5			1.0
5728.4			1.0
5729.3			1.0
5730.200000000001			1.0
5731.1			1.0
5732.0			1.0
5732.9			1.0
5733.8			1.0
5734.700000000001			1.0
5735.6			1.0
5736.5			1.0
5737.4			1.0
5738.3			1.0
5739.200000000001			1.0
5740.1			1.0
5741.0			1.0
5741.9			1.0
5742.8			1.0
5743.700000000001			1.0
5744.6			1.0
5745.5			1.0
5746.4			1.0
5747.3			1.0
5748.200000000001			1.0
5749.1			1.0114697714810357
5750.0			1.029876865806712
5750.9			1.0252895502002513
5751.8			0.9892411259205712
5752.700000000001			0.942196099994675
5753.6			0.9183476985537647
5754.5			0.9366637182543043
5755.4			0.9747633008273872
5756.3			0.999428591505823
5757.200000000001			1.0
5758.1			0.9955937092713879
5759.0			0.9844560644640681
5759.9			0.9652538090836065
5760.8			0.9357610483254787
5761.700000000001			0.9064659315993897
5762.6			0.901042620816601
5763.5			0.9305191627111976
5764.4			0.9710052191026448
5765.3			0.9913189859658588
5766.200000000001			0.9959017426542713
5767.1			0.998927470631337
5768.0			1.0
5768.9			1.0
5769.8			1.0
5770.700000000001			1.0
5771.6			0.9837923572520021
5772.5			0.97596087787545
5773.4			0.9741819204458061
5774.3			0.9707493726090997
5775.200000000001			0.9769966249683518
5776.1			0.9933108885298967
5777.0			1.0043739259235664
5777.9			1.0045567553132573
5778.8			0.989446229735507
5779.700000000001			0.9503617819516067
5780.6			0.8995170799189066
5781.5			0.8662488452136695
5782.4			0.8656739932095653
5783.3			0.876580227892253
5784.200000000001			0.8689037511583321
5785.1			0.8584314686258967
5786.0			0.8773797446492833
5786.9			0.9189356105161685
5787.8			0.9548843563396421
5788.700000000001			0.977073628342616
5789.6			0.9794431983092161
5790.5			0.9644873246968414
5791.4			0.9589677861627388
5792.3			0.9787960658769733
5793.200000000001			1.011356928317322
5794.1			1.041025022284186
5795.0			1.0573376192899255
5795.9			1.0485218773470681
5796.8			1.0182839839812579
5797.700000000001			0.9940822396374255
5798.6			1.0003703365325542
5799.5			1.0
5800.4			1.0
5801.3			1.0
5802.200000000001			1.0
5803.1			1.0
5804.0			1.0
5804.9			1.0
5805.8			1.0
5806.700000000001			1.0
5807.6			1.0
5808.5			1.0
5809.4			1.0
5810.3			1.0
5811.200000000001			1.0
5812.1			1.0
5813.0			1.0
5813.9			1.0
5814.8			1.0
5815.700000000001			1.0
5816.6			1.0
5817.5			1.0
5818.4			1.0
5819.3			1.0
5820.200000000001			1.0
5821.1			1.0
5822.0			1.0
5822.9			1.0
5823.8			1.0
5824.700000000001			1.0
5825.6			1.0
5826.5			1.0
5827.4			1.0
5828.3			1.0
5829.200000000001			1.0
5830.1			1.0
5831.0			1.0
5831.9			1.0
5832.8			1.0
5833.700000000001			1.0
5834.6			1.0
5835.5			1.0
5836.4			1.0
5837.3			1.0
5838.200000000001			1.0
5839.1			1.0
5840.0			1.0
5840.9			1.0
5841.8			1.0
5842.700000000001			1.0
5843.6			1.0
5844.5			1.0
5845.4			1.0
5846.3			1.0
5847.200000000001			1.0
5848.1			1.0
5849.0			1.0
5849.9			1.0
5850.8			1.0
5851.700000000001			1.0
5852.6			1.0
5853.5			0.9997701667725047
5854.4			1.008876430031418
5855.3			0.9974915949961413
5856.200000000001			0.943769287219692
5857.1			0.879835010321858
5858.0			0.8683226654834387
5858.9			0.9179217937300842
5859.8			0.9773536753452363
5860.700000000001			1.005471785200197
5861.6			1.004782279447612
5862.5			0.9997974804659543
5863.4			1.0
5864.3			1.0
5865.200000000001			1.0
5866.1			1.0
5867.0			1.0
5867.9			1.0
5868.8			1.0
5869.700000000001			1.0
5870.6			1.0
5871.5			1.0
5872.4			1.0
5873.3			1.0
5874.200000000001			1.0
5875.1			1.0
5876.0			1.0
5876.9			1.0
5877.8			0.9874865103715427
5878.700000000001			0.9758536839844933
5879.6			0.9627084229980829
5880.5			0.9568500932128203
5881.4			0.9614158984732322
5882.3			0.960112363895091
5883.200000000001			0.9418341513197708
5884.1			0.9192041613902658
5885.0			0.9032771963637275
5885.9			0.873615507854327
5886.8			0.7974911013787488
5887.700000000001			0.6652492060594405
5888.6			0.5004324482116339
5889.5			0.3744253714992222
5890.4			0.3593711387954283
5891.3			0.44830947227959417
5892.200000000001			0.5635210937336798
5893.1			0.6277563024680997
5894.0			0.5996335528212466
5894.9			0.5001127705028455
5895.8			0.4257256928665031
5896.700000000001			0.4703967081453981
5897.6			0.6144008636517571
5898.5			0.7588857338054401
5899.4			0.8568791622663532
5900.3			0.9256608827649874
5901.200000000001			0.9730889720282013
5902.1			0.994779647232815
5903.0			0.9992750844821545
5903.9			1.0
5904.8			1.0
5905.700000000001			1.0
5906.6			1.0
5907.5			1.0
5908.4			1.0
5909.3			1.0
5910.200000000001			1.0
5911.1			1.0
5912.0			1.0
5912.9			1.0
5913.8			1.0
5914.700000000001			1.0
5915.6			1.0
5916.5			1.0
5917.4			1.0
5918.3			1.0
5919.200000000001			1.0
5920.1			1.0
5921.0			1.0
5921.9			1.0
5922.8			1.0
5923.700000000001			1.0
5924.6			1.0
5925.5			1.0
5926.4			1.0
5927.3			1.0
5928.200000000001			1.0
5929.1			1.0
5930.0			1.0
5930.9			1.0
5931.8			1.0
5932.700000000001			1.0
5933.6			1.0
5934.5			1.0
5935.4			1.0
5936.3			1.0
5937.200000000001			1.0
5938.1			1.0
5939.0			1.0
5939.9			1.0
5940.8			1.0
5941.700000000001			1.0
5942.6			1.0
5943.5			1.0
5944.4			1.0
5945.3			1.0
5946.200000000001			1.0
5947.1			1.0
5948.0			1.0
5948.9			1.0
5949.8			1.0
5950.700000000001			1.0
5951.6			1.0
5952.5			1.0
5953.4			1.0
5954.3			1.0
5955.200000000001			1.0
5956.1			1.0
5957.0			1.0
5957.9			1.0
5958.8			1.0
5959.700000000001			1.0
5960.6			1.0
5961.5			1.0
5962.4			1.0
5963.3			1.0
5964.200000000001			1.0
5965.1			1.0
5966.0			1.0
5966.9			1.0
5967.8			1.0
5968.700000000001			1.0
5969.6			1.0
5970.5			1.0
5971.4			1.0
5972.3			1.0
5973.200000000001			1.0
5974.1			1.0
5975.0			1.0
5975.9			1.0
5976.8			1.0
5977.700000000001			1.0
5978.6			1.0
5979.5			1.015699982209993
5980.4			1.0370696563501676
5981.3			1.0446231451044945
5982.200000000001			1.0220820137985667
5983.1			0.9753830614195245
5984.0			0.9333967717512266
5984.9			0.9250295343843749
5985.8			0.944832492093453
5986.700000000001			0.9629189117174414
5987.6			0.9717053854168196
5988.5			0.983620528226576
5989.4			0.9982433799391228
5990.3			0.9993139839618892
5991.200000000001			1.0
5992.1			1.0
5993.0			1.0
5993.9			1.0
5994.8			1.0
5995.700000000001			1.0
5996.6			1.0
5997.5			1.0
5998.4			1.0
5999.3			1.0
6000.200000000001			1.0
6001.1			1.0
6002.0			1.0
6002.9			1.0
6003.8			1.0
6004.700000000001			1.0197294023391545
6005.6			1.02039897279565
6006.5			0.9959726526102565
6007.4			0.9604494129403378
6008.3			0.9483071543905297
6009.200000000001			0.9792624077288118
6010.1			1.0247835372119987
6011.0			1.035710830149869
6011.9			1.0066993872065155
6012.8			0.9703321421233471
6013.700000000001			0.9593203054194698
6014.6			0.9720079859579523
6015.5			0.9747289835247275
6016.4			0.9612007715446016
6017.3			0.9587468056055469
6018.200000000001			0.9663250059044726
6019.1			0.95813747040454
6020.0			0.9306515193140072
6020.9			0.9130548651687268
6021.8			0.9172742793418931
6022.700000000001			0.9296316712931578
6023.6			0.9400773582570197
6024.5			0.9536836562752566
6025.4			0.9723420629002973
6026.3			0.9811836792427174
6027.200000000001			0.9853903672586278
6028.1			0.9933008843965503
6029.0			0.9977267312142476
6029.9			0.9945810642135204
6030.8			0.9920066636933984
6031.700000000001			0.993941473923658
6032.6			0.9954105490554626
6033.5			0.9959972563540581
6034.4			0.9976241907918375
6035.3			0.9983027905359761
6036.200000000001			1.0012490468099804
6037.1			1.0005754470401091
6038.0			1.0
6038.9			1.0
6039.8			1.0
6040.700000000001			1.0
6041.6			1.0
6042.5			1.0
6043.4			1.0
6044.3			1.0
6045.200000000001			1.0
6046.1			1.0
6047.0			1.0
6047.9			1.0
6048.8			1.0
6049.700000000001			1.0
6050.6			1.0
6051.5			1.0
6052.4			1.0
6053.3			1.0
6054.200000000001			1.0
6055.1			1.0
6056.0			1.0
6056.9			1.0
6057.8			1.0
6058.700000000001			1.0
6059.6			1.0
6060.5			1.0027599409019188
6061.4			0.9948712725950809
6062.3			0.9803708796742948
6063.200000000001			0.9596216933588684
6064.1			0.9296224392115944
6065.0			0.9034679223798968
6065.9			0.9100754433274983
6066.8			0.9464620984680091
6067.700000000001			0.9820851959290321
6068.6			0.9992534399728973
6069.5			1.001391355336272
6070.4			1.0
6071.3			1.0
6072.200000000001			1.0
6073.1			1.0
6074.0			1.0
6074.9			1.0
6075.8			1.0
6076.700000000001			1.0
6077.6			1.0
6078.5			1.0
6079.4			1.0
6080.3			1.0
6081.200000000001			1.0
6082.1			1.0
6083.0			1.0
6083.9			1.0
6084.8			1.0
6085.700000000001			1.0
6086.6			1.0
6087.5			1.0
6088.4			1.0
6089.3			1.0
6090.200000000001			1.0
6091.1			1.0
6092.0			1.0
6092.9			1.0
6093.8			1.0
6094.700000000001			1.0
6095.6			1.0
6096.5			1.0
6097.4			1.0
6098.3			1.0
6099.200000000001			1.0103659935709888
6100.1			1.0119174939916118
6101.0			0.957614522445573
6101.9			0.859121666077408
6102.8			0.8056128672290671
6103.700000000001			0.8522052228513385
6104.6			0.9413184770045826
6105.5			0.9935094733696209
6106.4			0.9998416074874368
6107.3			1.0
6108.200000000001			1.0
6109.1			1.0
6110.0			1.0
6110.9			1.0
6111.8			1.0
6112.700000000001			1.0
6113.6			1.0
6114.5			1.0
6115.4			1.0
6116.3			1.0
6117.200000000001			1.0
6118.1			1.0026172045019168
6119.0			0.9882495007816637
6119.9			0.9475720369576565
6120.8			0.8701051573577964
6121.700000000001			0.791139062718407
6122.6			0.7861238683837933
6123.5			0.8671308641918698
6124.4			0.9563916166897696
6125.3			0.9993202834240146
6126.200000000001			1.0055369822985345
6127.1			1.0000441237820488
6128.0			1.0
6128.9			1.0
6129.8			1.0
6130.700000000001			1.0
6131.6			1.0
6132.5			1.0
6133.4			1.001173679408981
6134.3			0.9729030136264893
6135.200000000001			0.9035865229025806
6136.1			0.8150068820415161
6137.0			0.7659450308422799
6137.9			0.8056844436744381
6138.8			0.904957464409531
6139.700000000001			0.9817423020863839
6140.6			0.9972587902568277
6141.5			1.0
6142.4			1.0
6143.3			1.0
6144.200000000001			1.0
6145.1			1.0
6146.0			1.0
6146.9			1.0
6147.8			1.0
6148.700000000001			1.0
6149.6			1.0
6150.5			1.0
6151.4			1.0
6152.3			1.0
6153.200000000001			1.0
6154.1			1.0
6155.0			1.0
6155.9			1.0
6156.8			1.0083420758718533
6157.700000000001			1.0149900551866937
6158.6			1.0150797910054197
6159.5			0.9788614240645368
6160.4			0.8765000836178414
6161.3			0.7436802951914261
6162.200000000001			0.6782454735976279
6163.1			0.7344697472444782
6164.0			0.8597978455504032
6164.9			0.9590433892801405
6165.8			0.9997614453073821
6166.700000000001			1.0130484873000387
6167.6			0.9998869569907339
6168.5			1.0
6169.4			1.0
6170.3			1.0
6171.200000000001			1.0
6172.1			1.0
6173.0			1.0
6173.9			1.0
6174.8			1.0
6175.700000000001			1.0
6176.6			1.0
6177.5			1.0
6178.4			1.0
6179.3			1.0
6180.200000000001			1.0
6181.1			1.0
6182.0			1.0
6182.9			1.0
6183.8			1.0
6184.700000000001			0.9934976746736667
6185.6			0.9791552776161382
6186.5			0.9648828504719998
6187.4			0.9605879434997066
6188.3			0.9628566474026102
6189.200000000001			0.9584287494054196
6190.1			0.9306380466318183
6191.0			0.8932581172153452
6191.9			0.895695646777865
6192.8			0.9490164437086068
6193.700000000001			1.0039873946195081
6194.6			1.03176880754709
6195.5			1.0466037560660335
6196.4			1.0577434300534183
6197.3			1.0552168719961994
6198.200000000001			1.0309530216324154
6199.1			1.0006116634773534
6200.0			1.0
6200.9			1.0
6201.8			1.0
6202.700000000001			1.0
6203.6			1.0
6204.5			1.0
6205.4			1.0
6206.3			1.01310588894668
6207.200000000001			1.020343746396004
6208.1			1.0166668601613642
6209.0			1.0052271424743615
6209.9			0.9922364181234039
6210.8			0.9866174737893156
6211.700000000001			0.9807290387297768
6212.6			0.9584932119280345
6213.5			0.9239121687262359
6214.4			0.8997665954396271
6215.3			0.8976827435266628
6216.200000000001			0.9186348142827687
6217.1			0.9518812721693685
6218.0			0.9675370712095909
6218.9			0.9530297021857393
6219.8			0.9280068838487396
6220.700000000001			0.9267226091183925
6221.6			0.95779186194127
6222.5			0.9932991304217991
6223.4			1.0049518329431029
6224.3			0.998443565992836
6225.200000000001			1.0
6226.1			1.0087692961362327
6227.0			1.0152433372590115
6227.9			1.009047907161272
6228.8			0.9745116433560231
6229.700000000001			0.9131631925155123
6230.6			0.8626601187541183
6231.5			0.8564481435746322
6232.4			0.8859289595393351
6233.3			0.9311757737902011
6234.200000000001			1.0
6235.1			1.03844806473204
6236.0			1.0447843804103665
6236.9			1.0343223813330786
6237.8			1.0217000334904889
6238.700000000001			1.0014055687583219
6239.6			0.9764132675618495
6240.5			0.9685709406467096
6241.4			0.9701425733128262
6242.3			0.9573253999548038
6243.200000000001			0.94251772276415
6244.1			0.9481420478535854
6245.0			0.9567182292843706
6245.9			0.959954260046269
6246.8			1.0
6247.700000000001			1.0372367577487487
6248.6			1.0641892731328353
6249.5			1.0643943191102958
6250.4			1.0400893755767635
6251.3			0.9931942583090488
6252.200000000001			0.9435319969513924
6253.1			0.9243868078392313
6254.0			0.9379888847944592
6254.9			0.9558342165744679
6255.8			0.9502912856130462
6256.700000000001			0.9231817731028871
6257.6			0.8945498773510654
6258.5			0.8847579465433497
6259.4			0.9046210337552052
6260.3			0.9390781719611064
6261.200000000001			0.9728096955667023
6262.1			1.0111677648915314
6263.0			1.0404658262784532
6263.9			1.0322562726972344
6264.8			0.9971945269846871
6265.700000000001			0.9785200008810598
6266.6			0.9911628911313092
6267.5			1.01046377107613
6268.4			1.013071187997214
6269.3			1.0012905158769791
6270.200000000001			1.0
6271.1			1.0
6272.0			1.0
6272.9			1.0
6273.8			1.0
6274.700000000001			1.0
6275.6			1.0
6276.5			1.0
6277.4			1.0
6278.3			1.0
6279.200000000001			1.0
6280.1			1.0
6281.0			1.0
6281.9			1.0
6282.8			1.0
6283.700000000001			1.0
6284.6			1.0
6285.5			1.0
6286.4			1.0
6287.3			1.0
6288.200000000001			1.0
6289.1			1.0
6290.0			1.0
6290.9			0.9784399373317478
6291.8			0.9674022671021135
6292.700000000001			0.9688975227762047
6293.6			0.9816066309338983
6294.5			0.9939058849150274
6295.4			0.9881014952132369
6296.3			0.9649102933399132
6297.200000000001			0.9500189886240299
6298.1			0.9627926784095443
6299.0			0.9848798047153867
6299.9			0.9824010030348437
6300.8			0.945779842443335
6301.700000000001			0.9106113910975767
6302.6			0.9161510745519839
6303.5			0.9509275737696736
6304.4			0.9770771597030733
6305.3			0.9846664038310111
6306.200000000001			0.9993451128257284
6307.1			1.0258823893176996
6308.0			1.0
6308.9			1.0019585707284577
6309.8			0.9853906690948747
6310.700000000001			0.9625171597631602
6311.6			0.9505508438912791
6312.5			0.9533269166811742
6313.4			0.952681095113185
6314.3			0.9349910697823027
6315.200000000001			0.919908004907037
6316.1			0.9194730931790551
6317.0			0.9059983569319867
6317.9			0.8708852970829803
6318.8			0.8571244730978367
6319.700000000001			0.8939568274741697
6320.6			0.9462990590140787
6321.5			0.970438253044265
6322.4			0.9720399390538048
6323.3			0.9808121163423481
6324.200000000001			1.000878434612551
6325.1			1.0133327811522497
6326.0			1.0104794175720349
6326.9			1.0024707519382512
6327.8			0.9996876563195033
6328.700000000001			1.0003106670775281
6329.6			1.0
6330.5			1.0
6331.4			1.0122893620947349
6332.3			1.037583491463557
6333.200000000001			1.0483228232940283
6334.1			1.0201990747805227
6335.0			0.9603321781501585
6335.9			0.9133310359245703
6336.8			0.915371538045444
6337.700000000001			0.9527952576958632
6338.6			0.9884422328563789
6339.5			1.0127261612850378
6340.4			1.0321479186451437
6341.3			1.0324124578844547
6342.200000000001			1.0022619192445077
6343.1			1.0
6344.0			1.0
6344.9			1.0
6345.8			1.0
6346.700000000001			1.0
6347.6			1.0
6348.5			1.0
6349.4			0.9938163400924024
6350.3			0.9964098313099621
6351.200000000001			1.0053081854698542
6352.1			1.0105933869451549
6353.0			1.0013069674395274
6353.9			0.9730957893631009
6354.8			0.9484888228494728
6355.700000000001			0.9500393237688701
6356.6			0.9613676506805913
6357.5			0.9515011944301609
6358.4			0.9260850841790204
6359.3			0.9067017576624149
6360.200000000001			0.8922009738687368
6361.1			0.8735124301452858
6362.0			0.858943318463348
6362.9			0.8641790492470021
6363.8			0.889561161181619
6364.700000000001			0.9203118908621599
6365.6			0.9441100693007097
6366.5			0.9607473420298024
6367.4			0.980322805284341
6368.3			0.9964928689293999
6369.200000000001			0.998554890280332
6370.1			0.9947329119631331
6371.0			0.9991513378319063
6371.9			1.0109142343331226
6372.8			1.0143598473170619
6373.700000000001			1.0069773213857058
6374.6			1.0000037498579852
6375.5			1.0
6376.4			1.0
6377.3			1.0
6378.200000000001			1.0
6379.1			1.0
6380.0			1.0
6380.9			1.0
6381.8			1.0
6382.700000000001			1.0
6383.6			1.0
6384.5			1.0
6385.4			1.0
6386.3			1.0
6387.200000000001			1.0
6388.1			1.0
6389.0			1.0
6389.9			1.0
6390.8			1.0
6391.700000000001			1.0
6392.6			1.0
6393.5			1.0
6394.4			1.0
6395.3			1.0
6396.200000000001			1.0395710017786466
6397.1			1.047438195149861
6398.0			1.0131808606732984
6398.9			0.9348810210273428
6399.8			0.8681463563536017
6400.700000000001			0.8787152147356977
6401.6			0.942844319649196
6402.5			0.9909074720660193
6403.4			1.0
6404.3			0.9975452360293438
6405.200000000001			0.9879831576129036
6406.1			0.9712505078972177
6407.0			0.9480193038087077
6407.9			0.9391052933115344
6408.8			0.9599723305223703
6409.700000000001			0.977385648186284
6410.6			0.9552912059941484
6411.5			0.9247854235760218
6412.4			0.9372952063431523
6413.3			0.9808754889895507
6414.200000000001			1.0125341869308035
6415.1			1.0238458733002576
6416.0			1.0
6416.9			0.9976437971900727
6417.8			0.9868858320544153
6418.700000000001			0.9597585712665769
6419.6			0.9212340228970413
6420.5			0.8932775859586515
6421.4			0.9026216181692837
6422.3			0.946526667230543
6423.200000000001			0.9883331687807445
6424.1			1.000314651497355
6425.0			1.0
6425.9			1.0
6426.8			1.0
6427.700000000001			1.0
6428.6			1.0
6429.5			1.0
6430.4			1.0
6431.3			1.0
6432.200000000001			1.0
6433.1			1.0
6434.0			1.0
6434.9			1.0
6435.8			0.9929164165726688
6436.700000000001			0.9692529092326712
6437.6			0.9126525285607248
6438.5			0.8470190197155981
6439.4			0.8351181328383182
6440.3			0.8907657009888382
6441.200000000001			0.9584152565091192
6442.1			0.9950796036586301
6443.0			1.0009769372382917
6443.9			1.0
6444.8			1.0
6445.700000000001			1.0122638449796453
6446.6			1.0160118014018638
6447.5			0.9903552290776104
6448.4			0.9238298489055534
6449.3			0.8527929874805785
6450.200000000001			0.840419523949947
6451.1			0.89361451371977
6452.0			0.9620386624254363
6452.9			1.005329816101824
6453.8			1.015536533809196
6454.700000000001			1.0044584120263729
6455.6			1.0
6456.5			1.0
6457.4			1.0
6458.3			1.0
6459.200000000001			1.0090074503355424
6460.1			0.9910907759985731
6461.0			0.9370617997284246
6461.9			0.8647271054662768
6462.8			0.8333054137949725
6463.700000000001			0.8729008964850694
6464.6			0.9372871647249917
6465.5			0.9795098691396344
6466.4			0.9996079791976179
6467.3			1.0
6468.200000000001			1.0
6469.1			1.0
6470.0			1.0
6470.9			1.0
6471.8			1.0
6472.700000000001			1.0
6473.6			1.0
6474.5			1.0
6475.4			1.0
6476.3			1.0
6477.200000000001			1.0
6478.1			1.0
6479.0			1.0
6479.9			1.0
6480.8			1.0
6481.700000000001			1.0
6482.6			1.0
6483.5			1.0
6484.4			1.0
6485.3			1.0
6486.200000000001			1.0
6487.1			1.0
6488.0			1.0006365252234397
6488.9			0.9995109498900604
6489.8			0.9919758052465866
6490.700000000001			0.9806458592630893
6491.6			0.9664572110768737
6492.5			0.9264695491997365
6493.4			0.844945360002445
6494.3			0.7653829517908558
6495.200000000001			0.7495372206019474
6496.1			0.8007453242754379
6497.0			0.8679721038230017
6497.9			0.9071135760633258
6498.8			0.9164295508539677
6499.700000000001			0.9284645380082209
6500.6			0.9556599462785896
6501.5			0.9830133312905306
6502.4			0.9993294428436417
6503.3			1.0
6504.200000000001			1.0
6505.1			1.0
6506.0			1.0
6506.9			1.0
6507.8			1.0
6508.700000000001			1.0
6509.6			1.0
6510.5			1.0
6511.4			1.0
6512.3			1.0
6513.200000000001			1.0
6514.1			1.0
6515.0			1.0
6515.9			1.0
6516.8			1.0
6517.700000000001			1.0
6518.6			1.0
6519.5			1.0
6520.4			1.0
6521.3			1.0
6522.200000000001			1.0
6523.1			1.0
6524.0			1.0
6524.9			1.0
6525.8			1.0
6526.700000000001			1.0
6527.6			1.0
6528.5			1.0
6529.4			1.0
6530.3			1.0
6531.200000000001			1.0
6532.1			1.0
6533.0			1.0
6533.9			1.0
6534.8			1.0
6535.700000000001			1.0
6536.6			1.0
6537.5			1.0
6538.4			1.0
6539.3			1.0
6540.200000000001			1.0
6541.1			1.0
6542.0			1.0
6542.9			1.0
6543.8			1.0
6544.700000000001			1.0
6545.6			1.0
6546.5			1.0
6547.4			1.0
6548.3			1.0
6549.200000000001			1.0
6550.1			1.0
6551.0			1.0
6551.9			1.0
6552.8			1.0
6553.700000000001			1.0
6554.6			1.0
6555.5			1.0
6556.4			1.0
6557.3			1.0
6558.200000000001			1.0112800867235943
6559.1			1.0123356670502561
6560.0			0.9944973307360989
6560.9			0.9293784525127925
6561.8			0.8114014592677825
6562.700000000001			0.7214001844674609
6563.6			0.7488117085883704
6564.5			0.859033037905885
6565.4			0.9532867297487927
6566.3			0.9948991382902314
6567.200000000001			0.9999628822426742
6568.1			1.0
6569.0			1.0
6569.9			1.0
6570.8			1.0
6571.700000000001			1.0
6572.6			1.0
6573.5			1.0
6574.4			1.0
6575.3			1.0
6576.200000000001			1.0
6577.1			1.0
6578.0			1.0
6578.9			1.0
6579.8			1.0
6580.700000000001			1.0
6581.6			1.0
6582.5			1.0
6583.4			1.0
6584.3			1.0
6585.200000000001			1.0
6586.1			1.0
6587.0			1.0
6587.9			1.0
6588.8			1.0066130630952783
6589.700000000001			1.0090735696246564
6590.6			1.002278373213138
6591.5			0.9694742236694868
6592.4			0.9184636418609899
6593.3			0.893130697154958
6594.200000000001			0.919412256564982
6595.1			0.9720637095928375
6596.0			1.008803768776444
6596.9			1.0132457897982297
6597.8			1.0005261829998073
6598.700000000001			1.0
6599.6			1.0
6600.5			1.0
6601.4			1.0
6602.3			1.0
6603.200000000001			1.0
6604.1			1.0
6605.0			1.0
6605.9			1.0
6606.8			1.0
6607.700000000001			1.0
6608.6			1.0
6609.5			1.0
6610.4			1.0
6611.3			1.0
6612.200000000001			1.0
6613.1			1.0
6614.0			1.0
6614.9			1.0
6615.8			1.0
6616.700000000001			1.0
6617.6			1.0
6618.5			1.0
6619.4			1.0
6620.3			1.0
6621.200000000001			1.0
6622.1			1.0
6623.0			1.0
6623.9			1.0
6624.8			1.0
6625.700000000001			1.0
6626.6			1.0156118735006963
6627.5			1.0206889756060396
6628.4			1.0136992231468107
6629.3			1.0037703845554093
6630.200000000001			0.9963407067915749
6631.1			0.9913670781239313
6632.0			0.9797064739045831
6632.9			0.9568625715854476
6633.8			0.939079932070402
6634.700000000001			0.9474600132108186
6635.6			0.9777479276505039
6636.5			1.0063352081807952
6637.4			1.0162681406884329
6638.3			1.0069184112852783
6639.200000000001			0.9912615745860541
6640.1			0.9893532958450153
6641.0			0.9998592270721397
6641.9			1.0
6642.8			1.0
6643.700000000001			1.0
6644.6			1.0
6645.5			1.0
6646.4			1.0
6647.3			1.0
6648.200000000001			1.0
6649.1			1.0
6650.0			1.0
6650.9			1.0
6651.8			1.0
6652.700000000001			1.0
6653.6			1.0
6654.5			1.0
6655.4			1.0
6656.3			1.0
6657.200000000001			1.0
6658.1			1.0
6659.0			1.0
6659.9			1.0
6660.8			1.0
6661.700000000001			1.0
6662.6			1.0
6663.5			1.0
6664.4			1.0
6665.3			1.0
6666.200000000001			1.0
6667.1			1.0
6668.0			1.0
6668.9			1.0
6669.8			1.0
6670.700000000001			1.0
6671.6			1.0
6672.5			1.0
6673.4			1.0
6674.3			1.002874863062849
6675.200000000001			1.0028978466909018
6676.1			0.9800909094384734
6677.0			0.9267851453530473
6677.9			0.8814819122122418
6678.8			0.8920794016233985
6679.700000000001			0.9441542000097017
6680.6			0.9866329324696721
6681.5			0.9999087462669293
6682.4			1.0
6683.3			1.0
6684.200000000001			1.0
6685.1			1.0
6686.0			1.0
6686.9			1.0
6687.8			1.0
6688.700000000001			1.0
6689.6			1.0
6690.5			1.0
6691.4			1.0
6692.3			1.0
6693.200000000001			1.0
6694.1			1.0
6695.0			1.0
6695.9			1.0
6696.8			1.0
6697.700000000001			1.0
6698.6			1.0
6699.5			1.0
6700.4			1.0
6701.3			1.0
6702.200000000001			1.0
6703.1			1.0
6704.0			1.0
6704.9			1.0
6705.8			1.0
6706.700000000001			1.0
6707.6			1.0
6708.5			1.0
6709.4			1.0
6710.3			1.0
6711.200000000001			0.9978054863316603
6712.1			0.9966596150660691
6713.0			0.9884250196196068
6713.9			0.9767751448955239
6714.8			0.9661337872335907
6715.700000000001			0.950134220707688
6716.6			0.9238518407031878
6717.5			0.9055205159489672
6718.4			0.9238113171275185
6719.3			0.9691105312364614
6720.200000000001			0.9992156493683543
6721.1			1.000068757108185
6722.0			0.9930797186399462
6722.9			0.9964926201978539
6723.8			1.0000496006444124
6724.700000000001			1.0
6725.6			1.0
6726.5			1.0
6727.4			1.0
6728.3			1.0
6729.200000000001			1.0
6730.1			1.0
6731.0			1.0
6731.9			1.0
6732.8			1.0
6733.700000000001			1.0
6734.6			1.0
6735.5			1.0
6736.4			1.0
6737.3			1.0
6738.200000000001			1.0
6739.1			1.0
6740.0			1.0
6740.9			1.0
6741.8			1.0
6742.700000000001			1.0
6743.6			1.0
6744.5			1.0
6745.4			1.0
6746.3			1.0
6747.200000000001			1.0
6748.1			1.0
6749.0			1.0
6749.9			1.0
6750.8			1.0
6751.700000000001			1.0
6752.6			1.0
6753.5			1.0
6754.4			1.0
6755.3			1.0
6756.200000000001			1.0
6757.1			1.0
6758.0			1.0
6758.9			1.0
6759.8			1.0
6760.700000000001			1.0
6761.6			1.0
6762.5			1.0
6763.4			1.0
6764.3			1.0
6765.200000000001			1.0
6766.1			1.0
6767.0			1.0
6767.9			1.0
6768.8			1.0
6769.700000000001			1.0
6770.6			1.0
6771.5			1.0
6772.4			1.0
6773.3			1.0
6774.200000000001			1.0
6775.1			1.0
6776.0			1.0
6776.9			1.0
6777.8			1.0
6778.700000000001			1.0
6779.6			1.0
6780.5			1.0
6781.4			1.0
6782.3			1.0
6783.200000000001			1.0
6784.1			1.0
6785.0			1.0
6785.9			1.0
6786.8			1.0
6787.700000000001			1.0
6788.6			1.0
6789.5			1.0
6790.4			1.0
6791.3			1.0
6792.200000000001			1.0
6793.1			1.0
6794.0			1.0
6794.9			1.0
6795.8			1.0
6796.700000000001			1.0
6797.6			1.0
6798.5			1.0
6799.4			1.0
6800.3			1.0
6801.200000000001			1.0
6802.1			1.0
6803.0			1.0
6803.9			1.0
6804.8			1.0
6805.700000000001			1.0
6806.6			1.0
6807.5			1.0
6808.4			1.0
6809.3			1.0
6810.200000000001			1.0
6811.1			1.0
6812.0			1.0
6812.9			1.0
6813.8			1.0
6814.700000000001			1.0
6815.6			1.0
6816.5			1.0
6817.4			1.0
6818.3			1.0
6819.200000000001			1.0
6820.1			1.0
6821.0			1.0
6821.9			1.0
6822.8			1.0
6823.700000000001			1.0
6824.6			1.0
6825.5			1.0
6826.4			1.0
6827.3			1.0
6828.200000000001			1.0
6829.1			1.0
6830.0			1.0
6830.9			1.0
6831.8			1.0
6832.700000000001			1.0
6833.6			1.0
6834.5			1.0
6835.4			1.0012098980462485
6836.3			1.0001475121473615
6837.200000000001			0.9931014475245261
6838.1			0.9791420610557237
6839.0			0.9606205581101922
6839.9			0.9422243242399312
6840.8			0.9262498492292462
6841.700000000001			0.9152451098683458
6842.6			0.9179687782235519
6843.5			0.9381306498679871
6844.4			0.9672574801002733
6845.3			0.9922075064954816
6846.200000000001			1.0033444893674
6847.1			1.0038748892157168
6848.0			0.9999167763312833
6848.9			1.0
6849.8			1.0
6850.700000000001			1.0
6851.6			1.0
6852.5			1.0
6853.4			1.0
6854.3			1.0
6855.200000000001			1.0
6856.1			1.0
6857.0			1.0
6857.9			1.0
6858.8			1.0
6859.700000000001			1.0
6860.6			1.0
6861.5			1.0
6862.4			1.0
6863.3			1.0
6864.200000000001			1.0
6865.1			1.0
6866.0			1.0
6866.9			1.0
6867.8			1.0
6868.700000000001			1.0
6869.6			1.0
6870.5			1.0
6871.4			1.0
6872.3			1.0
6873.200000000001			1.0
6874.1			0.9958201669859996
6875.0			0.9928760171613288
6875.9			0.997597736278923
6876.8			1.0079609640289464
6877.700000000001			1.0165980608772358
6878.6			1.0212613728572615
6879.5			1.0165737467852758
6880.4			0.9959016165196144
6881.3			0.963171501783138
6882.200000000001			0.9376170473777579
6883.1			0.9388211998096165
6884.0			0.9598208326443736
6884.9			0.9796941185063585
6885.8			0.9891574796233443
6886.700000000001			0.9906740910807073
6887.6			0.9966948454614051
6888.5			1.0088532447847485
6889.4			1.0104286134813445
6890.3			0.9984220508502678
6891.200000000001			1.0
6892.1			1.0
6893.0			1.0
6893.9			1.0
6894.8			1.0
6895.700000000001			1.0
6896.6			1.0
6897.5			1.0
6898.4			1.0
6899.3			1.0
6900.200000000001			1.0
6901.1			1.0
6902.0			1.0
6902.9			1.0
6903.8			1.0
6904.700000000001			1.0
6905.6			1.0
6906.5			1.0
6907.4			1.0
6908.3			1.0
6909.200000000001			1.0
6910.1			1.0
6911.0			1.0
6911.9			1.0
6912.8			1.0
6913.700000000001			1.0
6914.6			1.0
6915.5			1.0
6916.4			1.0
6917.3			1.0
6918.200000000001			1.0
6919.1			1.0
6920.0			1.0
6920.9			1.0
6921.8			1.0
6922.700000000001			1.0
6923.6			1.0
6924.5			1.0
6925.4			1.0
6926.3			1.0
6927.200000000001			1.0
6928.1			1.0
6929.0			1.0
6929.9			1.0
6930.8			1.0
6931.700000000001			1.0
6932.6			1.0
6933.5			1.0
6934.4			1.0
6935.3			1.0
6936.200000000001			1.0
6937.1			1.0
6938.0			1.0
6938.9			1.0
6939.8			1.0
6940.700000000001			1.0
6941.6			1.0
6942.5			1.0
6943.4			1.0
6944.3			1.0
6945.200000000001			1.0
6946.1			1.0
6947.0			1.0
6947.9			1.0
6948.8			1.0
6949.700000000001			1.0
6950.6			1.0
6951.5			1.0
6952.4			1.0
6953.3			1.0
6954.200000000001			1.0
6955.1			1.0
6956.0			1.0
6956.9			1.0
6957.8			1.0
6958.700000000001			1.0
6959.6			1.0
6960.5			1.0
6961.4			1.0
6962.3			1.0
6963.200000000001			1.0
6964.1			1.0
6965.0			1.0
6965.9			1.0
6966.8			1.0
6967.700000000001			1.0
6968.6			1.0
6969.5			1.0
6970.4			1.0
6971.3			0.9910883150307532
6972.200000000001			0.9953406354652906
6973.1			1.0041052543511546
6974.0			0.9975522173324
6974.9			0.9759290041117854
6975.8			0.9538048297117419
6976.700000000001			0.9313674692867236
6977.6			0.8989895631709017
6978.5			0.8725758362327543
6979.4			0.8791040881348533
6980.3			0.9147120678658055
6981.200000000001			0.9535855362195719
6982.1			0.9795813420265151
6983.0			0.9912217448695213
6983.9			0.9965145831754822
6984.8			0.9999659227097719
6985.700000000001			1.0000087725020212
6986.6			1.0
6987.5			1.0
6988.4			1.0
6989.3			1.0
6990.200000000001			1.0
6991.1			1.0
6992.0			1.0
6992.9			1.0
6993.8			1.0
6994.700000000001			1.0
6995.6			1.0
6996.5			1.0
6997.4			1.0
6998.3			1.0
6999.200000000001			1.0
7000.1			1.0
7001.0			1.0
7001.9			1.0205356236237126
7002.8			1.0259449268354854
7003.700000000001			1.0163594133010572
7004.6			1.0059277730191836
7005.5			0.9986882454519856
7006.4			0.9959760927005818
7007.3			0.9977543803525679
7008.200000000001			1.002845420247177
7009.1			1.0062563882657733
7010.0			1.0027391954865683
7010.9			0.9941808439712496
7011.8			0.987748329567581
7012.700000000001			0.9912436474611589
7013.6			0.9988944615830961
7014.5			0.9901892833096632
7015.4			0.9564041112642799
7016.3			0.9254295943045829
7017.200000000001			0.9326662731064078
7018.1			0.9718624025124678
7019.0			1.0093121394043154
7019.9			1.0293269001909289
7020.8			1.0318775332771313
7021.700000000001			1.0126077005588077
7022.6			0.9782356654852751
7023.5			0.9494242059153177
7024.4			0.9437143983632901
7025.3			0.9620594376634377
7026.200000000001			0.9872439074451032
7027.1			1.0020917800269389
7028.0			1.0084242874217102
7028.9			1.0132283676439786
7029.8			1.0121672659744367
7030.700000000001			1.000118276405864
7031.6			1.0
7032.5			1.0
7033.4			1.0
7034.3			1.0
7035.200000000001			1.0
7036.1			1.0
7037.0			1.0
7037.9			1.0
7038.8			1.0
7039.700000000001			1.0
7040.6			1.0
7041.5			1.0
7042.4			1.0
7043.3			1.0
7044.200000000001			1.0
7045.1			1.0
7046.0			1.0
7046.9			1.0
7047.8			1.0
7048.700000000001			1.0
7049.6			1.0
7050.5			1.0
7051.4			1.0
7052.3			1.0
7053.200000000001			1.0
7054.1			1.0
7055.0			1.0
7055.9			1.0
7056.8			1.0
7057.700000000001			1.0
7058.6			1.0
7059.5			1.0
7060.4			1.0
7061.3			1.0
7062.200000000001			1.0
7063.1			1.0
7064.0			1.0
7064.9			1.0
7065.8			1.0
7066.700000000001			1.0
7067.6			1.0
7068.5			1.0
7069.4			1.0
7070.3			1.0
7071.200000000001			1.0
7072.1			1.0
7073.0			1.0
7073.9			1.0
7074.8			1.0
7075.700000000001			1.0000740041249037
7076.6			1.0041761692423963
7077.5			1.0072163766783864
7078.4			1.0079570083993845
7079.3			1.0098572666278025
7080.200000000001			1.0130718182262808
7081.1			1.0106843709320674
7082.0			0.9946009731948448
7082.9			0.9583060936885741
7083.8			0.913336358084227
7084.700000000001			0.8943601105216866
7085.6			0.9163215501857679
7086.5			0.9514843262946964
7087.4			0.9733026864276233
7088.3			0.9793485531295756
7089.200000000001			0.9745064119240165
7090.1			0.9670280428831606
7091.0			0.9686375196356841
7091.9			0.9797968394047343
7092.8			0.9928224229381161
7093.700000000001			0.9990063976382577
7094.6			1.0
7095.5			1.0
7096.4			1.0009248776282011
7097.3			1.0105965281245606
7098.200000000001			1.0240835670301391
7099.1			1.0334762508971105
7100.0			1.0356312895635682
7100.9			1.0290326327844435
7101.8			1.01566690603176
7102.700000000001			1.0023927535218682
7103.6			0.9998434761005887
7104.5			1.0
7105.4			1.0
7106.3			1.0
7107.200000000001			1.0
7108.1			1.0
7109.0			1.0
7109.9			1.0
7110.8			1.0
7111.700000000001			1.0
7112.6			1.0
7113.5			1.0
7114.4			1.0
7115.3			1.0
7116.200000000001			1.0
7117.1			1.0
7118.0			1.0
7118.9			1.0
7119.8			1.0
7120.700000000001			1.0
7121.6			1.0
7122.5			1.0
7123.4			1.0
7124.3			1.0
7125.200000000001			1.0
7126.1			1.0
7127.0			1.0
7127.9			1.0
7128.8			1.0
7129.700000000001			1.0
7130.6			0.9748489141286641
7131.5			0.9753601931295998
7132.4			0.9984275443233469
7133.3			1.0249146163472276
7134.200000000001			1.0441189096303491
7135.1			1.0503655558044986
7136.0			1.0516638892884658
7136.9			1.055747748918801
7137.8			1.0542375453252728
7138.700000000001			1.0424633825815535
7139.6			1.0345948562336462
7140.5			1.0403248748687
7141.4			1.0472405397633864
7142.3			1.042926666177363
7143.200000000001			1.0311102908534395
7144.1			1.0205596170584927
7145.0			1.015706211372214
7145.9			1.0050753383674444
7146.8			0.9722547141665467
7147.700000000001			0.9324143474864297
7148.6			0.9301562401719619
7149.5			0.9706318120887458
7150.4			1.0100108514932407
7151.3			1.0259752373519244
7152.200000000001			1.0374898290829033
7153.1			1.0489200084816344
7154.0			1.0446841357557697
7154.9			1.0281728938957528
7155.8			1.0245764929574341
7156.700000000001			1.0429363033389072
7157.6			1.064467910256795
7158.5			1.0656146850481119
7159.4			1.0500020102251386
7160.3			1.0411488331430185
7161.200000000001			1.0467752795235024
7162.1			1.0454325467607963
7163.0			1.0148327145581528
7163.9			0.9698965213712941
7164.8			0.9485314769803319
7165.700000000001			0.9696920035717668
7166.6			1.0140713540501176
7167.5			1.0474124122043507
7168.4			1.0560764492595818
7169.3			1.0532994795127604
7170.200000000001			1.0549697131921871
7171.1			1.0623681698951932
7172.0			1.0697971175660028
7172.9			1.0756216144094106
7173.8			1.0730456177366208
7174.700000000001			1.0520703025323868
7175.6			1.0226977323114033
7176.5			1.0201349809152602
7177.4			1.0503670444513908
7178.3			1.069381299848223
7179.200000000001			1.048407972303623
7180.1			1.0071788649085356
7181.0			0.9823866455130857
7181.9			0.9907543305229778
7182.8			1.016119963472488
7183.700000000001			1.0344754694079636
7184.6			1.0317447339201187
7185.5			1.001882242263188
7186.4			0.9581455199865521
7187.3			1.0
7188.200000000001			0.9990046430663487
7189.1			1.0220651276192003
7190.0			1.0487794896753988
7190.9			1.0665656109089519
7191.8			1.0637144793947104
7192.700000000001			1.04895336554314
7193.6			1.0486694840542412
7194.5			1.068221413857153
7195.4			1.0852705508006437
7196.3			1.0850936628718773
7197.200000000001			1.0809883690741042
7198.1			1.0871913329391205
7199.0			1.0961969130287308
7199.9			1.0964603953403311
7200.8			1.0714261351411907
7201.700000000001			1.0303860582319813
7202.6			1.0201490232340469
7203.5			1.0555010861006622
7204.4			1.0928760394494914
7205.3			1.0872188088929413
7206.200000000001			1.0356538241252795
7207.1			0.9813214589078533
7208.0			0.9644101381970065
7208.9			0.9872462138963473
7209.8			1.030354810571185
7210.700000000001			1.0700701720100967
7211.6			1.0851313162555005
7212.5			1.0784078360273472
7213.4			1.0698979493480618
7214.3			1.0647845747282665
7215.200000000001			1.0554390454379605
7216.1			1.0517051080029973
7217.0			1.061717749847256
7217.9			1.0758686976505258
7218.8			1.0804916665779263
7219.700000000001			1.0771417828208918
7220.6			1.0730765133997078
7221.5			1.0679297097428193
7222.4			1.0608150639359957
7223.3			1.058479825357877
7224.200000000001			1.0647846850278184
7225.1			1.0708698173365185
7226.0			1.0730256647925542
7226.9			1.0729537818207948
7227.8			1.0689388037893925
7228.700000000001			1.0640117761382266
7229.6			1.0656924764117484
7230.5			1.075315486187483
7231.4			1.0867897227773455
7232.3			1.0945969016129589
7233.200000000001			1.097347819139033
7234.1			1.095449020974438
7235.0			1.090093981833836
7235.9			1.081268538836276
7236.8			1.0746162272319681
7237.700000000001			1.0687102517272777
7238.6			1.0605438371867264
7239.5			1.059000151683835
7240.4			1.0731528899642737
7241.3			1.087814700454743
7242.200000000001			1.0853053073657373
7243.1			1.0699007005442625
7244.0			1.0514962082192398
7244.9			1.039437290580177
7245.8			1.0426923931903957
7246.700000000001			1.060651951938745
7247.6			1.0799803710092268
7248.5			1.0854110009520566
7249.4			1.0722262794156954
7250.3			1.046413142433222
7251.200000000001			1.0259549374292662
7252.1			1.030737283805972
7253.0			1.050395758279113
7253.9			1.0597548853595609
7254.8			1.0533710626253467
7255.700000000001			1.0489044875892672
7256.6			1.0574923035806134
7257.5			1.0668183356504866
7258.4			1.0662908921382768
7259.3			1.054430248352109
7260.200000000001			1.0273284060618948
7261.1			0.9979879972890408
7262.0			0.9937507826109391
7262.9			1.0150436064972943
7263.8			1.0376308154211524
7264.700000000001			1.055937135195976
7265.6			1.0674228785850932
7266.5			1.0639992450164606
7267.4			1.0533212317177274
7268.3			1.047159959001522
7269.200000000001			1.0473744729378465
7270.1			1.0444959371657134
7271.0			1.0351670642448374
7271.9			1.0321897295412614
7272.8			1.0
7273.700000000001			1.0112642824548146
7274.6			1.0
7275.5			1.0094139157463808
7276.4			1.0164442866224965
7277.3			1.0162188790323707
7278.200000000001			1.0107420693072917
7279.1			1.0068448280445035
7280.0			1.0074670052367665
7280.9			1.0050664473193647
7281.8			0.9921778654482615
7282.700000000001			0.9770205939343424
7283.6			0.9671805523962101
7284.5			0.9690731948805571
7285.4			0.9852366353601038
7286.3			1.0080059487659436
7287.200000000001			1.014819340735438
7288.1			0.9956728124351569
7289.0			0.97748128199694
7289.9			0.9840677082205441
7290.8			0.9963446209046487
7291.700000000001			0.9934709049283117
7292.6			0.9868813160623751
7293.5			1.000809675530057
7294.4			1.0363252704984938
7295.3			1.0732687012622792
7296.200000000001			1.0949981156752684
7297.1			1.0970469948839543
7298.0			1.082379221932904
7298.9			1.0668351946481742
7299.8			1.0680801753874145
7300.700000000001			1.0805446031929347
7301.6			1.0920011492187354
7302.5			1.1007978618683045
7303.4			1.1158939968137704
7304.3			1.1299435863926468
7305.200000000001			1.1301622675680778
7306.1			1.1177629595702192
7307.0			1.1042948855699426
7307.9			1.1072375638333496
7308.8			1.1276866477163332
7309.700000000001			1.1365807840253876
7310.6			1.1248635007188454
7311.5			1.1217809328194204
7312.4			1.1442085653907996
7313.3			1.171212943986236
7314.200000000001			1.1849917943571855
7315.1			1.1870886691013844
7316.0			1.182992020237181
7316.9			1.176488614641704
7317.8			1.1767412017205359
7318.700000000001			1.1851138187547878
7319.6			1.193634525541357
7320.5			1.2043701202631543
7321.4			1.2153766497662541
7322.3			1.2195448715544588
7323.200000000001			1.2111847368167423
7324.1			1.1832118608376692
7325.0			1.1384557490109437
7325.9			1.1129689923933257
7326.8			1.139336398209756
7327.700000000001			1.195364675005709
7328.6			1.2368827855697209
7329.5			1.2500141286473947
7330.4			1.250641387298096
7331.3			1.250302763611812
7332.200000000001			1.2556652507587833
7333.1			1.2650624290689498
7334.0			1.2694097688781276
7334.9			1.2741840554177355
7335.8			1.288440187670936
7336.700000000001			1.3079340853895334
7337.6			1.3227301543511254
7338.5			1.332023790803521
7339.4			1.3399739843269587
7340.3			1.3482653790437356
7341.200000000001			1.355982265330951
7342.1			1.3581569099318807
7343.0			1.34314384086984
7343.9			1.3227671132057843
7344.8			1.318540502930552
7345.700000000001			1.3375144620705297
7346.6			1.3708750363936302
7347.5			1.4029276076215194
7348.4			1.4111602361579036
7349.3			1.387595676956976
7350.200000000001			1.3551326822500005
7351.1			1.3434410583174754
7352.0			1.3551847592359454
7352.9			1.3709206125278977
7353.8			1.3662358967919062
7354.700000000001			1.3312090327920834
7355.6			1.2939879665210876
7356.5			1.2981922572974023
7357.4			1.3494752252552569
7358.3			1.4109368941944465
7359.200000000001			1.445598856406967
7360.1			1.4327602981753935
7361.0			1.387146483169777
7361.9			1.3502230813717844
7362.8			1.355087760329012
7363.700000000001			1.391555102974407
7364.6			1.43118433977369
7365.5			1.4581107041057133
7366.4			1.4750767046802657
7367.3			1.4967462074658502
7368.200000000001			1.521078386121356
7369.1			1.5386498199177423
7370.0			1.5526016296441136
7370.9			1.5711111741103048
7371.8			1.5864468323152632
7372.700000000001			1.5919033573723216
7373.6			1.5919194259794505
7374.5			1.5858274878078407
7375.4			1.5779640043974634
7376.3			1.5842609704441892
7377.200000000001			1.6069293651387997
7378.1			1.6306275677615834
7379.0			1.64076606323624
7379.9			1.6362461957247165
7380.8			1.6218217573867284
7381.700000000001			1.603334341989883
7382.6			1.5979516383995502
7383.5			1.608552443476144
7384.4			1.6113770675380428
7385.3			1.5838220246940196
7386.200000000001			1.5382593859088112
7387.1			1.5058614467862401
7388.0			1.4995461962583554
7388.9			1.5237903760918008
7389.8			1.5829293944134528
7390.700000000001			1.661301544269112
7391.6			1.7094494234837172
7392.5			1.7070115135424215
7393.4			1.6957444770788508
7394.3			1.7224744922347108
7395.200000000001			1.7731669714254865
7396.1			1.8051757996131679
7397.0			1.8112909170740734
7397.9			1.8074966559407848
7398.8			1.7967733136440893
7399.700000000001			1.768386514221546
7400.6			1.7442778066374
7401.5			1.763138301670464
7402.4			1.8245808286363716
7403.3			1.893178100718562
7404.200000000001			1.939766404221042
7405.1			1.9517771842888791
7406.0			1.940589468872569
7406.9			1.9359061147738803
7407.8			1.9410227392258375
7408.700000000001			1.9328569505437514
7409.6			1.9061577021251035
7410.5			1.8892992479952229
7411.4			1.9331265746844166
7412.3			1.949670780063937
7413.200000000001			1.3311045903780572
7414.1			0.36957695416395825
7415.0			2.1220759303446605e-05
7415.9			2.1382882521861392e-05
7416.8			0.0008288413857091312
7417.700000000001			2.5650444839953888e-05
7418.6			3.094487758128149e-08
7419.5			2.2056928183336946e-05
7420.4			2.223213225458686e-05
7421.3			2.241014199749458e-05
7422.200000000001			2.2591025349955636e-05
7423.1			2.2774852461155568e-05
7424.0			2.2961695782276273e-05
7424.9			2.3151630161704142e-05
7425.8			2.334473294500297e-05
7426.700000000001			2.3541084079931955e-05
7427.6			2.3740766226808483e-05
7428.5			2.3943864874535783e-05
7429.4			1.0
