3500.0			1.0
3500.9			1.0
3501.8			1.0
3502.7			1.0
3503.6			1.0
3504.5			1.0
3505.4			1.0
3506.3			1.0
3507.2			1.0
3508.1			1.0
3509.0			1.0
3509.9			1.0
3510.8			1.0
3511.7			1.0
3512.6			1.0
3513.5			1.0
3514.4			1.0
3515.3			1.0
3516.2			1.0
3517.1			1.0
3518.0			1.0
3518.9			1.0
3519.8			1.0
3520.7			1.0
3521.6			1.0
3522.5			1.0
3523.4			1.0
3524.3			1.0
3525.2			1.0
3526.1			1.0
3527.0			1.0
3527.9			1.0
3528.8			1.0
3529.7			1.0
3530.6			1.0
3531.5			1.0
3532.4			1.0
3533.3			1.0
3534.2			1.0
3535.1			1.0
3536.0			1.0
3536.9			1.0
3537.8			1.0
3538.7			1.0
3539.6			1.0
3540.5			1.0
3541.4			1.0
3542.3			1.0
3543.2			1.0
3544.1			1.0
3545.0			1.0
3545.9			1.0
3546.8			1.0
3547.7			1.0
3548.6			1.0
3549.5			1.0
3550.4			1.0
3551.3			1.0
3552.2			1.0
3553.1			1.0
3554.0			1.0
3554.9			1.0
3555.8			1.0
3556.7			1.0
3557.6			1.0
3558.5			1.0
3559.4			1.0
3560.3			1.0
3561.2			1.0
3562.1			1.0
3563.0			1.0
3563.9			1.0
3564.8			1.0
3565.7			1.0
3566.6			1.0
3567.5			1.0
3568.4			1.0
3569.3			1.0
3570.2			1.0
3571.1			1.0
3572.0			1.0
3572.9			1.0
3573.8			1.0
3574.7			1.0
3575.6			1.0
3576.5			1.0
3577.4			1.0
3578.3			1.0
3579.2			1.0
3580.1			1.0
3581.0			1.0
3581.9			1.0
3582.8			1.0
3583.7			1.0
3584.6			1.0
3585.5			1.0
3586.4			1.0
3587.3			1.0
3588.2			1.0
3589.1			1.0
3590.0			1.0
3590.9			1.0
3591.8			1.0
3592.7			1.0
3593.6			1.0
3594.5			1.0
3595.4			1.0
3596.3			1.0
3597.2			1.0
3598.1			1.0
3599.0			1.0
3599.9			1.0
3600.8			1.0
3601.7			1.0
3602.6			1.0
3603.5			1.0
3604.4			1.0
3605.3			1.0
3606.2			1.0
3607.1			1.0
3608.0			1.0
3608.9			1.0
3609.8			1.0
3610.7			1.0
3611.6			1.0
3612.5			1.0
3613.4			1.0
3614.3			1.0
3615.2			1.0
3616.1			1.0
3617.0			1.0
3617.9			1.0
3618.8			1.0
3619.7			1.0
3620.6			1.0
3621.5			1.0
3622.4			1.0
3623.3			1.0
3624.2			1.0
3625.1			1.0
3626.0			1.0
3626.9			1.0
3627.8			1.0
3628.7			1.0
3629.6			1.0
3630.5			1.0
3631.4			1.0
3632.3			1.0
3633.2			1.0
3634.1			1.0
3635.0			1.0
3635.9			1.0
3636.8			1.0
3637.7			1.0
3638.6			1.0
3639.5			1.0
3640.4			1.0
3641.3			1.0
3642.2			1.0
3643.1			1.0
3644.0			1.0
3644.9			1.0
3645.8			1.0
3646.7			1.0
3647.6			1.0
3648.5			1.0
3649.4			1.0
3650.3			1.0
3651.2			1.0
3652.1			1.0
3653.0			1.0
3653.9			1.0
3654.8			1.0
3655.7			1.0
3656.6			1.0
3657.5			1.0
3658.4			1.0
3659.3			1.0
3660.2			1.0
3661.1			1.0
3662.0			1.0
3662.9			1.0
3663.8			1.0
3664.7			1.0
3665.6			1.0
3666.5			1.0
3667.4			1.0
3668.3			1.0
3669.2			1.0
3670.1			1.0
3671.0			1.0
3671.9			1.0
3672.8			1.0
3673.7			1.0
3674.6			1.0
3675.5			1.0
3676.4			1.0
3677.3			1.0
3678.2			1.0
3679.1			1.0
3680.0			1.0
3680.9			1.0
3681.8			1.0
3682.7			1.0
3683.6			1.0
3684.5			1.0
3685.4			1.0
3686.3			1.0
3687.2			1.0
3688.1			1.0
3689.0			1.0
3689.9			1.0
3690.8			1.0
3691.7			1.0
3692.6			1.0
3693.5			1.0
3694.4			1.0
3695.3			1.0
3696.2			1.0
3697.1			1.0
3698.0			1.0
3698.9			1.0
3699.8			1.0
3700.7			1.0
3701.6			1.0
3702.5			1.0
3703.4			1.0
3704.3			1.0
3705.2			1.0
3706.1			1.0
3707.0			1.0
3707.9			1.0
3708.8			1.0
3709.7			1.0
3710.6			1.0
3711.5			1.0
3712.4			1.0
3713.3			1.0
3714.2			1.0
3715.1			1.0
3716.0			1.0
3716.9			1.0
3717.8			1.0
3718.7			1.0
3719.6			1.0
3720.5			1.0
3721.4			1.0
3722.3			1.0
3723.2			1.0
3724.1			1.0
3725.0			1.0
3725.9			1.0
3726.8			1.0
3727.7			1.0
3728.6			1.0
3729.5			1.0
3730.4			1.0
3731.3			1.0
3732.2			1.0
3733.1			1.0
3734.0			1.0
3734.9			1.0
3735.8			1.0
3736.7			1.0
3737.6			1.0
3738.5			1.0
3739.4			1.0
3740.3			1.0
3741.2			1.0
3742.1			1.0
3743.0			1.0
3743.9			1.0
3744.8			1.0
3745.7			1.0
3746.6			1.0
3747.5			1.0
3748.4			1.0
3749.3			1.0
3750.2			1.0
3751.1			1.0
3752.0			1.0
3752.9			1.0
3753.8			1.0
3754.7			1.0
3755.6			1.0
3756.5			1.0
3757.4			1.0
3758.3			1.0
3759.2			1.0
3760.1			1.0
3761.0			1.0
3761.9			1.0
3762.8			1.0
3763.7			1.0
3764.6			1.0
3765.5			1.0
3766.4			1.0
3767.3			1.0
3768.2			1.0
3769.1			1.0
3770.0			1.0
3770.9			1.0
3771.8			1.0
3772.7			1.0
3773.6			1.0
3774.5			1.0
3775.4			1.0
3776.3			1.0
3777.2			1.0
3778.1			1.0
3779.0			1.0
3779.9			1.0
3780.8			1.0
3781.7			1.0
3782.6			1.0
3783.5			1.0
3784.4			1.0
3785.3			1.0
3786.2			1.0
3787.1			1.0
3788.0			1.0
3788.9			1.0
3789.8			1.0
3790.7			1.0
3791.6			1.0
3792.5			1.0
3793.4			1.0
3794.3			1.0
3795.2			1.0
3796.1			1.0
3797.0			1.0
3797.9			1.0
3798.8			1.0
3799.7			1.0
3800.6			1.0
3801.5			1.0
3802.4			1.0
3803.3			1.0
3804.2			1.0
3805.1			1.0
3806.0			1.0
3806.9			1.0
3807.8			1.0
3808.7			1.0
3809.6			1.0
3810.5			1.0
3811.4			1.0
3812.3			1.0
3813.2			1.0
3814.1			1.0
3815.0			1.0
3815.9			1.0
3816.8			1.0
3817.7			1.0
3818.6			1.0
3819.5			1.0
3820.4			1.0
3821.3			1.0
3822.2			1.0
3823.1			1.0
3824.0			1.0
3824.9			1.0
3825.8			1.0
3826.7			1.0
3827.6			1.0
3828.5			1.0
3829.4			1.0
3830.3			1.0
3831.2			1.0
3832.1			1.0
3833.0			1.0
3833.9			1.0
3834.8			1.0
3835.7			1.0
3836.6			1.0
3837.5			1.0
3838.4			1.0
3839.3			1.0
3840.2			1.0
3841.1			1.0
3842.0			1.0
3842.9			1.0
3843.8			1.0
3844.7			1.0
3845.6			1.0
3846.5			1.0
3847.4			1.0
3848.3			1.0
3849.2			1.0
3850.1			1.0
3851.0			1.0
3851.9			1.0
3852.8			1.0
3853.7			1.0
3854.6			1.0
3855.5			1.0
3856.4			1.0
3857.3			1.0
3858.2			1.0
3859.1			1.0
3860.0			1.0
3860.9			1.0
3861.8			1.0
3862.7			1.0
3863.6			1.0
3864.5			1.0
3865.4			1.0
3866.3			1.0
3867.2			1.0
3868.1			1.0
3869.0			1.0
3869.9			1.0
3870.8			1.0
3871.7			1.0
3872.6			1.0
3873.5			1.0
3874.4			1.0
3875.3			1.0
3876.2			1.0
3877.1			1.0
3878.0			1.0
3878.9			1.0
3879.8			1.0
3880.7			1.0
3881.6			1.0
3882.5			1.0
3883.4			1.0
3884.3			1.0
3885.2			1.0
3886.1			1.0
3887.0			1.0
3887.9			1.0
3888.8			1.0
3889.7			1.0
3890.6			1.0
3891.5			1.0
3892.4			1.0
3893.3			1.0
3894.2			1.0
3895.1			1.0
3896.0			1.0
3896.9			1.0
3897.8			1.0
3898.7			1.0
3899.6			1.0
3900.5			1.0
3901.4			1.0
3902.3			1.0
3903.2			1.0
3904.1			1.0
3905.0			1.0
3905.9			1.0
3906.8			1.0
3907.7			1.0
3908.6			1.0
3909.5			1.0
3910.4			1.0
3911.3			1.0
3912.2			1.0
3913.1			1.0
3914.0			1.0
3914.9			1.0
3915.8			1.0
3916.7			1.0
3917.6			1.0
3918.5			1.0
3919.4			1.0
3920.3			1.0
3921.2			1.0
3922.1			1.0
3923.0			1.0
3923.9			1.0
3924.8			1.0
3925.7			1.0
3926.6			1.0
3927.5			1.0
3928.4			1.0
3929.3			1.0
3930.2			1.0
3931.1			1.0
3932.0			1.0
3932.9			1.0
3933.8			1.0
3934.7			1.0
3935.6			1.0
3936.5			1.0
3937.4			1.0
3938.3			1.0
3939.2			1.0
3940.1			1.0
3941.0			1.0
3941.9			1.0
3942.8			1.0
3943.7			1.0
3944.6			1.0
3945.5			1.0
3946.4			1.0
3947.3			1.0
3948.2			1.0
3949.1			1.0
3950.0			1.0
3950.9			1.0
3951.8			1.0
3952.7			1.0
3953.6			1.0
3954.5			1.0
3955.4			1.0
3956.3			1.0
3957.2			1.0
3958.1			1.0
3959.0			1.0
3959.9			1.0
3960.8			1.0
3961.7			1.0
3962.6			1.0
3963.5			1.0
3964.4			1.0
3965.3			1.0
3966.2			1.0
3967.1			1.0
3968.0			1.0
3968.9			1.0
3969.8			1.0
3970.7			1.0
3971.6			1.0
3972.5			1.0
3973.4			1.0
3974.3			1.0
3975.2			1.0
3976.1			1.0
3977.0			1.0
3977.9			1.0
3978.8			1.0
3979.7			1.0
3980.6			1.0
3981.5			1.0
3982.4			1.0
3983.3			1.0
3984.2			1.0
3985.1			1.0
3986.0			1.0
3986.9			1.0
3987.8			1.0
3988.7			1.0
3989.6			1.0
3990.5			1.0
3991.4			1.0
3992.3			1.0
3993.2			1.0
3994.1			1.0
3995.0			1.0
3995.9			1.0
3996.8			1.0
3997.7			1.0
3998.6			1.0
3999.5			1.0
4000.4			1.0
4001.3			1.0
4002.2			1.032966201858096
4003.1			1.0622230580961738
4004.0			0.9817217404432809
4004.9			0.7956543325396551
4005.8			0.6965386140345775
4006.7			0.7657560372709729
4007.6			0.889580634046858
4008.5			0.9686330694525664
4009.4			1.0001517546558345
4010.3			1.0
4011.2			1.0
4012.1			1.0
4013.0			1.0
4013.9			1.0
4014.8			1.0
4015.7			1.0
4016.6			1.0
4017.5			1.0
4018.4			1.0
4019.3			1.0
4020.2			1.0
4021.1			1.0
4022.0			1.0
4022.9			1.0
4023.8			1.0
4024.7			1.0
4025.6			1.0
4026.5			1.0
4027.4			1.068682402285602
4028.3			1.1164400298068666
4029.2			1.0618701514383073
4030.1			0.8894923221121948
4031.0			0.743463543490796
4031.9			0.7024209370766368
4032.8			0.6803149629641015
4033.7			0.6680765912599735
4034.6			0.7180144357662032
4035.5			0.8180499817821538
4036.4			0.9525606269508148
4037.3			1.0641379983650803
4038.2			1.1027762342279703
4039.1			1.064277513756271
4040.0			1.0
4040.9			0.9766040383087704
4041.8			1.0136409711156233
4042.7			1.0131365753061448
4043.6			0.8757202241487908
4044.5			0.6588338836080928
4045.4			0.5011385867879679
4046.3			0.5187568214059265
4047.2			0.6955736630807337
4048.1			0.8686286883359606
4049.0			0.9532324582623111
4049.9			1.0020600209044677
4050.8			1.0
4051.7			1.0
4052.6			1.0
4053.5			1.0
4054.4			1.0
4055.3			1.0
4056.2			1.0
4057.1			0.9356619624242491
4058.0			0.8642230172560814
4058.9			0.8952879271478679
4059.8			1.0084220027268282
4060.7			1.075400509124674
4061.6			1.0011788030026907
4062.5			0.7965136537545507
4063.4			0.623790052142188
4064.3			0.6513187965212633
4065.2			0.7950667124024621
4066.1			0.8571191288998327
4067.0			1.0
4067.9			1.057204975367687
4068.8			1.1869806450913034
4069.7			1.2243716003083958
4070.6			1.0688704026547595
4071.5			0.8863431841005527
4072.4			0.9178294054146715
4073.3			1.0964769549492317
4074.2			1.170346210808968
4075.1			1.0795361521217008
4076.0			0.917414489848828
4076.9			0.7961857340384448
4077.8			0.8112052396734618
4078.7			0.9399962783255762
4079.6			1.0988956314135634
4080.5			1.2380237387422421
4081.4			1.2924169990384882
4082.3			1.2323948512790435
4083.2			1.1405103580755327
4084.1			1.095839416187236
4085.0			1.0907993977424835
4085.9			1.1236930981362245
4086.8			1.2059254232359384
4087.7			1.3130673874547556
4088.6			1.364031955718223
4089.5			1.3302210124315739
4090.4			1.260253988090517
4091.3			1.202203353046521
4092.2			1.1602328309296666
4093.1			1.172319104772518
4094.0			1.1865465428269941
4094.9			1.093546495020951
4095.8			0.9720966303628515
4096.7			0.9268822074907186
4097.6			0.9604249317711597
4098.5			1.0081224151846433
4099.4			1.0074302116647267
4100.3			0.9153573440543997
4101.2			0.8177847624080816
4102.1			0.8495453279919979
4103.0			0.9342242281195237
4103.9			0.9671549179398402
4104.8			0.9917944892723767
4105.7			1.0768012129845648
4106.6			1.1402078596996656
4107.5			1.1310047751148735
4108.4			1.0837283144464864
4109.3			1.0132919153627733
4110.2			0.9314065604026243
4111.1			0.8877497372968491
4112.0			0.8826283176406506
4112.9			0.9323151021016391
4113.8			1.0072168517016977
4114.7			1.032177806265179
4115.6			1.032846077903156
4116.5			1.0295973541968717
4117.4			0.9883031993691842
4118.3			0.8902285773209183
4119.2			0.8393770633477878
4120.1			0.8830553661357272
4121.0			0.9213248857828477
4121.9			0.8985507617777528
4122.8			0.8617402373661167
4123.7			0.8828742673998966
4124.6			0.957780416758053
4125.5			0.9936890647016718
4126.4			0.9657704148268154
4127.3			0.9223071543491819
4128.2			0.8863402406694691
4129.1			0.854108747978435
4130.0			0.8163476681415205
4130.9			0.7792347617472638
4131.8			0.7275590175916985
4132.7			0.6915844425420409
4133.6			0.7006374362588733
4134.5			0.7461343454916913
4135.4			0.8345743399568991
4136.3			0.9040832299108877
4137.2			0.9014874629774835
4138.1			0.8852289835629803
4139.0			0.8885014834902432
4139.9			0.896973156267331
4140.8			0.8750926383188053
4141.7			0.7685062289371228
4142.6			0.6006074663180184
4143.5			0.5061234473123054
4144.4			0.5605376493321549
4145.3			0.6827845592103727
4146.2			0.7658673203027353
4147.1			0.7863871081510103
4148.0			0.7674905690156195
4148.9			0.7194406615237833
4149.8			0.665433777750216
4150.7			0.6416238689723055
4151.6			0.6444184957546517
4152.5			0.6621193474285065
4153.4			0.6767806955012617
4154.3			0.6738919419090432
4155.2			0.6620244845496696
4156.1			0.6444469146132177
4157.0			0.6582127962185075
4157.9			0.7245929790672305
4158.8			0.8015882206649134
4159.7			0.8276298430539284
4160.6			1.0
4161.5			1.0014300778648877
4162.4			1.042529492912599
4163.3			1.0309790040668305
4164.2			0.9611237436742076
4165.1			0.9132292085548721
4166.0			0.8758474992909592
4166.9			0.8214881235302665
4167.8			0.822619708224318
4168.7			0.8944651236577642
4169.6			0.9497316015982364
4170.5			0.9573096559559887
4171.4			0.8750969447722857
4172.3			0.7368942974585659
4173.2			0.676612555743833
4174.1			0.723865832713854
4175.0			0.7812218538674874
4175.9			0.7958138734256665
4176.8			0.7641067766960307
4177.7			0.7357873066342436
4178.6			0.7504687857582975
4179.5			0.7712511925058056
4180.4			0.7665752339067411
4181.3			0.7590950629316741
4182.2			0.7836170689528988
4183.1			0.8421246712003931
4184.0			0.9256925217647897
4184.9			1.0
4185.8			0.9771004831093907
4186.7			0.855288195526477
4187.6			0.7870343845215427
4188.5			0.8461264383138374
4189.4			0.9034240879654755
4190.3			0.8870684348241576
4191.2			0.8535860202411223
4192.1			0.8871089280341347
4193.0			0.950041750849413
4193.9			0.9498788169747516
4194.8			0.8706635472989743
4195.7			0.7674609665600614
4196.6			0.7175247180851787
4197.5			0.7238050685081611
4198.4			0.748852452680551
4199.3			0.7956275119423674
4200.2			0.8195335116958862
4201.1			0.7747962779861562
4202.0			0.734391045346821
4202.9			0.7724770020091493
4203.8			0.8324771687708863
4204.7			0.8635558021876804
4205.6			0.9039458836404786
4206.5			0.9592218573443771
4207.4			0.9995977780503011
4208.3			0.8163231017918096
4209.2			0.7908344394728851
4210.1			0.7415368017223376
4211.0			1.0
4211.9			0.9844640727142194
4212.8			0.9211754771826757
4213.7			0.7933870729176821
4214.6			0.6564224571910526
4215.5			0.6143743757439193
4216.4			0.739562085629653
4217.3			0.9083212542872209
4218.2			0.979603012925757
4219.1			1.0
4220.0			1.0193916811661523
4220.9			1.0232732558577415
4221.8			0.9777597297977918
4222.7			0.8778833319952686
4223.6			0.7704872761629791
4224.5			0.6524149879568713
4225.4			0.49307261539857006
4226.3			0.3539815839303856
4227.2			1.0
4228.1			1.4256190373915678
4229.0			1.8065177558527719
4229.9			1.9314929858363425
4230.8			1.9245804534581872
4231.7			1.7811648198384433
4232.6			1.5225712662858788
4233.5			1.3416566020651877
4234.4			1.2808453302609506
4235.3			1.184255326916819
4236.2			1.0582015291407743
4237.1			1.0102176232913183
4238.0			1.0060013876471294
4238.9			0.9864517987864372
4239.8			0.9701064401567268
4240.7			0.9890877841806028
4241.6			1.0
4242.5			1.0067842125404665
4243.4			1.0513887904217105
4244.3			1.151916854176674
4245.2			1.1996252997049732
4246.1			1.1466559665038032
4247.0			1.0436997603996463
4247.9			0.9514856400824547
4248.8			0.8836117824597263
4249.7			0.8105705068258897
4250.6			0.7799304771926788
4251.5			0.8566232133071362
4252.4			0.9476612054495637
4253.3			0.9283413912455107
4254.2			1.0
4255.1			0.9632559515854971
4256.0			1.0794340457509515
4256.9			1.190858102661825
4257.8			1.1328924528387507
4258.7			0.9615615360062201
4259.6			0.8044552977589083
4260.5			0.7193324179038616
4261.4			0.7634861863499642
4262.3			0.896764113659483
4263.2			1.0
4264.1			1.061248849264726
4265.0			1.093322507623011
4265.9			1.1117745501575784
4266.8			1.0737797577194785
4267.7			0.985513293050281
4268.6			0.9206741129390683
4269.5			0.859869568966715
4270.4			0.7378634334383823
4271.3			0.6054553039913534
4272.2			0.6016383524207112
4273.1			0.6926247172080372
4274.0			0.727829793281833
4274.9			0.7461934834062592
4275.8			0.8668359731728782
4276.7			1.0426434276804564
4277.6			1.1840566085597017
4278.5			1.2335618693281554
4279.4			1.1355109397905632
4280.3			1.0089486719016494
4281.2			1.0
4282.1			1.0
4283.0			1.0
4283.9			1.0
4284.8			1.0
4285.7			1.0
4286.6			1.0
4287.5			1.0320186932424094
4288.4			0.9481671783222251
4289.3			0.7944407931070147
4290.2			0.7350303294569054
4291.1			0.7996708932032833
4292.0			0.9189289310404497
4292.9			1.012868716360506
4293.8			0.9747248650057967
4294.7			0.9111490756918377
4295.6			0.9219316745840747
4296.5			0.9003529654683435
4297.4			0.8186128072133725
4298.3			0.7054866380783047
4299.2			0.5800619057910318
4300.1			0.5329105602327479
4301.0			0.589517433264569
4301.9			0.6271233844053484
4302.8			0.6128347359369168
4303.7			0.6219053235040496
4304.6			0.6222683237408476
4305.5			0.5830027392702338
4306.4			0.533675700279095
4307.3			0.4665178527615565
4308.2			0.4184622969166203
4309.1			0.44034114559750365
4310.0			0.49922851762399745
4310.9			0.5647737431457726
4311.8			0.6285899506830164
4312.7			0.7003758453907488
4313.6			0.7681730833258221
4314.5			0.8436262202951637
4315.4			0.9994833792202723
4316.3			1.1664529313555925
4317.2			1.2178523973463906
4318.1			1.1817501143607618
4319.0			1.0
4319.9			0.9658226127454912
4320.8			0.9234339417742258
4321.7			0.8969855061742653
4322.6			0.8317277543134555
4323.5			0.6878689659054439
4324.4			0.5424028224666972
4325.3			0.46411698279821934
4326.2			0.5327377739685885
4327.1			0.7461688983296271
4328.0			0.9628022696348045
4328.9			1.0591363052747929
4329.8			1.0302774142988402
4330.7			1.0
4331.6			1.0227324448072157
4332.5			1.0628685761370418
4333.4			1.0862736237861368
4334.3			1.123583328594618
4335.2			1.162746983999455
4336.1			1.10561343243461
4337.0			0.9292486675718824
4337.9			0.781793460253649
4338.8			0.7312665200118169
4339.7			0.7028454601525701
4340.6			0.7135778662000037
4341.5			0.8186810208033638
4342.4			0.9269698802629723
4343.3			0.943823324439154
4344.2			0.9524319119450213
4345.1			1.0
4346.0			1.0172415272360595
4346.9			0.9890909335380982
4347.8			1.0258918437581952
4348.7			1.1257097485468153
4349.6			1.140661402443275
4350.5			0.9868725761384927
4351.4			0.7940605414746612
4352.3			0.745064792955162
4353.2			0.8347199714809914
4354.1			0.9243961603972972
4355.0			0.9665412129905523
4355.9			1.0204468968707434
4356.8			1.0896114845219385
4357.7			1.0860971955540393
4358.6			1.0061257471170832
4359.5			1.0
4360.4			1.0
4361.3			1.0
4362.2			1.0
4363.1			1.0
4364.0			1.0
4364.9			1.0
4365.8			1.0
4366.7			1.0
4367.6			1.0
4368.5			0.9993549005455273
4369.4			1.0374209146743663
4370.3			1.049797807168332
4371.2			1.051712196714036
4372.1			1.0392528209458702
4373.0			0.9693485905404465
4373.9			0.8628202678388692
4374.8			0.7941048606244386
4375.7			0.8309489532561533
4376.6			0.9520636134892705
4377.5			1.0657865244209448
4378.4			1.102920472235957
4379.3			1.0616418310965599
4380.2			1.0012711702368622
4381.1			0.9365903564194175
4382.0			0.7944113027305886
4382.9			0.573408342798641
4383.8			0.44354450883031754
4384.7			0.5272093784522297
4385.6			0.7400161189269738
4386.5			0.8949977827512653
4387.4			0.917956125787891
4388.3			0.8921384774353798
4389.2			0.8580590263229971
4390.1			0.82411737860458
4391.0			0.8335136515073824
4391.9			0.8875359547369457
4392.8			0.9239180746446687
4393.7			0.9056319714957786
4394.6			0.8740034715022581
4395.5			0.9180887809474512
4396.4			1.0410765570225262
4397.3			1.0
4398.2			0.9782862726565403
4399.1			0.8984652701282424
4400.0			0.8131805098467828
4400.9			0.8098317488229021
4401.8			0.902038354218483
4402.7			0.9134938955494771
4403.6			0.7495611865849379
4404.5			0.5793978351335275
4405.4			0.5869983720528116
4406.3			0.7022388827353366
4407.2			0.7455613948249742
4408.1			0.7339619257543258
4409.0			0.7960094715271409
4409.9			0.9158209003677564
4410.8			1.0
4411.7			1.0340610468942464
4412.6			1.0397628946994013
4413.5			0.964977825135036
4414.4			0.8084138496637955
4415.3			0.7210728523031642
4416.2			0.7734984748079405
4417.1			0.8612390508341026
4418.0			0.9378227808282287
4418.9			1.0014741127075057
4419.8			1.0
4420.7			1.0
4421.6			1.0
4422.5			1.0
4423.4			1.0
4424.3			1.0
4425.2			1.0
4426.1			1.0
4427.0			1.0
4427.9			1.0
4428.8			1.0
4429.7			1.0
4430.6			0.9361201723463319
4431.5			0.98967575535444
4432.4			1.0243031057710588
4433.3			0.9472512256514546
4434.2			0.8210341461523395
4435.1			0.7523255244030572
4436.0			0.7818674407671996
4436.9			0.8774271126990386
4437.8			0.9683521343617429
4438.7			1.015605260599751
4439.6			0.9885264593946993
4440.5			1.0
4441.4			1.0
4442.3			1.0
4443.2			1.0269399248859872
4444.1			1.1180974527353218
4445.0			1.2317893639955313
4445.9			1.2874014113046648
4446.8			1.2558234892553737
4447.7			1.2314274325533663
4448.6			1.2387067441638555
4449.5			1.20070812248522
4450.4			1.1535533962677658
4451.3			1.1597699977902407
4452.2			1.1549194116745543
4453.1			1.0921627404405485
4454.0			1.0004664874674543
4454.9			0.925006459024108
4455.8			0.9167459278537985
4456.7			0.9522101474487346
4457.6			0.9512621300123364
4458.5			0.9138511732453589
4459.4			0.8817649320123472
4460.3			0.8514227400763426
4461.2			0.8019515861391027
4462.1			0.8056447286393513
4463.0			0.911475838816322
4463.9			1.004509953254532
4464.8			1.006443156691916
4465.7			0.9821733651956183
4466.6			0.9787967671371834
4467.5			0.9762159239972025
4468.4			0.943633119242136
4469.3			0.9076627359931999
4470.2			0.9165991051530095
4471.1			0.9540076643322556
4472.0			0.9968605058427638
4472.9			1.0398583449176328
4473.8			1.0578653119493548
4474.7			1.0433970946407467
4475.6			1.0
4476.5			1.0489102915797828
4477.4			1.0824942988887694
4478.3			1.0463288953408663
4479.2			0.945138321700839
4480.1			0.8397482869977698
4481.0			0.7863806055569837
4481.9			0.7877643308904789
4482.8			0.8403324972455194
4483.7			0.9190659379311225
4484.6			1.0
4485.5			1.0294924771817922
4486.4			1.0159245501638408
4487.3			0.9544574775478443
4488.2			0.8669069017053938
4489.1			0.7985328115537478
4490.0			0.7906728913166916
4490.9			0.84092770087011
4491.8			0.8976844803234233
4492.7			0.8972637101717392
4493.6			0.8202129013239735
4494.5			0.7343555204455414
4495.4			0.7142013596487553
4496.3			0.7579489953920284
4497.2			0.8346417789143723
4498.1			0.9014502016830798
4499.0			0.9334288622631048
4499.9			0.9184194756985563
4500.8			0.8577362058011402
4501.7			0.8365168722522076
4502.6			0.9130252339885738
4503.5			1.004598469335201
4504.4			1.0295000208378642
4505.3			1.00225350232264
4506.2			1.0
4507.1			0.9687840296973166
4508.0			0.9658384311211202
4508.9			0.9853623307065185
4509.8			1.0099151318909758
4510.7			1.0131763477210656
4511.6			0.9727657633171375
4512.5			0.913466419912025
4513.4			1.0
4514.3			0.9859064488591508
4515.2			1.0137108230931946
4516.1			1.0437312717233167
4517.0			1.02595660144499
4517.9			0.993117150926413
4518.8			1.0204083063194391
4519.7			1.0843233043050176
4520.6			1.139045606671682
4521.5			1.131614854079052
4522.4			1.0568631711870031
4523.3			1.0127124252139355
4524.2			1.003789439433927
4525.1			0.9619169093768914
4526.0			0.8940778926233728
4526.9			0.8289211212330186
4527.8			0.7863158999036371
4528.7			0.7775275869115165
4529.6			0.8046714092897472
4530.5			0.8288696037594085
4531.4			1.0
4532.3			1.0597856163105495
4533.2			1.0434173496715724
4534.1			0.9728589185358928
4535.0			0.9186108108875662
4535.9			0.9753943818006522
4536.8			1.1336437014792686
4537.7			1.2173342577311979
4538.6			1.179923500869705
4539.5			1.1018535585668838
4540.4			1.0326528117681786
4541.3			1.0194189380335652
4542.2			1.0748943841850573
4543.1			1.1132204658600038
4544.0			1.0750377380594416
4544.9			1.017208774736093
4545.8			1.02058222670627
4546.7			1.0551571751559594
4547.6			1.063789062790779
4548.5			1.0255189284648554
4549.4			0.9826886670217428
4550.3			1.016493210466506
4551.2			1.0558911430697508
4552.1			1.021694840423715
4553.0			0.9841666613172463
4553.9			0.971137131986168
4554.8			0.966408476102175
4555.7			0.9987376433998569
4556.6			1.0751192386314594
4557.5			1.1344387231344562
4558.4			1.1476402840861248
4559.3			1.130382789879729
4560.2			1.0
4561.1			1.0016222857779744
4562.0			1.0075456267873022
4562.9			0.9521459007208882
4563.8			0.8647084861740203
4564.7			0.8111466117816287
4565.6			0.8289881508561389
4566.5			0.911070556313746
4567.4			0.9878336383296338
4568.3			1.0008206017827572
4569.2			1.0
4570.1			0.9554337569104856
4571.0			0.877578941987923
4571.9			0.8628915041517411
4572.8			0.9521787058971237
4573.7			1.0101032623976562
4574.6			0.9847013526611659
4575.5			0.9572224856849294
4576.4			0.9554549084971394
4577.3			0.9478700936977139
4578.2			1.0
4579.1			0.9322760012681999
4580.0			0.8739317931496902
4580.9			0.8807789504583275
4581.8			0.9335387961226284
4582.7			0.9733739919211748
4583.6			0.9727534110743239
4584.5			0.9523387939896972
4585.4			0.9284722786134791
4586.3			0.9240953042219708
4587.2			0.9774230757572943
4588.1			1.0516474796357065
4589.0			1.0917366338157075
4589.9			1.078957697633881
4590.8			1.0235604035651455
4591.7			0.9643890032097104
4592.6			0.9411597675735831
4593.5			0.9335395634519139
4594.4			0.9088972064733734
4595.3			0.887100610774525
4596.2			0.8908495412316555
4597.1			0.9049826629790493
4598.0			0.9251727760641096
4598.9			0.9540755900317128
4599.8			0.9396359038826825
4600.7			0.9121873242992786
4601.6			0.9350042826372951
4602.5			0.9560652513706317
4603.4			0.9399241167023856
4604.3			0.9139299347511686
4605.2			0.8943241108160805
4606.1			0.9185473751818408
4607.0			0.9935946895195619
4607.9			1.0796322010057755
4608.8			1.125572837540057
4609.7			1.1045109273816165
4610.6			1.045933424659633
4611.5			1.0
4612.4			0.9813116345543547
4613.3			0.9725061242675413
4614.2			0.9953923689874457
4615.1			1.0351655456061206
4616.0			1.04660032481636
4616.9			1.0543490996004794
4617.8			1.0571391416823193
4618.7			1.0187204204943263
4619.6			0.9938111377189089
4620.5			1.0275813946572274
4621.4			1.0493108272206781
4622.3			1.0270853247508882
4623.2			1.0217975923544378
4624.1			1.0361059252208151
4625.0			1.0256314953348267
4625.9			1.00851948061452
4626.8			1.0213098158522864
4627.7			1.0400134031598398
4628.6			1.0225013053779186
4629.5			0.9992499954827102
4630.4			1.022591658086956
4631.3			1.056583778216966
4632.2			1.0299287973920483
4633.1			0.9710134798196971
4634.0			0.9456545622302018
4634.9			0.954796223904086
4635.8			0.9630153404563667
4636.7			0.9462399757366279
4637.6			0.9173134785775237
4638.5			0.8953017419913886
4639.4			0.87284747702863
4640.3			0.8794228652332993
4641.2			0.9382721407008879
4642.1			0.9821217516217624
4643.0			0.9641927817139399
4643.9			0.9273499013658355
4644.8			0.8894098886275321
4645.7			0.8270496206641013
4646.6			0.771604597881197
4647.5			0.7729267178532496
4648.4			0.8165899524103113
4649.3			0.8693690037168618
4650.2			0.9209872194619283
4651.1			0.9645660662187551
4652.0			0.9949826099122606
4652.9			0.995365633055138
4653.8			0.9485476771171305
4654.7			0.8906383838395135
4655.6			0.8645821604298666
4656.5			0.8782426032872824
4657.4			0.9370726477621271
4658.3			1.020933758859392
4659.2			1.080619426242417
4660.1			1.0837349089054575
4661.0			1.0359044299352107
4661.9			0.9676891373125169
4662.8			0.9113329776435054
4663.7			0.8962144433524024
4664.6			0.9070654482730413
4665.5			0.8707652110346172
4666.4			0.7727411728484366
4667.3			0.7001522854257994
4668.2			0.7248609919993907
4669.1			0.8118388521669335
4670.0			0.8946978666272719
4670.9			0.9512600059762439
4671.8			0.9678944682661027
4672.7			0.9444883636949175
4673.6			0.9108383360734026
4674.5			1.0
4675.4			1.0363758365647473
4676.3			1.075978199992365
4677.2			1.0630424056821421
4678.1			1.0148831754205767
4679.0			0.9738890283839767
4679.9			0.9415463671039367
4680.8			0.9196281051870211
4681.7			0.926142786872806
4682.6			0.968785114005148
4683.5			1.0144007225318636
4684.4			1.0
4685.3			0.9924622344203141
4686.2			0.9811266604475862
4687.1			0.9574112402338428
4688.0			0.9455199870692172
4688.9			0.9601066417580573
4689.8			0.9688883063955243
4690.7			0.9505020158644069
4691.6			0.9387450009260228
4692.5			0.9466685199104826
4693.4			0.9583692361811222
4694.3			0.9811176804647507
4695.2			1.0163985469662578
4696.1			1.031755936621322
4697.0			0.9963593987120531
4697.9			0.9203232991432113
4698.8			0.8732473814588948
4699.7			0.8911931203217485
4700.6			0.9130922422073169
4701.5			0.907821062834052
4702.4			0.892416651196318
4703.3			0.8987071351597578
4704.2			0.9375690117934581
4705.1			0.9653061432113923
4706.0			0.960381160393199
4706.9			0.9351010879790191
4707.8			0.9142867735556833
4708.7			0.9040853584545815
4709.6			0.9157446400679391
4710.5			1.0
4711.4			1.033767565708491
4712.3			1.0080929982736062
4713.2			0.9451785066576004
4714.1			0.8786286197675193
4715.0			0.8698530462639854
4715.9			1.0
4716.8			1.0753114364443468
4717.7			1.1025018061124403
4718.6			1.12379183696217
4719.5			1.1430772578818418
4720.4			1.140213350152261
4721.3			1.110671523081472
4722.2			1.067910210250356
4723.1			1.059571973060669
4724.0			1.097229861260423
4724.9			1.130556322112766
4725.8			1.1042640431667723
4726.7			0.9976227064743527
4727.6			0.8812992677010136
4728.5			0.8374820319692259
4729.4			0.8499415549652294
4730.3			0.8751921532709205
4731.2			0.9081847298073885
4732.1			0.9464089953475154
4733.0			0.9624715275162371
4733.9			0.9658257782449137
4734.8			0.9800294529837328
4735.7			0.9570805021094505
4736.6			0.9154756847575425
4737.5			0.9469570055325633
4738.4			1.024333542129241
4739.3			1.039228274728082
4740.2			0.9974849787567157
4741.1			1.0
4742.0			1.0
4742.9			1.0
4743.8			1.0
4744.7			1.0
4745.6			1.0
4746.5			1.0
4747.4			1.0
4748.3			1.0
4749.2			1.0
4750.1			1.0
4751.0			1.0
4751.9			1.0
4752.8			1.0
4753.7			1.0
4754.6			1.0
4755.5			1.0
4756.4			1.0
4757.3			1.0
4758.2			1.0
4759.1			1.0210485067950374
4760.0			1.043370077494465
4760.9			1.0230978882290083
4761.8			0.9701956538751704
4762.7			0.9423744057868384
4763.6			0.9359717423308305
4764.5			0.9064311798387874
4765.4			0.8627633602790348
4766.3			0.8507867566957321
4767.2			0.8896881824123988
4768.1			0.9427308184911901
4769.0			0.9978138495945121
4769.9			1.0
4770.8			0.9675183170576895
4771.7			0.9275132531235291
4772.6			0.9315493007693069
4773.5			0.9749765441213689
4774.4			1.0227061195977953
4775.3			1.0201573265146027
4776.2			0.9979830134258874
4777.1			1.0117141025281005
4778.0			1.0232755709478887
4778.9			1.003017536943592
4779.8			0.9808252079830885
4780.7			0.9708705442364888
4781.6			0.9477256240732388
4782.5			0.9060746686214086
4783.4			0.8824880005400242
4784.3			0.9063523916005111
4785.2			0.922195473775857
4786.1			0.8882698728582705
4787.0			0.8810899395683973
4787.9			0.9076470756731966
4788.8			0.8980954910259316
4789.7			0.8729510558309466
4790.6			0.8769779036452988
4791.5			0.8968272658595159
4792.4			0.9221705943323042
4793.3			0.9708368537270246
4794.2			1.0
4795.1			1.0181052327431543
4796.0			0.9918102173810885
4796.9			0.950650985475324
4797.8			0.9147148211847667
4798.7			0.8808452662680184
4799.6			0.8683911128916315
4800.5			0.8941668080887862
4801.4			0.9565983016876186
4802.3			1.0117144040007278
4803.2			1.025849233535376
4804.1			0.9964493282368669
4805.0			1.0
4805.9			1.0
4806.8			1.0
4807.7			1.0
4808.6			1.0
4809.5			1.0
4810.4			1.0
4811.3			1.0
4812.2			1.0
4813.1			1.0
4814.0			1.0
4814.9			1.0
4815.8			1.0
4816.7			1.0
4817.6			1.0
4818.5			1.0
4819.4			1.0
4820.3			1.0
4821.2			1.0
4822.1			1.0
4823.0			1.0
4823.9			1.0
4824.8			1.0439962229556992
4825.7			1.0955440563489873
4826.6			1.1024641326021813
4827.5			1.0757661634573712
4828.4			1.055844259235039
4829.3			1.0639766519425373
4830.2			1.0742248332485087
4831.1			1.0340720679102813
4832.0			0.9815062404115482
4832.9			0.9974099058690806
4833.8			1.0525826501018325
4834.7			1.0810835004686024
4835.6			1.0796890853009211
4836.5			1.0726361028684364
4837.4			1.0
4838.3			0.9792637905560173
4839.2			0.9408805736714873
4840.1			0.9264351381675678
4841.0			0.9492669203786569
4841.9			0.9659492060670364
4842.8			0.9434072083904729
4843.7			0.9407587683722106
4844.6			0.9980241421280417
4845.5			1.0552677688001928
4846.4			1.0654080656975928
4847.3			1.0281253541671702
4848.2			0.973279303400445
4849.1			0.9644200588290157
4850.0			1.017063475651718
4850.9			1.0512169769408517
4851.8			1.0439583667925532
4852.7			1.040200697786078
4853.6			1.0175706199361807
4854.5			0.9497298762672964
4855.4			0.8958049334468081
4856.3			0.9279636122718833
4857.2			0.9946948740967531
4858.1			1.006081397585565
4859.0			0.9548859248197971
4859.9			0.8617449572896344
4860.8			0.7692576461544036
4861.7			0.764127365589978
4862.6			0.858074266897232
4863.5			0.9285003111097085
4864.4			0.9452174645742876
4865.3			0.9796283074377906
4866.2			1.0198814429502592
4867.1			1.0
4868.0			0.9840956811399304
4868.9			0.9928259169878842
4869.8			0.9795100697175437
4870.7			0.8996489253716546
4871.6			0.8424514617569142
4872.5			0.8881645164759165
4873.4			0.9694098266821155
4874.3			0.9993147622199344
4875.2			1.002122671336087
4876.1			1.0300289571771946
4877.0			1.0758299542674368
4877.9			1.1036340031289218
4878.8			1.1463507676862585
4879.7			1.1684732702407212
4880.6			1.1102901107376526
4881.5			1.0
4882.4			1.0070634582745464
4883.3			1.0400801699898479
4884.2			1.0108571160701572
4885.1			0.9345702311216261
4886.0			0.8892276017564215
4886.9			0.905833280343709
4887.8			0.9455245960375613
4888.7			0.961995932419553
4889.6			0.932437108911185
4890.5			0.859498712353775
4891.4			0.8345794552950254
4892.3			0.9248777616766976
4893.2			1.0418522752048198
4894.1			1.1146120100941492
4895.0			1.148132986421927
4895.9			1.1440614246616168
4896.8			1.1250808972392636
4897.7			1.1120033877071618
4898.6			1.078346119929021
4899.5			1.0226038348648472
4900.4			1.0007653055256096
4901.3			1.0
4902.2			1.0
4903.1			1.0
4904.0			1.0
4904.9			1.0421701826189378
4905.8			1.0881966995049144
4906.7			1.0824261320007014
4907.6			1.02558771051882
4908.5			0.9577139677455518
4909.4			0.8993569949583428
4910.3			1.0
4911.2			1.0100307960696235
4912.1			1.0445380139113882
4913.0			1.0716811679374039
4913.9			1.0912745084885473
4914.8			1.11811542828099
4915.7			1.13055878410813
4916.6			1.0924921312722984
4917.5			0.9987057349915621
4918.4			0.8745567463123654
4919.3			0.7696706841043017
4920.2			0.7304502175145174
4921.1			0.7754581025181658
4922.0			0.8634207636755887
4922.9			0.9130362143178538
4923.8			0.8946173541192879
4924.7			0.8645979795373921
4925.6			0.8835162440353912
4926.5			0.9276615956631272
4927.4			0.9523176454540355
4928.3			0.974856068049447
4929.2			1.0
4930.1			1.008301369503642
4931.0			1.0028038508898092
4931.9			0.9833333794900389
4932.8			0.9271436510707568
4933.7			0.8814722984862718
4934.6			0.9063155244600977
4935.5			0.9456500886163766
4936.4			0.9189826714663623
4937.3			0.8433752111006236
4938.2			0.7815140429354104
4939.1			0.783833028229554
4940.0			0.8589362317962262
4940.9			0.9462737447179854
4941.8			0.9902465544237713
4942.7			1.0144756702448368
4943.6			1.0429241658763437
4944.5			1.0418318510049147
4945.4			1.0080646977518566
4946.3			0.9983263723172835
4947.2			1.0
4948.1			1.0
4949.0			1.0
4949.9			1.0
4950.8			1.0
4951.7			1.0
4952.6			1.0
4953.5			1.0
4954.4			1.0
4955.3			0.9960457998554377
4956.2			0.9171547694992105
4957.1			0.7858409679170689
4958.0			0.7545839429365403
4958.9			0.862906732154199
4959.8			0.9747981681816772
4960.7			1.0040954311805996
4961.6			1.0
4962.5			1.0
4963.4			1.0
4964.3			1.0
4965.2			1.0
4966.1			1.0
4967.0			1.0
4967.9			1.0
4968.8			1.0
4969.7			1.0
4970.6			1.0
4971.5			1.0
4972.4			1.0
4973.3			1.0
4974.2			1.0
4975.1			1.0
4976.0			1.0
4976.9			1.0
4977.8			0.9580487660157201
4978.7			0.9246226908204641
4979.6			0.931604222927567
4980.5			0.9395573413481398
4981.4			1.0
4982.3			0.921159980124696
4983.2			0.891965063758192
4984.1			0.9247266699963547
4985.0			0.9659083911034037
4985.9			1.0025398848063398
4986.8			1.051262325984916
4987.7			1.0826984893085299
4988.6			1.0818105616880835
4989.5			1.0670860789022536
4990.4			1.043525512236981
4991.3			1.0385786450108474
4992.2			1.0630908475514533
4993.1			1.0598466318858395
4994.0			1.0387011842443608
4994.9			1.0492631161188106
4995.8			1.063015474854572
4996.7			1.0625209596554177
4997.6			1.061550525282143
4998.5			1.0343049123003687
4999.4			0.9810417201150399
5000.3			0.9499906992484113
5001.2			0.952100411376895
5002.1			0.9616780809042176
5003.0			0.9611968570379352
5003.9			0.9424368454012396
5004.8			0.8956015940850076
5005.7			0.8451919535165195
5006.6			0.8511841467804032
5007.5			0.9253115641844644
5008.4			0.996084817319819
5009.3			1.0039516384804625
5010.2			0.9817275053335953
5011.1			0.9478135014451506
5012.0			0.8880745862878859
5012.9			0.8276842719203187
5013.8			0.796562060910568
5014.7			0.8183144492399741
5015.6			0.874060553359044
5016.5			0.9004342916563118
5017.4			0.8830679203570173
5018.3			0.8741774214113635
5019.2			0.8933446562565076
5020.1			0.9057421201274609
5021.0			0.8904670469864351
5021.9			0.8610703988286524
5022.8			0.8667368377429205
5023.7			0.9091028248658262
5024.6			0.9354413024694499
5025.5			0.9399448562286598
5026.4			0.9195328551056915
5027.3			0.8738828010374744
5028.2			0.8792038960863976
5029.1			0.9297919890295746
5030.0			0.9559476076305934
5030.9			0.968143969458367
5031.8			1.0
5032.7			1.045417298485625
5033.6			1.0655934922348187
5034.5			1.0257339520933995
5035.4			0.9410204152597244
5036.3			0.9069160150579296
5037.2			0.9438986953090016
5038.1			0.9588679420078612
5039.0			0.9057812868793069
5039.9			0.8135812674228945
5040.8			0.7385398211398525
5041.7			0.7772781982140504
5042.6			0.9156455885320353
5043.5			1.0311274150459415
5044.4			1.100494034931202
5045.3			1.1615240045246904
5046.2			1.1955590070142454
5047.1			1.155941375576058
5048.0			1.0615747808368943
5048.9			0.9989444234812208
5049.8			1.0
5050.7			1.0
5051.6			1.0
5052.5			1.0
5053.4			1.0
5054.3			1.0
5055.2			1.0
5056.1			1.0
5057.0			1.0
5057.9			1.0
5058.8			1.0
5059.7			1.009948883493597
5060.6			1.0373667321183668
5061.5			1.0615523825546722
5062.4			1.054974398480874
5063.3			1.0032992976467445
5064.2			0.9153110479490435
5065.1			0.873910460362929
5066.0			0.9101506933849455
5066.9			0.9403127311687958
5067.8			0.9303300746982479
5068.7			0.930666046201708
5069.6			1.0
5070.5			1.026590549895413
5071.4			0.9938472958449165
5072.3			0.9543187403729069
5073.2			0.980065651698332
5074.1			1.0208488040631882
5075.0			1.0116974542799753
5075.9			0.9877853215978771
5076.8			0.9986035015811774
5077.7			1.0011876484456357
5078.6			0.9189413590737806
5079.5			0.8149627683500548
5080.4			0.7981951329967205
5081.3			0.8531043650822818
5082.2			0.8920351774368694
5083.1			0.8957953730898908
5084.0			0.9102689267092673
5084.9			0.9389656017918356
5085.8			0.9599407207020141
5086.7			0.9668909380147479
5087.6			0.967613613680988
5088.5			0.9779302046921038
5089.4			0.994051775178084
5090.3			0.9990737344306542
5091.2			1.0
5092.1			1.0
5093.0			1.0
5093.9			1.0098428654911507
5094.8			0.9839422866555592
5095.7			0.9558256069669363
5096.6			0.9310266771490716
5097.5			0.8919183784166462
5098.4			0.8398839543782327
5099.3			0.8362169118485191
5100.2			1.0
5101.1			1.079035067591793
5102.0			1.1015481411943373
5102.9			1.0692093021576288
5103.8			1.0257647506942007
5104.7			1.0058051513314183
5105.6			1.000517569855854
5106.5			0.9743877288792469
5107.4			0.9336066075931806
5108.3			0.9204066417925684
5109.2			0.9144210702824271
5110.1			0.9026358711385579
5111.0			0.9266143998550018
5111.9			0.9655850381346925
5112.8			1.0
5113.7			1.0116116887274658
5114.6			1.028055855394389
5115.5			1.03211576559692
5116.4			1.0506440586719505
5117.3			1.0827937971014931
5118.2			1.091357525760853
5119.1			1.0731151910107704
5120.0			1.036550610764232
5120.9			0.9933760714113101
5121.8			0.9553592184684012
5122.7			0.9022824987905304
5123.6			0.8521812639449178
5124.5			0.854259698968892
5125.4			0.8854727449944771
5126.3			0.900900283446591
5127.2			1.0
5128.1			0.9910636239418782
5129.0			0.9925010011314428
5129.9			1.0209204769205635
5130.8			1.081464891144502
5131.7			1.1359770050909888
5132.6			1.1604178391227011
5133.5			1.1646192519202783
5134.4			1.1946638524798923
5135.3			1.2277113572779244
5136.2			1.1996793258793403
5137.1			1.1453318621855297
5138.0			1.1082116858110913
5138.9			1.0785712165833998
5139.8			1.1180709974933536
5140.7			1.1898555263317712
5141.6			1.158420324892555
5142.5			1.0906393600735442
5143.4			1.1220005632050085
5144.3			1.1846114644558086
5145.2			1.1742561275504366
5146.1			1.1359929390932895
5147.0			1.1158913052724626
5147.9			1.1295050829259297
5148.8			1.1721925388437011
5149.7			1.1913331634241815
5150.6			1.175936670421353
5151.5			1.1662194344671817
5152.4			1.1684590399950443
5153.3			1.1707443623034892
5154.2			1.1896876862467993
5155.1			1.244987471334481
5156.0			1.3126485911730539
5156.9			1.3720830160460935
5157.8			1.4042143141597399
5158.7			1.3916280124063376
5159.6			1.384502392798196
5160.5			1.0
5161.4			0.9994654608155286
5162.3			0.9603687596491928
5163.2			0.9360849533157464
5164.1			0.910508324761407
5165.0			0.8525012646640515
5165.9			0.7671167773596689
5166.8			0.6757492884494132
5167.7			0.6670998465604158
5168.6			0.7955363131985211
5169.5			0.979072390567866
5170.4			1.0444569206330234
5171.3			0.8982302311493379
5172.2			0.7075596883729802
5173.1			0.7297472097741267
5174.0			0.9923214827981008
5174.9			1.262455200764771
5175.8			1.0
5176.7			1.0078402702238853
5177.6			1.0288142435585892
5178.5			1.0407741318803518
5179.4			1.0202729449799504
5180.3			0.9801529035592998
5181.2			0.899126059146393
5182.1			0.7454397911219147
5183.0			0.5727567093170075
5183.9			0.5411241866574346
5184.8			0.7070578656417126
5185.7			1.0
5186.6			1.1145745264838296
5187.5			1.1294999892893856
5188.4			1.1093635425525394
5189.3			1.1348576891060396
5190.2			1.139138631696346
5191.1			1.0237956578291767
5192.0			0.889818849782775
5192.9			0.8778312018436891
5193.8			0.9336454816493598
5194.7			0.9407375622504035
5195.6			0.9257951264304032
5196.5			0.9420224732633317
5197.4			0.968232361206355
5198.3			0.982618824226135
5199.2			0.9918648447329155
5200.1			1.0
5201.0			0.9910143099367975
5201.9			0.9776653138091715
5202.8			0.974410425137702
5203.7			0.9443531209566636
5204.6			0.8648924866689773
5205.5			0.8080585497780148
5206.4			0.8132017841027369
5207.3			0.8161071804235921
5208.2			0.7794716528962787
5209.1			0.7906990282018425
5210.0			0.8574030911744492
5210.9			0.9335754153728003
5211.8			1.0133989764345044
5212.7			1.0686672609748267
5213.6			1.085721548697215
5214.5			1.0513930746815219
5215.4			0.9981196130759522
5216.3			1.0
5217.2			1.0
5218.1			1.0
5219.0			1.0
5219.9			1.0
5220.8			1.006505516047836
5221.7			1.0027827391602222
5222.6			0.9683482017595717
5223.5			0.9081771222652539
5224.4			0.8404258465371438
5225.3			0.7802933537453371
5226.2			0.7316518040509369
5227.1			0.7424094792876312
5228.0			0.8509516885823772
5228.9			0.964215432961721
5229.8			1.0047096088030076
5230.7			1.0151208649896701
5231.6			1.001565959687238
5232.5			1.0
5233.4			1.0
5234.3			1.0
5235.2			1.0
5236.1			1.0
5237.0			1.0
5237.9			1.0
5238.8			1.0
5239.7			0.9916278589021539
5240.6			1.008526463867544
5241.5			1.022938205446537
5242.4			1.016183311645058
5243.3			1.024900273892216
5244.2			1.059845253984069
5245.1			1.0571223544246449
5246.0			0.9743416223828022
5246.9			0.8857457469765507
5247.8			0.8878976198159835
5248.7			0.9300589759206724
5249.6			0.913542959045073
5250.5			0.8842033305163208
5251.4			0.913640974744022
5252.3			0.9688610851906151
5253.2			0.9894040590463328
5254.1			1.0
5255.0			0.9610004769338178
5255.9			1.0098640610579295
5256.8			1.1088769442127755
5257.7			1.1653205818933705
5258.6			1.1774214333201194
5259.5			1.1559588417844848
5260.4			1.105383034383201
5261.3			1.0298476197966484
5262.2			0.9440773026434693
5263.1			0.8768581914374227
5264.0			0.8328858187441668
5264.9			0.795829655065066
5265.8			0.7831888433278453
5266.7			0.8538614949652341
5267.6			0.9231511293483021
5268.5			0.8431550645855419
5269.4			0.7067220216005643
5270.3			0.7312037149248498
5271.2			0.8964591819842507
5272.1			1.0125768828369985
5273.0			1.03194823017989
5273.9			1.0174648119943404
5274.8			0.9901190734307372
5275.7			0.9946472611283239
5276.6			1.08146676726838
5277.5			1.0
5278.4			1.0163891806027097
5279.3			0.9846985400428137
5280.2			0.9333518953624077
5281.1			0.8913083211963613
5282.0			0.8671275501421705
5282.9			0.8446988233032595
5283.8			0.8406576023891615
5284.7			0.8999194804868872
5285.6			0.991221292133411
5286.5			1.0343814278470465
5287.4			1.0171739232333137
5288.3			0.9894435067735334
5289.2			1.0
5290.1			1.0331409760929013
5291.0			1.0454550513365295
5291.9			1.0202000520318024
5292.8			0.984186342762439
5293.7			0.9692346972648996
5294.6			0.9615702685786109
5295.5			0.9240213606812878
5296.4			0.8474830262824351
5297.3			0.7718227416850374
5298.2			0.7665228989977637
5299.1			0.8350383585285575
5300.0			0.8847451154522349
5300.9			0.8779495571972011
5301.8			0.8793528711913632
5302.7			0.9199250752002189
5303.6			0.9754126782017026
5304.5			1.0131614646202243
5305.4			1.0200826897802824
5306.3			0.9995825992021045
5307.2			1.0
5308.1			1.0
5309.0			1.0
5309.9			1.0
5310.8			1.0
5311.7			1.0
5312.6			1.0
5313.5			1.0
5314.4			1.0
5315.3			1.0
5316.2			1.0
5317.1			1.0
5318.0			1.0106888114408723
5318.9			1.0084496898792668
5319.8			1.0042245746814586
5320.7			1.0056157148245908
5321.6			1.0025273990702734
5322.5			0.9825619732053094
5323.4			0.937485113873014
5324.3			0.9103099842945647
5325.2			0.9278247763750657
5326.1			0.9150292554725222
5327.0			0.8074807401680378
5327.9			0.6840057084748965
5328.8			0.6921934759761248
5329.7			0.8235021238638524
5330.6			0.9343421291433045
5331.5			0.9589978374603632
5332.4			0.9367132601920949
5333.3			0.945269131277117
5334.2			0.9963547006886899
5335.1			1.0311432752000176
5336.0			1.0
5336.9			0.9889044932552347
5337.8			0.9852093241560665
5338.7			0.9554752682492907
5339.6			0.8840429374181575
5340.5			0.8389679347954603
5341.4			0.8818820598759151
5342.3			0.9584794844968915
5343.2			0.9982530474791703
5344.1			0.9995429070645251
5345.0			1.0
5345.9			1.0
5346.8			1.0
5347.7			1.0
5348.6			1.0
5349.5			1.0
5350.4			1.0
5351.3			1.0
5352.2			1.0
5353.1			1.0
5354.0			1.0
5354.9			1.0
5355.8			1.0
5356.7			1.0
5357.6			1.0
5358.5			1.0
5359.4			1.0
5360.3			1.0
5361.2			1.0
5362.1			1.0
5363.0			1.0014993885970134
5363.9			0.99376480324925
5364.8			0.9696637722038951
5365.7			0.9593390398407842
5366.6			0.9611981739631508
5367.5			0.9598197959525042
5368.4			0.9438308182271183
5369.3			0.8904919319201433
5370.2			0.818647535216745
5371.1			0.7911032649963752
5372.0			0.8491641286366028
5372.9			0.9483384255819944
5373.8			1.0116965705294176
5374.7			1.0322260439767863
5375.6			1.019863621755858
5376.5			0.9882123383618088
5377.4			0.9747475149422243
5378.3			0.9915508687363073
5379.2			0.9993934514021954
5380.1			1.0
5381.0			0.9877992733549029
5381.9			0.9848631654079921
5382.8			0.9799477944633154
5383.7			0.9888034787785231
5384.6			1.0145013088813226
5385.5			1.0280924493418506
5386.4			1.0216918148063887
5387.3			1.0080867048716633
5388.2			0.9886715209213107
5389.1			0.958770730711231
5390.0			0.9361540462662856
5390.9			0.9337831089140295
5391.8			0.9443734181048687
5392.7			0.9556998990937627
5393.6			0.9589273376010431
5394.5			0.9560139343919629
5395.4			0.933883767026926
5396.3			0.8793243744038276
5397.2			0.8573703614176817
5398.1			0.921364760960081
5399.0			0.9912258612011833
5399.9			1.0006771824623042
5400.8			0.9973246938991154
5401.7			1.020732982201879
5402.6			1.0254923401638225
5403.5			0.9660077855372604
5404.4			0.877693641324494
5405.3			0.8266873031979151
5406.2			0.8515768316784789
5407.1			0.9255917941100152
5408.0			0.9739534488254538
5408.9			0.9625584800395098
5409.8			0.9441126947227467
5410.7			0.984448715430883
5411.6			1.0584760693710962
5412.5			1.1024082938465063
5413.4			1.1069008933279012
5414.3			1.1008043141119406
5415.2			1.1124317456577038
5416.1			1.1467516258232915
5417.0			1.1701662597226818
5417.9			1.1608100216281125
5418.8			1.1265408754758208
5419.7			1.0
5420.6			0.9857369997467149
5421.5			1.0088193837800226
5422.4			1.0225086964457861
5423.3			0.9860761148554752
5424.2			0.9510875438032649
5425.1			0.9763416058188187
5426.0			1.0321508858248092
5426.9			1.059073242062883
5427.8			1.0125203379266179
5428.7			0.9051443947284387
5429.6			0.8442071576985123
5430.5			0.8899765273912845
5431.4			0.9423954224289774
5432.3			0.9237979136987375
5433.2			0.8793046381640479
5434.1			0.8502882615887902
5435.0			0.8420272460321072
5435.9			0.8548409044736269
5436.8			0.8921572428858219
5437.7			0.9523108452658497
5438.6			1.0024819729469439
5439.5			1.0
5440.4			1.0
5441.3			1.0
5442.2			1.0
5443.1			0.9933121010828091
5444.0			0.964766234349014
5444.9			0.9049151970853581
5445.8			0.8296138056756412
5446.7			0.7962959997551425
5447.6			0.8492989418944968
5448.5			0.937219798070806
5449.4			0.9896629265997866
5450.3			1.0
5451.2			0.9912044233017622
5452.1			0.9746258580970351
5453.0			0.9510996186761635
5453.9			0.9075101798323594
5454.8			0.8521766310952857
5455.7			0.8422405678370471
5456.6			0.9071402466701162
5457.5			0.9929565131711571
5458.4			1.0395168556243881
5459.3			1.0341816309081393
5460.2			1.0
5461.1			0.970058614687223
5462.0			0.9393511732965144
5462.9			0.9155585771228525
5463.8			0.9352618141645965
5464.7			0.9799739821693713
5465.6			0.9944679594238337
5466.5			0.9880391109186072
5467.4			0.9936059972768738
5468.3			0.996211237528554
5469.2			0.9718412498945753
5470.1			0.9445031927989501
5471.0			0.9489218979662243
5471.9			0.9596894075975567
5472.8			0.9421920459577637
5473.7			0.9287292629099241
5474.6			0.9297641087125272
5475.5			1.0
5476.4			0.9277181518568273
5477.3			0.9373137623792329
5478.2			1.0258247158730165
5479.1			1.0779849384020344
5480.0			1.0334569392129513
5480.9			0.9558949002347344
5481.8			0.933123361140302
5482.7			0.9669214595598135
5483.6			1.0205823538658565
5484.5			1.070541176000213
5485.4			1.0821264004951783
5486.3			1.033700097887978
5487.2			0.9709602996434474
5488.1			0.9547305971333946
5489.0			0.9707110386321386
5489.9			0.9766957360381723
5490.8			0.9848554483240265
5491.7			0.9935442401594312
5492.6			0.975154865646558
5493.5			0.9512926681798726
5494.4			0.9603466446915276
5495.3			0.9775327097106825
5496.2			0.9611368022779148
5497.1			0.9341221104662742
5498.0			0.9525815499665129
5498.9			0.9974869668305542
5499.8			1.0008494423828154
5500.7			1.0
5501.6			1.0
5502.5			1.0
5503.4			1.0
5504.3			1.0000839394027408
5505.2			0.9715928299732346
5506.1			0.9380899982332728
5507.0			0.9543194286096917
5507.9			1.0002690676787558
5508.8			1.0158099652960928
5509.7			0.9994372962935981
5510.6			0.9692673621827141
5511.5			0.9262394659424634
5512.4			0.8925972831892562
5513.3			0.8927675611471315
5514.2			0.9095884734549469
5515.1			0.9279396182061119
5516.0			0.9423536047701739
5516.9			0.9597351908479594
5517.8			0.9937926427751581
5518.7			1.0180033648450817
5519.6			1.0123708110973926
5520.5			0.9999759359101685
5521.4			1.0
5522.3			1.0
5523.2			0.9982606004828427
5524.1			0.9973898010379012
5525.0			0.9917972711167343
5525.9			0.9760399226678553
5526.8			0.9404660452085063
5527.7			0.8988924419203789
5528.6			0.8996516001172891
5529.5			0.9510177268245285
5530.4			0.9971421040459516
5531.3			1.0084799793983938
5532.2			1.0046790688528853
5533.1			1.0050933770003863
5534.0			1.0002784881391602
5534.9			1.0
5535.8			1.0
5536.7			1.0
5537.6			1.0
5538.5			1.0
5539.4			1.0
5540.3			1.0
5541.2			1.0
5542.1			1.0
5543.0			1.0
5543.9			1.0
5544.8			1.0
5545.7			1.0
5546.6			1.0
5547.5			1.0
5548.4			1.0
5549.3			1.0
5550.200000000001			1.0
5551.1			1.0
5552.0			1.0
5552.9			1.0
5553.8			1.0
5554.700000000001			1.0
5555.6			1.0
5556.5			1.0
5557.4			1.0
5558.3			1.0
5559.200000000001			1.0
5560.1			1.0
5561.0			1.0
5561.9			1.0
5562.8			1.0
5563.700000000001			1.0
5564.6			1.0
5565.5			1.0
5566.4			1.0
5567.3			1.0
5568.200000000001			1.0
5569.1			1.0
5570.0			1.0
5570.9			1.0
5571.8			1.0
5572.700000000001			1.0
5573.6			1.0
5574.5			1.0355927237287197
5575.4			1.0423692888992406
5576.3			1.0398418072721287
5577.200000000001			1.0448400149273884
5578.1			1.0409986302902037
5579.0			1.040360558558603
5579.9			1.055167761693867
5580.8			1.0612461475895518
5581.700000000001			1.051278518760888
5582.6			1.045552818054257
5583.5			1.0406048985500476
5584.4			1.020912646179519
5585.3			0.9888970450574753
5586.200000000001			0.9522137756714121
5587.1			0.9218326215047423
5588.0			0.9155070268325517
5588.9			0.931095688343225
5589.8			0.9597315451575319
5590.700000000001			0.9906879318285474
5591.6			1.00848817672488
5592.5			1.0109789704852916
5593.4			1.0095034966099075
5594.3			1.0261624906757845
5595.200000000001			1.0
5596.1			1.045814820528275
5597.0			1.0357791636137774
5597.9			0.9835010546627739
5598.8			0.9488036798033961
5599.700000000001			0.9369222393610557
5600.6			0.9144516737160433
5601.5			0.8866937617958532
5602.4			0.8799269875156085
5603.3			0.9089092760373384
5604.200000000001			0.9637926000559464
5605.1			1.0078019351837875
5606.0			1.023626217718724
5606.9			1.0189557600012455
5607.8			1.0
5608.700000000001			0.9997192163357229
5609.6			1.0048419564981212
5610.5			1.0174207738604668
5611.4			1.0348635429802056
5612.3			1.0481031815794564
5613.200000000001			1.0273367777011184
5614.1			0.9497985116191421
5615.0			0.8709088435813953
5615.9			0.8731607908981892
5616.8			0.9396427223578083
5617.700000000001			0.9864951973294319
5618.6			0.9868524615684203
5619.5			1.0
5620.4			1.0073430968248074
5621.3			1.0274075038212984
5622.200000000001			1.0223095899704169
5623.1			0.9721223726071887
5624.0			0.9028221730928377
5624.9			0.87206700556377
5625.8			0.8951180896116031
5626.700000000001			0.927564507938474
5627.6			0.9428078693754741
5628.5			0.9642962922936574
5629.4			0.9946917156290038
5630.3			1.0
5631.200000000001			1.0
5632.1			1.0
5633.0			1.0
5633.9			1.0
5634.8			1.0
5635.700000000001			1.0
5636.6			1.0
5637.5			1.0
5638.4			1.0
5639.3			1.0
5640.200000000001			1.0
5641.1			1.0
5642.0			1.0
5642.9			1.0
5643.8			1.0
5644.700000000001			1.0
5645.6			1.0
5646.5			1.0
5647.4			1.0022754360076762
5648.3			0.9979555317976799
5649.200000000001			0.992184846424738
5650.1			0.997536637476033
5651.0			1.0165932029728328
5651.9			1.0375292439169037
5652.8			1.0391951846738978
5653.700000000001			1.0083516090285798
5654.6			0.9766705757478016
5655.5			0.9892559499609503
5656.4			0.9988916385759623
5657.3			0.9410703336175981
5658.200000000001			0.8741831085724525
5659.1			0.8902831574595887
5660.0			0.9515202017958297
5660.9			0.9722991061663752
5661.8			0.9559554515909104
5662.700000000001			0.9600575140218817
5663.6			0.9957358256932828
5664.5			1.0281237874550493
5665.4			1.0344693213665412
5666.3			1.0126294529942204
5667.200000000001			0.989450606268744
5668.1			0.9877637417450225
5669.0			0.9993581183562475
5669.9			1.0
5670.8			1.0
5671.700000000001			1.0
5672.6			1.0
5673.5			1.0
5674.4			1.0
5675.3			1.0
5676.200000000001			1.0
5677.1			1.0
5678.0			0.9838851239015104
5678.9			0.9647070569870655
5679.8			0.963124645498139
5680.700000000001			0.9648834782263983
5681.6			0.9412091934532911
5682.5			0.9167298785592546
5683.4			0.9246092904921024
5684.3			0.9474161836547441
5685.200000000001			0.9513244851176509
5686.1			0.927248816434155
5687.0			0.9061921291833228
5687.9			0.9077994670663649
5688.8			0.9323487934344449
5689.700000000001			0.9602159433264887
5690.6			1.0
5691.5			1.0153168728104165
5692.4			1.0262585124476078
5693.3			1.0225524261532797
5694.200000000001			1.0131978327329416
5695.1			1.0116704345631133
5696.0			1.0109765252057554
5696.9			0.9941668386583223
5697.8			0.9593500788144415
5698.700000000001			0.9364539734998847
5699.6			0.9278766738039327
5700.5			0.906942578083516
5701.4			0.887971695683456
5702.3			0.8969602121955418
5703.200000000001			0.9282797814053438
5704.1			0.9523160527525363
5705.0			0.9431932763843999
5705.9			0.9054710920357575
5706.8			0.8731404756565149
5707.700000000001			0.8528545614562932
5708.6			0.8386991544234877
5709.5			0.8446262360184223
5710.4			0.8587463286005648
5711.3			0.858322728320759
5712.200000000001			0.8762350246498226
5713.1			0.9241231104100198
5714.0			0.9583591531706876
5714.9			0.970209702349037
5715.8			0.9825665682255242
5716.700000000001			0.9873791081471658
5717.6			0.985990489803796
5718.5			0.9976751546234454
5719.4			1.0100070009832294
5720.3			1.0108386692153029
5721.200000000001			1.0200555685433816
5722.1			1.034919706060218
5723.0			1.034972438649935
5723.9			1.026129791624546
5724.8			1.0197345601255803
5725.700000000001			1.000352409236269
5726.6			1.0
5727.5			1.0
5728.4			1.0
5729.3			1.0
5730.200000000001			1.0
5731.1			1.0
5732.0			1.0
5732.9			1.0
5733.8			1.0
5734.700000000001			1.0
5735.6			1.0
5736.5			1.0
5737.4			1.0
5738.3			1.0
5739.200000000001			1.0
5740.1			1.0
5741.0			1.0
5741.9			1.0
5742.8			1.0
5743.700000000001			1.0
5744.6			1.0
5745.5			1.0
5746.4			1.0
5747.3			1.0
5748.200000000001			1.0
5749.1			1.0197029639375546
5750.0			1.0493978640510557
5750.9			1.0450698944848948
5751.8			1.0012861516779494
5752.700000000001			0.9405057181646219
5753.6			0.8995466498578018
5754.5			0.913192633439602
5755.4			0.9628060091228026
5756.3			0.9993685222821254
5757.200000000001			1.0065908959467234
5758.1			0.9961099331192882
5759.0			1.0
5759.9			1.0
5760.8			1.0
5761.700000000001			1.0
5762.6			1.0
5763.5			1.0
5764.4			1.0
5765.3			1.0
5766.200000000001			1.0
5767.1			1.0
5768.0			0.9982064252514132
5768.9			0.9914016055901463
5769.8			0.9845234008093591
5770.700000000001			0.9781549926893548
5771.6			0.9628444194162978
5772.5			0.9492953246275202
5773.4			0.9449888594046623
5774.3			0.9448179434638693
5775.200000000001			0.9557172727240614
5776.1			0.9740989289022827
5777.0			0.9828963282021234
5777.9			0.9797206060614966
5778.8			0.961062764787077
5779.700000000001			0.9108740506409486
5780.6			0.8451880513694151
5781.5			0.8161238068963478
5782.4			0.8378668962036928
5783.3			0.8600453424429164
5784.200000000001			0.8447416267031338
5785.1			0.8238910112389899
5786.0			0.8502543068091138
5786.9			0.9051716077604258
5787.8			0.9403490313923439
5788.700000000001			0.9512469951138355
5789.6			1.0
5790.5			0.9760270269651268
5791.4			0.9726268183262584
5792.3			0.9919824341475447
5793.200000000001			1.0114797652600584
5794.1			1.0287568482211673
5795.0			1.0410014292887895
5795.9			1.0263699874922934
5796.8			0.9852208347820981
5797.700000000001			0.9579879647504917
5798.6			0.9763505940633649
5799.5			1.0195525815527458
5800.4			1.047594385772647
5801.3			1.053777653430363
5802.200000000001			1.041829160643166
5803.1			1.0068352066570911
5804.0			0.962830025353923
5804.9			0.9405182509060638
5805.8			0.9444689866902157
5806.700000000001			0.9578259799522856
5807.6			0.9649676714423543
5808.5			0.9661176885149277
5809.4			0.9744916389599717
5810.3			0.9877774349073998
5811.200000000001			0.992470820667082
5812.1			0.9881120249460124
5813.0			0.9792128308755836
5813.9			0.9618974603006216
5814.8			0.9371943738036259
5815.700000000001			0.9166440445931675
5816.6			0.9200674163929864
5817.5			0.9523074177463378
5818.4			0.9878816016282848
5819.3			1.0023401104321326
5820.200000000001			1.0
5821.1			1.0
5822.0			1.0
5822.9			1.0
5823.8			1.0
5824.700000000001			1.0
5825.6			1.0
5826.5			1.0
5827.4			1.0
5828.3			1.0
5829.200000000001			1.0
5830.1			1.0
5831.0			1.0
5831.9			1.0
5832.8			1.0
5833.700000000001			1.0
5834.6			1.0
5835.5			1.0
5836.4			1.0
5837.3			1.0
5838.200000000001			1.0
5839.1			1.0
5840.0			1.0
5840.9			1.0
5841.8			1.0
5842.700000000001			1.0
5843.6			1.0
5844.5			1.0
5845.4			1.0
5846.3			0.976413196984863
5847.200000000001			0.9645503921149694
5848.1			0.9746208504501501
5849.0			0.991787772153015
5849.9			1.0021099200910064
5850.8			0.9968651698387061
5851.700000000001			0.9725552173652122
5852.6			0.944254023463985
5853.5			0.9384716341222696
5854.4			0.955484956237636
5855.3			0.963651372620323
5856.200000000001			0.9383312870715467
5857.1			0.8962646571498774
5858.0			0.8818246097894994
5858.9			0.9050709341331811
5859.8			0.9392672345313628
5860.700000000001			0.9617391530598132
5861.6			0.9628601018359867
5862.5			0.9588930151628493
5863.4			0.9682176297236288
5864.3			0.9805981169029092
5865.200000000001			0.972066166520031
5866.1			0.9467026232021756
5867.0			0.9407669563276286
5867.9			0.9628194939038335
5868.8			0.9870171722713781
5869.700000000001			0.999498943694402
5870.6			1.0
5871.5			1.0
5872.4			1.0
5873.3			1.0
5874.200000000001			1.0
5875.1			1.0
5876.0			1.0
5876.9			1.0
5877.8			1.0
5878.700000000001			1.0
5879.6			0.9790061479597404
5880.5			0.9743417274777061
5881.4			0.9945664022954448
5882.3			1.0089050716104286
5883.200000000001			0.9998119690830016
5884.1			0.9930848088337209
5885.0			1.008167181808155
5885.9			1.0214799966147052
5886.8			1.0031316281665237
5887.700000000001			0.9274684053192306
5888.6			0.7810894741598164
5889.5			0.6428572718234397
5890.4			0.6386758934987055
5891.3			0.7526440566620473
5892.200000000001			0.8582207808159665
5893.1			0.9052750334826571
5894.0			0.8866545214813563
5894.9			0.7943947997223461
5895.8			0.7220074324973621
5896.700000000001			0.7723110658524781
5897.6			0.8784870225849112
5898.5			0.9342408859687347
5899.4			0.9554750373954254
5900.3			0.9830398313625972
5901.200000000001			0.9999351964741574
5902.1			1.0
5903.0			1.0
5903.9			1.0
5904.8			1.0
5905.700000000001			1.0
5906.6			1.0
5907.5			1.0
5908.4			1.0
5909.3			1.0
5910.200000000001			1.0
5911.1			1.0102004660938224
5912.0			1.0065844733775047
5912.9			0.9811850865045807
5913.8			0.9476793203586357
5914.700000000001			0.9246983340762303
5915.6			0.9171582573589127
5916.5			0.9337294401304789
5917.4			0.9659095664796579
5918.3			0.9856931981075988
5919.200000000001			0.9957183035514007
5920.1			1.0000059842927962
5921.0			1.0
5921.9			1.0
5922.8			1.0
5923.700000000001			1.0
5924.6			1.0
5925.5			1.0
5926.4			1.0
5927.3			1.0
5928.200000000001			1.0
5929.1			1.0
5930.0			1.0
5930.9			1.0
5931.8			1.0
5932.700000000001			1.0
5933.6			1.0
5934.5			1.0
5935.4			1.0
5936.3			1.0
5937.200000000001			1.0
5938.1			1.0
5939.0			1.0
5939.9			1.0
5940.8			1.0
5941.700000000001			1.0
5942.6			1.0
5943.5			1.0
5944.4			1.0
5945.3			1.0
5946.200000000001			1.0
5947.1			1.0
5948.0			1.0
5948.9			1.0
5949.8			1.0
5950.700000000001			1.0
5951.6			1.0
5952.5			1.0
5953.4			1.0
5954.3			1.0
5955.200000000001			1.0
5956.1			1.0
5957.0			1.0
5957.9			1.0
5958.8			1.0
5959.700000000001			1.0
5960.6			1.0
5961.5			1.0
5962.4			1.0
5963.3			1.0
5964.200000000001			1.0
5965.1			1.0
5966.0			1.0
5966.9			1.0
5967.8			1.0
5968.700000000001			1.0
5969.6			1.0
5970.5			1.0
5971.4			1.0
5972.3			1.0
5973.200000000001			0.9985847649384281
5974.1			0.9865151925140102
5975.0			0.9628452319127851
5975.9			0.9405227541862344
5976.8			0.9270936550325736
5977.700000000001			0.9225762645156469
5978.6			0.9335463179952244
5979.5			0.9600368461761308
5980.4			0.9805391991543165
5981.3			0.9803417237547691
5982.200000000001			0.9569512945957115
5983.1			0.9148827728991529
5984.0			0.8838533626019127
5984.9			0.8954588953698477
5985.8			0.9261238400706036
5986.700000000001			0.94276163826984
5987.6			0.9506618402622362
5988.5			0.9610584103361927
5989.4			0.9667969050518486
5990.3			0.9535203583647026
5991.200000000001			0.927006984148331
5992.1			0.9253982255209755
5993.0			0.9545855728770827
5993.9			0.977878920292047
5994.8			0.9747694565491053
5995.700000000001			0.9496218302397187
5996.6			0.9201450367565491
5997.5			0.9046963079127379
5998.4			0.9094863129456223
5999.3			0.927915125577256
6000.200000000001			0.9494871813194403
6001.1			0.9535652133956014
6002.0			0.9335052677270754
6002.9			0.9205415092936988
6003.8			0.9333267248895043
6004.700000000001			0.9427758030248542
6005.6			0.9305495805529754
6006.5			0.9076390067434489
6007.4			0.8815983435525927
6008.3			0.8797653381791103
6009.200000000001			0.9198178501439339
6010.1			0.9617934076068017
6011.0			0.9635021431617887
6011.9			0.9318636984635309
6012.8			0.9031734833504318
6013.700000000001			0.9042921800539739
6014.6			0.9198400883528326
6015.5			0.9216647118128677
6016.4			0.9180355919818257
6017.3			0.927045218067272
6018.200000000001			0.933241662873103
6019.1			0.9192412867701186
6020.0			0.9044202161246154
6020.9			0.9087277380559334
6021.8			0.9231987138566999
6022.700000000001			0.9326465970437634
6023.6			0.9359732393968913
6024.5			0.9496111143131508
6025.4			0.9657640319585571
6026.3			0.9630758898702004
6027.200000000001			0.9574683520606802
6028.1			0.9651259707839354
6029.0			0.9727417982008921
6029.9			0.9712857913519196
6030.8			0.9746584167104568
6031.700000000001			0.991131289502112
6032.6			1.0020691168228435
6033.5			0.9969579424987094
6034.4			0.9867549633149862
6035.3			0.9852847084051862
6036.200000000001			0.9913024304111422
6037.1			0.996234940199138
6038.0			0.9942896606606496
6038.9			0.9832904833862025
6039.8			0.9702335704909543
6040.700000000001			0.9683140609267294
6041.6			0.9728939660946266
6042.5			0.9832208399808425
6043.4			0.999927914331095
6044.3			1.0
6045.200000000001			1.0
6046.1			1.0
6047.0			1.0
6047.9			1.0
6048.8			1.0
6049.700000000001			1.0
6050.6			1.0
6051.5			1.0
6052.4			1.0
6053.3			1.0
6054.200000000001			1.0
6055.1			1.0
6056.0			1.0
6056.9			1.0
6057.8			1.0
6058.700000000001			1.0
6059.6			1.0132866601797568
6060.5			1.0120162304001477
6061.4			0.9958167480548831
6062.3			0.9755175714391419
6063.200000000001			0.9583957168149465
6064.1			0.931975150315512
6065.0			0.9080375318288071
6065.9			0.926318652521
6066.8			0.9745301877411978
6067.700000000001			1.0048642424107515
6068.6			1.0088544856488442
6069.5			1.0028966835977255
6070.4			0.9974445800647032
6071.3			1.0
6072.200000000001			1.0
6073.1			1.0
6074.0			1.0
6074.9			1.0
6075.8			1.0
6076.700000000001			1.0
6077.6			1.0
6078.5			1.0
6079.4			1.0
6080.3			1.0
6081.200000000001			1.0
6082.1			1.0
6083.0			1.0
6083.9			1.0
6084.8			1.0
6085.700000000001			1.0
6086.6			1.0
6087.5			1.0
6088.4			1.0
6089.3			1.0
6090.200000000001			1.0
6091.1			1.0
6092.0			1.0
6092.9			1.0
6093.8			1.0
6094.700000000001			1.0
6095.6			1.0
6096.5			1.0
6097.4			1.0
6098.3			1.0
6099.200000000001			1.0186494298479427
6100.1			1.0264926334542064
6101.0			0.9934615758234024
6101.9			0.9237116879935442
6102.8			0.8884620710785068
6103.700000000001			0.9295944640126301
6104.6			0.9855768452696398
6105.5			1.0046126328457683
6106.4			1.000139599562324
6107.3			1.0
6108.200000000001			1.0
6109.1			1.0
6110.0			1.0
6110.9			1.0
6111.8			1.0
6112.700000000001			1.0
6113.6			1.0
6114.5			1.0
6115.4			1.0
6116.3			1.0
6117.200000000001			1.0047248361435863
6118.1			1.008794604108573
6119.0			0.9896876399788408
6119.9			0.9669207128508378
6120.8			0.9468324904277409
6121.700000000001			0.9280311013417615
6122.6			0.9435329299727894
6123.5			0.994674142501767
6124.4			1.0241882515221563
6125.3			1.0171276129639393
6126.200000000001			0.9994889369932101
6127.1			1.0
6128.0			1.0
6128.9			1.0
6129.8			1.0
6130.700000000001			1.0
6131.6			1.0
6132.5			1.0084649331993447
6133.4			1.0096433799728208
6134.3			0.9839770479507196
6135.200000000001			0.924582912550245
6136.1			0.8479572481504327
6137.0			0.811829306404993
6137.9			0.8683835517109088
6138.8			0.9753061919355791
6139.700000000001			1.0423101812650322
6140.6			1.0356286015352925
6141.5			1.0055887771808372
6142.4			1.0
6143.3			1.0
6144.200000000001			1.0
6145.1			1.0
6146.0			1.0
6146.9			1.0
6147.8			1.0
6148.700000000001			1.0
6149.6			1.0
6150.5			1.0
6151.4			1.0
6152.3			1.0
6153.200000000001			1.0
6154.1			1.0
6155.0			1.0
6155.9			1.0
6156.8			1.0113515273187987
6157.700000000001			1.016584375859552
6158.6			1.0234532184018477
6159.5			1.0049094882739453
6160.4			0.939677368094878
6161.3			0.8661744961662078
6162.200000000001			0.8383494768895882
6163.1			0.8651612685753595
6164.0			0.9197895271344675
6164.9			0.9656421766151733
6165.8			0.9885993811917276
6166.700000000001			1.0059420838823263
6167.6			0.999442390069213
6168.5			1.0
6169.4			1.0
6170.3			1.0
6171.200000000001			1.0
6172.1			1.0
6173.0			1.0
6173.9			1.0
6174.8			1.0
6175.700000000001			1.0
6176.6			1.0
6177.5			1.0
6178.4			1.0
6179.3			1.0
6180.200000000001			1.0
6181.1			1.0
6182.0			1.0
6182.9			1.0
6183.8			1.0
6184.700000000001			0.9963303722054796
6185.6			0.9729213872833895
6186.5			0.9464308967086361
6187.4			0.9336085501270658
6188.3			0.9314243101905852
6189.200000000001			0.932268905269407
6190.1			0.9044757752194803
6191.0			0.8605212205500115
6191.9			0.872043490305817
6192.8			0.9355508805406801
6193.700000000001			0.9802049878935638
6194.6			0.9915129333499987
6195.5			0.9955800317969918
6196.4			1.0
6197.3			0.9981304315626935
6198.200000000001			0.9659620875960798
6199.1			0.9169654536051693
6200.0			0.9045954014437466
6200.9			0.9415984037114554
6201.8			0.9835154100409256
6202.700000000001			1.0000297600596673
6203.6			1.0
6204.5			1.0
6205.4			1.0
6206.3			1.0
6207.200000000001			1.0
6208.1			1.0
6209.0			1.0
6209.9			0.9907459599139017
6210.8			0.9875150827389814
6211.700000000001			0.9830177300735239
6212.6			0.9523412641255263
6213.5			0.9128422413555428
6214.4			0.9003159179885543
6215.3			0.9132715222462586
6216.200000000001			0.9510502826485004
6217.1			1.0046833444211367
6218.0			1.0247859595140358
6218.9			0.9977056496759241
6219.8			1.0
6220.700000000001			1.0
6221.6			1.0
6222.5			1.0
6223.4			1.0
6224.3			1.0
6225.200000000001			1.0049593719099308
6226.1			1.0156361332552302
6227.0			1.0152553551488384
6227.9			1.0028650040586522
6228.8			0.9642935184109643
6229.700000000001			0.8970582613160484
6230.6			0.850426453208338
6231.5			0.8605023170374273
6232.4			0.8985102414051718
6233.3			0.9423407569921181
6234.200000000001			1.0
6235.1			1.030973788538856
6236.0			1.0266310815213135
6236.9			1.0093155564246126
6237.8			0.9938603175020506
6238.700000000001			0.9727464916379757
6239.6			0.9436427207000482
6240.5			0.9435753367956654
6241.4			0.96273227720947
6242.3			0.9443369358575818
6243.200000000001			0.9184284797177503
6244.1			0.9366230899864735
6245.0			1.0
6245.9			1.0094617588890955
6246.8			1.0378217284024729
6247.700000000001			1.0741490653770156
6248.6			1.080937976671551
6249.5			1.0623105146878145
6250.4			1.0383201136574143
6251.3			0.9965398827899323
6252.200000000001			0.9554844085332017
6253.1			0.9468310336258374
6254.0			0.9566073500003076
6254.9			0.9665962027448051
6255.8			0.9549566154670117
6256.700000000001			0.9197843157933754
6257.6			0.8868373488257978
6258.5			0.8874546319586831
6259.4			0.937789960150117
6260.3			0.9853603077427734
6261.200000000001			1.006026123162636
6262.1			1.0351048917928793
6263.0			1.0636263872494005
6263.9			1.0498403412995596
6264.8			1.0029456180438556
6265.700000000001			0.9841202064241725
6266.6			1.005243609152908
6267.5			1.0175222917615059
6268.4			1.0070818549012197
6269.3			1.0000228617408526
6270.200000000001			1.0
6271.1			1.0
6272.0			1.0
6272.9			1.0
6273.8			1.0
6274.700000000001			1.0
6275.6			1.0
6276.5			1.0
6277.4			1.0
6278.3			1.0
6279.200000000001			1.0
6280.1			1.0
6281.0			1.0
6281.9			1.0
6282.8			1.0
6283.700000000001			1.0
6284.6			1.0
6285.5			1.0
6286.4			1.011949931772759
6287.3			1.0287508567687111
6288.200000000001			1.038665791861238
6289.1			1.0347213260529147
6290.0			1.0146084192024643
6290.9			0.9885838092334069
6291.8			0.9705660039749233
6292.700000000001			0.9688542172805905
6293.6			0.9876084020412524
6294.5			1.0017858726037483
6295.4			0.980652561612252
6296.3			0.9381615512395385
6297.200000000001			0.9154745344138924
6298.1			0.9296968175909441
6299.0			0.9553963104910569
6299.9			0.9581935729660432
6300.8			0.9327013485307143
6301.700000000001			0.9129548069669651
6302.6			0.9231554428547795
6303.5			0.9457224617797361
6304.4			0.9524023222152137
6305.3			0.9476699810101216
6306.200000000001			1.0
6307.1			1.0305627650080278
6308.0			1.0433590723423807
6308.9			1.0343049465014131
6309.8			1.0113964744469914
6310.700000000001			0.9836433302039383
6311.6			0.9741863570499293
6312.5			0.9873487354841589
6313.4			0.9865579009780497
6314.3			0.9518735077813606
6315.200000000001			0.9347537012641814
6316.1			0.9529199966481139
6317.0			0.9467045382702072
6317.9			0.9102464943726688
6318.8			0.9050664347602767
6319.700000000001			0.9468140050824421
6320.6			0.9840386298250322
6321.5			0.9892650975920886
6322.4			0.9845842923082169
6323.3			1.0025677808936804
6324.200000000001			1.0273651510771153
6325.1			1.0331040022196851
6326.0			1.02027483177009
6326.9			1.0048964220261756
6327.8			1.0125468363949721
6328.700000000001			1.0290404389733394
6329.6			1.0
6330.5			0.981748230679574
6331.4			0.987189527816905
6332.3			1.0089763312470703
6333.200000000001			1.0138666229373487
6334.1			0.9779110225131534
6335.0			0.9245421157569367
6335.9			0.9048418426724925
6336.8			0.9304595063075666
6337.700000000001			0.9582097117526198
6338.6			0.9615255227785531
6339.5			0.9708650959541325
6340.4			0.9962491496029305
6341.3			1.000041687990355
6342.200000000001			1.0
6343.1			1.0
6344.0			1.0
6344.9			1.0
6345.8			1.0
6346.700000000001			1.0
6347.6			1.0010648061173602
6348.5			1.0014151706343517
6349.4			0.9981424944805323
6350.3			0.9963252852447733
6351.200000000001			1.0066716944242642
6352.1			1.0147160283038446
6353.0			1.0017715190908036
6353.9			0.9701317029687678
6354.8			0.9471277461832742
6355.700000000001			0.9547727222879541
6356.6			0.9658910210391856
6357.5			0.9475616505681472
6358.4			0.9159195483942136
6359.3			0.904826592709044
6360.200000000001			0.9036477605335962
6361.1			0.8863734460064624
6362.0			0.8720319623126683
6362.9			0.8809492284563615
6363.8			0.9014491846548315
6364.700000000001			0.9204550856553249
6365.6			0.9368368657797446
6366.5			0.9556447570286811
6367.4			0.9814898808460315
6368.3			0.9977892316476097
6369.200000000001			0.9930136654246564
6370.1			0.9810893970744884
6371.0			0.9827037901255973
6371.9			1.0026584061045416
6372.8			1.0178441625410974
6373.700000000001			1.0136894556695049
6374.6			1.0026467136457435
6375.5			0.9997384181047146
6376.4			0.9998928713091739
6377.3			1.0
6378.200000000001			1.0
6379.1			1.0
6380.0			1.0
6380.9			1.0
6381.8			1.0
6382.700000000001			1.0
6383.6			1.0
6384.5			1.0
6385.4			1.0
6386.3			1.0
6387.200000000001			1.0
6388.1			1.0
6389.0			1.0
6389.9			1.0
6390.8			1.0
6391.700000000001			1.0
6392.6			1.0
6393.5			1.0
6394.4			1.0
6395.3			1.0
6396.200000000001			1.021416157809209
6397.1			1.0246461504392477
6398.0			1.0046904658602134
6398.9			0.9482638252782125
6399.8			0.8945003964983311
6400.700000000001			0.9079306641119196
6401.6			0.9616315752632287
6402.5			0.9933774383086736
6403.4			0.9988745487843605
6404.3			1.0
6405.200000000001			1.0
6406.1			1.0
6407.0			1.0
6407.9			1.0
6408.8			1.0
6409.700000000001			1.0
6410.6			1.0
6411.5			1.0
6412.4			1.0
6413.3			1.0
6414.200000000001			1.0
6415.1			1.0
6416.0			1.0097562529993334
6416.9			1.0057819004938626
6417.8			0.9889507245610873
6418.700000000001			0.9642868663871037
6419.6			0.9361982912170845
6420.5			0.9203139597784601
6421.4			0.93647718115967
6422.3			0.9813648850552337
6423.200000000001			1.0155188127778416
6424.1			1.0147353953613087
6425.0			1.0015600934534554
6425.9			1.0
6426.8			1.0139273240547317
6427.700000000001			1.0166747004014156
6428.6			0.9971623197621933
6429.5			0.953141228195059
6430.4			0.9100574583235502
6431.3			0.9049964367672451
6432.200000000001			0.936367198757347
6433.1			0.9707882596337988
6434.0			0.9925651012030668
6434.9			1.0022266761535683
6435.8			1.0000618674637396
6436.700000000001			1.0
6437.6			1.0
6438.5			1.0
6439.4			1.0
6440.3			1.0
6441.200000000001			1.0
6442.1			1.0
6443.0			1.0
6443.9			1.0
6444.8			1.0
6445.700000000001			1.0
6446.6			1.015269702880733
6447.5			0.9969050142505371
6448.4			0.9289729141172498
6449.3			0.8468687368108111
6450.200000000001			0.8271421747079882
6451.1			0.8823410120102615
6452.0			0.9514962166995581
6452.9			0.992822331453813
6453.8			0.995948655740929
6454.700000000001			1.0
6455.6			1.0
6456.5			1.0
6457.4			1.0
6458.3			1.0
6459.200000000001			1.0130911031459957
6460.1			1.0086894496045342
6461.0			0.9744657834357346
6461.9			0.9184513132118505
6462.8			0.891761673583172
6463.700000000001			0.9170930003985552
6464.6			0.9569936739941969
6465.5			0.9842046246852258
6466.4			1.0013827460064557
6467.3			1.0
6468.200000000001			1.0
6469.1			1.0
6470.0			1.0
6470.9			1.0
6471.8			1.0
6472.700000000001			1.0
6473.6			1.0
6474.5			1.0
6475.4			1.0
6476.3			1.0
6477.200000000001			1.0
6478.1			1.0
6479.0			1.0
6479.9			1.0
6480.8			1.0
6481.700000000001			1.0
6482.6			1.0
6483.5			1.0
6484.4			1.0
6485.3			1.0
6486.200000000001			1.0059770988179524
6487.1			1.0118880055696737
6488.0			1.016756311727029
6488.9			1.0109045909301628
6489.8			0.9926213843984771
6490.700000000001			0.97762702576363
6491.6			0.9716046902155445
6492.5			0.9465995056331298
6493.4			0.8827024256903301
6494.3			0.818307629207985
6495.200000000001			0.8036931404812565
6496.1			0.832540264074373
6497.0			0.8706815642228768
6497.9			0.89375510352202
6498.8			0.901939523337111
6499.700000000001			0.9183424977732644
6500.6			0.9436216441366437
6501.5			0.9620001285940828
6502.4			0.9743665021509128
6503.3			0.9875408713986525
6504.200000000001			1.0002313994230148
6505.1			1.0
6506.0			1.0
6506.9			1.0
6507.8			1.0
6508.700000000001			1.0
6509.6			1.0
6510.5			1.0
6511.4			1.0
6512.3			1.0
6513.200000000001			1.0
6514.1			1.0
6515.0			1.0
6515.9			1.0
6516.8			1.0
6517.700000000001			1.0
6518.6			1.0
6519.5			1.0
6520.4			1.0
6521.3			1.0
6522.200000000001			1.0
6523.1			1.0
6524.0			1.0
6524.9			1.0
6525.8			1.0
6526.700000000001			1.0
6527.6			1.0
6528.5			1.0
6529.4			1.0
6530.3			1.0
6531.200000000001			1.0
6532.1			1.0
6533.0			1.0
6533.9			1.0
6534.8			1.0
6535.700000000001			1.0
6536.6			1.0
6537.5			1.0
6538.4			1.0
6539.3			1.0
6540.200000000001			1.0
6541.1			1.0
6542.0			1.0
6542.9			1.0
6543.8			1.0
6544.700000000001			1.0
6545.6			1.0
6546.5			1.0
6547.4			1.0
6548.3			1.0
6549.200000000001			1.0
6550.1			1.0
6551.0			1.0
6551.9			1.0
6552.8			1.0
6553.700000000001			1.0
6554.6			1.0
6555.5			1.0
6556.4			1.0
6557.3			1.0
6558.200000000001			1.0007656335420265
6559.1			0.991384089002253
6560.0			0.9657430397841033
6560.9			0.8821538268416652
6561.8			0.7335907850182214
6562.700000000001			0.6328721270231691
6563.6			0.6895948771328144
6564.5			0.8374503765230124
6565.4			0.9472582951323341
6566.3			1.0
6567.200000000001			1.013539595568658
6568.1			0.9992118648079794
6569.0			0.975104352194234
6569.9			0.969627715954561
6570.8			0.9772131414257649
6571.700000000001			0.9743709010267256
6572.6			0.9574814385758342
6573.5			0.9396876859308501
6574.4			0.9350343164015382
6575.3			0.9574358895742365
6576.200000000001			1.0023022281442429
6577.1			1.0442044471653424
6578.0			1.0640916270726517
6578.9			1.0563672699728355
6579.8			1.0277224356242076
6580.700000000001			1.0013858747009639
6581.6			0.9991189395180221
6582.5			1.0
6583.4			1.0
6584.3			1.0
6585.200000000001			0.9871243935103178
6586.1			0.9727456777831349
6587.0			0.9786147127305062
6587.9			0.9980008214078688
6588.8			1.0093309726414528
6589.700000000001			1.0124189893018192
6590.6			1.0014685481827534
6591.5			0.9597554576994547
6592.4			0.9010324442617224
6593.3			0.875533805588034
6594.200000000001			0.9036553087076334
6595.1			0.9449990941933499
6596.0			0.9628868314422834
6596.9			0.9609496561485037
6597.8			0.9529198407085057
6598.700000000001			0.9519177650368613
6599.6			0.9676611624289605
6600.5			0.9888928030071454
6601.4			1.0
6602.3			0.9977977077168982
6603.200000000001			0.9863931506670182
6604.1			0.9681913990846369
6605.0			0.9525855665230142
6605.9			0.9467823763301559
6606.8			0.9445684816471482
6607.700000000001			0.9307699028523893
6608.6			0.9111959330081221
6609.5			0.9176506612631057
6610.4			0.9582596804055397
6611.3			0.9954669844174922
6612.200000000001			1.0017055751005297
6613.1			0.9890685554161612
6614.0			0.9866386291551105
6614.9			0.9990030948039984
6615.8			1.0
6616.700000000001			1.0
6617.6			1.0
6618.5			1.0
6619.4			1.0
6620.3			1.0
6621.200000000001			1.0
6622.1			1.0
6623.0			1.0
6623.9			1.0
6624.8			1.0
6625.700000000001			1.0
6626.6			1.0
6627.5			1.0
6628.4			0.9996269285798906
6629.3			0.9970282626652859
6630.200000000001			0.9880180534549758
6631.1			0.9728346729908097
6632.0			0.9503739535681838
6632.9			0.9275963945407835
6633.8			0.9230454235766371
6634.700000000001			0.9487348937935952
6635.6			0.9886696010224347
6636.5			1.020734569840784
6637.4			1.0332978921628417
6638.3			1.021926172281513
6639.200000000001			1.0002066110167036
6640.1			1.0
6641.0			1.0
6641.9			1.0
6642.8			1.0
6643.700000000001			1.0
6644.6			1.0
6645.5			1.0
6646.4			1.0
6647.3			1.0
6648.200000000001			1.0
6649.1			1.0
6650.0			1.0
6650.9			1.0
6651.8			1.0
6652.700000000001			1.0
6653.6			1.0
6654.5			1.0
6655.4			1.0
6656.3			1.0
6657.200000000001			1.0
6658.1			1.0
6659.0			1.0
6659.9			1.0
6660.8			1.0
6661.700000000001			1.0
6662.6			1.0
6663.5			1.0
6664.4			1.0
6665.3			1.0
6666.200000000001			1.0
6667.1			1.0
6668.0			1.0
6668.9			1.0
6669.8			1.0
6670.700000000001			1.0
6671.6			1.0
6672.5			1.0
6673.4			0.9993699240116036
6674.3			1.0016619777612192
6675.200000000001			0.9975908406611518
6676.1			0.9717089905065607
6677.0			0.9258734877192568
6677.9			0.897645642314933
6678.8			0.9199491975522109
6679.700000000001			0.966905643016621
6680.6			0.9941021149740844
6681.5			0.9982784552927418
6682.4			1.0000266436927427
6683.3			1.0
6684.200000000001			1.0
6685.1			1.0
6686.0			1.0
6686.9			1.0
6687.8			1.0
6688.700000000001			1.0
6689.6			1.0
6690.5			1.0
6691.4			1.0
6692.3			1.0
6693.200000000001			1.0
6694.1			1.0
6695.0			1.0
6695.9			1.0
6696.8			1.0
6697.700000000001			1.0
6698.6			1.0
6699.5			1.0
6700.4			1.0
6701.3			1.0
6702.200000000001			1.0
6703.1			1.0
6704.0			1.0
6704.9			1.0
6705.8			1.0177244866721642
6706.700000000001			1.030051552808419
6707.6			1.0298128610581672
6708.5			1.0200549770098708
6709.4			1.005312703518335
6710.3			0.994205294759532
6711.200000000001			0.992327063372274
6712.1			0.9910963159658809
6713.0			0.9870750425821448
6713.9			0.981444296718085
6714.8			0.9687164615114721
6715.700000000001			0.9482843472391721
6716.6			0.932277415212969
6717.5			0.9381214873816728
6718.4			0.968528386113829
6719.3			1.0002443812938882
6720.200000000001			1.0120250054228892
6721.1			1.008533180247099
6722.0			1.0089962107710415
6722.9			1.0187935015613514
6723.8			1.0237172508729553
6724.700000000001			1.0148877525567257
6725.6			1.0016411509212413
6726.5			0.9964278767761744
6727.4			0.9997441527816632
6728.3			1.0
6729.200000000001			1.0
6730.1			1.0
6731.0			1.0
6731.9			1.0
6732.8			1.0
6733.700000000001			1.0
6734.6			1.0
6735.5			1.0
6736.4			1.0
6737.3			1.0
6738.200000000001			1.0
6739.1			1.0
6740.0			1.0
6740.9			1.0
6741.8			1.0
6742.700000000001			1.0
6743.6			1.0
6744.5			1.0
6745.4			1.0
6746.3			1.0
6747.200000000001			1.0
6748.1			1.0
6749.0			1.0
6749.9			1.0
6750.8			1.0
6751.700000000001			1.0
6752.6			1.0
6753.5			1.0
6754.4			1.0
6755.3			1.0
6756.200000000001			1.0
6757.1			1.0
6758.0			1.0
6758.9			1.0
6759.8			1.0
6760.700000000001			1.0
6761.6			1.0
6762.5			1.0
6763.4			1.0
6764.3			1.0
6765.200000000001			1.0
6766.1			1.0
6767.0			1.0
6767.9			1.0
6768.8			1.0
6769.700000000001			1.0
6770.6			1.0
6771.5			1.0
6772.4			1.0
6773.3			1.0
6774.200000000001			1.0
6775.1			1.0
6776.0			1.0
6776.9			1.0
6777.8			1.0
6778.700000000001			1.0
6779.6			1.0
6780.5			1.0
6781.4			1.0
6782.3			1.0
6783.200000000001			1.0
6784.1			1.0
6785.0			1.0
6785.9			1.0
6786.8			1.0
6787.700000000001			1.0
6788.6			1.0
6789.5			1.0
6790.4			1.0
6791.3			1.0
6792.200000000001			1.0
6793.1			1.0
6794.0			1.0
6794.9			1.0
6795.8			1.0
6796.700000000001			1.0
6797.6			1.0
6798.5			1.0
6799.4			1.0
6800.3			1.0
6801.200000000001			1.0
6802.1			1.0
6803.0			1.0
6803.9			1.0
6804.8			1.0
6805.700000000001			1.0
6806.6			1.0
6807.5			1.0
6808.4			1.0
6809.3			1.0
6810.200000000001			1.0
6811.1			1.0
6812.0			1.0
6812.9			1.0
6813.8			1.0
6814.700000000001			1.0
6815.6			1.0
6816.5			1.0
6817.4			1.0
6818.3			1.0
6819.200000000001			1.0
6820.1			1.0
6821.0			1.0
6821.9			1.0
6822.8			1.0
6823.700000000001			1.0
6824.6			1.0
6825.5			1.0
6826.4			1.0
6827.3			1.0
6828.200000000001			1.0
6829.1			1.0
6830.0			1.0
6830.9			1.0
6831.8			1.0
6832.700000000001			1.0
6833.6			1.005056590379547
6834.5			1.0114635841644801
6835.4			1.0099323475861561
6836.3			1.0002255271844298
6837.200000000001			0.9865020865439152
6838.1			0.968703730292317
6839.0			0.9448947239058907
6839.9			0.9200016243529929
6840.8			0.9027711351788146
6841.700000000001			0.900139131412867
6842.6			0.9148926901367818
6843.5			0.9416560127880684
6844.4			0.9734511664006139
6845.3			0.9967730328636792
6846.200000000001			1.002802158259146
6847.1			1.00085438293916
6848.0			0.9988146945465035
6848.9			0.998631494847485
6849.8			0.9999483935519586
6850.700000000001			1.0
6851.6			1.0
6852.5			1.0
6853.4			1.0
6854.3			1.0
6855.200000000001			1.0
6856.1			1.0
6857.0			1.0
6857.9			1.0
6858.8			1.0
6859.700000000001			1.0
6860.6			1.0
6861.5			1.0
6862.4			1.0
6863.3			1.0
6864.200000000001			1.0274202010516609
6865.1			1.0307619303773201
6866.0			1.0035244975315554
6866.9			0.9562426680882506
6867.8			0.9303203691626489
6868.700000000001			0.9621535183667663
6869.6			1.014919744981067
6870.5			1.0253148527514988
6871.4			1.0033172120198317
6872.3			1.0
6873.200000000001			1.0
6874.1			1.0
6875.0			1.0
6875.9			1.0
6876.8			1.0
6877.700000000001			1.0
6878.6			1.0
6879.5			1.0
6880.4			1.0
6881.3			1.0
6882.200000000001			1.0
6883.1			1.0
6884.0			1.0
6884.9			1.0
6885.8			1.0
6886.700000000001			1.0
6887.6			1.0
6888.5			1.0
6889.4			1.0
6890.3			1.0
6891.200000000001			1.0
6892.1			1.0
6893.0			1.0
6893.9			1.0
6894.8			1.0
6895.700000000001			1.0
6896.6			1.0
6897.5			1.0
6898.4			1.0
6899.3			1.0
6900.200000000001			1.0
6901.1			1.0
6902.0			1.0
6902.9			1.0
6903.8			1.0
6904.700000000001			1.0
6905.6			1.0
6906.5			1.0
6907.4			1.0
6908.3			1.0
6909.200000000001			1.0
6910.1			1.0
6911.0			1.0
6911.9			1.0
6912.8			1.0
6913.700000000001			1.0
6914.6			1.0
6915.5			1.0
6916.4			1.0
6917.3			1.0
6918.200000000001			1.0
6919.1			1.0
6920.0			1.0
6920.9			1.0
6921.8			1.0
6922.700000000001			1.0
6923.6			1.0
6924.5			1.0
6925.4			1.0
6926.3			1.0
6927.200000000001			1.0
6928.1			1.0
6929.0			1.0
6929.9			1.0
6930.8			1.0
6931.700000000001			1.0
6932.6			1.0
6933.5			1.0
6934.4			1.0
6935.3			1.0
6936.200000000001			1.0
6937.1			1.0
6938.0			1.0
6938.9			1.0
6939.8			1.0
6940.700000000001			1.0
6941.6			1.0
6942.5			1.0
6943.4			1.0
6944.3			1.0
6945.200000000001			1.0
6946.1			1.0
6947.0			1.0
6947.9			1.0
6948.8			1.0
6949.700000000001			1.0
6950.6			1.0
6951.5			1.0
6952.4			1.0
6953.3			1.0
6954.200000000001			1.0
6955.1			1.0
6956.0			1.0
6956.9			1.0
6957.8			1.0
6958.700000000001			1.0
6959.6			1.0
6960.5			1.0
6961.4			1.0
6962.3			1.0
6963.200000000001			1.0
6964.1			1.0
6965.0			1.0
6965.9			1.0
6966.8			1.0
6967.700000000001			1.0
6968.6			1.0
6969.5			1.0
6970.4			1.0
6971.3			0.9926054450357292
6972.200000000001			1.0071417366711453
6973.1			1.0166560795896624
6974.0			1.0011483118780047
6974.9			0.975677276660223
6975.8			0.9548741416269619
6976.700000000001			0.9334380493793918
6977.6			0.8977146815501483
6978.5			0.8708457963243013
6979.4			0.8880076248799272
6980.3			0.9329019008137036
6981.200000000001			0.9706229177754107
6982.1			0.9972471789244617
6983.0			1.0151864850964023
6983.9			1.016789520334846
6984.8			1.0054189993804552
6985.700000000001			0.9999769322335725
6986.6			1.0
6987.5			1.0
6988.4			1.0
6989.3			1.0
6990.200000000001			1.0
6991.1			1.0
6992.0			1.0
6992.9			1.0
6993.8			1.0
6994.700000000001			1.0
6995.6			1.0
6996.5			1.0
6997.4			1.0
6998.3			1.0
6999.200000000001			1.0
7000.1			1.0
7001.0			1.0
7001.9			1.0
7002.8			1.0
7003.700000000001			1.0
7004.6			1.0
7005.5			1.0
7006.4			1.0
7007.3			1.0
7008.200000000001			1.0
7009.1			1.0
7010.0			1.0
7010.9			1.0
7011.8			1.0
7012.700000000001			1.008055087353749
7013.6			1.0112040236713125
7014.5			0.9827410577883373
7015.4			0.9212143177328785
7016.3			0.8786839154862037
7017.200000000001			0.9005227513686518
7018.1			0.9526194739422684
7019.0			0.9878223148114345
7019.9			1.0013327337206688
7020.8			1.0
7021.700000000001			1.0
7022.6			1.0
7023.5			1.0
7024.4			1.0
7025.3			1.0
7026.200000000001			1.0
7027.1			1.0
7028.0			1.0
7028.9			1.0
7029.8			1.0
7030.700000000001			1.0
7031.6			1.0
7032.5			1.0
7033.4			1.0
7034.3			1.0
7035.200000000001			1.0
7036.1			1.0
7037.0			1.0
7037.9			1.0
7038.8			1.0
7039.700000000001			1.0
7040.6			1.0
7041.5			1.0
7042.4			1.0
7043.3			1.0
7044.200000000001			1.0
7045.1			1.0
7046.0			1.0
7046.9			1.0
7047.8			1.0
7048.700000000001			1.0
7049.6			1.0001179604308956
7050.5			0.9886225718015301
7051.4			0.9553248043504405
7052.3			0.9141018366271428
7053.200000000001			0.9023885384298724
7054.1			0.9281347665530542
7055.0			0.9644352465268152
7055.9			0.9907941670580627
7056.8			1.0004551131018604
7057.700000000001			1.0
7058.6			1.0
7059.5			1.0
7060.4			1.0
7061.3			1.0
7062.200000000001			1.0
7063.1			1.0
7064.0			1.0
7064.9			1.0101424319787817
7065.8			0.9977018818730853
7066.700000000001			0.9618572295204559
7067.6			0.9251950914034316
7068.5			1.0
7069.4			1.0308458757543204
7070.3			1.0682592667353072
7071.200000000001			1.0823353807026188
7072.1			1.0772840028170751
7073.0			1.0710319815495821
7073.9			1.067061889571384
7074.8			1.0603513616201325
7075.700000000001			1.054188025455304
7076.6			1.0564890519788408
7077.5			1.0652578555714582
7078.4			1.0718670209774592
7079.3			1.075027105154508
7080.200000000001			1.0790142335637751
7081.1			1.0741433817172477
7082.0			1.0475523062668533
7082.9			1.0003361055761313
7083.8			0.9490536066395932
7084.700000000001			0.9275898283980195
7085.6			0.9505617228741057
7086.5			0.9865528362257042
7087.4			1.0052074138733031
7088.3			1.00287423697845
7089.200000000001			0.9860059198636505
7090.1			0.9663207071167138
7091.0			0.9586574122483634
7091.9			0.9611362155801093
7092.8			0.9648503155654584
7093.700000000001			0.9732406046664436
7094.6			0.9846471906755982
7095.5			0.9916409768138225
7096.4			0.9941994925506363
7097.3			0.9936803173178957
7098.200000000001			0.996317577143333
7099.1			1.0030133818172111
7100.0			1.0017091273857686
7100.9			1.0
7101.8			0.9862707182522447
7102.700000000001			0.9889630314876507
7103.6			1.0075527714661732
7104.5			1.02390651966923
7105.4			1.016828349962472
7106.3			0.9878459201031238
7107.200000000001			0.9650403760161421
7108.1			0.9662014277261135
7109.0			0.9747596892095433
7109.9			0.9675185171539358
7110.8			0.9494745353326165
7111.700000000001			0.9435372117724015
7112.6			0.9574120526230596
7113.5			0.9766817618780902
7114.4			0.9879401791710484
7115.3			0.9914343613297031
7116.200000000001			0.988426536254076
7117.1			0.9802616471628304
7118.0			0.9732218351651862
7118.9			0.9681749716021127
7119.8			0.9650645577543048
7120.700000000001			0.9600735439291369
7121.6			0.9483106272848677
7122.5			0.9434831974286494
7123.4			0.9579368502026339
7124.3			0.9761342770879189
7125.200000000001			0.9811270086523287
7126.1			0.9748025008384059
7127.0			0.9718977540001943
7127.9			0.9746994711073732
7128.8			0.9649940825682719
7129.700000000001			0.9372859578681838
7130.6			0.9163082741149983
7131.5			0.9280384200433176
7132.4			0.9614094130164249
7133.3			0.9874860102745706
7134.200000000001			0.9972564755501677
7135.1			0.99569569717704
7136.0			0.9994952352719506
7136.9			1.011088859063116
7137.8			1.0039151656662675
7138.700000000001			0.9760212734725449
7139.6			0.9617959906987421
7140.5			0.977991831663639
7141.4			0.9971568089027482
7142.3			0.9962433312281778
7143.200000000001			0.9886183129939046
7144.1			0.9868080810350774
7145.0			0.9922506715304158
7145.9			0.9976953724972341
7146.8			0.9841728421280662
7147.700000000001			0.9545336047778759
7148.6			0.9418191803085619
7149.5			0.955510679099075
7150.4			0.9723854746510056
7151.3			0.9883169714503529
7152.200000000001			1.012079716972014
7153.1			1.0254896635062771
7154.0			1.0079303632379586
7154.9			0.9770095120221757
7155.8			0.9754893209575166
7156.700000000001			1.0052431467619762
7157.6			1.027035702256261
7158.5			1.0194807694774664
7159.4			0.9997539147647717
7160.3			1.0
7161.200000000001			1.0
7162.1			1.0
7163.0			1.0
7163.9			1.0
7164.8			1.0
7165.700000000001			1.0
7166.6			1.0
7167.5			1.0
7168.4			1.0
7169.3			1.0
7170.200000000001			1.0
7171.1			1.0127627565684647
7172.0			1.0302555832058362
7172.9			1.0389176151837278
7173.8			1.0346546081357129
7174.700000000001			1.012894418489457
7175.6			0.9822837703810935
7176.5			0.972188628850659
7177.4			0.9954161233059369
7178.3			1.0146641965482053
7179.200000000001			0.995567523580327
7180.1			0.9494327273528995
7181.0			0.9224783547867383
7181.9			0.9442454147658904
7182.8			0.9914248757377487
7183.700000000001			1.0144965931926617
7184.6			1.0030786027081102
7185.5			0.9720766891158688
7186.4			0.9333804211360937
7187.3			0.9054555749477186
7188.200000000001			0.9025876125431296
7189.1			0.9193464804132356
7190.0			0.9448206428325074
7190.9			0.965810914229644
7191.8			0.9624183238423597
7192.700000000001			0.9425400844816241
7193.6			0.9378940471207303
7194.5			0.9584207163860097
7195.4			0.9741126621426208
7196.3			0.9655398597079976
7197.200000000001			0.9554761665041669
7198.1			0.9637827159992768
7199.0			0.9788127718855069
7199.9			0.9828696745379256
7200.8			0.9778272531427353
7201.700000000001			0.9734865475289072
7202.6			1.0
7203.5			1.0224237765973543
7204.4			1.0382129120324144
7205.3			1.019011097606777
7206.200000000001			0.9634954229656306
7207.1			0.9141037394803275
7208.0			0.9076952814726482
7208.9			0.9392396957403469
7209.8			0.9839412727827702
7210.700000000001			1.018350997001741
7211.6			1.0224880105611625
7212.5			0.9996627745094091
7213.4			1.0
7214.3			1.0
7215.200000000001			1.0
7216.1			1.0
7217.0			1.0
7217.9			1.0
7218.8			1.0
7219.700000000001			1.0
7220.6			1.0
7221.5			1.0
7222.4			1.0
7223.3			1.0
7224.200000000001			1.0
7225.1			1.0
7226.0			1.0
7226.9			1.0
7227.8			1.0
7228.700000000001			1.0
7229.6			1.0
7230.5			1.0
7231.4			1.0
7232.3			1.0
7233.200000000001			1.0
7234.1			1.0
7235.0			1.0
7235.9			1.0
7236.8			1.0
7237.700000000001			1.0
7238.6			1.0
7239.5			1.0
7240.4			1.0
7241.3			1.0
7242.200000000001			1.0
7243.1			1.0
7244.0			1.0
7244.9			1.0
7245.8			1.0
7246.700000000001			1.0
7247.6			1.0
7248.5			1.0
7249.4			1.0
7250.3			1.0
7251.200000000001			1.0
7252.1			1.0
7253.0			1.0
7253.9			1.0
7254.8			1.0
7255.700000000001			1.0
7256.6			1.014915127255331
7257.5			1.0194542852324533
7258.4			1.0087292756411141
7259.3			0.9812343252804766
7260.200000000001			0.9397549712658447
7261.1			0.9027006006818022
7262.0			0.9049139373300495
7262.9			1.0
7263.8			1.0297004905678666
7264.700000000001			1.0358204580003922
7265.6			1.0376638950637267
7266.5			1.042546411322285
7267.4			1.041383833602358
7268.3			1.0313054943499094
7269.200000000001			1.01956240370126
7270.1			1.0082715780443376
7271.0			0.9955492964007985
7271.9			1.0
7272.8			1.0
7273.700000000001			1.0
7274.6			1.0
7275.5			1.005915529539793
7276.4			1.0104817435344868
7277.3			0.9995218372738889
7278.200000000001			0.9807983128565085
7279.1			0.9735047642528257
7280.0			0.9750562543305972
7280.9			0.9693966255632344
7281.8			0.9484713703467663
7282.700000000001			0.9270796804442751
7283.6			0.9176200512846866
7284.5			0.9242875764383895
7285.4			0.9496888306754484
7286.3			0.971784299065342
7287.200000000001			0.9710400738215892
7288.1			0.9489731655061766
7289.0			0.9241685887850635
7289.9			0.9140092701351858
7290.8			0.9089243773424378
7291.700000000001			0.9042946189786485
7292.6			0.9104172926698838
7293.5			0.9321315002548048
7294.4			0.9693334125093155
7295.3			1.0089879208886516
7296.200000000001			1.0344005894086619
7297.1			1.0310475215668384
7298.0			1.0060996351215872
7298.9			0.9888489770350491
7299.8			0.9899594115200587
7300.700000000001			1.0061324177789202
7301.6			1.0182443391806868
7302.5			1.0199362930032208
7303.4			1.0253282864610904
7304.3			1.037178675604274
7305.200000000001			1.045758825279752
7306.1			1.0356797785181875
7307.0			1.0125309564765994
7307.9			1.0011062809619522
7308.8			1.0
7309.700000000001			1.0
7310.6			1.0
7311.5			1.0
7312.4			1.004715209367138
7313.3			1.0220988851320925
7314.200000000001			1.0381824820914187
7315.1			1.0391926242574723
7316.0			1.0240052176925594
7316.9			1.0073202206120389
7317.8			0.9977040141864477
7318.700000000001			1.0026399641149393
7319.6			1.0114750106333552
7320.5			1.0194160967441137
7321.4			1.0268378346177904
7322.3			1.023704293951854
7323.200000000001			1.0014461790349092
7324.1			0.9729452059054767
7325.0			0.9559599949050566
7325.9			0.9505996171793136
7326.8			0.9681169231296834
7327.700000000001			0.9911345570915053
7328.6			1.0
7329.5			1.0048494990484056
7330.4			1.0193717614754783
7331.3			1.0391319460491246
7332.200000000001			1.0497549744391665
7333.1			1.05317043126699
7334.0			1.0628068570270641
7334.9			1.0856263676132518
7335.8			1.115874426673179
7336.700000000001			1.1426329396998711
7337.6			1.1551329175644547
7338.5			1.1651860277544026
7339.4			1.1796917580167008
7340.3			1.2055484305147706
7341.200000000001			1.2277928962413667
7342.1			1.2349051547088188
7343.0			1.0
7343.9			0.9787079130705661
7344.8			0.9811836577473358
7345.700000000001			1.007754420250346
7346.6			1.0363888538247277
7347.5			1.0586241399234075
7348.4			1.068084798166358
7349.3			1.0554291966671199
7350.200000000001			1.034954848687245
7351.1			1.0301153647311545
7352.0			1.0428539424772043
7352.9			1.0561276237649624
7353.8			1.0551840561089387
7354.700000000001			1.0372689863350688
7355.6			1.0155976323157563
7356.5			1.0147590757342317
7357.4			1.0521330346563855
7358.3			1.1070211230547702
7359.200000000001			1.1494265284608833
7360.1			1.1545766401678232
7361.0			1.137278677641346
7361.9			1.11463128933227
7362.8			1.111305689013072
7363.700000000001			1.1322696518904327
7364.6			1.1674610419215536
7365.5			1.1913516799845585
7366.4			1.210412648625982
7367.3			1.2332031909491614
7368.200000000001			1.2535888187907014
7369.1			1.261271066149214
7370.0			1.284245294166158
7370.9			1.3163200299377296
7371.8			1.3367031851277047
7372.700000000001			1.3419382798491502
7373.6			1.3442536187056369
7374.5			1.3455235048786294
7375.4			1.3493472765858805
7376.3			1.365811253133732
7377.200000000001			1.3927491042603282
7378.1			1.4154091692453374
7379.0			1.4289909871302342
7379.9			1.430790184008622
7380.8			1.417852649670098
7381.700000000001			1.3954750511944733
7382.6			1.3877529411283485
7383.5			1.3946427617265267
7384.4			1.3901443351859217
7385.3			1.377916539871217
7386.200000000001			1.3826962766879358
7387.1			1.3990555665522098
7388.0			1.4080212392878586
7388.9			1.4161834916119815
7389.8			1.447859176941274
7390.700000000001			1.5111307353432126
7391.6			1.5545625717711047
7392.5			1.5605348541350992
7393.4			1.5641535664639863
7394.3			1.6059274834265356
7395.200000000001			1.664473656252811
7396.1			1.69854447366086
7397.0			1.7188782104084532
7397.9			1.729053305609422
7398.8			1.7348077193889675
7399.700000000001			1.7356397773451895
7400.6			1.7499182295997764
7401.5			1.798681156896952
7402.4			1.868550198106063
7403.3			1.935751096360353
7404.200000000001			1.9775302627259574
7405.1			1.9961271880080218
7406.0			2.0076595822167165
7406.9			2.0306344396090803
7407.8			2.0507766573471007
7408.700000000001			2.056397494380943
7409.6			2.070727063906919
7410.5			2.1262451387520604
7411.4			2.2008128780343528
7412.3			1.843760835471305
7413.200000000001			0.6900261048355243
7414.1			0.016628623390037085
7415.0			2.5036450887621512e-05
7415.9			0.000567581145907984
7416.8			2.4025868153897764e-05
7417.700000000001			2.999526411590655e-08
7418.6			2.6970920923146065e-05
7419.5			2.750216753684141e-05
7420.4			2.8054762595397288e-05
7421.3			2.863001933431833e-05
7422.200000000001			2.922936095434331e-05
7423.1			2.985433237762567e-05
7424.0			3.050661354506428e-05
7424.9			3.118803449575528e-05
7425.8			3.190059251357981e-05
7426.700000000001			3.264647167925473e-05
7427.6			3.342806523097296e-05
7428.5			3.424800121586432e-05
7429.4			1.0
