3500.0			1.0
3500.9			1.0
3501.8			1.0
3502.7			1.0
3503.6			1.0
3504.5			1.0
3505.4			1.0
3506.3			1.0
3507.2			1.0
3508.1			1.0
3509.0			1.0
3509.9			1.0
3510.8			1.0
3511.7			1.0
3512.6			1.0
3513.5			1.0
3514.4			1.0
3515.3			1.0
3516.2			1.0
3517.1			1.0
3518.0			1.0
3518.9			1.0
3519.8			1.0
3520.7			1.0
3521.6			1.0
3522.5			1.0
3523.4			1.0
3524.3			1.0
3525.2			1.0
3526.1			1.0
3527.0			1.0
3527.9			1.0
3528.8			1.0
3529.7			1.0
3530.6			1.0
3531.5			1.0
3532.4			1.0
3533.3			1.0
3534.2			1.0
3535.1			1.0
3536.0			1.0
3536.9			1.0
3537.8			1.0
3538.7			1.0
3539.6			1.0
3540.5			1.0
3541.4			1.0
3542.3			1.0
3543.2			1.0
3544.1			1.0
3545.0			1.0
3545.9			1.0
3546.8			1.0
3547.7			1.0
3548.6			1.0
3549.5			1.0
3550.4			1.0
3551.3			1.0
3552.2			1.0
3553.1			1.0
3554.0			1.0
3554.9			1.0
3555.8			1.0
3556.7			1.0
3557.6			1.0
3558.5			1.0
3559.4			1.0
3560.3			1.0
3561.2			1.0
3562.1			1.0
3563.0			1.0
3563.9			1.0
3564.8			1.0
3565.7			1.0
3566.6			1.0
3567.5			1.0
3568.4			1.0
3569.3			1.0
3570.2			1.0
3571.1			1.0
3572.0			1.0
3572.9			1.0
3573.8			1.0
3574.7			1.0
3575.6			1.0
3576.5			1.0
3577.4			1.0
3578.3			1.0
3579.2			1.0
3580.1			1.0
3581.0			1.0
3581.9			1.0
3582.8			1.0
3583.7			1.0
3584.6			1.0
3585.5			1.0
3586.4			1.0
3587.3			1.0
3588.2			1.0
3589.1			1.0
3590.0			1.0
3590.9			1.0
3591.8			1.0
3592.7			1.0
3593.6			1.0
3594.5			1.0
3595.4			1.0
3596.3			1.0
3597.2			1.0
3598.1			1.0
3599.0			1.0
3599.9			1.0
3600.8			1.0
3601.7			1.0
3602.6			1.0
3603.5			1.0
3604.4			1.0
3605.3			1.0
3606.2			1.0
3607.1			1.0
3608.0			1.0
3608.9			1.0
3609.8			1.0
3610.7			1.0
3611.6			1.0
3612.5			1.0
3613.4			1.0
3614.3			1.0
3615.2			1.0
3616.1			1.0
3617.0			1.0
3617.9			1.0
3618.8			1.0
3619.7			1.0
3620.6			1.0
3621.5			1.0
3622.4			1.0
3623.3			1.0
3624.2			1.0
3625.1			1.0
3626.0			1.0
3626.9			1.0
3627.8			1.0
3628.7			1.0
3629.6			1.0
3630.5			1.0
3631.4			1.0
3632.3			1.0
3633.2			1.0
3634.1			1.0
3635.0			1.0
3635.9			1.0
3636.8			1.0
3637.7			1.0
3638.6			1.0
3639.5			1.0
3640.4			1.0
3641.3			1.0
3642.2			1.0
3643.1			1.0
3644.0			1.0
3644.9			1.0
3645.8			1.0
3646.7			1.0
3647.6			1.0
3648.5			1.0
3649.4			1.0
3650.3			1.0
3651.2			1.0
3652.1			1.0
3653.0			1.0
3653.9			1.0
3654.8			1.0
3655.7			1.0
3656.6			1.0
3657.5			1.0
3658.4			1.0
3659.3			1.0
3660.2			1.0
3661.1			1.0
3662.0			1.0
3662.9			1.0
3663.8			1.0
3664.7			1.0
3665.6			1.0
3666.5			1.0
3667.4			1.0
3668.3			1.0
3669.2			1.0
3670.1			1.0
3671.0			1.0
3671.9			1.0
3672.8			1.0
3673.7			1.0
3674.6			1.0
3675.5			1.0
3676.4			1.0
3677.3			1.0
3678.2			1.0
3679.1			1.0
3680.0			1.0
3680.9			1.0
3681.8			1.0
3682.7			1.0
3683.6			1.0
3684.5			1.0
3685.4			1.0
3686.3			1.0
3687.2			1.0
3688.1			1.0
3689.0			1.0
3689.9			1.0
3690.8			1.0
3691.7			1.0
3692.6			1.0
3693.5			1.0
3694.4			1.0
3695.3			1.0
3696.2			1.0
3697.1			1.0
3698.0			1.0
3698.9			1.0
3699.8			1.0
3700.7			1.0
3701.6			1.0
3702.5			1.0
3703.4			1.0
3704.3			1.0
3705.2			1.0
3706.1			1.0
3707.0			1.0
3707.9			1.0
3708.8			1.0
3709.7			1.0
3710.6			1.0
3711.5			1.0
3712.4			1.0
3713.3			1.0
3714.2			1.0
3715.1			1.0
3716.0			1.0
3716.9			1.0
3717.8			1.0
3718.7			1.0
3719.6			1.0
3720.5			1.0
3721.4			1.0
3722.3			1.0
3723.2			1.0
3724.1			1.0
3725.0			1.0
3725.9			1.0
3726.8			1.0
3727.7			1.0
3728.6			1.0
3729.5			1.0
3730.4			1.0
3731.3			1.0
3732.2			1.0
3733.1			1.0
3734.0			1.0
3734.9			1.0
3735.8			1.0
3736.7			1.0
3737.6			1.0
3738.5			1.0
3739.4			1.0
3740.3			1.0
3741.2			1.0
3742.1			1.0
3743.0			1.0
3743.9			1.0
3744.8			1.0
3745.7			1.0
3746.6			1.0
3747.5			1.0
3748.4			1.0
3749.3			1.0
3750.2			1.0
3751.1			1.0
3752.0			1.0
3752.9			1.0
3753.8			1.0
3754.7			1.0
3755.6			1.0
3756.5			1.0
3757.4			1.0
3758.3			1.0
3759.2			1.0
3760.1			1.0
3761.0			1.0
3761.9			1.0
3762.8			1.0
3763.7			1.0
3764.6			1.0
3765.5			1.0
3766.4			1.0
3767.3			1.0
3768.2			1.0
3769.1			1.0
3770.0			1.0
3770.9			1.0
3771.8			1.0
3772.7			1.0
3773.6			1.0
3774.5			1.0
3775.4			1.0
3776.3			1.0
3777.2			1.0
3778.1			1.0
3779.0			1.0
3779.9			1.0
3780.8			1.0
3781.7			1.0
3782.6			1.0
3783.5			1.0
3784.4			1.0
3785.3			1.0
3786.2			1.0
3787.1			1.0
3788.0			1.0
3788.9			1.0
3789.8			1.0
3790.7			1.0
3791.6			1.0
3792.5			1.0
3793.4			1.0
3794.3			1.0
3795.2			1.0
3796.1			1.0
3797.0			1.0
3797.9			1.0
3798.8			1.0
3799.7			1.0
3800.6			1.0
3801.5			1.0
3802.4			1.0
3803.3			1.0
3804.2			1.0
3805.1			1.0
3806.0			1.0
3806.9			1.0
3807.8			1.0
3808.7			1.0
3809.6			1.0
3810.5			1.0
3811.4			1.0
3812.3			1.0
3813.2			1.0
3814.1			1.0
3815.0			1.0
3815.9			1.0
3816.8			1.0
3817.7			1.0
3818.6			1.0
3819.5			1.0
3820.4			1.0
3821.3			1.0
3822.2			1.0
3823.1			1.0
3824.0			1.0
3824.9			1.0
3825.8			1.0
3826.7			1.0
3827.6			1.0
3828.5			1.0
3829.4			1.0
3830.3			1.0
3831.2			1.0
3832.1			1.0
3833.0			1.0
3833.9			1.0
3834.8			1.0
3835.7			1.0
3836.6			1.0
3837.5			1.0
3838.4			1.0
3839.3			1.0
3840.2			1.0
3841.1			1.0
3842.0			1.0
3842.9			1.0
3843.8			1.0
3844.7			1.0
3845.6			1.0
3846.5			1.0
3847.4			1.0
3848.3			1.0
3849.2			1.0
3850.1			1.0
3851.0			1.0
3851.9			1.0
3852.8			1.0
3853.7			1.0
3854.6			1.0
3855.5			1.0
3856.4			1.0
3857.3			1.0
3858.2			1.0
3859.1			1.0
3860.0			1.0
3860.9			1.0
3861.8			1.0
3862.7			1.0
3863.6			1.0
3864.5			1.0
3865.4			1.0
3866.3			1.0
3867.2			1.0
3868.1			1.0
3869.0			1.0
3869.9			1.0
3870.8			1.0
3871.7			1.0
3872.6			1.0
3873.5			1.0
3874.4			1.0
3875.3			1.0
3876.2			1.0
3877.1			1.0
3878.0			1.0
3878.9			1.0
3879.8			1.0
3880.7			1.0
3881.6			1.0
3882.5			1.0
3883.4			1.0
3884.3			1.0
3885.2			1.0
3886.1			1.0
3887.0			1.0
3887.9			1.0
3888.8			1.0
3889.7			1.0
3890.6			1.0
3891.5			1.0
3892.4			1.0
3893.3			1.0
3894.2			1.0
3895.1			1.0
3896.0			1.0
3896.9			1.0
3897.8			1.0
3898.7			1.0
3899.6			1.0
3900.5			1.0
3901.4			1.0
3902.3			1.0
3903.2			1.0
3904.1			1.0
3905.0			1.0
3905.9			1.0
3906.8			1.0
3907.7			1.0
3908.6			1.0
3909.5			1.0
3910.4			1.0
3911.3			1.0
3912.2			1.0
3913.1			1.0
3914.0			1.0
3914.9			1.0
3915.8			1.0
3916.7			1.0
3917.6			1.0
3918.5			1.0
3919.4			1.0
3920.3			1.0
3921.2			1.0
3922.1			1.0
3923.0			1.0
3923.9			1.0
3924.8			1.0
3925.7			1.0
3926.6			1.0
3927.5			1.0
3928.4			1.0
3929.3			1.0
3930.2			1.0
3931.1			1.0
3932.0			1.0
3932.9			1.0
3933.8			1.0
3934.7			1.0
3935.6			1.0
3936.5			1.0
3937.4			1.0
3938.3			1.0
3939.2			1.0
3940.1			1.0
3941.0			1.0
3941.9			1.0
3942.8			1.0
3943.7			1.0
3944.6			1.0
3945.5			1.0
3946.4			1.0
3947.3			1.0
3948.2			1.0
3949.1			1.0
3950.0			1.0
3950.9			1.0
3951.8			1.0
3952.7			1.0
3953.6			1.0
3954.5			1.0
3955.4			1.0
3956.3			1.0
3957.2			1.0
3958.1			1.0
3959.0			1.0
3959.9			1.0
3960.8			1.0
3961.7			1.0
3962.6			1.0
3963.5			1.0
3964.4			1.0
3965.3			1.0
3966.2			1.0
3967.1			1.0
3968.0			1.0
3968.9			1.0
3969.8			1.0
3970.7			1.0
3971.6			1.0
3972.5			1.0
3973.4			1.0
3974.3			1.0
3975.2			1.0
3976.1			1.0
3977.0			1.0
3977.9			1.0
3978.8			1.0
3979.7			1.0
3980.6			1.0
3981.5			1.0
3982.4			1.0
3983.3			1.0
3984.2			1.0
3985.1			1.0
3986.0			1.0
3986.9			1.0
3987.8			1.0
3988.7			1.0
3989.6			1.0
3990.5			1.0
3991.4			1.0
3992.3			1.0
3993.2			1.0
3994.1			1.0
3995.0			1.0
3995.9			1.0
3996.8			1.0
3997.7			1.0
3998.6			1.0
3999.5			1.0
4000.4			1.0
4001.3			1.0
4002.2			1.0346731178684636
4003.1			1.0581807228958735
4004.0			0.9854193356150542
4004.9			0.8523545706917748
4005.8			0.7992555814145592
4006.7			0.8621937252070246
4007.6			0.9507151851198453
4008.5			0.9932622526001202
4009.4			1.0001101960364431
4010.3			1.0
4011.2			1.0
4012.1			1.0
4013.0			1.0
4013.9			1.0
4014.8			1.0
4015.7			1.0
4016.6			1.0
4017.5			1.0
4018.4			1.0
4019.3			1.0
4020.2			1.0
4021.1			1.0
4022.0			1.0
4022.9			1.0
4023.8			1.0
4024.7			1.0
4025.6			1.0184316505863698
4026.5			1.0535572671963775
4027.4			1.0721636091511373
4028.3			1.0705662038065222
4029.2			1.0166407646503355
4030.1			0.9056394203320579
4031.0			0.826463049609414
4031.9			0.8159762041889953
4032.8			0.8133150982608938
4033.7			0.8159309491618417
4034.6			0.8335818683065721
4035.5			0.8735581434516774
4036.4			0.9366888104134115
4037.3			0.9883996101529959
4038.2			0.9993754308776087
4039.1			1.0
4040.0			1.0
4040.9			0.9704587433282476
4041.8			0.9955041911250277
4042.7			1.007308392510006
4043.6			0.9239474543011964
4044.5			0.7690902979857585
4045.4			0.6466602153819209
4046.3			0.6803527275288936
4047.2			0.8400529155304113
4048.1			0.9516484512711568
4049.0			0.9792658899959984
4049.9			0.9998550022373269
4050.8			1.0
4051.7			1.0
4052.6			1.0
4053.5			1.0
4054.4			1.0
4055.3			1.0
4056.2			1.0
4057.1			1.0
4058.0			0.9550440006970582
4058.9			0.9779758914024987
4059.8			1.046648285278206
4060.7			1.088327214152343
4061.6			1.0436359330001892
4062.5			0.9003852826792126
4063.4			0.7658086209762056
4064.3			0.7813087848663615
4065.2			0.8828828511576239
4066.1			0.9164923520381398
4067.0			0.9058987020441885
4067.9			0.9430143628535048
4068.8			1.0029601824637036
4069.7			1.0
4070.6			1.0
4071.5			1.0
4072.4			1.0
4073.3			1.0953053583088843
4074.2			1.1177482688008478
4075.1			1.0558320365229399
4076.0			0.9555631538479038
4076.9			0.8534669198767267
4077.8			0.8141543705214052
4078.7			0.8620789755511618
4079.6			0.9468243190532775
4080.5			1.0163278275693526
4081.4			1.0321722845140469
4082.3			0.985921646352129
4083.2			1.0
4084.1			0.9598884392361264
4085.0			0.9610437014830244
4085.9			1.0101187073880453
4086.8			1.085737924276598
4087.7			1.148931332670265
4088.6			1.1671287900181146
4089.5			1.1481901194659483
4090.4			1.1180940117885516
4091.3			1.0834760441787987
4092.2			1.0567292084397637
4093.1			1.075872090238505
4094.0			1.0942248378059602
4094.9			1.0477544468447866
4095.8			0.9864442111371052
4096.7			0.9640885378115153
4097.6			0.9736026654709549
4098.5			0.9772208113576348
4099.4			0.9489222524799001
4100.3			0.8604867857499409
4101.2			0.7623396565040115
4102.1			0.7546336392664047
4103.0			0.8378087812851266
4103.9			0.9205046789646724
4104.8			0.9733441960136382
4105.7			1.0140014622152358
4106.6			1.0362132038539402
4107.5			1.0381259085314472
4108.4			1.0199989567050223
4109.3			0.9891525320501797
4110.2			0.9723173211805177
4111.1			0.976878222898083
4112.0			0.9883636757445252
4112.9			1.022896689581091
4113.8			1.0509482464961861
4114.7			1.0461868375932735
4115.6			1.0485152355666632
4116.5			1.0610659394494386
4117.4			1.0393330151420084
4118.3			0.9778902658211828
4119.2			0.9598563657328067
4120.1			0.999963367011938
4121.0			1.0
4121.9			1.0
4122.8			1.0
4123.7			1.0
4124.6			1.0382312272556038
4125.5			1.0470763223231017
4126.4			1.014047102080573
4127.3			0.9839124548236584
4128.2			0.9648398426299158
4129.1			0.9654821619330999
4130.0			0.96594405428607
4130.9			0.9472098741991364
4131.8			0.8877010746966825
4132.7			0.8418344726269154
4133.6			0.8459222011395244
4134.5			0.8809330004008369
4135.4			0.9564557539615561
4136.3			1.0063861348765653
4137.2			1.006287870998968
4138.1			1.0
4139.0			1.0282522111413013
4139.9			1.0348030936327959
4140.8			1.0085554463480721
4141.7			0.9307307850908327
4142.6			0.8135895405902032
4143.5			0.751394943343464
4144.4			0.8173511109735649
4145.3			0.935992490967069
4146.2			0.9980304433471653
4147.1			1.011534439996655
4148.0			1.0055483120158168
4148.9			1.0
4149.8			1.0
4150.7			1.0
4151.6			1.0
4152.5			1.0
4153.4			1.0
4154.3			1.0
4155.2			1.0
4156.1			1.0
4157.0			1.0
4157.9			1.0
4158.8			1.0
4159.7			1.0
4160.6			1.0
4161.5			0.9965856165090048
4162.4			1.0155066287151089
4163.3			1.0147567919282352
4164.2			0.9857785750277153
4165.1			0.9627220552294691
4166.0			0.9320537579532386
4166.9			0.8825409779461206
4167.8			0.8770208764152916
4168.7			0.9386747564321163
4169.6			0.9918116807949696
4170.5			0.9847071079552336
4171.4			0.9160054507155994
4172.3			0.8358448641976367
4173.2			0.8231975478466995
4174.1			0.8708206311619919
4175.0			0.9091790593055893
4175.9			0.9144072706322044
4176.8			0.8931252906076171
4177.7			0.8695112507339902
4178.6			0.8797549111874124
4179.5			0.9023245674081007
4180.4			0.9006122728500667
4181.3			0.8850896055396774
4182.2			0.8921996147617802
4183.1			0.9279203266185954
4184.0			1.0
4184.9			1.0311689164740074
4185.8			1.0027254131062777
4186.7			1.0
4187.6			0.9508032193594894
4188.5			1.0001223958798091
4189.4			1.0647609614628677
4190.3			1.0674967156322952
4191.2			1.0287497945120507
4192.1			1.0292699378493813
4193.0			1.0685810132303992
4193.9			1.0565540075997797
4194.8			0.9717613718949754
4195.7			0.8863866303001576
4196.6			0.8568264696819101
4197.5			0.867114356011699
4198.4			0.88216525987273
4199.3			0.9176688327618576
4200.2			0.9454206625867335
4201.1			0.9252065201445878
4202.0			0.9036795374304921
4202.9			0.9331672094997552
4203.8			0.9680575122239214
4204.7			0.979021092104566
4205.6			0.9995196099713864
4206.5			1.0
4207.4			1.0
4208.3			1.0
4209.2			1.0
4210.1			1.0
4211.0			1.0
4211.9			1.0122862865161009
4212.8			0.9989800166226942
4213.7			0.9405243751424915
4214.6			0.8398138439712217
4215.5			0.7615847682711863
4216.4			0.8073517883866443
4217.3			0.9181173312674368
4218.2			0.9767021912018206
4219.1			0.9976895719168979
4220.0			1.0
4220.9			1.0
4221.8			0.977426109914367
4222.7			0.927482568223883
4223.6			0.8712768452154726
4224.5			0.7936862973540292
4225.4			0.663177136924671
4226.3			0.5265920566098569
4227.2			0.5425528947746916
4228.1			1.0
4229.0			1.2134153355755197
4229.9			1.2665530669631893
4230.8			1.2710864990849369
4231.7			1.2511844160467138
4232.6			1.1912300194257903
4233.5			1.1462992874093565
4234.4			1.13551530940513
4235.3			1.0767369239699058
4236.2			0.9962027918200024
4237.1			0.9960662569175641
4238.0			1.0244249209389136
4238.9			1.0157137554719509
4239.8			1.0098343887929186
4240.7			1.045243492189505
4241.6			1.0583723968440244
4242.5			1.0132355751505198
4243.4			1.0
4244.3			1.0665098787365446
4245.2			1.1016835176926438
4246.1			1.0698751538334526
4247.0			1.0107120300044188
4247.9			0.9639767788685154
4248.8			0.9422084389273513
4249.7			0.9265262178915475
4250.6			0.9493543953204286
4251.5			1.0416932695983703
4252.4			1.115126801186967
4253.3			1.083427087360665
4254.2			1.0070980183182476
4255.1			1.0060324394915705
4256.0			1.0
4256.9			1.0747265198266318
4257.8			1.0539112998984248
4258.7			0.9507898519378448
4259.6			0.8425324826847126
4260.5			0.7863930530465741
4261.4			0.8305406935684414
4262.3			0.9361780603229793
4263.2			1.0016216872314985
4264.1			1.0
4265.0			1.007667153988072
4265.9			1.0175773068663596
4266.8			0.9898461517480813
4267.7			0.9478484518396271
4268.6			0.9385766388067669
4269.5			0.9184879828421705
4270.4			0.830707628876857
4271.3			0.7330536571796533
4272.2			0.7363346839456718
4273.1			0.8046666016215903
4274.0			0.820269492609457
4274.9			0.824402525833131
4275.8			0.9041973479613844
4276.7			1.016941878204106
4277.6			1.0836397723874218
4278.5			1.0770139133447094
4279.4			1.0022518883552605
4280.3			1.0
4281.2			1.0
4282.1			1.0
4283.0			1.0
4283.9			1.0
4284.8			1.0
4285.7			1.0
4286.6			0.9916579588343789
4287.5			1.0
4288.4			0.966730121626172
4289.3			0.8771608357380968
4290.2			0.8388692704036053
4291.1			0.8924098191515295
4292.0			0.9832282610236021
4292.9			1.037906232147277
4293.8			1.0193226914601397
4294.7			0.9792494498667388
4295.6			0.9609678119552914
4296.5			0.9249891026181529
4297.4			0.858917924601331
4298.3			0.7700213967476907
4299.2			0.6689094396109333
4300.1			0.6313727765112576
4301.0			0.6673269938478821
4301.9			0.6956671602361074
4302.8			0.6955644296458845
4303.7			0.7094737902838019
4304.6			0.7259428175660713
4305.5			0.7272297964089728
4306.4			0.7052479713917101
4307.3			0.6330249626902581
4308.2			0.5631015335723111
4309.1			0.565123861045088
4310.0			0.6051791485183406
4310.9			0.6409139515482698
4311.8			0.681629612166081
4312.7			0.7466000011528812
4313.6			0.8195025127388652
4314.5			0.8973780748952161
4315.4			1.0150965380732928
4316.3			1.1321296301110206
4317.2			1.1776898751570826
4318.1			1.163855528632153
4319.0			1.0
4319.9			0.9910852612573942
4320.8			0.9630850092736708
4321.7			0.9289904435792945
4322.6			0.8525088927023792
4323.5			0.7363187948217994
4324.4			0.6518644141783905
4325.3			0.6214352396312367
4326.2			0.683713416072074
4327.1			0.8330790416441053
4328.0			0.965532694117289
4328.9			1.0215809117103156
4329.8			1.0133396651886477
4330.7			1.0049152801441388
4331.6			1.0
4332.5			1.0
4333.4			0.9999375482100495
4334.3			1.0093823147461352
4335.2			1.027053592903022
4336.1			0.9997225536541972
4337.0			0.9066403976524623
4337.9			0.8152673520356204
4338.8			0.7601613943377974
4339.7			0.6961545724321245
4340.6			0.6757288236880881
4341.5			0.7680469602226611
4342.4			0.8788012386581366
4343.3			0.9156784281165808
4344.2			0.93491825254015
4345.1			0.9870495895083792
4346.0			1.0
4346.9			0.9838535661083064
4347.8			0.986959103856138
4348.7			1.0259063510483208
4349.6			1.0432497298332926
4350.5			0.966310034953237
4351.4			0.8362982910727557
4352.3			0.7890184964672123
4353.2			0.8599822668426493
4354.1			0.9357966076775089
4355.0			0.947967138443743
4355.9			0.9544067051291828
4356.8			0.9880296980024688
4357.7			0.9992009855330858
4358.6			1.0
4359.5			1.0
4360.4			1.0
4361.3			1.0
4362.2			1.0
4363.1			1.0
4364.0			1.0
4364.9			1.0
4365.8			1.0
4366.7			1.0
4367.6			1.0
4368.5			1.0
4369.4			1.0
4370.3			1.0
4371.2			0.9907595569348818
4372.1			1.0
4373.0			0.9757663837087042
4373.9			0.9201448657638011
4374.8			0.881800331766686
4375.7			0.9005397624861555
4376.6			0.9659556064660612
4377.5			1.026195555815675
4378.4			1.0455583256688419
4379.3			1.036797972046558
4380.2			1.0303844140342633
4381.1			1.0152135054925226
4382.0			0.9219914436473485
4382.9			0.7470901846697592
4383.8			0.6377195650850981
4384.7			0.7041947684516517
4385.6			0.8659142405628403
4386.5			0.9827491694043194
4387.4			1.0108321601361836
4388.3			1.0014947353174137
4389.2			0.9859547667610529
4390.1			0.9703759097108448
4391.0			0.9813351617071624
4391.9			1.0258484304907762
4392.8			1.0571099135578972
4393.7			1.036971947278785
4394.6			1.0019418935492497
4395.5			1.0
4396.4			1.0
4397.3			1.0
4398.2			0.9939650833962468
4399.1			0.9452410508433805
4400.0			0.8873506237022297
4400.9			0.8755483596476117
4401.8			0.9274599122332955
4402.7			0.9557118704631347
4403.6			0.8745086027168912
4404.5			0.7677708048387885
4405.4			0.7779450323754611
4406.3			0.8630981848731303
4407.2			0.8912637731913265
4408.1			0.8690981641219423
4409.0			0.8839482637263629
4409.9			1.0
4410.8			1.047688004254568
4411.7			1.0705256051827987
4412.6			1.0724016363087983
4413.5			1.0222142561019707
4414.4			0.9173171601731299
4415.3			0.8423088841098545
4416.2			0.8554330657012802
4417.1			0.8987549675874862
4418.0			0.9338243127785925
4418.9			0.9742565749350861
4419.8			0.9946936236730217
4420.7			1.0
4421.6			1.0
4422.5			1.0
4423.4			1.0
4424.3			1.0
4425.2			1.0
4426.1			1.0
4427.0			1.0
4427.9			1.0
4428.8			1.0
4429.7			1.0
4430.6			0.9722415823400046
4431.5			0.9867765804062837
4432.4			0.9945387702584243
4433.3			0.9552343077307365
4434.2			0.8876134701455406
4435.1			1.0
4436.0			1.0258196935390065
4436.9			1.1147034632937778
4437.8			1.1862571093545669
4438.7			1.208098836367446
4439.6			1.1869882569024515
4440.5			1.1350467563553177
4441.4			1.073334473810333
4442.3			1.0197219335534697
4443.2			1.0010437240172816
4444.1			1.0352736638488307
4445.0			1.0992297951214371
4445.9			1.1285344041484227
4446.8			1.1028833439276708
4447.7			1.0834075975744824
4448.6			1.092719253427768
4449.5			1.0821681497722575
4450.4			1.0535237544902312
4451.3			1.0459830778853625
4452.2			1.0489814581999652
4453.1			1.0201180167492419
4454.0			0.945784295180482
4454.9			0.8779498705275224
4455.8			0.8836957899240343
4456.7			0.9257259454849466
4457.6			0.937554182673353
4458.5			0.9186966329063572
4459.4			0.9021210495614193
4460.3			0.8995642415076829
4461.2			0.8869394331252239
4462.1			0.8889841594605583
4463.0			0.9324272650435299
4463.9			0.9645768805119618
4464.8			0.966331075414055
4465.7			0.9600649025853984
4466.6			0.9559460153711863
4467.5			0.9545606377344925
4468.4			0.9310193622545604
4469.3			0.9018243124247382
4470.2			0.905550959300209
4471.1			0.9320729681164207
4472.0			0.9581282891817744
4472.9			0.9799760024621739
4473.8			0.9952768078161233
4474.7			1.0
4475.6			1.0
4476.5			1.0
4477.4			1.0233970506678594
4478.3			1.0183878602102314
4479.2			0.9731411422350233
4480.1			0.9180715070750677
4481.0			0.8780535968006803
4481.9			0.8639657426896533
4482.8			0.8972766537697697
4483.7			0.9520808142076805
4484.6			0.9817568403611662
4485.5			0.9952271964402738
4486.4			1.0000548464380097
4487.3			1.0
4488.2			1.0
4489.1			1.0
4490.0			1.0
4490.9			1.0
4491.8			1.0
4492.7			1.0
4493.6			1.0
4494.5			1.0
4495.4			1.0
4496.3			1.0
4497.2			1.0
4498.1			1.0
4499.0			1.0
4499.9			1.0
4500.8			1.0
4501.7			1.0
4502.6			1.0
4503.5			1.0
4504.4			1.0
4505.3			1.0
4506.2			1.0
4507.1			1.0
4508.0			1.0
4508.9			1.0
4509.8			1.0
4510.7			1.0
4511.6			1.0
4512.5			1.0
4513.4			1.0
4514.3			1.0
4515.2			1.0
4516.1			1.0
4517.0			1.0
4517.9			1.0
4518.8			1.0
4519.7			1.0
4520.6			1.022877856671045
4521.5			1.020169835786791
4522.4			0.9917544924089297
4523.3			0.9741602801964107
4524.2			0.9767404769296305
4525.1			0.9670604765645247
4526.0			0.9393158401884606
4526.9			0.9068617785191541
4527.8			0.884526293297637
4528.7			0.8806301546367474
4529.6			0.8964097039283138
4530.5			0.9199800644166263
4531.4			0.9450365753825798
4532.3			0.9635905918744231
4533.2			0.9494436273878855
4534.1			0.9120149485425011
4535.0			0.8907962837269066
4535.9			1.0
4536.8			1.0873434741855454
4537.7			1.156520189062021
4538.6			1.1572180200466635
4539.5			1.122861308088587
4540.4			1.0888625744120768
4541.3			1.0759424005602072
4542.2			1.0891922874775244
4543.1			1.0929508838631996
4544.0			1.0609136298553228
4544.9			1.0232111837390137
4545.8			1.0163047125826619
4546.7			1.0251661265627166
4547.6			1.0153001950021647
4548.5			0.9762471730600762
4549.4			0.9410713157432414
4550.3			0.9526453058823736
4551.2			0.981813873706007
4552.1			0.9785590154941303
4553.0			0.9574757021824578
4553.9			0.9411343950736921
4554.8			0.9340267162009063
4555.7			0.9488189775949447
4556.6			0.9845159661754664
4557.5			1.011111230282162
4558.4			1.0129884741814275
4559.3			1.0094595453516795
4560.2			1.0111017388820083
4561.1			1.0132612903469225
4562.0			1.0032001055893942
4562.9			1.0
4563.8			1.0
4564.7			1.0
4565.6			1.0
4566.5			1.0
4567.4			1.0
4568.3			1.0
4569.2			1.0
4570.1			1.0
4571.0			0.9573397217998246
4571.9			0.9437965331402464
4572.8			0.9805713012801001
4573.7			1.0158531421104142
4574.6			1.0207492713127015
4575.5			1.016380852618318
4576.4			1.0138654807314857
4577.3			1.0091951892166613
4578.2			0.9977697765337333
4579.1			0.9735452754574839
4580.0			0.9417602157993381
4580.9			0.9265215307752852
4581.8			0.9427421487318066
4582.7			0.9690150328932172
4583.6			0.9762472623338385
4584.5			0.9672085190719679
4585.4			0.9547830038139461
4586.3			0.9592954521548995
4587.2			0.9915036051762992
4588.1			1.0236076654058242
4589.0			1.033552868816073
4589.9			1.0232135756491807
4590.8			1.0001185940187196
4591.7			1.0
4592.6			1.0
4593.5			1.0
4594.4			1.0
4595.3			1.0
4596.2			1.0
4597.1			1.0
4598.0			1.0
4598.9			1.0
4599.8			1.0
4600.7			1.0
4601.6			1.0
4602.5			1.0
4603.4			1.0
4604.3			1.0
4605.2			1.0
4606.1			1.0
4607.0			1.0
4607.9			1.0
4608.8			1.0
4609.7			1.0
4610.6			1.0
4611.5			1.0
4612.4			1.0
4613.3			1.0
4614.2			1.0
4615.1			1.0
4616.0			1.0
4616.9			1.0
4617.8			1.0
4618.7			1.0
4619.6			1.0
4620.5			1.0
4621.4			1.0
4622.3			1.0
4623.2			1.0
4624.1			1.0
4625.0			1.0
4625.9			1.0
4626.8			1.0
4627.7			1.0
4628.6			1.0
4629.5			1.0
4630.4			1.0
4631.3			1.0
4632.2			1.0
4633.1			1.0
4634.0			1.0
4634.9			1.0048534440307775
4635.8			0.9966322729104722
4636.7			0.9745403771478135
4637.6			0.9532828984362016
4638.5			0.9479417747196851
4639.4			0.9525780898329073
4640.3			0.9693422769537238
4641.2			0.9964354959757729
4642.1			1.0096367516914637
4643.0			1.0005028365329616
4643.9			0.987901004063987
4644.8			0.9730193382396504
4645.7			0.9420444595466818
4646.6			0.9100473772114668
4647.5			0.9013763121138075
4648.4			0.9174962166774708
4649.3			0.9454482709361917
4650.2			0.9624952223889188
4651.1			0.9589991279797948
4652.0			0.9544975475064514
4652.9			0.9557555442066245
4653.8			0.9383862290494096
4654.7			0.9125129047251543
4655.6			0.9053480910265127
4656.5			0.9101007756249061
4657.4			0.9323988653838948
4658.3			0.9706255459115942
4659.2			0.9991979546510877
4660.1			1.0017215814330425
4661.0			1.0
4661.9			0.98216263789778
4662.8			0.965237351966168
4663.7			0.962501364699022
4664.6			0.9706564692572844
4665.5			0.9547888066895395
4666.4			0.9013927923826737
4667.3			0.8493292916947729
4668.2			0.8529303121418612
4669.1			0.9061259803622962
4670.0			0.9601123721129513
4670.9			0.9969506357032804
4671.8			1.0092933616186235
4672.7			0.9982542326118247
4673.6			1.0
4674.5			1.0
4675.4			1.0
4676.3			1.0
4677.2			1.0
4678.1			1.0
4679.0			1.0
4679.9			1.0
4680.8			1.0
4681.7			1.0
4682.6			1.0
4683.5			1.0
4684.4			1.0
4685.3			1.0
4686.2			1.0
4687.1			1.0
4688.0			1.0
4688.9			1.0
4689.8			0.9952007644355008
4690.7			0.9833861093036429
4691.6			0.9823150227918498
4692.5			0.9967422629213141
4693.4			1.0088292607153229
4694.3			1.015278719195843
4695.2			1.0272278187669028
4696.1			1.0346324351885234
4697.0			1.0174233257525678
4697.9			0.9783371719095475
4698.8			0.9524894131227803
4699.7			0.9586648878013813
4700.6			0.9672259100191002
4701.5			0.9457677855466542
4702.4			0.9061727514280192
4703.3			0.8952699248278579
4704.2			0.931769002648785
4705.1			0.9714655551025881
4706.0			0.9752949740449319
4706.9			0.9481139747800967
4707.8			0.9209057971180817
4708.7			0.911442832329757
4709.6			0.9206755505472793
4710.5			0.9531521499119133
4711.4			0.9894027159802194
4712.3			1.0009003922784319
4713.2			0.984273258001368
4714.1			0.9558714074662132
4715.0			0.9487704743153716
4715.9			0.9737204458779773
4716.8			0.9995244843025547
4717.7			1.0
4718.6			1.0
4719.5			1.0
4720.4			1.0
4721.3			1.0
4722.2			1.0
4723.1			1.0
4724.0			1.0
4724.9			1.0
4725.8			1.0
4726.7			1.0
4727.6			1.0
4728.5			1.0
4729.4			1.0
4730.3			1.0
4731.2			1.0
4732.1			1.0
4733.0			1.0
4733.9			1.0
4734.8			1.0
4735.7			1.0
4736.6			1.0
4737.5			1.0
4738.4			1.0
4739.3			1.0
4740.2			1.0
4741.1			1.0
4742.0			1.0
4742.9			1.0
4743.8			1.0
4744.7			1.0
4745.6			1.0
4746.5			1.0
4747.4			1.0
4748.3			1.0
4749.2			1.0
4750.1			1.0
4751.0			1.0
4751.9			1.0
4752.8			1.0
4753.7			1.0
4754.6			1.0
4755.5			1.0
4756.4			1.0
4757.3			1.0
4758.2			1.0
4759.1			1.0
4760.0			1.0
4760.9			1.0
4761.8			1.0
4762.7			1.0
4763.6			1.0
4764.5			1.0
4765.4			1.0
4766.3			1.0
4767.2			1.0
4768.1			1.0
4769.0			1.0
4769.9			1.0
4770.8			1.0
4771.7			1.0
4772.6			1.0
4773.5			1.0
4774.4			1.0
4775.3			1.0
4776.2			1.0
4777.1			1.0
4778.0			1.0
4778.9			1.0
4779.8			1.0
4780.7			1.0
4781.6			1.0
4782.5			1.0
4783.4			1.0
4784.3			1.0
4785.2			1.0
4786.1			1.0
4787.0			1.0
4787.9			1.0
4788.8			1.0
4789.7			1.0
4790.6			1.0
4791.5			1.0
4792.4			1.0
4793.3			1.0
4794.2			1.0
4795.1			1.0
4796.0			1.0
4796.9			1.0
4797.8			1.0
4798.7			1.0
4799.6			1.0
4800.5			1.0
4801.4			1.0
4802.3			1.0
4803.2			1.0
4804.1			1.0
4805.0			1.0
4805.9			1.0
4806.8			1.0
4807.7			1.0
4808.6			1.0
4809.5			1.0
4810.4			1.0
4811.3			1.0
4812.2			1.0
4813.1			1.0
4814.0			1.0
4814.9			1.0
4815.8			1.0
4816.7			1.0
4817.6			1.0
4818.5			1.0
4819.4			1.0
4820.3			1.0
4821.2			1.0
4822.1			1.0
4823.0			1.0
4823.9			1.0
4824.8			1.0
4825.7			1.0
4826.6			1.0
4827.5			1.0
4828.4			1.0
4829.3			1.0
4830.2			1.0
4831.1			1.0
4832.0			1.0
4832.9			1.0
4833.8			1.0
4834.7			1.0
4835.6			1.0
4836.5			1.0
4837.4			1.0
4838.3			1.0
4839.2			1.0
4840.1			1.0
4841.0			1.0
4841.9			1.0
4842.8			1.0
4843.7			1.0
4844.6			1.0
4845.5			1.0
4846.4			1.0
4847.3			1.0
4848.2			1.0
4849.1			1.0
4850.0			1.0
4850.9			1.0
4851.8			1.0
4852.7			1.0
4853.6			1.0
4854.5			1.0
4855.4			0.9636069100968058
4856.3			0.9704064742053908
4857.2			0.9962874510778655
4858.1			0.9892570791031577
4859.0			0.9287162174648284
4859.9			0.8175169951445045
4860.8			0.7085106699769042
4861.7			0.7044170159459026
4862.6			0.8090087693247415
4863.5			0.9062972662133572
4864.4			0.9504349955736622
4865.3			0.9728839493338293
4866.2			0.9892674402698716
4867.1			0.9961723105648336
4868.0			1.0
4868.9			1.0035123113527444
4869.8			0.9770864981112434
4870.7			0.917177129846722
4871.6			0.8841308608196794
4872.5			0.9172182928318654
4873.4			0.9727135744394433
4874.3			0.9995582514324243
4875.2			1.0
4876.1			1.0
4877.0			1.0
4877.9			1.0
4878.8			1.0
4879.7			1.0
4880.6			1.0
4881.5			1.0
4882.4			1.0
4883.3			1.0
4884.2			0.9865201955069989
4885.1			0.9561012783018304
4886.0			0.9358544678578208
4886.9			0.937434732355199
4887.8			0.9432072299581121
4888.7			0.9337416200756304
4889.6			0.9052189901489974
4890.5			0.8618614705279956
4891.4			0.8556682089035712
4892.3			0.9161810346270906
4893.2			0.9871398658900965
4894.1			1.0232414087822623
4895.0			1.031206176915628
4895.9			1.0283341056417827
4896.8			1.0244353001661215
4897.7			1.019252447319183
4898.6			1.0021813011970218
4899.5			1.0
4900.4			1.0
4901.3			1.0
4902.2			1.0
4903.1			1.0
4904.0			1.0
4904.9			1.0202235638674595
4905.8			1.0436130686061564
4906.7			1.0445536419183772
4907.6			1.0254178384640575
4908.5			0.9951225612236756
4909.4			0.9552977444535765
4910.3			0.9257666948311651
4911.2			0.9315771115912048
4912.1			1.0
4913.0			1.0179544860959366
4913.9			1.0245574895064002
4914.8			1.0390362235823585
4915.7			1.0500402587483908
4916.6			1.0338645915259577
4917.5			0.9814040089182461
4918.4			0.9107141956831176
4919.3			0.85293356300223
4920.2			0.8335686321226442
4921.1			0.8698090541720819
4922.0			0.9313922048787309
4922.9			0.9619574939769694
4923.8			0.9561846581705326
4924.7			0.9536193619208541
4925.6			0.9762653594034639
4926.5			0.9989140678777321
4927.4			1.001639579517207
4928.3			1.0
4929.2			1.0
4930.1			1.0
4931.0			1.0028947256807417
4931.9			0.9936769695297383
4932.8			0.9510028672714435
4933.7			0.9096607401904137
4934.6			0.9196332711599171
4935.5			0.95323185015013
4936.4			0.957356789737533
4937.3			0.9271343366348812
4938.2			0.8892973308212624
4939.1			0.8842457089139448
4940.0			0.9257528063243243
4940.9			0.9751362320717221
4941.8			0.9950105345756809
4942.7			1.0016645146633343
4943.6			1.0111869585036004
4944.5			1.0047651238088358
4945.4			0.9836963048702074
4946.3			0.9798144602397381
4947.2			1.0001772576338872
4948.1			1.0
4949.0			1.0
4949.9			1.0
4950.8			1.0
4951.7			1.0
4952.6			1.0
4953.5			1.0
4954.4			1.0007668472047309
4955.3			0.9865539425395935
4956.2			0.9231372433370398
4957.1			0.8386735837948669
4958.0			0.8335020180942404
4958.9			0.9161152834152598
4959.8			0.9863754595195349
4960.7			1.0050529797174852
4961.6			0.9986917792816425
4962.5			1.0
4963.4			1.0
4964.3			1.0
4965.2			1.0
4966.1			1.0
4967.0			1.0
4967.9			1.0
4968.8			1.0
4969.7			1.0
4970.6			1.0
4971.5			1.0
4972.4			1.0
4973.3			1.0
4974.2			1.0
4975.1			1.0035385764698814
4976.0			0.9981146790780955
4976.9			0.9903801310308885
4977.8			0.9765000153638033
4978.7			0.9646146070394986
4979.6			0.9674969940108183
4980.5			0.9645513486549466
4981.4			0.9351032670683193
4982.3			0.8954097136752154
4983.2			0.8813448148409291
4984.1			0.8985377549167821
4985.0			0.9284864104384833
4985.9			0.968803048742824
4986.8			1.0171193410978159
4987.7			1.0433589714016491
4988.6			1.0374579713056042
4989.5			1.019973629021311
4990.4			1.0034047788851908
4991.3			1.0032489490612206
4992.2			1.0
4993.1			1.0
4994.0			1.0
4994.9			1.0
4995.8			1.0203114732877017
4996.7			1.0233951023466437
4997.6			1.007564491593202
4998.5			0.9802717072027857
4999.4			0.9527432797958092
5000.3			0.9383201409268782
5001.2			0.9369013469581323
5002.1			0.9451251172827029
5003.0			0.9612432801921105
5003.9			0.9664317441974288
5004.8			0.9406015251011758
5005.7			0.9000614573974836
5006.6			0.8930126406896836
5007.5			0.9330196600748251
5008.4			0.9792587612705888
5009.3			0.9945928249930719
5010.2			0.9824104412020537
5011.1			0.9543289861303091
5012.0			0.916134769196026
5012.9			0.8847261534395523
5013.8			0.8710649324917735
5014.7			0.8850413896695281
5015.6			0.9176848958283229
5016.5			0.9324427595766924
5017.4			0.9221409951921169
5018.3			0.9179656531265056
5019.2			0.9371865116700923
5020.1			0.9571544089231058
5021.0			0.9548175875202228
5021.9			0.9384269594947778
5022.8			0.9374381906897292
5023.7			0.9545503515826419
5024.6			0.9653204708764103
5025.5			0.9614536038393824
5026.4			0.9466709510523768
5027.3			0.9340128582653903
5028.2			0.9454325318301342
5029.1			0.9715459265021671
5030.0			0.9849486287483165
5030.9			0.9892354710731541
5031.8			1.0
5032.7			1.018011534031172
5033.6			1.0198543482520506
5034.5			0.9879981321026732
5035.4			0.9401394342944344
5036.3			0.9264394188647599
5037.2			0.9517222322328835
5038.1			0.963266552668721
5039.0			0.9378645853631137
5039.9			0.8903729822468124
5040.8			0.8501833054459086
5041.7			0.8653019562162464
5042.6			0.9357477728065112
5043.5			1.0
5044.4			1.0279200564751543
5045.3			1.0485115766911206
5046.2			1.0569721075337308
5047.1			1.0359205966442941
5048.0			0.9886456134319815
5048.9			0.9466151387831216
5049.8			0.9336342400464577
5050.7			0.9372594500440385
5051.6			0.9447832477366225
5052.5			0.9628851703079052
5053.4			0.9854198438274515
5054.3			0.9984239490630707
5055.2			1.0008667234604072
5056.1			1.0
5057.0			1.0
5057.9			1.0
5058.8			1.0
5059.7			1.0
5060.6			1.0
5061.5			1.0
5062.4			1.0
5063.3			1.0
5064.2			1.0
5065.1			1.0
5066.0			1.0
5066.9			1.0
5067.8			1.0
5068.7			1.0
5069.6			1.0
5070.5			1.0
5071.4			1.0
5072.3			0.9800954651731983
5073.2			0.9844387178722647
5074.1			0.9953733981960414
5075.0			0.99485553356642
5075.9			0.9963290894665658
5076.8			1.0059282819472486
5077.7			0.9976985583612793
5078.6			0.9495378819201769
5079.5			0.8973574236750826
5080.4			0.8946193478002497
5081.3			0.9307350369112317
5082.2			0.9563167177920786
5083.1			0.9588215443264778
5084.0			0.9659993422489086
5084.9			0.987049475305228
5085.8			1.002263976649223
5086.7			0.9998305235932935
5087.6			0.9941115706847168
5088.5			1.0000013652129283
5089.4			1.0
5090.3			1.0
5091.2			1.0
5092.1			1.0
5093.0			1.0
5093.9			1.00329662486062
5094.8			0.9965108003568384
5095.7			0.9807770407016327
5096.6			0.9585576759997249
5097.5			0.9333461328238605
5098.4			0.9106958791708147
5099.3			0.9129003977590507
5100.2			0.9514746934469928
5101.1			0.99684119666498
5102.0			1.018975200055323
5102.9			1.0192793481969646
5103.8			1.0104831521955857
5104.7			1.002575217827363
5105.6			1.0
5106.5			1.0
5107.4			1.0
5108.3			1.0
5109.2			1.0
5110.1			1.0
5111.0			1.0
5111.9			1.0
5112.8			1.0
5113.7			1.0
5114.6			1.0
5115.5			1.0
5116.4			1.0
5117.3			1.0
5118.2			1.0
5119.1			1.0
5120.0			0.9845585863019233
5120.9			0.9696851865803948
5121.8			0.9574906281004979
5122.7			0.9393881264153987
5123.6			0.9169253214884179
5124.5			0.9077283253598653
5125.4			0.916890842165684
5126.3			0.9294240631127326
5127.2			0.934008484586193
5128.1			0.929840874509271
5129.0			0.9230671324130242
5129.9			0.9263378741861567
5130.8			0.9423591587121635
5131.7			0.9570070218828474
5132.6			0.9603508627273395
5133.5			0.9612151968507957
5134.4			0.9735513864948511
5135.3			0.9828255304352203
5136.2			0.9674362017751258
5137.1			0.9376972087602385
5138.0			0.9072629166453104
5138.9			0.8879401487976529
5139.8			0.9006223877436321
5140.7			0.9245295799831921
5141.6			0.9135738161390997
5142.5			0.8915817027937382
5143.4			0.9075974233611687
5144.3			0.9391350777071902
5145.2			0.9441300551785055
5146.1			0.9292095110822582
5147.0			0.9187294351467962
5147.9			0.9240972936359619
5148.8			0.9408133919853996
5149.7			0.9471448794574946
5150.6			0.9337449309272958
5151.5			0.918429948942861
5152.4			0.9137156857940764
5153.3			0.9160879082812856
5154.2			0.9257476911143455
5155.1			0.9448463452324393
5156.0			0.968624618663101
5156.9			0.9897370850346747
5157.8			0.999899930432062
5158.7			1.0
5159.6			1.0
5160.5			1.0
5161.4			1.0
5162.3			1.0
5163.2			1.0019346455318887
5164.1			0.9970960523680896
5165.0			0.9442578086495022
5165.9			0.8387145860017977
5166.8			0.7315071648417997
5167.7			0.7042664208405515
5168.6			0.7800553006097511
5169.5			0.8829719338557296
5170.4			0.9011599763093697
5171.3			0.7951280537286081
5172.2			0.6705081805259981
5173.1			0.6788268225075405
5174.0			0.8274283061054973
5174.9			0.9837836005257977
5175.8			1.0616142948627345
5176.7			1.0844944358671171
5177.6			1.0
5178.5			1.0030455791982553
5179.4			0.9930283949185903
5180.3			0.9639390271505724
5181.2			0.8951056172556024
5182.1			0.7642306752303184
5183.0			0.6249430233305379
5183.9			0.6015298387794318
5184.8			0.7244239878003101
5185.7			0.8829937811295072
5186.6			0.9762749558646335
5187.5			0.9944935897669728
5188.4			0.9876826182765488
5189.3			1.000451683666961
5190.2			1.0
5191.1			1.0
5192.0			1.0
5192.9			1.0
5193.8			1.0
5194.7			1.0
5195.6			1.0
5196.5			1.0
5197.4			1.0
5198.3			1.0
5199.2			1.0
5200.1			1.0
5201.0			0.996713532740355
5201.9			0.9855464932902739
5202.8			0.9753371173611066
5203.7			0.9542296013726471
5204.6			0.919647412997058
5205.5			0.9014517546715722
5206.4			0.9116062873126465
5207.3			0.9142670510083885
5208.2			0.8996197983751412
5209.1			0.9069784763989599
5210.0			0.9438553820000356
5210.9			0.9875056952920175
5211.8			1.027965743375888
5212.7			1.0556185753984422
5213.6			1.058202475801764
5214.5			1.0323026553335144
5215.4			0.9980665090031703
5216.3			1.0
5217.2			1.0
5218.1			1.0
5219.0			1.0
5219.9			1.0
5220.8			1.0
5221.7			1.004578386297222
5222.6			0.997704170621713
5223.5			0.9808006729461963
5224.4			0.9544770202433087
5225.3			0.9134327917407667
5226.2			0.867599025323606
5227.1			0.8648679844768694
5228.0			0.9233562570879783
5228.9			0.9861390322538442
5229.8			1.017752999734203
5230.7			1.0347916123917615
5231.6			1.0315315003560608
5232.5			1.0048309049303248
5233.4			1.0
5234.3			1.0
5235.2			1.0
5236.1			1.0
5237.0			1.0
5237.9			1.0
5238.8			1.0
5239.7			1.0
5240.6			1.0
5241.5			1.0
5242.4			1.0
5243.3			1.0
5244.2			1.0
5245.1			1.0
5246.0			1.0
5246.9			1.0
5247.8			1.0
5248.7			1.0
5249.6			1.0
5250.5			1.0
5251.4			1.0
5252.3			1.0
5253.2			1.0
5254.1			1.0
5255.0			0.9941554193964389
5255.9			1.0125485823080567
5256.8			1.043498523951283
5257.7			1.0631033951285596
5258.6			1.0686374008471566
5259.5			1.0606152333043657
5260.4			1.0332752024027738
5261.3			0.9892866575952214
5262.2			0.9468797867902033
5263.1			0.9200696759391406
5264.0			0.9018174685976384
5264.9			0.8829073550930259
5265.8			0.8803880143233747
5266.7			0.9166814184585821
5267.6			0.9462476319038894
5268.5			0.9000213905003815
5269.4			0.8246201346797364
5270.3			0.833906860378039
5271.2			0.9252833575513145
5272.1			0.9945298008556299
5273.0			1.007700471903683
5273.9			1.0026041215553412
5274.8			0.9940164930376996
5275.7			0.9961689809455777
5276.6			1.0290450199686645
5277.5			1.0
5278.4			1.0181795756778946
5279.3			1.0081283370315457
5280.2			0.9814211019091814
5281.1			0.9548567222632219
5282.0			0.9322669493011917
5282.9			0.9120576673417556
5283.8			0.9103910966857452
5284.7			0.9416436985098408
5285.6			0.9834533256864734
5286.5			1.0044312666953505
5287.4			1.0016546545079728
5288.3			1.0
5289.2			1.0
5290.1			1.0
5291.0			1.0020536772915367
5291.9			0.9967549253863438
5292.8			0.9889343803622296
5293.7			0.9853537100177987
5294.6			0.9805329648067211
5295.5			0.9588290243032129
5296.4			0.9171716694155368
5297.3			0.8789610195290807
5298.2			0.8781751862993924
5299.1			0.9134920833497077
5300.0			0.9441189149891044
5300.9			0.9469728633422662
5301.8			0.9426974817994688
5302.7			0.95622660532928
5303.6			0.9821891793747777
5304.5			0.9997310854556019
5305.4			0.9999164403326468
5306.3			1.0
5307.2			1.0
5308.1			1.0
5309.0			1.0
5309.9			1.0
5310.8			1.0
5311.7			1.0
5312.6			1.0
5313.5			1.0
5314.4			1.0
5315.3			1.0
5316.2			1.0
5317.1			1.0
5318.0			1.0
5318.9			1.0
5319.8			1.0
5320.7			0.9918200838107848
5321.6			0.9829445252727773
5322.5			0.9651632147327541
5323.4			0.936478106516649
5324.3			0.9237765868771406
5325.2			0.9403394055552938
5326.1			0.9408762028193212
5327.0			0.8778274128095369
5327.9			0.8014996310327014
5328.8			0.8071464412258353
5329.7			0.8880830194439959
5330.6			0.9597226350992173
5331.5			0.9801235884529887
5332.4			0.9714196308975966
5333.3			0.9722550470248542
5334.2			0.9891020890355656
5335.1			0.9999919195541948
5336.0			1.0
5336.9			1.0
5337.8			1.0
5338.7			1.0
5339.6			1.0
5340.5			1.0
5341.4			1.0
5342.3			1.0
5343.2			1.0
5344.1			1.0
5345.0			1.0
5345.9			1.0
5346.8			1.0
5347.7			1.0
5348.6			1.0
5349.5			1.0
5350.4			1.0
5351.3			1.0
5352.2			1.0
5353.1			1.0
5354.0			1.0
5354.9			1.0
5355.8			1.0
5356.7			1.0
5357.6			1.0
5358.5			1.0
5359.4			1.0
5360.3			1.0
5361.2			0.9887398026327904
5362.1			0.9773132381361832
5363.0			0.9687550861362892
5363.9			0.9573812438385355
5364.8			0.9466571519640973
5365.7			0.9478203520570532
5366.6			0.9573507602234177
5367.5			0.962650379022476
5368.4			0.9566989245841054
5369.3			0.9307465644013374
5370.2			0.8910253023749994
5371.1			0.8723539051622331
5372.0			0.9018080475379704
5372.9			0.9562991722637454
5373.8			0.9970373184923527
5374.7			1.0176393925724403
5375.6			1.0237966995058783
5376.5			1.0190561624780536
5377.4			1.0148980195371997
5378.3			1.014045383349685
5379.2			1.0096751397267465
5380.1			1.00346634693088
5381.0			1.0011780366686325
5381.9			1.0
5382.8			1.0
5383.7			1.0
5384.6			1.0
5385.5			1.0
5386.4			1.0
5387.3			1.0
5388.2			1.0
5389.1			1.0
5390.0			1.0
5390.9			1.0
5391.8			1.0
5392.7			1.0
5393.6			1.0
5394.5			1.0
5395.4			1.0
5396.3			0.9684051658197393
5397.2			0.9479941278935656
5398.1			0.9698420898606588
5399.0			1.0019596255147796
5399.9			1.0123215240622865
5400.8			1.015410581613301
5401.7			1.0224415044870638
5402.6			1.0097244747660565
5403.5			0.9668802784921335
5404.4			0.9214824439262747
5405.3			0.9058648316861838
5406.2			0.9313942519762669
5407.1			0.9746143907838267
5408.0			0.992290770086373
5408.9			0.9726959963812786
5409.8			0.9496425257910773
5410.7			0.9596256047177272
5411.6			0.9947933626534836
5412.5			1.0211444363911615
5413.4			1.0196283067318148
5414.3			0.9998569220466249
5415.2			1.0
5416.1			1.0
5417.0			1.0
5417.9			1.0
5418.8			1.0
5419.7			1.0
5420.6			0.9984600142145034
5421.5			1.0029430283202254
5422.4			0.9979423366319293
5423.3			0.9738910244331297
5424.2			0.9581105665988354
5425.1			0.9741637558067022
5426.0			1.0050930251811083
5426.9			1.0205967290554288
5427.8			0.998501512784958
5428.7			0.943434672427901
5429.6			0.9097859406474846
5430.5			0.9326296994742477
5431.4			0.9692139477185092
5432.3			0.9710593926143876
5433.2			0.9451447802171202
5434.1			0.9214205659376699
5435.0			0.9193051920009174
5435.9			0.9374608606690449
5436.8			0.9625868372690789
5437.7			0.9854537122537359
5438.6			0.9995200153667909
5439.5			1.0
5440.4			1.0
5441.3			1.0
5442.2			1.0
5443.1			0.99304271251741
5444.0			0.9738308813964229
5444.9			0.9408613458967693
5445.8			0.9021383536670723
5446.7			0.885756066351602
5447.6			0.9142830974788199
5448.5			0.9625738260202792
5449.4			0.9934065083139653
5450.3			1.0001338023626976
5451.2			1.0
5452.1			0.9942682244268525
5453.0			0.9839392310127788
5453.9			0.9551252231576784
5454.8			0.9137746171212685
5455.7			0.9039313735222297
5456.6			0.9425831866967017
5457.5			0.9875330112852764
5458.4			1.0042875579489203
5459.3			0.9998310888277417
5460.2			1.0
5461.1			1.0
5462.0			1.0
5462.9			1.0
5463.8			1.0
5464.7			1.0
5465.6			1.0
5466.5			1.0
5467.4			1.0
5468.3			1.0
5469.2			1.0
5470.1			0.99741966579849
5471.0			0.9993841777021802
5471.9			0.9991782290828634
5472.8			0.9912670778641913
5473.7			0.9856296331149695
5474.6			0.9780720807035189
5475.5			0.9495181927433317
5476.4			0.919922275867957
5477.3			0.9364450370929616
5478.2			0.9869505702736256
5479.1			1.0173186535563605
5480.0			1.0087234241118175
5480.9			0.9884980792960943
5481.8			0.9857115293878376
5482.7			1.0019451350894841
5483.6			1.0
5484.5			1.0
5485.4			1.0
5486.3			1.0
5487.2			1.0
5488.1			1.0
5489.0			1.0
5489.9			1.0
5490.8			1.0
5491.7			1.0
5492.6			1.0
5493.5			1.0
5494.4			1.0
5495.3			1.0
5496.2			1.0
5497.1			1.0
5498.0			1.0
5498.9			1.0
5499.8			1.0
5500.7			1.0
5501.6			1.0
5502.5			1.0
5503.4			1.0
5504.3			1.0
5505.2			1.0
5506.1			1.0
5507.0			1.0
5507.9			1.0
5508.8			1.0
5509.7			1.0
5510.6			1.0
5511.5			1.0
5512.4			1.0
5513.3			1.0
5514.2			1.0
5515.1			1.0
5516.0			1.0
5516.9			1.0
5517.8			1.0
5518.7			1.0
5519.6			1.0
5520.5			1.0
5521.4			1.0
5522.3			1.0
5523.2			1.0011246729538732
5524.1			0.998409186080098
5525.0			0.9874542475119263
5525.9			0.9684541987306445
5526.8			0.9392496483034498
5527.7			0.9115736512221084
5528.6			0.917232652622358
5529.5			0.9572463428885283
5530.4			0.9926147790814246
5531.3			1.002107215618668
5532.2			0.9993542081720165
5533.1			1.0
5534.0			1.0
5534.9			1.0
5535.8			1.0
5536.7			1.0
5537.6			1.0
5538.5			1.0
5539.4			1.0
5540.3			1.0
5541.2			1.0
5542.1			1.0
5543.0			1.0
5543.9			1.0
5544.8			1.0
5545.7			1.0
5546.6			1.0
5547.5			1.0
5548.4			1.0
5549.3			1.0
5550.200000000001			1.0
5551.1			1.0
5552.0			1.0
5552.9			1.0
5553.8			1.0
5554.700000000001			1.0
5555.6			1.0
5556.5			1.0
5557.4			1.0
5558.3			1.0
5559.200000000001			1.0
5560.1			1.0
5561.0			1.0
5561.9			1.0
5562.8			1.0
5563.700000000001			1.0
5564.6			1.0
5565.5			1.0
5566.4			1.0
5567.3			1.0
5568.200000000001			1.0
5569.1			1.0
5570.0			1.0
5570.9			1.0
5571.8			1.0
5572.700000000001			1.0
5573.6			1.0
5574.5			1.0
5575.4			1.0
5576.3			1.0
5577.200000000001			1.0032771999473489
5578.1			1.0021297274113545
5579.0			1.0055392726597747
5579.9			1.0177660342902157
5580.8			1.0262947076576252
5581.700000000001			1.0261672431739246
5582.6			1.0249590337639862
5583.5			1.0242024067360322
5584.4			1.0161158580314877
5585.3			0.9947739037163307
5586.200000000001			0.9645863594806833
5587.1			0.9392692254158164
5588.0			0.9295418641988488
5588.9			0.9379775871594181
5589.8			0.9628918308872598
5590.700000000001			0.9922241038301955
5591.6			1.0096169875230867
5592.5			1.0103566014126342
5593.4			0.9975171496820493
5594.3			0.991296280780996
5595.200000000001			1.014682033600872
5596.1			1.043042838265086
5597.0			1.0357877707916077
5597.9			1.0073694100064496
5598.8			0.9992120761892441
5599.700000000001			1.0
5600.6			1.0
5601.5			1.0
5602.4			1.0
5603.3			1.0
5604.200000000001			1.0
5605.1			1.0
5606.0			1.0
5606.9			1.0
5607.8			1.0
5608.700000000001			1.0
5609.6			1.0
5610.5			1.0
5611.4			1.0
5612.3			1.0053922842516319
5613.200000000001			0.9929637091604405
5614.1			0.9550263079044146
5615.0			0.9120827128968434
5615.9			0.9106968758422368
5616.8			0.9518019014436067
5617.700000000001			0.989045752208048
5618.6			0.9997358841043824
5619.5			1.0000658999043974
5620.4			1.0
5621.3			1.0
5622.200000000001			1.0
5623.1			1.0
5624.0			1.0
5624.9			1.0
5625.8			1.0
5626.700000000001			1.0
5627.6			1.0
5628.5			1.0
5629.4			1.0
5630.3			1.0
5631.200000000001			1.0
5632.1			1.0
5633.0			1.0
5633.9			1.0
5634.8			1.0
5635.700000000001			1.0
5636.6			1.0
5637.5			1.0
5638.4			1.0
5639.3			1.0
5640.200000000001			1.0
5641.1			1.0
5642.0			1.0
5642.9			1.0
5643.8			1.0
5644.700000000001			1.0
5645.6			1.0
5646.5			1.0
5647.4			1.0
5648.3			1.0
5649.200000000001			0.9979057232706885
5650.1			1.0014977047500306
5651.0			1.007454683223949
5651.9			1.0103524922889777
5652.8			1.00674153085182
5653.700000000001			0.997750457175125
5654.6			0.9873293498760217
5655.5			0.9849663979162053
5656.4			0.9821980833371617
5657.3			0.9553955836513612
5658.200000000001			0.9239117698307343
5659.1			0.9328774623618908
5660.0			0.9706192264859239
5660.9			0.9853866649457645
5661.8			0.9708800386224238
5662.700000000001			0.9689108142078511
5663.6			0.9928525500716243
5664.5			1.0112951484491595
5665.4			1.0092307060740608
5666.3			1.0002331694372517
5667.200000000001			0.9999479718546419
5668.1			1.0
5669.0			1.0
5669.9			1.0
5670.8			1.0
5671.700000000001			1.0
5672.6			1.0
5673.5			1.0
5674.4			1.0
5675.3			1.0
5676.200000000001			1.0
5677.1			1.0
5678.0			1.0
5678.9			1.0
5679.8			1.0
5680.700000000001			1.0
5681.6			1.0
5682.5			1.0
5683.4			1.0
5684.3			1.0
5685.200000000001			1.0
5686.1			1.0
5687.0			1.0
5687.9			1.0
5688.8			1.0
5689.700000000001			1.0
5690.6			1.0
5691.5			1.0
5692.4			1.0
5693.3			1.0
5694.200000000001			1.0
5695.1			1.0
5696.0			1.0
5696.9			1.0
5697.8			1.0
5698.700000000001			1.0
5699.6			1.0
5700.5			0.9879878163737198
5701.4			0.977641792589264
5702.3			0.9870121503731866
5703.200000000001			1.0055284304682923
5704.1			1.009114702616511
5705.0			0.9936794692860121
5705.9			0.9738885606060215
5706.8			0.9605969140823728
5707.700000000001			0.9466177045840404
5708.6			0.929488813921784
5709.5			0.9217499617605992
5710.4			0.9217854201660591
5711.3			0.9252579478591737
5712.200000000001			0.9481739657543794
5713.1			0.9804441883967627
5714.0			0.9934377448930362
5714.9			0.9902235489301603
5715.8			0.9927502769965235
5716.700000000001			0.9994351044583646
5717.6			0.999071515174018
5718.5			0.9997043881104416
5719.4			1.0
5720.3			1.0
5721.200000000001			1.0
5722.1			1.0
5723.0			1.0
5723.9			1.0
5724.8			1.0
5725.700000000001			1.0
5726.6			1.0
5727.5			1.0
5728.4			1.0
5729.3			1.0
5730.200000000001			1.0
5731.1			1.0
5732.0			1.0
5732.9			1.0
5733.8			1.0
5734.700000000001			1.0
5735.6			1.0
5736.5			1.0
5737.4			1.0
5738.3			1.0
5739.200000000001			1.0
5740.1			1.0
5741.0			1.0
5741.9			1.0
5742.8			1.0
5743.700000000001			1.0
5744.6			1.0
5745.5			1.0
5746.4			1.0
5747.3			1.0
5748.200000000001			1.0
5749.1			1.0
5750.0			1.0
5750.9			1.0
5751.8			1.0
5752.700000000001			1.0
5753.6			1.0
5754.5			1.0
5755.4			1.0
5756.3			1.0
5757.200000000001			1.0
5758.1			1.0
5759.0			1.0
5759.9			1.0
5760.8			1.0
5761.700000000001			1.0
5762.6			1.0
5763.5			1.0
5764.4			1.0
5765.3			1.0
5766.200000000001			1.0
5767.1			1.0
5768.0			1.0
5768.9			1.0
5769.8			1.0
5770.700000000001			1.0
5771.6			1.0
5772.5			1.0
5773.4			1.0
5774.3			1.0
5775.200000000001			1.0
5776.1			1.0
5777.0			1.0
5777.9			1.0
5778.8			1.0
5779.700000000001			1.0
5780.6			1.0
5781.5			1.0
5782.4			1.0
5783.3			1.0
5784.200000000001			1.0
5785.1			1.0
5786.0			1.0
5786.9			1.0
5787.8			1.0
5788.700000000001			1.0
5789.6			1.0
5790.5			1.0
5791.4			1.0
5792.3			1.0
5793.200000000001			1.0
5794.1			1.0
5795.0			1.0
5795.9			1.0
5796.8			1.0
5797.700000000001			1.0
5798.6			1.0
5799.5			1.0
5800.4			1.0
5801.3			1.0
5802.200000000001			1.0
5803.1			1.0
5804.0			1.0
5804.9			1.0
5805.8			1.0
5806.700000000001			1.0
5807.6			1.0
5808.5			1.0
5809.4			1.0
5810.3			1.0
5811.200000000001			1.0
5812.1			1.0
5813.0			1.0
5813.9			1.0
5814.8			1.0
5815.700000000001			1.0
5816.6			1.0
5817.5			1.0
5818.4			1.0
5819.3			1.0
5820.200000000001			1.0
5821.1			1.0
5822.0			1.0
5822.9			1.0
5823.8			1.0
5824.700000000001			1.0
5825.6			1.0
5826.5			1.0
5827.4			1.0
5828.3			1.0
5829.200000000001			1.0
5830.1			1.0
5831.0			1.0
5831.9			1.0
5832.8			1.0
5833.700000000001			1.0
5834.6			1.0
5835.5			1.0
5836.4			1.0
5837.3			1.0
5838.200000000001			1.0
5839.1			1.0
5840.0			1.0
5840.9			1.0
5841.8			1.0
5842.700000000001			1.0
5843.6			1.0
5844.5			1.0
5845.4			1.0
5846.3			1.0
5847.200000000001			1.0
5848.1			1.0
5849.0			1.0
5849.9			1.0
5850.8			1.0
5851.700000000001			1.0
5852.6			1.0
5853.5			1.0
5854.4			1.0
5855.3			1.0
5856.200000000001			1.0
5857.1			1.0
5858.0			1.0
5858.9			1.0
5859.8			1.0
5860.700000000001			1.0
5861.6			1.0
5862.5			1.0
5863.4			1.0
5864.3			1.0
5865.200000000001			1.0
5866.1			1.0
5867.0			1.0
5867.9			1.0
5868.8			1.0
5869.700000000001			1.0
5870.6			1.0
5871.5			1.0
5872.4			1.0
5873.3			1.0
5874.200000000001			1.0
5875.1			1.0
5876.0			1.0
5876.9			1.0
5877.8			1.0
5878.700000000001			1.0
5879.6			1.0
5880.5			1.0
5881.4			1.0
5882.3			1.0
5883.200000000001			1.0
5884.1			1.0
5885.0			1.0
5885.9			1.01491376461355
5886.8			1.0137495642255305
5887.700000000001			0.9822873348658031
5888.6			0.899808874381833
5889.5			0.8056571459536593
5890.4			0.8023460038045702
5891.3			0.9058123361935491
5892.200000000001			1.0170615861093668
5893.1			1.070161371092335
5894.0			1.0640439936628248
5894.9			1.0051851223367756
5895.8			1.0
5896.700000000001			1.0
5897.6			1.0
5898.5			1.0
5899.4			1.0
5900.3			1.0
5901.200000000001			1.0
5902.1			1.0
5903.0			1.0
5903.9			1.0
5904.8			1.0
5905.700000000001			1.0
5906.6			1.0
5907.5			1.0
5908.4			1.0
5909.3			1.0
5910.200000000001			1.0
5911.1			1.0
5912.0			1.0
5912.9			1.0
5913.8			1.0
5914.700000000001			1.0
5915.6			1.0
5916.5			1.0
5917.4			1.0
5918.3			1.0
5919.200000000001			1.0
5920.1			1.0
5921.0			1.0
5921.9			1.0
5922.8			1.0
5923.700000000001			1.0
5924.6			1.0
5925.5			1.0
5926.4			1.0
5927.3			1.0
5928.200000000001			1.0
5929.1			1.0
5930.0			1.0
5930.9			1.0
5931.8			1.0
5932.700000000001			1.0
5933.6			1.0
5934.5			1.0
5935.4			1.0
5936.3			1.0
5937.200000000001			1.0
5938.1			1.0
5939.0			1.0
5939.9			1.0
5940.8			1.0
5941.700000000001			1.0
5942.6			1.0
5943.5			1.0
5944.4			1.0
5945.3			1.0
5946.200000000001			1.0
5947.1			1.0
5948.0			1.0
5948.9			1.0
5949.8			1.0
5950.700000000001			1.0
5951.6			1.0
5952.5			1.0
5953.4			1.0
5954.3			1.0
5955.200000000001			1.0
5956.1			1.0
5957.0			1.0
5957.9			1.0
5958.8			1.0
5959.700000000001			1.0
5960.6			1.0
5961.5			1.0
5962.4			1.0
5963.3			1.0
5964.200000000001			1.0
5965.1			1.0
5966.0			1.0
5966.9			1.0
5967.8			1.0
5968.700000000001			1.0
5969.6			1.0
5970.5			1.0
5971.4			1.0
5972.3			1.0
5973.200000000001			1.0
5974.1			1.0
5975.0			1.0
5975.9			1.0
5976.8			1.0
5977.700000000001			1.0
5978.6			1.0
5979.5			1.0
5980.4			1.0
5981.3			1.0
5982.200000000001			1.0
5983.1			1.0
5984.0			1.0
5984.9			1.0
5985.8			1.0
5986.700000000001			1.0
5987.6			1.0
5988.5			1.0
5989.4			1.0
5990.3			1.0
5991.200000000001			1.0
5992.1			1.0
5993.0			1.0
5993.9			1.0
5994.8			1.0
5995.700000000001			1.0
5996.6			1.0
5997.5			1.0
5998.4			1.0
5999.3			1.0
6000.200000000001			1.0
6001.1			1.0
6002.0			1.0
6002.9			1.0
6003.8			1.0
6004.700000000001			1.0
6005.6			1.0
6006.5			1.0
6007.4			1.0
6008.3			1.0
6009.200000000001			1.0
6010.1			1.0
6011.0			1.0
6011.9			1.0
6012.8			1.0
6013.700000000001			1.0
6014.6			1.0
6015.5			1.0
6016.4			1.0
6017.3			1.0
6018.200000000001			1.0
6019.1			1.0
6020.0			1.0
6020.9			1.0
6021.8			1.0
6022.700000000001			1.0
6023.6			1.0
6024.5			1.0
6025.4			1.0
6026.3			1.0
6027.200000000001			1.0
6028.1			1.0
6029.0			1.0
6029.9			1.0
6030.8			1.0
6031.700000000001			1.0
6032.6			1.0
6033.5			1.0
6034.4			1.0
6035.3			1.0
6036.200000000001			1.0
6037.1			1.0
6038.0			1.0
6038.9			1.0
6039.8			1.0
6040.700000000001			1.0
6041.6			1.0
6042.5			1.0
6043.4			1.0
6044.3			1.0
6045.200000000001			1.0
6046.1			1.0
6047.0			1.0
6047.9			1.0
6048.8			1.0
6049.700000000001			1.0
6050.6			1.0
6051.5			1.0
6052.4			1.0
6053.3			1.0
6054.200000000001			1.0
6055.1			1.0
6056.0			1.0
6056.9			1.0
6057.8			1.0
6058.700000000001			1.0
6059.6			1.0
6060.5			1.0
6061.4			1.0
6062.3			1.0
6063.200000000001			1.0
6064.1			1.0
6065.0			1.0
6065.9			1.0
6066.8			1.0
6067.700000000001			1.0
6068.6			1.0
6069.5			1.0
6070.4			1.0
6071.3			1.0
6072.200000000001			1.0
6073.1			1.0
6074.0			1.0
6074.9			1.0
6075.8			1.0
6076.700000000001			1.0
6077.6			1.0
6078.5			1.0
6079.4			1.0
6080.3			1.0
6081.200000000001			1.0
6082.1			1.0
6083.0			1.0
6083.9			1.0
6084.8			1.0
6085.700000000001			1.0
6086.6			1.0
6087.5			1.0
6088.4			1.0
6089.3			1.0
6090.200000000001			1.0
6091.1			1.0
6092.0			1.0
6092.9			1.0
6093.8			1.0
6094.700000000001			1.0
6095.6			1.0
6096.5			1.0
6097.4			1.0
6098.3			1.0
6099.200000000001			1.0
6100.1			1.0
6101.0			1.0
6101.9			1.0
6102.8			1.0
6103.700000000001			1.0
6104.6			1.0
6105.5			1.0
6106.4			1.0
6107.3			1.0
6108.200000000001			1.0
6109.1			1.0
6110.0			1.0
6110.9			1.0
6111.8			1.0
6112.700000000001			1.0
6113.6			1.0
6114.5			1.0
6115.4			1.0
6116.3			1.0
6117.200000000001			1.0
6118.1			1.0
6119.0			1.0
6119.9			1.0
6120.8			1.0
6121.700000000001			1.0
6122.6			1.0
6123.5			1.0
6124.4			1.0
6125.3			1.0
6126.200000000001			1.0
6127.1			1.0
6128.0			1.0
6128.9			1.0
6129.8			1.0
6130.700000000001			1.0
6131.6			1.0
6132.5			1.0
6133.4			1.0
6134.3			1.0
6135.200000000001			1.0
6136.1			1.0
6137.0			1.0
6137.9			1.0
6138.8			1.0
6139.700000000001			1.0
6140.6			1.0
6141.5			1.0
6142.4			1.0
6143.3			1.0
6144.200000000001			1.0
6145.1			1.0
6146.0			1.0
6146.9			1.0
6147.8			1.0
6148.700000000001			1.0
6149.6			1.0
6150.5			1.0
6151.4			1.0
6152.3			1.0
6153.200000000001			1.0
6154.1			1.0
6155.0			1.0009461410128808
6155.9			1.0071892397104631
6156.8			1.012671136302875
6157.700000000001			1.0188372752531973
6158.6			1.0303560910529457
6159.5			1.0299003036530032
6160.4			0.9966361557881114
6161.3			0.9466170002731368
6162.200000000001			0.9238606921002543
6163.1			0.9446851592245931
6164.0			0.9825761778172635
6164.9			1.0074545533081258
6165.8			1.0184226093488395
6166.700000000001			1.0304034692611206
6167.6			1.0359405483569526
6168.5			1.0200332466652497
6169.4			1.0016408372902652
6170.3			1.0
6171.200000000001			1.0
6172.1			1.0
6173.0			1.0
6173.9			1.0
6174.8			1.0
6175.700000000001			1.0
6176.6			1.0
6177.5			1.0
6178.4			1.0
6179.3			1.0
6180.200000000001			1.0
6181.1			1.0
6182.0			1.0
6182.9			1.0
6183.8			1.0
6184.700000000001			1.0
6185.6			1.0
6186.5			1.0
6187.4			1.0
6188.3			1.0
6189.200000000001			1.0
6190.1			1.0
6191.0			1.0
6191.9			1.0
6192.8			1.0
6193.700000000001			1.0
6194.6			1.0
6195.5			1.0
6196.4			1.0
6197.3			1.0
6198.200000000001			1.0
6199.1			1.0
6200.0			1.0
6200.9			1.0
6201.8			1.0
6202.700000000001			1.0
6203.6			1.0
6204.5			1.0
6205.4			1.0
6206.3			1.0
6207.200000000001			1.0
6208.1			1.0
6209.0			1.0
6209.9			1.0
6210.8			1.0
6211.700000000001			1.0
6212.6			1.0
6213.5			1.0
6214.4			1.0
6215.3			1.0
6216.200000000001			1.0
6217.1			1.0
6218.0			1.0
6218.9			1.0
6219.8			1.0
6220.700000000001			1.0
6221.6			1.0
6222.5			1.0
6223.4			1.0
6224.3			1.0
6225.200000000001			1.0
6226.1			1.0
6227.0			1.0
6227.9			1.0
6228.8			1.0
6229.700000000001			1.0
6230.6			1.0
6231.5			1.0
6232.4			1.0
6233.3			1.0
6234.200000000001			1.0
6235.1			1.0
6236.0			1.0
6236.9			1.0
6237.8			1.0
6238.700000000001			1.0
6239.6			1.0
6240.5			1.0
6241.4			1.0
6242.3			1.0
6243.200000000001			1.0
6244.1			1.0
6245.0			1.0
6245.9			1.0
6246.8			1.0
6247.700000000001			1.0
6248.6			1.0
6249.5			1.0
6250.4			1.0
6251.3			1.0
6252.200000000001			1.0
6253.1			1.0
6254.0			1.0
6254.9			1.0
6255.8			1.0
6256.700000000001			1.0
6257.6			1.0
6258.5			1.0
6259.4			1.0
6260.3			1.0
6261.200000000001			1.0
6262.1			1.0
6263.0			1.0
6263.9			1.0
6264.8			1.0
6265.700000000001			1.0
6266.6			1.0
6267.5			1.0
6268.4			1.0
6269.3			1.0
6270.200000000001			1.0
6271.1			1.0
6272.0			1.0
6272.9			1.0
6273.8			1.0
6274.700000000001			1.0
6275.6			1.0
6276.5			1.0
6277.4			1.0
6278.3			1.0
6279.200000000001			1.0
6280.1			1.0
6281.0			1.0
6281.9			1.0
6282.8			1.0
6283.700000000001			1.0
6284.6			1.0
6285.5			1.0
6286.4			1.0
6287.3			1.0
6288.200000000001			1.0
6289.1			1.0
6290.0			1.0
6290.9			1.0
6291.8			1.0
6292.700000000001			1.0
6293.6			1.0
6294.5			1.0
6295.4			1.0
6296.3			1.0
6297.200000000001			1.0
6298.1			1.0
6299.0			1.0
6299.9			1.0
6300.8			1.0
6301.700000000001			1.0
6302.6			1.0
6303.5			1.0
6304.4			1.0
6305.3			1.0
6306.200000000001			1.0
6307.1			1.0
6308.0			1.0
6308.9			1.0
6309.8			1.0
6310.700000000001			1.0
6311.6			1.0
6312.5			1.0
6313.4			1.0
6314.3			1.0
6315.200000000001			1.0
6316.1			1.0
6317.0			1.0
6317.9			1.0
6318.8			1.0
6319.700000000001			1.0
6320.6			1.0
6321.5			1.0
6322.4			1.0
6323.3			1.0
6324.200000000001			1.0
6325.1			1.0
6326.0			1.0
6326.9			1.0
6327.8			1.0
6328.700000000001			1.0
6329.6			1.0
6330.5			1.0
6331.4			1.0
6332.3			1.0
6333.200000000001			1.0
6334.1			1.0
6335.0			1.0
6335.9			1.0
6336.8			1.0
6337.700000000001			1.0
6338.6			1.0
6339.5			1.0
6340.4			1.0
6341.3			1.0
6342.200000000001			1.0
6343.1			1.0
6344.0			1.0
6344.9			1.0
6345.8			1.0
6346.700000000001			1.0
6347.6			1.0
6348.5			1.0
6349.4			1.0
6350.3			1.0
6351.200000000001			1.0
6352.1			1.0
6353.0			1.0
6353.9			1.0
6354.8			1.0
6355.700000000001			1.0
6356.6			1.0
6357.5			1.0
6358.4			1.0
6359.3			1.0
6360.200000000001			1.0
6361.1			1.0
6362.0			1.0
6362.9			1.0
6363.8			1.0
6364.700000000001			1.0
6365.6			1.0
6366.5			1.0
6367.4			1.0
6368.3			1.0
6369.200000000001			1.0
6370.1			1.0
6371.0			1.0
6371.9			1.0
6372.8			1.0
6373.700000000001			1.0
6374.6			1.0
6375.5			1.0
6376.4			1.0
6377.3			1.0
6378.200000000001			1.0
6379.1			1.0
6380.0			1.0
6380.9			1.0
6381.8			1.0
6382.700000000001			1.0
6383.6			1.0
6384.5			1.0
6385.4			1.0
6386.3			1.0
6387.200000000001			1.0
6388.1			1.0
6389.0			1.0
6389.9			1.0
6390.8			1.0
6391.700000000001			1.0
6392.6			1.0
6393.5			1.0
6394.4			1.0
6395.3			1.0
6396.200000000001			1.0
6397.1			1.0
6398.0			1.0
6398.9			1.0
6399.8			1.0
6400.700000000001			1.0
6401.6			1.0
6402.5			1.0
6403.4			1.0
6404.3			1.0
6405.200000000001			1.0
6406.1			1.0
6407.0			1.0
6407.9			1.0
6408.8			1.0
6409.700000000001			1.0
6410.6			1.0
6411.5			1.0
6412.4			1.0
6413.3			1.0
6414.200000000001			1.0
6415.1			1.0
6416.0			1.0
6416.9			1.0
6417.8			1.0
6418.700000000001			1.0
6419.6			1.0
6420.5			1.0
6421.4			1.0
6422.3			1.0
6423.200000000001			1.0
6424.1			1.0
6425.0			1.0
6425.9			1.0
6426.8			1.0
6427.700000000001			1.0
6428.6			1.0
6429.5			1.0
6430.4			1.0
6431.3			1.0
6432.200000000001			1.0
6433.1			1.0
6434.0			1.0
6434.9			1.0
6435.8			1.0
6436.700000000001			1.0
6437.6			1.0
6438.5			1.0
6439.4			1.0
6440.3			1.0
6441.200000000001			1.0
6442.1			1.0
6443.0			1.0
6443.9			1.0
6444.8			1.0
6445.700000000001			1.0
6446.6			1.0
6447.5			1.0
6448.4			1.0
6449.3			1.0
6450.200000000001			1.0
6451.1			1.0
6452.0			1.0
6452.9			1.0
6453.8			1.0
6454.700000000001			1.0
6455.6			1.0
6456.5			1.0
6457.4			1.0
6458.3			1.0
6459.200000000001			1.0
6460.1			1.0
6461.0			1.0
6461.9			1.0
6462.8			1.0
6463.700000000001			1.0
6464.6			1.0
6465.5			1.0
6466.4			1.0
6467.3			1.0
6468.200000000001			1.0
6469.1			1.0
6470.0			1.0
6470.9			1.0
6471.8			1.0
6472.700000000001			1.0
6473.6			1.0
6474.5			1.0
6475.4			1.0
6476.3			1.0
6477.200000000001			1.0
6478.1			1.0
6479.0			1.0
6479.9			1.0
6480.8			1.0
6481.700000000001			1.0
6482.6			1.0
6483.5			1.0
6484.4			1.0
6485.3			1.0
6486.200000000001			1.0
6487.1			0.9986628526914765
6488.0			1.0001891906695455
6488.9			1.0084748286695777
6489.8			1.0121947714311479
6490.700000000001			1.004017282326072
6491.6			0.9880336519924403
6492.5			0.9627504712146794
6493.4			0.9270479834998164
6494.3			0.9016766603404204
6495.200000000001			0.9019472138354886
6496.1			0.9139274471137666
6497.0			0.9291358466461064
6497.9			0.9470882008908701
6498.8			0.9575053532727091
6499.700000000001			0.9671718461578533
6500.6			0.9856780117857833
6501.5			1.000446782759459
6502.4			1.0017589261688746
6503.3			1.00001110694481
6504.200000000001			1.0
6505.1			1.0
6506.0			1.0
6506.9			1.0
6507.8			1.0
6508.700000000001			1.0
6509.6			1.0
6510.5			1.0
6511.4			1.0
6512.3			1.0
6513.200000000001			1.0
6514.1			1.0
6515.0			1.0
6515.9			1.0
6516.8			1.0
6517.700000000001			1.0
6518.6			1.0
6519.5			1.0
6520.4			1.0
6521.3			1.0
6522.200000000001			1.0
6523.1			1.0
6524.0			1.0
6524.9			1.0
6525.8			1.0
6526.700000000001			1.0
6527.6			1.0
6528.5			1.0
6529.4			1.0
6530.3			1.0
6531.200000000001			1.0
6532.1			1.0
6533.0			1.0
6533.9			1.0
6534.8			1.0
6535.700000000001			1.0
6536.6			1.0
6537.5			1.0
6538.4			1.0
6539.3			1.0
6540.200000000001			1.0
6541.1			1.0
6542.0			1.0
6542.9			1.0
6543.8			1.0
6544.700000000001			1.0
6545.6			1.0
6546.5			1.0
6547.4			1.0
6548.3			1.0
6549.200000000001			1.0
6550.1			1.0
6551.0			1.0
6551.9			1.0
6552.8			1.0
6553.700000000001			1.0
6554.6			1.0
6555.5			1.0
6556.4			1.0
6557.3			1.0
6558.200000000001			0.9985066028828227
6559.1			0.988104349350992
6560.0			0.9580477259306761
6560.9			0.8761182068111202
6561.8			0.7367546610981064
6562.700000000001			0.6324782675847765
6563.6			0.6673207635727435
6564.5			0.8047556384051667
6565.4			0.9242821080761898
6566.3			0.9806082917370964
6567.200000000001			0.9997330764879179
6568.1			1.0
6569.0			1.0
6569.9			1.0
6570.8			1.0
6571.700000000001			1.0
6572.6			1.0
6573.5			1.0
6574.4			1.0
6575.3			1.0
6576.200000000001			1.0
6577.1			1.0
6578.0			1.0
6578.9			1.0
6579.8			1.0
6580.700000000001			1.0
6581.6			1.0
6582.5			1.0
6583.4			1.0
6584.3			1.0
6585.200000000001			1.0
6586.1			1.0
6587.0			1.0
6587.9			1.0
6588.8			1.0
6589.700000000001			1.0
6590.6			1.0
6591.5			1.0
6592.4			1.0
6593.3			1.0
6594.200000000001			1.0
6595.1			1.0
6596.0			1.0
6596.9			1.0
6597.8			1.0
6598.700000000001			1.0
6599.6			1.0
6600.5			1.0
6601.4			1.0
6602.3			1.0
6603.200000000001			1.0
6604.1			1.0
6605.0			1.0
6605.9			1.0
6606.8			1.0
6607.700000000001			1.0
6608.6			1.0
6609.5			1.0
6610.4			1.0
6611.3			1.0
6612.200000000001			1.0
6613.1			1.0
6614.0			1.0
6614.9			1.0
6615.8			1.0
6616.700000000001			1.0
6617.6			1.0
6618.5			1.0
6619.4			1.0
6620.3			1.0
6621.200000000001			1.0
6622.1			1.0
6623.0			1.0
6623.9			1.0
6624.8			1.0
6625.700000000001			1.0
6626.6			1.0
6627.5			1.0
6628.4			1.0
6629.3			1.0
6630.200000000001			1.0
6631.1			1.0
6632.0			1.0
6632.9			1.0
6633.8			1.0
6634.700000000001			1.0
6635.6			1.0
6636.5			1.0
6637.4			1.0
6638.3			1.0
6639.200000000001			1.0
6640.1			1.0
6641.0			1.0
6641.9			1.0
6642.8			1.0
6643.700000000001			1.0
6644.6			1.0
6645.5			1.0
6646.4			1.0
6647.3			1.0
6648.200000000001			1.0
6649.1			1.0
6650.0			1.0
6650.9			1.0
6651.8			1.0
6652.700000000001			1.0
6653.6			1.0
6654.5			1.0
6655.4			1.0
6656.3			1.0
6657.200000000001			1.0
6658.1			1.0
6659.0			1.0
6659.9			1.0
6660.8			1.0
6661.700000000001			1.0
6662.6			1.0
6663.5			1.0
6664.4			1.0
6665.3			1.0
6666.200000000001			1.0
6667.1			1.0
6668.0			1.0
6668.9			1.0
6669.8			1.0
6670.700000000001			1.0
6671.6			1.0
6672.5			1.0
6673.4			1.0
6674.3			1.0
6675.200000000001			1.0
6676.1			1.0
6677.0			1.0
6677.9			1.0
6678.8			1.0
6679.700000000001			1.0
6680.6			1.0
6681.5			1.0
6682.4			1.0
6683.3			1.0
6684.200000000001			1.0
6685.1			1.0
6686.0			1.0
6686.9			1.0
6687.8			1.0
6688.700000000001			1.0
6689.6			1.0
6690.5			1.0
6691.4			1.0
6692.3			1.0
6693.200000000001			1.0
6694.1			1.0
6695.0			1.0
6695.9			1.0
6696.8			1.0
6697.700000000001			1.0
6698.6			1.0
6699.5			1.0
6700.4			1.0
6701.3			1.0
6702.200000000001			1.0
6703.1			1.0
6704.0			1.0
6704.9			1.0
6705.8			1.0
6706.700000000001			1.0
6707.6			1.0
6708.5			1.0
6709.4			1.0
6710.3			1.0
6711.200000000001			1.0
6712.1			1.0
6713.0			1.0
6713.9			1.0
6714.8			1.0
6715.700000000001			1.0
6716.6			1.0
6717.5			1.0
6718.4			1.0
6719.3			1.0
6720.200000000001			1.0
6721.1			1.0
6722.0			1.0
6722.9			1.0
6723.8			1.0
6724.700000000001			1.0
6725.6			1.0
6726.5			1.0
6727.4			1.0
6728.3			1.0
6729.200000000001			1.0
6730.1			1.0
6731.0			1.0
6731.9			1.0
6732.8			1.0
6733.700000000001			1.0
6734.6			1.0
6735.5			1.0
6736.4			1.0
6737.3			1.0
6738.200000000001			1.0
6739.1			1.0
6740.0			1.0
6740.9			1.0
6741.8			1.0
6742.700000000001			1.0
6743.6			1.0
6744.5			1.0
6745.4			1.0
6746.3			1.0
6747.200000000001			1.0
6748.1			1.0
6749.0			1.0
6749.9			1.0
6750.8			1.0
6751.700000000001			1.0
6752.6			1.0
6753.5			1.0
6754.4			1.0
6755.3			1.0
6756.200000000001			1.0
6757.1			1.0
6758.0			1.0
6758.9			1.0
6759.8			1.0
6760.700000000001			1.0
6761.6			1.0
6762.5			1.0
6763.4			1.0
6764.3			1.0
6765.200000000001			1.0
6766.1			1.0
6767.0			1.0
6767.9			1.0
6768.8			1.0
6769.700000000001			1.0
6770.6			1.0
6771.5			1.0
6772.4			1.0
6773.3			1.0
6774.200000000001			1.0
6775.1			1.0
6776.0			1.0
6776.9			1.0
6777.8			1.0
6778.700000000001			1.0
6779.6			1.0
6780.5			1.0
6781.4			1.0
6782.3			1.0
6783.200000000001			1.0
6784.1			1.0
6785.0			1.0
6785.9			1.0
6786.8			1.0
6787.700000000001			1.0
6788.6			1.0
6789.5			1.0
6790.4			1.0
6791.3			1.0
6792.200000000001			1.0
6793.1			1.0
6794.0			1.0
6794.9			1.0
6795.8			1.0
6796.700000000001			1.0
6797.6			1.0
6798.5			1.0
6799.4			1.0
6800.3			1.0
6801.200000000001			1.0
6802.1			1.0
6803.0			1.0
6803.9			1.0
6804.8			1.0
6805.700000000001			1.0
6806.6			1.0
6807.5			1.0
6808.4			1.0
6809.3			1.0
6810.200000000001			1.0
6811.1			1.0
6812.0			1.0
6812.9			1.0
6813.8			1.0
6814.700000000001			1.0
6815.6			1.0
6816.5			1.0
6817.4			1.0
6818.3			1.0
6819.200000000001			1.0
6820.1			1.0
6821.0			1.0
6821.9			1.0
6822.8			1.0
6823.700000000001			1.0
6824.6			1.0
6825.5			1.0
6826.4			1.0
6827.3			1.0
6828.200000000001			1.0
6829.1			1.0
6830.0			1.0
6830.9			1.0
6831.8			1.0
6832.700000000001			1.0
6833.6			1.0
6834.5			1.0
6835.4			1.0
6836.3			1.0
6837.200000000001			1.0
6838.1			1.0
6839.0			1.0
6839.9			1.0
6840.8			1.0
6841.700000000001			1.0
6842.6			1.0
6843.5			1.0
6844.4			1.0
6845.3			1.0
6846.200000000001			1.0
6847.1			1.0
6848.0			1.0
6848.9			1.0
6849.8			1.0
6850.700000000001			1.0
6851.6			1.0
6852.5			1.0
6853.4			1.0
6854.3			1.0
6855.200000000001			1.0
6856.1			1.0
6857.0			1.0
6857.9			1.0
6858.8			1.0
6859.700000000001			1.0
6860.6			1.0
6861.5			1.0
6862.4			1.0
6863.3			1.0
6864.200000000001			1.0
6865.1			1.0
6866.0			1.0
6866.9			1.0
6867.8			1.0
6868.700000000001			1.0
6869.6			1.0
6870.5			1.0
6871.4			1.0
6872.3			1.0
6873.200000000001			1.0
6874.1			1.0
6875.0			1.0
6875.9			1.0
6876.8			1.0
6877.700000000001			1.0
6878.6			1.0
6879.5			1.0
6880.4			1.0
6881.3			1.0
6882.200000000001			1.0
6883.1			1.0
6884.0			1.0
6884.9			1.0
6885.8			1.0
6886.700000000001			1.0
6887.6			1.0
6888.5			1.0
6889.4			1.0
6890.3			1.0
6891.200000000001			1.0
6892.1			1.0
6893.0			1.0
6893.9			1.0
6894.8			1.0
6895.700000000001			1.0
6896.6			1.0
6897.5			1.0
6898.4			1.0
6899.3			1.0
6900.200000000001			1.0
6901.1			1.0
6902.0			1.0
6902.9			1.0
6903.8			1.0
6904.700000000001			1.0
6905.6			1.0
6906.5			1.0
6907.4			1.0
6908.3			1.0
6909.200000000001			1.0
6910.1			1.0
6911.0			1.0
6911.9			1.0
6912.8			1.0
6913.700000000001			1.0
6914.6			1.0
6915.5			1.0
6916.4			1.0
6917.3			1.0
6918.200000000001			1.0
6919.1			1.0
6920.0			1.0
6920.9			1.0
6921.8			1.0
6922.700000000001			1.0
6923.6			1.0
6924.5			1.0
6925.4			1.0
6926.3			1.0
6927.200000000001			1.0
6928.1			1.0
6929.0			1.0
6929.9			1.0
6930.8			1.0
6931.700000000001			1.0
6932.6			1.0
6933.5			1.0
6934.4			1.0
6935.3			1.0
6936.200000000001			1.0
6937.1			1.0
6938.0			1.0
6938.9			1.0
6939.8			1.0
6940.700000000001			1.0
6941.6			1.0
6942.5			1.0
6943.4			1.0
6944.3			1.0
6945.200000000001			1.0
6946.1			1.0
6947.0			1.0
6947.9			1.0
6948.8			1.0
6949.700000000001			1.0
6950.6			1.0
6951.5			1.0
6952.4			1.0
6953.3			1.0
6954.200000000001			1.0
6955.1			1.0
6956.0			1.0
6956.9			1.0
6957.8			1.0
6958.700000000001			1.0
6959.6			1.0
6960.5			1.0
6961.4			1.0
6962.3			1.0
6963.200000000001			1.0
6964.1			1.0
6965.0			1.0
6965.9			1.0
6966.8			1.0
6967.700000000001			1.0
6968.6			1.0
6969.5			1.0
6970.4			1.0
6971.3			1.0
6972.200000000001			1.0
6973.1			1.0
6974.0			1.0
6974.9			1.0
6975.8			1.0
6976.700000000001			1.0
6977.6			1.0
6978.5			1.0
6979.4			1.0
6980.3			1.0
6981.200000000001			1.0
6982.1			1.0
6983.0			1.0
6983.9			1.0
6984.8			1.0
6985.700000000001			1.0
6986.6			1.0
6987.5			1.0
6988.4			1.0
6989.3			1.0
6990.200000000001			1.0
6991.1			1.0
6992.0			1.0
6992.9			1.0
6993.8			1.0
6994.700000000001			1.0
6995.6			1.0
6996.5			1.0
6997.4			1.0
6998.3			1.0
6999.200000000001			1.0
7000.1			1.0
7001.0			1.0
7001.9			1.0
7002.8			1.0
7003.700000000001			1.0
7004.6			1.0
7005.5			1.0
7006.4			1.0
7007.3			1.0
7008.200000000001			1.0
7009.1			1.0
7010.0			1.0
7010.9			1.0
7011.8			1.0
7012.700000000001			1.0
7013.6			1.0
7014.5			1.0
7015.4			1.0
7016.3			1.0
7017.200000000001			1.0
7018.1			1.0
7019.0			1.0
7019.9			1.0
7020.8			1.0
7021.700000000001			1.0
7022.6			1.0
7023.5			1.0
7024.4			1.0
7025.3			1.0
7026.200000000001			1.0
7027.1			1.0
7028.0			1.0
7028.9			1.0
7029.8			1.0
7030.700000000001			1.0
7031.6			1.0
7032.5			1.0
7033.4			1.0
7034.3			1.0
7035.200000000001			1.0
7036.1			1.0
7037.0			1.0
7037.9			1.0
7038.8			1.0
7039.700000000001			1.0
7040.6			1.0
7041.5			1.0
7042.4			1.0
7043.3			1.0
7044.200000000001			1.0
7045.1			1.0
7046.0			1.0
7046.9			1.0
7047.8			1.0
7048.700000000001			1.0
7049.6			1.0
7050.5			1.0
7051.4			1.0
7052.3			1.0
7053.200000000001			1.0
7054.1			1.0
7055.0			1.0
7055.9			1.0
7056.8			1.0
7057.700000000001			1.0
7058.6			1.0
7059.5			1.0
7060.4			1.0
7061.3			1.0
7062.200000000001			1.0
7063.1			1.0
7064.0			1.0
7064.9			1.0
7065.8			1.0
7066.700000000001			1.0
7067.6			1.0
7068.5			1.0
7069.4			1.0
7070.3			1.0
7071.200000000001			1.0
7072.1			1.0
7073.0			1.0
7073.9			1.0
7074.8			1.0
7075.700000000001			1.0
7076.6			1.0
7077.5			1.0
7078.4			1.0
7079.3			1.0
7080.200000000001			1.0
7081.1			1.0
7082.0			1.0
7082.9			1.0
7083.8			1.0
7084.700000000001			1.0
7085.6			1.0
7086.5			1.0
7087.4			1.0
7088.3			1.0
7089.200000000001			1.0
7090.1			1.0
7091.0			1.0
7091.9			1.0
7092.8			1.0
7093.700000000001			1.0
7094.6			1.0
7095.5			1.0
7096.4			1.0
7097.3			1.0
7098.200000000001			1.0
7099.1			1.0
7100.0			1.0
7100.9			1.0
7101.8			1.0
7102.700000000001			1.0
7103.6			1.0
7104.5			1.0
7105.4			1.0
7106.3			1.0
7107.200000000001			1.0
7108.1			1.0
7109.0			1.0
7109.9			1.0
7110.8			1.0
7111.700000000001			1.0
7112.6			1.0
7113.5			1.0
7114.4			1.0
7115.3			1.0
7116.200000000001			1.0
7117.1			1.0
7118.0			1.0
7118.9			1.0
7119.8			1.0
7120.700000000001			1.0
7121.6			1.0
7122.5			1.0
7123.4			1.0
7124.3			1.0
7125.200000000001			1.0
7126.1			1.0
7127.0			1.0
7127.9			1.0
7128.8			1.0
7129.700000000001			1.0
7130.6			1.0
7131.5			1.0
7132.4			1.0
7133.3			1.0
7134.200000000001			1.0
7135.1			1.0
7136.0			1.0
7136.9			1.0
7137.8			1.0
7138.700000000001			1.0
7139.6			1.0
7140.5			1.0
7141.4			1.0
7142.3			1.0
7143.200000000001			1.0
7144.1			1.0
7145.0			1.0
7145.9			1.0
7146.8			1.0
7147.700000000001			1.0
7148.6			1.0
7149.5			1.0
7150.4			1.0
7151.3			1.0
7152.200000000001			1.0
7153.1			1.0
7154.0			1.0
7154.9			1.0
7155.8			1.0
7156.700000000001			1.0
7157.6			1.0
7158.5			1.0
7159.4			1.0
7160.3			1.0
7161.200000000001			1.0
7162.1			1.0
7163.0			1.0
7163.9			1.0
7164.8			1.0
7165.700000000001			1.0
7166.6			1.0
7167.5			1.0
7168.4			1.0
7169.3			1.0
7170.200000000001			1.0
7171.1			1.0
7172.0			1.0
7172.9			1.0
7173.8			1.0
7174.700000000001			1.0
7175.6			1.0
7176.5			1.0
7177.4			1.0
7178.3			1.0
7179.200000000001			1.0
7180.1			1.0
7181.0			1.0
7181.9			1.0
7182.8			1.0
7183.700000000001			1.0
7184.6			1.0
7185.5			1.0
7186.4			1.0
7187.3			1.0
7188.200000000001			1.0
7189.1			1.0
7190.0			1.0
7190.9			1.0
7191.8			1.0
7192.700000000001			1.0
7193.6			1.0
7194.5			1.0
7195.4			1.0
7196.3			1.0
7197.200000000001			1.0
7198.1			1.0
7199.0			1.0
7199.9			1.0
7200.8			1.0
7201.700000000001			1.0
7202.6			1.0
7203.5			1.0
7204.4			1.0
7205.3			1.0
7206.200000000001			1.0
7207.1			1.0
7208.0			1.0
7208.9			1.0
7209.8			1.0
7210.700000000001			1.0
7211.6			1.0
7212.5			1.0
7213.4			1.0
7214.3			1.0
7215.200000000001			1.0
7216.1			1.0
7217.0			1.0
7217.9			1.0
7218.8			1.0
7219.700000000001			1.0
7220.6			1.0
7221.5			1.0
7222.4			1.0
7223.3			1.0
7224.200000000001			1.0
7225.1			1.0
7226.0			1.0
7226.9			1.0
7227.8			1.0
7228.700000000001			1.0
7229.6			1.0
7230.5			1.0
7231.4			1.0
7232.3			1.0
7233.200000000001			1.0
7234.1			1.0
7235.0			1.0
7235.9			1.0
7236.8			1.0
7237.700000000001			1.0
7238.6			1.0
7239.5			1.0
7240.4			1.0
7241.3			1.0
7242.200000000001			1.0
7243.1			1.0
7244.0			1.0
7244.9			1.0
7245.8			1.0
7246.700000000001			1.0
7247.6			1.0
7248.5			1.0
7249.4			1.0
7250.3			1.0
7251.200000000001			1.0
7252.1			1.0
7253.0			1.0
7253.9			1.0
7254.8			1.0
7255.700000000001			1.0
7256.6			1.0
7257.5			1.0
7258.4			1.0
7259.3			1.0
7260.200000000001			1.0
7261.1			1.0
7262.0			1.0
7262.9			1.0
7263.8			1.0
7264.700000000001			1.0
7265.6			1.0
7266.5			1.0
7267.4			1.0
7268.3			1.0
7269.200000000001			1.0
7270.1			1.0
7271.0			1.0
7271.9			1.0
7272.8			1.0
7273.700000000001			1.0
7274.6			1.0
7275.5			1.0
7276.4			1.0
7277.3			1.0
7278.200000000001			1.0
7279.1			1.0
7280.0			1.0
7280.9			1.0
7281.8			1.0
7282.700000000001			1.0
7283.6			1.0
7284.5			1.0
7285.4			1.0
7286.3			1.0
7287.200000000001			1.0
7288.1			1.0
7289.0			1.0
7289.9			1.0
7290.8			1.0
7291.700000000001			1.0
7292.6			1.0
7293.5			1.0
7294.4			1.0
7295.3			1.0
7296.200000000001			1.0
7297.1			1.0
7298.0			1.0
7298.9			1.0
7299.8			1.0
7300.700000000001			1.0
7301.6			1.0
7302.5			1.0
7303.4			1.0
7304.3			1.0
7305.200000000001			1.0
7306.1			1.0
7307.0			1.0
7307.9			1.0
7308.8			1.0
7309.700000000001			1.0
7310.6			1.0
7311.5			1.0
7312.4			1.0
7313.3			1.0
7314.200000000001			1.0
7315.1			1.0
7316.0			1.0
7316.9			1.0
7317.8			1.0
7318.700000000001			1.0
7319.6			1.0
7320.5			1.0
7321.4			1.0
7322.3			1.0
7323.200000000001			1.0
7324.1			1.0
7325.0			1.0
7325.9			1.0
7326.8			1.0
7327.700000000001			1.0
7328.6			1.0
7329.5			1.0
7330.4			1.0
7331.3			1.0
7332.200000000001			1.0
7333.1			1.0
7334.0			1.0
7334.9			1.0
7335.8			1.0
7336.700000000001			1.0
7337.6			1.0
7338.5			1.0
7339.4			1.0
7340.3			1.0
7341.200000000001			1.0
7342.1			1.0
7343.0			1.0
7343.9			1.0
7344.8			1.0
7345.700000000001			1.0
7346.6			1.0
7347.5			1.0
7348.4			1.0
7349.3			1.0
7350.200000000001			1.0
7351.1			1.0
7352.0			1.0
7352.9			1.0
7353.8			1.0
7354.700000000001			1.0
7355.6			1.0
7356.5			1.0
7357.4			1.0
7358.3			1.0
7359.200000000001			1.0
7360.1			1.0
7361.0			1.0
7361.9			1.0
7362.8			1.0
7363.700000000001			1.0
7364.6			1.0
7365.5			1.0
7366.4			1.0
7367.3			1.0
7368.200000000001			1.0
7369.1			1.0
7370.0			1.0
7370.9			1.0
7371.8			1.0
7372.700000000001			1.0
7373.6			1.0
7374.5			1.0
7375.4			1.0
7376.3			1.0
7377.200000000001			1.0
7378.1			1.0
7379.0			1.0
7379.9			1.0
7380.8			1.0
7381.700000000001			1.0
7382.6			1.0
7383.5			1.0
7384.4			1.0
7385.3			1.0
7386.200000000001			1.0
7387.1			1.0
7388.0			1.0
7388.9			1.0
7389.8			1.0
7390.700000000001			1.0
7391.6			1.0
7392.5			1.0
7393.4			1.0
7394.3			1.0
7395.200000000001			1.0
7396.1			1.0
7397.0			1.0
7397.9			1.0
7398.8			1.0
7399.700000000001			1.0
7400.6			1.0
7401.5			1.0
7402.4			1.0
7403.3			1.0
7404.200000000001			1.0
7405.1			1.0
7406.0			1.0
7406.9			1.0
7407.8			1.0
7408.700000000001			1.0
7409.6			1.0
7410.5			1.0
7411.4			1.0
7412.3			1.0
7413.200000000001			1.0
7414.1			1.0
7415.0			1.0
7415.9			1.0
7416.8			1.0
7417.700000000001			1.0
7418.6			1.0
7419.5			1.0
7420.4			1.0
7421.3			1.0
7422.200000000001			1.0
7423.1			1.0
7424.0			1.0
7424.9			1.0
7425.8			1.0
7426.700000000001			1.0
7427.6			1.0
7428.5			1.0
7429.4			1.0
