3500.0			1.0
3500.9			1.0
3501.8			1.0
3502.7			1.0
3503.6			1.0
3504.5			1.0
3505.4			1.0
3506.3			1.0
3507.2			1.0
3508.1			1.0
3509.0			1.0
3509.9			1.0
3510.8			1.0
3511.7			1.0
3512.6			1.0
3513.5			1.0
3514.4			1.0
3515.3			1.0
3516.2			1.0
3517.1			1.0
3518.0			1.0
3518.9			1.0
3519.8			1.0
3520.7			1.0
3521.6			1.0
3522.5			1.0
3523.4			1.0
3524.3			1.0
3525.2			1.0
3526.1			1.0
3527.0			1.0
3527.9			1.0
3528.8			1.0
3529.7			1.0
3530.6			1.0
3531.5			1.0
3532.4			1.0
3533.3			1.0
3534.2			1.0
3535.1			1.0
3536.0			1.0
3536.9			1.0
3537.8			1.0
3538.7			1.0
3539.6			1.0
3540.5			1.0
3541.4			1.0
3542.3			1.0
3543.2			1.0
3544.1			1.0
3545.0			1.0
3545.9			1.0
3546.8			1.0
3547.7			1.0
3548.6			1.0
3549.5			1.0
3550.4			1.0
3551.3			1.0
3552.2			1.0
3553.1			1.0
3554.0			1.0
3554.9			1.0
3555.8			1.0
3556.7			1.0
3557.6			1.0
3558.5			1.0
3559.4			1.0
3560.3			1.0
3561.2			1.0
3562.1			1.0
3563.0			1.0
3563.9			1.0
3564.8			1.0
3565.7			1.0
3566.6			1.0
3567.5			1.0
3568.4			1.0
3569.3			1.0
3570.2			1.0
3571.1			1.0
3572.0			1.0
3572.9			1.0
3573.8			1.0
3574.7			1.0
3575.6			1.0
3576.5			1.0
3577.4			1.0
3578.3			1.0
3579.2			1.0
3580.1			1.0
3581.0			1.0
3581.9			1.0
3582.8			1.0
3583.7			1.0
3584.6			1.0
3585.5			1.0
3586.4			1.0
3587.3			1.0
3588.2			1.0
3589.1			1.0
3590.0			1.0
3590.9			1.0
3591.8			1.0
3592.7			1.0
3593.6			1.0
3594.5			1.0
3595.4			1.0
3596.3			1.0
3597.2			1.0
3598.1			1.0
3599.0			1.0
3599.9			1.0
3600.8			1.0
3601.7			1.0
3602.6			1.0
3603.5			1.0
3604.4			1.0
3605.3			1.0
3606.2			1.0
3607.1			1.0
3608.0			1.0
3608.9			1.0
3609.8			1.0
3610.7			1.0
3611.6			1.0
3612.5			1.0
3613.4			1.0
3614.3			1.0
3615.2			1.0
3616.1			1.0
3617.0			1.0
3617.9			1.0
3618.8			1.0
3619.7			1.0
3620.6			1.0
3621.5			1.0
3622.4			1.0
3623.3			1.0
3624.2			1.0
3625.1			1.0
3626.0			1.0
3626.9			1.0
3627.8			1.0
3628.7			1.0
3629.6			1.0
3630.5			1.0
3631.4			1.0
3632.3			1.0
3633.2			1.0
3634.1			1.0
3635.0			1.0
3635.9			1.0
3636.8			1.0
3637.7			1.0
3638.6			1.0
3639.5			1.0
3640.4			1.0
3641.3			1.0
3642.2			1.0
3643.1			1.0
3644.0			1.0
3644.9			1.0
3645.8			1.0
3646.7			1.0
3647.6			1.0
3648.5			1.0
3649.4			1.0
3650.3			1.0
3651.2			1.0
3652.1			1.0
3653.0			1.0
3653.9			1.0
3654.8			1.0
3655.7			1.0
3656.6			1.0
3657.5			1.0
3658.4			1.0
3659.3			1.0
3660.2			1.0
3661.1			1.0
3662.0			1.0
3662.9			1.0
3663.8			1.0
3664.7			1.0
3665.6			1.0
3666.5			1.0
3667.4			1.0
3668.3			1.0
3669.2			1.0
3670.1			1.0
3671.0			1.0
3671.9			1.0
3672.8			1.0
3673.7			1.0
3674.6			1.0
3675.5			1.0
3676.4			1.0
3677.3			1.0
3678.2			1.0
3679.1			1.0
3680.0			1.0
3680.9			1.0
3681.8			1.0
3682.7			1.0
3683.6			1.0
3684.5			1.0
3685.4			1.0
3686.3			1.0
3687.2			1.0
3688.1			1.0
3689.0			1.0
3689.9			1.0
3690.8			1.0
3691.7			1.0
3692.6			1.0
3693.5			1.0
3694.4			1.0
3695.3			1.0
3696.2			1.0
3697.1			1.0
3698.0			1.0
3698.9			1.0
3699.8			1.0
3700.7			1.0
3701.6			1.0
3702.5			1.0
3703.4			1.0
3704.3			1.0
3705.2			1.0
3706.1			1.0
3707.0			1.0
3707.9			1.0
3708.8			1.0
3709.7			1.0
3710.6			1.0
3711.5			1.0
3712.4			1.0
3713.3			1.0
3714.2			1.0
3715.1			1.0
3716.0			1.0
3716.9			1.0
3717.8			1.0
3718.7			1.0
3719.6			1.0
3720.5			1.0
3721.4			1.0
3722.3			1.0
3723.2			1.0
3724.1			1.0
3725.0			1.0
3725.9			1.0
3726.8			1.0
3727.7			1.0
3728.6			1.0
3729.5			1.0
3730.4			1.0
3731.3			1.0
3732.2			1.0
3733.1			1.0
3734.0			1.0
3734.9			1.0
3735.8			1.0
3736.7			1.0
3737.6			1.0
3738.5			1.0
3739.4			1.0
3740.3			1.0
3741.2			1.0
3742.1			1.0
3743.0			1.0
3743.9			1.0
3744.8			1.0
3745.7			1.0
3746.6			1.0
3747.5			1.0
3748.4			1.0
3749.3			1.0
3750.2			1.0
3751.1			1.0
3752.0			1.0
3752.9			1.0
3753.8			1.0
3754.7			1.0
3755.6			1.0
3756.5			1.0
3757.4			1.0
3758.3			1.0
3759.2			1.0
3760.1			1.0
3761.0			1.0
3761.9			1.0
3762.8			1.0
3763.7			1.0
3764.6			1.0
3765.5			1.0
3766.4			1.0
3767.3			1.0
3768.2			1.0
3769.1			1.0
3770.0			1.0
3770.9			1.0
3771.8			1.0
3772.7			1.0
3773.6			1.0
3774.5			1.0
3775.4			1.0
3776.3			1.0
3777.2			1.0
3778.1			1.0
3779.0			1.0
3779.9			1.0
3780.8			1.0
3781.7			1.0
3782.6			1.0
3783.5			1.0
3784.4			1.0
3785.3			1.0
3786.2			1.0
3787.1			1.0
3788.0			1.0
3788.9			1.0
3789.8			1.0
3790.7			1.0
3791.6			1.0
3792.5			1.0
3793.4			1.0
3794.3			1.0
3795.2			1.0
3796.1			1.0
3797.0			1.0
3797.9			1.0
3798.8			1.0
3799.7			1.0
3800.6			1.0
3801.5			1.0
3802.4			1.0
3803.3			1.0
3804.2			1.0
3805.1			1.0
3806.0			1.0
3806.9			1.0
3807.8			1.0
3808.7			1.0
3809.6			1.0
3810.5			1.0
3811.4			1.0
3812.3			1.0
3813.2			1.0
3814.1			1.0
3815.0			1.0
3815.9			1.0
3816.8			1.0
3817.7			1.0
3818.6			1.0
3819.5			1.0
3820.4			1.0
3821.3			1.0
3822.2			1.0
3823.1			1.0
3824.0			1.0
3824.9			1.0
3825.8			1.0
3826.7			1.0
3827.6			1.0
3828.5			1.0
3829.4			1.0
3830.3			1.0
3831.2			1.0
3832.1			1.0
3833.0			1.0
3833.9			1.0
3834.8			1.0
3835.7			1.0
3836.6			1.0
3837.5			1.0
3838.4			1.0
3839.3			1.0
3840.2			1.0
3841.1			1.0
3842.0			1.0
3842.9			1.0
3843.8			1.0
3844.7			1.0
3845.6			1.0
3846.5			1.0
3847.4			1.0
3848.3			1.0
3849.2			1.0
3850.1			1.0
3851.0			1.0
3851.9			1.0
3852.8			1.0
3853.7			1.0
3854.6			1.0
3855.5			1.0
3856.4			1.0
3857.3			1.0
3858.2			1.0
3859.1			1.0
3860.0			1.0
3860.9			1.0
3861.8			1.0
3862.7			1.0
3863.6			1.0
3864.5			1.0
3865.4			1.0
3866.3			1.0
3867.2			1.0
3868.1			1.0
3869.0			1.0
3869.9			1.0
3870.8			1.0
3871.7			1.0
3872.6			1.0
3873.5			1.0
3874.4			1.0
3875.3			1.0
3876.2			1.0
3877.1			1.0
3878.0			1.0
3878.9			1.0
3879.8			1.0
3880.7			1.0
3881.6			1.0
3882.5			1.0
3883.4			1.0
3884.3			1.0
3885.2			1.0
3886.1			1.0
3887.0			1.0
3887.9			1.0
3888.8			1.0
3889.7			1.0
3890.6			1.0
3891.5			1.0
3892.4			1.0
3893.3			1.0
3894.2			1.0
3895.1			1.0
3896.0			1.0
3896.9			1.0
3897.8			1.0
3898.7			1.0
3899.6			1.0
3900.5			1.0
3901.4			1.0
3902.3			1.0
3903.2			1.0
3904.1			1.0
3905.0			1.0
3905.9			1.0
3906.8			1.0
3907.7			1.0
3908.6			1.0
3909.5			1.0
3910.4			1.0
3911.3			1.0
3912.2			1.0
3913.1			1.0
3914.0			1.0
3914.9			1.0
3915.8			1.0
3916.7			1.0
3917.6			1.0
3918.5			1.0
3919.4			1.0
3920.3			1.0
3921.2			1.0
3922.1			1.0
3923.0			1.0
3923.9			1.0
3924.8			1.0
3925.7			1.0
3926.6			1.0
3927.5			1.0
3928.4			1.0
3929.3			1.0
3930.2			1.0
3931.1			1.0
3932.0			1.0
3932.9			1.0
3933.8			1.0
3934.7			1.0
3935.6			1.0
3936.5			1.0
3937.4			1.0
3938.3			1.0
3939.2			1.0
3940.1			1.0
3941.0			1.0
3941.9			1.0
3942.8			1.0
3943.7			1.0
3944.6			1.0
3945.5			1.0
3946.4			1.0
3947.3			1.0
3948.2			1.0
3949.1			1.0
3950.0			1.0
3950.9			1.0
3951.8			1.0
3952.7			1.0
3953.6			1.0
3954.5			1.0
3955.4			1.0
3956.3			1.0
3957.2			1.0
3958.1			1.0
3959.0			1.0
3959.9			1.0
3960.8			1.0
3961.7			1.0
3962.6			1.0
3963.5			1.0
3964.4			1.0
3965.3			1.0
3966.2			1.0
3967.1			1.0
3968.0			1.0
3968.9			1.0
3969.8			1.0
3970.7			1.0
3971.6			1.0
3972.5			1.0
3973.4			1.0
3974.3			1.0
3975.2			1.0
3976.1			1.0
3977.0			1.0
3977.9			1.0
3978.8			1.0
3979.7			1.0
3980.6			1.0
3981.5			1.0
3982.4			1.0
3983.3			1.0
3984.2			1.0
3985.1			1.0
3986.0			1.0
3986.9			1.0
3987.8			1.0
3988.7			1.0
3989.6			1.0
3990.5			1.0
3991.4			1.0
3992.3			1.0
3993.2			1.0
3994.1			1.0
3995.0			1.0
3995.9			1.0
3996.8			1.0
3997.7			1.0
3998.6			1.0
3999.5			1.0
4000.4			1.0
4001.3			1.0
4002.2			1.0345349560200163
4003.1			1.0441998119335834
4004.0			0.9439099865774813
4004.9			0.7707538645263077
4005.8			0.683663914939668
4006.7			0.7535035318978788
4007.6			0.8894673533933929
4008.5			0.9759967037288719
4009.4			0.9976160097971646
4010.3			1.0
4011.2			1.0
4012.1			1.0
4013.0			1.0
4013.9			1.0
4014.8			1.0
4015.7			1.0
4016.6			1.0
4017.5			1.0
4018.4			1.0
4019.3			1.0
4020.2			1.0
4021.1			1.0
4022.0			1.0
4022.9			1.0
4023.8			1.0
4024.7			1.0
4025.6			1.0
4026.5			1.0415010485512555
4027.4			1.0897652816754186
4028.3			1.0897422719047676
4029.2			0.9750688625659742
4030.1			0.7775393666374232
4031.0			0.6254893117482815
4031.9			0.561624923628522
4032.8			0.533294479823452
4033.7			0.5332377883480071
4034.6			0.5976676561561787
4035.5			0.731506149078491
4036.4			0.889241304056605
4037.3			1.0066070211610096
4038.2			1.0418272906380563
4039.1			1.0
4040.0			0.9355575476984809
4040.9			0.8926083759197605
4041.8			0.8962620629613334
4042.7			0.8763303161532513
4043.6			0.753520813843128
4044.5			0.5581186502047489
4045.4			0.4068742516289603
4046.3			0.4032938794665406
4047.2			0.5414266290660561
4048.1			0.7204589593347243
4049.0			0.8717342812906709
4049.9			0.9890982707150338
4050.8			1.0514665939285626
4051.7			1.0411792957311772
4052.6			1.0055689177569567
4053.5			1.0
4054.4			1.0
4055.3			1.0
4056.2			1.007054849772866
4057.1			0.9664713549431218
4058.0			0.9116436920687833
4058.9			0.9395442567737718
4059.8			1.039306234825847
4060.7			1.0902474015364907
4061.6			0.9997239570217753
4062.5			0.7924587871348169
4063.4			0.621947742777534
4064.3			0.6441702566948759
4065.2			0.813529075263538
4066.1			0.9494529749686628
4067.0			1.0106590497005823
4067.9			1.0961424097365027
4068.8			1.2126153422286154
4069.7			1.2098261578782423
4070.6			1.0117122603358522
4071.5			1.0
4072.4			1.0
4073.3			1.0
4074.2			1.0
4075.1			0.9983229759954045
4076.0			0.8945812852837547
4076.9			0.7733414339245913
4077.8			0.7330455868511104
4078.7			0.7911760239618112
4079.6			0.900199205999687
4080.5			1.0104752148380927
4081.4			1.0
4082.3			1.0
4083.2			1.0
4084.1			1.0
4085.0			1.0
4085.9			1.0
4086.8			1.0
4087.7			1.0
4088.6			1.0
4089.5			1.0
4090.4			1.0
4091.3			0.9634607003958954
4092.2			0.9478657484573089
4093.1			0.9754658067003216
4094.0			0.9973071050056798
4094.9			0.940435288831651
4095.8			0.845502702626658
4096.7			0.7979333742676235
4097.6			0.8072251206113026
4098.5			0.8322232922439978
4099.4			0.8310036224299882
4100.3			0.7833872219785907
4101.2			0.7380165465288514
4102.1			0.7620216332870356
4103.0			0.8348016896093482
4103.9			0.895551843846862
4104.8			0.9479073046006818
4105.7			1.0089150270022802
4106.6			1.0463753052304459
4107.5			1.0433744918766248
4108.4			1.02899661526144
4109.3			1.0195855612341198
4110.2			1.0072835090040784
4111.1			0.9962572400102045
4112.0			1.0
4112.9			1.0
4113.8			1.0
4114.7			1.0
4115.6			1.0
4116.5			1.0
4117.4			1.0
4118.3			1.0
4119.2			1.0
4120.1			1.0
4121.0			1.0
4121.9			1.0
4122.8			1.0
4123.7			1.0
4124.6			1.0
4125.5			1.0
4126.4			0.9598993076739666
4127.3			0.9157332328073671
4128.2			0.9003624991880429
4129.1			0.9057313374479735
4130.0			0.8882774251362362
4130.9			0.8037339830024463
4131.8			0.6844969574385485
4132.7			0.6245094416527227
4133.6			0.6495679813318621
4134.5			0.7375063427366948
4135.4			0.857952299480301
4136.3			0.9389690629595799
4137.2			0.9664224382102362
4138.1			0.990838061511091
4139.0			1.0160737859914521
4139.9			1.019341683864771
4140.8			0.9786478609386773
4141.7			0.8501491630833783
4142.6			0.6560348355302997
4143.5			0.5298517916731827
4144.4			0.5661009883884246
4145.3			0.7048749325085981
4146.2			0.8312408024334663
4147.1			0.9005376366750812
4148.0			0.9208063886815566
4148.9			0.9057418332264444
4149.8			0.8905727130530078
4150.7			0.8992417425009394
4151.6			0.9059071440770471
4152.5			0.8880215934520231
4153.4			0.8440230293185
4154.3			0.8085643363479199
4155.2			0.8147794703213902
4156.1			0.8323631000606715
4157.0			0.8470309080586212
4157.9			0.8783675895561932
4158.8			0.9217743540747748
4159.7			0.9654591659839264
4160.6			0.9999228408702638
4161.5			1.0
4162.4			1.0
4163.3			1.0
4164.2			1.0
4165.1			1.0
4166.0			0.9623338391366882
4166.9			0.9185600628641526
4167.8			0.8958481257632745
4168.7			0.9321715012001305
4169.6			0.9845587721111386
4170.5			0.976551015833648
4171.4			0.8845228472928404
4172.3			0.7833595726095159
4173.2			0.7636330308331839
4174.1			0.8018888019918016
4175.0			0.8310101813198694
4175.9			1.0
4176.8			1.0223622428652288
4177.7			1.0636325218970508
4178.6			1.1408189976456062
4179.5			1.217328767575841
4180.4			1.214700922789622
4181.3			1.125549494736383
4182.2			1.0579692621142551
4183.1			1.0803419018438245
4184.0			1.1545481082117084
4184.9			1.2159790759187261
4185.8			1.1757492920949215
4186.7			1.0185089672570002
4187.6			0.9200468920964459
4188.5			1.0145433502016556
4189.4			1.0
4190.3			1.0342339920851769
4191.2			0.998889397471345
4192.1			1.030978703681777
4193.0			1.121633256625376
4193.9			1.1349946804369515
4194.8			1.0386427294035183
4195.7			0.9283430097320284
4196.6			0.8554309021531052
4197.5			0.7825596503535975
4198.4			0.7140280858599072
4199.3			0.7066231214903503
4200.2			0.7288159667578685
4201.1			0.7086026257271534
4202.0			0.690267039939649
4202.9			0.7488998904721553
4203.8			0.8522000932450139
4204.7			0.9397039312194526
4205.6			0.9944372388077648
4206.5			1.0188724146379977
4207.4			1.025832148989651
4208.3			1.0064097484075742
4209.2			1.0
4210.1			1.0
4211.0			1.0
4211.9			1.0
4212.8			1.0252230198730445
4213.7			0.9832437497517671
4214.6			0.8886438817283321
4215.5			0.7964535490935256
4216.4			0.7948858759551939
4217.3			0.8774899541427822
4218.2			1.0
4219.1			1.0441567150157787
4220.0			1.0700575250591247
4220.9			1.0654413964791316
4221.8			0.998214869761394
4222.7			0.8919628376509051
4223.6			0.7742366060817039
4224.5			0.6321131255418628
4225.4			0.46868627745797836
4226.3			0.3426832376557976
4227.2			0.3366180350314979
4228.1			0.47054232091652587
4229.0			1.0
4229.9			1.2338237005575319
4230.8			1.3852133433949947
4231.7			1.3992315049076682
4232.6			1.2819430628236395
4233.5			1.1538553414205477
4234.4			1.0711148699995419
4235.3			0.9875011936793917
4236.2			0.9342427804181249
4237.1			0.9515100442344645
4238.0			0.9759097223630475
4238.9			0.9602217142204299
4239.8			0.9526701269466569
4240.7			0.9929795151931905
4241.6			1.0280809346399653
4242.5			1.01854943654276
4243.4			1.0
4244.3			1.0
4245.2			1.0
4246.1			1.0
4247.0			1.0
4247.9			1.0
4248.8			0.9236999084785125
4249.7			0.8177720150409273
4250.6			0.7718802960439635
4251.5			0.868379427737278
4252.4			0.9832739994411971
4253.3			1.0
4254.2			1.0
4255.1			1.0
4256.0			1.1744705585258544
4256.9			1.3303552375509988
4257.8			1.2825367778903842
4258.7			1.0733500073587738
4259.6			0.8378335729431952
4260.5			0.7020925523465145
4261.4			0.736907230850646
4262.3			0.8773648494680693
4263.2			0.9855032872416878
4264.1			1.0
4265.0			1.0214568843901528
4265.9			1.0236747552964134
4266.8			0.9877963409797038
4267.7			0.9284793949296194
4268.6			0.8734481265861406
4269.5			0.7901290511300383
4270.4			0.6439162309488935
4271.3			0.49961022305774744
4272.2			0.4637498147187342
4273.1			0.5097753875637321
4274.0			0.5294677463608755
4274.9			0.5498732922110369
4275.8			0.6634634516340296
4276.7			0.8404912308331992
4277.6			0.9889189094386014
4278.5			1.0
4279.4			0.9496751600442294
4280.3			0.8648532592540973
4281.2			0.819980140497858
4282.1			0.806533626999363
4283.0			0.8275202539592214
4283.9			0.8756964354219672
4284.8			0.8832785750396582
4285.7			0.8475039801731663
4286.6			0.8300312081157283
4287.5			0.8194806964230327
4288.4			0.7401330049220853
4289.3			0.6101744490259958
4290.2			0.5545967039343042
4291.1			0.6267491832430817
4292.0			0.7542307485082322
4292.9			0.824431610457807
4293.8			0.8000076610456666
4294.7			0.775662088138395
4295.6			0.807555899670029
4296.5			0.8235626698632077
4297.4			0.7682356925264003
4298.3			0.6583609705337027
4299.2			0.5524459247769468
4300.1			0.5220514377062944
4301.0			0.5662402873964518
4301.9			0.6097197214081035
4302.8			0.630510871916869
4303.7			0.6554343061863299
4304.6			0.6640620077909862
4305.5			0.6265923962668118
4306.4			0.5523799106470397
4307.3			0.4670900815677242
4308.2			0.4215534658911529
4309.1			0.4537622717340728
4310.0			0.5352457835486962
4310.9			0.6174472035725546
4311.8			0.6897117766268814
4312.7			0.7650775541611596
4313.6			0.8317679309668551
4314.5			0.8942556489848068
4315.4			1.0054779245883434
4316.3			1.1483414857414713
4317.2			1.2191599830037125
4318.1			1.195355376772392
4319.0			1.0
4319.9			0.9897017706558804
4320.8			0.9803851947044347
4321.7			0.9530720062422807
4322.6			0.8738114255840569
4323.5			0.7296745376453743
4324.4			0.565659530064388
4325.3			0.4545556372951061
4326.2			0.47040876129933806
4327.1			0.6246831669004894
4328.0			0.8232843581334375
4328.9			0.9554757208823933
4329.8			1.0
4330.7			0.9998415493962847
4331.6			1.0057036253298994
4332.5			1.0162294046637186
4333.4			1.029285300067636
4334.3			1.0490282405641695
4335.2			1.0524872082748453
4336.1			0.9857695834389727
4337.0			0.8539775658068719
4337.9			0.7439198883062543
4338.8			0.6919937468139972
4339.7			0.6663622214024495
4340.6			0.6840117715866993
4341.5			0.7698679591554598
4342.4			0.8570419307756528
4343.3			0.8770221869189486
4344.2			0.8715256461805402
4345.1			0.8973117313223474
4346.0			1.0
4346.9			1.0086464412480927
4347.8			1.030901157963527
4348.7			1.0828219443439815
4349.6			1.08781930573536
4350.5			0.970215715998451
4351.4			0.7944660414565531
4352.3			0.7125797986976431
4353.2			0.7682015837023652
4354.1			0.856212965171272
4355.0			0.9021473295215918
4355.9			0.9398888218789678
4356.8			0.9886358229310409
4357.7			1.0002498512719824
4358.6			1.0
4359.5			1.0
4360.4			1.0
4361.3			1.0
4362.2			1.0
4363.1			1.0
4364.0			1.0
4364.9			1.0
4365.8			1.0
4366.7			1.0
4367.6			1.0
4368.5			1.0
4369.4			1.0
4370.3			1.0
4371.2			1.0
4372.1			1.0
4373.0			0.9618252942240297
4373.9			0.8913817132956788
4374.8			0.8162137368225156
4375.7			0.7900900552249387
4376.6			0.8489338345029683
4377.5			0.9439690650910852
4378.4			0.9924457529424384
4379.3			0.9749286895160445
4380.2			0.9204063496444693
4381.1			0.8336643425387755
4382.0			0.6889388139544614
4382.9			0.5110435821164363
4383.8			0.41055820344957866
4384.7			0.4752596706679967
4385.6			0.6607711183177144
4386.5			0.8270522469713254
4387.4			0.8935957337097158
4388.3			0.8969946459152666
4389.2			0.8942893967313448
4390.1			0.9063235277589723
4391.0			0.9400188779724874
4391.9			0.9905066035426645
4392.8			1.0256593677296744
4393.7			1.0222064058526825
4394.6			0.9998384270366039
4395.5			1.0
4396.4			1.082167139269467
4397.3			1.162527426324113
4398.2			1.18038507692903
4399.1			1.1282126299218487
4400.0			1.0359067151031756
4400.9			0.9753575809995398
4401.8			0.983248456458134
4402.7			0.9587100154375192
4403.6			0.8063452358059767
4404.5			0.6362684279445258
4405.4			0.6248244217322562
4406.3			0.7499425259228437
4407.2			0.8587106919977625
4408.1			0.9262593291619559
4409.0			1.0358934888398306
4409.9			1.17698068269802
4410.8			1.0
4411.7			1.021351648209483
4412.6			1.0062152951770826
4413.5			0.9179472268634552
4414.4			0.759800888039359
4415.3			0.6578303527145619
4416.2			0.702807590827122
4417.1			0.8244165521435645
4418.0			0.9303443407391002
4418.9			1.0
4419.8			1.0356128845673453
4420.7			1.0133697974055174
4421.6			0.934719044102603
4422.5			0.8574711442397851
4423.4			0.8378496275432323
4424.3			0.8475605948474756
4425.2			0.8331196037656164
4426.1			0.8075396523881061
4427.0			0.8132922817363182
4427.9			0.8641661856865913
4428.8			0.9098126394428223
4429.7			0.8957245242279764
4430.6			0.8756983489267637
4431.5			0.9062880139285847
4432.4			0.9269215877929857
4433.3			0.8683863394281561
4434.2			0.7577924843934176
4435.1			0.6838458938014135
4436.0			0.7169908477157596
4436.9			0.8383308295749738
4437.8			0.9638790976142342
4438.7			1.034710501152854
4439.6			1.0340152365522854
4440.5			0.970797643302417
4441.4			0.8775401940711366
4442.3			0.8075700626328435
4443.2			0.8130510219876117
4444.1			1.0
4445.0			1.113734765531106
4445.9			1.1551852033984826
4446.8			1.1086470085942124
4447.7			1.0639215812766207
4448.6			1.07753893131695
4449.5			1.1021117579875976
4450.4			1.0974408409033214
4451.3			1.0803708866788266
4452.2			1.054477118456805
4453.1			0.9804567643048191
4454.0			0.847009491786874
4454.9			0.7319611090371773
4455.8			0.7200984067260122
4456.7			0.7856583491732059
4457.6			0.8332637054071433
4458.5			0.83160438867504
4459.4			0.8218102620705988
4460.3			0.8140706042393263
4461.2			0.7958372519742096
4462.1			0.8203339179259723
4463.0			0.9202585897813507
4463.9			1.0163818703715441
4464.8			1.0372443593888578
4465.7			1.0103808378416728
4466.6			0.9991497112406859
4467.5			1.0
4468.4			1.0
4469.3			1.0
4470.2			1.0
4471.1			1.0
4472.0			1.0
4472.9			1.0
4473.8			1.0
4474.7			1.0
4475.6			1.0
4476.5			1.0
4477.4			1.055727721601309
4478.3			1.0670302393707558
4479.2			1.0026377390360075
4480.1			0.9065735054512647
4481.0			0.8278288180811135
4481.9			0.79542278760185
4482.8			0.8276468834756674
4483.7			0.9010621269695518
4484.6			0.9638245873045722
4485.5			0.9952278872725225
4486.4			1.0012996801181024
4487.3			1.0
4488.2			1.0
4489.1			1.0
4490.0			1.0
4490.9			1.0283062210576945
4491.8			1.0761075667379694
4492.7			1.0747713136433292
4493.6			0.9987998529050408
4494.5			0.905254933170455
4495.4			0.8674643632104628
4496.3			0.8929783017399499
4497.2			0.9455114918636212
4498.1			0.9910495711732578
4499.0			1.014274095667959
4499.9			1.0042650816748193
4500.8			1.0
4501.7			1.0
4502.6			1.0
4503.5			1.0
4504.4			1.0
4505.3			1.0
4506.2			1.0
4507.1			0.9852766702459004
4508.0			0.974601442828404
4508.9			0.9767801642555266
4509.8			0.9895317600866228
4510.7			0.9939787715651388
4511.6			0.9718786948855567
4512.5			0.9353240737988636
4513.4			0.9091020149142665
4514.3			1.0
4515.2			1.0206563003616382
4516.1			1.0406430921611087
4517.0			1.025186383788964
4517.9			1.0004124533268577
4518.8			1.0149823738096282
4519.7			1.0604920189435223
4520.6			1.096109538326164
4521.5			1.087300937539125
4522.4			1.0427866565026134
4523.3			1.0094418435929438
4524.2			0.987790069433742
4525.1			0.9424040318533073
4526.0			0.8692240918296753
4526.9			0.7946244853926866
4527.8			0.7433171469940775
4528.7			0.7370323317842057
4529.6			0.7714474214669532
4530.5			0.8135196690688422
4531.4			0.8526980049232735
4532.3			0.8747591579553503
4533.2			0.8557052903771108
4534.1			0.806247470091897
4535.0			0.7692228923280439
4535.9			0.8140414056260451
4536.8			0.9407212534118471
4537.7			1.0433953927249306
4538.6			1.0601474369381416
4539.5			1.0214270088114406
4540.4			0.9775164937663591
4541.3			1.0
4542.2			1.0292717275828707
4543.1			1.055467851998178
4544.0			1.033813958025545
4544.9			0.9857087991924379
4545.8			0.9601989656649381
4546.7			0.9609932701680971
4547.6			0.9586383347471448
4548.5			0.9372877553048174
4549.4			0.9240855582621817
4550.3			0.9456997931581729
4551.2			0.9732817635030755
4552.1			0.9709376373617736
4553.0			0.9412593916673363
4553.9			0.903065667466519
4554.8			0.8813443850628866
4555.7			0.8989710132660154
4556.6			0.9546323826553063
4557.5			1.0149819441917987
4558.4			1.050762066294233
4559.3			1.0551343662602088
4560.2			1.0429737325733273
4561.1			1.0
4562.0			1.0003931850247492
4562.9			0.9747099552601335
4563.8			0.926812664399059
4564.7			0.8879441377089092
4565.6			0.8892770804668352
4566.5			0.9386418498359497
4567.4			0.9961667300887028
4568.3			1.0148613351751739
4569.2			0.9999083893364933
4570.1			1.0
4571.0			0.9491298384131478
4571.9			0.9393859853745267
4572.8			0.9910730329556438
4573.7			1.0379993258672748
4574.6			1.041137047646883
4575.5			1.0347556318828117
4576.4			1.0372230195061645
4577.3			1.0277958431397207
4578.2			0.9893526738242461
4579.1			0.929953553913112
4580.0			0.8756320266471121
4580.9			0.8575287168763723
4581.8			0.8919681117224062
4582.7			1.0
4583.6			1.0191144672207215
4584.5			0.9880880276219753
4585.4			0.9404728148655208
4586.3			0.9341863320048897
4587.2			0.9917129310756494
4588.1			1.0641484555841974
4589.0			1.1009001451215443
4589.9			1.0891917275992518
4590.8			1.0407205182062065
4591.7			0.9868899871964907
4592.6			0.9616267310174067
4593.5			0.9651097603926256
4594.4			0.9685254974391143
4595.3			0.9623159218943178
4596.2			0.9588896122063281
4597.1			0.9548418202335133
4598.0			0.9527212536534676
4598.9			0.955104453794064
4599.8			0.9430445538535913
4600.7			0.9251901049065888
4601.6			0.9259055123788994
4602.5			0.9339366072078077
4603.4			0.9404753468272806
4604.3			0.9456319991001212
4605.2			0.9493823366987582
4606.1			0.9610473932356838
4607.0			0.9832475412445766
4607.9			1.0214189266341147
4608.8			1.063101275104774
4609.7			1.070756900116339
4610.6			1.0368487609505352
4611.5			0.9980516550172175
4612.4			0.9735484028047349
4613.3			0.964341278735623
4614.2			0.979398001397274
4615.1			1.0002393309619857
4616.0			1.0041433773011177
4616.9			1.0029502932743894
4617.8			0.9985900265301969
4618.7			1.0
4619.6			1.0
4620.5			1.0
4621.4			1.0
4622.3			1.0
4623.2			1.0
4624.1			1.0
4625.0			1.0
4625.9			1.0
4626.8			1.0
4627.7			1.0
4628.6			1.0
4629.5			1.0
4630.4			1.0
4631.3			1.0
4632.2			1.0
4633.1			1.0
4634.0			0.9904219716138289
4634.9			0.9978863337812561
4635.8			0.9927353879784123
4636.7			0.9571107360309713
4637.6			0.9137164685536311
4638.5			0.892529863322047
4639.4			0.8936902238727029
4640.3			0.9179939215169035
4641.2			0.963625190456571
4642.1			0.9962804494875278
4643.0			0.9896658876456247
4643.9			0.9586534397392237
4644.8			0.9136039009405661
4645.7			0.85281471701652
4646.6			0.8059796549739184
4647.5			0.8047152565519201
4648.4			0.8379380330317389
4649.3			0.8800924180915449
4650.2			0.9155883526772505
4651.1			0.9336142761757401
4652.0			0.9409258643612213
4652.9			0.9398975976910154
4653.8			0.9160308586906029
4654.7			0.8858674174292573
4655.6			0.8810266252689897
4656.5			0.9062207026978414
4657.4			0.9499507376007363
4658.3			0.9956030858227851
4659.2			1.0
4660.1			1.0090882218769788
4661.0			0.9924265485084728
4661.9			0.9618135158174032
4662.8			0.9306610288889288
4663.7			1.0
4664.6			0.9864541323645805
4665.5			0.9487459067261579
4666.4			0.8684920192106087
4667.3			0.7942392303953288
4668.2			0.7977857285298576
4669.1			0.8826071582895666
4670.0			0.9837600333737327
4670.9			1.041030103934483
4671.8			1.0407438811622274
4672.7			1.010725483638899
4673.6			0.9882403186817692
4674.5			0.9919739654876663
4675.4			1.0224943562722755
4676.3			1.0560024889054065
4677.2			1.051738376998848
4678.1			1.0064597667141817
4679.0			0.9614140794420664
4679.9			0.939873818680625
4680.8			0.9306416398565849
4681.7			0.9316357346575694
4682.6			0.9546832611619416
4683.5			0.9852265877338
4684.4			0.9989086448734931
4685.3			0.9989416275513076
4686.2			0.9954222571200109
4687.1			0.9828539133379145
4688.0			0.9655560075943398
4688.9			1.0
4689.8			0.9949712264945826
4690.7			0.9843587623159303
4691.6			0.9822844397382733
4692.5			0.9964075368631268
4693.4			1.013714921391988
4694.3			1.0306195816332606
4695.2			1.0507445033617568
4696.1			1.0589607022955263
4697.0			1.0312872480346156
4697.9			0.9736371633371192
4698.8			0.9277071896755439
4699.7			0.9174967363123211
4700.6			0.9157365235125273
4701.5			0.8824170887359708
4702.4			0.8288190248535381
4703.3			0.8196212023051819
4704.2			0.8745148457557308
4705.1			0.9322523443864514
4706.0			0.934701405209129
4706.9			0.8964059103642977
4707.8			1.0
4708.7			0.9962954429013873
4709.6			1.016495723464026
4710.5			1.0629151992695864
4711.4			1.1115248355033354
4712.3			1.1244165182147992
4713.2			1.0926003029385003
4714.1			1.0465003464710252
4715.0			1.0407813663901773
4715.9			1.085049932009457
4716.8			1.1260186863172281
4717.7			1.136885455716554
4718.6			1.1479850374042055
4719.5			1.168113834965741
4720.4			1.172080456682043
4721.3			1.1489246590606421
4722.2			1.1165190806114809
4723.1			1.1044187096520652
4724.0			1.1192488435068728
4724.9			1.1342896462262786
4725.8			1.1093416913656664
4726.7			1.0380990127696774
4727.6			0.9641310601493618
4728.5			0.9296679628917753
4729.4			0.9279294002159452
4730.3			0.9376237221389456
4731.2			0.9597112204442332
4732.1			0.9881116566264876
4733.0			1.0021547228949121
4733.9			1.0056969114227956
4734.8			1.003486598994283
4735.7			0.9706271059059367
4736.6			0.9268572745832431
4737.5			0.9348688907365462
4738.4			0.9821567349758916
4739.3			1.0014312795164537
4740.2			0.9807230883813272
4741.1			0.9637343837530772
4742.0			0.9768449663030562
4742.9			1.0009439844859265
4743.8			1.0039604943611684
4744.7			0.988623397312044
4745.6			0.9853408093468955
4746.5			0.9988837610411447
4747.4			1.0043599683870599
4748.3			0.9983644725629649
4749.2			1.0
4750.1			1.0
4751.0			1.0
4751.9			1.0
4752.8			1.0
4753.7			1.0
4754.6			1.0
4755.5			1.0
4756.4			1.0
4757.3			1.0
4758.2			1.0
4759.1			1.023378664371614
4760.0			1.041366102582216
4760.9			1.0245442061558605
4761.8			0.9833501209975938
4762.7			0.9622714196848071
4763.6			0.9634136990519101
4764.5			0.9506324543768281
4765.4			0.9187171879893656
4766.3			0.9023190264091687
4767.2			0.9213498726889766
4768.1			0.9598699190799559
4769.0			1.0011985104252223
4769.9			1.0202143278188356
4770.8			0.9993274462276154
4771.7			1.0
4772.6			0.9937361520838462
4773.5			1.0231693543002112
4774.4			1.05313316015869
4775.3			1.0511751888678524
4776.2			1.032866814504942
4777.1			1.0266117225348055
4778.0			1.024511961851503
4778.9			1.0111638060131276
4779.8			0.9940841740382118
4780.7			0.9832366292073448
4781.6			0.9642716546777748
4782.5			0.9226524119365088
4783.4			0.8931170366347642
4784.3			0.9088965636184453
4785.2			0.9287070846838306
4786.1			0.9179972359654005
4787.0			0.908297073274859
4787.9			0.9124273238763921
4788.8			0.9057741397464261
4789.7			0.8989652266662425
4790.6			0.9118846327939517
4791.5			0.9305379935637516
4792.4			0.9464899549829123
4793.3			0.9704416692411251
4794.2			1.0
4795.1			1.017840701003584
4796.0			1.0123912003188769
4796.9			0.9920788817419632
4797.8			0.9650241464080714
4798.7			0.9366973624666447
4799.6			0.918354995015987
4800.5			0.9251845544685023
4801.4			0.9596647928819375
4802.3			0.9971531577976195
4803.2			1.012101690935135
4804.1			0.9988157442987221
4805.0			1.0
4805.9			1.0
4806.8			1.0
4807.7			1.0
4808.6			1.0
4809.5			1.0
4810.4			1.0
4811.3			1.0
4812.2			1.0
4813.1			1.0
4814.0			1.0
4814.9			1.0
4815.8			1.0
4816.7			1.0
4817.6			1.0
4818.5			1.0
4819.4			1.0
4820.3			1.0000881276300049
4821.2			0.9874940437703058
4822.1			0.9498843846909
4823.0			0.8943231427462789
4823.9			0.8781300862364655
4824.8			0.9259052966133846
4825.7			0.9868888882819391
4826.6			1.0108989412397216
4827.5			1.0009559926567622
4828.4			1.0
4829.3			1.0
4830.2			1.0
4831.1			1.0
4832.0			1.0
4832.9			1.0
4833.8			1.0
4834.7			1.0
4835.6			1.0
4836.5			1.0
4837.4			1.0
4838.3			1.0
4839.2			1.0
4840.1			1.0
4841.0			1.0
4841.9			1.0
4842.8			1.0
4843.7			1.0
4844.6			1.0
4845.5			1.0
4846.4			1.0
4847.3			1.0
4848.2			1.0
4849.1			1.0
4850.0			1.0
4850.9			1.0
4851.8			1.0
4852.7			1.0
4853.6			1.0
4854.5			1.0
4855.4			1.0
4856.3			1.000576821963743
4857.2			1.0295661926269981
4858.1			1.0194086528349426
4859.0			0.9443318103185004
4859.9			0.8384585967081105
4860.8			0.7602614713028033
4861.7			0.765399128815208
4862.6			0.8451642667973351
4863.5			0.9251551883488758
4864.4			0.970894325198147
4865.3			1.0005433363898193
4866.2			1.0
4867.1			1.0031541415925107
4868.0			0.994695671921263
4868.9			0.9800842230127325
4869.8			0.9206074580348073
4870.7			0.8068287721360904
4871.6			0.7308170064027983
4872.5			0.7764778035568107
4873.4			0.892728918512317
4874.3			0.9734853039149585
4875.2			0.9968662195510526
4876.1			1.0011115512550883
4877.0			1.0
4877.9			1.0
4878.8			1.0
4879.7			1.0
4880.6			1.0
4881.5			1.0
4882.4			0.9914375159045773
4883.3			1.0049364322659413
4884.2			0.9865170673454962
4885.1			0.9321836415234551
4886.0			0.8889467935849089
4886.9			0.8847477580092117
4887.8			0.8970555124815426
4888.7			0.8866587428924353
4889.6			0.8236140909398055
4890.5			0.7261877903279225
4891.4			0.6904044832829526
4892.3			0.7792925095761094
4893.2			0.9235920486917335
4894.1			1.0280978492014374
4895.0			1.0722993545924207
4895.9			1.0786460998212248
4896.8			1.0706850266773398
4897.7			1.0595164780390172
4898.6			1.0397040530696549
4899.5			1.0122695492219334
4900.4			0.9980379659969625
4901.3			1.0
4902.2			1.0
4903.1			1.0
4904.0			1.0
4904.9			1.0
4905.8			1.0511445366592849
4906.7			1.0620817085175949
4907.6			1.0302009125714888
4908.5			0.9771569571262231
4909.4			0.9223070471453452
4910.3			0.8941291379233
4911.2			0.9110635136295757
4912.1			0.9488449205436912
4913.0			0.9738854870159009
4913.9			1.0
4914.8			1.020846966695521
4915.7			1.031248668602339
4916.6			1.0011751874011166
4917.5			0.9093562645077936
4918.4			0.7725815328927079
4919.3			0.6514783617186696
4920.2			0.6162491710030369
4921.1			0.6919503535185717
4922.0			0.8264451196052991
4922.9			0.9304350403639904
4923.8			0.9625151170087471
4924.7			0.9658865970343012
4925.6			0.9968128446187888
4926.5			1.0
4927.4			1.0
4928.3			1.0
4929.2			1.0
4930.1			1.0
4931.0			0.9977864547749419
4931.9			0.9765764424388652
4932.8			0.926134649661055
4933.7			0.8846719171136674
4934.6			0.8954292339637748
4935.5			0.9282448160194484
4936.4			0.9238366505183244
4937.3			0.8675257405339103
4938.2			0.7982965555151448
4939.1			0.7834023929126647
4940.0			0.8472736834741983
4940.9			0.9316724815005362
4941.8			0.9799827704747464
4942.7			1.0060169026518206
4943.6			1.0271660454100984
4944.5			1.0197539319284183
4945.4			0.9840851843022222
4946.3			0.9691658740775669
4947.2			0.9996293858551079
4948.1			1.0
4949.0			1.0
4949.9			1.0
4950.8			1.0
4951.7			1.0
4952.6			1.0
4953.5			1.0
4954.4			0.9801701143289892
4955.3			0.9280928155624286
4956.2			0.8068438383173129
4957.1			0.6739056398958664
4958.0			0.6588050010058071
4958.9			0.7826859905074247
4959.8			0.9250126722471304
4960.7			0.9931969318169791
4961.6			1.0010114508692052
4962.5			1.0
4963.4			1.0
4964.3			1.0
4965.2			1.0
4966.1			1.0
4967.0			1.0
4967.9			1.0
4968.8			1.0
4969.7			1.0
4970.6			1.0
4971.5			1.0
4972.4			1.0
4973.3			1.0
4974.2			1.0
4975.1			1.0
4976.0			1.0
4976.9			0.9875194191106452
4977.8			0.9599380838006547
4978.7			0.936749444529457
4979.6			0.9347726846424186
4980.5			0.9212767106496255
4981.4			0.8587745364893539
4982.3			0.7791361823102994
4983.2			0.7514044298438475
4984.1			0.7836781542157153
4985.0			0.836669727971982
4985.9			0.9034633992590803
4986.8			0.9814821268317672
4987.7			1.0306248597036063
4988.6			1.030651293914336
4989.5			1.0054438044956806
4990.4			1.0
4991.3			1.0
4992.2			1.0
4993.1			1.0
4994.0			1.0
4994.9			1.0
4995.8			1.0
4996.7			1.0
4997.6			0.9977893564824188
4998.5			0.9630230431051371
4999.4			0.9114286290224096
5000.3			0.8745942535809822
5001.2			0.8667877114956174
5002.1			0.8867254353803786
5003.0			0.9274032932602484
5003.9			0.9513358614673426
5004.8			0.9138646987248198
5005.7			0.8425988355358045
5006.6			0.8276616227555964
5007.5			0.9010543054610517
5008.4			1.0001637195641868
5009.3			1.0624217384860029
5010.2			1.0774677657195668
5011.1			1.0450331596122626
5012.0			0.9855992304258817
5012.9			0.938310408576823
5013.8			0.9168961704002789
5014.7			0.934770160792069
5015.6			0.9940626993918079
5016.5			1.0
5017.4			1.0
5018.3			1.0
5019.2			1.0
5020.1			1.0
5021.0			1.0
5021.9			1.0
5022.8			1.0
5023.7			1.0
5024.6			1.0
5025.5			1.0
5026.4			1.0
5027.3			1.0
5028.2			1.0
5029.1			1.0
5030.0			1.0
5030.9			1.0
5031.8			1.0246833452371846
5032.7			1.0489124072856064
5033.6			1.0560445131299616
5034.5			1.017761237844239
5035.4			0.9508507294102168
5036.3			0.9259817048465901
5037.2			0.9608889549329874
5038.1			0.982124768670913
5039.0			0.9425120827731728
5039.9			0.863334250328747
5040.8			0.7987740172813326
5041.7			0.818796237016126
5042.6			1.0
5043.5			1.0891929696114953
5044.4			1.1473484536301715
5045.3			1.1866114913363222
5046.2			1.1974908018325476
5047.1			1.153306130195177
5048.0			1.0585652899701545
5048.9			0.9585799373532264
5049.8			0.905498240898561
5050.7			0.9081358764268074
5051.6			0.9364817538065967
5052.5			0.9677736605235996
5053.4			0.9904109341622374
5054.3			1.0001686775635643
5055.2			0.9969482636643768
5056.1			0.990421048557514
5057.0			1.0
5057.9			1.014697677848924
5058.8			1.016983908533735
5059.7			1.0184812008987185
5060.6			1.0273936070306242
5061.5			1.0320007015395904
5062.4			1.022496959818009
5063.3			0.9835978436491418
5064.2			0.9182646410657279
5065.1			0.8769916465522948
5066.0			0.8882467134767328
5066.9			0.9036270325746757
5067.8			0.8896191370045747
5068.7			0.8863758359005777
5069.6			0.9243809341175394
5070.5			0.9565932735969632
5071.4			0.9372172908203701
5072.3			0.9082848742445744
5073.2			0.921669858691177
5074.1			0.9503454923045545
5075.0			0.9510759374732187
5075.9			0.9390289716490263
5076.8			0.9469163089727171
5077.7			0.9498167983858253
5078.6			0.8998753170297666
5079.5			0.8301647124477968
5080.4			1.0
5081.3			1.0279630518594947
5082.2			1.0500540396620133
5083.1			1.0573221947769675
5084.0			1.0810942402906774
5084.9			1.12608093647646
5085.8			1.1658334435276154
5086.7			1.1747708099634522
5087.6			1.158551290625349
5088.5			1.1442048905763897
5089.4			1.1400518866582299
5090.3			1.1346267399774947
5091.2			1.1370397952762943
5092.1			1.1658642229627432
5093.0			1.200055139047307
5093.9			1.1910295915480051
5094.8			1.132188728116449
5095.7			1.0683275238918841
5096.6			1.035856140113567
5097.5			1.0123835855468564
5098.4			0.9679573138340201
5099.3			0.937535003353363
5100.2			0.9580933193753288
5101.1			1.0033571120705596
5102.0			1.0338259389658842
5102.9			1.0
5103.8			0.9872127299370494
5104.7			0.974291226865004
5105.6			0.9658018399003646
5106.5			0.9456411874964376
5107.4			0.9287255852498323
5108.3			0.9380174553207152
5109.2			0.9491257639893105
5110.1			0.9525914142446752
5111.0			0.977323705538047
5111.9			1.017535302027624
5112.8			1.0492407251702451
5113.7			1.0814629779630838
5114.6			1.110323690610899
5115.5			1.1153661146788971
5116.4			1.1196196483042633
5117.3			1.1427475170210093
5118.2			1.1600002281109514
5119.1			1.1517004803175337
5120.0			1.1211564186470586
5120.9			1.0920866887673184
5121.8			1.0806778361489238
5122.7			1.0533841083373685
5123.6			0.9986914343189608
5124.5			0.9692714784096944
5125.4			0.9880532346342866
5126.3			1.0253490801577902
5127.2			1.0557692593208508
5128.1			1.0687447383839557
5129.0			1.0571160978832812
5129.9			1.0545314579179705
5130.8			1.099728016102288
5131.7			1.1603383943029288
5132.6			1.1740141009415215
5133.5			1.1495832362921088
5134.4			1.1600649247145614
5135.3			1.204087326630807
5136.2			1.2117619490563072
5137.1			1.1692449609640805
5138.0			1.0995433385375144
5138.9			1.0427567292313624
5139.8			1.0697302849763455
5140.7			1.1527193759446974
5141.6			1.1763301838285944
5142.5			1.1545881372413265
5143.4			1.1841579559722275
5144.3			1.2394149327099269
5145.2			1.2451162737194483
5146.1			1.2184777136793399
5147.0			1.2114546921033633
5147.9			1.2367909399559902
5148.8			1.0
5149.7			0.9956498219133935
5150.6			0.9766154091354997
5151.5			0.9652695139528134
5152.4			0.955163723817672
5153.3			0.9392650023342964
5154.2			0.9434801903562887
5155.1			0.98653186098764
5156.0			1.0435617966951276
5156.9			1.0923188480577926
5157.8			1.1204093315477544
5158.7			1.1192097207968488
5159.6			1.1129457314019253
5160.5			1.1138203900216626
5161.4			1.0847134636970033
5162.3			1.0275574576294424
5163.2			0.9987698145563942
5164.1			0.9764372029635664
5165.0			0.8865030049151104
5165.9			0.7332070328319886
5166.8			0.5942074728786517
5167.7			0.5500573064112074
5168.6			0.6183024340863323
5169.5			0.7173430756911983
5170.4			0.730245918166632
5171.3			0.6287209900825143
5172.2			0.5107489999437196
5173.1			0.49898938552487343
5174.0			0.6157473514900181
5174.9			0.7751451067855389
5175.8			0.8882977174789275
5176.7			0.9361503933631443
5177.6			0.9470116139101037
5178.5			0.9394731400227889
5179.4			0.9056608964555473
5180.3			0.8346522178178403
5181.2			0.7288625805292853
5182.1			0.5995270923343278
5183.0			0.486745881722785
5183.9			0.46511829102697544
5184.8			0.5685037398889343
5185.7			0.7386921329291326
5186.6			0.8850376162183425
5187.5			0.9586389070219132
5188.4			0.9840367325148385
5189.3			1.0096393816102789
5190.2			1.0037781875364291
5191.1			0.9191061504751269
5192.0			0.8308236017509506
5192.9			0.8391886332107598
5193.8			0.9036763788030909
5194.7			0.9329663310061563
5195.6			0.9427438192368477
5196.5			0.9853894814929375
5197.4			1.0383217984311668
5198.3			1.0666051027894676
5199.2			1.0
5200.1			1.0108603666181524
5201.0			0.9931466831223735
5201.9			0.9556580774670231
5202.8			0.9120548777890344
5203.7			0.8417227359458689
5204.6			0.7450332317328577
5205.5			0.6800119269180341
5206.4			0.6736406601102428
5207.3			0.6768878681330027
5208.2			0.6614557705302331
5209.1			0.6845173303774035
5210.0			0.7782304610139339
5210.9			0.9156182626504727
5211.8			1.0526366001558591
5212.7			1.141007580847259
5213.6			1.1521682886360707
5214.5			1.0954471104862558
5215.4			1.0251295469166037
5216.3			0.9998403131794025
5217.2			0.9385789811191376
5218.1			1.0005531247344073
5219.0			1.0
5219.9			1.0
5220.8			1.0230871845095642
5221.7			1.029257604283034
5222.6			1.0168919987226017
5223.5			0.9835266495496344
5224.4			0.9340152874689888
5225.3			0.8720829503304091
5226.2			0.8014482263611724
5227.1			0.7788007802637821
5228.0			0.861176657142103
5228.9			0.9852414514859668
5229.8			1.0702172658940567
5230.7			1.110262391403165
5231.6			1.088573247512317
5232.5			1.018188468293106
5233.4			1.0035973419807063
5234.3			1.0
5235.2			1.0
5236.1			1.0
5237.0			1.0
5237.9			1.0
5238.8			1.0
5239.7			1.0
5240.6			1.0037835478096584
5241.5			0.9986856069966463
5242.4			0.9835707772688286
5243.3			0.9832864590677
5244.2			1.0084078511791887
5245.1			1.0225158519138562
5246.0			0.9887108437319198
5246.9			0.9352044853311204
5247.8			0.9210282345625121
5248.7			0.9388718724373988
5249.6			0.9337917665338693
5250.5			0.9121297283736804
5251.4			0.9172618964780563
5252.3			0.9412569775351002
5253.2			0.9515452728069815
5254.1			0.9379482976548055
5255.0			1.0
5255.9			1.0314524321666942
5256.8			1.0924733035385155
5257.7			1.1351047076260072
5258.6			1.146189439047245
5259.5			1.1274936241961429
5260.4			1.0759550213488234
5261.3			0.9946397219414669
5262.2			0.905259816828423
5263.1			0.8346376224523365
5264.0			0.7903101960329473
5264.9			0.7537563520630874
5265.8			0.7266017291726002
5266.7			0.7491662413389152
5267.6			0.7822392901436452
5268.5			0.7247461537301403
5269.4			0.6146900805333713
5270.3			0.6100525254642298
5271.2			0.7408394332615752
5272.1			0.8760582140711248
5273.0			0.9380091387666697
5273.9			0.9583650998250618
5274.8			0.9607233901402524
5275.7			0.9717774829043075
5276.6			1.0294807042612513
5277.5			1.0
5278.4			1.0316971040337133
5279.3			1.0148897919987159
5280.2			0.9620617301692964
5281.1			0.8961727449170496
5282.0			0.8385448876075731
5282.9			0.8022007404904488
5283.8			0.8063528556914713
5284.7			0.8679691084957085
5285.6			0.9507891601315959
5286.5			0.9994361922248064
5287.4			1.00241981395275
5288.3			1.0
5289.2			1.0
5290.1			1.0143008485143505
5291.0			1.0197559907074698
5291.9			1.007509367047281
5292.8			0.9903705045349944
5293.7			0.9814168169858505
5294.6			0.9711358819139363
5295.5			0.9332308311669636
5296.4			0.8596196392100603
5297.3			0.7831929013841847
5298.2			0.7635854537398707
5299.1			0.8156472073160965
5300.0			0.8761644872709373
5300.9			0.8904674366504777
5301.8			0.8808038437032704
5302.7			0.8996996759698132
5303.6			0.95208028789246
5304.5			0.9980910874726264
5305.4			1.0131877850559536
5306.3			0.9999356306928826
5307.2			1.0
5308.1			1.0
5309.0			1.0
5309.9			1.0
5310.8			1.0
5311.7			1.0
5312.6			1.0
5313.5			1.0
5314.4			1.0
5315.3			1.0
5316.2			1.0
5317.1			1.0
5318.0			1.0
5318.9			1.0
5319.8			1.0
5320.7			0.989995968021612
5321.6			0.9715233221627378
5322.5			0.9272775475534444
5323.4			0.8529114976243246
5324.3			0.8027399004342828
5325.2			0.8185316848048485
5326.1			0.8275946281497455
5327.0			0.7461829807160296
5327.9			0.6298920560183658
5328.8			0.6153398456491113
5329.7			0.7278493962672503
5330.6			0.8627784328018558
5331.5			0.9342267433563759
5332.4			0.9479064418799363
5333.3			0.9569085045751614
5334.2			0.9861383352362222
5335.1			1.0104142432449974
5336.0			1.0
5336.9			0.9943009892998229
5337.8			0.9843382284094959
5338.7			0.9447777497645344
5339.6			0.8696175196700737
5340.5			0.8185883457838746
5341.4			0.8501064392833795
5342.3			0.9300056967061707
5343.2			0.9867676924799754
5344.1			0.9974229720138154
5345.0			1.0
5345.9			1.0
5346.8			1.0
5347.7			1.0
5348.6			1.0
5349.5			1.0
5350.4			1.0
5351.3			1.0
5352.2			1.0
5353.1			1.0
5354.0			1.0
5354.9			1.0
5355.8			1.0
5356.7			1.0
5357.6			1.0
5358.5			1.0
5359.4			1.0
5360.3			1.0
5361.2			1.0
5362.1			1.0
5363.0			0.9863124958338364
5363.9			0.9616201646990189
5364.8			0.927698914973725
5365.7			0.9127199330972733
5366.6			0.9157541260957421
5367.5			0.9161301055762684
5368.4			0.9019422360073069
5369.3			0.8466417574443771
5370.2			0.7533608933122533
5371.1			0.6907457081184754
5372.0			0.7232909683845218
5372.9			0.8300183569765573
5373.8			0.9313380865972403
5374.7			0.9887751341920916
5375.6			1.005768642838459
5376.5			0.9959811182828313
5377.4			0.9873147276466455
5378.3			0.9927623102115024
5379.2			1.0
5380.1			1.0009695728569306
5381.0			0.9895432063418463
5381.9			0.9578807525216338
5382.8			0.9173536946001896
5383.7			0.9124526614636688
5384.6			0.9535874855505377
5385.5			0.9948055602467484
5386.4			1.006853643801495
5387.3			1.0015629108211193
5388.2			1.0
5389.1			1.0
5390.0			1.0
5390.9			1.0
5391.8			1.0
5392.7			1.0
5393.6			1.0
5394.5			1.0
5395.4			1.0
5396.3			0.9341435340983442
5397.2			0.8849201471922589
5398.1			0.9204981450207561
5399.0			0.9929891315238788
5399.9			1.0299625287819085
5400.8			1.0412951191127875
5401.7			1.0540923252264618
5402.6			1.0358378090931635
5403.5			0.9532765967648276
5404.4			0.8429892124969296
5405.3			0.778129626803778
5406.2			0.8016679622001893
5407.1			0.8865728232039031
5408.0			0.9475534958613457
5408.9			0.9317719485105214
5409.8			0.8872866831770472
5410.7			0.8949074863163097
5411.6			0.9585909725172173
5412.5			1.0190300455325714
5413.4			1.0307010853695848
5414.3			0.9992168313912186
5415.2			1.0
5416.1			1.0
5417.0			1.0
5417.9			1.0
5418.8			1.0
5419.7			1.0
5420.6			0.9834666519782612
5421.5			0.9890993603357242
5422.4			0.9822289881057447
5423.3			0.9382813475563955
5424.2			0.9053351135383781
5425.1			0.9318595311036763
5426.0			0.9885347827486325
5426.9			1.0164274463359873
5427.8			0.9751543697365782
5428.7			0.8745032355369148
5429.6			0.8013466030848618
5430.5			0.8246753903561514
5431.4			0.8880076066143571
5432.3			0.9017620805788668
5433.2			0.8610651136060651
5434.1			0.8162944349001688
5435.0			0.8130342336739497
5435.9			0.8570042591649176
5436.8			0.9168366381320979
5437.7			0.9668891257433583
5438.6			0.9998105613471107
5439.5			1.0
5440.4			1.0
5441.3			1.0
5442.2			0.9955986196511984
5443.1			0.9839798811207615
5444.0			0.9461853496341311
5444.9			0.8760994540224252
5445.8			0.7930837984036764
5446.7			0.7497590149047102
5447.6			0.7945419090146177
5448.5			0.8939690998410619
5449.4			0.971976356719969
5450.3			1.0004482411372069
5451.2			1.0
5452.1			0.9894313438511654
5453.0			0.9659076842920198
5453.9			0.9084811499469095
5454.8			0.8291406217994491
5455.7			0.7971804187032095
5456.6			0.8527343988462351
5457.5			0.9403682989808432
5458.4			0.9935778708571869
5459.3			0.9999456360242557
5460.2			1.0
5461.1			1.0
5462.0			1.0
5462.9			1.0
5463.8			1.00984773502573
5464.7			1.0555253568943537
5465.6			1.0839051269332793
5466.5			1.0889549681380182
5467.4			1.0986646712115538
5468.3			1.1101575214242199
5469.2			1.099185142167686
5470.1			1.073613861849065
5471.0			1.063585880475622
5471.9			1.0655239505603458
5472.8			1.0513915694623104
5473.7			1.0299856167216468
5474.6			1.010432527755276
5475.5			0.9655738661097025
5476.4			0.9077729770163963
5477.3			0.9073515949739429
5478.2			0.97389789575773
5479.1			1.0290986196491259
5480.0			1.019538096016573
5480.9			0.9753772578875953
5481.8			0.9592325549728529
5482.7			0.9856638432941088
5483.6			1.0281388855197588
5484.5			1.0644420701874406
5485.4			1.0729630217936852
5486.3			1.0415009954517438
5487.2			0.9958206161968339
5488.1			0.9816656155797457
5489.0			1.0019105470382215
5489.9			1.0
5490.8			1.0
5491.7			1.0
5492.6			1.0
5493.5			1.0
5494.4			1.0
5495.3			1.0
5496.2			1.0
5497.1			1.0
5498.0			1.0
5498.9			1.0
5499.8			1.0
5500.7			1.0
5501.6			1.0
5502.5			1.0
5503.4			1.0
5504.3			1.0
5505.2			1.0
5506.1			1.0
5507.0			1.0
5507.9			1.0395128095502362
5508.8			1.0681979981813325
5509.7			1.062076301810872
5510.6			1.0298129174140345
5511.5			0.9777116063486173
5512.4			0.9288790339845503
5513.3			0.9139001542757476
5514.2			0.9316152918087602
5515.1			0.9557695787849978
5516.0			0.9721581714700969
5516.9			0.9852123738734313
5517.8			0.9993901796489983
5518.7			1.0067020024976703
5519.6			1.0
5520.5			1.0
5521.4			1.0
5522.3			1.0
5523.2			1.0
5524.1			1.0
5525.0			0.9908414207599274
5525.9			0.9673072195560488
5526.8			0.918503932426282
5527.7			0.8588844662384266
5528.6			0.8469939346259697
5529.5			0.9038777160314995
5530.4			0.9715621868605918
5531.3			0.9994169216025001
5532.2			0.9990568789986745
5533.1			1.0
5534.0			1.0
5534.9			1.0
5535.8			1.0
5536.7			1.0
5537.6			1.0
5538.5			1.0
5539.4			1.0
5540.3			1.0
5541.2			1.0
5542.1			1.0
5543.0			1.0
5543.9			1.0
5544.8			1.0
5545.7			1.0
5546.6			1.0
5547.5			1.0
5548.4			1.0
5549.3			1.0
5550.200000000001			1.0
5551.1			1.0
5552.0			1.0
5552.9			1.0
5553.8			1.0
5554.700000000001			1.0
5555.6			1.0
5556.5			1.0
5557.4			1.0
5558.3			1.0
5559.200000000001			1.008684805878496
5560.1			1.0141871168666996
5561.0			1.0111928468281928
5561.9			0.9964420470453934
5562.8			0.984314560503403
5563.700000000001			0.9906741593627554
5564.6			0.997955130471629
5565.5			0.9936681811265091
5566.4			0.9954638925519467
5567.3			1.0050218748297992
5568.200000000001			0.9971055070223119
5569.1			0.9794757774500369
5570.0			0.9916267318134697
5570.9			1.012588999773536
5571.8			0.9896299307813115
5572.700000000001			0.9669239866052326
5573.6			1.0088440012170827
5574.5			1.0684694515539193
5575.4			1.0
5576.3			1.0031750851042636
5577.200000000001			1.0226374219425065
5578.1			1.0387959639277833
5579.0			1.0461652788694191
5579.9			1.0505413723371015
5580.8			1.0385251801748243
5581.700000000001			1.0204457515295318
5582.6			1.0245969762462723
5583.5			1.0369316714698966
5584.4			1.01618848560373
5585.3			0.9469740255510585
5586.200000000001			0.8618514426331603
5587.1			0.814126365485852
5588.0			0.8190333287855418
5588.9			0.8599177041797743
5589.8			0.9253440232343244
5590.700000000001			0.9892318412730461
5591.6			1.0189703367930159
5592.5			1.00742893739582
5593.4			0.9730221913029679
5594.3			0.9629425091688324
5595.200000000001			1.0
5596.1			1.0398833077271308
5597.0			1.0198473841538143
5597.9			0.965498690136589
5598.8			0.9392020629406296
5599.700000000001			0.9404430803388736
5600.6			0.924654770845366
5601.5			0.8892611120574445
5602.4			0.8723332973389801
5603.3			0.9036649444288645
5604.200000000001			0.9661681339103967
5605.1			1.011309010306419
5606.0			1.021455880813258
5606.9			1.0134327271893835
5607.8			1.0029347035859268
5608.700000000001			0.9950694315780115
5609.6			1.0
5610.5			1.0
5611.4			1.007866721263857
5612.3			1.0088177444814173
5613.200000000001			0.9757293639909734
5614.1			0.8857738371585276
5615.0			0.7919787828067967
5615.9			0.7881283300232756
5616.8			0.8693914123050421
5617.700000000001			0.9447924617625832
5618.6			0.973705554602901
5619.5			0.9830617218540374
5620.4			1.0
5621.3			1.0139488719004848
5622.200000000001			1.0068150869497423
5623.1			0.9579677357885966
5624.0			0.8980414121698036
5624.9			0.8893286793127119
5625.8			0.9323518464390667
5626.700000000001			0.971588700626128
5627.6			0.9867415607280616
5628.5			0.9981088683051779
5629.4			1.0
5630.3			1.0
5631.200000000001			1.0
5632.1			1.0
5633.0			1.0
5633.9			1.0
5634.8			1.0
5635.700000000001			1.0
5636.6			1.0
5637.5			1.0
5638.4			1.0
5639.3			1.0
5640.200000000001			1.0
5641.1			1.0
5642.0			1.0
5642.9			1.0
5643.8			1.0
5644.700000000001			1.0
5645.6			1.0
5646.5			1.0
5647.4			1.0
5648.3			0.9888722597357088
5649.200000000001			0.9765022036619562
5650.1			0.9773136234098988
5651.0			0.9929766068499261
5651.9			1.0080250371183108
5652.8			1.005561213824278
5653.700000000001			0.9845896796489544
5654.6			0.9662686056121376
5655.5			0.9736218935689255
5656.4			0.9781919928911934
5657.3			0.9339938204201088
5658.200000000001			0.8783219810812689
5659.1			0.8865749641419671
5660.0			0.9393513254382543
5660.9			0.9576750399878802
5661.8			0.9357477288584386
5662.700000000001			0.9315818427090817
5663.6			0.964999938654313
5664.5			1.0050720857109952
5665.4			1.0224777306832726
5666.3			1.012087407809206
5667.200000000001			0.9976298243439997
5668.1			0.9995917884507691
5669.0			1.0
5669.9			1.0
5670.8			1.0
5671.700000000001			1.0
5672.6			1.0
5673.5			1.0
5674.4			1.0
5675.3			1.0
5676.200000000001			1.0
5677.1			1.0
5678.0			1.0
5678.9			0.9876819496291853
5679.8			0.98794563216401
5680.700000000001			0.9813782294762845
5681.6			0.9508933693500734
5682.5			0.9298157617704552
5683.4			0.945925634820043
5684.3			0.970537413281491
5685.200000000001			0.9700361412432832
5686.1			0.945025675205532
5687.0			0.918154677256253
5687.9			0.9121076199883412
5688.8			0.9328498429479809
5689.700000000001			0.9642042705760073
5690.6			1.0
5691.5			1.00870978714773
5692.4			1.012885336730649
5693.3			1.0089581925432378
5694.200000000001			1.0045888213715894
5695.1			1.012404859010214
5696.0			1.0264099983257875
5696.9			1.0179937272564439
5697.8			0.9852227862210736
5698.700000000001			0.9676288745155462
5699.6			0.9708937912432595
5700.5			0.9633082319999704
5701.4			0.9486006323121373
5702.3			0.9539464371343698
5703.200000000001			0.976080770091967
5704.1			0.9868103654493305
5705.0			0.9695802742608743
5705.9			0.9406407277558364
5706.8			0.9224573331478078
5707.700000000001			0.9068285953929439
5708.6			0.8842011171830986
5709.5			0.8708934337602404
5710.4			0.8730294801987157
5711.3			0.8828519631040112
5712.200000000001			0.9150130098211016
5713.1			0.9616203376255142
5714.0			0.9898415919281862
5714.9			0.9985885195481622
5715.8			1.0025198789771428
5716.700000000001			1.0027533544926823
5717.6			1.002476011518499
5718.5			1.0138795681398631
5719.4			1.0282058835789358
5720.3			1.0352448686143667
5721.200000000001			1.04334582058332
5722.1			1.0535623877009987
5723.0			1.057629724162834
5723.9			1.054795331476956
5724.8			1.0458636028191084
5725.700000000001			1.0263375399213317
5726.6			1.0023770909562224
5727.5			1.0004448718528254
5728.4			1.0
5729.3			1.0
5730.200000000001			1.0
5731.1			1.0
5732.0			1.0
5732.9			1.0
5733.8			1.0
5734.700000000001			1.0
5735.6			1.0
5736.5			1.0
5737.4			1.0
5738.3			1.0
5739.200000000001			1.0
5740.1			1.0
5741.0			1.0
5741.9			1.0
5742.8			1.0
5743.700000000001			1.0
5744.6			1.0
5745.5			1.0
5746.4			1.0
5747.3			1.0
5748.200000000001			1.0
5749.1			1.0102311754831763
5750.0			1.01938493301431
5750.9			1.0064482775580015
5751.8			0.9698093712431669
5752.700000000001			0.9327728755553554
5753.6			0.9195096094734548
5754.5			0.9372865279226708
5755.4			0.9719263241556576
5756.3			0.9959907840104895
5757.200000000001			1.0032051670223698
5758.1			1.0003521076286992
5759.0			1.0
5759.9			1.0
5760.8			1.0
5761.700000000001			1.0
5762.6			1.0
5763.5			1.0
5764.4			1.0
5765.3			1.0
5766.200000000001			1.0
5767.1			1.0
5768.0			1.0
5768.9			1.0
5769.8			1.0
5770.700000000001			1.0
5771.6			0.9900065899812998
5772.5			0.9878666670178047
5773.4			0.9859047042845953
5774.3			0.9788788324542069
5775.200000000001			0.980220275288655
5776.1			0.993448807667425
5777.0			1.0050842087138347
5777.9			1.0070475960560794
5778.8			0.9938856261145761
5779.700000000001			0.9595241497850363
5780.6			0.9165045184171992
5781.5			0.8969791284750243
5782.4			0.9064528762516486
5783.3			0.9146241576178361
5784.200000000001			0.9041272675362559
5785.1			0.8960127767504908
5786.0			0.9168963083465941
5786.9			0.9513842099678552
5787.8			0.9720728333823574
5788.700000000001			0.9829374350564245
5789.6			0.9816471029675115
5790.5			0.9674822162133031
5791.4			0.9664639231315894
5792.3			0.9839098015925064
5793.200000000001			1.0033555347912084
5794.1			1.018687885969679
5795.0			1.028710232636629
5795.9			1.0255223877357689
5796.8			1.0076376665402333
5797.700000000001			0.9930941470958723
5798.6			0.9994264652373911
5799.5			1.0
5800.4			1.0
5801.3			1.0
5802.200000000001			1.0
5803.1			1.0
5804.0			1.0
5804.9			1.0
5805.8			1.0
5806.700000000001			1.0
5807.6			1.0
5808.5			1.0
5809.4			1.0
5810.3			1.0
5811.200000000001			1.0
5812.1			1.0
5813.0			1.0
5813.9			1.0
5814.8			1.0
5815.700000000001			1.0
5816.6			1.0
5817.5			1.0
5818.4			1.0
5819.3			1.0
5820.200000000001			1.0
5821.1			1.0
5822.0			1.0
5822.9			1.0
5823.8			1.0
5824.700000000001			1.0
5825.6			1.0
5826.5			1.0
5827.4			1.0
5828.3			1.0
5829.200000000001			1.0
5830.1			1.0
5831.0			1.0
5831.9			1.0
5832.8			1.0
5833.700000000001			1.0
5834.6			1.0
5835.5			1.0
5836.4			1.0
5837.3			1.0
5838.200000000001			1.0
5839.1			1.0
5840.0			1.0
5840.9			1.0
5841.8			1.0
5842.700000000001			1.0
5843.6			1.0
5844.5			1.0
5845.4			1.0
5846.3			0.9898221126545578
5847.200000000001			0.9813364562001671
5848.1			0.9833325883864509
5849.0			0.9938468256543075
5849.9			1.0027590597789624
5850.8			1.0006483506549164
5851.700000000001			0.9885942468948982
5852.6			0.9744338941474284
5853.5			0.9714062349201908
5854.4			0.977785718054011
5855.3			0.9685592899416104
5856.200000000001			0.9288924657557948
5857.1			0.8879024297452774
5858.0			0.8896464803804213
5858.9			0.9307605473956341
5859.8			0.9714654433497664
5860.700000000001			0.9887772914637825
5861.6			0.9840548607493234
5862.5			0.9791663967306589
5863.4			0.9926590855516074
5864.3			1.008635439761901
5865.200000000001			1.00456420718719
5866.1			0.9848193152644247
5867.0			0.9786379090639902
5867.9			0.9999233189555574
5868.8			1.0
5869.700000000001			1.0
5870.6			1.0
5871.5			1.0
5872.4			1.0
5873.3			1.0
5874.200000000001			1.0
5875.1			1.0
5876.0			1.0
5876.9			1.0
5877.8			1.0
5878.700000000001			1.0
5879.6			0.9861264020116812
5880.5			0.9788024749140105
5881.4			0.9833242479577535
5882.3			0.9833747953796808
5883.200000000001			0.9700119591061092
5884.1			0.9571589607348093
5885.0			0.955335843087554
5885.9			0.9486694740810807
5886.8			0.9068211383752738
5887.700000000001			0.8039532147136365
5888.6			0.6464429639480801
5889.5			0.5171802178625543
5890.4			0.516636943926265
5891.3			0.6312271199365111
5892.200000000001			0.7540396588492622
5893.1			0.8081867047126332
5894.0			0.7698133522436055
5894.9			0.6598285523243455
5895.8			0.5849079328138161
5896.700000000001			0.642951885339753
5897.6			0.7827216610907926
5898.5			0.8916270003425045
5899.4			0.9450199208661896
5900.3			0.9770157477745617
5901.200000000001			0.9990148116292521
5902.1			1.0
5903.0			1.0
5903.9			1.0
5904.8			1.0
5905.700000000001			1.0
5906.6			1.0
5907.5			1.0
5908.4			1.0
5909.3			1.0
5910.200000000001			1.0
5911.1			1.0
5912.0			1.0
5912.9			1.0
5913.8			1.0
5914.700000000001			1.0
5915.6			1.0
5916.5			1.0
5917.4			1.0
5918.3			1.0
5919.200000000001			1.0
5920.1			1.0
5921.0			1.0
5921.9			1.0
5922.8			1.0
5923.700000000001			1.0
5924.6			1.0
5925.5			1.0
5926.4			1.0
5927.3			1.0
5928.200000000001			1.0
5929.1			1.0
5930.0			1.0
5930.9			1.0
5931.8			1.0
5932.700000000001			1.0
5933.6			1.0
5934.5			1.0
5935.4			1.0
5936.3			1.0
5937.200000000001			1.0
5938.1			1.0
5939.0			1.0
5939.9			1.0
5940.8			1.0
5941.700000000001			1.0
5942.6			1.0
5943.5			1.0
5944.4			1.0
5945.3			1.0
5946.200000000001			1.0
5947.1			1.0
5948.0			1.0
5948.9			1.0
5949.8			1.0
5950.700000000001			1.0
5951.6			1.0
5952.5			1.0
5953.4			1.0
5954.3			1.0
5955.200000000001			1.0
5956.1			1.0
5957.0			1.0
5957.9			1.0
5958.8			1.0
5959.700000000001			1.0
5960.6			1.0
5961.5			1.0
5962.4			1.0
5963.3			1.0
5964.200000000001			1.0
5965.1			1.0
5966.0			1.0
5966.9			1.0
5967.8			1.0
5968.700000000001			1.0
5969.6			1.0
5970.5			1.0
5971.4			1.0
5972.3			1.0
5973.200000000001			1.0
5974.1			1.0
5975.0			1.0
5975.9			1.0
5976.8			1.0
5977.700000000001			1.0
5978.6			1.0
5979.5			1.0
5980.4			1.0
5981.3			1.0
5982.200000000001			1.0
5983.1			1.0
5984.0			1.0
5984.9			1.0
5985.8			1.0
5986.700000000001			1.0
5987.6			1.0
5988.5			1.0
5989.4			1.0
5990.3			1.0
5991.200000000001			1.0
5992.1			1.0
5993.0			1.0
5993.9			1.0
5994.8			1.0
5995.700000000001			1.0
5996.6			1.0
5997.5			1.0
5998.4			1.0
5999.3			1.0
6000.200000000001			1.0
6001.1			1.0
6002.0			1.0
6002.9			1.0
6003.8			1.0
6004.700000000001			1.0
6005.6			1.0
6006.5			0.9789942612470983
6007.4			0.9459874411283811
6008.3			0.9324514884200615
6009.200000000001			0.9583239321562715
6010.1			0.9959775032448933
6011.0			1.007475049905344
6011.9			0.9862014715071893
6012.8			0.9584966056715597
6013.700000000001			0.9541491074105586
6014.6			0.9658382465955277
6015.5			0.9641801501978817
6016.4			0.9534740083467184
6017.3			0.9598466451058316
6018.200000000001			0.9710445130551631
6019.1			0.9581749627469002
6020.0			0.9301119925446568
6020.9			0.9162648758518422
6021.8			0.9186876284063908
6022.700000000001			0.9238327297966833
6023.6			0.927549710688124
6024.5			0.9421334591554411
6025.4			0.9651996186542825
6026.3			0.9765789266960981
6027.200000000001			0.9805039728848159
6028.1			0.9895749774555059
6029.0			0.998730444948256
6029.9			1.0005304745510673
6030.8			1.000179761816915
6031.700000000001			1.0021740284422505
6032.6			1.00225149780455
6033.5			1.0005211688449462
6034.4			0.9993820852463662
6035.3			1.0001820697418506
6036.200000000001			1.0
6037.1			1.0
6038.0			1.0
6038.9			1.0
6039.8			1.0
6040.700000000001			1.0
6041.6			1.0
6042.5			1.0
6043.4			1.0
6044.3			1.0
6045.200000000001			1.0
6046.1			1.0
6047.0			1.0
6047.9			1.0
6048.8			1.0
6049.700000000001			1.0
6050.6			1.0
6051.5			1.0
6052.4			1.0
6053.3			1.0
6054.200000000001			1.0
6055.1			1.0
6056.0			1.0
6056.9			1.0
6057.8			1.0
6058.700000000001			1.0
6059.6			1.0
6060.5			1.00004198714266
6061.4			0.991619561106949
6062.3			0.9786640473586412
6063.200000000001			0.9620765781880515
6064.1			0.9353695934935009
6065.0			0.9127000219027565
6065.9			0.9232395002191707
6066.8			0.9614093664219904
6067.700000000001			0.9926303059015098
6068.6			1.0012602528155374
6069.5			0.9999983401185519
6070.4			1.0
6071.3			1.0
6072.200000000001			1.0
6073.1			1.0
6074.0			1.0
6074.9			1.0
6075.8			1.0
6076.700000000001			1.0
6077.6			1.0
6078.5			1.0
6079.4			1.0
6080.3			1.0
6081.200000000001			1.0
6082.1			1.0
6083.0			1.0
6083.9			1.0
6084.8			1.0
6085.700000000001			1.0
6086.6			1.0
6087.5			1.0
6088.4			1.0
6089.3			1.0
6090.200000000001			1.0
6091.1			1.0
6092.0			1.0
6092.9			1.0
6093.8			1.0
6094.700000000001			1.0
6095.6			1.0
6096.5			1.0
6097.4			1.0
6098.3			1.0
6099.200000000001			1.0064673628150897
6100.1			0.9934192859854274
6101.0			0.9376942976073344
6101.9			0.8569199027410009
6102.8			0.8272950829169733
6103.700000000001			0.8857920924028242
6104.6			0.9657942681719522
6105.5			1.0024128843532865
6106.4			0.9997103106850311
6107.3			1.0
6108.200000000001			1.0
6109.1			1.0
6110.0			1.0
6110.9			1.0
6111.8			1.0
6112.700000000001			1.0
6113.6			1.0
6114.5			1.0
6115.4			1.0
6116.3			1.0
6117.200000000001			1.0
6118.1			1.0004606513355576
6119.0			0.9874027111286787
6119.9			0.9544083166883041
6120.8			0.89450310651083
6121.700000000001			0.8341074148619949
6122.6			0.8373552552535254
6123.5			0.9098058737291328
6124.4			0.9782873407411363
6125.3			0.99973097172378
6126.200000000001			1.0
6127.1			1.0
6128.0			1.0
6128.9			1.0
6129.8			1.0
6130.700000000001			1.0
6131.6			1.0
6132.5			1.0
6133.4			0.9992126324681689
6134.3			0.9790977051806415
6135.200000000001			0.9260566819672185
6136.1			0.852101440769796
6137.0			0.814963464817335
6137.9			0.8618990058538792
6138.8			0.9517775948288926
6139.700000000001			1.0044341222932731
6140.6			0.997970368851552
6141.5			1.0
6142.4			1.0
6143.3			1.0
6144.200000000001			1.0
6145.1			1.0
6146.0			1.0
6146.9			1.0
6147.8			1.0
6148.700000000001			1.0
6149.6			1.0
6150.5			1.0
6151.4			1.0
6152.3			1.0
6153.200000000001			1.0
6154.1			1.0
6155.0			1.0
6155.9			1.0
6156.8			1.0
6157.700000000001			1.002326856261476
6158.6			0.9992324318079159
6159.5			0.9655370339484884
6160.4			0.8744120284053551
6161.3			0.7650992189182596
6162.200000000001			0.7267349572663605
6163.1			0.7899762287916352
6164.0			0.8922322439629766
6164.9			0.9622302290758504
6165.8			0.9897998464861371
6166.700000000001			0.999157975659002
6167.6			1.0
6168.5			1.0
6169.4			1.0
6170.3			1.0
6171.200000000001			1.0
6172.1			1.0
6173.0			1.0
6173.9			1.0
6174.8			1.0
6175.700000000001			1.0
6176.6			1.0
6177.5			1.0
6178.4			1.0
6179.3			1.0
6180.200000000001			1.0
6181.1			1.0
6182.0			1.0
6182.9			1.0
6183.8			1.0
6184.700000000001			1.0
6185.6			1.0
6186.5			0.9865351021202523
6187.4			0.9781462979786625
6188.3			0.9774337429580885
6189.200000000001			0.9681097414660018
6190.1			0.931735004489558
6191.0			0.8898836960745414
6191.9			0.8942274004286692
6192.8			0.9434207794281996
6193.700000000001			0.984918789224179
6194.6			0.9976150580178863
6195.5			0.9998785465767442
6196.4			1.0
6197.3			1.0
6198.200000000001			1.0
6199.1			1.0
6200.0			1.0
6200.9			1.0
6201.8			1.0
6202.700000000001			1.0
6203.6			1.0
6204.5			1.0
6205.4			1.0
6206.3			1.0
6207.200000000001			1.0
6208.1			1.0
6209.0			1.0
6209.9			1.0
6210.8			1.0
6211.700000000001			1.0
6212.6			1.0
6213.5			1.0
6214.4			1.0
6215.3			1.0
6216.200000000001			1.0
6217.1			1.0
6218.0			1.0
6218.9			1.0
6219.8			1.0
6220.700000000001			1.0
6221.6			1.0
6222.5			1.0
6223.4			1.0
6224.3			1.0
6225.200000000001			0.9983288496337587
6226.1			0.998626654630848
6227.0			0.9944795452416548
6227.9			0.9858953680350008
6228.8			0.9583533894883555
6229.700000000001			0.9102736232061887
6230.6			0.8764302245466206
6231.5			0.884326155717254
6232.4			0.9166921429554317
6233.3			0.9530143415073816
6234.200000000001			0.9856221713200851
6235.1			1.0014801794060617
6236.0			0.9991939277733369
6236.9			1.0
6237.8			1.0
6238.700000000001			1.0
6239.6			1.0
6240.5			1.0
6241.4			1.0
6242.3			0.9825629352029631
6243.200000000001			0.9683988991737228
6244.1			0.9707124174780827
6245.0			0.9703922112172069
6245.9			0.9635181317194158
6246.8			0.9792785230642739
6247.700000000001			1.0166217889160742
6248.6			1.0415125938439498
6249.5			1.041897757012538
6250.4			1.0173278145231721
6251.3			0.9698860088042052
6252.200000000001			0.9261434387817877
6253.1			0.9163770923823734
6254.0			0.933468129170755
6254.9			0.9495039203887727
6255.8			0.9475659218677455
6256.700000000001			0.9308489411273102
6257.6			0.9136754462559284
6258.5			0.9142822160568063
6259.4			0.9371951642485938
6260.3			0.9618908748837541
6261.200000000001			0.9806669391629106
6262.1			1.003534851653344
6263.0			1.0153824345439604
6263.9			0.9995135062272532
6264.8			1.0
6265.700000000001			1.0
6266.6			1.0
6267.5			1.0
6268.4			1.0
6269.3			1.0
6270.200000000001			1.0
6271.1			1.0
6272.0			1.0
6272.9			1.0
6273.8			1.0
6274.700000000001			1.0
6275.6			1.0
6276.5			1.0
6277.4			1.0
6278.3			1.0
6279.200000000001			1.0
6280.1			1.0
6281.0			1.0
6281.9			1.0
6282.8			1.0
6283.700000000001			1.0
6284.6			1.0
6285.5			1.0
6286.4			1.0
6287.3			1.0
6288.200000000001			1.0
6289.1			1.0
6290.0			1.0
6290.9			1.0
6291.8			1.0
6292.700000000001			1.0
6293.6			1.0069459499320228
6294.5			1.012739061090793
6295.4			1.004882097042182
6296.3			0.985522602465701
6297.200000000001			0.9732877064431172
6298.1			0.9786320762595189
6299.0			0.9857354069116367
6299.9			0.9682980899729481
6300.8			0.9271539994946184
6301.700000000001			0.9011756930955538
6302.6			0.918829995549143
6303.5			0.9602147157880057
6304.4			0.9873816706387827
6305.3			0.9972058696623465
6306.200000000001			1.0071789834594542
6307.1			1.018232634184604
6308.0			1.0205231757681763
6308.9			1.0132818892016042
6309.8			0.99969141608651
6310.700000000001			1.0
6311.6			1.0
6312.5			1.0
6313.4			1.0
6314.3			1.0
6315.200000000001			1.0
6316.1			1.0
6317.0			1.0
6317.9			1.0
6318.8			1.0
6319.700000000001			1.0
6320.6			1.0
6321.5			1.0
6322.4			1.0
6323.3			1.0
6324.200000000001			1.0
6325.1			1.0
6326.0			1.0
6326.9			1.0
6327.8			1.0
6328.700000000001			1.0
6329.6			1.0
6330.5			0.9965553071390922
6331.4			1.0101704058647234
6332.3			1.025801431990525
6333.200000000001			1.0208183829584012
6334.1			0.9862883609607641
6335.0			0.940548925767099
6335.9			0.9178180228889095
6336.8			0.9310110928518633
6337.700000000001			0.9590708520724001
6338.6			0.9792735948178071
6339.5			0.993929957638495
6340.4			1.0046977094502558
6341.3			0.9999780987460098
6342.200000000001			1.0
6343.1			1.0
6344.0			1.0
6344.9			1.0
6345.8			1.0
6346.700000000001			1.0
6347.6			1.0
6348.5			1.0
6349.4			1.0
6350.3			1.0
6351.200000000001			1.0
6352.1			1.0
6353.0			0.9903404342983676
6353.9			0.9749480035860684
6354.8			0.9653274727717962
6355.700000000001			0.9723321186853954
6356.6			0.979053281256732
6357.5			0.9647851128792349
6358.4			0.9409181828333438
6359.3			0.9295281243370558
6360.200000000001			0.9254820364102827
6361.1			0.9158809682966655
6362.0			0.9102775830503488
6362.9			0.9199393534864708
6363.8			0.9388667579081108
6364.700000000001			0.9561339315071038
6365.6			0.9683655619270528
6366.5			0.9810171181613949
6367.4			0.993983359383067
6368.3			1.0014981191979078
6369.200000000001			1.0018114689016617
6370.1			0.9993864994200986
6371.0			0.9999487831728957
6371.9			1.0
6372.8			1.0
6373.700000000001			1.0
6374.6			1.0
6375.5			1.0
6376.4			1.0
6377.3			1.0
6378.200000000001			1.0
6379.1			1.0
6380.0			1.0
6380.9			1.0
6381.8			1.0
6382.700000000001			1.0
6383.6			1.0
6384.5			1.0
6385.4			1.0
6386.3			1.0
6387.200000000001			1.0
6388.1			1.0
6389.0			1.0
6389.9			1.0
6390.8			1.0
6391.700000000001			1.0
6392.6			1.0
6393.5			1.0
6394.4			1.0
6395.3			1.0
6396.200000000001			1.017860200430932
6397.1			1.0070253507241147
6398.0			0.9645727663790852
6398.9			0.8976410637886911
6399.8			0.8582992387927232
6400.700000000001			0.8917693394511731
6401.6			0.9578338282134764
6402.5			0.9946416704848831
6403.4			1.0
6404.3			0.9961789989888669
6405.200000000001			0.9852037506954643
6406.1			0.9646713341184362
6407.0			0.9401642753054271
6407.9			0.9353621221087786
6408.8			0.9568081516176754
6409.700000000001			0.9635125413081012
6410.6			0.9361261741285479
6411.5			0.9229167059149622
6412.4			0.9554343059117802
6413.3			0.9966250998174055
6414.200000000001			1.0134942734321661
6415.1			1.0
6416.0			1.0017226349433326
6416.9			1.000805584540289
6417.8			0.992044542352232
6418.700000000001			0.9700137163381511
6419.6			0.9389417381080004
6420.5			0.9249395358505408
6421.4			0.9467644847806503
6422.3			0.9886793064424318
6423.200000000001			1.0172246618697733
6424.1			1.0217847746286577
6425.0			1.019538945838543
6425.9			1.0222629216010073
6426.8			1.0264122419827897
6427.700000000001			1.02484299708855
6428.6			1.0085478607820375
6429.5			0.9736909032446224
6430.4			0.9438509317403383
6431.3			0.9515973191820841
6432.200000000001			0.9869045660480368
6433.1			1.0146805193263853
6434.0			1.0257112051960848
6434.9			1.0256699205289888
6435.8			1.0182969532346886
6436.700000000001			0.9948319692856304
6437.6			0.9416068838558759
6438.5			0.8925315998404777
6439.4			0.9063003550882435
6440.3			0.9695789022102193
6441.200000000001			1.0188525844447212
6442.1			1.0344227571216413
6443.0			1.035744413790085
6443.9			1.0369382985764342
6444.8			1.0
6445.700000000001			0.9997179170254791
6446.6			0.9945553850650556
6447.5			0.969952335232512
6448.4			0.9172078854013762
6449.3			0.8719545843027013
6450.200000000001			0.8826534436077691
6451.1			0.9335552175045133
6452.0			0.9737326606336983
6452.9			0.9860530452294554
6453.8			0.9775217073111897
6454.700000000001			0.9594712612967817
6455.6			0.9523976835530635
6456.5			0.9678795101237401
6457.4			0.9905924721892454
6458.3			1.0023531703222046
6459.200000000001			0.999818979469493
6460.1			0.976762095403325
6461.0			0.9240604641626193
6461.9			0.8692403353215314
6462.8			0.8685384231266569
6463.700000000001			0.9200907252640281
6464.6			0.9686553149114936
6465.5			0.9928289688663284
6466.4			1.0004034081046351
6467.3			0.9948242659116908
6468.200000000001			0.9803618136799425
6469.1			0.9664419852468686
6470.0			0.9538698844916709
6470.9			0.9416026571477896
6471.8			0.9463024009166422
6472.700000000001			0.9683837237407297
6473.6			0.9787787516800799
6474.5			0.9706185217035947
6475.4			0.9664709588556202
6476.3			0.9787463546052829
6477.200000000001			0.9959930251930363
6478.1			1.003723751189454
6479.0			1.002297887379109
6479.9			0.9924028385214367
6480.8			0.9720669233538467
6481.700000000001			0.9548805761659673
6482.6			0.9564356834888402
6483.5			0.9725905842915958
6484.4			0.9885218895901661
6485.3			0.9972569107479181
6486.200000000001			0.9998029627781635
6487.1			1.001014761222248
6488.0			1.004417770818646
6488.9			1.0040895904432365
6489.8			0.9955089977847619
6490.700000000001			0.9826312456937077
6491.6			0.9581236329846036
6492.5			0.9029221088290603
6493.4			0.8275101724732709
6494.3			0.7810512836844044
6495.200000000001			0.7924606395856066
6496.1			0.8402764177479608
6497.0			0.8876223095500355
6497.9			0.9098334916449349
6498.8			0.9137894724122743
6499.700000000001			0.929556691678075
6500.6			0.9582458853322325
6501.5			0.9793970277765727
6502.4			0.9880083461779824
6503.3			0.990529266896978
6504.200000000001			0.9949143254882052
6505.1			1.003284275004584
6506.0			1.0
6506.9			0.9947022417288555
6507.8			0.9838974205036486
6508.700000000001			0.9808468673905636
6509.6			0.989399243253245
6510.5			0.9988472859499772
6511.4			0.9996776534326848
6512.3			0.9960166683524238
6513.200000000001			0.9934648774919631
6514.1			0.9900587881631046
6515.0			0.9829575024501565
6515.9			0.9729391939859441
6516.8			0.9628334884083392
6517.700000000001			0.9578230272361069
6518.6			0.9642243760574718
6519.5			0.980418485966784
6520.4			0.9937723866724266
6521.3			0.997442170728452
6522.200000000001			0.9951450568354187
6523.1			0.9930515895489745
6524.0			0.9957130757706243
6524.9			0.9968379658673413
6525.8			0.9911378822810806
6526.700000000001			0.9863402394443057
6527.6			0.9886496026113661
6528.5			0.993541260330763
6529.4			0.9952552134283161
6530.3			0.9923994460721691
6531.200000000001			0.9854937230704129
6532.1			0.9774466259843573
6533.0			0.9742234367619902
6533.9			0.9809914511333304
6534.8			0.9951881721789393
6535.700000000001			1.0051194919678343
6536.6			1.0039031061997652
6537.5			0.9993849654364364
6538.4			1.001728233503158
6539.3			1.0095962817275026
6540.200000000001			1.0131418083060897
6541.1			1.0074960551727623
6542.0			0.999081317652443
6542.9			0.9928191674728606
6543.8			0.9831010670891136
6544.700000000001			0.9610940391025619
6545.6			0.9382831172962771
6546.5			0.9398986559819633
6547.4			0.9649470449333197
6548.3			0.9892869673312885
6549.200000000001			1.0006871053363713
6550.1			1.0004467745998438
6551.0			0.9948539601188683
6551.9			0.9872827404092043
6552.8			0.9747340589061634
6553.700000000001			0.9570965739219962
6554.6			0.9417682855197848
6555.5			0.9382753224010397
6556.4			0.9484820638909691
6557.3			0.9629334775652665
6558.200000000001			0.96922090105637
6559.1			0.9594693857161948
6560.0			0.9185393878931208
6560.9			0.8263161043581431
6561.8			0.718737726746236
6562.700000000001			0.6908944441994653
6563.6			0.7738395542261751
6564.5			0.8876451887094168
6565.4			0.9589449079115421
6566.3			0.9846948726438461
6567.200000000001			0.9822065878238456
6568.1			0.9658111448660193
6569.0			0.9580472685126485
6569.9			0.9665731215436122
6570.8			0.9724356695038286
6571.700000000001			0.9624457418324781
6572.6			0.9463164166265451
6573.5			0.9383122446510549
6574.4			0.9449837659520213
6575.3			0.9682665816848782
6576.200000000001			0.9961512790603791
6577.1			1.0110848433985327
6578.0			1.0113303874627668
6578.9			1.0043551370687624
6579.8			0.9953956238629924
6580.700000000001			0.9921503110899965
6581.6			0.9974238264814672
6582.5			1.0042845224566417
6583.4			1.0064905548546699
6584.3			1.0036567152208078
6585.200000000001			0.9978403781506505
6586.1			0.9954141154572134
6587.0			1.0029691723389815
6587.9			1.0163586382442826
6588.8			1.0261783636659065
6589.700000000001			1.025013033473972
6590.6			1.0020762390606277
6591.5			0.9553474571259797
6592.4			0.9144497207051888
6593.3			0.9185333081261716
6594.200000000001			0.9620806717452134
6595.1			1.0005721069268871
6596.0			1.0091792519947418
6596.9			0.9979427517575713
6597.8			0.9882439273457135
6598.700000000001			0.9923110711021152
6599.6			1.0073048387300667
6600.5			1.0206781331005923
6601.4			1.0250268194146113
6602.3			1.0224234058733657
6603.200000000001			1.0163537741947677
6604.1			1.0085940598601029
6605.0			1.003778072134159
6605.9			1.0014646930048405
6606.8			0.9927963152047151
6607.700000000001			0.9757746190291136
6608.6			0.965375381881473
6609.5			0.9765837512775501
6610.4			1.0003204693370829
6611.3			1.0138819139074093
6612.200000000001			1.01244541839468
6613.1			1.010642754439903
6614.0			1.0173396729494746
6614.9			1.0248182608912078
6615.8			1.024781913659761
6616.700000000001			1.0214996017246072
6617.6			1.0213011712122997
6618.5			1.025017272974605
6619.4			1.0284570365768357
6620.3			1.028649964454615
6621.200000000001			1.0268851258739236
6622.1			1.0229870410510777
6623.0			1.0154084678555964
6623.9			1.0072672574672734
6624.8			1.0074173108825537
6625.700000000001			1.0155842633600132
6626.6			1.0203296439837384
6627.5			1.0167060941076198
6628.4			1.010816204484094
6629.3			1.0065942009141913
6630.200000000001			1.004017772132206
6631.1			0.9964387286588725
6632.0			0.9766940154698189
6632.9			0.9550668177184543
6633.8			0.9564076009342479
6634.700000000001			0.9832557707595895
6635.6			1.0106974009852676
6636.5			1.0235033271335334
6637.4			1.0250127695392233
6638.3			1.0201461894269157
6639.200000000001			1.0139412966398909
6640.1			1.0131139794297948
6641.0			1.0127573057955244
6641.9			1.0010883341379428
6642.8			0.9863681988816978
6643.700000000001			0.9878992281855792
6644.6			1.0046938716647273
6645.5			1.0175705349096478
6646.4			1.020675585067251
6647.3			1.0227637813069765
6648.200000000001			1.0270007612583663
6649.1			1.0290150233614739
6650.0			1.0294962459723962
6650.9			1.0317299395391966
6651.8			1.0336916306295412
6652.700000000001			1.0324104175603606
6653.6			1.030291347868582
6654.5			1.0311626553453261
6655.4			1.0324893936050854
6656.3			1.032007632632691
6657.200000000001			1.032582660691786
6658.1			1.0361101769359224
6659.0			1.0378018970979594
6659.9			1.031490312338236
6660.8			1.0183563465414336
6661.700000000001			1.0002517416511723
6662.6			0.9835651337907367
6663.5			0.9845384901985311
6664.4			1.0020953131773116
6665.3			1.0133450305246205
6666.200000000001			1.0121564645735346
6667.1			1.0114555404001757
6668.0			1.0194910491806746
6668.9			1.0309594948015905
6669.8			1.038357947293224
6670.700000000001			1.0398454133966912
6671.6			1.0387012312050579
6672.5			1.0373190004006623
6673.4			1.0368669913675812
6674.3			1.037453601735898
6675.200000000001			1.031210172042548
6676.1			1.0022856853244715
6677.0			0.9606502479412754
6677.9			0.9476721071797278
6678.8			0.9792543299305821
6679.700000000001			1.0192729945517243
6680.6			1.0392972923815238
6681.5			1.045058707730607
6682.4			1.0477728206960828
6683.3			1.050123019195073
6684.200000000001			1.050638763031582
6685.1			1.0485057646204157
6686.0			1.0460290682675943
6686.9			1.0436584236843283
6687.8			1.0420417027305913
6688.700000000001			1.041363369627473
6689.6			1.0395105601081336
6690.5			1.0371891722101094
6691.4			1.0356557464130272
6692.3			1.0370883532270432
6693.200000000001			1.0381339789825588
6694.1			1.0295934340465671
6695.0			1.011714060266278
6695.9			1.0001537793438253
6696.8			1.0
6697.700000000001			1.0
6698.6			1.0
6699.5			1.0
6700.4			1.0
6701.3			1.0
6702.200000000001			1.0
6703.1			1.0
6704.0			1.0
6704.9			1.0
6705.8			1.0
6706.700000000001			1.0
6707.6			1.0
6708.5			1.0
6709.4			1.0
6710.3			1.0
6711.200000000001			1.0
6712.1			1.0
6713.0			1.0
6713.9			1.0
6714.8			1.0
6715.700000000001			1.0
6716.6			1.0
6717.5			1.0
6718.4			1.0
6719.3			1.0
6720.200000000001			1.0
6721.1			1.0
6722.0			1.0
6722.9			1.0
6723.8			1.0
6724.700000000001			1.0
6725.6			1.0
6726.5			1.0
6727.4			1.0
6728.3			1.0
6729.200000000001			1.0
6730.1			1.0
6731.0			1.0
6731.9			1.0
6732.8			1.0
6733.700000000001			1.0
6734.6			1.0
6735.5			1.0
6736.4			1.0
6737.3			1.0
6738.200000000001			1.0
6739.1			1.0
6740.0			1.0
6740.9			1.0
6741.8			1.0
6742.700000000001			1.0
6743.6			1.0
6744.5			1.0
6745.4			1.0
6746.3			1.0
6747.200000000001			1.0
6748.1			1.0
6749.0			1.0
6749.9			1.0
6750.8			1.0
6751.700000000001			1.0
6752.6			1.0
6753.5			1.0
6754.4			1.0
6755.3			1.0
6756.200000000001			1.0
6757.1			1.0
6758.0			1.0
6758.9			1.0
6759.8			1.0
6760.700000000001			1.0
6761.6			1.0
6762.5			1.0
6763.4			1.0
6764.3			1.0
6765.200000000001			1.0
6766.1			1.0
6767.0			1.0
6767.9			1.0
6768.8			1.0
6769.700000000001			1.0
6770.6			1.0
6771.5			1.0
6772.4			1.0
6773.3			1.0
6774.200000000001			1.0
6775.1			1.0
6776.0			1.0
6776.9			1.0
6777.8			1.0
6778.700000000001			1.0
6779.6			1.0
6780.5			1.0
6781.4			1.0
6782.3			1.0
6783.200000000001			1.0
6784.1			1.0
6785.0			1.0
6785.9			1.0
6786.8			1.0
6787.700000000001			1.0
6788.6			1.0
6789.5			1.0
6790.4			1.0
6791.3			1.0
6792.200000000001			1.0
6793.1			1.0
6794.0			1.0
6794.9			1.0
6795.8			1.0
6796.700000000001			1.0
6797.6			1.0
6798.5			1.0
6799.4			1.0
6800.3			1.0
6801.200000000001			1.0
6802.1			1.0
6803.0			1.0
6803.9			1.0
6804.8			1.0
6805.700000000001			1.0
6806.6			1.0
6807.5			1.0
6808.4			1.0
6809.3			1.0
6810.200000000001			1.0
6811.1			1.0
6812.0			1.0
6812.9			1.0
6813.8			1.0
6814.700000000001			1.0
6815.6			1.0
6816.5			1.0
6817.4			1.0
6818.3			1.0
6819.200000000001			1.0
6820.1			1.0
6821.0			1.0
6821.9			1.0
6822.8			1.0
6823.700000000001			1.0
6824.6			1.0
6825.5			1.0
6826.4			1.0
6827.3			1.0
6828.200000000001			1.0
6829.1			1.0
6830.0			1.0
6830.9			1.0
6831.8			1.0
6832.700000000001			1.0
6833.6			1.0
6834.5			1.0
6835.4			1.0
6836.3			1.0
6837.200000000001			1.0
6838.1			1.0
6839.0			1.0
6839.9			1.0
6840.8			1.0
6841.700000000001			1.0
6842.6			1.0
6843.5			1.0
6844.4			1.0
6845.3			1.0
6846.200000000001			1.0
6847.1			1.0
6848.0			1.0
6848.9			1.0
6849.8			1.0
6850.700000000001			1.0
6851.6			1.0
6852.5			1.0
6853.4			1.0
6854.3			1.0
6855.200000000001			0.9963419400619464
6856.1			1.0062869893686273
6857.0			1.0158611471216739
6857.9			1.0233034707503073
6858.8			1.027330911758868
6859.700000000001			1.0209610782714742
6860.6			1.0075614790674863
6861.5			1.0045863683350904
6862.4			1.019282106077121
6863.3			1.0405565995389396
6864.200000000001			1.0497207269718911
6865.1			1.0389634360116187
6866.0			1.0131484574989202
6866.9			0.991441577140262
6867.8			0.994467524218865
6868.700000000001			1.0148701561560052
6869.6			1.0216399976523385
6870.5			1.0105062643379519
6871.4			1.0018385680508104
6872.3			1.0023340341875457
6873.200000000001			1.0047603835329706
6874.1			1.0058577605840728
6875.0			1.0120177035608655
6875.9			1.023510754309611
6876.8			1.0356580637851855
6877.700000000001			1.0432336284020691
6878.6			1.0418965233975648
6879.5			1.0321374531332994
6880.4			1.012516407165529
6881.3			0.9907514975142369
6882.200000000001			0.9840348170465603
6883.1			0.9999304080689853
6884.0			1.017691891474802
6884.9			1.0200938061767233
6885.8			1.0242180730219974
6886.700000000001			1.0409901851706784
6887.6			1.0516889182972688
6888.5			1.0528853826864346
6889.4			1.0582303986014834
6890.3			1.0587200685465012
6891.200000000001			1.0479591085719278
6892.1			1.042960340550397
6893.0			1.0496760458518457
6893.9			1.0462857149239069
6894.8			1.0329092554463324
6895.700000000001			1.033520168272195
6896.6			1.0485455373313533
6897.5			1.0527896304650082
6898.4			1.0387438126223765
6899.3			1.030492634379815
6900.200000000001			1.0436224896143749
6901.1			1.0
6902.0			1.000420230439231
6902.9			0.9887491908683118
6903.8			0.986098396346113
6904.700000000001			0.9935795205411335
6905.6			0.9970457493997974
6906.5			0.9928983797473041
6907.4			0.9906823842278883
6908.3			0.9959358432601059
6909.200000000001			1.002799113308937
6910.1			1.0012638020243734
6911.0			0.9909443259965585
6911.9			0.9798454956813086
6912.8			0.9710445936815949
6913.700000000001			0.9667566901617923
6914.6			0.9656139637458389
6915.5			0.9616438125491235
6916.4			0.9590447119228452
6917.3			0.9690388381069331
6918.200000000001			0.9886916337037999
6919.1			1.0023722669976702
6920.0			1.0063043756623202
6920.9			1.0047850382133883
6921.8			0.9958684511085222
6922.700000000001			0.9775656278000378
6923.6			0.957249749712724
6924.5			0.9469394919979487
6925.4			0.9551969908082708
6926.3			0.9770976226307763
6927.200000000001			0.9957540820047984
6928.1			1.0008358925087117
6929.0			0.9989012260435969
6929.9			0.9955817264063997
6930.8			0.9897894306975622
6931.700000000001			0.980353587666384
6932.6			0.9719345202688804
6933.5			0.9745706017062499
6934.4			0.9859698436956588
6935.3			0.9920775007105598
6936.200000000001			0.9900161964918823
6937.1			0.9839567581835079
6938.0			0.9791856230883518
6938.9			0.9782906784906834
6939.8			0.9810966515971051
6940.700000000001			0.9865373777145428
6941.6			0.9896937990482195
6942.5			0.9858183899312323
6943.4			0.975572006354525
6944.3			0.9657164473892369
6945.200000000001			0.9654720966759992
6946.1			0.9720964910178383
6947.0			0.9793874166684465
6947.9			0.9874977349904556
6948.8			0.9931914150825053
6949.700000000001			0.9900587501500334
6950.6			0.9819479519856138
6951.5			0.9803742032621542
6952.4			0.9861222377381331
6953.3			0.9905806988806283
6954.200000000001			0.9906252816852982
6955.1			0.9876414623101812
6956.0			0.9879956973156996
6956.9			0.9943443948738817
6957.8			0.9976808431258429
6958.700000000001			0.9934169729294638
6959.6			0.9880300850395795
6960.5			0.9878363345452229
6961.4			0.9921767435187527
6962.3			0.9966286654658696
6963.200000000001			0.9963000470898007
6964.1			0.9913875511916579
6965.0			0.9882342979608577
6965.9			0.9923476794391008
6966.8			1.0025529880054547
6967.700000000001			1.0102319293745854
6968.6			1.0104492890919312
6969.5			1.0060205175012613
6970.4			1.0007598753443117
6971.3			1.0002341776830213
6972.200000000001			1.0035098228614125
6973.1			1.0036804106561188
6974.0			0.9965015588663342
6974.9			0.9842994403291419
6975.8			0.9670996294141493
6976.700000000001			0.9384402905719332
6977.6			0.9059634775500992
6978.5			0.8990955932455449
6979.4			0.9295937735243375
6980.3			0.9708363875959288
6981.200000000001			0.9969525637171623
6982.1			1.0089279588334994
6983.0			1.013991402509565
6983.9			1.014275626705084
6984.8			1.010253073478425
6985.700000000001			1.0019658924067363
6986.6			0.9899262145847179
6987.5			0.9797934815838482
6988.4			0.9769104686512905
6989.3			0.9834710605591045
6990.200000000001			0.9950256788104301
6991.1			1.0026275026355917
6992.0			1.002684127400819
6992.9			0.9996785086184764
6993.8			0.9988205366827827
6994.700000000001			0.9996548412952945
6995.6			0.9993553042465879
6996.5			0.9971573229182641
6997.4			0.9898761622451916
6998.3			0.9734891035974634
6999.200000000001			0.9577052694372903
7000.1			0.9583571455006894
7001.0			0.9724265048159495
7001.9			0.9807599076933953
7002.8			0.9749521766152086
7003.700000000001			0.9632449660567425
7004.6			0.9556091266467225
7005.5			0.9552542014208322
7006.4			0.9606987808776293
7007.3			0.9692285598406452
7008.200000000001			0.9771450784384189
7009.1			0.9776201889963497
7010.0			0.9708161127361435
7010.9			0.9660074465291026
7011.8			0.970600909839139
7012.700000000001			0.9798238639291663
7013.6			0.9770707294427825
7014.5			0.9495431889728547
7015.4			0.9142458809519901
7016.3			0.9101344771757005
7017.200000000001			0.9441307251864639
7018.1			0.9832411504739561
7019.0			1.003973263327833
7019.9			1.0061816733697002
7020.8			0.9929263415555168
7021.700000000001			0.9665735839276358
7022.6			0.9409009559030559
7023.5			0.934694768360534
7024.4			0.9477644814054617
7025.3			0.9632272529537044
7026.200000000001			0.9699374373956997
7027.1			0.9692532328946102
7028.0			0.9687239611568845
7028.9			0.9716093931725327
7029.8			0.9746354848827127
7030.700000000001			0.9753169481965667
7031.6			0.97504122602205
7032.5			0.9741885025609003
7033.4			0.9706900209884053
7034.3			0.9667631155915833
7035.200000000001			0.9687804142326636
7036.1			0.9690137228770638
7037.0			0.9557434265836378
7037.9			0.9398678683008328
7038.8			0.9446911874715187
7039.700000000001			0.9708263047234934
7040.6			1.0003820333568165
7041.5			1.0200655828496816
7042.4			1.0260823003259933
7043.3			1.0212911765848616
7044.200000000001			1.0142927627830902
7045.1			1.0115696442783009
7046.0			1.014730002158906
7046.9			1.02011149071857
7047.8			1.0223225572518226
7048.700000000001			1.0198113230241723
7049.6			1.013571041186039
7050.5			1.0033651635542418
7051.4			0.9891639422839699
7052.3			0.97816032074043
7053.200000000001			0.9805768954086413
7054.1			0.9913861966646844
7055.0			0.9993760693976683
7055.9			1.0019784615523548
7056.8			1.0024860507928617
7057.700000000001			0.9988829927246157
7058.6			0.9875448245768383
7059.5			0.9747208923316665
7060.4			0.9702090601351768
7061.3			0.9731467899871541
7062.200000000001			0.9778866739714154
7063.1			0.9861957789258804
7064.0			0.9983107413488599
7064.9			1.004294368255541
7065.8			0.9949079316953129
7066.700000000001			0.9730279194652606
7067.6			0.9544585431624218
7068.5			0.9557601323461201
7069.4			0.975089531386114
7070.3			0.9930247560381353
7071.200000000001			0.9992772056772573
7072.1			1.0016698386041927
7073.0			1.0066933518024954
7073.9			1.0101366795393742
7074.8			1.0105908450391627
7075.700000000001			1.012681516745536
7076.6			1.0151317406358944
7077.5			1.0132406702312418
7078.4			1.0095600559361375
7079.3			1.0098641488013012
7080.200000000001			1.0130244795999375
7081.1			1.0123826866530148
7082.0			1.001351631828215
7082.9			0.9792897866702653
7083.8			0.9582285114959753
7084.700000000001			0.9532443327736754
7085.6			0.9651638688604048
7086.5			0.9817374861118245
7087.4			0.9897274329578314
7088.3			0.9839548725377526
7089.200000000001			0.9714346696861325
7090.1			0.9654914511090462
7091.0			0.9720478465026202
7091.9			0.9834721374759191
7092.8			0.9917236631848018
7093.700000000001			0.995103004250345
7094.6			0.9927422362062678
7095.5			0.9871704637066201
7096.4			0.983952940865999
7097.3			0.9866296622301846
7098.200000000001			0.9936954743414667
7099.1			1.000289384913785
7100.0			1.002276039622685
7100.9			0.9979543907703637
7101.8			0.9919167182755623
7102.700000000001			0.9917321675309719
7103.6			0.9987655514718051
7104.5			1.0073776496528093
7105.4			1.0095982024554588
7106.3			1.0036268967397652
7107.200000000001			0.9971617412494128
7108.1			0.995867054401504
7109.0			0.9944550940069677
7109.9			0.9866369001898307
7110.8			0.9773347180567014
7111.700000000001			0.9748490940760528
7112.6			0.9816727735737301
7113.5			0.9930845363461636
7114.4			1.0017395545345722
7115.3			1.0050515020818493
7116.200000000001			1.0039173021623655
7117.1			0.9984392473743753
7118.0			0.9921649588681092
7118.9			0.9897808252521487
7119.8			0.9877170871079679
7120.700000000001			0.9767041132277594
7121.6			0.9626065715609085
7122.5			0.9661390372315866
7123.4			0.9881696426785491
7124.3			1.0076910404859662
7125.200000000001			1.012373066093278
7126.1			1.0071214656749445
7127.0			1.0069760695651733
7127.9			1.010141566400799
7128.8			1.00379877688308
7129.700000000001			0.98606846758849
7130.6			0.9740463536557443
7131.5			0.9848355594282292
7132.4			1.0060586953768778
7133.3			1.023267355704786
7134.200000000001			1.0357333022870048
7135.1			1.0407270924714542
7136.0			1.0396276130088342
7136.9			1.036899119000468
7137.8			1.0303650058161644
7138.700000000001			1.0226766294356655
7139.6			1.0222673368053015
7140.5			1.0277006668467419
7141.4			1.0299231756860023
7142.3			1.0275955632882006
7143.200000000001			1.0258639159607672
7144.1			1.026136554698649
7145.0			1.0238549544229012
7145.9			1.007132830907326
7146.8			0.9706949346062939
7147.700000000001			0.9428089019373014
7148.6			0.9580035799988885
7149.5			0.9995628029522836
7150.4			1.0269489266226608
7151.3			1.0343513353068865
7152.200000000001			1.037461265100791
7153.1			1.0398949064548488
7154.0			1.0383200815437086
7154.9			1.035570534150368
7155.8			1.0390283776001368
7156.700000000001			1.0464148014057202
7157.6			1.0467389629460329
7158.5			1.0389866628955868
7159.4			1.031262454988698
7160.3			1.0286142448273126
7161.200000000001			1.0297111737193896
7162.1			1.0200117928474717
7163.0			0.9899103857314271
7163.9			0.9566075283255142
7164.8			0.9474547936863088
7165.700000000001			0.9674114026744397
7166.6			0.9984737391197539
7167.5			1.0204642553881251
7168.4			1.0238737571643939
7169.3			1.01646874235661
7170.200000000001			1.0116596365800283
7171.1			1.0138583436875874
7172.0			1.020972612814812
7172.9			1.0283092650782892
7173.8			1.0273421349321397
7174.700000000001			1.0113926100559907
7175.6			0.9917317700845285
7176.5			0.9891983062529778
7177.4			1.0052249940029108
7178.3			1.0149664863572658
7179.200000000001			0.9964989390381636
7180.1			0.9651966597609704
7181.0			0.9547976787335903
7181.9			0.9737878515106876
7182.8			1.0000171924518158
7183.700000000001			1.0
7184.6			1.0
7185.5			1.0
7186.4			1.0
7187.3			1.0
7188.200000000001			1.0
7189.1			1.0
7190.0			1.0
7190.9			1.0
7191.8			1.0
7192.700000000001			1.0
7193.6			1.0
7194.5			1.0
7195.4			1.0
7196.3			1.0
7197.200000000001			1.0
7198.1			1.0
7199.0			1.0
7199.9			1.0
7200.8			1.0
7201.700000000001			1.0
7202.6			1.0
7203.5			1.0
7204.4			1.0
7205.3			1.0
7206.200000000001			1.0
7207.1			1.0
7208.0			1.0
7208.9			1.0
7209.8			1.0
7210.700000000001			1.0
7211.6			1.0
7212.5			1.0
7213.4			1.0
7214.3			1.0
7215.200000000001			1.0
7216.1			1.0
7217.0			1.0
7217.9			1.0
7218.8			1.0
7219.700000000001			1.0
7220.6			1.0
7221.5			1.0
7222.4			1.0
7223.3			1.0
7224.200000000001			1.0
7225.1			1.0
7226.0			1.0
7226.9			1.0
7227.8			1.0
7228.700000000001			1.0
7229.6			1.0
7230.5			1.0
7231.4			1.0
7232.3			1.0
7233.200000000001			1.0
7234.1			1.0
7235.0			1.0
7235.9			1.0
7236.8			1.0
7237.700000000001			1.0
7238.6			1.0
7239.5			1.0
7240.4			1.0
7241.3			1.0
7242.200000000001			1.0
7243.1			1.0
7244.0			1.0
7244.9			1.0
7245.8			1.0
7246.700000000001			1.0
7247.6			1.0
7248.5			1.0
7249.4			1.0
7250.3			1.0
7251.200000000001			1.0
7252.1			1.0
7253.0			1.0
7253.9			1.0
7254.8			1.0
7255.700000000001			1.0
7256.6			1.0
7257.5			1.0
7258.4			1.0
7259.3			1.0
7260.200000000001			1.0
7261.1			1.0
7262.0			1.0
7262.9			1.0
7263.8			1.0
7264.700000000001			1.0
7265.6			1.0
7266.5			1.0
7267.4			1.0
7268.3			1.0
7269.200000000001			1.0
7270.1			1.0
7271.0			1.0
7271.9			1.0
7272.8			1.0
7273.700000000001			1.0
7274.6			1.0
7275.5			1.0
7276.4			1.0
7277.3			1.0
7278.200000000001			1.0
7279.1			1.0
7280.0			1.0
7280.9			1.0
7281.8			1.0
7282.700000000001			1.0
7283.6			1.0
7284.5			1.0
7285.4			1.0
7286.3			1.0
7287.200000000001			1.0
7288.1			1.0
7289.0			1.0
7289.9			1.0
7290.8			1.0
7291.700000000001			1.0
7292.6			1.0
7293.5			1.0
7294.4			1.0
7295.3			1.0
7296.200000000001			1.0
7297.1			1.0
7298.0			1.0
7298.9			1.0
7299.8			1.0
7300.700000000001			1.0
7301.6			1.0
7302.5			1.0
7303.4			1.0
7304.3			1.0
7305.200000000001			1.0
7306.1			1.0
7307.0			1.0
7307.9			1.0
7308.8			1.0
7309.700000000001			1.0
7310.6			1.0
7311.5			1.0
7312.4			1.0
7313.3			1.0
7314.200000000001			1.0
7315.1			1.0
7316.0			1.0
7316.9			1.0
7317.8			1.0
7318.700000000001			1.0
7319.6			1.0
7320.5			1.0
7321.4			1.0
7322.3			1.0
7323.200000000001			1.0
7324.1			1.0
7325.0			1.0
7325.9			1.0
7326.8			1.0
7327.700000000001			1.0
7328.6			1.0
7329.5			1.0
7330.4			1.0
7331.3			1.0
7332.200000000001			1.0
7333.1			1.0
7334.0			1.0
7334.9			1.0
7335.8			1.0
7336.700000000001			1.0
7337.6			1.0
7338.5			1.0
7339.4			1.0
7340.3			1.0
7341.200000000001			1.0
7342.1			1.0
7343.0			1.0
7343.9			1.0
7344.8			1.0
7345.700000000001			1.0
7346.6			1.0
7347.5			1.0
7348.4			1.0
7349.3			1.0
7350.200000000001			1.0
7351.1			1.0
7352.0			1.0
7352.9			1.0
7353.8			1.0
7354.700000000001			1.0
7355.6			1.0
7356.5			1.0
7357.4			1.0
7358.3			1.0
7359.200000000001			1.0
7360.1			1.0
7361.0			1.0
7361.9			1.0
7362.8			1.0
7363.700000000001			1.0
7364.6			1.0
7365.5			1.0
7366.4			1.0
7367.3			1.0
7368.200000000001			1.0
7369.1			1.0
7370.0			1.0
7370.9			1.0
7371.8			1.0
7372.700000000001			1.0
7373.6			1.0
7374.5			1.0
7375.4			1.0
7376.3			1.0
7377.200000000001			1.0
7378.1			1.0
7379.0			1.0
7379.9			1.0
7380.8			1.0
7381.700000000001			1.0
7382.6			1.0
7383.5			1.0
7384.4			1.0
7385.3			1.0
7386.200000000001			1.0
7387.1			1.0
7388.0			1.0
7388.9			1.0
7389.8			1.0
7390.700000000001			1.0
7391.6			1.0
7392.5			1.0
7393.4			1.0
7394.3			1.0
7395.200000000001			1.0
7396.1			1.0
7397.0			1.0
7397.9			1.0
7398.8			1.0
7399.700000000001			1.0
7400.6			1.0
7401.5			1.0
7402.4			1.0
7403.3			1.0
7404.200000000001			1.0
7405.1			1.0
7406.0			1.0
7406.9			1.0
7407.8			1.0
7408.700000000001			1.0
7409.6			1.0
7410.5			1.0
7411.4			1.0
7412.3			1.0
7413.200000000001			1.0
7414.1			1.0
7415.0			1.0
7415.9			1.0
7416.8			1.0
7417.700000000001			1.0
7418.6			1.0
7419.5			1.0
7420.4			1.0
7421.3			1.0
7422.200000000001			1.0
7423.1			1.0
7424.0			1.0
7424.9			1.0
7425.8			1.0
7426.700000000001			1.0
7427.6			1.0
7428.5			1.0
7429.4			1.0
