3500.0			1.0
3500.9			1.0
3501.8			1.0
3502.7			1.0
3503.6			1.0
3504.5			1.0
3505.4			1.0
3506.3			1.0
3507.2			1.0
3508.1			1.0
3509.0			1.0
3509.9			1.0
3510.8			1.0
3511.7			1.0
3512.6			1.0
3513.5			1.0
3514.4			1.0
3515.3			1.0
3516.2			1.0
3517.1			1.0
3518.0			1.0
3518.9			1.0
3519.8			1.0
3520.7			1.0
3521.6			1.0
3522.5			1.0
3523.4			1.0
3524.3			1.0
3525.2			1.0
3526.1			1.0
3527.0			1.0
3527.9			1.0
3528.8			1.0
3529.7			1.0
3530.6			1.0
3531.5			1.0
3532.4			1.0
3533.3			1.0
3534.2			1.0
3535.1			1.0
3536.0			1.0
3536.9			1.0
3537.8			1.0
3538.7			1.0
3539.6			1.0
3540.5			1.0
3541.4			1.0
3542.3			1.0
3543.2			1.0
3544.1			1.0
3545.0			1.0
3545.9			1.0
3546.8			1.0
3547.7			1.0
3548.6			1.0
3549.5			1.0
3550.4			1.0
3551.3			1.0
3552.2			1.0
3553.1			1.0
3554.0			1.0
3554.9			1.0
3555.8			1.0
3556.7			1.0
3557.6			1.0
3558.5			1.0
3559.4			1.0
3560.3			1.0
3561.2			1.0
3562.1			1.0
3563.0			1.0
3563.9			1.0
3564.8			1.0
3565.7			1.0
3566.6			1.0
3567.5			1.0
3568.4			1.0
3569.3			1.0
3570.2			1.0
3571.1			1.0
3572.0			1.0
3572.9			1.0
3573.8			1.0
3574.7			1.0
3575.6			1.0
3576.5			1.0
3577.4			1.0
3578.3			1.0
3579.2			1.0
3580.1			1.0
3581.0			1.0
3581.9			1.0
3582.8			1.0
3583.7			1.0
3584.6			1.0
3585.5			1.0
3586.4			1.0
3587.3			1.0
3588.2			1.0
3589.1			1.0
3590.0			1.0
3590.9			1.0
3591.8			1.0
3592.7			1.0
3593.6			1.0
3594.5			1.0
3595.4			1.0
3596.3			1.0
3597.2			1.0
3598.1			1.0
3599.0			1.0
3599.9			1.0
3600.8			1.0
3601.7			1.0
3602.6			1.0
3603.5			1.0
3604.4			1.0
3605.3			1.0
3606.2			1.0
3607.1			1.0
3608.0			1.0
3608.9			1.0
3609.8			1.0
3610.7			1.0
3611.6			1.0
3612.5			1.0
3613.4			1.0
3614.3			1.0
3615.2			1.0
3616.1			1.0
3617.0			1.0
3617.9			1.0
3618.8			1.0
3619.7			1.0
3620.6			1.0
3621.5			1.0
3622.4			1.0
3623.3			1.0
3624.2			1.0
3625.1			1.0
3626.0			1.0
3626.9			1.0
3627.8			1.0
3628.7			1.0
3629.6			1.0
3630.5			1.0
3631.4			1.0
3632.3			1.0
3633.2			1.0
3634.1			1.0
3635.0			1.0
3635.9			1.0
3636.8			1.0
3637.7			1.0
3638.6			1.0
3639.5			1.0
3640.4			1.0
3641.3			1.0
3642.2			1.0
3643.1			1.0
3644.0			1.0
3644.9			1.0
3645.8			1.0
3646.7			1.0
3647.6			1.0
3648.5			1.0
3649.4			1.0
3650.3			1.0
3651.2			1.0
3652.1			1.0
3653.0			1.0
3653.9			1.0
3654.8			1.0
3655.7			1.0
3656.6			1.0
3657.5			1.0
3658.4			1.0
3659.3			1.0
3660.2			1.0
3661.1			1.0
3662.0			1.0
3662.9			1.0
3663.8			1.0
3664.7			1.0
3665.6			1.0
3666.5			1.0
3667.4			1.0
3668.3			1.0
3669.2			1.0
3670.1			1.0
3671.0			1.0
3671.9			1.0
3672.8			1.0
3673.7			1.0
3674.6			1.0
3675.5			1.0
3676.4			1.0
3677.3			1.0
3678.2			1.0
3679.1			1.0
3680.0			1.0
3680.9			1.0
3681.8			1.0
3682.7			1.0
3683.6			1.0
3684.5			1.0
3685.4			1.0
3686.3			1.0
3687.2			1.0
3688.1			1.0
3689.0			1.0
3689.9			1.0
3690.8			1.0
3691.7			1.0
3692.6			1.0
3693.5			1.0
3694.4			1.0
3695.3			1.0
3696.2			1.0
3697.1			1.0
3698.0			1.0
3698.9			1.0
3699.8			1.0
3700.7			1.0
3701.6			1.0
3702.5			1.0
3703.4			1.0
3704.3			1.0
3705.2			1.0
3706.1			1.0
3707.0			1.0
3707.9			1.0
3708.8			1.0
3709.7			1.0
3710.6			1.0
3711.5			1.0
3712.4			1.0
3713.3			1.0
3714.2			1.0
3715.1			1.0
3716.0			1.0
3716.9			1.0
3717.8			1.0
3718.7			1.0
3719.6			1.0
3720.5			1.0
3721.4			1.0
3722.3			1.0
3723.2			1.0
3724.1			1.0
3725.0			1.0
3725.9			1.0
3726.8			1.0
3727.7			1.0
3728.6			1.0
3729.5			1.0
3730.4			1.0
3731.3			1.0
3732.2			1.0
3733.1			1.0
3734.0			1.0
3734.9			1.0
3735.8			1.0
3736.7			1.0
3737.6			1.0
3738.5			1.0
3739.4			1.0
3740.3			1.0
3741.2			1.0
3742.1			1.0
3743.0			1.0
3743.9			1.0
3744.8			1.0
3745.7			1.0
3746.6			1.0
3747.5			1.0
3748.4			1.0
3749.3			1.0
3750.2			1.0
3751.1			1.0
3752.0			1.0
3752.9			1.0
3753.8			1.0
3754.7			1.0
3755.6			1.0
3756.5			1.0
3757.4			1.0
3758.3			1.0
3759.2			1.0
3760.1			1.0
3761.0			1.0
3761.9			1.0
3762.8			1.0
3763.7			1.0
3764.6			1.0
3765.5			1.0
3766.4			1.0
3767.3			1.0
3768.2			1.0
3769.1			1.0
3770.0			1.0
3770.9			1.0
3771.8			1.0
3772.7			1.0
3773.6			1.0
3774.5			1.0
3775.4			1.0
3776.3			1.0
3777.2			1.0
3778.1			1.0
3779.0			1.0
3779.9			1.0
3780.8			1.0
3781.7			1.0
3782.6			1.0
3783.5			1.0
3784.4			1.0
3785.3			1.0
3786.2			1.0
3787.1			1.0
3788.0			1.0
3788.9			1.0
3789.8			1.0
3790.7			1.0
3791.6			1.0
3792.5			1.0
3793.4			1.0
3794.3			1.0
3795.2			1.0
3796.1			1.0
3797.0			1.0
3797.9			1.0
3798.8			1.0
3799.7			1.0
3800.6			1.0
3801.5			1.0
3802.4			1.0
3803.3			1.0
3804.2			1.0
3805.1			1.0
3806.0			1.0
3806.9			1.0
3807.8			1.0
3808.7			1.0
3809.6			1.0
3810.5			1.0
3811.4			1.0
3812.3			1.0
3813.2			1.0
3814.1			1.0
3815.0			1.0
3815.9			1.0
3816.8			1.0
3817.7			1.0
3818.6			1.0
3819.5			1.0
3820.4			1.0
3821.3			1.0
3822.2			1.0
3823.1			1.0
3824.0			1.0
3824.9			1.0
3825.8			1.0
3826.7			1.0
3827.6			1.0
3828.5			1.0
3829.4			1.0
3830.3			1.0
3831.2			1.0
3832.1			1.0
3833.0			1.0
3833.9			1.0
3834.8			1.0
3835.7			1.0
3836.6			1.0
3837.5			1.0
3838.4			1.0
3839.3			1.0
3840.2			1.0
3841.1			1.0
3842.0			1.0
3842.9			1.0
3843.8			1.0
3844.7			1.0
3845.6			1.0
3846.5			1.0
3847.4			1.0
3848.3			1.0
3849.2			1.0
3850.1			1.0
3851.0			1.0
3851.9			1.0
3852.8			1.0
3853.7			1.0
3854.6			1.0
3855.5			1.0
3856.4			1.0
3857.3			1.0
3858.2			1.0
3859.1			1.0
3860.0			1.0
3860.9			1.0
3861.8			1.0
3862.7			1.0
3863.6			1.0
3864.5			1.0
3865.4			1.0
3866.3			1.0
3867.2			1.0
3868.1			1.0
3869.0			1.0
3869.9			1.0
3870.8			1.0
3871.7			1.0
3872.6			1.0
3873.5			1.0
3874.4			1.0
3875.3			1.0
3876.2			1.0
3877.1			1.0
3878.0			1.0
3878.9			1.0
3879.8			1.0
3880.7			1.0
3881.6			1.0
3882.5			1.0
3883.4			1.0
3884.3			1.0
3885.2			1.0
3886.1			1.0
3887.0			1.0
3887.9			1.0
3888.8			1.0
3889.7			1.0
3890.6			1.0
3891.5			1.0
3892.4			1.0
3893.3			1.0
3894.2			1.0
3895.1			1.0
3896.0			1.0
3896.9			1.0
3897.8			1.0
3898.7			1.0
3899.6			1.0
3900.5			1.0
3901.4			1.0
3902.3			1.0
3903.2			1.0
3904.1			1.0
3905.0			1.0
3905.9			1.0
3906.8			1.0
3907.7			1.0
3908.6			1.0
3909.5			1.0
3910.4			1.0
3911.3			1.0
3912.2			1.0
3913.1			1.0
3914.0			1.0
3914.9			1.0
3915.8			1.0
3916.7			1.0
3917.6			1.0
3918.5			1.0
3919.4			1.0
3920.3			1.0
3921.2			1.0
3922.1			1.0
3923.0			1.0
3923.9			1.0
3924.8			1.0
3925.7			1.0
3926.6			1.0
3927.5			1.0
3928.4			1.0
3929.3			1.0
3930.2			1.0
3931.1			1.0
3932.0			1.0
3932.9			1.0
3933.8			1.0
3934.7			1.0
3935.6			1.0
3936.5			1.0
3937.4			1.0
3938.3			1.0
3939.2			1.0
3940.1			1.0
3941.0			1.0
3941.9			1.0
3942.8			1.0
3943.7			1.0
3944.6			1.0
3945.5			1.0
3946.4			1.0
3947.3			1.0
3948.2			1.0
3949.1			1.0
3950.0			1.0
3950.9			1.0
3951.8			1.0
3952.7			1.0
3953.6			1.0
3954.5			1.0
3955.4			1.0
3956.3			1.0
3957.2			1.0
3958.1			1.0
3959.0			1.0
3959.9			1.0
3960.8			1.0
3961.7			1.0
3962.6			1.0
3963.5			1.0
3964.4			1.0
3965.3			1.0
3966.2			1.0
3967.1			1.0
3968.0			1.0
3968.9			1.0
3969.8			1.0
3970.7			1.0
3971.6			1.0
3972.5			1.0
3973.4			1.0
3974.3			1.0
3975.2			1.0
3976.1			1.0
3977.0			1.0
3977.9			1.0
3978.8			1.0
3979.7			1.0
3980.6			1.0
3981.5			1.0
3982.4			1.0
3983.3			1.0
3984.2			1.0
3985.1			1.0
3986.0			1.0
3986.9			1.0
3987.8			1.0
3988.7			1.0
3989.6			1.0
3990.5			1.0
3991.4			1.0
3992.3			1.0
3993.2			1.0
3994.1			1.0
3995.0			1.0
3995.9			1.0
3996.8			1.0
3997.7			1.0
3998.6			1.0
3999.5			1.0
4000.4			1.0
4001.3			1.0
4002.2			1.008794601912413
4003.1			1.0315489368557031
4004.0			0.9725734334544124
4004.9			0.8155967729375465
4005.8			0.7201420432913989
4006.7			0.7827651202931618
4007.6			0.8975842897552704
4008.5			0.9728227485136125
4009.4			0.9994357322628988
4010.3			1.0
4011.2			1.0
4012.1			1.0
4013.0			1.0
4013.9			1.0
4014.8			1.0
4015.7			1.0
4016.6			1.0
4017.5			1.0
4018.4			1.0
4019.3			1.0
4020.2			1.0
4021.1			1.0
4022.0			1.0
4022.9			1.0
4023.8			1.0
4024.7			1.0
4025.6			1.0
4026.5			1.055640892756616
4027.4			1.1119038858428547
4028.3			1.143009567324818
4029.2			1.100806971084396
4030.1			0.954316873908248
4031.0			0.8054677370346736
4031.9			0.7486043923476988
4032.8			0.7387743688350235
4033.7			0.7457929495500794
4034.6			0.7817828269208942
4035.5			0.8478608594875978
4036.4			0.9388797578576088
4037.3			1.0138897787146068
4038.2			1.0327674060638903
4039.1			0.9992417066853433
4040.0			1.0
4040.9			0.963708089660879
4041.8			0.9824485836416632
4042.7			1.00834865260357
4043.6			0.9318432236473122
4044.5			0.7451994644970548
4045.4			0.5723717827119429
4046.3			0.5739485331519465
4047.2			0.7515265473600513
4048.1			1.0
4049.0			1.0690278240671844
4049.9			1.0811445424037256
4050.8			1.085369185676512
4051.7			1.0646086908816546
4052.6			1.0154069776646406
4053.5			0.9621119596603062
4054.4			0.8973063248541204
4055.3			0.854876678822147
4056.2			0.8602455070740513
4057.1			0.8402639266327441
4058.0			0.8103500489722278
4058.9			0.8477739533567601
4059.8			0.9448344305426014
4060.7			1.01134239516721
4061.6			0.9734910755622818
4062.5			0.8219867666367836
4063.4			0.6660288799948173
4064.3			0.6735917957479896
4065.2			0.8221748758811324
4066.1			0.9156645414306742
4067.0			0.8937122125891478
4067.9			0.9108454617748
4068.8			1.0186381426598512
4069.7			1.0816678041016559
4070.6			0.9941220034561302
4071.5			0.8413992139067369
4072.4			0.8395854393187329
4073.3			0.9753666717699346
4074.2			1.0432214077667783
4075.1			0.9806782051016524
4076.0			0.8325293047121614
4076.9			0.696707197017938
4077.8			0.6743515186105832
4078.7			0.779372492307159
4079.6			0.9337892137030196
4080.5			1.0651591071148214
4081.4			1.1452659209107867
4082.3			1.1191692386925969
4083.2			1.0395109955598125
4084.1			0.9946102020555363
4085.0			0.9874336072793595
4085.9			0.9803280774093033
4086.8			1.0224065520233334
4087.7			1.110659269388856
4088.6			1.1688366966985495
4089.5			1.1582981261597434
4090.4			1.1167257885732473
4091.3			1.0817803355876132
4092.2			1.057740743392163
4093.1			1.057407240430894
4094.0			1.0779892433873617
4094.9			1.023645168889064
4095.8			0.9295296334560388
4096.7			0.8964674242454833
4097.6			0.9171761445100605
4098.5			0.9446412110528722
4099.4			0.9411127309734875
4100.3			0.869918352685967
4101.2			0.7792234246270934
4102.1			0.7738783235066655
4103.0			0.8475341348110066
4103.9			0.9181199182056496
4104.8			0.9696630251210089
4105.7			1.0304230625221416
4106.6			1.0729034170463947
4107.5			1.0662698097204786
4108.4			1.0303119670890277
4109.3			0.9709753837481744
4110.2			0.9146350897101325
4111.1			0.8885327085161469
4112.0			0.8923021588232033
4112.9			0.9338398636259564
4113.8			0.9861480122159884
4114.7			1.0137270769353994
4115.6			1.0257848100757465
4116.5			1.022729257024097
4117.4			0.9886023229171654
4118.3			0.9124051006913458
4119.2			0.8562951626262061
4120.1			0.8844405745619822
4121.0			0.9263365911452288
4121.9			0.911188923040116
4122.8			0.8727382358551266
4123.7			0.8741677001735431
4124.6			0.9270186389543112
4125.5			0.9631636205380928
4126.4			0.9463361991333171
4127.3			0.9137092089519429
4128.2			0.8806372003707903
4129.1			0.8633212518778982
4130.0			0.8445244200511509
4130.9			0.8288596816996132
4131.8			0.7845614811468831
4132.7			0.737154464612965
4133.6			0.7463984344386414
4134.5			0.7867086317568175
4135.4			0.8699866643282758
4136.3			0.9390500910040533
4137.2			0.9315886560739625
4138.1			0.9153584369212111
4139.0			0.9393728235648664
4139.9			0.9600907285468825
4140.8			0.9502121590073274
4141.7			0.8726002704514384
4142.6			0.7190999944948259
4143.5			0.6049938478957075
4144.4			0.6366925709407472
4145.3			0.7520341420034169
4146.2			0.8309697800825531
4147.1			0.8512299002779721
4148.0			0.8352923349399382
4148.9			0.7894257968314727
4149.8			0.7166864860592087
4150.7			0.6747674278699975
4151.6			0.679596806994478
4152.5			0.7099559801839624
4153.4			0.751017284483048
4154.3			0.7631043085658922
4155.2			0.7511419415136162
4156.1			0.7153961429575156
4157.0			0.6926502502881094
4157.9			0.7461591392545829
4158.8			0.8331455261566719
4159.7			0.8672031839381452
4160.6			1.0
4161.5			0.9850393118677477
4162.4			1.0632944659488925
4163.3			1.1100509396437959
4164.2			1.0485774882585606
4165.1			0.9960154545529708
4166.0			0.9742884454987047
4166.9			0.9216102113804039
4167.8			0.892626885203297
4168.7			0.9575244976233789
4169.6			1.0074424476876105
4170.5			0.994000975014525
4171.4			0.9234336478614302
4172.3			0.7874627643915467
4173.2			0.6915862072767344
4174.1			0.7253252999466029
4175.0			0.8155626610255617
4175.9			0.8522227123644955
4176.8			0.8196619413311651
4177.7			0.767531702826588
4178.6			0.7483334126135714
4179.5			0.7701953571393985
4180.4			0.7880760323807403
4181.3			0.7856663250473276
4182.2			0.8016137708054183
4183.1			1.0
4184.0			1.0920746128165961
4184.9			1.165761180787687
4185.8			1.1654958689634864
4186.7			1.0540590076759642
4187.6			0.9326323611909695
4188.5			0.915715810992908
4189.4			0.950764660890678
4190.3			0.9733579626780721
4191.2			0.9971929497528019
4192.1			1.037499058332072
4193.0			1.0935158915007703
4193.9			1.0972178648646902
4194.8			1.009313493219687
4195.7			0.8751913299431644
4196.6			0.789751552956813
4197.5			0.7903682698091891
4198.4			0.8252062574905987
4199.3			0.873429436198066
4200.2			0.9229571404088757
4201.1			0.911603304917721
4202.0			0.8612943790309587
4202.9			0.8646252489977483
4203.8			0.8989842754290063
4204.7			0.8995285412312735
4205.6			0.8998349919219147
4206.5			0.9160313496179194
4207.4			0.9359520446754769
4208.3			0.9693566828164863
4209.2			0.9977509022632571
4210.1			0.9341511938750684
4211.0			0.9516180204892645
4211.9			1.0
4212.8			0.94807814344883
4213.7			0.8447765934202613
4214.6			0.6985728414659456
4215.5			0.6074142822135209
4216.4			0.6931263767251273
4217.3			0.8788568203124681
4218.2			0.9854575692195843
4219.1			1.2683434629495054
4220.0			1.2598614138664768
4220.9			1.0
4221.8			0.9932656526455409
4222.7			0.9338643710548005
4223.6			0.8539900501091561
4224.5			0.7641472318551874
4225.4			0.6392777591991238
4226.3			0.4899135836737513
4227.2			1.0
4228.1			1.3157776999093362
4229.0			1.6833511115738764
4229.9			1.798089379370997
4230.8			1.7898874493306371
4231.7			1.7034277443891093
4232.6			1.4816181010747473
4233.5			1.288224537736189
4234.4			1.2486297097992594
4235.3			1.208100174650586
4236.2			1.094489280789441
4237.1			1.040090898595588
4238.0			1.0327765896695502
4238.9			1.0019843428252069
4239.8			0.9857582612150071
4240.7			1.0
4241.6			1.074079230934203
4242.5			1.0811637074781106
4243.4			1.102606080643306
4244.3			1.1884169698745228
4245.2			1.2371736528771005
4246.1			1.1879268410856796
4247.0			1.1083866552059802
4247.9			1.0413614099506447
4248.8			1.0043375151877005
4249.7			0.9577198001915891
4250.6			0.9199082236568492
4251.5			0.983217609266959
4252.4			1.0847418054524127
4253.3			1.1107381503981584
4254.2			1.0531823245131737
4255.1			1.0
4256.0			1.022712511250936
4256.9			1.094615186966586
4257.8			1.0953751592900995
4258.7			0.961036522556506
4259.6			0.8269918305875134
4260.5			0.7441212951919186
4261.4			0.7567521672201983
4262.3			0.8723536930148472
4263.2			0.9846179175350548
4264.1			1.0
4265.0			1.016244037587541
4265.9			1.043451074837227
4266.8			1.0284604594848543
4267.7			0.9488879353147179
4268.6			0.8800652162923384
4269.5			0.8367888576263041
4270.4			0.7496613012711915
4271.3			0.6295861803849824
4272.2			0.5815750482185996
4273.1			1.0
4274.0			1.097218332658415
4274.9			1.1125833517336785
4275.8			1.1986906419073502
4276.7			1.347505957333976
4277.6			1.4450519982067855
4278.5			1.479046533307066
4279.4			1.3963348582561779
4280.3			1.2443447142980681
4281.2			1.1954932036544426
4282.1			1.2509194607607912
4283.0			1.2852685044608234
4283.9			1.2857455995197156
4284.8			1.2245705824645288
4285.7			1.1468843236943114
4286.6			1.1481272339035795
4287.5			1.1910566236495654
4288.4			1.1493671916219528
4289.3			1.0107735813864607
4290.2			0.9072009943509827
4291.1			0.9508349192379977
4292.0			1.0767545407661205
4292.9			1.1916342147414176
4293.8			1.2047634140633097
4294.7			1.143127436167453
4295.6			1.114177794399865
4296.5			1.0873750314867332
4297.4			1.017702503752852
4298.3			0.9139016268953408
4299.2			0.7666366882016142
4300.1			0.6855330204208611
4301.0			0.7428264465493323
4301.9			0.8122149140653978
4302.8			0.8128615698101297
4303.7			0.8135534869567248
4304.6			0.8168302673396228
4305.5			0.781062243496227
4306.4			0.7372658574777534
4307.3			0.6772031775242264
4308.2			0.6038526047334817
4309.1			0.6016237972971451
4310.0			0.6778529900953767
4310.9			0.780794571677701
4311.8			0.8648159553011332
4312.7			0.929554477607196
4313.6			0.9864843527063378
4314.5			1.0322892804294002
4315.4			1.1502441913761463
4316.3			1.3316508064829589
4317.2			1.424096639183305
4318.1			1.4115424617044392
4319.0			1.0
4319.9			0.9666978937528911
4320.8			0.9198403495220153
4321.7			0.8986030723881936
4322.6			0.8732087742199871
4323.5			0.7817990051516799
4324.4			0.6521508015323015
4325.3			0.5464084538575825
4326.2			0.5585525586083948
4327.1			0.7274233750216074
4328.0			0.9436557969348267
4328.9			1.0738228615870182
4329.8			1.065039764813623
4330.7			0.994711515634128
4331.6			1.0
4332.5			1.031536546338672
4333.4			1.0612269590553458
4334.3			1.0963806611027749
4335.2			1.1430369049579217
4336.1			1.1166218486267427
4337.0			0.9562431148954051
4337.9			0.7935094122284966
4338.8			0.7223153347712739
4339.7			0.6766316235637336
4340.6			0.6475907686783358
4341.5			0.7258667570901949
4342.4			0.8608057869249475
4343.3			0.9003259517625504
4344.2			0.8882525599192579
4345.1			0.9248114402749761
4346.0			0.966424662887715
4346.9			1.0
4347.8			0.9959649642767212
4348.7			1.0595093635046686
4349.6			1.08712183251025
4350.5			0.9791870991467719
4351.4			0.7982843880259428
4352.3			0.7258159272496898
4353.2			0.8093412712231132
4354.1			0.8963169492550673
4355.0			0.9222260584946517
4355.9			0.9595992632987784
4356.8			1.0020557887608246
4357.7			1.0
4358.6			1.0
4359.5			1.0
4360.4			1.0
4361.3			1.0
4362.2			1.0
4363.1			1.0
4364.0			1.0
4364.9			1.0
4365.8			1.0
4366.7			1.0
4367.6			1.0
4368.5			0.9516425162681378
4369.4			0.9901284841001439
4370.3			1.0161093211360948
4371.2			1.0384212184068071
4372.1			1.0578558487374978
4373.0			1.0168782688726299
4373.9			0.9011877404780314
4374.8			0.8114436833495878
4375.7			0.832466252461282
4376.6			0.9466447984648255
4377.5			1.0572776811018882
4378.4			1.1042892157918949
4379.3			1.0731248640682538
4380.2			1.0157015670790812
4381.1			0.9801906030602352
4382.0			0.9002287820715295
4382.9			0.6936014297425248
4383.8			0.5042733418377495
4384.7			0.5162491283983001
4385.6			0.6935069260829441
4386.5			0.8689031506909426
4387.4			0.9217600260543175
4388.3			0.8984442749053873
4389.2			0.8690556459566111
4390.1			0.8385113280158535
4391.0			0.8242781259189418
4391.9			0.8593348461940805
4392.8			0.9059183956877732
4393.7			0.9069763050315837
4394.6			0.8695473924999519
4395.5			0.8686645365254053
4396.4			0.9625931789131906
4397.3			1.0648224391070935
4398.2			1.0
4399.1			0.9350632339893047
4400.0			0.8496579389683689
4400.9			0.8075562300220458
4401.8			0.87436205360349
4402.7			0.9425530248163038
4403.6			0.8534817181328804
4404.5			0.6828162304899541
4405.4			0.6405574955527972
4406.3			0.7331825451638629
4407.2			0.7885266230451372
4408.1			0.7613630036510296
4409.0			0.7671587191327174
4409.9			0.8618820457666002
4410.8			1.0
4411.7			1.0445206419758986
4412.6			1.0640527510189914
4413.5			1.0349928352825395
4414.4			0.9106856082722944
4415.3			0.7948414314272877
4416.2			0.8121425674455934
4417.1			0.8938848093015652
4418.0			1.0
4418.9			1.05217198143531
4419.8			1.087489645459035
4420.7			1.0668805286795533
4421.6			0.9875948983702909
4422.5			0.901744408475969
4423.4			0.8870172883502592
4424.3			0.9419596757837702
4425.2			0.9916066353478283
4426.1			1.0037036169486695
4427.0			1.0023165348621677
4427.9			1.014544017252858
4428.8			1.0146877696050414
4429.7			0.9505629363728902
4430.6			0.8853179253310984
4431.5			0.9165348284162536
4432.4			0.9747779037771332
4433.3			0.9513115187639914
4434.2			0.8677518310024548
4435.1			0.8067628325532693
4436.0			0.8273797827037321
4436.9			0.9197763265200312
4437.8			1.0237417166121972
4438.7			1.0967180273586385
4439.6			1.1048106016060864
4440.5			1.0310872700224565
4441.4			0.9281003199776015
4442.3			1.0
4443.2			0.9835418623295176
4444.1			1.0428065500329438
4445.0			1.160018290901745
4445.9			1.2519247230091068
4446.8			1.2501740713597633
4447.7			1.2323317616608944
4448.6			1.2596957336188201
4449.5			1.2369440023234712
4450.4			1.1734050042994084
4451.3			1.1694563789976071
4452.2			1.1942958344864534
4453.1			1.1704447202054298
4454.0			1.090815369565223
4454.9			0.997767533806058
4455.8			0.9677217784417118
4456.7			1.004170947620399
4457.6			1.024217143905084
4458.5			0.9960777420837156
4459.4			0.9653640304618925
4460.3			0.9544315081411916
4461.2			0.9187295455034664
4462.1			0.8967318220707523
4463.0			0.9855742288039699
4463.9			1.105265186520815
4464.8			1.1251165599055781
4465.7			1.1027867817055426
4466.6			1.096221962372288
4467.5			1.098094923462038
4468.4			1.0795605784058149
4469.3			1.04321575705663
4470.2			1.039991068958026
4471.1			1.0791143657148796
4472.0			1.1314129843013054
4472.9			1.1987631370657408
4473.8			1.2616953725170355
4474.7			1.0
4475.6			0.9861262675331128
4476.5			1.012704332659285
4477.4			1.0527891495917767
4478.3			1.0359415460241936
4479.2			0.9427119076775093
4480.1			0.83105417748244
4481.0			0.7746816372766121
4481.9			0.7747411683114458
4482.8			0.8233553909048346
4483.7			0.901373832513587
4484.6			1.0
4485.5			1.0324640864102235
4486.4			1.03550913705962
4487.3			0.9917789870044
4488.2			0.9132567044112312
4489.1			0.8336779958884922
4490.0			0.8005862779972355
4490.9			0.8348650404817145
4491.8			0.8947872522907153
4492.7			0.9245199107399238
4493.6			0.8741403226935914
4494.5			0.780104849311329
4495.4			0.7529500319526959
4496.3			0.7811330542172789
4497.2			0.8327608607728967
4498.1			0.8937923549929404
4499.0			0.9161177141272018
4499.9			0.9160646341140155
4500.8			0.8741417514373905
4501.7			0.8380127655860137
4502.6			0.8935948935344579
4503.5			0.9871644068039045
4504.4			1.0209723845998946
4505.3			1.0041807516778896
4506.2			1.0
4507.1			0.9658108604147869
4508.0			0.9426793030101102
4508.9			0.947316437041733
4509.8			0.9774063951309605
4510.7			1.0074326136030929
4511.6			0.991968123556716
4512.5			1.0
4513.4			0.9488278683392869
4514.3			0.918543587468787
4515.2			0.9228574615514086
4516.1			0.9529522594792406
4517.0			0.9613459420860896
4517.9			0.9388851539170453
4518.8			0.9502618702415931
4519.7			1.00314956694365
4520.6			1.049720494280158
4521.5			1.0680327125329
4522.4			1.011351861401482
4523.3			0.952332595091687
4524.2			0.9498801648724321
4525.1			0.9316576032154257
4526.0			0.8847509217631864
4526.9			0.8410039123936832
4527.8			0.8081510909255811
4528.7			0.7837310208172552
4529.6			0.7945529272213914
4530.5			0.8267244512332613
4531.4			0.8691691798861265
4532.3			0.9272810238351229
4533.2			0.9361332197367928
4534.1			0.8851357614724911
4535.0			0.8399063976182941
4535.9			0.8536731480274881
4536.8			1.0
4537.7			1.1083185535449909
4538.6			1.1029931835561264
4539.5			1.039492677245165
4540.4			0.9834852685244784
4541.3			0.9679339676074694
4542.2			1.0010681228195661
4543.1			1.044867611575103
4544.0			1.033448700358413
4544.9			0.9833495849599729
4545.8			0.97866198728702
4546.7			1.009488369736915
4547.6			1.0226716021027225
4548.5			0.9985820235638809
4549.4			0.9473092839548356
4550.3			0.9477196692175017
4551.2			1.0001717442714309
4552.1			1.0082286119553536
4553.0			0.9801369333193797
4553.9			0.958415962332572
4554.8			0.9425785328757825
4555.7			0.9633535289667586
4556.6			1.0322725534372315
4557.5			1.0983642278712584
4558.4			1.1188115912714618
4559.3			1.1208343453657807
4560.2			1.1127338125230055
4561.1			1.0
4562.0			1.012597111843755
4562.9			0.9879776690716817
4563.8			0.9063681161248786
4564.7			0.8329117238443898
4565.6			0.8244352164583427
4566.5			0.8873512951409145
4567.4			0.9747358787335285
4568.3			1.0083027149806287
4569.2			0.9990809588262245
4570.1			1.1117370035314396
4571.0			1.0
4571.9			0.9488653352320402
4572.8			1.0005190977038585
4573.7			1.0708717564040209
4574.6			1.0631942341253569
4575.5			1.0342465616110286
4576.4			1.0350590156044488
4577.3			1.0337589209751081
4578.2			1.003847490285391
4579.1			0.9393064210675447
4580.0			1.0
4580.9			0.9671917269719751
4581.8			1.002766785375176
4582.7			1.0387531045286829
4583.6			1.0334600678318886
4584.5			1.0196283096632193
4585.4			1.0094279404949191
4586.3			1.0048167428124848
4587.2			1.0409723925797756
4588.1			1.105047200412935
4589.0			1.1509696661592006
4589.9			1.152366657698459
4590.8			1.1058283541037766
4591.7			1.0353512389895727
4592.6			0.9904468969078879
4593.5			0.9806866634267319
4594.4			0.9590364147220838
4595.3			0.9238597971022181
4596.2			0.9183837324796684
4597.1			0.9327878299932261
4598.0			0.9530256703002192
4598.9			0.98417148192349
4599.8			0.9701907619930925
4600.7			0.9287126271738876
4601.6			0.9441896412444822
4602.5			0.9827762495309965
4603.4			0.9832781826726963
4604.3			0.9523715266474216
4605.2			0.9192331975122234
4606.1			0.9278443837415276
4607.0			0.9879320737741965
4607.9			1.0613827367139215
4608.8			1.113559408838041
4609.7			1.110548313123665
4610.6			1.0554582821538505
4611.5			1.0027241732310896
4612.4			1.0
4613.3			1.0
4614.2			1.0
4615.1			1.0
4616.0			1.0
4616.9			1.0
4617.8			1.0
4618.7			1.0
4619.6			1.0
4620.5			1.0
4621.4			1.0
4622.3			1.0
4623.2			1.0
4624.1			1.0
4625.0			1.0
4625.9			1.0
4626.8			1.0
4627.7			1.0
4628.6			1.0
4629.5			0.9827862441887968
4630.4			1.0022775454822253
4631.3			1.0495708163392732
4632.2			1.0424551877747144
4633.1			0.9887640308788613
4634.0			0.9618579089422177
4634.9			0.9703721438844938
4635.8			0.9829699524175601
4636.7			0.9723243363448373
4637.6			0.9412420205964235
4638.5			0.9232397479363784
4639.4			0.918039522208791
4640.3			0.9295629142476036
4641.2			0.9758532807285546
4642.1			1.0145368585754693
4643.0			0.9997039502138695
4643.9			0.962080241018323
4644.8			0.9366355523832796
4645.7			0.8925784038260351
4646.6			0.8330487952697987
4647.5			0.8189541826686588
4648.4			0.8584780324503365
4649.3			0.9153252694863466
4650.2			0.9779977635829846
4651.1			1.0374294787819778
4652.0			1.079077566026533
4652.9			1.098036154687508
4653.8			1.058970500159967
4654.7			0.9851593229865345
4655.6			0.9502049544100729
4656.5			0.9548842766403941
4657.4			1.0
4658.3			1.0868024709265613
4659.2			1.1615573824336722
4660.1			1.1775914760841741
4661.0			1.1222467296601992
4661.9			1.0386783824800128
4662.8			0.9713197901750917
4663.7			0.9448463999349541
4664.6			0.9551701458301879
4665.5			0.9178656890552286
4666.4			0.8142215030254273
4667.3			0.7233570754871756
4668.2			0.7362473537346899
4669.1			0.8206900683054629
4670.0			0.9040575527008383
4670.9			0.96886319402755
4671.8			0.9946451140339112
4672.7			0.9683448817346973
4673.6			0.928226258173515
4674.5			1.0
4675.4			1.0368651264413191
4676.3			1.0924117994054718
4677.2			1.0991580326342991
4678.1			1.0454482343244635
4679.0			1.0
4679.9			0.9566791339067832
4680.8			0.9266479645534418
4681.7			0.9248043498012308
4682.6			0.9640220502353121
4683.5			1.0285755711112834
4684.4			1.0516492806266833
4685.3			1.041146920074806
4686.2			1.0235073110366124
4687.1			0.9928303073138849
4688.0			0.9609109303790602
4688.9			0.9631619993584262
4689.8			0.9764089496862374
4690.7			0.9592414277006732
4691.6			0.9409685111228265
4692.5			0.9467651653172879
4693.4			0.960923283161743
4694.3			0.9902777583877136
4695.2			1.0252976218704482
4696.1			1.0547969641876431
4697.0			1.0308804206982471
4697.9			0.9439240587849033
4698.8			0.86947153494116
4699.7			0.8678246214158429
4700.6			0.8877908749140313
4701.5			0.8875415033328784
4702.4			0.8757337097618788
4703.3			0.8668900720342056
4704.2			0.8910561225485858
4705.1			0.9257137008431839
4706.0			0.9324413793500649
4706.9			0.9031525650213469
4707.8			0.8714257427905623
4708.7			0.8574513950259178
4709.6			0.860510161527506
4710.5			0.9067187135148596
4711.4			0.9555419911782561
4712.3			0.947419946443793
4713.2			0.9115353997617829
4714.1			0.8745574462741985
4715.0			0.8676490480433782
4715.9			0.9223367421743766
4716.8			0.9796628710154541
4717.7			0.9982041886850159
4718.6			1.0
4719.5			1.0
4720.4			1.0
4721.3			0.9857050067954968
4722.2			0.9625040307619672
4723.1			0.9567586007553681
4724.0			0.9897686176149856
4724.9			1.0212854852784254
4725.8			1.0101549837399486
4726.7			0.9369578695444567
4727.6			0.8371641959587152
4728.5			0.7883393398080213
4729.4			0.7973013018145158
4730.3			0.8264875603745583
4731.2			0.8628514671286739
4732.1			0.9118501511354973
4733.0			0.9523993525203565
4733.9			0.9691790780483373
4734.8			0.9943062596652404
4735.7			0.997519823808403
4736.6			1.0
4737.5			1.0
4738.4			1.0
4739.3			1.0
4740.2			1.0
4741.1			1.0
4742.0			1.0
4742.9			1.0
4743.8			1.0
4744.7			1.0
4745.6			1.0
4746.5			1.0
4747.4			1.0
4748.3			1.0
4749.2			1.0
4750.1			1.0
4751.0			1.0
4751.9			1.0
4752.8			1.0
4753.7			1.0
4754.6			1.0
4755.5			1.0
4756.4			1.0
4757.3			1.0
4758.2			1.0
4759.1			1.0231999048511495
4760.0			1.0437658583792673
4760.9			1.0267117677009492
4761.8			0.9712950584011882
4762.7			0.9289708891268919
4763.6			0.9158344568500163
4764.5			0.8959486305565488
4765.4			0.8599321611181923
4766.3			0.848269941778152
4767.2			0.8819682175457227
4768.1			0.9349265304178102
4769.0			0.9923628502485035
4769.9			1.032724065024503
4770.8			1.0113483275032944
4771.7			0.9661379582877315
4772.6			0.9609382242714778
4773.5			0.9990138016682324
4774.4			1.0
4775.3			1.0128697557539597
4776.2			1.0018897716935078
4777.1			1.0222718125105172
4778.0			1.0506938482376058
4778.9			1.043637950041352
4779.8			1.0253769293998283
4780.7			1.020195843399097
4781.6			1.0088418266906862
4782.5			0.9753684048993865
4783.4			0.9522406273601518
4784.3			0.9719124241083813
4785.2			0.9809302337986754
4786.1			0.9397156790872548
4787.0			0.926796283799194
4787.9			0.9610558942657532
4788.8			0.9681370349487437
4789.7			0.9488048953733204
4790.6			0.9508264545679214
4791.5			0.974505265005297
4792.4			1.0052882882509702
4793.3			1.0587990693238718
4794.2			1.0
4795.1			1.0251487511905268
4796.0			1.009613343160268
4796.9			1.0
4797.8			0.9525833440318128
4798.7			0.9026556912840757
4799.6			0.876410070131243
4800.5			0.895166443562773
4801.4			0.9504156284557806
4802.3			0.9955861101094696
4803.2			1.0034063551988632
4804.1			0.9730290358315992
4805.0			0.9321506518463337
4805.9			0.9178806499851434
4806.8			0.9094986047330367
4807.7			0.8812119738593829
4808.6			0.8666532124760167
4809.5			0.8908812446972744
4810.4			0.9219911871614472
4811.3			0.9346306849809526
4812.2			0.9278348347095763
4813.1			0.9175529380493954
4814.0			0.9199888350284896
4814.9			0.9300580907929414
4815.8			0.9475795312498062
4816.7			0.9694942608755213
4817.6			0.978677216949033
4818.5			0.9877959170739798
4819.4			1.0003948852144091
4820.3			1.0
4821.2			0.9894419954898158
4822.1			0.962125930596532
4823.0			0.9061985846810492
4823.9			0.8769262671953855
4824.8			0.914131090093589
4825.7			0.9723816889648337
4826.6			1.0012208799818023
4827.5			1.0
4828.4			1.0
4829.3			1.0
4830.2			1.0
4831.1			1.0
4832.0			1.0
4832.9			1.007415635344271
4833.8			1.048914909875121
4834.7			1.071266275440575
4835.6			1.0635530758606635
4836.5			1.0
4837.4			1.0062977055362448
4838.3			0.9846584811340148
4839.2			0.9440484942102395
4840.1			0.9246540838833972
4841.0			0.9447172389339555
4841.9			0.9668083449315125
4842.8			0.9571002622740606
4843.7			0.9572214379212494
4844.6			1.000649205639307
4845.5			1.0503707106707154
4846.4			1.0641774909466812
4847.3			1.0309191282689323
4848.2			0.9706796230620734
4849.1			0.950734700203871
4850.0			0.9980879368738991
4850.9			1.0410492180051563
4851.8			1.045189804517908
4852.7			1.0425196172245081
4853.6			1.0180063981956111
4854.5			0.9458979976687033
4855.4			0.8827997870240101
4856.3			0.9058588714209357
4857.2			0.9706678653221862
4858.1			0.9880380778963321
4859.0			0.9353000067376883
4859.9			0.8341509683019742
4860.8			0.7316799667923679
4861.7			0.7246720983653363
4862.6			0.8308169870711881
4863.5			0.9183262136750033
4864.4			0.9486782833331736
4865.3			0.9838438761200516
4866.2			1.0241214909154148
4867.1			1.0
4868.0			0.9859715499730876
4868.9			0.9952170384898146
4869.8			0.9864666159396243
4870.7			0.9149484418022791
4871.6			0.8564679307217188
4872.5			0.8886371919481224
4873.4			0.9604372348250331
4874.3			0.9953595552823113
4875.2			1.0009207265853135
4876.1			1.0460858963415653
4877.0			1.0880968756983422
4877.9			1.121086828339954
4878.8			1.0
4879.7			1.031787299286904
4880.6			0.9914530050438946
4881.5			0.9286660274864946
4882.4			0.9267804320022713
4883.3			0.9538215283972277
4884.2			0.933751782363115
4885.1			0.8728547862323086
4886.0			0.8342666069488506
4886.9			0.8467164983376575
4887.8			0.8847291100215082
4888.7			0.9073773456198387
4889.6			0.8960007078489322
4890.5			0.8409873143175912
4891.4			0.8192652311779566
4892.3			0.9007418580995153
4893.2			1.0
4894.1			1.0559835692384045
4895.0			1.0828311405463293
4895.9			1.079962666102091
4896.8			1.058094933368534
4897.7			1.0449202717046844
4898.6			1.015718857425488
4899.5			0.9584295734874803
4900.4			0.9354059754673775
4901.3			0.9613881248806077
4902.2			0.965554302363644
4903.1			0.9382310046019167
4904.0			1.0
4904.9			1.0331206585401065
4905.8			1.075488657144197
4906.7			1.0700536715701243
4907.6			1.0171372581552534
4908.5			0.9586951255710077
4909.4			0.8989972144952968
4910.3			1.0
4911.2			0.9974062180971621
4912.1			1.0405818012665444
4913.0			1.0801440259455481
4913.9			1.0980745456877565
4914.8			1.1261894165842805
4915.7			1.1427672799181843
4916.6			1.101864817084666
4917.5			1.0043442847777513
4918.4			0.887407636844182
4919.3			0.8012497212092712
4920.2			0.7742966749082543
4921.1			0.8104806136543462
4922.0			0.880012735967206
4922.9			0.9082987290080983
4923.8			0.88127238376292
4924.7			0.862005739107408
4925.6			0.9014352094545117
4926.5			0.9526613020852299
4927.4			0.962409501505344
4928.3			0.9756471074432977
4929.2			1.0
4930.1			1.0076816794544643
4931.0			1.0069069156338233
4931.9			0.9976831930954004
4932.8			0.9339392643882479
4933.7			0.8736412897176682
4934.6			0.9004253446336774
4935.5			0.9526233545466581
4936.4			0.9348727806359393
4937.3			0.8620388243860533
4938.2			0.8041290696925218
4939.1			0.8077557598601053
4940.0			0.885815062677648
4940.9			0.9896728255925128
4941.8			1.0380664191581843
4942.7			1.0495299064393409
4943.6			1.0649689053918667
4944.5			1.0531875404863642
4945.4			1.0146685526854244
4946.3			1.0027659055640483
4947.2			1.0
4948.1			1.0
4949.0			1.0
4949.9			1.0
4950.8			1.0
4951.7			1.0
4952.6			1.0
4953.5			1.0
4954.4			1.0
4955.3			1.0060726222091003
4956.2			0.9423624636860007
4957.1			0.8117892182977313
4958.0			0.779963376025231
4958.9			0.8926104706041397
4959.8			0.9880469041616927
4960.7			1.0002512647827815
4961.6			1.0
4962.5			1.0
4963.4			1.0
4964.3			1.0
4965.2			1.0
4966.1			1.0
4967.0			1.0
4967.9			1.0
4968.8			1.0
4969.7			1.0
4970.6			1.0
4971.5			1.0
4972.4			1.0
4973.3			1.0
4974.2			1.0
4975.1			0.9944889230782884
4976.0			0.9708667436542538
4976.9			0.9508696065069188
4977.8			0.9212868849745701
4978.7			1.0
4979.6			1.0042311901524137
4980.5			1.0035741824654694
4981.4			0.9608309944153035
4982.3			0.884768994725861
4983.2			0.8525474172630702
4984.1			0.8840067374430877
4985.0			0.9228925670012564
4985.9			0.9670235947706478
4986.8			1.0407828674132398
4987.7			1.093665036621198
4988.6			1.0874654908680284
4989.5			1.0571848196186273
4990.4			1.0309186508243515
4991.3			1.0234133719494725
4992.2			1.0455922318242779
4993.1			1.0467005961913587
4994.0			1.032824674476385
4994.9			1.0515380100865357
4995.8			1.0658006217501161
4996.7			1.0573744859547358
4997.6			1.0501003789803325
4998.5			1.026234985978138
4999.4			0.97998248587129
5000.3			0.9540510196274391
5001.2			0.9543609445688171
5002.1			0.9575078807856259
5003.0			0.95824933773504
5003.9			0.9465532145317572
5004.8			0.9094343214434195
5005.7			0.8673737862642745
5006.6			0.8758149583980098
5007.5			0.9620016182894499
5008.4			1.0473085491230287
5009.3			1.0543374261513188
5010.2			1.0203725541738031
5011.1			0.9809495070399641
5012.0			0.9190574258731558
5012.9			0.8617047033186933
5013.8			0.8437201716590802
5014.7			0.8737404814419387
5015.6			0.9299227553436656
5016.5			0.9440063288481804
5017.4			0.9078948462721643
5018.3			0.8857770484245165
5019.2			0.9158168163357701
5020.1			0.9508348970845312
5021.0			0.9498416901794545
5021.9			0.9305040866480618
5022.8			0.9427435760805455
5023.7			0.9873768675622315
5024.6			1.0126749609569448
5025.5			1.0127882632815979
5026.4			0.9872249619850857
5027.3			0.9414237683860665
5028.2			0.9528834345634387
5029.1			1.0147017157799605
5030.0			1.0448909695525637
5030.9			1.049486565551063
5031.8			1.0
5032.7			1.0543719303573889
5033.6			1.0806224098953383
5034.5			1.0405325762207058
5035.4			0.955491957988151
5036.3			0.9214591884599183
5037.2			0.9575202443124188
5038.1			0.9653256074193876
5039.0			0.9095583285432356
5039.9			0.8263312041789987
5040.8			0.7593155065090267
5041.7			0.7934425778339758
5042.6			0.9362896350196059
5043.5			1.058841703135882
5044.4			1.118857177020687
5045.3			1.1689169312955128
5046.2			1.1912307733803664
5047.1			1.1410931036851382
5048.0			1.0470357964926795
5048.9			1.0021999309537877
5049.8			1.0
5050.7			1.0
5051.6			1.0
5052.5			1.0
5053.4			1.0
5054.3			1.0
5055.2			1.0
5056.1			1.0
5057.0			1.0
5057.9			1.0
5058.8			1.0
5059.7			1.0
5060.6			1.0266850895683328
5061.5			1.0546998572159727
5062.4			1.0541280434679408
5063.3			1.0054753599391084
5064.2			0.9212261026426407
5065.1			0.877734723061137
5066.0			0.9105292454629951
5066.9			0.9419873049122942
5067.8			0.9383726370894659
5068.7			0.9516479407161815
5069.6			0.9964249014592403
5070.5			1.0
5071.4			1.0
5072.3			1.0
5073.2			1.0193537787738542
5074.1			1.0491482973389543
5075.0			1.0405699758571827
5075.9			1.0377401124706198
5076.8			1.0648151125887735
5077.7			1.0518179852387233
5078.6			0.9446562102831408
5079.5			0.832108968526785
5080.4			0.8277622090747887
5081.3			0.9086509937059591
5082.2			0.9705916223844098
5083.1			0.9745491215670983
5084.0			0.9773534793869569
5084.9			1.0073177129826565
5085.8			1.0261686321728303
5086.7			1.014644261094156
5087.6			1.0018439383148743
5088.5			1.0
5089.4			1.0
5090.3			1.0
5091.2			1.0
5092.1			1.0
5093.0			1.0
5093.9			1.0098852581985451
5094.8			1.0026301230792132
5095.7			0.9823727855507682
5096.6			0.9312356781265732
5097.5			0.8613115008239828
5098.4			0.808379101504282
5099.3			1.0
5100.2			1.0857823655474819
5101.1			1.175266855629443
5102.0			1.1884962617834733
5102.9			1.1422851976172559
5103.8			1.0937595057020097
5104.7			1.0740842501024892
5105.6			1.0679349021544111
5106.5			1.0389054685182268
5107.4			0.9934768304696743
5108.3			0.9737793766745515
5109.2			0.9660017446605209
5110.1			0.9544316777432896
5111.0			1.0
5111.9			1.0450637172260662
5112.8			1.0587188575010273
5113.7			1.0550172634759871
5114.6			1.051868624503016
5115.5			1.0553899465655399
5116.4			1.0810737459173871
5117.3			1.1072968674906158
5118.2			1.111333204875374
5119.1			1.0937361308015996
5120.0			1.0569510628989505
5120.9			1.013511103826626
5121.8			0.9667358699456278
5122.7			1.0
5123.6			0.9581320386853289
5124.5			0.9639794809282668
5125.4			0.9925191889173651
5126.3			1.0070863721016214
5127.2			1.0020682576853146
5128.1			0.9938328296472485
5129.0			0.991404387929373
5129.9			0.9994667963828607
5130.8			1.0162382528459828
5131.7			1.027496185016638
5132.6			1.0342294891839012
5133.5			1.0503853673686614
5134.4			1.0857111931700734
5135.3			1.1004567782513106
5136.2			1.0564160726506369
5137.1			1.000814994969487
5138.0			0.9709038108357101
5138.9			0.9550201935717009
5139.8			0.9766373973466241
5140.7			1.00793900331181
5141.6			0.9680315865739382
5142.5			0.9133416386497546
5143.4			0.9346233955661983
5144.3			0.9781951067946442
5145.2			0.9667575075085206
5146.1			0.9288618630884314
5147.0			0.9094259290181134
5147.9			0.9207830198289835
5148.8			0.9563923712039033
5149.7			0.9757395985653952
5150.6			0.952470943531982
5151.5			0.9247967418876002
5152.4			0.921166991847193
5153.3			0.9270933678115282
5154.2			0.9399400824209994
5155.1			0.9630117683187059
5156.0			0.99053330311768
5156.9			1.0
5157.8			1.0138460339638444
5158.7			1.0143551975307847
5159.6			1.0212601873080014
5160.5			1.0231695153310651
5161.4			0.9979632090050283
5162.3			0.9739254837890655
5163.2			0.9690356878800769
5164.1			0.9402727273165401
5165.0			0.8590171163739156
5165.9			0.7487068665429766
5166.8			0.6517545341564696
5167.7			0.625953864871873
5168.6			0.6995034649123841
5169.5			0.8179760131596263
5170.4			0.8561852784129116
5171.3			0.7513791403093848
5172.2			0.6297775299658894
5173.1			0.6577965680766229
5174.0			0.8177284724713813
5174.9			0.9498897528622305
5175.8			0.9805698047540236
5176.7			0.9790577048996645
5177.6			1.0
5178.5			1.0162337894174434
5179.4			1.009101287758035
5180.3			0.9877712315990008
5181.2			0.9293918161814531
5182.1			0.795581008350034
5183.0			0.6410565358522692
5183.9			0.6196681921027541
5184.8			0.7614113708296308
5185.7			0.9171756305531097
5186.6			0.9809739126488886
5187.5			0.9725578161463747
5188.4			0.9655326303799826
5189.3			1.0000040764664024
5190.2			1.0
5191.1			1.0
5192.0			1.0
5192.9			1.0
5193.8			1.0
5194.7			1.0
5195.6			1.0
5196.5			1.0
5197.4			1.0
5198.3			1.0
5199.2			1.0
5200.1			1.0
5201.0			1.0
5201.9			0.9992120609676359
5202.8			1.0032802221362276
5203.7			0.977464931351433
5204.6			0.9108074969421097
5205.5			0.8693792265661743
5206.4			0.8829592542909142
5207.3			0.8902277844239854
5208.2			0.8754829767417452
5209.1			0.9007365104620236
5210.0			0.9569842243898925
5210.9			0.9971427981088445
5211.8			1.0275275209160577
5212.7			1.0511340007721193
5213.6			1.0441324680997204
5214.5			0.9976061098199729
5215.4			1.0
5216.3			1.0
5217.2			1.0
5218.1			1.0
5219.0			1.0
5219.9			1.0
5220.8			1.0
5221.7			0.9930435069431074
5222.6			0.9655261224214952
5223.5			0.9174406384875373
5224.4			0.855984149240083
5225.3			0.7891880739988066
5226.2			0.7374357203641234
5227.1			0.7567678224175196
5228.0			0.8582946849147579
5228.9			0.953835075298809
5229.8			0.9900634233501167
5230.7			0.9995123124604182
5231.6			1.0
5232.5			1.0
5233.4			1.0
5234.3			1.0
5235.2			1.0
5236.1			1.0
5237.0			1.0
5237.9			1.0
5238.8			1.0
5239.7			1.0
5240.6			1.0125142337364736
5241.5			1.0097693200335323
5242.4			0.989919228202062
5243.3			0.9942126120488305
5244.2			1.0273095961841934
5245.1			1.0299247875279582
5246.0			0.9681613044863795
5246.9			0.9033175886520557
5247.8			0.8971755760250814
5248.7			0.9087135647303819
5249.6			0.8874307397494641
5250.5			0.8757412293858601
5251.4			0.9120682121805347
5252.3			0.9539657655357968
5253.2			1.0
5254.1			0.9561985318876236
5255.0			0.9327878651653378
5255.9			0.9853620688050392
5256.8			1.0685935558660673
5257.7			1.1128330778192088
5258.6			1.1170512299156896
5259.5			1.0938691654712602
5260.4			1.0437206010106628
5261.3			0.9698671916372855
5262.2			0.8907593516208459
5263.1			0.8319557993700075
5264.0			0.793134625114525
5264.9			0.7628689762804276
5265.8			0.7707613282188344
5266.7			0.8431580647630643
5267.6			0.8941805633559752
5268.5			0.8287434603171482
5269.4			0.7369989063298175
5270.3			0.7695767147812217
5271.2			0.8906802880135912
5272.1			0.9633523281714863
5273.0			0.9628474520032158
5273.9			0.9353127632162491
5274.8			0.9051100318478384
5275.7			0.9235332542033223
5276.6			1.0092628160423045
5277.5			1.0
5278.4			1.0053497731790646
5279.3			0.9643969272122577
5280.2			0.9159889320345268
5281.1			0.8893901729861331
5282.0			0.876356700044301
5282.9			0.8541817721301473
5283.8			0.8486447805786417
5284.7			0.9023898384910266
5285.6			0.9795359440907295
5286.5			1.0136954893854335
5287.4			1.0
5288.3			0.9885599865449987
5289.2			1.0050735495127117
5290.1			1.0293510139292232
5291.0			1.031625003667009
5291.9			1.0046585367603602
5292.8			0.9714866679349397
5293.7			0.960116151102232
5294.6			0.9569346303797399
5295.5			0.9237121756646463
5296.4			0.8539201925584673
5297.3			0.7928930833548833
5298.2			0.8006163568756436
5299.1			0.8666572678119496
5300.0			0.9068093504306843
5300.9			0.8988196535668915
5301.8			0.8990198431673508
5302.7			0.935485851456409
5303.6			0.9857413758817962
5304.5			1.0198882796782163
5305.4			1.0229261309767776
5306.3			1.0001001397971885
5307.2			1.0
5308.1			1.0
5309.0			1.0
5309.9			1.0
5310.8			1.0
5311.7			1.0
5312.6			1.0
5313.5			1.0
5314.4			1.0
5315.3			1.0
5316.2			1.0
5317.1			1.0019402098596422
5318.0			1.0196236785854873
5318.9			1.0251734506934955
5319.8			1.024494739831943
5320.7			1.027369657474259
5321.6			1.0257520834854181
5322.5			1.004442082100413
5323.4			0.9641018054105028
5324.3			0.9454176052313887
5325.2			0.9623434840643802
5326.1			0.9489246193912827
5327.0			0.8538528734432824
5327.9			0.7567396210713511
5328.8			0.7801777290913579
5329.7			0.8977872138350388
5330.6			0.9885228496347827
5331.5			1.0010456976821827
5332.4			0.9812809123332423
5333.3			0.9942270553622838
5334.2			1.0365202053592104
5335.1			1.0592457085128333
5336.0			1.0
5336.9			0.9899102342563676
5337.8			0.9848795564358582
5338.7			0.9541244746467996
5339.6			0.8937639038397525
5340.5			0.8670687684308779
5341.4			0.9116370785414455
5342.3			0.9738640618483868
5343.2			1.0039298916399566
5344.1			1.0002882524877104
5345.0			1.0
5345.9			1.0
5346.8			1.0
5347.7			1.0
5348.6			1.0
5349.5			1.0
5350.4			1.0
5351.3			1.0
5352.2			1.0
5353.1			1.0
5354.0			1.0
5354.9			1.0
5355.8			1.0
5356.7			1.0
5357.6			1.0
5358.5			1.0
5359.4			1.0
5360.3			1.0
5361.2			0.9696080026843986
5362.1			0.9522038955635108
5363.0			0.9529279425855792
5363.9			0.9450378935551916
5364.8			0.931670995599242
5365.7			0.9330430195317719
5366.6			0.9401199165729541
5367.5			0.9367805610455936
5368.4			0.9133460315417556
5369.3			0.866540956000193
5370.2			0.8246846119426317
5371.1			0.8297069730735683
5372.0			0.8944244870374258
5372.9			0.968976688183822
5373.8			1.0120629798665288
5374.7			1.0307524875780814
5375.6			1.025140218869159
5376.5			1.0014740149871142
5377.4			0.9909753395158079
5378.3			0.9997921036667954
5379.2			1.0006853805832128
5380.1			1.0
5381.0			0.9908033134391824
5381.9			0.990142529795269
5382.8			0.9944810766229293
5383.7			1.0180333688927365
5384.6			1.044092542525727
5385.5			1.0422824917871947
5386.4			1.022602487441558
5387.3			1.0093824636520652
5388.2			0.9971748940891271
5389.1			0.9777261532343732
5390.0			0.9585710361327555
5390.9			0.95008776868535
5391.8			0.9534368287018046
5392.7			0.9613443241451587
5393.6			0.9667147682118468
5394.5			0.9702144668943768
5395.4			0.9521951090102272
5396.3			0.9060798952687287
5397.2			0.8968603365326837
5398.1			0.9478858880120699
5399.0			0.989632464231788
5399.9			0.9927868138736964
5400.8			1.0037208144904002
5401.7			1.0271511339253792
5402.6			1.0103755742237241
5403.5			0.9397425136993405
5404.4			0.86800652271279
5405.3			0.8457080212037393
5406.2			0.8830226172725328
5407.1			0.9456451555075169
5408.0			0.9788545155702307
5408.9			0.9621674536010848
5409.8			0.947234372594436
5410.7			0.9841221786297725
5411.6			1.0443859439139007
5412.5			1.0727377182715963
5413.4			1.0657088484679482
5414.3			1.0561214669449155
5415.2			1.0748746905111244
5416.1			1.110676324790147
5417.0			1.0
5417.9			0.9944786779485716
5418.8			0.9724533113712782
5419.7			0.945460118194835
5420.6			0.9418597797314474
5421.5			0.9719891260906437
5422.4			0.9856404755514682
5423.3			0.954197640181447
5424.2			0.940271432014101
5425.1			1.0
5426.0			1.0622411570763908
5426.9			1.0835404969731275
5427.8			1.0313648273217608
5428.7			0.9372162103390457
5429.6			0.9069145826340872
5430.5			0.959125724220167
5431.4			0.9888011016849151
5432.3			0.9588020915788824
5433.2			0.9208990835770235
5434.1			0.8996925525573002
5435.0			0.8936973079803636
5435.9			0.9082841787005482
5436.8			0.9557414746038261
5437.7			1.0194210549540306
5438.6			1.0608126867681733
5439.5			1.0702645071181358
5440.4			1.060669592440116
5441.3			1.0504946606873218
5442.2			1.0
5443.1			0.9920636908733662
5444.0			0.9609589739206966
5444.9			0.9050730927280518
5445.8			0.8463887901786133
5446.7			0.8365135010901736
5447.6			0.8988158853757134
5448.5			0.972164935010868
5449.4			1.003025710741097
5450.3			0.9998914847931011
5451.2			1.0
5452.1			1.0
5453.0			1.0
5453.9			1.0
5454.8			1.0
5455.7			1.0
5456.6			1.0
5457.5			1.0
5458.4			1.0
5459.3			1.0
5460.2			1.0
5461.1			1.0
5462.0			0.9548285473081215
5462.9			0.9334651769782634
5463.8			0.9704044154617555
5464.7			1.0192255082471207
5465.6			1.0232778220713812
5466.5			1.0089111808364783
5467.4			1.0164056129441985
5468.3			1.023520920341408
5469.2			1.0058048575285037
5470.1			0.9860535888259834
5471.0			0.9873899594670632
5471.9			0.9830838086031006
5472.8			0.9581626934242442
5473.7			0.9513022839093899
5474.6			0.947497331429995
5475.5			0.8934803952227766
5476.4			0.8383919612151787
5477.3			0.8714889643535774
5478.2			0.9552851285395582
5479.1			0.9873314140203434
5480.0			0.9440812734111358
5480.9			0.8961852907480548
5481.8			0.9039267305182306
5482.7			0.9451767640593273
5483.6			0.9929525976933216
5484.5			1.036210364045279
5485.4			1.038606916404651
5486.3			0.9898850442681749
5487.2			0.9423969651443758
5488.1			0.9441131044264064
5489.0			0.9690361562639833
5489.9			0.9850380632871792
5490.8			0.9996355843579913
5491.7			1.0
5492.6			1.0
5493.5			1.0
5494.4			1.0
5495.3			1.0
5496.2			0.9948138386227572
5497.1			0.98202274571518
5498.0			1.012126289080853
5498.9			1.057066496739817
5499.8			1.0547508328615558
5500.7			1.0079271598369286
5501.6			0.9684420021053536
5502.5			0.9647529964448682
5503.4			0.983632733845351
5504.3			0.9959007913986578
5505.2			0.9789405879722068
5506.1			0.9605103864801948
5507.0			0.9823863666562604
5507.9			1.0152605723563013
5508.8			1.0178239743786488
5509.7			1.0053975019750345
5510.6			0.9886056704819708
5511.5			0.9574380201066591
5512.4			0.93908590254333
5513.3			0.9567418168728528
5514.2			0.9871986515735981
5515.1			1.005697096599976
5516.0			1.011798684069794
5516.9			1.0298154833225535
5517.8			1.0662852697393315
5518.7			1.0917946959953413
5519.6			1.0889241016656237
5520.5			1.0733325451467728
5521.4			1.0
5522.3			1.004494718626794
5523.2			1.010071456617485
5524.1			1.0038711747536389
5525.0			0.9878987874950139
5525.9			0.9692201586522544
5526.8			0.9445990284735848
5527.7			0.9217570575732862
5528.6			0.9304580310545176
5529.5			0.9729011311768995
5530.4			1.0085757613423187
5531.3			1.0159089500146643
5532.2			1.0091876417504966
5533.1			0.9993515869990518
5534.0			1.0
5534.9			1.0
5535.8			1.0
5536.7			1.0
5537.6			1.0
5538.5			1.0
5539.4			1.0
5540.3			1.0
5541.2			1.0
5542.1			1.0
5543.0			1.0
5543.9			1.0
5544.8			1.0
5545.7			1.0
5546.6			1.0
5547.5			1.0
5548.4			1.0
5549.3			1.0
5550.200000000001			1.0
5551.1			1.0
5552.0			1.0
5552.9			1.0
5553.8			1.0
5554.700000000001			1.0
5555.6			1.0
5556.5			1.0
5557.4			1.0
5558.3			1.0
5559.200000000001			1.0
5560.1			1.0
5561.0			1.0
5561.9			1.0
5562.8			1.0
5563.700000000001			1.0
5564.6			1.0
5565.5			1.0
5566.4			1.0
5567.3			1.0
5568.200000000001			1.0
5569.1			1.0
5570.0			1.0
5570.9			1.0
5571.8			1.0
5572.700000000001			1.0
5573.6			1.0
5574.5			1.0
5575.4			1.0
5576.3			1.0
5577.200000000001			1.003970897531603
5578.1			1.0032781530363017
5579.0			1.0073882329254424
5579.9			1.0239613295979935
5580.8			1.0273025081091829
5581.700000000001			1.0196109242831177
5582.6			1.0234551840930246
5583.5			1.0278753544473067
5584.4			1.0140023700564322
5585.3			0.9784644206351425
5586.200000000001			0.9268012810191244
5587.1			0.8881868642668241
5588.0			0.8812884119742163
5588.9			0.8977449710609559
5589.8			0.9283253682156595
5590.700000000001			0.9585624495400569
5591.6			0.9736293034074232
5592.5			0.9751366409703994
5593.4			0.9683767460295314
5594.3			1.0
5595.200000000001			1.0455702155605084
5596.1			1.0818504920891832
5597.0			1.0549499481120912
5597.9			1.0013893207836604
5598.8			0.9720551739884282
5599.700000000001			0.9513566921712907
5600.6			0.9217171823068221
5601.5			0.8945991805423067
5602.4			0.889191932803957
5603.3			0.9285534837195343
5604.200000000001			0.9882859054616003
5605.1			1.0225798437265867
5606.0			1.0274147774315825
5606.9			1.0
5607.8			0.9901704658027317
5608.700000000001			0.982719650865206
5609.6			0.9850385147265063
5610.5			0.993752023053105
5611.4			1.0059825102830295
5612.3			1.0135546926945345
5613.200000000001			0.9879601190245739
5614.1			0.9098581851527305
5615.0			0.8408172702286091
5615.9			0.858067492137559
5616.8			0.9231730215838961
5617.700000000001			0.9578263571673225
5618.6			0.9510686872123643
5619.5			0.9427546761914267
5620.4			1.0
5621.3			1.0247046408643468
5622.200000000001			1.0285253894880877
5623.1			0.9832547154275378
5624.0			0.9183065834463832
5624.9			0.9006014128653775
5625.8			0.9341285331880768
5626.700000000001			0.9638429691879093
5627.6			0.9774343404245139
5628.5			1.002328896165104
5629.4			1.0
5630.3			1.0
5631.200000000001			1.0
5632.1			1.0
5633.0			1.0
5633.9			1.0
5634.8			1.0
5635.700000000001			1.0
5636.6			1.0
5637.5			1.0
5638.4			1.0
5639.3			1.0
5640.200000000001			0.9766334977843131
5641.1			0.9485224956070025
5642.0			0.9526437002691982
5642.9			0.9683404924607029
5643.8			0.97534019066604
5644.700000000001			0.9866340369502875
5645.6			0.999300486652996
5646.5			1.0092491037278233
5647.4			1.0126490147868057
5648.3			0.9985492453274503
5649.200000000001			0.9765585620627967
5650.1			0.9730365329792259
5651.0			0.9957393164497575
5651.9			1.0165407212322426
5652.8			1.0055046174903448
5653.700000000001			0.9609724475402694
5654.6			0.932191286598384
5655.5			0.9551318160340442
5656.4			0.9682917960431496
5657.3			0.9067130550194805
5658.200000000001			0.8438769100695411
5659.1			0.8669898292477508
5660.0			0.922552754980645
5660.9			0.9304919304518549
5661.8			0.908780063177694
5662.700000000001			0.9127801336585315
5663.6			0.9508980938440695
5664.5			0.9840760195571926
5665.4			0.9817955270207132
5666.3			0.950055055660038
5667.200000000001			0.9252933144527454
5668.1			0.9255725216719429
5669.0			0.9352629619520784
5669.9			0.9441364288741897
5670.8			0.9593718905761707
5671.700000000001			0.9867063009300756
5672.6			1.0115102435056404
5673.5			1.016084881934839
5674.4			1.000044473820416
5675.3			0.9894651844344601
5676.200000000001			1.0001012171261614
5677.1			1.0
5678.0			1.0
5678.9			1.0
5679.8			1.0
5680.700000000001			1.0
5681.6			1.0
5682.5			1.0
5683.4			1.0
5684.3			1.0
5685.200000000001			1.0
5686.1			1.0
5687.0			1.0
5687.9			1.0
5688.8			1.0
5689.700000000001			1.0
5690.6			1.0
5691.5			1.014597971620063
5692.4			1.0229251504364991
5693.3			1.0129346877936847
5694.200000000001			0.9999142119948456
5695.1			1.0058123351269657
5696.0			1.0187096313796606
5696.9			1.003869357965067
5697.8			0.9654576348880289
5698.700000000001			0.9441012460408117
5699.6			0.9366614055817335
5700.5			0.9170421755227371
5701.4			0.9038190714471275
5702.3			0.9180499961078908
5703.200000000001			0.948615462016556
5704.1			0.9612175270549324
5705.0			0.9385286145294633
5705.9			0.9018890478514208
5706.8			0.8803546205539535
5707.700000000001			0.8620154463411663
5708.6			0.8434762150247568
5709.5			0.8483774546317329
5710.4			0.8633382093198491
5711.3			0.865827164263421
5712.200000000001			0.8887762572513982
5713.1			0.9342948328512196
5714.0			0.9601926322741063
5714.9			0.9699693508533463
5715.8			0.983417153160167
5716.700000000001			0.9875131568759666
5717.6			0.9847884368379377
5718.5			0.9957277415068364
5719.4			1.0086829639581856
5720.3			1.0101220935713178
5721.200000000001			1.0130572582491426
5722.1			1.0244042911296725
5723.0			1.0300621595489285
5723.9			1.0271059073047295
5724.8			1.0199830881877479
5725.700000000001			0.9993112907344889
5726.6			1.0
5727.5			1.0
5728.4			1.0
5729.3			1.0
5730.200000000001			1.0
5731.1			1.0
5732.0			1.0
5732.9			1.0
5733.8			1.0
5734.700000000001			1.0
5735.6			1.0
5736.5			1.0
5737.4			1.0
5738.3			1.0
5739.200000000001			1.0
5740.1			1.0
5741.0			1.0
5741.9			1.0
5742.8			1.0
5743.700000000001			1.0
5744.6			1.0
5745.5			1.0
5746.4			1.0
5747.3			1.0
5748.200000000001			1.0
5749.1			1.027104889884891
5750.0			1.0574935767838693
5750.9			1.044762007176698
5751.8			0.9931904858167955
5752.700000000001			0.9309494067812837
5753.6			0.8949435307954432
5754.5			0.9136585399903943
5755.4			0.9675161905419633
5756.3			1.0056162462808698
5757.200000000001			1.0113644717444312
5758.1			0.9967889693531562
5759.0			1.0
5759.9			1.0
5760.8			1.0
5761.700000000001			1.0
5762.6			1.0
5763.5			1.0
5764.4			1.0
5765.3			1.0
5766.200000000001			1.0
5767.1			1.0
5768.0			1.0
5768.9			1.0
5769.8			1.0
5770.700000000001			1.0
5771.6			1.0
5772.5			0.9981979493080143
5773.4			1.000088461422916
5774.3			0.9980603206083571
5775.200000000001			1.008237575523234
5776.1			1.0285207705132127
5777.0			1.0356711741246947
5777.9			1.0263482289500891
5778.8			1.001385921174402
5779.700000000001			0.9512520508711577
5780.6			0.8955010601152295
5781.5			0.8801677580934216
5782.4			0.9066261638239217
5783.3			0.9241479840005673
5784.200000000001			0.9078695262414239
5785.1			0.8974589264341608
5786.0			0.9330370169549805
5786.9			0.9871927639609964
5787.8			1.0222494577763954
5788.700000000001			1.0367291386854967
5789.6			1.0243013848114646
5790.5			0.9983385924155367
5791.4			1.0
5792.3			1.0
5793.200000000001			1.0
5794.1			1.0
5795.0			1.0
5795.9			1.0
5796.8			1.0
5797.700000000001			1.0
5798.6			1.0
5799.5			1.0
5800.4			1.0
5801.3			1.0
5802.200000000001			1.0
5803.1			1.0
5804.0			1.0
5804.9			1.0
5805.8			1.0
5806.700000000001			1.0
5807.6			1.0
5808.5			1.0
5809.4			1.0
5810.3			1.0
5811.200000000001			1.0
5812.1			1.0
5813.0			1.0
5813.9			1.0
5814.8			1.0
5815.700000000001			1.0
5816.6			1.0
5817.5			1.0
5818.4			1.0
5819.3			1.0
5820.200000000001			1.0
5821.1			1.0
5822.0			1.0
5822.9			1.0
5823.8			1.0
5824.700000000001			1.0
5825.6			1.0
5826.5			1.0
5827.4			1.0
5828.3			1.0
5829.200000000001			1.0
5830.1			1.0
5831.0			1.0
5831.9			1.0
5832.8			1.0
5833.700000000001			1.0
5834.6			1.0
5835.5			1.0
5836.4			1.0
5837.3			1.0
5838.200000000001			1.0
5839.1			1.0
5840.0			1.0
5840.9			1.0
5841.8			1.0
5842.700000000001			1.0
5843.6			1.0
5844.5			1.0
5845.4			1.0
5846.3			1.0
5847.200000000001			0.9894325136543816
5848.1			0.995562143411026
5849.0			1.008980284264306
5849.9			1.0170665997598138
5850.8			1.0127397672060752
5851.700000000001			0.989297324678621
5852.6			0.9616457725432896
5853.5			0.9536668022938891
5854.4			0.9691991935823583
5855.3			0.9783515753895603
5856.200000000001			0.9501486015985552
5857.1			0.9056639904832762
5858.0			0.896399867472625
5858.9			0.925499206531228
5859.8			0.9602751912171503
5860.700000000001			0.9808039114408614
5861.6			0.9796693142094591
5862.5			0.9732059015268135
5863.4			0.9830385062738058
5864.3			0.9995296048988134
5865.200000000001			0.9939585470086684
5866.1			0.9693746036720288
5867.0			0.964590809226146
5867.9			0.9828816998381382
5868.8			1.0004329886179146
5869.700000000001			1.0
5870.6			1.0
5871.5			1.0
5872.4			1.0
5873.3			1.0
5874.200000000001			1.0
5875.1			1.0
5876.0			1.0
5876.9			1.0
5877.8			1.0
5878.700000000001			1.0
5879.6			0.9857413516031022
5880.5			0.9838586587210905
5881.4			1.0040723829515268
5882.3			1.0162566616083129
5883.200000000001			1.003061604351286
5884.1			0.9975338027837125
5885.0			1.0173258520091732
5885.9			1.0328846798107862
5886.8			1.0163788869964738
5887.700000000001			0.946347120212109
5888.6			0.8064650005730926
5889.5			0.67174853140937
5890.4			0.678214719711361
5891.3			0.7973252402075411
5892.200000000001			0.88611916624789
5893.1			0.9206495706977035
5894.0			0.9085529387667346
5894.9			0.8194101148186945
5895.8			0.748373826289548
5896.700000000001			0.8130097559792616
5897.6			0.9258628780507383
5898.5			0.977699626368042
5899.4			0.9994202077459604
5900.3			1.0
5901.200000000001			1.0
5902.1			1.0
5903.0			1.0
5903.9			1.0
5904.8			1.0
5905.700000000001			1.0
5906.6			1.0
5907.5			1.0
5908.4			1.0
5909.3			1.0
5910.200000000001			1.0
5911.1			1.0
5912.0			1.0
5912.9			1.0
5913.8			1.0
5914.700000000001			1.0
5915.6			1.0
5916.5			1.0
5917.4			1.0
5918.3			1.0
5919.200000000001			1.0
5920.1			1.0
5921.0			1.0
5921.9			1.0
5922.8			1.0
5923.700000000001			1.0
5924.6			1.0
5925.5			1.0
5926.4			1.0
5927.3			1.0
5928.200000000001			1.0
5929.1			1.0
5930.0			1.0
5930.9			1.0
5931.8			1.0
5932.700000000001			1.0
5933.6			1.0
5934.5			1.0
5935.4			1.0
5936.3			1.0
5937.200000000001			1.0
5938.1			1.0
5939.0			1.0
5939.9			1.0
5940.8			1.0
5941.700000000001			1.0
5942.6			1.0
5943.5			1.0
5944.4			1.0
5945.3			1.0
5946.200000000001			1.0
5947.1			1.0
5948.0			1.0
5948.9			1.0
5949.8			1.0
5950.700000000001			1.0
5951.6			1.0
5952.5			1.0
5953.4			1.0
5954.3			1.0
5955.200000000001			1.0
5956.1			1.0
5957.0			1.0
5957.9			1.0
5958.8			1.0
5959.700000000001			1.0
5960.6			1.0
5961.5			1.0
5962.4			1.0
5963.3			1.0
5964.200000000001			1.0
5965.1			1.0
5966.0			1.0
5966.9			1.0
5967.8			1.0
5968.700000000001			1.0
5969.6			1.0
5970.5			1.0
5971.4			1.0
5972.3			1.0
5973.200000000001			1.0
5974.1			1.0
5975.0			1.0
5975.9			1.0
5976.8			1.0
5977.700000000001			1.0
5978.6			1.0
5979.5			1.0
5980.4			1.0
5981.3			1.0
5982.200000000001			1.0
5983.1			1.0
5984.0			1.0
5984.9			1.0
5985.8			1.0
5986.700000000001			1.0
5987.6			1.0
5988.5			1.0
5989.4			1.0
5990.3			1.0
5991.200000000001			1.0
5992.1			1.0
5993.0			1.0
5993.9			1.0
5994.8			1.0
5995.700000000001			1.0
5996.6			1.0
5997.5			1.0
5998.4			1.0
5999.3			1.0286914212346674
6000.200000000001			1.0466884471814895
6001.1			1.046059023950784
6002.0			1.0271917259627834
6002.9			1.0136357230202415
6003.8			1.0221012222461736
6004.700000000001			1.0255384360368605
6005.6			1.006873933513279
6006.5			0.978064239069371
6007.4			0.9498863595118089
6008.3			0.9534169125629565
6009.200000000001			1.001344346201819
6010.1			1.0443826852836617
6011.0			1.0425813799058226
6011.9			1.0094345110185625
6012.8			0.9826028433286472
6013.700000000001			0.9848609630243411
6014.6			1.0016358521236939
6015.5			1.0001765291048392
6016.4			1.0
6017.3			1.0
6018.200000000001			1.0
6019.1			1.0
6020.0			1.0
6020.9			1.0
6021.8			1.0
6022.700000000001			1.0
6023.6			1.0
6024.5			1.0
6025.4			1.0
6026.3			1.0
6027.200000000001			1.0
6028.1			1.0
6029.0			1.0
6029.9			1.0
6030.8			1.0
6031.700000000001			1.0
6032.6			1.0
6033.5			1.0
6034.4			1.0
6035.3			1.0
6036.200000000001			1.0
6037.1			1.0
6038.0			1.0
6038.9			1.0
6039.8			1.0
6040.700000000001			1.0
6041.6			1.0
6042.5			1.0
6043.4			1.0
6044.3			1.0
6045.200000000001			1.0
6046.1			1.0
6047.0			1.0
6047.9			1.0
6048.8			1.0
6049.700000000001			1.0
6050.6			1.0
6051.5			1.0
6052.4			1.0
6053.3			1.0
6054.200000000001			1.0
6055.1			1.0
6056.0			1.0
6056.9			1.0
6057.8			1.0
6058.700000000001			1.0
6059.6			1.0
6060.5			1.0
6061.4			1.0
6062.3			1.0
6063.200000000001			1.0
6064.1			1.0
6065.0			1.0
6065.9			1.0
6066.8			1.0
6067.700000000001			1.0
6068.6			1.0
6069.5			1.0
6070.4			1.0
6071.3			1.0
6072.200000000001			1.0
6073.1			1.0
6074.0			1.0
6074.9			1.0
6075.8			1.0
6076.700000000001			1.0
6077.6			1.0
6078.5			1.0
6079.4			1.0
6080.3			1.0
6081.200000000001			1.0
6082.1			1.0
6083.0			1.0
6083.9			1.0
6084.8			1.0
6085.700000000001			1.0
6086.6			1.0
6087.5			1.0
6088.4			1.0
6089.3			1.0
6090.200000000001			1.0
6091.1			1.0
6092.0			1.0
6092.9			1.0
6093.8			1.0
6094.700000000001			1.0
6095.6			1.0
6096.5			1.0
6097.4			1.0
6098.3			1.0
6099.200000000001			1.0
6100.1			1.0036817428255962
6101.0			0.9731176524693025
6101.9			0.9114073224285648
6102.8			0.8759379149510834
6103.700000000001			0.9155376340930463
6104.6			0.9765007354716393
6105.5			0.9994282221272147
6106.4			1.0
6107.3			1.0
6108.200000000001			1.0
6109.1			1.0
6110.0			1.0
6110.9			1.0
6111.8			1.0
6112.700000000001			1.0
6113.6			1.0
6114.5			1.0
6115.4			1.0
6116.3			1.0
6117.200000000001			1.0
6118.1			1.0
6119.0			1.0
6119.9			1.0
6120.8			1.0
6121.700000000001			1.0
6122.6			1.0
6123.5			1.0
6124.4			1.0
6125.3			1.0
6126.200000000001			1.0
6127.1			1.0
6128.0			1.0
6128.9			1.0
6129.8			1.0
6130.700000000001			1.0
6131.6			1.0
6132.5			1.0137424691447348
6133.4			1.0206066123571198
6134.3			1.00314216726977
6135.200000000001			0.951692503162139
6136.1			0.8741591244396185
6137.0			0.8284428481690412
6137.9			0.8767183944753585
6138.8			0.9803880967969579
6139.700000000001			1.0465483332365806
6140.6			1.0397687302270098
6141.5			1.0057404553843214
6142.4			1.0
6143.3			1.0
6144.200000000001			1.0
6145.1			1.0
6146.0			1.0
6146.9			1.0
6147.8			1.0
6148.700000000001			1.0
6149.6			1.0
6150.5			1.0
6151.4			1.0
6152.3			1.0
6153.200000000001			1.0
6154.1			1.0
6155.0			1.0
6155.9			1.0
6156.8			1.0105048060543822
6157.700000000001			1.0154544334571451
6158.6			1.0239959573875705
6159.5			1.0077482451873567
6160.4			0.9505443835684846
6161.3			0.888095240800958
6162.200000000001			0.8646978241733525
6163.1			0.8831477705942066
6164.0			0.9246816293178937
6164.9			0.9636967236965897
6165.8			0.9811486479259339
6166.700000000001			0.9973851445707601
6167.6			1.0003699257759724
6168.5			1.0
6169.4			1.0
6170.3			1.0
6171.200000000001			1.0
6172.1			1.0
6173.0			1.0
6173.9			1.0
6174.8			1.0
6175.700000000001			1.0
6176.6			1.0
6177.5			1.0
6178.4			1.0
6179.3			1.0
6180.200000000001			1.0
6181.1			1.0
6182.0			1.0
6182.9			1.0
6183.8			1.0
6184.700000000001			1.002536440607283
6185.6			0.9901022846240319
6186.5			0.9652033089573083
6187.4			0.9534828757880932
6188.3			0.9624367187475137
6189.200000000001			0.9743498572634515
6190.1			0.9528703507443707
6191.0			0.906090574777867
6191.9			0.9084205645706979
6192.8			0.9716496755774492
6193.700000000001			1.0197444399729918
6194.6			1.0299486224726186
6195.5			1.0364278782660925
6196.4			1.0531127712747013
6197.3			1.062498994212125
6198.200000000001			1.0428078895486592
6199.1			1.002096751054699
6200.0			1.0
6200.9			1.0
6201.8			1.0
6202.700000000001			1.0
6203.6			1.0
6204.5			1.0
6205.4			1.0
6206.3			1.0
6207.200000000001			1.0
6208.1			1.0
6209.0			1.0
6209.9			1.0
6210.8			1.0
6211.700000000001			1.0
6212.6			1.0
6213.5			1.0
6214.4			1.0
6215.3			1.0
6216.200000000001			1.0
6217.1			1.0
6218.0			1.0
6218.9			1.0
6219.8			1.0
6220.700000000001			1.0
6221.6			1.0
6222.5			1.0
6223.4			1.0
6224.3			1.0
6225.200000000001			1.0019042854628417
6226.1			1.0097690780334525
6227.0			1.0065557880673415
6227.9			0.9963664569201668
6228.8			0.9675865632735546
6229.700000000001			0.9147536177197948
6230.6			0.875836888741525
6231.5			0.8851650577977406
6232.4			0.9182389978972
6233.3			0.9508409968165055
6234.200000000001			0.9909792290557745
6235.1			1.0134174331986585
6236.0			0.9990841442619275
6236.9			1.0
6237.8			1.0
6238.700000000001			1.0
6239.6			1.0
6240.5			1.0
6241.4			1.0
6242.3			1.0
6243.200000000001			1.0
6244.1			1.0
6245.0			1.0
6245.9			1.0
6246.8			1.0
6247.700000000001			1.0375263509815575
6248.6			1.0630398222886364
6249.5			1.0633657992386087
6250.4			1.051122628590405
6251.3			1.015548559552396
6252.200000000001			0.968363733525971
6253.1			0.943203469612118
6254.0			0.9382146647699755
6254.9			0.9432869192325029
6255.8			0.9477821062316744
6256.700000000001			0.9426957280423693
6257.6			0.9301635847657458
6258.5			0.9209765650904864
6259.4			0.9464839247462079
6260.3			0.9830606557706382
6261.200000000001			0.9983014772564094
6262.1			1.01909464740445
6263.0			1.0427280181831189
6263.9			1.0329467591001071
6264.8			0.9952039756839308
6265.700000000001			0.9806320363506926
6266.6			1.0064501870840472
6267.5			1.0274838620429032
6268.4			1.0205714916814628
6269.3			1.001084002289047
6270.200000000001			1.0
6271.1			1.0
6272.0			1.0
6272.9			1.0
6273.8			1.0
6274.700000000001			1.0
6275.6			1.0
6276.5			1.0
6277.4			1.0
6278.3			1.0
6279.200000000001			1.0
6280.1			1.0
6281.0			1.0
6281.9			1.0
6282.8			1.0
6283.700000000001			1.0
6284.6			1.0
6285.5			1.0
6286.4			1.0
6287.3			1.0
6288.200000000001			1.0
6289.1			1.0
6290.0			1.0
6290.9			1.0
6291.8			1.0
6292.700000000001			1.0060630977993945
6293.6			1.017452471372605
6294.5			1.0334574482146015
6295.4			1.0288584706898214
6296.3			1.0000939513767968
6297.200000000001			0.9786262387885594
6298.1			0.9778168581488812
6299.0			0.9940280715234671
6299.9			0.9966248721647774
6300.8			0.970242861435459
6301.700000000001			0.9455211613432705
6302.6			0.9574308128104775
6303.5			0.9971178513551431
6304.4			1.0255507951524316
6305.3			1.0
6306.200000000001			1.0059537691546623
6307.1			1.0256014683157035
6308.0			1.0342052227191125
6308.9			1.02263953213619
6309.8			0.9952706195796561
6310.700000000001			0.9693935402088174
6311.6			0.9654046549385987
6312.5			0.9796285337172582
6313.4			0.9820100808944988
6314.3			0.9500108340041815
6315.200000000001			0.9189154462959547
6316.1			0.9309073282395023
6317.0			0.9420483812397733
6317.9			0.9142811142244816
6318.8			0.9038168451169967
6319.700000000001			0.9363564276728381
6320.6			0.9660157454404874
6321.5			0.9717767740678867
6322.4			0.9671022111548562
6323.3			0.9849274541664591
6324.200000000001			1.016824293218815
6325.1			1.0315104388477272
6326.0			1.026952475557539
6326.9			1.0089538740913144
6327.8			1.002258471032529
6328.700000000001			1.013840212075017
6329.6			1.0096460428099021
6330.5			0.994806400706087
6331.4			0.9995801248847525
6332.3			1.0
6333.200000000001			1.0
6334.1			1.0
6335.0			1.0
6335.9			1.0
6336.8			1.0
6337.700000000001			1.0
6338.6			1.0
6339.5			1.0
6340.4			1.0
6341.3			1.0
6342.200000000001			1.0
6343.1			1.0
6344.0			1.0
6344.9			1.0
6345.8			1.0
6346.700000000001			1.0
6347.6			1.0
6348.5			1.0
6349.4			1.00733167046079
6350.3			1.0018782515151434
6351.200000000001			1.0014100322240331
6352.1			1.0058557891421
6353.0			0.9972604442327976
6353.9			0.9709876797106575
6354.8			0.9422413284694892
6355.700000000001			0.9452217903845461
6356.6			0.967664102729917
6357.5			0.9646811956765386
6358.4			0.9304434256412668
6359.3			0.9139368467138226
6360.200000000001			0.9228038396884928
6361.1			0.9155440750913599
6362.0			0.8950769399516749
6362.9			0.8903520398768163
6363.8			0.9099898057008824
6364.700000000001			0.9323168160534295
6365.6			0.9528810832007487
6366.5			0.9679464796760737
6367.4			0.9836322191494375
6368.3			0.9922742592377156
6369.200000000001			0.9848444657114475
6370.1			0.9734971412372143
6371.0			0.9741947513959356
6371.9			0.993132194126957
6372.8			1.0133254419775488
6373.700000000001			1.0147371930664966
6374.6			1.0006182990094086
6375.5			0.9941375039801018
6376.4			0.9999895935147018
6377.3			1.0
6378.200000000001			1.0
6379.1			1.0
6380.0			1.0
6380.9			1.0
6381.8			1.0
6382.700000000001			1.0
6383.6			1.0
6384.5			1.0
6385.4			1.0
6386.3			1.0
6387.200000000001			1.0
6388.1			1.0
6389.0			1.0
6389.9			1.0025834227524069
6390.8			0.99361189649646
6391.700000000001			0.9655530065286567
6392.6			0.9168560698854373
6393.5			0.8820096654468946
6394.4			0.9081122669083483
6395.3			0.9585677672814711
6396.200000000001			0.9882388724145036
6397.1			0.999397514098981
6398.0			1.0
6398.9			1.0
6399.8			1.0
6400.700000000001			1.0
6401.6			1.0
6402.5			1.0
6403.4			1.0
6404.3			1.0
6405.200000000001			1.0
6406.1			1.0
6407.0			1.0
6407.9			1.0
6408.8			1.0
6409.700000000001			1.0
6410.6			1.0
6411.5			1.0
6412.4			1.0
6413.3			1.0
6414.200000000001			1.0
6415.1			1.0
6416.0			1.0
6416.9			1.0
6417.8			1.0
6418.700000000001			1.0
6419.6			1.0
6420.5			1.0
6421.4			1.0
6422.3			1.0
6423.200000000001			1.0
6424.1			1.0
6425.0			1.0
6425.9			1.0
6426.8			1.0
6427.700000000001			1.0096957000078124
6428.6			1.0052776897037465
6429.5			0.9777325816542096
6430.4			0.9264606140278758
6431.3			0.9030306749458104
6432.200000000001			0.924113948431895
6433.1			0.9542167870162197
6434.0			0.9818227932372442
6434.9			0.9998830124455084
6435.8			1.0
6436.700000000001			1.0
6437.6			1.0
6438.5			1.0
6439.4			1.0
6440.3			1.0
6441.200000000001			1.0
6442.1			1.0
6443.0			1.0
6443.9			1.0
6444.8			1.0
6445.700000000001			1.0
6446.6			1.0119384775293923
6447.5			1.0073824781325562
6448.4			0.9654355020039096
6449.3			0.8857453268384101
6450.200000000001			0.839507232120432
6451.1			0.8852920533490113
6452.0			0.9562402470600475
6452.9			0.9937181345267341
6453.8			1.0014647692720193
6454.700000000001			1.0
6455.6			1.0
6456.5			1.0
6457.4			1.0
6458.3			1.0
6459.200000000001			1.0
6460.1			1.0032607492862973
6461.0			0.9887819391569999
6461.9			0.9399987847099175
6462.8			0.8920209322791073
6463.700000000001			0.9110984335948719
6464.6			0.9648139865680674
6465.5			0.997954336018616
6466.4			1.0
6467.3			1.0
6468.200000000001			1.0
6469.1			1.0
6470.0			1.0
6470.9			1.0
6471.8			1.0
6472.700000000001			1.0
6473.6			1.0
6474.5			1.0
6475.4			1.0
6476.3			1.0
6477.200000000001			1.0
6478.1			1.0
6479.0			1.0
6479.9			1.0
6480.8			1.0
6481.700000000001			1.0
6482.6			1.0
6483.5			1.0
6484.4			1.0
6485.3			1.0
6486.200000000001			1.0
6487.1			1.0055336680880407
6488.0			1.0151277667258556
6488.9			1.0160760582291728
6489.8			1.003498085229322
6490.700000000001			0.9831616817207638
6491.6			0.9680189531120634
6492.5			0.9583425323763322
6493.4			0.9154102896673207
6494.3			0.8442347767473593
6495.200000000001			0.8092271164893968
6496.1			0.8199075648345022
6497.0			0.8536678500548622
6497.9			0.8928142736297818
6498.8			0.9058094870751273
6499.700000000001			0.9144524563296412
6500.6			0.9449684791191326
6501.5			0.9693898184488525
6502.4			0.9843807741018966
6503.3			0.9995545437030006
6504.200000000001			1.0
6505.1			1.0
6506.0			1.0
6506.9			1.0
6507.8			1.0
6508.700000000001			1.0
6509.6			1.0
6510.5			1.0
6511.4			1.0
6512.3			1.0
6513.200000000001			1.0
6514.1			1.0
6515.0			1.0
6515.9			1.0
6516.8			1.0
6517.700000000001			1.0
6518.6			1.0
6519.5			1.0
6520.4			1.0
6521.3			1.0
6522.200000000001			1.0
6523.1			1.0
6524.0			1.0
6524.9			1.0
6525.8			1.0
6526.700000000001			1.0
6527.6			1.0
6528.5			1.0
6529.4			1.0
6530.3			1.0
6531.200000000001			1.0
6532.1			1.0
6533.0			1.0
6533.9			1.0
6534.8			1.0
6535.700000000001			1.0
6536.6			1.0
6537.5			1.0
6538.4			1.0
6539.3			1.0
6540.200000000001			1.0
6541.1			1.0
6542.0			1.0
6542.9			1.0
6543.8			1.0
6544.700000000001			1.0
6545.6			1.0
6546.5			1.0
6547.4			1.0
6548.3			1.0
6549.200000000001			1.0
6550.1			1.0
6551.0			1.0
6551.9			1.0
6552.8			1.0
6553.700000000001			1.0
6554.6			1.0
6555.5			1.0
6556.4			1.0
6557.3			1.0
6558.200000000001			1.0
6559.1			0.9903778041244122
6560.0			0.9658028906513099
6560.9			0.9177385045804479
6561.8			0.7937408794924382
6562.700000000001			0.6386674576089342
6563.6			0.6254389421636084
6564.5			0.7731658515551167
6565.4			0.9171321550819559
6566.3			0.9810672690098274
6567.200000000001			1.0023207510715604
6568.1			0.9991130091222197
6569.0			1.0
6569.9			1.0
6570.8			1.0
6571.700000000001			1.0
6572.6			1.0
6573.5			1.0
6574.4			1.0
6575.3			1.0
6576.200000000001			1.0
6577.1			1.0
6578.0			1.0
6578.9			1.0
6579.8			1.0
6580.700000000001			1.0
6581.6			1.0
6582.5			1.0
6583.4			1.0
6584.3			1.0
6585.200000000001			1.0
6586.1			1.0
6587.0			1.0
6587.9			1.0
6588.8			1.016590287559322
6589.700000000001			1.0209695304127824
6590.6			1.021258012092231
6591.5			1.002762631355559
6592.4			0.9504074434018692
6593.3			0.9007249842253752
6594.200000000001			0.9119313398327777
6595.1			0.9667434531343763
6596.0			1.0056827121977538
6596.9			1.0117942308647825
6597.8			1.0007853047752104
6598.700000000001			1.0
6599.6			1.0
6600.5			1.0
6601.4			1.0
6602.3			1.0
6603.200000000001			1.0
6604.1			1.0
6605.0			1.0
6605.9			1.0
6606.8			1.0
6607.700000000001			1.0
6608.6			1.0
6609.5			1.0
6610.4			1.0
6611.3			1.0
6612.200000000001			1.0
6613.1			1.0
6614.0			1.0
6614.9			1.0
6615.8			1.0
6616.700000000001			1.0
6617.6			0.9926373733269874
6618.5			0.9919181686745704
6619.4			1.006130538682281
6620.3			1.0252139139641758
6621.200000000001			1.0409048807747876
6622.1			1.0482307145156615
6623.0			1.041654089640725
6623.9			1.0214312638113034
6624.8			1.00450708710626
6625.700000000001			1.0
6626.6			1.0
6627.5			1.0
6628.4			1.0
6629.3			1.0
6630.200000000001			1.0
6631.1			1.0
6632.0			1.0
6632.9			1.0
6633.8			1.0
6634.700000000001			1.0
6635.6			1.0
6636.5			1.0
6637.4			1.0
6638.3			1.0
6639.200000000001			1.0
6640.1			1.0
6641.0			1.0
6641.9			1.0
6642.8			1.0
6643.700000000001			1.0
6644.6			1.0
6645.5			1.0
6646.4			1.0
6647.3			1.0
6648.200000000001			1.0
6649.1			1.0
6650.0			1.0
6650.9			1.0
6651.8			1.0
6652.700000000001			1.0
6653.6			1.0
6654.5			1.0
6655.4			1.0
6656.3			1.0
6657.200000000001			1.0
6658.1			1.0
6659.0			1.0
6659.9			1.0
6660.8			1.0
6661.700000000001			1.0
6662.6			1.0
6663.5			1.0
6664.4			1.0
6665.3			1.0
6666.200000000001			1.0
6667.1			1.0
6668.0			1.0
6668.9			1.0
6669.8			1.0
6670.700000000001			1.0
6671.6			1.0
6672.5			1.0
6673.4			1.0
6674.3			1.0
6675.200000000001			1.0
6676.1			1.0
6677.0			1.0
6677.9			1.0
6678.8			1.0
6679.700000000001			1.0
6680.6			1.0
6681.5			1.0
6682.4			1.0
6683.3			1.0
6684.200000000001			1.0
6685.1			1.0
6686.0			1.0
6686.9			1.0
6687.8			1.0
6688.700000000001			1.0
6689.6			1.0
6690.5			1.0
6691.4			1.0
6692.3			1.0
6693.200000000001			1.0
6694.1			1.0
6695.0			1.0
6695.9			1.0
6696.8			1.0
6697.700000000001			1.0
6698.6			1.0
6699.5			1.0
6700.4			1.0
6701.3			1.0
6702.200000000001			1.0
6703.1			1.0
6704.0			1.0
6704.9			1.0
6705.8			1.0
6706.700000000001			1.0
6707.6			1.0
6708.5			1.0
6709.4			1.0
6710.3			1.0
6711.200000000001			1.0
6712.1			1.0
6713.0			1.0
6713.9			1.0
6714.8			1.0
6715.700000000001			1.0
6716.6			1.0
6717.5			1.0
6718.4			1.0
6719.3			1.0
6720.200000000001			1.0
6721.1			1.0
6722.0			1.0
6722.9			1.0
6723.8			1.0
6724.700000000001			1.0
6725.6			1.0
6726.5			1.0
6727.4			1.0
6728.3			1.0
6729.200000000001			1.0
6730.1			1.0
6731.0			1.0
6731.9			1.0
6732.8			1.0
6733.700000000001			1.0
6734.6			1.0
6735.5			1.0
6736.4			1.0
6737.3			1.0
6738.200000000001			1.0
6739.1			1.0
6740.0			1.0
6740.9			1.0
6741.8			1.0
6742.700000000001			1.0
6743.6			1.0
6744.5			1.0
6745.4			1.0
6746.3			1.0
6747.200000000001			1.0
6748.1			1.0
6749.0			1.0
6749.9			1.0
6750.8			1.0
6751.700000000001			1.0
6752.6			1.0
6753.5			1.0
6754.4			1.0
6755.3			1.0
6756.200000000001			1.0
6757.1			1.0
6758.0			1.0
6758.9			1.0
6759.8			1.0
6760.700000000001			1.0
6761.6			1.0
6762.5			1.0
6763.4			1.0
6764.3			1.0
6765.200000000001			1.0
6766.1			1.0
6767.0			1.0
6767.9			1.0
6768.8			1.0
6769.700000000001			1.0
6770.6			1.0
6771.5			1.0
6772.4			1.0
6773.3			1.0
6774.200000000001			1.0
6775.1			1.0
6776.0			1.0
6776.9			1.0
6777.8			1.0
6778.700000000001			1.0
6779.6			1.0
6780.5			1.0
6781.4			1.0
6782.3			1.0
6783.200000000001			1.0
6784.1			1.0
6785.0			1.0
6785.9			1.0
6786.8			1.0
6787.700000000001			1.0
6788.6			1.0
6789.5			1.0
6790.4			1.0
6791.3			1.0
6792.200000000001			1.0
6793.1			1.0
6794.0			1.0
6794.9			1.0
6795.8			1.0
6796.700000000001			1.0
6797.6			1.0
6798.5			1.0
6799.4			1.0
6800.3			1.0
6801.200000000001			1.0
6802.1			1.0
6803.0			1.0
6803.9			1.0
6804.8			1.0
6805.700000000001			1.0
6806.6			1.0
6807.5			1.0
6808.4			1.0
6809.3			1.0
6810.200000000001			1.0
6811.1			1.0
6812.0			1.0
6812.9			1.0
6813.8			1.0
6814.700000000001			1.0
6815.6			1.0
6816.5			1.0
6817.4			1.0
6818.3			1.0
6819.200000000001			1.0
6820.1			1.0
6821.0			1.0
6821.9			1.0
6822.8			1.0
6823.700000000001			1.0
6824.6			1.0
6825.5			1.0
6826.4			1.0
6827.3			1.0
6828.200000000001			1.0
6829.1			1.0
6830.0			1.0
6830.9			1.0
6831.8			1.0
6832.700000000001			1.0
6833.6			1.0
6834.5			1.0
6835.4			1.0
6836.3			1.0
6837.200000000001			1.0
6838.1			1.0
6839.0			1.0
6839.9			1.0
6840.8			1.0
6841.700000000001			1.0
6842.6			1.0
6843.5			1.0
6844.4			1.0
6845.3			1.0
6846.200000000001			1.0
6847.1			1.0
6848.0			1.0
6848.9			1.0
6849.8			1.0
6850.700000000001			1.0
6851.6			1.0
6852.5			1.0
6853.4			1.0
6854.3			1.0
6855.200000000001			1.0
6856.1			1.0
6857.0			1.0
6857.9			1.0
6858.8			1.0
6859.700000000001			1.0
6860.6			1.0
6861.5			1.0
6862.4			1.0
6863.3			1.0
6864.200000000001			1.0
6865.1			1.0
6866.0			1.0
6866.9			1.0
6867.8			1.0
6868.700000000001			1.0
6869.6			1.0
6870.5			1.0
6871.4			1.0
6872.3			1.0
6873.200000000001			1.0
6874.1			1.0
6875.0			1.0
6875.9			1.0
6876.8			1.0
6877.700000000001			1.0
6878.6			1.0
6879.5			1.0
6880.4			1.0
6881.3			1.0
6882.200000000001			1.0
6883.1			1.0
6884.0			1.0
6884.9			1.0
6885.8			1.0
6886.700000000001			1.0
6887.6			1.0
6888.5			1.0
6889.4			1.0
6890.3			1.0
6891.200000000001			1.0
6892.1			1.0
6893.0			1.0
6893.9			1.0
6894.8			1.0
6895.700000000001			1.0
6896.6			1.0
6897.5			1.0
6898.4			1.0
6899.3			1.0
6900.200000000001			1.0
6901.1			1.0
6902.0			1.0
6902.9			1.0
6903.8			1.0
6904.700000000001			1.0
6905.6			1.0
6906.5			1.0
6907.4			1.0
6908.3			1.0
6909.200000000001			1.0
6910.1			1.0
6911.0			1.0
6911.9			1.0
6912.8			1.0
6913.700000000001			1.0
6914.6			1.0
6915.5			1.0
6916.4			1.0
6917.3			1.0
6918.200000000001			1.0
6919.1			1.0
6920.0			1.0
6920.9			1.0
6921.8			1.0
6922.700000000001			1.0
6923.6			1.0
6924.5			1.0
6925.4			1.0
6926.3			1.0
6927.200000000001			1.0
6928.1			1.0
6929.0			1.0
6929.9			1.0
6930.8			1.0
6931.700000000001			1.0
6932.6			1.0
6933.5			1.0
6934.4			1.0
6935.3			1.0
6936.200000000001			1.0
6937.1			1.0
6938.0			1.0
6938.9			1.0
6939.8			1.0
6940.700000000001			1.0
6941.6			1.0
6942.5			1.0
6943.4			1.0
6944.3			1.0
6945.200000000001			1.0
6946.1			1.0
6947.0			1.0
6947.9			1.0
6948.8			1.0
6949.700000000001			1.0
6950.6			1.0
6951.5			1.0
6952.4			1.0
6953.3			1.0
6954.200000000001			1.0
6955.1			1.0
6956.0			1.0
6956.9			1.0
6957.8			1.0
6958.700000000001			1.0
6959.6			1.0
6960.5			1.0
6961.4			1.0
6962.3			1.0
6963.200000000001			1.004293582589527
6964.1			1.0022783601902108
6965.0			0.9928953068911468
6965.9			0.9780565700447773
6966.8			0.9772721441707505
6967.700000000001			0.9946357890669245
6968.6			1.0083969925455796
6969.5			1.0071120978216952
6970.4			0.9918160184066246
6971.3			0.977096815146395
6972.200000000001			0.9829800759929564
6973.1			1.0014802331792392
6974.0			1.001863563029993
6974.9			0.9800738462397925
6975.8			0.9549228070073629
6976.700000000001			0.9327927656313048
6977.6			0.9052103057921693
6978.5			0.8686632626818858
6979.4			0.8585421709818584
6980.3			0.8981665138921541
6981.200000000001			0.9455844951286663
6982.1			0.9713385064449538
6983.0			0.9895742576419746
6983.9			1.0018069117428101
6984.8			0.9995111224465231
6985.700000000001			0.9921911959021206
6986.6			0.9898883144406059
6987.5			0.9905726262690687
6988.4			0.98376452926962
6989.3			0.9711492271414119
6990.200000000001			0.9769929020124792
6991.1			0.9984740373260181
6992.0			1.0080891737219264
6992.9			1.0048254150518718
6993.8			0.9994126744075071
6994.700000000001			0.9952463081378612
6995.6			0.9975067201711977
6996.5			1.0022633610992007
6997.4			1.0018357998474916
6998.3			0.9900820069970319
6999.200000000001			1.0
7000.1			0.973112564319754
7001.0			0.9764761955480624
7001.9			1.0043765503969173
7002.8			1.0256927874209598
7003.700000000001			1.0182874885392335
7004.6			1.001082238291048
7005.5			0.9938583849085016
7006.4			0.9968048380370479
7007.3			1.0061406375655721
7008.200000000001			1.016447735118518
7009.1			1.0250989754603133
7010.0			1.0296661965567937
7010.9			1.0243381478608498
7011.8			1.010065095345804
7012.700000000001			1.0053975684072238
7013.6			1.0161678479216318
7014.5			1.0184517282653713
7015.4			0.9874261519647908
7016.3			0.9331239490636897
7017.200000000001			0.9178028075415682
7018.1			0.9647080976389268
7019.0			1.0179329846847536
7019.9			1.0426540460935643
7020.8			1.04831743143417
7021.700000000001			1.0420441096396833
7022.6			1.0174533456186496
7023.5			0.9826116626210237
7024.4			0.9578874592216393
7025.3			0.9638616515216749
7026.200000000001			0.9970458320390063
7027.1			1.0272712946003273
7028.0			1.0375965047985114
7028.9			1.0334519228458918
7029.8			1.0302939045855812
7030.700000000001			1.034381259097408
7031.6			1.0364015323834321
7032.5			1.0340645625623002
7033.4			1.0337432561620425
7034.3			1.0317753216114336
7035.200000000001			1.0370510066394554
7036.1			1.0571303637466818
7037.0			1.0613952136406388
7037.9			1.0239326023232913
7038.8			0.9923587978890308
7039.700000000001			1.0171748601859418
7040.6			1.0720798836316445
7041.5			1.1085599165284
7042.4			1.1166483399278722
7043.3			1.1043479121768591
7044.200000000001			1.0755440019485503
7045.1			1.0459473669439354
7046.0			1.041832739168688
7046.9			1.0636091041310356
7047.8			1.0882834933760488
7048.700000000001			1.1026589230225943
7049.6			1.1046562116056893
7050.5			1.097070729462481
7051.4			1.0748431126124987
7052.3			1.0353241224916065
7053.200000000001			1.0063148631706544
7054.1			1.0154223133498717
7055.0			1.0472466695218954
7055.9			1.0754631083700525
7056.8			1.0939565170963739
7057.700000000001			1.1030739104502374
7058.6			1.0896717578010797
7059.5			1.0548520607831544
7060.4			1.0321738685709867
7061.3			1.0464822156611242
7062.200000000001			1.0715145700987727
7063.1			1.0815857296311284
7064.0			1.0904543687041246
7064.9			1.1032875554839836
7065.8			1.096475812970276
7066.700000000001			1.0649209732839053
7067.6			1.0241571025768397
7068.5			1.0001524342306638
7069.4			1.0147537026657276
7070.3			1.0586719720454814
7071.200000000001			1.0897428701067935
7072.1			1.091763246706198
7073.0			1.088279680876731
7073.9			1.0912392527272203
7074.8			1.092435164982463
7075.700000000001			1.0907427663571796
7076.6			1.0916968606001944
7077.5			1.1006326962057738
7078.4			1.1104197097816924
7079.3			1.115641763905282
7080.200000000001			1.1205997397460377
7081.1			1.1212123399555833
7082.0			1.1105210334136433
7082.9			1.0822778759714378
7083.8			1.0375813623647776
7084.700000000001			0.9994265971618217
7085.6			1.0
7086.5			1.0
7087.4			1.0
7088.3			1.0
7089.200000000001			1.0
7090.1			1.0
7091.0			1.0
7091.9			1.0
7092.8			1.0
7093.700000000001			1.0
7094.6			1.0
7095.5			1.0
7096.4			1.0
7097.3			1.0
7098.200000000001			1.0
7099.1			1.0
7100.0			1.0
7100.9			1.0
7101.8			1.0
7102.700000000001			1.0
7103.6			1.0
7104.5			1.0
7105.4			1.0
7106.3			1.0
7107.200000000001			1.0
7108.1			1.0
7109.0			1.0
7109.9			1.0
7110.8			1.0
7111.700000000001			0.9809223593522021
7112.6			0.9889487471795744
7113.5			1.0100257710841098
7114.4			1.0234181726361253
7115.3			1.023914384407093
7116.200000000001			1.0203439317044636
7117.1			1.0194127947791742
7118.0			1.018843616086761
7118.9			1.0122541616607765
7119.8			0.998897971902464
7120.700000000001			0.9891680432899581
7121.6			0.9782785163158246
7122.5			0.9670879491503357
7123.4			0.983408567292169
7124.3			1.0132541456945239
7125.200000000001			1.02672444313696
7126.1			1.0235459791069301
7127.0			1.0142395130599715
7127.9			1.0152473691678192
7128.8			1.0158247158486544
7129.700000000001			0.9974644852685111
7130.6			0.9679352948722404
7131.5			0.9596928793002997
7132.4			0.9807113869863088
7133.3			1.0060979485320363
7134.200000000001			1.0239626373611532
7135.1			1.0289452646466914
7136.0			1.025329307348338
7136.9			1.0362804990792498
7137.8			1.0473096439816234
7138.700000000001			1.026464190054229
7139.6			0.9923915054299737
7140.5			0.9908800973174089
7141.4			1.0152388293983305
7142.3			1.022380185544549
7143.200000000001			1.01473155492513
7144.1			1.0099463540144196
7145.0			1.0042151754424795
7145.9			1.0001947918458494
7146.8			0.99548169241704
7147.700000000001			0.9695761703904671
7148.6			0.9416936328758423
7149.5			0.9467089175811391
7150.4			0.9662297588232853
7151.3			0.9810359664713555
7152.200000000001			1.0030104944775133
7153.1			1.0240586975642216
7154.0			1.0205379150726528
7154.9			0.989674803183574
7155.8			0.9654193713125441
7156.700000000001			1.0
7157.6			1.0325615446933174
7158.5			1.0306603023994612
7159.4			1.0155405276164216
7160.3			1.005538505675857
7161.200000000001			1.0084283115808452
7162.1			1.024523771001434
7163.0			1.0233237513197018
7163.9			0.980548374704127
7164.8			0.9262345560694009
7165.700000000001			0.9188380059121054
7166.6			0.9638984881861533
7167.5			1.0149121735455826
7168.4			1.0467024216941205
7169.3			1.0507240132015883
7170.200000000001			1.0343563425510724
7171.1			1.0311166390474467
7172.0			1.0501905327522016
7172.9			1.063015268682601
7173.8			1.0615990728011644
7174.700000000001			1.0494052058221839
7175.6			1.0259290897678903
7176.5			1.0095310114891305
7177.4			1.025429518211864
7178.3			1.053110867035331
7179.200000000001			1.0454098941548025
7180.1			0.9997499591643035
7181.0			0.9555889662400039
7181.9			0.9542525310005727
7182.8			1.005473812653613
7183.700000000001			1.0454308698689097
7184.6			1.0395238076836377
7185.5			1.0265018304181237
7186.4			1.0025557278881772
7187.3			0.9544712455687007
7188.200000000001			0.9393832749776245
7189.1			0.960596516733238
7190.0			0.9880438996564878
7190.9			1.0119539544912532
7191.8			1.0041390137975423
7192.700000000001			0.9791096567648748
7193.6			0.9677981067543212
7194.5			0.9847598024523947
7195.4			1.0138385358566218
7196.3			1.017464678785964
7197.200000000001			1.0008933311735493
7198.1			1.0029808438290537
7199.0			1.0182439423437781
7199.9			1.0197325502617856
7200.8			1.0042655227836685
7201.700000000001			1.0
7202.6			1.0045735002733214
7203.5			1.0279674474485623
7204.4			1.0434617380731448
7205.3			1.0449779171971252
7206.200000000001			1.0111050077601298
7207.1			0.9430620002539711
7208.0			0.922893072321052
7208.9			0.9582930880576764
7209.8			0.9973158964209063
7210.700000000001			1.029964723777329
7211.6			1.0418320366846052
7212.5			1.024542290598474
7213.4			0.9948425927955084
7214.3			0.974130433326388
7215.200000000001			0.9742590246753189
7216.1			0.9878705353890879
7217.0			1.0101056231308858
7217.9			1.0281663349313421
7218.8			1.023577008756082
7219.700000000001			1.0099437660456987
7220.6			1.0003124406943575
7221.5			0.994630454327966
7222.4			0.9894176016299701
7223.3			0.9828335697323667
7224.200000000001			0.992743563040927
7225.1			1.0173869283171102
7226.0			1.0313166093629436
7226.9			1.0405688312087722
7227.8			1.039642848155187
7228.700000000001			1.0157203627691884
7229.6			1.0101573326023363
7230.5			1.041399153817495
7231.4			1.077188303667025
7232.3			1.0900434597204398
7233.200000000001			1.0829286110834493
7234.1			1.0713296044242362
7235.0			1.0515346412077398
7235.9			1.0384157590496592
7236.8			1.0427535686093792
7237.700000000001			1.048904333825988
7238.6			1.0509192564308631
7239.5			1.044046626105327
7240.4			1.0419722906480637
7241.3			1.059853881432824
7242.200000000001			1.081089583164457
7243.1			1.0814566507045749
7244.0			1.0530180876804272
7244.9			1.0175969647245655
7245.8			1.0087196694743612
7246.700000000001			1.0330325287494493
7247.6			1.0648569217732866
7248.5			1.0818469953349967
7249.4			1.0744884932048495
7250.3			1.0407502478049722
7251.200000000001			1.0065573664705851
7252.1			0.9976400927483153
7253.0			1.0088804078257538
7253.9			1.02012094096839
7254.8			1.0252212803590208
7255.700000000001			1.0390358034354852
7256.6			1.0603518378328367
7257.5			1.0729394610947391
7258.4			1.0698622022299369
7259.3			1.0545283641176935
7260.200000000001			1.0223292356668725
7261.1			0.9731567139354126
7262.0			0.9613907856864669
7262.9			0.9999742924625906
7263.8			1.0356947373055185
7264.700000000001			1.0500634656168752
7265.6			1.0535271399383286
7266.5			1.0592859406388027
7267.4			1.066265923638854
7268.3			1.064837563596511
7269.200000000001			1.0645082300869841
7270.1			1.0700728450078538
7271.0			1.072786045323104
7271.9			1.0633138820621038
7272.8			1.0470997341123176
7273.700000000001			1.038120132383304
7274.6			1.03709603093275
7275.5			1.043193115134352
7276.4			1.0534603851833457
7277.3			1.0467252889641592
7278.200000000001			1.0246603954407278
7279.1			1.016481449825266
7280.0			1.0233142998729934
7280.9			1.0159769186294663
7281.8			0.9840024445436306
7282.700000000001			0.9531179684098817
7283.6			0.944952690219727
7284.5			0.9605551242636458
7285.4			0.9931635794338914
7286.3			1.0209048191466497
7287.200000000001			1.0227711096308552
7288.1			0.9913004055123275
7289.0			0.9525316986006417
7289.9			0.9406256423382524
7290.8			0.9420645955609789
7291.700000000001			0.9367570942975327
7292.6			0.937639016980176
7293.5			0.9607812512379357
7294.4			1.0002265411099263
7295.3			1.0400069835006105
7296.200000000001			1.0691866173278228
7297.1			1.0732623172328806
7298.0			1.0564468190194287
7298.9			1.0405350207470447
7299.8			1.033993617933352
7300.700000000001			1.0353779855035936
7301.6			1.0384764831258917
7302.5			1.0399331554098334
7303.4			1.0458887549474836
7304.3			1.0580220372538223
7305.200000000001			1.0614732809530398
7306.1			1.0417686953391736
7307.0			1.0083668913348218
7307.9			0.9895122369988596
7308.8			1.0045192831629497
7309.700000000001			1.028503878470361
7310.6			1.0240520675642615
7311.5			1.0091991296793394
7312.4			1.0170286018351067
7313.3			1.0405517859680409
7314.200000000001			1.0578269459881882
7315.1			1.0572806689704464
7316.0			1.0430233006896132
7316.9			1.0323854096993967
7317.8			1.0360947826832327
7318.700000000001			1.0428147219423163
7319.6			1.0401559429091998
7320.5			1.036772160082258
7321.4			1.0460523522787908
7322.3			1.0513431564995943
7323.200000000001			1.0323496366690699
7324.1			1.0058694046005265
7325.0			0.9881352715811165
7325.9			0.9806141722388729
7326.8			0.9981881801304542
7327.700000000001			1.033242037989551
7328.6			1.0460501952678145
7329.5			1.0347609180172588
7330.4			1.0301305830096692
7331.3			1.0387054329168879
7332.200000000001			1.0439610270589377
7333.1			1.0349893351625317
7334.0			1.0260124241911548
7334.9			1.033136721431849
7335.8			1.0521055462777962
7336.700000000001			1.0697907117527872
7337.6			1.073044091178449
7338.5			1.0643409081991486
7339.4			1.0563865049377565
7340.3			1.0577809930797815
7341.200000000001			1.0681905571660097
7342.1			1.0670306789611659
7343.0			1.0414249359773982
7343.9			1.0108570889702886
7344.8			1.0048417072343514
7345.700000000001			1.0253158564819085
7346.6			1.0491159831346712
7347.5			1.064817906046807
7348.4			1.0658935259870543
7349.3			1.0453928719185765
7350.200000000001			1.0180301675262788
7351.1			1.00948386792689
7352.0			1.021123598129887
7352.9			1.0255390429049438
7353.8			1.009468031666353
7354.700000000001			0.9880378785207308
7355.6			0.9732288537745697
7356.5			0.9800376530722031
7357.4			1.0111203935911246
7358.3			1.0468333736264983
7359.200000000001			1.0681126228853839
7360.1			1.0646420051152274
7361.0			1.037949319141775
7361.9			1.0063309968043772
7362.8			0.9932123426982389
7363.700000000001			1.0036465991966763
7364.6			1.0227020566995102
7365.5			1.03603106321495
7366.4			1.0431185729159702
7367.3			1.0471308644249109
7368.200000000001			1.0427710607754967
7369.1			1.030713428015475
7370.0			1.029377294632684
7370.9			1.0466370389449802
7371.8			1.060598002330176
7372.700000000001			1.0572940643935782
7373.6			1.043927497217763
7374.5			1.028364053082562
7375.4			1.0177377007126318
7376.3			1.0210364379597008
7377.200000000001			1.0386461718780844
7378.1			1.05604234189014
7379.0			1.0624596230376804
7379.9			1.0516205190315995
7380.8			1.0272371955045376
7381.700000000001			1.004085907656847
7382.6			0.993907401009095
7383.5			0.9900724642847348
7384.4			0.9734294662184771
7385.3			0.9452447287028769
7386.200000000001			0.9332465115110411
7387.1			0.9379840044241092
7388.0			0.9371098808918776
7388.9			0.9370797836388273
7389.8			0.9574590991721317
7390.700000000001			0.9884494654158251
7391.6			1.0000314852002785
7392.5			1.0
7393.4			1.0
7394.3			1.0
7395.200000000001			1.0
7396.1			1.0
7397.0			1.0
7397.9			1.0
7398.8			1.0
7399.700000000001			1.0
7400.6			1.0
7401.5			1.0
7402.4			1.0
7403.3			1.0
7404.200000000001			1.0
7405.1			1.0
7406.0			1.0
7406.9			1.0
7407.8			1.0
7408.700000000001			1.0
7409.6			1.0
7410.5			1.0
7411.4			1.0
7412.3			1.0
7413.200000000001			1.0
7414.1			1.0
7415.0			1.0
7415.9			1.0
7416.8			1.0
7417.700000000001			1.0
7418.6			1.0
7419.5			1.0
7420.4			1.0
7421.3			1.0
7422.200000000001			1.0
7423.1			1.0
7424.0			1.0
7424.9			1.0
7425.8			1.0
7426.700000000001			1.0
7427.6			1.0
7428.5			1.0
7429.4			1.0
