3500.0			1.0
3500.9			1.0
3501.8			1.0
3502.7			1.0
3503.6			1.0
3504.5			1.0
3505.4			1.0
3506.3			1.0
3507.2			1.0
3508.1			1.0
3509.0			1.0
3509.9			1.0
3510.8			1.0
3511.7			1.0
3512.6			1.0
3513.5			1.0
3514.4			1.0
3515.3			1.0
3516.2			1.0
3517.1			1.0
3518.0			1.0
3518.9			1.0
3519.8			1.0
3520.7			1.0
3521.6			1.0
3522.5			1.0
3523.4			1.0
3524.3			1.0
3525.2			1.0
3526.1			1.0
3527.0			1.0
3527.9			1.0
3528.8			1.0
3529.7			1.0
3530.6			1.0
3531.5			1.0
3532.4			1.0
3533.3			1.0
3534.2			1.0
3535.1			1.0
3536.0			1.0
3536.9			1.0
3537.8			1.0
3538.7			1.0
3539.6			1.0
3540.5			1.0
3541.4			1.0
3542.3			1.0
3543.2			1.0
3544.1			1.0
3545.0			1.0
3545.9			1.0
3546.8			1.0
3547.7			1.0
3548.6			1.0
3549.5			1.0
3550.4			1.0
3551.3			1.0
3552.2			1.0
3553.1			1.0
3554.0			1.0
3554.9			1.0
3555.8			1.0
3556.7			1.0
3557.6			1.0
3558.5			1.0
3559.4			1.0
3560.3			1.0
3561.2			1.0
3562.1			1.0
3563.0			1.0
3563.9			1.0
3564.8			1.0
3565.7			1.0
3566.6			1.0
3567.5			1.0
3568.4			1.0
3569.3			1.0
3570.2			1.0
3571.1			1.0
3572.0			1.0
3572.9			1.0
3573.8			1.0
3574.7			1.0
3575.6			1.0
3576.5			1.0
3577.4			1.0
3578.3			1.0
3579.2			1.0
3580.1			1.0
3581.0			1.0
3581.9			1.0
3582.8			1.0
3583.7			1.0
3584.6			1.0
3585.5			1.0
3586.4			1.0
3587.3			1.0
3588.2			1.0
3589.1			1.0
3590.0			1.0
3590.9			1.0
3591.8			1.0
3592.7			1.0
3593.6			1.0
3594.5			1.0
3595.4			1.0
3596.3			1.0
3597.2			1.0
3598.1			1.0
3599.0			1.0
3599.9			1.0
3600.8			1.0
3601.7			1.0
3602.6			1.0
3603.5			1.0
3604.4			1.0
3605.3			1.0
3606.2			1.0
3607.1			1.0
3608.0			1.0
3608.9			1.0
3609.8			1.0
3610.7			1.0
3611.6			1.0
3612.5			1.0
3613.4			1.0
3614.3			1.0
3615.2			1.0
3616.1			1.0
3617.0			1.0
3617.9			1.0
3618.8			1.0
3619.7			1.0
3620.6			1.0
3621.5			1.0
3622.4			1.0
3623.3			1.0
3624.2			1.0
3625.1			1.0
3626.0			1.0
3626.9			1.0
3627.8			1.0
3628.7			1.0
3629.6			1.0
3630.5			1.0
3631.4			1.0
3632.3			1.0
3633.2			1.0
3634.1			1.0
3635.0			1.0
3635.9			1.0
3636.8			1.0
3637.7			1.0
3638.6			1.0
3639.5			1.0
3640.4			1.0
3641.3			1.0
3642.2			1.0
3643.1			1.0
3644.0			1.0
3644.9			1.0
3645.8			1.0
3646.7			1.0
3647.6			1.0
3648.5			1.0
3649.4			1.0
3650.3			1.0
3651.2			1.0
3652.1			1.0
3653.0			1.0
3653.9			1.0
3654.8			1.0
3655.7			1.0
3656.6			1.0
3657.5			1.0
3658.4			1.0
3659.3			1.0
3660.2			1.0
3661.1			1.0
3662.0			1.0
3662.9			1.0
3663.8			1.0
3664.7			1.0
3665.6			1.0
3666.5			1.0
3667.4			1.0
3668.3			1.0
3669.2			1.0
3670.1			1.0
3671.0			1.0
3671.9			1.0
3672.8			1.0
3673.7			1.0
3674.6			1.0
3675.5			1.0
3676.4			1.0
3677.3			1.0
3678.2			1.0
3679.1			1.0
3680.0			1.0
3680.9			1.0
3681.8			1.0
3682.7			1.0
3683.6			1.0
3684.5			1.0
3685.4			1.0
3686.3			1.0
3687.2			1.0
3688.1			1.0
3689.0			1.0
3689.9			1.0
3690.8			1.0
3691.7			1.0
3692.6			1.0
3693.5			1.0
3694.4			1.0
3695.3			1.0
3696.2			1.0
3697.1			1.0
3698.0			1.0
3698.9			1.0
3699.8			1.0
3700.7			1.0
3701.6			1.0
3702.5			1.0
3703.4			1.0
3704.3			1.0
3705.2			1.0
3706.1			1.0
3707.0			1.0
3707.9			1.0
3708.8			1.0
3709.7			1.0
3710.6			1.0
3711.5			1.0
3712.4			1.0
3713.3			1.0
3714.2			1.0
3715.1			1.0
3716.0			1.0
3716.9			1.0
3717.8			1.0
3718.7			1.0
3719.6			1.0
3720.5			1.0
3721.4			1.0
3722.3			1.0
3723.2			1.0
3724.1			1.0
3725.0			1.0
3725.9			1.0
3726.8			1.0
3727.7			1.0
3728.6			1.0
3729.5			1.0
3730.4			1.0
3731.3			1.0
3732.2			1.0
3733.1			1.0
3734.0			1.0
3734.9			1.0
3735.8			1.0
3736.7			1.0
3737.6			1.0
3738.5			1.0
3739.4			1.0
3740.3			1.0
3741.2			1.0
3742.1			1.0
3743.0			1.0
3743.9			1.0
3744.8			1.0
3745.7			1.0
3746.6			1.0
3747.5			1.0
3748.4			1.0
3749.3			1.0
3750.2			1.0
3751.1			1.0
3752.0			1.0
3752.9			1.0
3753.8			1.0
3754.7			1.0
3755.6			1.0
3756.5			1.0
3757.4			1.0
3758.3			1.0
3759.2			1.0
3760.1			1.0
3761.0			1.0
3761.9			1.0
3762.8			1.0
3763.7			1.0
3764.6			1.0
3765.5			1.0
3766.4			1.0
3767.3			1.0
3768.2			1.0
3769.1			1.0
3770.0			1.0
3770.9			1.0
3771.8			1.0
3772.7			1.0
3773.6			1.0
3774.5			1.0
3775.4			1.0
3776.3			1.0
3777.2			1.0
3778.1			1.0
3779.0			1.0
3779.9			1.0
3780.8			1.0
3781.7			1.0
3782.6			1.0
3783.5			1.0
3784.4			1.0
3785.3			1.0
3786.2			1.0
3787.1			1.0
3788.0			1.0
3788.9			1.0
3789.8			1.0
3790.7			1.0
3791.6			1.0
3792.5			1.0
3793.4			1.0
3794.3			1.0
3795.2			1.0
3796.1			1.0
3797.0			1.0
3797.9			1.0
3798.8			1.0
3799.7			1.0
3800.6			1.0
3801.5			1.0
3802.4			1.0
3803.3			1.0
3804.2			1.0
3805.1			1.0
3806.0			1.0
3806.9			1.0
3807.8			1.0
3808.7			1.0
3809.6			1.0
3810.5			1.0
3811.4			1.0
3812.3			1.0
3813.2			1.0
3814.1			1.0
3815.0			1.0
3815.9			1.0
3816.8			1.0
3817.7			1.0
3818.6			1.0
3819.5			1.0
3820.4			1.0
3821.3			1.0
3822.2			1.0
3823.1			1.0
3824.0			1.0
3824.9			1.0
3825.8			1.0
3826.7			1.0
3827.6			1.0
3828.5			1.0
3829.4			1.0
3830.3			1.0
3831.2			1.0
3832.1			1.0
3833.0			1.0
3833.9			1.0
3834.8			1.0
3835.7			1.0
3836.6			1.0
3837.5			1.0
3838.4			1.0
3839.3			1.0
3840.2			1.0
3841.1			1.0
3842.0			1.0
3842.9			1.0
3843.8			1.0
3844.7			1.0
3845.6			1.0
3846.5			1.0
3847.4			1.0
3848.3			1.0
3849.2			1.0
3850.1			1.0
3851.0			1.0
3851.9			1.0
3852.8			1.0
3853.7			1.0
3854.6			1.0
3855.5			1.0
3856.4			1.0
3857.3			1.0
3858.2			1.0
3859.1			1.0
3860.0			1.0
3860.9			1.0
3861.8			1.0
3862.7			1.0
3863.6			1.0
3864.5			1.0
3865.4			1.0
3866.3			1.0
3867.2			1.0
3868.1			1.0
3869.0			1.0
3869.9			1.0
3870.8			1.0
3871.7			1.0
3872.6			1.0
3873.5			1.0
3874.4			1.0
3875.3			1.0
3876.2			1.0
3877.1			1.0
3878.0			1.0
3878.9			1.0
3879.8			1.0
3880.7			1.0
3881.6			1.0
3882.5			1.0
3883.4			1.0
3884.3			1.0
3885.2			1.0
3886.1			1.0
3887.0			1.0
3887.9			1.0
3888.8			1.0
3889.7			1.0
3890.6			1.0
3891.5			1.0
3892.4			1.0
3893.3			1.0
3894.2			1.0
3895.1			1.0
3896.0			1.0
3896.9			1.0
3897.8			1.0
3898.7			1.0
3899.6			1.0
3900.5			1.0
3901.4			1.0
3902.3			1.0
3903.2			1.0
3904.1			1.0
3905.0			1.0
3905.9			1.0
3906.8			1.0
3907.7			1.0
3908.6			1.0
3909.5			1.0
3910.4			1.0
3911.3			1.0
3912.2			1.0
3913.1			1.0
3914.0			1.0
3914.9			1.0
3915.8			1.0
3916.7			1.0
3917.6			1.0
3918.5			1.0
3919.4			1.0
3920.3			1.0
3921.2			1.0
3922.1			1.0
3923.0			1.0
3923.9			1.0
3924.8			1.0
3925.7			1.0
3926.6			1.0
3927.5			1.0
3928.4			1.0
3929.3			1.0
3930.2			1.0
3931.1			1.0
3932.0			1.0
3932.9			1.0
3933.8			1.0
3934.7			1.0
3935.6			1.0
3936.5			1.0
3937.4			1.0
3938.3			1.0
3939.2			1.0
3940.1			1.0
3941.0			1.0
3941.9			1.0
3942.8			1.0
3943.7			1.0
3944.6			1.0
3945.5			1.0
3946.4			1.0
3947.3			1.0
3948.2			1.0
3949.1			1.0
3950.0			1.0
3950.9			1.0
3951.8			1.0
3952.7			1.0
3953.6			1.0
3954.5			1.0
3955.4			1.0
3956.3			1.0
3957.2			1.0
3958.1			1.0
3959.0			1.0
3959.9			1.0
3960.8			1.0
3961.7			1.0
3962.6			1.0
3963.5			1.0
3964.4			1.0
3965.3			1.0
3966.2			1.0
3967.1			1.0
3968.0			1.0
3968.9			1.0
3969.8			1.0
3970.7			1.0
3971.6			1.0
3972.5			1.0
3973.4			1.0
3974.3			1.0
3975.2			1.0
3976.1			1.0
3977.0			1.0
3977.9			1.0
3978.8			1.0
3979.7			1.0
3980.6			1.0
3981.5			1.0
3982.4			1.0
3983.3			1.0
3984.2			1.0
3985.1			1.0
3986.0			1.0
3986.9			1.0
3987.8			1.0
3988.7			1.0
3989.6			1.0
3990.5			1.0
3991.4			1.0
3992.3			1.0
3993.2			1.0
3994.1			1.0
3995.0			1.0
3995.9			1.0
3996.8			1.0
3997.7			1.0
3998.6			1.0
3999.5			1.0
4000.4			1.0
4001.3			1.0
4002.2			1.0
4003.1			1.0107086805296412
4004.0			0.978026432820561
4004.9			0.8794414192099387
4005.8			0.8040297954846201
4006.7			0.8437431039888967
4007.6			0.9448188801377907
4008.5			1.002926843398182
4009.4			1.0
4010.3			1.0
4011.2			1.0
4012.1			1.0
4013.0			1.0
4013.9			1.0
4014.8			1.0
4015.7			1.0
4016.6			1.0
4017.5			1.0
4018.4			1.0
4019.3			1.0
4020.2			1.0
4021.1			1.0
4022.0			1.0
4022.9			1.0
4023.8			1.0
4024.7			1.0
4025.6			1.0473852886127344
4026.5			1.1327839981987644
4027.4			1.1520658589103197
4028.3			1.1039157235803534
4029.2			1.0176511009692548
4030.1			0.8906496954479591
4031.0			0.7948244446313958
4031.9			0.7797596947210322
4032.8			0.8020073996374221
4033.7			0.8466044825695054
4034.6			0.8986642664873733
4035.5			0.9331699144315619
4036.4			0.9663368475760052
4037.3			0.9955043853585583
4038.2			0.9959828028876032
4039.1			1.0
4040.0			1.0
4040.9			1.0
4041.8			1.0
4042.7			1.0277738580786768
4043.6			0.9839348943585373
4044.5			0.8701715267869153
4045.4			0.7888219300817336
4046.3			1.0
4047.2			1.1571513373844584
4048.1			1.2084255638128996
4049.0			1.154631611068412
4049.9			1.1138017829300724
4050.8			1.1052267843663315
4051.7			1.0646506452506237
4052.6			1.0011739543000842
4053.5			0.9471428137587722
4054.4			0.9146688578018446
4055.3			0.9315042780928929
4056.2			0.970127432928062
4057.1			0.9679012134772703
4058.0			0.9394665465185981
4058.9			0.9646444775309553
4059.8			1.0
4060.7			1.026391912499861
4061.6			0.9898203358289079
4062.5			0.912723030944337
4063.4			0.8585803827141015
4064.3			0.9045366258501449
4065.2			0.9930637234369001
4066.1			0.9983098468958654
4067.0			1.0
4067.9			1.0
4068.8			1.0
4069.7			1.0
4070.6			1.0
4071.5			1.0
4072.4			1.0
4073.3			1.052688620104974
4074.2			1.0508202349839482
4075.1			0.9793570192703774
4076.0			0.862782807464519
4076.9			0.7452226765700348
4077.8			0.7151063823258902
4078.7			0.7904473868184944
4079.6			0.8887950249066907
4080.5			1.0
4081.4			1.0555256161851578
4082.3			1.0459980964934794
4083.2			0.9833750742648683
4084.1			0.9259048473265327
4085.0			0.8938955790505957
4085.9			0.8946448856258407
4086.8			0.9419633536937122
4087.7			1.0018707419480906
4088.6			1.037556229965891
4089.5			1.0344578662068595
4090.4			1.027978448294594
4091.3			1.0143145453099822
4092.2			0.9828845089334396
4093.1			0.9731215858886547
4094.0			0.9827606013590842
4094.9			0.9511401437201695
4095.8			0.8850768179340649
4096.7			0.8419642555272127
4097.6			0.8133599328494797
4098.5			0.7703053871434006
4099.4			0.71424193792345
4100.3			0.6242207557429861
4101.2			0.5090192635467528
4102.1			0.4754053602321308
4103.0			0.559148199180191
4103.9			0.6816504828530745
4104.8			0.78379367413462
4105.7			0.8522784591537881
4106.6			0.8829127981025215
4107.5			0.8957401848923632
4108.4			0.8988663327270272
4109.3			0.8832838125995364
4110.2			0.879076601517579
4111.1			0.9167732139921748
4112.0			0.9750039277116115
4112.9			1.0
4113.8			1.0228212238700511
4114.7			1.0
4115.6			1.0452946928173412
4116.5			1.0749222203787703
4117.4			1.035558772404514
4118.3			0.9463858512663225
4119.2			0.9005498418641414
4120.1			0.9282370021912857
4121.0			0.9519976299334462
4121.9			0.9305715768239965
4122.8			0.9106731563293591
4123.7			0.9364084778951409
4124.6			0.9769640783589245
4125.5			0.9875992060833936
4126.4			0.9632081878433065
4127.3			0.9104082309048964
4128.2			0.8659602117322402
4129.1			0.8684773515710281
4130.0			0.8988149423739561
4130.9			0.9081106442911696
4131.8			0.8699100996767958
4132.7			0.8463374804280787
4133.6			0.8789754931636091
4134.5			0.9434341407160082
4135.4			1.0322316700636784
4136.3			1.075830093979747
4137.2			1.0516265135345964
4138.1			1.0677737094884685
4139.0			1.0
4139.9			1.041460744324795
4140.8			1.026215753628496
4141.7			0.9611120324569679
4142.6			0.8614578166265745
4143.5			0.8111986796750185
4144.4			0.8708917460329
4145.3			0.9681108890021203
4146.2			1.0042817072381787
4147.1			1.0
4148.0			0.9979287947505926
4148.9			0.9716522674720353
4149.8			0.9330737211220098
4150.7			0.9440240943644465
4151.6			0.9650749175052773
4152.5			0.9630257265151955
4153.4			1.0
4154.3			0.9304643385457442
4155.2			0.9053619943673286
4156.1			0.9143799333280234
4157.0			0.924429126564451
4157.9			0.9695605218851108
4158.8			1.003562299653472
4159.7			1.0221261278182283
4160.6			1.0016363237446657
4161.5			0.9841145804115254
4162.4			1.0448034442699785
4163.3			1.092384655981159
4164.2			1.1001538476454098
4165.1			1.1125455137214204
4166.0			1.0926168942365726
4166.9			1.037567663832573
4167.8			1.00729429598708
4168.7			1.0507185701235437
4169.6			1.083147577058477
4170.5			1.0080211942728359
4171.4			0.8732952456985765
4172.3			0.770773070602728
4173.2			0.7472764809868473
4174.1			0.80293974930962
4175.0			0.8802170388080324
4175.9			0.9142648996078565
4176.8			0.882740047889711
4177.7			0.8331129725738141
4178.6			0.8309826216903942
4179.5			1.0
4180.4			1.090261654910478
4181.3			1.075484115090492
4182.2			1.0
4183.1			0.9597090369162845
4184.0			0.9636214679256734
4184.9			1.0140330004727918
4185.8			1.0632537779223985
4186.7			1.014013987340273
4187.6			0.9413220356180573
4188.5			0.9684745276094247
4189.4			1.0465706287082217
4190.3			1.06789161845433
4191.2			1.0373629799141257
4192.1			1.042158740240205
4193.0			1.1166565623216833
4193.9			1.1482089135478108
4194.8			1.0695626009325074
4195.7			0.9682716050593934
4196.6			0.9286324048586506
4197.5			0.9012471126384194
4198.4			0.8385195500419164
4199.3			0.8380233976254061
4200.2			0.9079994315813213
4201.1			0.9193150564418209
4202.0			0.8705195636501621
4202.9			0.8625162005800411
4203.8			0.8725591357293018
4204.7			0.8506890933976193
4205.6			0.8561467518365392
4206.5			0.8952507447455995
4207.4			0.9241662451265751
4208.3			0.9340910418595416
4209.2			0.9197181239027163
4210.1			0.9161637898562738
4211.0			0.9543917497334888
4211.9			1.0060118095753792
4212.8			1.0
4213.7			0.992876784344564
4214.6			0.9370978882634439
4215.5			0.860193267050603
4216.4			0.850681148745323
4217.3			0.9288473654673399
4218.2			0.9981496439216805
4219.1			1.007996007347697
4220.0			1.0
4220.9			1.014723655899349
4221.8			1.0169080662782222
4222.7			0.9832984911054611
4223.6			0.9380695951533994
4224.5			0.8599667992687648
4225.4			0.7634539380410559
4226.3			0.7022259033604734
4227.2			0.7366616969228111
4228.1			0.8723515633793102
4229.0			0.9954138009603763
4229.9			1.041994003392259
4230.8			1.0432878840405433
4231.7			0.9991581278932569
4232.6			1.0
4233.5			1.0
4234.4			1.0
4235.3			1.0
4236.2			0.9960796349873412
4237.1			1.014194255646676
4238.0			0.9972635805659784
4238.9			0.9554151287127624
4239.8			0.9593781596063597
4240.7			1.0242540804784197
4241.6			1.0762464837481949
4242.5			1.0698129342914429
4243.4			1.071131684695645
4244.3			1.0829499504048965
4245.2			1.0421973234864241
4246.1			0.9637414886117747
4247.0			0.9110481903454386
4247.9			0.9411323495858336
4248.8			1.0148656835966032
4249.7			1.0086674644876736
4250.6			0.9553496500213109
4251.5			0.9766481036106318
4252.4			1.02820798747146
4253.3			1.030519596001155
4254.2			1.0051639675454938
4255.1			1.0085952015580393
4256.0			1.0
4256.9			1.0038413108890119
4257.8			0.956861769668501
4258.7			0.8976144993719376
4259.6			0.8607832983898857
4260.5			0.8332158363753355
4261.4			0.8573365960646347
4262.3			0.9300631155852896
4263.2			0.9892990287101923
4264.1			1.0
4265.0			1.0040155890705635
4265.9			1.012183264027046
4266.8			0.9920048525988766
4267.7			0.955109963682731
4268.6			0.9343584003087028
4269.5			0.9324479241203368
4270.4			0.9051985508582421
4271.3			0.8356498694940596
4272.2			0.8159979271961741
4273.1			0.8718308549450426
4274.0			0.905029700279653
4274.9			0.8997449683633094
4275.8			0.9314755208782998
4276.7			1.000078696051046
4277.6			1.0258323980611543
4278.5			1.011929579191344
4279.4			0.9980532291432801
4280.3			1.0
4281.2			1.0
4282.1			1.0
4283.0			1.0
4283.9			1.0
4284.8			1.0
4285.7			1.0102131838000339
4286.6			1.0049618975199928
4287.5			0.9702187798297992
4288.4			0.9074183229549443
4289.3			0.8224111348297883
4290.2			0.793762644285703
4291.1			0.9021390885213834
4292.0			1.0463576630201803
4292.9			1.1028195871409792
4293.8			1.0754703935627916
4294.7			1.0349739251095667
4295.6			1.0305017770582872
4296.5			1.0284908124798817
4297.4			1.0243714225025533
4298.3			0.9758213483621954
4299.2			0.865562431438713
4300.1			0.8135381669737294
4301.0			0.8463294413604578
4301.9			0.8664859606960131
4302.8			0.8846087286976846
4303.7			0.9691427348646022
4304.6			1.0383407840994503
4305.5			1.0339761397202558
4306.4			1.0293690996309077
4307.3			1.018704000545795
4308.2			0.9792835517764715
4309.1			0.984107229616714
4310.0			1.0801613891834083
4310.9			1.0
4311.8			1.03564844731382
4312.7			0.9710345163845369
4313.6			0.8724603045275737
4314.5			0.81110818078534
4315.4			0.8506584078693339
4316.3			1.0
4317.2			1.0470546120569024
4318.1			1.0399994539724602
4319.0			1.0203020410860593
4319.9			0.9850609756076957
4320.8			0.9465158972631863
4321.7			0.9655851103051147
4322.6			1.029405877530238
4323.5			1.0438273462401637
4324.4			0.9569444394797667
4325.3			0.8262376184634124
4326.2			0.7844384893479796
4327.1			0.854014787191044
4328.0			0.936030439887102
4328.9			0.9662153009880449
4329.8			0.9267116783735259
4330.7			0.8664230498601947
4331.6			0.8561219168253636
4332.5			0.8694688839724197
4333.4			0.8601143300562692
4334.3			0.8425626532972823
4335.2			0.8239890714475492
4336.1			0.766871363978778
4337.0			0.6555607482224733
4337.9			0.5503694877032693
4338.8			0.48896787516267726
4339.7			0.42841183934776694
4340.6			0.39231217916930355
4341.5			0.44843073082961077
4342.4			0.5510970783242516
4343.3			0.6133260577416417
4344.2			0.6437755959777759
4345.1			0.7013061661811093
4346.0			0.7678570251843032
4346.9			0.8057967179494708
4347.8			0.8323035739046977
4348.7			1.0
4349.6			0.9952307292749856
4350.5			0.9166021433930682
4351.4			0.8072956366851659
4352.3			0.798406570346245
4353.2			0.891544503704459
4354.1			0.9670704326809906
4355.0			0.998943542499839
4355.9			0.9393053534138777
4356.8			0.9529434985000426
4357.7			0.912102544332518
4358.6			0.8552616659712088
4359.5			0.8510544940257996
4360.4			0.8994976274928211
4361.3			0.9381659618318283
4362.2			0.9545058792404623
4363.1			0.9761993998873626
4364.0			0.9992640830831956
4364.9			1.0
4365.8			1.0
4366.7			1.0
4367.6			1.0
4368.5			1.0
4369.4			1.0
4370.3			1.0
4371.2			1.0367515909129426
4372.1			1.0590578007500944
4373.0			1.0213531984988546
4373.9			0.8993811026085629
4374.8			1.0
4375.7			1.037172961545773
4376.6			1.1740004012370064
4377.5			1.267227971847196
4378.4			1.2828638032662145
4379.3			1.2420848045039434
4380.2			1.2156481184273396
4381.1			1.2195782051467927
4382.0			1.169043779564812
4382.9			1.0271649090514932
4383.8			0.8761856711901617
4384.7			0.828752267320574
4385.6			0.9018096614401241
4386.5			0.9951063206507124
4387.4			1.0255027088587807
4388.3			1.0224855224919933
4389.2			1.0333626095562238
4390.1			1.023677485370575
4391.0			1.0010201106791354
4391.9			1.0301663253418054
4392.8			1.0563132854412245
4393.7			1.0025453411823027
4394.6			1.0
4395.5			1.0
4396.4			1.0
4397.3			1.0725220688559591
4398.2			1.0444916264848703
4399.1			0.9729803128430807
4400.0			0.8982936861475028
4400.9			0.8710665693651103
4401.8			0.9432780987643004
4402.7			1.0324815065698978
4403.6			1.0405349683055938
4404.5			0.9995203798855353
4405.4			1.0
4406.3			1.0
4407.2			1.0
4408.1			1.0
4409.0			1.0
4409.9			1.0
4410.8			1.0
4411.7			1.0182561587737533
4412.6			1.035950681172124
4413.5			1.013539955402972
4414.4			0.9286725565680526
4415.3			0.8458474637513976
4416.2			0.8314728262536489
4417.1			0.83803028294823
4418.0			0.8471739779001018
4418.9			0.9149675711272371
4419.8			0.9934867683772715
4420.7			1.0037705301290707
4421.6			1.0
4422.5			1.0
4423.4			1.0
4424.3			1.0
4425.2			1.0
4426.1			1.0
4427.0			1.0
4427.9			1.0
4428.8			1.0
4429.7			1.0
4430.6			1.0
4431.5			1.0
4432.4			1.0
4433.3			1.0
4434.2			1.0
4435.1			1.0
4436.0			1.0
4436.9			1.0
4437.8			1.0664797518696545
4438.7			1.0936884516657017
4439.6			1.088819401351735
4440.5			1.0391188945644225
4441.4			0.9498718056626958
4442.3			0.8469407071707497
4443.2			0.7825443369234737
4444.1			0.8162438696955725
4445.0			0.9314315293479893
4445.9			1.0136653250981034
4446.8			1.0064688248902454
4447.7			0.9927788728459704
4448.6			1.0106711722952613
4449.5			0.9894182480319823
4450.4			0.9349486420564809
4451.3			0.934742763315682
4452.2			0.9817129579121014
4453.1			0.9865189996654165
4454.0			0.909972445803656
4454.9			0.8242908704765304
4455.8			0.8183811636575792
4456.7			0.8639705973158303
4457.6			0.8820738518392657
4458.5			0.8663765242428283
4459.4			0.8645995167602475
4460.3			0.8685301234682699
4461.2			0.833289024555465
4462.1			0.818967065992715
4463.0			0.8763073155264518
4463.9			0.9221715256967614
4464.8			1.0
4465.7			0.9906231234998469
4466.6			0.974367142829381
4467.5			0.941871707166217
4468.4			0.8903407253732885
4469.3			0.8495196168926891
4470.2			0.8615647454173424
4471.1			0.9138166814177864
4472.0			0.9654051326760701
4472.9			0.9942793059147073
4473.8			0.9997760203356149
4474.7			1.0
4475.6			1.0
4476.5			1.0
4477.4			1.037917500912372
4478.3			1.036486974956277
4479.2			0.9629862963531803
4480.1			0.8513455415236253
4481.0			0.7540337087868518
4481.9			0.7474343774527666
4482.8			0.8383798032824602
4483.7			0.9212802221255009
4484.6			0.9614326056177127
4485.5			0.9919626951508436
4486.4			1.0013634497474506
4487.3			1.0
4488.2			1.0
4489.1			1.0
4490.0			1.0
4490.9			1.0
4491.8			1.0
4492.7			1.0
4493.6			1.0
4494.5			1.0
4495.4			1.0
4496.3			1.0
4497.2			1.0
4498.1			1.0
4499.0			1.0
4499.9			1.0
4500.8			1.0
4501.7			1.0
4502.6			1.0
4503.5			1.0
4504.4			1.0
4505.3			1.0002024000433183
4506.2			0.9935012214166683
4507.1			0.9576606862341116
4508.0			0.9103380858120611
4508.9			0.9135202327416704
4509.8			0.965110102810654
4510.7			1.0003846219566923
4511.6			1.0
4512.5			0.9846214427369262
4513.4			0.963311769595064
4514.3			0.9240480678211438
4515.2			0.8887009533526325
4516.1			0.9057655833795017
4517.0			0.9385401549452209
4517.9			0.9369783426767425
4518.8			0.9341525567758082
4519.7			0.9358085716853418
4520.6			0.9436148668952247
4521.5			0.9497698886690448
4522.4			0.9165214445553368
4523.3			0.904794567883544
4524.2			0.9270763871790718
4525.1			0.9220386119011513
4526.0			0.9108540468268483
4526.9			0.9087774380217833
4527.8			0.8982968405817731
4528.7			0.8794118449087436
4529.6			0.8826112694327839
4530.5			0.9118896316675141
4531.4			0.9438671163201222
4532.3			0.9635824048157314
4533.2			0.9202480713519585
4534.1			1.0
4535.0			1.0281910843720583
4535.9			1.12079182561827
4536.8			1.2156928623163012
4537.7			1.2753133801207177
4538.6			1.255924558355159
4539.5			1.1950021263936534
4540.4			1.138131065932588
4541.3			1.1085477312682532
4542.2			1.1340286716869936
4543.1			1.1740359965557383
4544.0			1.1589425421441368
4544.9			1.1249014210109214
4545.8			1.1197946032519654
4546.7			1.1219848789772884
4547.6			1.097791979024246
4548.5			1.0269762895237773
4549.4			0.9410752909734489
4550.3			0.9541584786382896
4551.2			1.050362545251744
4552.1			1.0960922610599573
4553.0			1.0649201779089348
4553.9			0.9955590991465723
4554.8			0.937136308751326
4555.7			1.0
4556.6			1.0693596395524763
4557.5			1.1407175020030842
4558.4			1.1466144559451037
4559.3			1.1495986344267097
4560.2			1.1846532511070929
4561.1			1.2080892613345042
4562.0			1.1970433234059898
4562.9			1.1390080207834543
4563.8			1.06591331222018
4564.7			1.038725384458401
4565.6			1.064277909131018
4566.5			1.1201204942756193
4567.4			1.174720688366817
4568.3			1.1905352606463178
4569.2			1.1850481906252968
4570.1			1.1673282665067486
4571.0			1.1042992020521014
4571.9			1.044061821289618
4572.8			1.0763770773573187
4573.7			1.1459213615626018
4574.6			1.1552663885177021
4575.5			1.1242197648474117
4576.4			1.108279768964894
4577.3			1.1206590664464267
4578.2			1.1170197275044338
4579.1			1.0700499570186979
4580.0			1.0158784287963005
4580.9			0.9842846068911513
4581.8			0.9601096646200773
4582.7			0.9181310496405061
4583.6			0.8912357252223928
4584.5			0.9319631615050817
4585.4			0.9976706979791928
4586.3			1.0271733449165366
4587.2			1.0245197896698897
4588.1			1.0109593526606697
4589.0			1.0
4589.9			1.004074657171715
4590.8			0.9839985607655142
4591.7			0.9431248585059919
4592.6			0.9335777350101517
4593.5			0.9770972237449511
4594.4			1.008737825112554
4595.3			0.9994689664154595
4596.2			0.9691137319310722
4597.1			0.9792379936911805
4598.0			0.990781931118048
4598.9			0.9931435202954142
4599.8			0.9684035291931167
4600.7			0.9403935703579622
4601.6			0.9504350616541337
4602.5			0.9707002060408763
4603.4			0.979509018686127
4604.3			0.9744903202574108
4605.2			0.9600210959694101
4606.1			0.9643196777548837
4607.0			0.9824692895785515
4607.9			1.0042189126905539
4608.8			1.0290732156028666
4609.7			1.0
4610.6			0.9794752939082616
4611.5			0.9653170170060625
4612.4			0.9646304283665325
4613.3			0.9642780286904264
4614.2			0.9762512391935857
4615.1			0.9800912025361724
4616.0			0.9539898689227985
4616.9			0.9445052137037752
4617.8			0.94945083177661
4618.7			0.9232399100057873
4619.6			0.9105785786629036
4620.5			0.9545150407708685
4621.4			1.0127422748830968
4622.3			1.0486056743333834
4623.2			1.064615426512
4624.1			1.058303160921056
4625.0			1.0280403487554617
4625.9			1.0
4626.8			1.0117348785818636
4627.7			1.0070741485717887
4628.6			0.9522246670936648
4629.5			0.9154901277770642
4630.4			0.9500757308040636
4631.3			1.0011659933331492
4632.2			0.9975560863862805
4633.1			1.0
4634.0			1.0
4634.9			1.0
4635.8			1.0
4636.7			1.0
4637.6			1.0
4638.5			1.0
4639.4			1.0
4640.3			1.0
4641.2			1.0084030308000382
4642.1			1.0135841000121149
4643.0			1.0035924740592173
4643.9			0.9901269106406468
4644.8			0.9770541130716338
4645.7			0.9392933189840044
4646.6			0.8952251894055296
4647.5			0.8727903831070153
4648.4			0.8834613966715695
4649.3			0.9348935532164193
4650.2			0.991588129313444
4651.1			1.007834182019261
4652.0			1.0
4652.9			1.0051599906960436
4653.8			0.9810175770596141
4654.7			0.9349280153129365
4655.6			0.9113863828588183
4656.5			0.8944670945109228
4657.4			0.9036682697738284
4658.3			1.0
4659.2			1.049365912486054
4660.1			1.0532469828197828
4661.0			1.029998433036097
4661.9			0.9969663751749577
4662.8			0.961000285481572
4663.7			0.9433318221891726
4664.6			0.9479624390831158
4665.5			0.9207278605571022
4666.4			0.8326250456312095
4667.3			0.7643349553555913
4668.2			0.7828110679799917
4669.1			0.8396215910179335
4670.0			0.8841807301652622
4670.9			0.9270865660944783
4671.8			0.949035719755085
4672.7			0.9383563577451169
4673.6			1.0
4674.5			1.027575463046974
4675.4			1.0572151579624776
4676.3			1.073213668662535
4677.2			1.0494353101418732
4678.1			0.9844552202468592
4679.0			0.9385130334904684
4679.9			0.9431316248642672
4680.8			0.9624380815889083
4681.7			0.9679195429774792
4682.6			0.9810413184019592
4683.5			1.0017929078387895
4684.4			1.0
4685.3			1.0
4686.2			1.0
4687.1			1.0
4688.0			1.0
4688.9			1.0
4689.8			1.0
4690.7			1.0
4691.6			1.0
4692.5			1.0
4693.4			1.0
4694.3			1.0
4695.2			1.0064455698285806
4696.1			1.0209902084123694
4697.0			1.016980802494383
4697.9			0.9809561911720953
4698.8			0.9429609531103023
4699.7			0.9350879884978186
4700.6			0.9421320673943114
4701.5			0.9334191439361168
4702.4			0.9012963987467366
4703.3			0.8817365831360835
4704.2			0.9154490487385873
4705.1			0.9641832669784995
4706.0			0.9677871803850276
4706.9			0.9283532854337051
4707.8			0.8899242915612089
4708.7			0.8787967356367983
4709.6			0.9020918292340596
4710.5			0.9554844074255344
4711.4			1.001862894758713
4712.3			1.0061482621847155
4713.2			0.9747725200817876
4714.1			0.9350152229490581
4715.0			0.930390026822336
4715.9			0.9679502800714352
4716.8			1.0039203092364795
4717.7			1.0123223534111188
4718.6			1.0138761683876358
4719.5			1.0228264404843284
4720.4			1.0217455266991187
4721.3			1.0089469866811558
4722.2			1.000008610403946
4723.1			1.0
4724.0			1.0
4724.9			1.013850799413091
4725.8			1.0112777369489134
4726.7			0.9826136297251926
4727.6			0.9377957465662219
4728.5			0.9194759760174869
4729.4			0.9268553214094062
4730.3			0.9209081898738142
4731.2			0.9107146950681034
4732.1			0.936950993442367
4733.0			0.9879104993798468
4733.9			1.0243398535185293
4734.8			1.040028563904145
4735.7			1.0201727270313266
4736.6			0.9842943144411445
4737.5			1.0039871597221204
4738.4			1.0
4739.3			1.0
4740.2			1.0
4741.1			1.0
4742.0			1.0
4742.9			1.0
4743.8			1.0
4744.7			1.0
4745.6			1.0
4746.5			1.0
4747.4			1.0
4748.3			1.0
4749.2			1.0158913512605172
4750.1			1.0379164846674167
4751.0			1.0316855020988047
4751.9			1.0086412627150199
4752.8			0.9912535656834353
4753.7			0.9788068196330438
4754.6			0.9686761608006067
4755.5			1.0
4756.4			1.0044199361124684
4757.3			1.036667088328142
4758.2			1.0748015548774839
4759.1			1.0939463299860526
4760.0			1.0892311951988634
4760.9			1.0514331750287882
4761.8			0.9902637979017781
4762.7			0.9446725880670042
4763.6			0.9305735840524669
4764.5			0.9221881765487445
4765.4			0.920626871968652
4766.3			0.9398957965012308
4767.2			0.9780749595655945
4768.1			1.014794579878687
4769.0			1.038176643452734
4769.9			1.048851302943973
4770.8			1.0313727134631998
4771.7			1.001115183051658
4772.6			1.0004061352552864
4773.5			1.0
4774.4			1.0
4775.3			1.0
4776.2			1.0
4777.1			1.0079837350316645
4778.0			1.0104768482906696
4778.9			0.9847991160921025
4779.8			0.9593288826854229
4780.7			0.9728269911629719
4781.6			0.9920340456358551
4782.5			0.9715484636186041
4783.4			0.9456897697604171
4784.3			0.9542403278249224
4785.2			0.9546182054118061
4786.1			0.917944351898169
4787.0			0.9020005553218405
4787.9			0.9249320288308344
4788.8			0.9291620127322604
4789.7			0.9217949761649433
4790.6			0.9396429017334438
4791.5			0.9595169046043734
4792.4			1.0
4793.3			1.02257358501326
4794.2			1.0486023908668256
4795.1			1.057433136790487
4796.0			1.0465438184993507
4796.9			1.0237683669356055
4797.8			0.9894410391847166
4798.7			0.9560819936588592
4799.6			0.944792040727583
4800.5			0.9545858867429877
4801.4			0.9787245173886965
4802.3			0.9968726982000836
4803.2			0.9903710563749887
4804.1			0.9600813514907587
4805.0			0.9304381549134388
4805.9			0.9343653922086494
4806.8			0.9498931180150999
4807.7			0.9477601507488831
4808.6			0.9438651104979021
4809.5			0.9407531505318467
4810.4			0.9334705226612177
4811.3			0.9297796556535382
4812.2			0.9352484168956318
4813.1			0.9517667054158774
4814.0			0.9735415880042004
4814.9			0.9895643366489486
4815.8			0.9976385633019962
4816.7			0.9992129781347491
4817.6			1.0
4818.5			1.0
4819.4			1.0
4820.3			1.0
4821.2			0.9947721862857165
4822.1			0.9648055230507158
4823.0			0.8932333785835586
4823.9			0.8487625329133535
4824.8			0.8876266353423349
4825.7			0.9567076470189121
4826.6			0.9992764549884436
4827.5			1.0
4828.4			1.0
4829.3			1.0
4830.2			1.0
4831.1			1.0
4832.0			1.0
4832.9			1.0
4833.8			1.0
4834.7			1.0
4835.6			1.0
4836.5			1.0
4837.4			1.0089438456803872
4838.3			0.9944090767812006
4839.2			0.9647879191854124
4840.1			0.9577041872033076
4841.0			0.9787114765090608
4841.9			0.9934021735513066
4842.8			0.9826749878705215
4843.7			0.980112044524946
4844.6			1.0000958831391111
4845.5			1.0127210154991966
4846.4			0.9976225248186066
4847.3			0.9538856446065644
4848.2			0.9062028579664517
4849.1			0.8993287643983326
4850.0			0.9342380197408587
4850.9			0.9595324076164954
4851.8			0.9508294352774936
4852.7			0.9238306591282541
4853.6			0.8802589633862
4854.5			0.8056708477930721
4855.4			0.7399475294055132
4856.3			0.7381434832972784
4857.2			0.762559005434528
4858.1			0.7451244542261868
4859.0			0.6686318584092905
4859.9			0.5525485475041011
4860.8			0.4489131696350625
4861.7			0.4450323450779481
4862.6			0.5444164233345326
4863.5			0.646123605835233
4864.4			0.7090267530473557
4865.3			0.7602781794584179
4866.2			0.811884556401996
4867.1			0.8627004761700678
4868.0			1.0
4868.9			1.0170287413952228
4869.8			1.0007907825180167
4870.7			0.9368041018248153
4871.6			0.8860269985290649
4872.5			0.9109190584387453
4873.4			0.9643363719910106
4874.3			1.000348193427519
4875.2			0.96285467308355
4876.1			0.9570685206100241
4877.0			0.9589881292354506
4877.9			0.9841574303298916
4878.8			1.0392938577860371
4879.7			1.0
4880.6			1.0035033152980222
4881.5			0.9678501820490313
4882.4			0.9364047008074207
4883.3			0.9063107267519906
4884.2			0.8827455544992497
4885.1			0.8835175408784739
4886.0			0.8910911721118262
4886.9			0.9050309024098843
4887.8			0.9239081969725162
4888.7			0.9264197810374678
4889.6			0.907770887096913
4890.5			0.8621911516282138
4891.4			0.8503965244739408
4892.3			0.9145918424126908
4893.2			1.0
4894.1			1.0314494562037528
4895.0			1.0525924035361898
4895.9			1.0587352012969453
4896.8			1.0481423282834321
4897.7			1.0374948484105135
4898.6			1.0062149471288866
4899.5			0.9487983791511988
4900.4			0.9303009547135702
4901.3			0.9644014577365754
4902.2			0.9721305441788053
4903.1			0.9370230167822229
4904.0			0.9245817185814638
4904.9			1.0
4905.8			1.040152908734254
4906.7			1.0488085726170486
4907.6			1.0249928366779135
4908.5			0.9854906804834472
4909.4			1.0
4910.3			0.9323753312339611
4911.2			0.9313668920066311
4912.1			0.9876700117885824
4913.0			1.037788730214733
4913.9			1.058958496389894
4914.8			1.0768740050029377
4915.7			1.0843337238950317
4916.6			1.047819904366767
4917.5			0.9693844676142193
4918.4			0.8878912594908965
4919.3			0.8516911366838128
4920.2			0.8485766490223362
4921.1			0.8691931848826384
4922.0			0.9022840872395382
4922.9			0.8905734054516931
4923.8			0.8440693176917593
4924.7			0.8544682287631662
4925.6			0.9328132642837519
4926.5			0.9863789394140422
4927.4			0.9905252303080618
4928.3			0.9963745917125428
4929.2			1.0
4930.1			1.0
4931.0			0.9975351583284434
4931.9			0.9859464955319133
4932.8			0.928116599896136
4933.7			0.8608189624587141
4934.6			0.8747370492128458
4935.5			0.9297461921045866
4936.4			0.9379403194944353
4937.3			0.8985071418616568
4938.2			0.8465324230546979
4939.1			0.8354798912966029
4940.0			0.8989181881545543
4940.9			0.9864143701432981
4941.8			1.0218710468539027
4942.7			1.0259253532177663
4943.6			1.0357960251235578
4944.5			1.0256461580318728
4945.4			0.9889028155456442
4946.3			0.9740692145852818
4947.2			1.0009804563356095
4948.1			1.0
4949.0			1.0
4949.9			1.0
4950.8			1.0
4951.7			1.0
4952.6			1.0
4953.5			1.0
4954.4			1.0
4955.3			1.0073113627973893
4956.2			0.9574198765628055
4957.1			0.8607946962744238
4958.0			0.8499656215312961
4958.9			0.9354710467423438
4959.8			0.9967051632744488
4960.7			1.0
4961.6			0.9958407775976167
4962.5			0.9936959513064363
4963.4			1.0040308403881482
4964.3			1.0026105225086102
4965.2			0.9720957122695839
4966.1			0.94683034591797
4967.0			0.9496486063283776
4967.9			0.9566414709508909
4968.8			0.96047611876811
4969.7			0.9593625278031788
4970.6			0.9625401477066724
4971.5			0.9861605649127739
4972.4			1.008689788116132
4973.3			1.0284249608465985
4974.2			1.0591089778402463
4975.1			1.0781751184991466
4976.0			1.0
4976.9			0.9911968309377748
4977.8			0.9704366778826384
4978.7			0.9436171585324772
4979.6			0.9296602444947741
4980.5			0.9145847824493217
4981.4			0.8647597049814597
4982.3			0.7864740488274903
4983.2			0.7493342214518605
4984.1			0.7793297638272421
4985.0			0.8342071498390079
4985.9			0.9041313447202293
4986.8			0.9814580599577285
4987.7			1.0234514128753358
4988.6			1.019066637635347
4989.5			1.0017276106075088
4990.4			1.0
4991.3			1.0
4992.2			1.0
4993.1			1.0
4994.0			1.0
4994.9			1.0
4995.8			1.0
4996.7			1.0
4997.6			0.9993951181905993
4998.5			0.9821769994190443
4999.4			0.9477430466857701
5000.3			0.9169155927216053
5001.2			0.9028298438064062
5002.1			0.919239537309297
5003.0			0.9684991599313462
5003.9			0.9962596435395583
5004.8			0.9574519361378061
5005.7			1.0
5006.6			0.9954827693430719
5007.5			1.0764625766497742
5008.4			1.159365254747458
5009.3			1.1790430675232422
5010.2			1.1376810071340249
5011.1			1.0779520441927823
5012.0			1.015017584177024
5012.9			0.9756532057866083
5013.8			0.9646931651692632
5014.7			0.9825147256939251
5015.6			1.026049776409682
5016.5			1.0178078848429766
5017.4			0.9290656765777228
5018.3			0.8640724508241172
5019.2			0.9123994964864938
5020.1			0.9938742259203469
5021.0			1.0121824839233085
5021.9			0.9905592081188955
5022.8			1.0
5023.7			1.0407399826027546
5024.6			1.0626928302754257
5025.5			1.0512770775856173
5026.4			1.0070185255446722
5027.3			0.9514543428261373
5028.2			0.952502746140878
5029.1			0.9979510610253729
5030.0			1.0102663203647526
5030.9			0.9957473702154916
5031.8			1.0
5032.7			1.0
5033.6			1.0105800815597614
5034.5			0.975173592115229
5035.4			0.9150121565194321
5036.3			0.9083672678714225
5037.2			0.95451719253285
5038.1			0.9719332368786648
5039.0			0.9472666985217638
5039.9			0.9055984185674394
5040.8			0.8509814847994553
5041.7			0.8492140604816764
5042.6			0.9468569773391032
5043.5			1.0440713814380862
5044.4			1.0843672133300915
5045.3			1.1100204727122256
5046.2			1.1248193492166625
5047.1			1.0986205478846953
5048.0			1.0371238337768662
5048.9			0.9957396626681303
5049.8			1.001577099102096
5050.7			1.0
5051.6			1.0
5052.5			1.0
5053.4			1.0
5054.3			1.0
5055.2			1.0
5056.1			1.0
5057.0			1.0
5057.9			1.0
5058.8			1.0
5059.7			1.0
5060.6			1.0
5061.5			1.0
5062.4			1.0
5063.3			1.0
5064.2			1.0
5065.1			1.0
5066.0			1.0
5066.9			1.0
5067.8			1.0
5068.7			1.0
5069.6			1.0
5070.5			1.0
5071.4			1.0
5072.3			1.0
5073.2			1.0
5074.1			1.0053324730858817
5075.0			0.9898280128435802
5075.9			1.0030514253200122
5076.8			1.0327858577364661
5077.7			1.023655127089059
5078.6			0.9435427589386264
5079.5			0.8575454019223617
5080.4			0.848599123372157
5081.3			0.9012750127053107
5082.2			0.9463408400677416
5083.1			0.949686169059361
5084.0			0.9550119408129342
5084.9			0.9967529577679956
5085.8			1.0240624051500045
5086.7			1.001662696953572
5087.6			1.0
5088.5			1.0
5089.4			1.0
5090.3			1.0
5091.2			1.0
5092.1			1.0
5093.0			1.0
5093.9			1.0
5094.8			1.0021825264153421
5095.7			0.9780618444874443
5096.6			0.923360448241348
5097.5			0.8644632552918937
5098.4			0.8250128580388175
5099.3			0.8149155515075808
5100.2			0.8577670640442225
5101.1			0.9338001883132038
5102.0			0.9865880988225117
5102.9			1.0003734171155885
5103.8			0.9977230757051057
5104.7			1.0
5105.6			1.0
5106.5			1.0
5107.4			1.0
5108.3			1.0
5109.2			1.0
5110.1			1.0
5111.0			1.0
5111.9			1.0544243617313902
5112.8			1.0816374938821174
5113.7			1.0806941708789433
5114.6			1.056833079997784
5115.5			1.0452952069131112
5116.4			1.0709767952808782
5117.3			1.0981283035843483
5118.2			1.0990337747202978
5119.1			1.0820701543373352
5120.0			1.0622878948308792
5120.9			1.044621218019786
5121.8			1.0239949303167208
5122.7			0.9918411088689495
5123.6			0.962098462129616
5124.5			0.9562311266647766
5125.4			0.9709811267195196
5126.3			0.9962315147903686
5127.2			1.0122916377662265
5128.1			1.0036765988019691
5129.0			0.9857634834238663
5129.9			0.9957368198853157
5130.8			1.0196600818846708
5131.7			1.018240144825485
5132.6			1.0070674274593472
5133.5			1.0114344527881265
5134.4			1.0515224932011837
5135.3			1.0865645145123357
5136.2			1.055458948035283
5137.1			1.0019811710139581
5138.0			1.0
5138.9			1.0
5139.8			1.0
5140.7			1.0
5141.6			1.0
5142.5			1.0
5143.4			1.0
5144.3			1.0
5145.2			1.0
5146.1			1.0
5147.0			1.0
5147.9			1.0
5148.8			1.0288423844915375
5149.7			1.0511341436013706
5150.6			1.0313679207275295
5151.5			1.0037139892302878
5152.4			0.983628966870586
5153.3			0.9455767941397117
5154.2			0.9177083302668106
5155.1			0.936366842643322
5156.0			0.9746781578642333
5156.9			1.005674593084709
5157.8			1.016664345646929
5158.7			1.0
5159.6			0.9997208023222923
5160.5			0.9874863188689755
5161.4			0.9503064667793378
5162.3			0.9333258406054324
5163.2			0.9629880142985994
5164.1			0.9782488254437579
5165.0			0.9374707950971842
5165.9			0.8651556219167752
5166.8			0.7875166845291459
5167.7			0.7321718520426207
5168.6			0.7360211266931279
5169.5			0.803692222219567
5170.4			0.8680672018822445
5171.3			0.8482624275538566
5172.2			0.7980843354675565
5173.1			0.8308010422547584
5174.0			0.9297949370534714
5174.9			0.9956583331572215
5175.8			1.000125089677042
5176.7			1.0
5177.6			1.0
5178.5			1.0
5179.4			1.0
5180.3			1.0024618291249052
5181.2			1.0040068069597172
5182.1			0.9606173007031805
5183.0			0.8663983234726231
5183.9			0.8204546898322123
5184.8			0.882768775849362
5185.7			0.967100977476539
5186.6			1.0059334179201478
5187.5			0.997645949044826
5188.4			1.0
5189.3			1.0
5190.2			1.0
5191.1			1.0
5192.0			1.0
5192.9			1.0
5193.8			1.0
5194.7			1.0
5195.6			1.0
5196.5			1.0
5197.4			1.0
5198.3			1.0
5199.2			1.0
5200.1			1.0
5201.0			0.9976085385478894
5201.9			0.9931281674371876
5202.8			0.9912160809547863
5203.7			0.972847214618889
5204.6			0.9205120242310547
5205.5			0.8838846438561233
5206.4			0.9106473376898939
5207.3			0.9475598616388473
5208.2			0.9460778623491788
5209.1			0.9613526064549652
5210.0			1.0001367102562515
5210.9			1.0
5211.8			1.0
5212.7			1.0174258559173945
5213.6			1.0091562710456152
5214.5			0.9504565750214109
5215.4			0.8805060918621367
5216.3			0.8543534534409254
5217.2			0.8759646074719548
5218.1			0.9242929533578891
5219.0			0.9754951771480825
5219.9			1.001875942174737
5220.8			1.0
5221.7			1.0
5222.6			1.0036451651472993
5223.5			0.9960229045090518
5224.4			0.9668129046200351
5225.3			0.892708863687758
5226.2			0.7880870395021905
5227.1			0.7560133793025001
5228.0			0.8429187441450054
5228.9			0.9402624913762944
5229.8			0.9855555687826864
5230.7			1.0121668805469108
5231.6			1.0043762482530336
5232.5			1.0
5233.4			1.0
5234.3			1.0
5235.2			1.0
5236.1			1.0
5237.0			1.0
5237.9			1.0
5238.8			1.0
5239.7			1.0
5240.6			1.0049813439181428
5241.5			0.9896451701298873
5242.4			0.9579116372539868
5243.3			0.9562502770854923
5244.2			0.992886761176877
5245.1			1.0238085247039412
5246.0			1.0148397023579496
5246.9			0.9868366965598807
5247.8			0.9763159975733565
5248.7			1.0
5249.6			0.9735585620700222
5250.5			0.9673076156819193
5251.4			0.9991259205812136
5252.3			1.0283881059656108
5253.2			1.0231625459500595
5254.1			0.9929446231288714
5255.0			0.9768086881083203
5255.9			1.001035065657879
5256.8			1.040929576636834
5257.7			1.070640371569092
5258.6			1.0832307178574982
5259.5			1.0711760792469758
5260.4			1.0356394874519765
5261.3			0.9800272401895841
5262.2			0.9221084678590439
5263.1			0.879644288211894
5264.0			0.841255162707619
5264.9			0.8157513721200096
5265.8			0.8307777219570208
5266.7			0.8914316942485583
5267.6			0.9441022409801175
5268.5			0.9178598553871178
5269.4			0.8507476527867839
5270.3			0.8571565807710977
5271.2			0.937724717222122
5272.1			0.97884746032664
5273.0			0.9584845174582451
5273.9			0.9289855014680644
5274.8			0.8946333757911545
5275.7			0.8925970127297109
5276.6			0.9664742765368965
5277.5			1.047465766469649
5278.4			1.057409687519947
5279.3			1.0233695123582762
5280.2			0.9987457362420176
5281.1			1.0
5282.0			1.0
5282.9			1.0
5283.8			1.0
5284.7			1.0
5285.6			1.0
5286.5			1.0
5287.4			1.0
5288.3			1.0
5289.2			1.0
5290.1			1.0
5291.0			1.0
5291.9			1.0
5292.8			1.0
5293.7			1.0
5294.6			1.0112736457294156
5295.5			1.0065870439509168
5296.4			0.9674732626122107
5297.3			0.9201332446040568
5298.2			0.9211774990491775
5299.1			0.9750795567856879
5300.0			1.0243008212746196
5300.9			1.025455917147182
5301.8			1.0006160704227502
5302.7			1.0
5303.6			1.0
5304.5			1.0
5305.4			1.0
5306.3			1.0
5307.2			1.0
5308.1			1.0
5309.0			1.0
5309.9			1.0
5310.8			1.0
5311.7			1.0
5312.6			1.0
5313.5			0.9864901450143336
5314.4			0.9824678560357705
5315.3			0.9486691784389567
5316.2			0.8924410701180822
5317.1			0.8968396691368726
5318.0			0.9585923538317632
5318.9			0.99962121536409
5319.8			1.0
5320.7			1.0
5321.6			1.0033875869999236
5322.5			0.9935362075662203
5323.4			0.9529390144436938
5324.3			0.9155588381217878
5325.2			0.9249810212997222
5326.1			0.9492340754152703
5327.0			0.9138650892971557
5327.9			0.836904122791618
5328.8			0.8370867430405293
5329.7			0.9309532612135565
5330.6			1.0162020114503594
5331.5			1.0402027474500675
5332.4			1.0259845006585124
5333.3			1.0
5334.2			1.0008468193255027
5335.1			0.9976447433724991
5336.0			0.9774235728202926
5336.9			0.9541549697076385
5337.8			0.9542639465003093
5338.7			0.9556441481890516
5339.6			0.9293943177628141
5340.5			0.9197752941358999
5341.4			0.9649029305534417
5342.3			1.0208481911161091
5343.2			1.0474122071201528
5344.1			1.046820698715488
5345.0			1.018903485952516
5345.9			0.9930383832326921
5346.8			0.9987994942732329
5347.7			1.0
5348.6			1.0
5349.5			1.0
5350.4			1.0
5351.3			1.0
5352.2			1.0
5353.1			1.0
5354.0			1.0
5354.9			1.0
5355.8			1.0
5356.7			1.0
5357.6			1.0
5358.5			1.0
5359.4			1.0
5360.3			0.9916353880004083
5361.2			0.9610037222560227
5362.1			0.9204967513639709
5363.0			0.9017569936963235
5363.9			0.8999225602235333
5364.8			0.8975576980919548
5365.7			0.9117620116061613
5366.6			0.9301704326648015
5367.5			0.9347029514520482
5368.4			0.9322631693495713
5369.3			0.9082132067137982
5370.2			0.8765808283499769
5371.1			0.8790437908301738
5372.0			0.9280947734964105
5372.9			0.9883810564653114
5373.8			1.0240244657200641
5374.7			1.042848532159976
5375.6			1.0529763571529758
5376.5			1.0511431952566177
5377.4			1.0464593707594754
5378.3			1.0419635453698466
5379.2			1.0272876864963545
5380.1			1.0035444839566832
5381.0			0.9953395524150437
5381.9			0.9970537091055947
5382.8			1.0
5383.7			1.0
5384.6			1.0
5385.5			1.0
5386.4			1.0
5387.3			1.0
5388.2			0.9895602462818467
5389.1			0.9681940538081707
5390.0			0.9549974911426837
5390.9			0.9524619523019688
5391.8			0.9459551504460709
5392.7			0.94043069540524
5393.6			0.9581109227944918
5394.5			0.9863701429140866
5395.4			0.9776163060001816
5396.3			0.928584435198959
5397.2			0.9000596531937244
5398.1			0.9262643426775603
5399.0			0.9581050755705028
5399.9			0.9600260145540049
5400.8			0.9602792803752221
5401.7			0.9671804411465966
5402.6			0.9445393759413924
5403.5			0.8931619141125481
5404.4			0.8595146726055855
5405.3			0.8658052880332685
5406.2			0.9065359776273134
5407.1			0.9524406112601596
5408.0			0.9644572813725865
5408.9			0.9357395792217063
5409.8			0.9031162563299121
5410.7			0.9152781588099765
5411.6			0.9689549676471834
5412.5			1.0020452423304758
5413.4			0.9818867758441754
5414.3			0.946644558774472
5415.2			0.9536699958537997
5416.1			1.0016954985855664
5417.0			1.0308918099305662
5417.9			1.0230476232653227
5418.8			1.0073558567636784
5419.7			1.0006123335183719
5420.6			1.0
5421.5			1.002429280098697
5422.4			0.9933817191575454
5423.3			0.9422742912030198
5424.2			0.8981222179147232
5425.1			0.9197644729574845
5426.0			0.9756918213027915
5426.9			1.003435869153659
5427.8			1.0
5428.7			1.0
5429.6			0.9635497864248755
5430.5			0.9956265208762936
5431.4			1.0246133519905178
5432.3			0.9974364991430595
5433.2			0.9488845506632003
5434.1			0.9203825882415956
5435.0			0.9265807326738507
5435.9			0.9531232021083383
5436.8			0.9786084982723386
5437.7			0.9954534256624628
5438.6			0.9971875424347526
5439.5			1.0
5440.4			1.0
5441.3			1.0
5442.2			0.9989153152599929
5443.1			0.9874172324135714
5444.0			0.9515997010210513
5444.9			0.905772345274364
5445.8			0.8663326685648316
5446.7			0.8610072966373631
5447.6			0.9132630094663846
5448.5			0.9757546022381166
5449.4			1.003408792617043
5450.3			1.0041667851177576
5451.2			1.000031451511904
5452.1			1.0
5453.0			1.0
5453.9			1.0
5454.8			1.0
5455.7			1.0
5456.6			1.0
5457.5			1.0516663842047906
5458.4			1.0652458486654615
5459.3			1.0597283050800843
5460.2			1.0454587421160761
5461.1			1.0086307975331865
5462.0			0.9419070000338867
5462.9			0.9005548217839742
5463.8			0.927900464352549
5464.7			0.9708185435551198
5465.6			0.9750040501871382
5466.5			0.9659151909723501
5467.4			0.9798789423858647
5468.3			0.9987501475103758
5469.2			1.0
5470.1			1.0
5471.0			1.0005122871515875
5471.9			0.9847305355348692
5472.8			0.9583749678626529
5473.7			0.9527901237645997
5474.6			0.9505974636471736
5475.5			0.8995604240402137
5476.4			0.8422742588323462
5477.3			0.8634598838315513
5478.2			0.9410008400598958
5479.1			0.9935721618498181
5480.0			0.9919410563905892
5480.9			0.9802396759812204
5481.8			0.9964608359492216
5482.7			1.0
5483.6			1.0
5484.5			1.0
5485.4			1.0
5486.3			1.0
5487.2			1.0
5488.1			1.0
5489.0			1.0
5489.9			1.0
5490.8			1.0
5491.7			1.0
5492.6			1.0
5493.5			1.0
5494.4			1.0
5495.3			1.0
5496.2			1.0
5497.1			1.0
5498.0			1.0
5498.9			1.0
5499.8			1.0
5500.7			1.0
5501.6			1.0
5502.5			1.0
5503.4			1.0
5504.3			1.0
5505.2			1.0
5506.1			1.0
5507.0			1.0
5507.9			1.0
5508.8			1.0
5509.7			1.0
5510.6			1.0
5511.5			1.0
5512.4			1.0
5513.3			1.0
5514.2			1.0
5515.1			1.0
5516.0			1.0
5516.9			1.0
5517.8			1.0
5518.7			1.0
5519.6			1.0
5520.5			1.0
5521.4			1.0
5522.3			1.0032801926658514
5523.2			1.0058595717338832
5524.1			0.9932709977346978
5525.0			0.9666755274425518
5525.9			0.9443690979748907
5526.8			0.9248710160322979
5527.7			0.9084623402004952
5528.6			0.9250755011373356
5529.5			0.9754737577155281
5530.4			1.0167617359028494
5531.3			1.028140737735284
5532.2			1.0236568422185788
5533.1			1.0016045024470352
5534.0			1.0
5534.9			1.0
5535.8			1.0
5536.7			1.0
5537.6			1.0
5538.5			1.0
5539.4			1.0
5540.3			1.0
5541.2			1.0
5542.1			1.0
5543.0			1.0
5543.9			1.0
5544.8			1.0
5545.7			1.0
5546.6			1.0
5547.5			1.0
5548.4			1.0
5549.3			1.0
5550.200000000001			1.0
5551.1			1.0
5552.0			1.0
5552.9			1.0
5553.8			1.0
5554.700000000001			1.0
5555.6			1.0
5556.5			1.0
5557.4			1.0
5558.3			1.0
5559.200000000001			1.0
5560.1			1.0
5561.0			1.0
5561.9			1.0
5562.8			1.0
5563.700000000001			1.0
5564.6			1.0
5565.5			1.0
5566.4			1.0
5567.3			1.0
5568.200000000001			1.0
5569.1			1.0
5570.0			1.0
5570.9			1.0
5571.8			1.0
5572.700000000001			1.0
5573.6			1.0
5574.5			1.0
5575.4			1.0
5576.3			1.0
5577.200000000001			1.0
5578.1			1.0175221194529467
5579.0			1.0267802623983204
5579.9			1.0306759435261892
5580.8			1.0199997377197494
5581.700000000001			1.0121528112906497
5582.6			1.02383626111632
5583.5			1.0407540398239812
5584.4			1.0413517414272386
5585.3			1.010178484838216
5586.200000000001			0.954221526458709
5587.1			0.9176822754404486
5588.0			0.914260015080355
5588.9			0.9267644013384186
5589.8			0.9563179469421866
5590.700000000001			0.9906431765903432
5591.6			1.0060671552430889
5592.5			0.9988508286987919
5593.4			0.9780185211240282
5594.3			0.971818524802144
5595.200000000001			1.0068682829675188
5596.1			1.0459545889116104
5597.0			1.037488755882239
5597.9			0.9997678476097126
5598.8			1.0
5599.700000000001			1.0
5600.6			1.0
5601.5			1.0
5602.4			1.0
5603.3			1.0
5604.200000000001			1.0
5605.1			1.0
5606.0			1.0
5606.9			1.0
5607.8			1.0
5608.700000000001			1.0
5609.6			1.0
5610.5			1.0
5611.4			1.007276317338486
5612.3			1.0132883229786387
5613.200000000001			0.9987535076427047
5614.1			0.9491734177029313
5615.0			0.8975508476209284
5615.9			0.9040509974350291
5616.8			0.9577888189497857
5617.700000000001			0.995470185918702
5618.6			1.0005083599593243
5619.5			1.0
5620.4			1.0
5621.3			1.0
5622.200000000001			1.0
5623.1			1.0
5624.0			1.0
5624.9			1.0
5625.8			1.0
5626.700000000001			1.0
5627.6			1.0
5628.5			1.0
5629.4			1.0
5630.3			1.0
5631.200000000001			1.0
5632.1			1.0
5633.0			1.0
5633.9			1.0
5634.8			1.0
5635.700000000001			1.0
5636.6			1.0
5637.5			1.0
5638.4			1.0
5639.3			1.0
5640.200000000001			1.0
5641.1			1.0
5642.0			1.0
5642.9			1.0
5643.8			1.0
5644.700000000001			1.0
5645.6			1.0
5646.5			1.0
5647.4			1.0054160393530878
5648.3			0.9967541548133529
5649.200000000001			0.9789561997377688
5650.1			0.9689922983777299
5651.0			0.9755583233543359
5651.9			0.9889020164210309
5652.8			0.9911921069592896
5653.700000000001			0.9705121338909911
5654.6			0.9437832609612075
5655.5			0.946083770462015
5656.4			0.9546816472220655
5657.3			0.9190859265273115
5658.200000000001			0.8802231669856684
5659.1			0.9017055373414726
5660.0			0.9541103577351352
5660.9			0.9704941101422231
5661.8			0.9393166302841718
5662.700000000001			0.9185421561708635
5663.6			0.9478653986850447
5664.5			0.9915278261329113
5665.4			1.0068669626756974
5666.3			0.9953366064733707
5667.200000000001			0.9883148992950479
5668.1			0.9924014179710537
5669.0			1.0017770288856218
5669.9			1.0
5670.8			1.0
5671.700000000001			1.0
5672.6			1.0
5673.5			1.0
5674.4			1.0
5675.3			1.0
5676.200000000001			1.0
5677.1			1.0
5678.0			1.0
5678.9			1.0
5679.8			1.0
5680.700000000001			1.0
5681.6			1.0
5682.5			1.0
5683.4			1.0
5684.3			1.0
5685.200000000001			1.0
5686.1			1.0
5687.0			1.0
5687.9			1.0
5688.8			1.0
5689.700000000001			1.0
5690.6			1.0
5691.5			1.0
5692.4			1.0
5693.3			1.0
5694.200000000001			1.0
5695.1			1.0
5696.0			1.0
5696.9			1.0
5697.8			1.0
5698.700000000001			1.0009533515509201
5699.6			0.9862680999773725
5700.5			0.9619740751462246
5701.4			0.9526475009871836
5702.3			0.9706037002146711
5703.200000000001			0.9944677624906579
5704.1			0.9914818446652116
5705.0			0.9598666459703259
5705.9			0.9371021385305965
5706.8			0.9381228072624761
5707.700000000001			0.9260162485196736
5708.6			0.9001258518954189
5709.5			0.8960904613996922
5710.4			0.9071876601243269
5711.3			0.9204240586660631
5712.200000000001			0.9455256920351048
5713.1			0.9718661119895778
5714.0			0.9744529591822229
5714.9			0.9679063558856063
5715.8			0.9782814749149964
5716.700000000001			0.9849564985209062
5717.6			0.9786513568823325
5718.5			0.9824044714108835
5719.4			0.9951601897860753
5720.3			0.9999894190204728
5721.200000000001			1.0
5722.1			1.0
5723.0			1.0
5723.9			1.0
5724.8			1.0
5725.700000000001			1.0
5726.6			1.0
5727.5			1.0
5728.4			1.0
5729.3			1.0
5730.200000000001			1.0
5731.1			1.0
5732.0			1.0
5732.9			1.0
5733.8			1.0
5734.700000000001			1.0
5735.6			1.0
5736.5			1.0
5737.4			1.0
5738.3			1.0
5739.200000000001			1.0
5740.1			1.0
5741.0			1.0
5741.9			1.0
5742.8			1.0
5743.700000000001			1.0
5744.6			1.0
5745.5			1.0
5746.4			1.0
5747.3			1.0
5748.200000000001			1.0
5749.1			1.0
5750.0			1.0
5750.9			1.0
5751.8			1.0
5752.700000000001			1.0
5753.6			1.0
5754.5			1.0
5755.4			1.0
5756.3			1.0
5757.200000000001			1.0
5758.1			1.0
5759.0			1.0
5759.9			1.0
5760.8			1.0
5761.700000000001			1.0
5762.6			1.0
5763.5			1.0
5764.4			1.0
5765.3			1.0
5766.200000000001			1.0
5767.1			1.0
5768.0			1.0
5768.9			1.0
5769.8			1.0
5770.700000000001			1.0
5771.6			1.0
5772.5			1.0
5773.4			1.0
5774.3			1.0
5775.200000000001			1.0
5776.1			1.0
5777.0			1.0
5777.9			1.0
5778.8			1.0
5779.700000000001			1.0
5780.6			1.0
5781.5			1.0
5782.4			1.0
5783.3			1.0
5784.200000000001			1.0
5785.1			1.0
5786.0			1.0
5786.9			1.0
5787.8			1.0
5788.700000000001			1.0
5789.6			1.0
5790.5			1.0
5791.4			1.0
5792.3			1.0
5793.200000000001			1.0
5794.1			1.0
5795.0			1.0
5795.9			1.0
5796.8			1.0
5797.700000000001			1.0
5798.6			1.0
5799.5			1.0
5800.4			1.0
5801.3			1.0
5802.200000000001			1.0
5803.1			1.0
5804.0			1.0
5804.9			1.0
5805.8			1.0
5806.700000000001			1.0
5807.6			1.0
5808.5			1.0
5809.4			1.0
5810.3			1.0
5811.200000000001			1.0
5812.1			1.0
5813.0			1.0
5813.9			1.0
5814.8			1.0
5815.700000000001			1.0
5816.6			1.0
5817.5			1.0
5818.4			1.0
5819.3			1.0
5820.200000000001			1.0
5821.1			1.0
5822.0			1.0
5822.9			1.0
5823.8			1.0
5824.700000000001			1.0
5825.6			1.0
5826.5			1.0
5827.4			1.0
5828.3			1.0
5829.200000000001			1.0
5830.1			1.0
5831.0			1.0
5831.9			1.0
5832.8			1.0
5833.700000000001			1.0
5834.6			1.0
5835.5			1.0
5836.4			1.0
5837.3			1.0
5838.200000000001			1.0
5839.1			1.0
5840.0			1.0
5840.9			1.0
5841.8			1.0
5842.700000000001			1.0
5843.6			1.0
5844.5			1.0
5845.4			1.0
5846.3			1.0
5847.200000000001			1.0
5848.1			1.0
5849.0			1.0
5849.9			1.0
5850.8			1.0
5851.700000000001			1.0
5852.6			1.0
5853.5			1.0
5854.4			1.0
5855.3			1.0
5856.200000000001			1.0
5857.1			1.0
5858.0			1.0
5858.9			1.0
5859.8			1.0
5860.700000000001			1.0
5861.6			1.0
5862.5			1.0
5863.4			1.0
5864.3			1.0
5865.200000000001			1.0
5866.1			1.0
5867.0			1.0
5867.9			1.0
5868.8			1.0
5869.700000000001			1.0
5870.6			1.0
5871.5			1.0
5872.4			1.0
5873.3			1.0
5874.200000000001			1.0
5875.1			1.0
5876.0			1.0
5876.9			1.0
5877.8			1.0
5878.700000000001			1.0
5879.6			1.0
5880.5			1.0
5881.4			1.0
5882.3			1.0
5883.200000000001			1.0
5884.1			1.0
5885.0			1.0
5885.9			1.0133174874497939
5886.8			1.0181165668573726
5887.700000000001			1.0017968249599924
5888.6			0.935918432182831
5889.5			0.8594188994131283
5890.4			0.8640520646563865
5891.3			0.9305925238385128
5892.200000000001			0.9799286892070047
5893.1			0.999395500820212
5894.0			1.0
5894.9			1.0
5895.8			1.0
5896.700000000001			1.0
5897.6			1.0
5898.5			1.0
5899.4			1.0
5900.3			1.0
5901.200000000001			1.0
5902.1			1.0
5903.0			1.0
5903.9			1.0
5904.8			1.0
5905.700000000001			1.0
5906.6			1.0
5907.5			1.0
5908.4			1.0
5909.3			1.0
5910.200000000001			1.0
5911.1			1.0
5912.0			1.0
5912.9			1.0
5913.8			1.0
5914.700000000001			1.0
5915.6			1.0
5916.5			1.0
5917.4			1.0
5918.3			1.0
5919.200000000001			1.0
5920.1			1.0
5921.0			1.0
5921.9			1.0
5922.8			1.0
5923.700000000001			1.0
5924.6			1.0
5925.5			1.0
5926.4			1.0
5927.3			1.0
5928.200000000001			1.0
5929.1			1.0
5930.0			1.0
5930.9			1.0
5931.8			1.0
5932.700000000001			1.0
5933.6			1.0
5934.5			1.0
5935.4			1.0
5936.3			1.0
5937.200000000001			1.0
5938.1			1.0
5939.0			1.0
5939.9			1.0
5940.8			1.0
5941.700000000001			1.0
5942.6			1.0
5943.5			1.0
5944.4			1.0
5945.3			1.0
5946.200000000001			1.0
5947.1			1.0
5948.0			1.0
5948.9			1.0
5949.8			1.0
5950.700000000001			1.0
5951.6			1.0
5952.5			1.0
5953.4			1.0
5954.3			1.0
5955.200000000001			1.0
5956.1			1.0
5957.0			1.0
5957.9			1.0
5958.8			1.0
5959.700000000001			1.0
5960.6			1.0
5961.5			1.0
5962.4			1.0
5963.3			1.0
5964.200000000001			1.0
5965.1			1.0
5966.0			1.0
5966.9			1.0
5967.8			1.0
5968.700000000001			1.0
5969.6			1.0
5970.5			1.0
5971.4			1.0
5972.3			1.0
5973.200000000001			1.0
5974.1			1.0
5975.0			1.0
5975.9			1.0
5976.8			1.0
5977.700000000001			1.0
5978.6			1.0
5979.5			1.0
5980.4			1.0
5981.3			1.0
5982.200000000001			1.0
5983.1			1.0
5984.0			1.0
5984.9			1.0
5985.8			1.0
5986.700000000001			1.0
5987.6			1.0
5988.5			1.0
5989.4			1.0
5990.3			1.0
5991.200000000001			1.0
5992.1			1.0
5993.0			1.0
5993.9			1.0
5994.8			1.0
5995.700000000001			1.0
5996.6			1.0
5997.5			1.0
5998.4			1.0
5999.3			1.0
6000.200000000001			1.0
6001.1			1.0
6002.0			1.0
6002.9			1.0
6003.8			1.0
6004.700000000001			1.0
6005.6			1.0
6006.5			1.0
6007.4			1.0
6008.3			1.0
6009.200000000001			1.0
6010.1			1.0
6011.0			1.0
6011.9			1.0
6012.8			1.0
6013.700000000001			1.0
6014.6			1.0
6015.5			1.0
6016.4			1.0
6017.3			1.0
6018.200000000001			1.0
6019.1			1.0
6020.0			1.0
6020.9			1.0
6021.8			1.0
6022.700000000001			1.0
6023.6			1.0
6024.5			1.0
6025.4			1.0
6026.3			1.0
6027.200000000001			1.0
6028.1			1.0
6029.0			1.0
6029.9			1.0
6030.8			1.0
6031.700000000001			1.0
6032.6			1.0
6033.5			1.0
6034.4			1.0
6035.3			1.0
6036.200000000001			1.0
6037.1			1.0
6038.0			1.0
6038.9			1.0
6039.8			1.0
6040.700000000001			1.0
6041.6			1.0
6042.5			1.0
6043.4			1.0
6044.3			1.0
6045.200000000001			1.0
6046.1			1.0
6047.0			1.0
6047.9			1.0
6048.8			1.0
6049.700000000001			1.0
6050.6			1.0
6051.5			1.0
6052.4			1.0
6053.3			1.0
6054.200000000001			1.0
6055.1			1.0
6056.0			1.0
6056.9			1.0
6057.8			1.0
6058.700000000001			1.0
6059.6			1.0
6060.5			1.0
6061.4			1.0
6062.3			1.0
6063.200000000001			1.0
6064.1			1.0
6065.0			1.0
6065.9			1.0
6066.8			1.0
6067.700000000001			1.0
6068.6			1.0
6069.5			1.0
6070.4			1.0
6071.3			1.0
6072.200000000001			1.0
6073.1			1.0
6074.0			1.0
6074.9			1.0
6075.8			1.0
6076.700000000001			1.0
6077.6			1.0
6078.5			1.0
6079.4			1.0
6080.3			1.0
6081.200000000001			1.0
6082.1			1.0
6083.0			1.0
6083.9			1.0
6084.8			1.0
6085.700000000001			1.0
6086.6			1.0
6087.5			1.0
6088.4			1.0
6089.3			1.0
6090.200000000001			1.0
6091.1			1.0
6092.0			1.0
6092.9			1.0
6093.8			1.0
6094.700000000001			1.0
6095.6			1.0
6096.5			1.0
6097.4			1.0
6098.3			1.0
6099.200000000001			1.0
6100.1			1.0
6101.0			1.0
6101.9			1.0
6102.8			1.0
6103.700000000001			1.0
6104.6			1.0
6105.5			1.0
6106.4			1.0
6107.3			1.0
6108.200000000001			1.0
6109.1			1.0
6110.0			1.0
6110.9			1.0
6111.8			1.0
6112.700000000001			1.0
6113.6			1.0
6114.5			1.0
6115.4			1.0
6116.3			1.0
6117.200000000001			1.0
6118.1			1.0
6119.0			1.0
6119.9			1.0
6120.8			1.0
6121.700000000001			1.0
6122.6			1.0
6123.5			1.0
6124.4			1.0
6125.3			1.0
6126.200000000001			1.0
6127.1			1.0
6128.0			1.0
6128.9			1.0
6129.8			1.0
6130.700000000001			1.0
6131.6			1.0
6132.5			1.0
6133.4			1.0
6134.3			0.9993473112100881
6135.200000000001			0.9675367163216344
6136.1			0.9049983659584064
6137.0			0.866592482988975
6137.9			0.9028636179403462
6138.8			0.9714673073209426
6139.700000000001			0.9981850896300811
6140.6			1.0
6141.5			1.0
6142.4			1.0
6143.3			1.0
6144.200000000001			1.0
6145.1			1.0
6146.0			1.0
6146.9			1.0
6147.8			1.0
6148.700000000001			1.0
6149.6			1.0
6150.5			1.0
6151.4			1.0
6152.3			1.0
6153.200000000001			1.0
6154.1			1.0
6155.0			1.0
6155.9			1.0
6156.8			1.0
6157.700000000001			1.0
6158.6			1.0
6159.5			1.0
6160.4			1.0
6161.3			1.0
6162.200000000001			1.0
6163.1			1.0
6164.0			1.0
6164.9			1.0
6165.8			1.0
6166.700000000001			1.0
6167.6			1.0
6168.5			1.0
6169.4			1.0
6170.3			1.0
6171.200000000001			1.0
6172.1			1.0
6173.0			1.0
6173.9			1.0
6174.8			1.0
6175.700000000001			1.0
6176.6			1.0
6177.5			1.0
6178.4			1.0
6179.3			1.0
6180.200000000001			1.0
6181.1			1.0
6182.0			1.0
6182.9			1.0
6183.8			1.0
6184.700000000001			1.0
6185.6			1.0
6186.5			1.0
6187.4			1.0
6188.3			1.0
6189.200000000001			1.0
6190.1			1.0
6191.0			1.0
6191.9			1.0
6192.8			1.0
6193.700000000001			1.0
6194.6			1.0
6195.5			1.0
6196.4			1.0
6197.3			1.0
6198.200000000001			1.0
6199.1			1.0
6200.0			1.0
6200.9			1.0
6201.8			1.0
6202.700000000001			1.0
6203.6			1.0
6204.5			1.0
6205.4			1.0
6206.3			1.0
6207.200000000001			1.0
6208.1			1.0
6209.0			1.0
6209.9			1.0
6210.8			1.0
6211.700000000001			1.0
6212.6			1.0
6213.5			1.0
6214.4			1.0
6215.3			1.0
6216.200000000001			1.0
6217.1			1.0
6218.0			1.0
6218.9			1.0
6219.8			1.0
6220.700000000001			1.0
6221.6			1.0
6222.5			1.0
6223.4			1.0
6224.3			1.0
6225.200000000001			1.0
6226.1			1.0
6227.0			1.0
6227.9			1.0
6228.8			1.0
6229.700000000001			1.0
6230.6			1.0
6231.5			1.0
6232.4			1.0
6233.3			1.0
6234.200000000001			1.0
6235.1			1.0
6236.0			1.0
6236.9			1.0
6237.8			1.0
6238.700000000001			1.0
6239.6			1.0
6240.5			1.0
6241.4			1.0
6242.3			1.0
6243.200000000001			1.0
6244.1			1.0
6245.0			1.0
6245.9			1.0
6246.8			1.0
6247.700000000001			1.0
6248.6			1.0
6249.5			1.0
6250.4			1.0
6251.3			1.0
6252.200000000001			1.0
6253.1			1.0
6254.0			1.0
6254.9			1.0
6255.8			1.0
6256.700000000001			1.0
6257.6			1.0
6258.5			1.0
6259.4			1.0
6260.3			1.0
6261.200000000001			1.0
6262.1			1.0
6263.0			1.0
6263.9			1.0
6264.8			1.0
6265.700000000001			1.0
6266.6			1.0
6267.5			1.0
6268.4			1.0
6269.3			1.0
6270.200000000001			1.0
6271.1			1.0
6272.0			1.0
6272.9			1.0
6273.8			1.0
6274.700000000001			1.0
6275.6			1.0
6276.5			1.0
6277.4			1.0
6278.3			1.0
6279.200000000001			1.0
6280.1			1.0
6281.0			1.0
6281.9			1.0
6282.8			1.0
6283.700000000001			1.0
6284.6			1.0
6285.5			1.0
6286.4			1.0
6287.3			1.0
6288.200000000001			1.0
6289.1			1.0
6290.0			1.0
6290.9			1.0
6291.8			1.0
6292.700000000001			1.0
6293.6			1.0
6294.5			1.0
6295.4			1.0
6296.3			1.0
6297.200000000001			1.0
6298.1			1.0
6299.0			1.0
6299.9			1.0
6300.8			1.0
6301.700000000001			1.0
6302.6			1.0
6303.5			1.0
6304.4			1.0
6305.3			1.0
6306.200000000001			1.0
6307.1			1.0
6308.0			1.0
6308.9			1.0
6309.8			1.0
6310.700000000001			1.0
6311.6			1.0
6312.5			1.0
6313.4			1.0
6314.3			1.0
6315.200000000001			1.0
6316.1			1.0
6317.0			1.0
6317.9			1.0
6318.8			1.0
6319.700000000001			1.0
6320.6			1.0
6321.5			1.0
6322.4			1.0
6323.3			1.0
6324.200000000001			1.0
6325.1			1.0
6326.0			1.0
6326.9			1.0
6327.8			1.0
6328.700000000001			1.0
6329.6			1.0
6330.5			1.0
6331.4			1.0
6332.3			1.0
6333.200000000001			1.0
6334.1			1.0
6335.0			1.0
6335.9			1.0
6336.8			1.0
6337.700000000001			1.0
6338.6			1.0
6339.5			1.0
6340.4			1.0
6341.3			1.0
6342.200000000001			1.0
6343.1			1.0
6344.0			1.0
6344.9			1.0
6345.8			1.0
6346.700000000001			1.0
6347.6			1.0
6348.5			1.0
6349.4			1.0
6350.3			1.0
6351.200000000001			1.0
6352.1			1.0
6353.0			1.0
6353.9			1.0
6354.8			1.0
6355.700000000001			1.0
6356.6			1.0
6357.5			1.0
6358.4			1.0
6359.3			1.0
6360.200000000001			1.0
6361.1			1.0
6362.0			1.0
6362.9			1.0
6363.8			1.0
6364.700000000001			1.0
6365.6			1.0
6366.5			1.0
6367.4			1.0
6368.3			1.0
6369.200000000001			1.0
6370.1			1.0
6371.0			1.0
6371.9			1.0
6372.8			1.0
6373.700000000001			1.0
6374.6			1.0
6375.5			1.0
6376.4			1.0
6377.3			1.0
6378.200000000001			1.0
6379.1			1.0
6380.0			1.0
6380.9			1.0
6381.8			1.0
6382.700000000001			1.0
6383.6			1.0
6384.5			1.0
6385.4			1.0
6386.3			1.0
6387.200000000001			1.0
6388.1			1.0
6389.0			1.0
6389.9			1.0
6390.8			1.0
6391.700000000001			1.0
6392.6			1.0
6393.5			1.0
6394.4			1.0
6395.3			1.0
6396.200000000001			1.0
6397.1			1.0
6398.0			1.0
6398.9			1.0
6399.8			1.0
6400.700000000001			1.0
6401.6			1.0
6402.5			1.0
6403.4			1.0
6404.3			1.0
6405.200000000001			1.0
6406.1			1.0
6407.0			1.0
6407.9			1.0
6408.8			1.0
6409.700000000001			1.0
6410.6			1.0
6411.5			1.0
6412.4			1.0
6413.3			1.0
6414.200000000001			1.0
6415.1			1.0
6416.0			1.0
6416.9			1.0
6417.8			1.0
6418.700000000001			1.0
6419.6			1.0
6420.5			1.0
6421.4			1.0
6422.3			1.0
6423.200000000001			1.0
6424.1			1.0
6425.0			1.0
6425.9			1.0
6426.8			1.0
6427.700000000001			1.0
6428.6			1.0
6429.5			1.0
6430.4			1.0
6431.3			1.0
6432.200000000001			1.0
6433.1			1.0
6434.0			1.0
6434.9			1.0
6435.8			1.0
6436.700000000001			1.0
6437.6			1.0
6438.5			1.0
6439.4			1.0
6440.3			1.0
6441.200000000001			1.0
6442.1			1.0
6443.0			1.0
6443.9			1.0
6444.8			1.0
6445.700000000001			1.0
6446.6			1.0
6447.5			1.0
6448.4			1.0
6449.3			1.0
6450.200000000001			1.0
6451.1			1.0
6452.0			1.0
6452.9			1.0
6453.8			1.0
6454.700000000001			1.0
6455.6			1.0
6456.5			1.0
6457.4			1.0
6458.3			1.0
6459.200000000001			1.0
6460.1			1.0
6461.0			1.0
6461.9			1.0
6462.8			1.0
6463.700000000001			1.0
6464.6			1.0
6465.5			1.0
6466.4			1.0
6467.3			1.0
6468.200000000001			1.0
6469.1			1.0
6470.0			1.0
6470.9			1.0
6471.8			1.0
6472.700000000001			1.0
6473.6			1.0
6474.5			1.0
6475.4			1.0
6476.3			1.0
6477.200000000001			1.0
6478.1			1.0
6479.0			1.0
6479.9			1.0
6480.8			1.0
6481.700000000001			1.0
6482.6			1.0
6483.5			1.0
6484.4			1.0
6485.3			1.0
6486.200000000001			1.0
6487.1			1.0
6488.0			1.000273604027208
6488.9			0.998644304237532
6489.8			0.985323054976674
6490.700000000001			0.963749446390816
6491.6			0.9460639417091814
6492.5			0.9267290318270243
6493.4			0.8898986059970881
6494.3			0.8543997846508823
6495.200000000001			0.8391097535630512
6496.1			0.8406298232049677
6497.0			0.8765571021179441
6497.9			0.9346023168494367
6498.8			0.9656338439893803
6499.700000000001			0.9755333751563204
6500.6			0.9854386557127506
6501.5			0.9933608380185054
6502.4			1.0004365680803393
6503.3			1.0
6504.200000000001			1.0
6505.1			1.0
6506.0			1.0
6506.9			1.0
6507.8			1.0
6508.700000000001			1.0
6509.6			1.0
6510.5			1.0
6511.4			1.0
6512.3			1.0
6513.200000000001			1.0
6514.1			1.0
6515.0			1.0
6515.9			1.0
6516.8			1.0
6517.700000000001			1.0
6518.6			1.0
6519.5			1.0
6520.4			1.0
6521.3			1.0
6522.200000000001			1.0
6523.1			1.0
6524.0			1.0
6524.9			1.0
6525.8			1.0
6526.700000000001			1.0
6527.6			1.0
6528.5			1.0
6529.4			1.0
6530.3			1.0
6531.200000000001			1.0
6532.1			1.0
6533.0			1.0
6533.9			1.0
6534.8			1.0
6535.700000000001			1.0
6536.6			1.0
6537.5			1.0
6538.4			1.0
6539.3			1.0
6540.200000000001			1.0
6541.1			1.0
6542.0			1.0
6542.9			1.0
6543.8			1.0
6544.700000000001			1.0
6545.6			1.0
6546.5			1.0
6547.4			1.0
6548.3			1.0
6549.200000000001			1.0
6550.1			1.0
6551.0			0.9905043317307646
6551.9			0.980824320853206
6552.8			0.9686724518923135
6553.700000000001			0.9544365025305007
6554.6			0.9340159547436699
6555.5			0.9169563246198538
6556.4			0.9057219166886543
6557.3			0.8887782471825605
6558.200000000001			0.8583203698976957
6559.1			0.8113729862226399
6560.0			0.7469473444880814
6560.9			0.6393203088647964
6561.8			0.49726314295317686
6562.700000000001			0.4364152941567212
6563.6			0.5301940973066652
6564.5			0.6773957891973702
6565.4			0.7787732727583685
6566.3			0.8347625331245064
6567.200000000001			0.8705194091177526
6568.1			0.8876031092581339
6569.0			0.8993804338962663
6569.9			0.9257828633299717
6570.8			0.954891375666649
6571.700000000001			0.9746128985803004
6572.6			0.987216680775445
6573.5			0.9935672420050639
6574.4			1.0007797627155037
6575.3			1.0
6576.200000000001			1.0
6577.1			1.0
6578.0			1.0
6578.9			1.0
6579.8			1.0
6580.700000000001			1.0
6581.6			1.0
6582.5			1.0
6583.4			1.0
6584.3			1.0
6585.200000000001			1.0
6586.1			1.0
6587.0			1.0
6587.9			1.0
6588.8			1.0
6589.700000000001			1.0
6590.6			1.0
6591.5			1.0
6592.4			1.0
6593.3			1.0
6594.200000000001			1.0
6595.1			1.0
6596.0			1.0
6596.9			1.0
6597.8			1.0
6598.700000000001			1.0
6599.6			1.0
6600.5			1.0
6601.4			1.0
6602.3			1.0
6603.200000000001			1.0
6604.1			1.0
6605.0			1.0
6605.9			1.0
6606.8			1.0
6607.700000000001			1.0
6608.6			1.0
6609.5			1.0
6610.4			1.0
6611.3			1.0
6612.200000000001			1.0
6613.1			1.0
6614.0			1.0
6614.9			1.0
6615.8			1.0
6616.700000000001			1.0
6617.6			1.0
6618.5			1.0
6619.4			1.0
6620.3			1.0
6621.200000000001			1.0
6622.1			1.0
6623.0			1.0
6623.9			1.0
6624.8			1.0
6625.700000000001			1.0
6626.6			1.0
6627.5			1.0
6628.4			1.0
6629.3			1.0
6630.200000000001			1.0
6631.1			1.0
6632.0			1.0
6632.9			1.0
6633.8			1.0
6634.700000000001			1.0
6635.6			1.0
6636.5			1.0
6637.4			1.0
6638.3			1.0
6639.200000000001			1.0
6640.1			1.0
6641.0			1.0
6641.9			1.0
6642.8			1.0
6643.700000000001			1.0
6644.6			1.0
6645.5			1.0
6646.4			1.0
6647.3			1.0
6648.200000000001			1.0
6649.1			1.0
6650.0			1.0
6650.9			1.0
6651.8			1.0
6652.700000000001			1.0
6653.6			1.0
6654.5			1.0
6655.4			1.0
6656.3			1.0
6657.200000000001			1.0
6658.1			1.0
6659.0			1.0
6659.9			1.0
6660.8			1.0
6661.700000000001			1.0
6662.6			1.0
6663.5			1.0
6664.4			1.0
6665.3			1.0
6666.200000000001			1.0
6667.1			1.0
6668.0			1.0
6668.9			1.0
6669.8			1.0
6670.700000000001			1.0
6671.6			1.0
6672.5			1.0
6673.4			1.0
6674.3			1.0
6675.200000000001			1.0
6676.1			1.0
6677.0			1.0
6677.9			1.0
6678.8			1.0
6679.700000000001			1.0
6680.6			1.0
6681.5			1.0
6682.4			1.0
6683.3			1.0
6684.200000000001			1.0
6685.1			1.0
6686.0			1.0
6686.9			1.0
6687.8			1.0
6688.700000000001			1.0
6689.6			1.0
6690.5			1.0
6691.4			1.0
6692.3			1.0
6693.200000000001			1.0
6694.1			1.0
6695.0			1.0
6695.9			1.0
6696.8			1.0
6697.700000000001			1.0
6698.6			1.0
6699.5			1.0
6700.4			1.0
6701.3			1.0
6702.200000000001			1.0
6703.1			1.0
6704.0			1.0
6704.9			1.0
6705.8			1.0
6706.700000000001			1.0
6707.6			1.0
6708.5			1.0
6709.4			1.0
6710.3			1.0
6711.200000000001			1.0
6712.1			1.0
6713.0			1.0
6713.9			1.0
6714.8			1.0
6715.700000000001			1.0
6716.6			1.0
6717.5			1.0
6718.4			1.0
6719.3			1.0
6720.200000000001			1.0
6721.1			1.0
6722.0			1.0
6722.9			1.0
6723.8			1.0
6724.700000000001			1.0
6725.6			1.0
6726.5			1.0
6727.4			1.0
6728.3			1.0
6729.200000000001			1.0
6730.1			1.0
6731.0			1.0
6731.9			1.0
6732.8			1.0
6733.700000000001			1.0
6734.6			1.0
6735.5			1.0
6736.4			1.0
6737.3			1.0
6738.200000000001			1.0
6739.1			1.0
6740.0			1.0
6740.9			1.0
6741.8			1.0
6742.700000000001			1.0
6743.6			1.0
6744.5			1.0
6745.4			1.0
6746.3			1.0
6747.200000000001			1.0
6748.1			1.0
6749.0			1.0
6749.9			1.0
6750.8			1.0
6751.700000000001			1.0
6752.6			1.0
6753.5			1.0
6754.4			1.0
6755.3			1.0
6756.200000000001			1.0
6757.1			1.0
6758.0			1.0
6758.9			1.0
6759.8			1.0
6760.700000000001			1.0
6761.6			1.0
6762.5			1.0
6763.4			1.0
6764.3			1.0
6765.200000000001			1.0
6766.1			1.0
6767.0			1.0
6767.9			1.0
6768.8			1.0
6769.700000000001			1.0
6770.6			1.0
6771.5			1.0
6772.4			1.0
6773.3			1.0
6774.200000000001			1.0
6775.1			1.0
6776.0			1.0
6776.9			1.0
6777.8			1.0
6778.700000000001			1.0
6779.6			1.0
6780.5			1.0
6781.4			1.0
6782.3			1.0
6783.200000000001			1.0
6784.1			1.0
6785.0			1.0
6785.9			1.0
6786.8			1.0
6787.700000000001			1.0
6788.6			1.0
6789.5			1.0
6790.4			1.0
6791.3			1.0
6792.200000000001			1.0
6793.1			1.0
6794.0			1.0
6794.9			1.0
6795.8			1.0
6796.700000000001			1.0
6797.6			1.0
6798.5			1.0
6799.4			1.0
6800.3			1.0
6801.200000000001			1.0
6802.1			1.0
6803.0			1.0
6803.9			1.0
6804.8			1.0
6805.700000000001			1.0
6806.6			1.0
6807.5			1.0
6808.4			1.0
6809.3			1.0
6810.200000000001			1.0
6811.1			1.0
6812.0			1.0
6812.9			1.0
6813.8			1.0
6814.700000000001			1.0
6815.6			1.0
6816.5			1.0
6817.4			1.0
6818.3			1.0
6819.200000000001			1.0
6820.1			1.0
6821.0			1.0
6821.9			1.0
6822.8			1.0
6823.700000000001			1.0
6824.6			1.0
6825.5			1.0
6826.4			1.0
6827.3			1.0
6828.200000000001			1.0
6829.1			1.0
6830.0			1.0
6830.9			1.0
6831.8			1.0
6832.700000000001			1.0
6833.6			1.0
6834.5			1.0
6835.4			1.0
6836.3			1.0
6837.200000000001			1.0
6838.1			1.0
6839.0			1.0
6839.9			1.0
6840.8			1.0
6841.700000000001			1.0
6842.6			1.0
6843.5			1.0
6844.4			1.0
6845.3			1.0
6846.200000000001			1.0
6847.1			1.0
6848.0			1.0
6848.9			1.0
6849.8			1.0
6850.700000000001			1.0
6851.6			1.0
6852.5			1.0
6853.4			1.0
6854.3			1.0
6855.200000000001			1.0
6856.1			1.0
6857.0			1.0
6857.9			1.0
6858.8			1.0
6859.700000000001			1.0
6860.6			1.0
6861.5			1.0
6862.4			1.0
6863.3			1.0
6864.200000000001			1.0
6865.1			1.0
6866.0			1.0
6866.9			1.0
6867.8			1.0
6868.700000000001			1.0
6869.6			1.0
6870.5			1.0
6871.4			1.0
6872.3			1.0
6873.200000000001			1.0
6874.1			1.0
6875.0			1.0
6875.9			1.0
6876.8			1.0
6877.700000000001			1.0
6878.6			1.0
6879.5			1.0
6880.4			1.0
6881.3			1.0
6882.200000000001			1.0
6883.1			1.0
6884.0			1.0
6884.9			1.0
6885.8			1.0
6886.700000000001			1.0
6887.6			1.0
6888.5			1.0
6889.4			1.0
6890.3			1.0
6891.200000000001			1.0
6892.1			1.0
6893.0			1.0
6893.9			1.0
6894.8			1.0
6895.700000000001			1.0
6896.6			1.0
6897.5			1.0
6898.4			1.0
6899.3			1.0
6900.200000000001			1.0
6901.1			1.0
6902.0			1.0
6902.9			1.0
6903.8			1.0
6904.700000000001			1.0
6905.6			1.0
6906.5			1.0
6907.4			1.0
6908.3			1.0
6909.200000000001			1.0
6910.1			1.0
6911.0			1.0
6911.9			1.0
6912.8			1.0
6913.700000000001			1.0
6914.6			1.0
6915.5			1.0
6916.4			1.0
6917.3			1.0
6918.200000000001			1.0
6919.1			1.0
6920.0			1.0
6920.9			1.0
6921.8			1.0
6922.700000000001			1.0
6923.6			1.0
6924.5			1.0
6925.4			1.0
6926.3			1.0
6927.200000000001			1.0
6928.1			1.0
6929.0			1.0
6929.9			1.0
6930.8			1.0
6931.700000000001			1.0
6932.6			1.0
6933.5			1.0
6934.4			1.0
6935.3			1.0
6936.200000000001			1.0
6937.1			1.0
6938.0			1.0
6938.9			1.0
6939.8			1.0
6940.700000000001			1.0
6941.6			1.0
6942.5			1.0
6943.4			1.0
6944.3			1.0
6945.200000000001			1.0
6946.1			1.0
6947.0			1.0
6947.9			1.0
6948.8			1.0
6949.700000000001			1.0
6950.6			1.0
6951.5			1.0
6952.4			1.0
6953.3			1.0
6954.200000000001			1.0
6955.1			1.0
6956.0			1.0
6956.9			1.0
6957.8			1.0
6958.700000000001			1.0
6959.6			1.0
6960.5			1.0
6961.4			1.0
6962.3			1.0
6963.200000000001			1.0
6964.1			1.0
6965.0			1.0
6965.9			1.0
6966.8			1.0
6967.700000000001			1.0
6968.6			1.0
6969.5			1.0
6970.4			1.0
6971.3			1.0
6972.200000000001			1.0
6973.1			1.0
6974.0			1.0
6974.9			1.0
6975.8			1.0
6976.700000000001			1.0
6977.6			1.0
6978.5			1.0
6979.4			1.0
6980.3			1.0
6981.200000000001			1.0
6982.1			1.0
6983.0			1.0
6983.9			1.0
6984.8			1.0
6985.700000000001			1.0
6986.6			1.0
6987.5			1.0
6988.4			1.0
6989.3			1.0
6990.200000000001			1.0
6991.1			1.0
6992.0			1.0
6992.9			1.0
6993.8			1.0
6994.700000000001			1.0
6995.6			1.0
6996.5			1.0
6997.4			1.0
6998.3			1.0
6999.200000000001			1.0
7000.1			1.0
7001.0			1.0
7001.9			1.0
7002.8			1.0
7003.700000000001			1.0
7004.6			1.0
7005.5			1.0
7006.4			1.0
7007.3			1.0
7008.200000000001			1.0
7009.1			1.0
7010.0			1.0
7010.9			1.0
7011.8			1.0
7012.700000000001			1.0
7013.6			1.0
7014.5			1.0
7015.4			1.0
7016.3			1.0
7017.200000000001			1.0
7018.1			1.0
7019.0			1.0
7019.9			1.0
7020.8			1.0
7021.700000000001			1.0
7022.6			1.0
7023.5			1.0
7024.4			1.0
7025.3			1.0
7026.200000000001			1.0
7027.1			1.0
7028.0			1.0
7028.9			1.0
7029.8			1.0
7030.700000000001			1.0
7031.6			1.0
7032.5			1.0
7033.4			1.0
7034.3			1.0
7035.200000000001			1.0
7036.1			1.0
7037.0			1.0
7037.9			1.0
7038.8			1.0
7039.700000000001			1.0
7040.6			1.0
7041.5			1.0
7042.4			1.0
7043.3			1.0
7044.200000000001			1.0
7045.1			1.0
7046.0			1.0
7046.9			1.0
7047.8			1.0
7048.700000000001			1.0
7049.6			1.0
7050.5			1.0
7051.4			1.0
7052.3			1.0
7053.200000000001			1.0
7054.1			1.0
7055.0			1.0
7055.9			1.0
7056.8			1.0
7057.700000000001			1.0
7058.6			1.0
7059.5			1.0
7060.4			1.0
7061.3			1.0
7062.200000000001			1.0
7063.1			1.0
7064.0			1.0
7064.9			1.0
7065.8			1.0
7066.700000000001			1.0
7067.6			1.0
7068.5			1.0
7069.4			1.0
7070.3			1.0
7071.200000000001			1.0
7072.1			1.0
7073.0			1.0
7073.9			1.0
7074.8			1.0
7075.700000000001			1.0
7076.6			1.0
7077.5			1.0
7078.4			1.0
7079.3			1.0
7080.200000000001			1.0
7081.1			1.0
7082.0			1.0
7082.9			1.0
7083.8			1.0
7084.700000000001			1.0
7085.6			1.0
7086.5			1.0
7087.4			1.0
7088.3			1.0
7089.200000000001			1.0
7090.1			1.0
7091.0			1.0
7091.9			1.0
7092.8			1.0
7093.700000000001			1.0
7094.6			1.0
7095.5			1.0
7096.4			1.0
7097.3			1.0
7098.200000000001			1.0
7099.1			1.0
7100.0			1.0
7100.9			1.0
7101.8			1.0
7102.700000000001			1.0
7103.6			1.0
7104.5			1.0
7105.4			1.0
7106.3			1.0
7107.200000000001			1.0
7108.1			1.0
7109.0			1.0
7109.9			1.0
7110.8			1.0
7111.700000000001			1.0
7112.6			1.0
7113.5			1.0
7114.4			1.0
7115.3			1.0
7116.200000000001			1.0
7117.1			1.0
7118.0			1.0
7118.9			1.0
7119.8			1.0
7120.700000000001			1.0
7121.6			1.0
7122.5			1.0
7123.4			1.0
7124.3			1.0
7125.200000000001			1.0
7126.1			1.0
7127.0			1.0
7127.9			1.0
7128.8			1.0
7129.700000000001			1.0
7130.6			1.0
7131.5			1.0
7132.4			1.0
7133.3			1.0
7134.200000000001			1.0
7135.1			1.0
7136.0			1.0
7136.9			1.0
7137.8			1.0
7138.700000000001			1.0
7139.6			1.0
7140.5			1.0
7141.4			1.0
7142.3			1.0
7143.200000000001			1.0
7144.1			1.0
7145.0			1.0
7145.9			1.0
7146.8			1.0
7147.700000000001			1.0
7148.6			1.0
7149.5			1.0
7150.4			1.0
7151.3			1.0
7152.200000000001			1.0
7153.1			1.0
7154.0			1.0
7154.9			1.0
7155.8			1.0
7156.700000000001			1.0
7157.6			1.0
7158.5			1.0
7159.4			1.0
7160.3			1.0
7161.200000000001			1.0
7162.1			1.0
7163.0			1.0
7163.9			1.0
7164.8			1.0
7165.700000000001			1.0
7166.6			1.0
7167.5			1.0
7168.4			1.0
7169.3			1.0
7170.200000000001			1.0
7171.1			1.0
7172.0			1.0
7172.9			1.0
7173.8			1.0
7174.700000000001			1.0
7175.6			1.0
7176.5			1.0
7177.4			1.0
7178.3			1.0
7179.200000000001			1.0
7180.1			1.0
7181.0			1.0
7181.9			1.0
7182.8			1.0
7183.700000000001			1.0
7184.6			1.0
7185.5			1.0
7186.4			1.0
7187.3			1.0
7188.200000000001			1.0
7189.1			1.0
7190.0			1.0
7190.9			1.0
7191.8			1.0
7192.700000000001			1.0
7193.6			1.0
7194.5			1.0
7195.4			1.0
7196.3			1.0
7197.200000000001			1.0
7198.1			1.0
7199.0			1.0
7199.9			1.0
7200.8			1.0
7201.700000000001			1.0
7202.6			1.0
7203.5			1.0
7204.4			1.0
7205.3			1.0
7206.200000000001			1.0
7207.1			1.0
7208.0			1.0
7208.9			1.0
7209.8			1.0
7210.700000000001			1.0
7211.6			1.0
7212.5			1.0
7213.4			1.0
7214.3			1.0
7215.200000000001			1.0
7216.1			1.0
7217.0			1.0
7217.9			1.0
7218.8			1.0
7219.700000000001			1.0
7220.6			1.0
7221.5			1.0
7222.4			1.0
7223.3			1.0
7224.200000000001			1.0
7225.1			1.0
7226.0			1.0
7226.9			1.0
7227.8			1.0
7228.700000000001			1.0
7229.6			1.0
7230.5			1.0
7231.4			1.0
7232.3			1.0
7233.200000000001			1.0
7234.1			1.0
7235.0			1.0
7235.9			1.0
7236.8			1.0
7237.700000000001			1.0
7238.6			1.0
7239.5			1.0
7240.4			1.0
7241.3			1.0
7242.200000000001			1.0
7243.1			1.0
7244.0			1.0
7244.9			1.0
7245.8			1.0
7246.700000000001			1.0
7247.6			1.0
7248.5			1.0
7249.4			1.0
7250.3			1.0
7251.200000000001			1.0
7252.1			1.0
7253.0			1.0
7253.9			1.0
7254.8			1.0
7255.700000000001			1.0
7256.6			1.0
7257.5			1.0
7258.4			1.0
7259.3			1.0
7260.200000000001			1.0
7261.1			1.0
7262.0			1.0
7262.9			1.0
7263.8			1.0
7264.700000000001			1.0
7265.6			1.0
7266.5			1.0
7267.4			1.0
7268.3			1.0
7269.200000000001			1.0
7270.1			1.0
7271.0			1.0
7271.9			1.0
7272.8			1.0
7273.700000000001			1.0
7274.6			1.0
7275.5			1.0
7276.4			1.0
7277.3			1.0
7278.200000000001			1.0
7279.1			1.0
7280.0			1.0
7280.9			1.0
7281.8			1.0
7282.700000000001			1.0
7283.6			1.0
7284.5			1.0
7285.4			1.0
7286.3			1.0
7287.200000000001			1.0
7288.1			1.0
7289.0			1.0
7289.9			1.0
7290.8			1.0
7291.700000000001			1.0
7292.6			1.0
7293.5			1.0
7294.4			1.0
7295.3			1.0
7296.200000000001			1.0
7297.1			1.0
7298.0			1.0
7298.9			1.0
7299.8			1.0
7300.700000000001			1.0
7301.6			1.0
7302.5			1.0
7303.4			1.0
7304.3			1.0
7305.200000000001			1.0
7306.1			1.0
7307.0			1.0
7307.9			1.0
7308.8			1.0
7309.700000000001			1.0
7310.6			1.0
7311.5			1.0
7312.4			1.0
7313.3			1.0
7314.200000000001			1.0
7315.1			1.0
7316.0			1.0
7316.9			1.0
7317.8			1.0
7318.700000000001			1.0
7319.6			1.0
7320.5			1.0
7321.4			1.0
7322.3			1.0
7323.200000000001			1.0
7324.1			1.0
7325.0			1.0
7325.9			1.0
7326.8			1.0
7327.700000000001			1.0
7328.6			1.0
7329.5			1.0
7330.4			1.0
7331.3			1.0
7332.200000000001			1.0
7333.1			1.0
7334.0			1.0
7334.9			1.0
7335.8			1.0
7336.700000000001			1.0
7337.6			1.0
7338.5			1.0
7339.4			1.0
7340.3			1.0
7341.200000000001			1.0
7342.1			1.0
7343.0			1.0
7343.9			1.0
7344.8			1.0
7345.700000000001			1.0
7346.6			1.0
7347.5			1.0
7348.4			1.0
7349.3			1.0
7350.200000000001			1.0
7351.1			1.0
7352.0			1.0
7352.9			1.0
7353.8			1.0
7354.700000000001			1.0
7355.6			1.0
7356.5			1.0
7357.4			1.0
7358.3			1.0
7359.200000000001			1.0
7360.1			1.0
7361.0			1.0
7361.9			1.0
7362.8			1.0
7363.700000000001			1.0
7364.6			1.0
7365.5			1.0
7366.4			1.0
7367.3			1.0
7368.200000000001			1.0
7369.1			1.0
7370.0			1.0
7370.9			1.0
7371.8			1.0
7372.700000000001			1.0
7373.6			1.0
7374.5			1.0
7375.4			1.0
7376.3			1.0
7377.200000000001			1.0
7378.1			1.0
7379.0			1.0
7379.9			1.0
7380.8			1.0
7381.700000000001			1.0
7382.6			1.0
7383.5			1.0
7384.4			1.0
7385.3			1.0
7386.200000000001			1.0
7387.1			1.0
7388.0			1.0
7388.9			1.0
7389.8			1.0
7390.700000000001			1.0
7391.6			1.0
7392.5			1.0
7393.4			1.0
7394.3			1.0
7395.200000000001			1.0
7396.1			1.0
7397.0			1.0
7397.9			1.0
7398.8			1.0
7399.700000000001			1.0
7400.6			1.0
7401.5			1.0
7402.4			1.0
7403.3			1.0
7404.200000000001			1.0
7405.1			1.0
7406.0			1.0
7406.9			1.0
7407.8			1.0
7408.700000000001			1.0
7409.6			1.0
7410.5			1.0
7411.4			1.0
7412.3			1.0
7413.200000000001			1.0
7414.1			1.0
7415.0			1.0
7415.9			1.0
7416.8			1.0
7417.700000000001			1.0
7418.6			1.0
7419.5			1.0
7420.4			1.0
7421.3			1.0
7422.200000000001			1.0
7423.1			1.0
7424.0			1.0
7424.9			1.0
7425.8			1.0
7426.700000000001			1.0
7427.6			1.0
7428.5			1.0
7429.4			1.0
