3500.0			1.0
3500.9			1.0
3501.8			1.0
3502.7			1.0
3503.6			1.0
3504.5			1.0
3505.4			1.0
3506.3			1.0
3507.2			1.0
3508.1			1.0
3509.0			1.0
3509.9			1.0
3510.8			1.0
3511.7			1.0
3512.6			1.0
3513.5			1.0
3514.4			1.0
3515.3			1.0
3516.2			1.0
3517.1			1.0
3518.0			1.0
3518.9			1.0
3519.8			1.0
3520.7			1.0
3521.6			1.0
3522.5			1.0
3523.4			1.0
3524.3			1.0
3525.2			1.0
3526.1			1.0
3527.0			1.0
3527.9			1.0
3528.8			1.0
3529.7			1.0
3530.6			1.0
3531.5			1.0
3532.4			1.0
3533.3			1.0
3534.2			1.0
3535.1			1.0
3536.0			1.0
3536.9			1.0
3537.8			1.0
3538.7			1.0
3539.6			1.0
3540.5			1.0
3541.4			1.0
3542.3			1.0
3543.2			1.0
3544.1			1.0
3545.0			1.0
3545.9			1.0
3546.8			1.0
3547.7			1.0
3548.6			1.0
3549.5			1.0
3550.4			1.0
3551.3			1.0
3552.2			1.0
3553.1			1.0
3554.0			1.0
3554.9			1.0
3555.8			1.0
3556.7			1.0
3557.6			1.0
3558.5			1.0
3559.4			1.0
3560.3			1.0
3561.2			1.0
3562.1			1.0
3563.0			1.0
3563.9			1.0
3564.8			1.0
3565.7			1.0
3566.6			1.0
3567.5			1.0
3568.4			1.0
3569.3			1.0
3570.2			1.0
3571.1			1.0
3572.0			1.0
3572.9			1.0
3573.8			1.0
3574.7			1.0
3575.6			1.0
3576.5			1.0
3577.4			1.0
3578.3			1.0
3579.2			1.0
3580.1			1.0
3581.0			1.0
3581.9			1.0
3582.8			1.0
3583.7			1.0
3584.6			1.0
3585.5			1.0
3586.4			1.0
3587.3			1.0
3588.2			1.0
3589.1			1.0
3590.0			1.0
3590.9			1.0
3591.8			1.0
3592.7			1.0
3593.6			1.0
3594.5			1.0
3595.4			1.0
3596.3			1.0
3597.2			1.0
3598.1			1.0
3599.0			1.0
3599.9			1.0
3600.8			1.0
3601.7			1.0
3602.6			1.0
3603.5			1.0
3604.4			1.0
3605.3			1.0
3606.2			1.0
3607.1			1.0
3608.0			1.0
3608.9			1.0
3609.8			1.0
3610.7			1.0
3611.6			1.0
3612.5			1.0
3613.4			1.0
3614.3			1.0
3615.2			1.0
3616.1			1.0
3617.0			1.0
3617.9			1.0
3618.8			1.0
3619.7			1.0
3620.6			1.0
3621.5			1.0
3622.4			1.0
3623.3			1.0
3624.2			1.0
3625.1			1.0
3626.0			1.0
3626.9			1.0
3627.8			1.0
3628.7			1.0
3629.6			1.0
3630.5			1.0
3631.4			1.0
3632.3			1.0
3633.2			1.0
3634.1			1.0
3635.0			1.0
3635.9			1.0
3636.8			1.0
3637.7			1.0
3638.6			1.0
3639.5			1.0
3640.4			1.0
3641.3			1.0
3642.2			1.0
3643.1			1.0
3644.0			1.0
3644.9			1.0
3645.8			1.0
3646.7			1.0
3647.6			1.0
3648.5			1.0
3649.4			1.0
3650.3			1.0
3651.2			1.0
3652.1			1.0
3653.0			1.0
3653.9			1.0
3654.8			1.0
3655.7			1.0
3656.6			1.0
3657.5			1.0
3658.4			1.0
3659.3			1.0
3660.2			1.0
3661.1			1.0
3662.0			1.0
3662.9			1.0
3663.8			1.0
3664.7			1.0
3665.6			1.0
3666.5			1.0
3667.4			1.0
3668.3			1.0
3669.2			1.0
3670.1			1.0
3671.0			1.0
3671.9			1.0
3672.8			1.0
3673.7			1.0
3674.6			1.0
3675.5			1.0
3676.4			1.0
3677.3			1.0
3678.2			1.0
3679.1			1.0
3680.0			1.0
3680.9			1.0
3681.8			1.0
3682.7			1.0
3683.6			1.0
3684.5			1.0
3685.4			1.0
3686.3			1.0
3687.2			1.0
3688.1			1.0
3689.0			1.0
3689.9			1.0
3690.8			1.0
3691.7			1.0
3692.6			1.0
3693.5			1.0
3694.4			1.0
3695.3			1.0
3696.2			1.0
3697.1			1.0
3698.0			1.0
3698.9			1.0
3699.8			1.0
3700.7			1.0
3701.6			1.0
3702.5			1.0
3703.4			1.0
3704.3			1.0
3705.2			1.0
3706.1			1.0
3707.0			1.0
3707.9			1.0
3708.8			1.0
3709.7			1.0
3710.6			1.0
3711.5			1.0
3712.4			1.0
3713.3			1.0
3714.2			1.0
3715.1			1.0
3716.0			1.0
3716.9			1.0
3717.8			1.0
3718.7			1.0
3719.6			1.0
3720.5			1.0
3721.4			1.0
3722.3			1.0
3723.2			1.0
3724.1			1.0
3725.0			1.0
3725.9			1.0
3726.8			1.0
3727.7			1.0
3728.6			1.0
3729.5			1.0
3730.4			1.0
3731.3			1.0
3732.2			1.0
3733.1			1.0
3734.0			1.0
3734.9			1.0
3735.8			1.0
3736.7			1.0
3737.6			1.0
3738.5			1.0
3739.4			1.0
3740.3			1.0
3741.2			1.0
3742.1			1.0
3743.0			1.0
3743.9			1.0
3744.8			1.0
3745.7			1.0
3746.6			1.0
3747.5			1.0
3748.4			1.0
3749.3			1.0
3750.2			1.0
3751.1			1.0
3752.0			1.0
3752.9			1.0
3753.8			1.0
3754.7			1.0
3755.6			1.0
3756.5			1.0
3757.4			1.0
3758.3			1.0
3759.2			1.0
3760.1			1.0
3761.0			1.0
3761.9			1.0
3762.8			1.0
3763.7			1.0
3764.6			1.0
3765.5			1.0
3766.4			1.0
3767.3			1.0
3768.2			1.0
3769.1			1.0
3770.0			1.0
3770.9			1.0
3771.8			1.0
3772.7			1.0
3773.6			1.0
3774.5			1.0
3775.4			1.0
3776.3			1.0
3777.2			1.0
3778.1			1.0
3779.0			1.0
3779.9			1.0
3780.8			1.0
3781.7			1.0
3782.6			1.0
3783.5			1.0
3784.4			1.0
3785.3			1.0
3786.2			1.0
3787.1			1.0
3788.0			1.0
3788.9			1.0
3789.8			1.0
3790.7			1.0
3791.6			1.0
3792.5			1.0
3793.4			1.0
3794.3			1.0
3795.2			1.0
3796.1			1.0
3797.0			1.0
3797.9			1.0
3798.8			1.0
3799.7			1.0
3800.6			1.0
3801.5			1.0
3802.4			1.0
3803.3			1.0
3804.2			1.0
3805.1			1.0
3806.0			1.0
3806.9			1.0
3807.8			1.0
3808.7			1.0
3809.6			1.0
3810.5			1.0
3811.4			1.0
3812.3			1.0
3813.2			1.0
3814.1			1.0
3815.0			1.0
3815.9			1.0
3816.8			1.0
3817.7			1.0
3818.6			1.0
3819.5			1.0
3820.4			1.0
3821.3			1.0
3822.2			1.0
3823.1			1.0
3824.0			1.0
3824.9			1.0
3825.8			1.0
3826.7			1.0
3827.6			1.0
3828.5			1.0
3829.4			1.0
3830.3			1.0
3831.2			1.0
3832.1			1.0
3833.0			1.0
3833.9			1.0
3834.8			1.0
3835.7			1.0
3836.6			1.0
3837.5			1.0
3838.4			1.0
3839.3			1.0
3840.2			1.0
3841.1			1.0
3842.0			1.0
3842.9			1.0
3843.8			1.0
3844.7			1.0
3845.6			1.0
3846.5			1.0
3847.4			1.0
3848.3			1.0
3849.2			1.0
3850.1			1.0
3851.0			1.0
3851.9			1.0
3852.8			1.0
3853.7			1.0
3854.6			1.0
3855.5			1.0
3856.4			1.0
3857.3			1.0
3858.2			1.0
3859.1			1.0
3860.0			1.0
3860.9			1.0
3861.8			1.0
3862.7			1.0
3863.6			1.0
3864.5			1.0
3865.4			1.0
3866.3			1.0
3867.2			1.0
3868.1			1.0
3869.0			1.0
3869.9			1.0
3870.8			1.0
3871.7			1.0
3872.6			1.0
3873.5			1.0
3874.4			1.0
3875.3			1.0
3876.2			1.0
3877.1			1.0
3878.0			1.0
3878.9			1.0
3879.8			1.0
3880.7			1.0
3881.6			1.0
3882.5			1.0
3883.4			1.0
3884.3			1.0
3885.2			1.0
3886.1			1.0
3887.0			1.0
3887.9			1.0
3888.8			1.0
3889.7			1.0
3890.6			1.0
3891.5			1.0
3892.4			1.0
3893.3			1.0
3894.2			1.0
3895.1			1.0
3896.0			1.0
3896.9			1.0
3897.8			1.0
3898.7			1.0
3899.6			1.0
3900.5			1.0
3901.4			1.0
3902.3			1.0
3903.2			1.0
3904.1			1.0
3905.0			1.0
3905.9			1.0
3906.8			1.0
3907.7			1.0
3908.6			1.0
3909.5			1.0
3910.4			1.0
3911.3			1.0
3912.2			1.0
3913.1			1.0
3914.0			1.0
3914.9			1.0
3915.8			1.0
3916.7			1.0
3917.6			1.0
3918.5			1.0
3919.4			1.0
3920.3			1.0
3921.2			1.0
3922.1			1.0
3923.0			1.0
3923.9			1.0
3924.8			1.0
3925.7			1.0
3926.6			1.0
3927.5			1.0
3928.4			1.0
3929.3			1.0
3930.2			1.0
3931.1			1.0
3932.0			1.0
3932.9			1.0
3933.8			1.0
3934.7			1.0
3935.6			1.0
3936.5			1.0
3937.4			1.0
3938.3			1.0
3939.2			1.0
3940.1			1.0
3941.0			1.0
3941.9			1.0
3942.8			1.0
3943.7			1.0
3944.6			1.0
3945.5			1.0
3946.4			1.0
3947.3			1.0
3948.2			1.0
3949.1			1.0
3950.0			1.0
3950.9			1.0
3951.8			1.0
3952.7			1.0
3953.6			1.0
3954.5			1.0
3955.4			1.0
3956.3			1.0
3957.2			1.0
3958.1			1.0
3959.0			1.0
3959.9			1.0
3960.8			1.0
3961.7			1.0
3962.6			1.0
3963.5			1.0
3964.4			1.0
3965.3			1.0
3966.2			1.0
3967.1			1.0
3968.0			1.0
3968.9			1.0
3969.8			1.0
3970.7			1.0
3971.6			1.0
3972.5			1.0
3973.4			1.0
3974.3			1.0
3975.2			1.0
3976.1			1.0
3977.0			1.0
3977.9			1.0
3978.8			1.0
3979.7			1.0
3980.6			1.0
3981.5			1.0
3982.4			1.0
3983.3			1.0
3984.2			1.0
3985.1			1.0
3986.0			1.0
3986.9			1.0
3987.8			1.0
3988.7			1.0
3989.6			1.0
3990.5			1.0
3991.4			1.0
3992.3			1.0
3993.2			1.0
3994.1			1.0
3995.0			1.0
3995.9			1.0
3996.8			1.0
3997.7			1.0
3998.6			1.0
3999.5			1.0
4000.4			1.0
4001.3			1.0
4002.2			1.0251521132931083
4003.1			1.0406334556209242
4004.0			0.9654175868809289
4004.9			0.8093417975150271
4005.8			0.7178470304928141
4006.7			0.7792817466738495
4007.6			0.906405538466077
4008.5			0.9826470417289656
4009.4			1.0001376552997234
4010.3			1.0
4011.2			1.0
4012.1			1.0
4013.0			1.0
4013.9			1.0
4014.8			1.0
4015.7			1.0
4016.6			1.0
4017.5			1.0
4018.4			1.0
4019.3			1.0
4020.2			1.0
4021.1			1.0
4022.0			1.0
4022.9			1.0
4023.8			1.0
4024.7			1.0
4025.6			1.0
4026.5			1.0
4027.4			1.0562352462095967
4028.3			1.0772498715191763
4029.2			1.005306542104513
4030.1			0.8382540643507904
4031.0			0.6869174311821004
4031.9			0.6267542153486367
4032.8			0.6061370168886974
4033.7			0.5980805427119068
4034.6			0.6467715263734402
4035.5			0.7707668262841345
4036.4			0.9340836052485975
4037.3			1.061760153557244
4038.2			1.103530186045461
4039.1			1.0706053108027018
4040.0			1.0
4040.9			0.9433727033257354
4041.8			0.9381485510130039
4042.7			0.9310173116363244
4043.6			0.8215838186872064
4044.5			0.6120300252716326
4045.4			0.43400710934958
4046.3			0.4160993988277728
4047.2			0.5611650620445965
4048.1			0.7489349977530616
4049.0			0.8820824994100473
4049.9			0.9687135136951527
4050.8			1.0165569154102245
4051.7			1.0002953739320755
4052.6			1.0
4053.5			1.0
4054.4			1.0
4055.3			1.0
4056.2			1.0
4057.1			1.0
4058.0			0.9350798951969889
4058.9			0.9629390636753794
4059.8			1.068988453393253
4060.7			1.127505905718672
4061.6			1.044299973744143
4062.5			0.8354679301482714
4063.4			0.6503464682088965
4064.3			0.6521476201652104
4065.2			0.8178631208346352
4066.1			0.9632465753565441
4067.0			1.0181197057154434
4067.9			1.0802868180474334
4068.8			1.1768232352060604
4069.7			1.1787810502109706
4070.6			1.0019742326609922
4071.5			1.0
4072.4			1.0
4073.3			1.0
4074.2			1.0
4075.1			1.0088592875074684
4076.0			0.9230240036181726
4076.9			0.8131238871994991
4077.8			0.7657718770452923
4078.7			0.8112589839347301
4079.6			0.9082422628057297
4080.5			1.0104980201389286
4081.4			1.0
4082.3			0.9930431791849058
4083.2			0.9318023339668969
4084.1			0.8802317042137939
4085.0			0.8782765323831574
4085.9			0.9332243477578187
4086.8			1.0259942186207418
4087.7			1.118035365201683
4088.6			1.1680104004430378
4089.5			1.156428419042404
4090.4			1.1055392935753838
4091.3			1.051575446994505
4092.2			1.023297710782783
4093.1			1.0405320820003041
4094.0			1.0571909247335627
4094.9			0.994577409787547
4095.8			0.8881287683322098
4096.7			0.8318567351830161
4097.6			0.8352586500403335
4098.5			0.8522312776672771
4099.4			0.843926973209165
4100.3			0.7945721369444295
4101.2			0.7436006003008697
4102.1			0.759161144740504
4103.0			0.828899086226098
4103.9			0.8842786725086438
4104.8			0.9225994792032095
4105.7			0.9729708569228463
4106.6			1.004872936397879
4107.5			1.0007054085778389
4108.4			0.9864767175419197
4109.3			0.9675007199175554
4110.2			0.9357993013549677
4111.1			0.9080336641190498
4112.0			0.9169450070392399
4112.9			0.9728067542118919
4113.8			1.0303047207208593
4114.7			1.0537662232705687
4115.6			1.0673978793167853
4116.5			1.0856968343913156
4117.4			1.0672357763713596
4118.3			1.001471669062153
4119.2			0.9652012771458303
4120.1			1.0028466360207482
4121.0			1.0
4121.9			1.0
4122.8			1.0
4123.7			1.0
4124.6			1.0
4125.5			1.0
4126.4			1.0
4127.3			0.9423394191698855
4128.2			0.9136550736657995
4129.1			0.9174482215108704
4130.0			0.907839093253134
4130.9			0.8309076881488987
4131.8			0.711202496085855
4132.7			0.6504785274553673
4133.6			0.6850122711630071
4134.5			0.7696131885154308
4135.4			0.8783519749046074
4136.3			0.9619919729559441
4137.2			1.0
4138.1			1.0202541962381273
4139.0			1.0488336528759545
4139.9			1.0539096234979382
4140.8			1.0162128230331942
4141.7			0.8839061895440354
4142.6			0.6694294157288883
4143.5			0.5362016064129916
4144.4			0.5971352058788463
4145.3			0.7713766791695202
4146.2			0.9184988299066499
4147.1			0.9907517441885086
4148.0			1.0114730822165823
4148.9			1.0011016394493182
4149.8			1.0
4150.7			1.0
4151.6			1.0
4152.5			1.0
4153.4			1.0
4154.3			1.0
4155.2			1.0
4156.1			1.0
4157.0			1.0
4157.9			1.0
4158.8			1.0
4159.7			1.0
4160.6			1.0
4161.5			1.0
4162.4			1.0
4163.3			1.0
4164.2			1.0
4165.1			1.0
4166.0			0.942487678233626
4166.9			0.9040118330796088
4167.8			0.892385251052167
4168.7			0.9326986909646495
4169.6			0.9849294655681344
4170.5			0.9724211538906115
4171.4			0.8777021889472555
4172.3			0.7764421729460479
4173.2			0.7606449148760425
4174.1			0.8093618280125784
4175.0			0.8452064383223878
4175.9			1.0
4176.8			1.034556984765067
4177.7			1.0828256865666808
4178.6			1.1544101067055892
4179.5			1.2241108611512181
4180.4			1.2183899118669836
4181.3			1.1282410647793084
4182.2			1.061154967223164
4183.1			1.0886619170674405
4184.0			1.1599073122834793
4184.9			1.1920345729185962
4185.8			1.129533398288397
4186.7			0.9909744560675062
4187.6			0.9200874501751866
4188.5			1.0215948726673356
4189.4			1.0
4190.3			1.0191757435166577
4191.2			0.9743861253640088
4192.1			0.9986402183504384
4193.0			1.0922869358261207
4193.9			1.124926212304467
4194.8			1.0528595991623537
4195.7			0.958235504594065
4196.6			0.886946266041554
4197.5			0.806524044529389
4198.4			0.730203509379558
4199.3			0.7169313101182395
4200.2			0.7403216160593383
4201.1			0.7290603858839106
4202.0			0.7143361463302333
4202.9			0.7668763565075641
4203.8			0.8618211660100137
4204.7			0.9375769929592189
4205.6			0.9817360340441738
4206.5			1.0009089023493645
4207.4			1.009153900458534
4208.3			1.0
4209.2			0.9554989955543496
4210.1			0.9062280592352796
4211.0			0.9273734217403079
4211.9			0.9939225236846887
4212.8			1.0191102503038454
4213.7			0.9833871380370355
4214.6			0.9045336475459493
4215.5			0.8147218722039681
4216.4			0.7907394924934811
4217.3			0.8499845830882578
4218.2			0.9120732583537136
4219.1			0.9392315610307147
4220.0			0.9507603053999447
4220.9			0.9324217663578472
4221.8			0.8553027667337544
4222.7			0.7451972708445846
4223.6			0.6298951290774496
4224.5			0.49624756373795714
4225.4			0.3506500315656847
4226.3			0.24499262154754226
4227.2			0.24014276776583104
4228.1			0.34870044361511393
4229.0			0.511800604869642
4229.9			0.6639223850828045
4230.8			0.7791645747728753
4231.7			0.8350983311378583
4232.6			0.8120195717302859
4233.5			0.7637109637019228
4234.4			0.7456759716331512
4235.3			0.7262746185554938
4236.2			0.7078248222227844
4237.1			0.7451663493093992
4238.0			0.8005141584502694
4238.9			0.8115442968743954
4239.8			0.8113181800730653
4240.7			0.8509501030847377
4241.6			0.8981282033324846
4242.5			0.9125023138401003
4243.4			0.9349603171517485
4244.3			1.0
4245.2			1.0171932223649132
4246.1			0.9609938124062186
4247.0			0.8837710850090928
4247.9			0.8292544741651582
4248.8			0.7762547762438047
4249.7			0.6926793472899346
4250.6			0.6406596900039488
4251.5			0.6988003302967312
4252.4			0.7709594435537548
4253.3			0.7148805204884324
4254.2			0.6062695911859173
4255.1			0.6365189265518973
4256.0			0.818251899886342
4256.9			0.9789276113144953
4257.8			0.9870551043141985
4258.7			0.8662593539986194
4259.6			0.7187325911229289
4260.5			0.6462036242861285
4261.4			0.7125916477684948
4262.3			0.8699459000008202
4263.2			0.9989040848420273
4264.1			1.0
4265.0			1.0221925044532685
4265.9			1.0266936744843493
4266.8			0.9964612842377066
4267.7			0.9463572537468304
4268.6			0.9004551853973151
4269.5			0.8214320725804779
4270.4			0.6733756162154183
4271.3			0.52998695729543
4272.2			0.5032840416918282
4273.1			0.55866870425882
4274.0			0.577856466278218
4274.9			0.5898541974126528
4275.8			0.7034706501365499
4276.7			0.8867674582350032
4277.6			1.0266438016455461
4278.5			1.062339384264971
4279.4			1.0
4280.3			0.9062379538849498
4281.2			0.8593834083429519
4282.1			0.853942704045034
4283.0			0.8789749970950625
4283.9			0.9188486066579841
4284.8			0.9170395091353388
4285.7			0.8747332106550447
4286.6			0.8523625971720665
4287.5			0.832023892982246
4288.4			0.7423751994456124
4289.3			0.6120098142759182
4290.2			0.5683018068038829
4291.1			0.6625140848252551
4292.0			0.7997420741842328
4292.9			0.8583688375862417
4293.8			0.8284716479437639
4294.7			0.8058317394902906
4295.6			0.8314080466038818
4296.5			0.8363878860384617
4297.4			0.7714507196278398
4298.3			0.6558386471499082
4299.2			0.5506143501143386
4300.1			0.5227256587878395
4301.0			0.5653737182962945
4301.9			0.6092834905668049
4302.8			0.6345080942921674
4303.7			0.6607836403069599
4304.6			0.6661010532622356
4305.5			0.6219511615236031
4306.4			0.5435120308550772
4307.3			0.46421203289082746
4308.2			0.4311330808619561
4309.1			0.47486409098614785
4310.0			0.5587457634682618
4310.9			0.629462112631577
4311.8			0.6861817428373344
4312.7			0.7443080620336496
4313.6			0.7900767147158065
4314.5			0.8382598777679037
4315.4			0.9457488748695106
4316.3			1.0777653891075099
4317.2			1.1232395885441033
4318.1			1.0846178125746757
4319.0			1.0
4319.9			0.9986994351161669
4320.8			0.9836595643552196
4321.7			0.9451917668006447
4322.6			0.8627907323105264
4323.5			0.7230900845722216
4324.4			0.5715539093198015
4325.3			0.4749097832918169
4326.2			0.5100153491642369
4327.1			0.6887497253668512
4328.0			0.8910028723433753
4328.9			0.997658315541359
4329.8			1.0
4330.7			0.9870898519354362
4331.6			0.9956750975890623
4332.5			1.0177723217728563
4333.4			1.0347585521927838
4334.3			1.0463172661579534
4335.2			1.040166551007004
4336.1			0.9742943029243365
4337.0			0.8544362489767647
4337.9			0.7650489372664148
4338.8			0.7311473966601162
4339.7			0.7120995334419006
4340.6			0.7293811766683729
4341.5			0.8075762882474778
4342.4			0.8780710294814295
4343.3			0.8861754923569416
4344.2			0.8791660884154273
4345.1			0.9064924900993896
4346.0			1.0
4346.9			1.0043919957544618
4347.8			1.0264927986269836
4348.7			1.0736342197614153
4349.6			1.0677942640302893
4350.5			0.9440339113669433
4351.4			0.7694191828161343
4352.3			0.6987318324600351
4353.2			0.7712780805371952
4354.1			0.8652030330236697
4355.0			0.9015313548470477
4355.9			0.9310668821245938
4356.8			0.9813806780510705
4357.7			1.000450849313018
4358.6			1.0
4359.5			1.0
4360.4			1.0
4361.3			1.0
4362.2			1.0
4363.1			1.0
4364.0			1.0
4364.9			1.0
4365.8			1.0
4366.7			1.0
4367.6			1.0
4368.5			1.0
4369.4			1.0
4370.3			1.0
4371.2			1.0
4372.1			1.0
4373.0			1.0
4373.9			0.9258495738735851
4374.8			0.8542530102709993
4375.7			0.8403508731451217
4376.6			0.9076937009242217
4377.5			1.000695754285607
4378.4			1.0348949577985052
4379.3			1.0043797156939027
4380.2			0.9528811462924445
4381.1			0.8715123298457755
4382.0			0.7130942808937591
4382.9			0.5179300846319548
4383.8			0.42932383071332747
4384.7			0.5345462246701472
4385.6			0.7487699036586761
4386.5			0.9061757724403638
4387.4			0.9426776502454461
4388.3			0.9236263195589923
4389.2			0.9122486472596564
4390.1			0.918446220351486
4391.0			0.9481081278680612
4391.9			0.9935703865866701
4392.8			1.018858700532105
4393.7			1.0005264804759162
4394.6			1.0
4395.5			1.0245755709221676
4396.4			1.1068578170745937
4397.3			1.1701148979548592
4398.2			1.1587997652461521
4399.1			1.083473412472165
4400.0			0.9938656889405867
4400.9			0.9551571765310948
4401.8			0.9692709076496814
4402.7			0.9221974933470746
4403.6			0.751203045257656
4404.5			0.5967475941020637
4405.4			0.6148114637594437
4406.3			0.743240329455122
4407.2			0.8281433856814153
4408.1			0.8616884249891419
4409.0			0.9325858498785093
4409.9			1.0339053729535865
4410.8			1.0
4411.7			1.0136995442480197
4412.6			0.9951715423698682
4413.5			0.9078290048035123
4414.4			0.7609360256928969
4415.3			0.676732412083214
4416.2			0.7330454521888763
4417.1			0.8514439250865495
4418.0			0.9431333432931337
4418.9			0.9994597147495662
4419.8			1.0
4420.7			0.9716159345506701
4421.6			0.9005193347402393
4422.5			0.8539027655469743
4423.4			0.8637746742693004
4424.3			0.8734704540847797
4425.2			0.8446190762326202
4426.1			0.8206219376941586
4427.0			0.8508390442204422
4427.9			0.9221082201766991
4428.8			0.9664701386923497
4429.7			1.0
4430.6			0.9693696853098903
4431.5			1.0003385769632556
4432.4			1.0046257829311067
4433.3			0.9097692466377723
4434.2			0.767978393181654
4435.1			0.687262986049419
4436.0			0.7376422508512025
4436.9			0.8716534063899817
4437.8			0.97984410602692
4438.7			1.0185003125074334
4439.6			0.9954515148108358
4440.5			1.0
4441.4			1.0
4442.3			1.0
4443.2			1.0
4444.1			1.0868975970399735
4445.0			1.1857319132747535
4445.9			1.2137247486996963
4446.8			1.1633020736335642
4447.7			1.126018612544919
4448.6			1.1412887919383419
4449.5			1.1501523612290678
4450.4			1.12719923548806
4451.3			1.1076809148480875
4452.2			1.0788758564283503
4453.1			0.9844500260904205
4454.0			0.8318884138037046
4454.9			0.7247007848413387
4455.8			0.7431620875024626
4456.7			0.8291827323084382
4457.6			0.8722553966854043
4458.5			0.862646677663319
4459.4			0.8500818640398747
4460.3			0.8398528463247548
4461.2			0.8203108238068327
4462.1			0.8429351798839729
4463.0			0.93820685775868
4463.9			1.022079651508179
4464.8			1.0264796044150166
4465.7			0.9967458418273906
4466.6			1.0
4467.5			1.0
4468.4			1.0
4469.3			1.0
4470.2			1.0
4471.1			1.0
4472.0			1.0
4472.9			1.0
4473.8			1.0
4474.7			1.0
4475.6			1.0
4476.5			1.0
4477.4			1.0522845041352489
4478.3			1.0571027342026589
4479.2			0.9907249187777297
4480.1			0.8953967131711641
4481.0			0.8212920368770229
4481.9			0.7983043810434483
4482.8			0.8397315674977448
4483.7			0.9167958944550723
4484.6			0.9743499269994295
4485.5			0.9971422805738177
4486.4			0.9972588899750243
4487.3			1.0
4488.2			1.0
4489.1			1.0
4490.0			0.9927513266294093
4490.9			1.0382508530216965
4491.8			1.077849962298699
4492.7			1.067186838062902
4493.6			0.9982605952876719
4494.5			0.9195342517625198
4495.4			0.8959835814602045
4496.3			0.928746397589027
4497.2			0.9784454982823847
4498.1			1.023715256105391
4499.0			1.0467541276170464
4499.9			1.0355591201177954
4500.8			1.001487924176116
4501.7			1.0
4502.6			1.0
4503.5			1.0
4504.4			1.0
4505.3			1.0
4506.2			1.0
4507.1			1.0
4508.0			1.0
4508.9			1.0
4509.8			1.0227340772271563
4510.7			1.0275218479851946
4511.6			1.0030320583731884
4512.5			0.9713290466985942
4513.4			0.9671548783144385
4514.3			0.9944155392074485
4515.2			1.0343166289865715
4516.1			1.0541465894116682
4517.0			1.0338774716637678
4517.9			1.0109452682236801
4518.8			1.0423537349794214
4519.7			1.1159216653696087
4520.6			1.0
4521.5			0.9874293441143304
4522.4			0.9511123065023294
4523.3			0.9310956703073006
4524.2			0.9230016790871532
4525.1			0.8866242349828819
4526.0			0.8211640374833346
4526.9			0.7602309600217735
4527.8			0.7280654650716301
4528.7			0.7362428475040074
4529.6			0.7746168597338909
4530.5			0.8150043883201084
4531.4			0.8442575602653015
4532.3			0.8502917335993921
4533.2			0.8121867356198099
4534.1			0.7468284562348968
4535.0			0.7188434807280196
4535.9			1.0
4536.8			1.1646190090151292
4537.7			1.2858386635595613
4538.6			1.2897334470901032
4539.5			1.2275078591672415
4540.4			1.1753873950640636
4541.3			1.1702583232869879
4542.2			1.1968397695254962
4543.1			1.196645235097359
4544.0			1.1422689523060376
4544.9			1.0789926111381478
4545.8			1.0597317560649941
4546.7			1.0666271712048478
4547.6			1.0526355614712273
4548.5			1.0171398101285418
4549.4			1.001467263178886
4550.3			1.0216398927735912
4551.2			1.041971321686381
4552.1			1.0325866456109036
4553.0			1.0060388754944658
4553.9			0.9744052890863952
4554.8			0.9482122052931169
4555.7			0.9538527707256573
4556.6			0.996759505751356
4557.5			1.0409706839478636
4558.4			1.0552055643248
4559.3			1.0452156358473457
4560.2			1.0320407091620802
4561.1			1.023020721015715
4562.0			1.0047706635572846
4562.9			1.0
4563.8			1.0
4564.7			1.0
4565.6			1.0
4566.5			1.0
4567.4			1.0
4568.3			1.0126884446194255
4569.2			0.98836648352677
4570.1			1.0
4571.0			0.9438680539091355
4571.9			0.9492760562093261
4572.8			1.0124684749055064
4573.7			1.058815161966143
4574.6			1.0628891081798864
4575.5			1.0583277906744788
4576.4			1.0542727297919556
4577.3			1.0346101335119817
4578.2			0.9981167786589265
4579.1			0.9522116173079814
4580.0			0.9050171926669138
4580.9			0.8897519038919511
4581.8			0.9304027015935059
4582.7			1.0
4583.6			1.0092237766072625
4584.5			0.9680412701851184
4585.4			0.9186488847325163
4586.3			0.9211285174603684
4587.2			0.9871641810753211
4588.1			1.0551800408550196
4589.0			1.0787290051647938
4589.9			1.060770931080128
4590.8			1.017932878592341
4591.7			0.976825911137997
4592.6			0.9613485896575262
4593.5			0.96807011692451
4594.4			0.9757041798054221
4595.3			0.978279040604159
4596.2			0.9821402712487399
4597.1			0.9856253717500317
4598.0			0.9870710709821121
4598.9			0.9823943116988505
4599.8			0.9589705266128734
4600.7			0.9377407744324762
4601.6			0.9427878005576801
4602.5			0.9543221111131311
4603.4			0.961733298910445
4604.3			0.969975977841768
4605.2			0.9718045167647479
4606.1			0.9745507205297808
4607.0			0.992443414630545
4607.9			1.0306476437279646
4608.8			1.069099896983182
4609.7			1.0705123147080036
4610.6			1.0366004899513503
4611.5			1.003847384477887
4612.4			0.9871373207302049
4613.3			0.9865381092122717
4614.2			1.0053165972677323
4615.1			1.0187441404391762
4616.0			1.0079383837219278
4616.9			1.000241616458116
4617.8			0.9995526671736731
4618.7			1.0
4619.6			1.0
4620.5			1.0
4621.4			1.0
4622.3			1.0
4623.2			1.0
4624.1			1.0
4625.0			1.0
4625.9			1.0
4626.8			1.0
4627.7			1.0
4628.6			1.0
4629.5			1.0
4630.4			1.0
4631.3			1.0
4632.2			1.0
4633.1			0.9681894755920882
4634.0			0.9609309134718064
4634.9			0.9703246165678301
4635.8			0.9654805672472613
4636.7			0.9331543262059367
4637.6			0.8928611697716005
4638.5			0.8738587257492907
4639.4			0.8762092153846139
4640.3			0.9039521748102156
4641.2			0.9573860461922017
4642.1			0.9889047474949093
4643.0			0.9765476153782181
4643.9			0.9474815985362165
4644.8			0.9075723905736074
4645.7			0.8511743692702193
4646.6			0.8143461735956462
4647.5			0.8258918576617414
4648.4			0.8602495339537269
4649.3			0.8900249424767162
4650.2			0.9099759582712068
4651.1			0.9133949798934097
4652.0			0.9132864370590231
4652.9			0.9129297283920266
4653.8			0.8889033936176621
4654.7			0.8554965070894631
4655.6			0.8513900607857773
4656.5			0.8776075065051232
4657.4			0.9218089377723115
4658.3			0.970213865475852
4659.2			0.9998555700072169
4660.1			1.0
4661.0			0.9842499300994542
4661.9			0.9555696509368123
4662.8			0.9267358731322967
4663.7			0.9130119901084045
4664.6			1.0
4665.5			0.9706367214672398
4666.4			0.89250751149177
4667.3			0.8137106402654579
4668.2			0.8168638577859276
4669.1			0.9042495025941784
4670.0			0.9988635800869798
4670.9			1.042986527322245
4671.8			1.0369036502110769
4672.7			1.0097244884862642
4673.6			0.9924634025567107
4674.5			0.9990078651777388
4675.4			1.02586787009674
4676.3			1.0498455270970037
4677.2			1.0384187986976228
4678.1			0.9929524319585734
4679.0			0.9539463106448314
4679.9			0.9365626960248725
4680.8			0.9245657177755934
4681.7			0.9233385164607536
4682.6			0.9482822398783516
4683.5			0.979029591129036
4684.4			0.9857815779563075
4685.3			0.9778127196283081
4686.2			0.974218355452005
4687.1			0.9712184347596494
4688.0			0.9655309138613446
4688.9			0.9630858510946612
4689.8			1.0
4690.7			0.9854632524616213
4691.6			0.9833346321981846
4692.5			0.9999530119582233
4693.4			1.0178251102039715
4694.3			1.036899650481946
4695.2			1.0584982398051617
4696.1			1.0610128675640809
4697.0			1.0265478097066174
4697.9			0.9696795524658307
4698.8			0.9334436869472629
4699.7			0.9390171313412088
4700.6			0.9413541157021786
4701.5			0.8908326709501708
4702.4			0.8182975223191942
4703.3			0.8091983533952827
4704.2			0.8830930492084995
4705.1			0.9586599756577283
4706.0			0.968204477630674
4706.9			0.933275857432719
4707.8			0.9076038351544891
4708.7			0.911153170726622
4709.6			0.9330316537682618
4710.5			0.9738880936883388
4711.4			1.0212823496136756
4712.3			1.0351989317699681
4713.2			1.004626304330906
4714.1			0.9643500237355058
4715.0			0.9609765246725339
4715.9			1.0
4716.8			1.0365787917936884
4717.7			1.0495504739694346
4718.6			1.059233944797627
4719.5			1.0757402216134024
4720.4			1.0775884078852902
4721.3			1.0538806209616098
4722.2			1.0264413176226206
4723.1			1.0241242166146916
4724.0			1.0
4724.9			1.0241739061846524
4725.8			1.007338823504866
4726.7			0.9520364035370015
4727.6			0.8985382222984519
4728.5			0.8764866145143915
4729.4			0.8787495056538919
4730.3			0.8920867778766359
4731.2			0.9175426741881146
4732.1			0.9470121599813213
4733.0			0.9601078048817991
4733.9			0.963733220095037
4734.8			0.9658109326995116
4735.7			0.9421819239746536
4736.6			0.9058490471319331
4737.5			0.91621612915606
4738.4			0.9655271617634665
4739.3			0.9863909537677816
4740.2			0.9640910927753017
4741.1			0.9434747440108125
4742.0			0.954622765489528
4742.9			0.9807451296008538
4743.8			0.9932378532761537
4744.7			0.9915137207711825
4745.6			0.9948414464987131
4746.5			1.0067520647028332
4747.4			1.011227005560929
4748.3			1.0073224705298884
4749.2			1.007940657100259
4750.1			1.0092821446972875
4751.0			0.9996873442652903
4751.9			0.9791207403332269
4752.8			0.9545139419839272
4753.7			0.9360433742270786
4754.6			0.9327979212635937
4755.5			0.9373084650579285
4756.4			0.9372953915947138
4757.3			0.9372911048673332
4758.2			0.9461393669658499
4759.1			0.9642540767591954
4760.0			0.9813880909532832
4760.9			0.9737826946303486
4761.8			0.9419477151262668
4762.7			0.9202504394855743
4763.6			0.9194602592207234
4764.5			0.9129009283726517
4765.4			0.8903255624978729
4766.3			0.87859427624125
4767.2			0.8964969198746273
4768.1			0.9285977558408444
4769.0			0.956625474032271
4769.9			0.9662996918075434
4770.8			0.9481891918828569
4771.7			0.9225893880314167
4772.6			0.9242475028786497
4773.5			0.9541968963221723
4774.4			0.9796414410927942
4775.3			0.9750365694798372
4776.2			0.9581861458493293
4777.1			0.9545604413992206
4778.0			0.9547015153846338
4778.9			0.9435596986522726
4779.8			0.9337933195444451
4780.7			0.9321658144893875
4781.6			0.9239897543528831
4782.5			0.9029915014954645
4783.4			0.8969591962307427
4784.3			0.9232119705805784
4785.2			0.9454370022429864
4786.1			0.9377474248737001
4787.0			0.9306797265800323
4787.9			0.9366086989156912
4788.8			0.9371470878471027
4789.7			0.9432724347563404
4790.6			0.9641983220385201
4791.5			0.9820078279315079
4792.4			0.9977307413479982
4793.3			1.0226063524223017
4794.2			1.049277797783203
4795.1			1.062427079028891
4796.0			1.0593905939244943
4796.9			1.0434394194287389
4797.8			1.0154364701828151
4798.7			0.9853772081722
4799.6			0.9719384748235991
4800.5			0.9826333447290695
4801.4			1.013990797344001
4802.3			1.050188475659444
4803.2			1.0663433369975428
4804.1			1.0538857224100733
4805.0			1.030225662431776
4805.9			1.0161862140608955
4806.8			1.0062826965232101
4807.7			1.0001554700413704
4808.6			1.0
4809.5			1.0
4810.4			1.0
4811.3			1.0
4812.2			1.0
4813.1			1.0
4814.0			1.0
4814.9			1.0
4815.8			1.0
4816.7			1.0
4817.6			1.0
4818.5			1.0
4819.4			1.0
4820.3			0.9952795467049637
4821.2			0.9874420471183388
4822.1			0.9598181731786537
4823.0			0.9139545041657845
4823.9			0.9022240641459723
4824.8			0.9456570352112137
4825.7			0.9952374958240714
4826.6			1.0100739593066987
4827.5			0.9983683181300183
4828.4			1.0
4829.3			1.0
4830.2			1.0
4831.1			1.0
4832.0			1.0
4832.9			1.0
4833.8			1.0
4834.7			1.0
4835.6			1.0
4836.5			1.0
4837.4			1.0
4838.3			1.0
4839.2			1.0
4840.1			1.0
4841.0			1.0
4841.9			1.0
4842.8			1.0
4843.7			1.0
4844.6			1.0
4845.5			1.0
4846.4			1.0
4847.3			1.0
4848.2			1.0
4849.1			1.0
4850.0			1.0
4850.9			1.0
4851.8			1.0
4852.7			1.0
4853.6			1.0
4854.5			1.0
4855.4			1.0
4856.3			1.0089700670617183
4857.2			1.0415357043002715
4858.1			1.0297994838024154
4859.0			0.9551264664584662
4859.9			0.8534118747881597
4860.8			0.7808229019244045
4861.7			0.7937488228735381
4862.6			0.8781366121118269
4863.5			0.9462923702547347
4864.4			0.9745158792794545
4865.3			0.9984675601199116
4866.2			1.0
4867.1			1.0
4868.0			0.993868345657475
4868.9			0.9864663161126656
4869.8			0.933524491707507
4870.7			0.824205775347881
4871.6			0.7586875442102082
4872.5			0.8164961908340588
4873.4			0.9281393360386024
4874.3			0.9876846524350084
4875.2			0.9984978089271167
4876.1			1.0
4877.0			1.0
4877.9			1.0
4878.8			1.0
4879.7			1.0
4880.6			1.0
4881.5			1.0
4882.4			1.0
4883.3			1.02528749182322
4884.2			1.008933515140948
4885.1			0.9556295010895344
4886.0			0.9201358383434
4886.9			0.9228789441318614
4887.8			0.9357446272391674
4888.7			0.9227658311276821
4889.6			0.8595721661175836
4890.5			0.7620178040767169
4891.4			0.731848319131456
4892.3			0.8332425570770365
4893.2			0.9757716479486441
4894.1			1.059958198834032
4895.0			1.0893606220292154
4895.9			1.089546442755787
4896.8			1.073685621679925
4897.7			1.0538107795528615
4898.6			1.0300217077281024
4899.5			1.0025045338851886
4900.4			1.0
4901.3			1.0
4902.2			1.0
4903.1			1.0
4904.0			1.0
4904.9			1.0445662285229018
4905.8			1.0898677998909958
4906.7			1.0942350665778484
4907.6			1.062994488894913
4908.5			1.0166658073013184
4909.4			0.966706920908344
4910.3			0.9399175851161816
4911.2			0.9544553717648556
4912.1			0.9758748083557358
4913.0			0.9778261272447103
4913.9			0.9786619922012518
4914.8			1.0
4915.7			1.0213093293914608
4916.6			1.0062702503790069
4917.5			0.9310242053023733
4918.4			0.8032498051277964
4919.3			0.6889002218762929
4920.2			0.6627694379339337
4921.1			0.7482823002211856
4922.0			0.8898509177520177
4922.9			0.989850725610083
4923.8			1.0055059209323953
4924.7			0.9920008818400627
4925.6			1.0
4926.5			1.0
4927.4			1.0
4928.3			1.0
4929.2			1.0
4930.1			1.0
4931.0			0.9946149482784609
4931.9			0.9756103287997653
4932.8			0.9270772091648928
4933.7			0.886574683197679
4934.6			0.8993033109033539
4935.5			0.9359657780337762
4936.4			0.9360438931815983
4937.3			0.8862771403266363
4938.2			0.8219712257558598
4939.1			0.8074936495693008
4940.0			0.8678693428796092
4940.9			0.9432897560421465
4941.8			0.9762310701340162
4942.7			0.992093592326553
4943.6			1.015989401308669
4944.5			1.01427090347631
4945.4			0.9774595402413456
4946.3			0.9621916787135493
4947.2			0.9977344915042878
4948.1			1.0
4949.0			1.0
4949.9			1.0
4950.8			1.0
4951.7			1.0
4952.6			1.0
4953.5			1.0
4954.4			0.9806984371193542
4955.3			0.937231986859947
4956.2			0.8305589921380228
4957.1			0.7051165040273142
4958.0			0.6977052486474091
4958.9			0.8345374095187711
4959.8			0.9699421731295926
4960.7			1.0123463258204992
4961.6			0.9999986354335355
4962.5			1.0
4963.4			1.0
4964.3			1.0
4965.2			1.0
4966.1			1.0
4967.0			1.0
4967.9			1.0
4968.8			1.0
4969.7			1.0
4970.6			1.0
4971.5			1.0
4972.4			1.0
4973.3			1.0
4974.2			1.0
4975.1			1.0
4976.0			1.0
4976.9			1.0
4977.8			0.9720716465058915
4978.7			0.948848671313308
4979.6			0.9507603354813892
4980.5			0.9307068040578964
4981.4			0.849945632652311
4982.3			0.7704556835724377
4983.2			0.7721920012477009
4984.1			0.8341992628530143
4985.0			0.8905151058956373
4985.9			0.9335709249869312
4986.8			0.9844876438164629
4987.7			1.0145419779649487
4988.6			1.0015876024404275
4989.5			1.0
4990.4			1.0
4991.3			1.0
4992.2			1.0
4993.1			1.0
4994.0			1.0
4994.9			1.0
4995.8			1.0
4996.7			1.0
4997.6			1.0
4998.5			1.0
4999.4			1.0
5000.3			1.0
5001.2			1.0
5002.1			1.0
5003.0			1.0
5003.9			1.0
5004.8			1.0
5005.7			1.0
5006.6			1.0
5007.5			1.0567153458251466
5008.4			1.1438340471140385
5009.3			1.1937645661164051
5010.2			1.2037050307202928
5011.1			1.1695917825856814
5012.0			1.0949537204097326
5012.9			1.0193301237834635
5013.8			0.9680823570107953
5014.7			0.9643132394230319
5015.6			1.0195291015331351
5016.5			1.074825056249409
5017.4			1.0932417396079817
5018.3			1.111610058160268
5019.2			1.1377948486908434
5020.1			1.1307041348405218
5021.0			1.0733892989737635
5021.9			1.0007679647187016
5022.8			1.0
5023.7			1.0
5024.6			1.0
5025.5			1.0
5026.4			1.0
5027.3			1.0
5028.2			1.0
5029.1			1.0
5030.0			1.0
5030.9			1.0
5031.8			1.0207587664616926
5032.7			1.038338061326568
5033.6			1.041270583406786
5034.5			1.0007730714679806
5035.4			0.9303620305263863
5036.3			0.9075673869334466
5037.2			0.9549790272697234
5038.1			0.9852639565476433
5039.0			0.9398256804827559
5039.9			0.8579222964035306
5040.8			0.8019141350408785
5041.7			0.8272187201152468
5042.6			0.9264270438895534
5043.5			1.0219874524298098
5044.4			1.0
5045.3			1.048706185446692
5046.2			1.0837490300544603
5047.1			1.0715453207381986
5048.0			1.0048015140741826
5048.9			0.9168062875906575
5049.8			0.8686833901981389
5050.7			0.8924655777628091
5051.6			0.9481432256154603
5052.5			0.9862901115020589
5053.4			0.9992474673020917
5054.3			0.9999855700759033
5055.2			1.0
5056.1			1.0
5057.0			1.0
5057.9			1.0185615543439588
5058.8			1.0150677507010764
5059.7			1.0105684869859302
5060.6			1.018464017946129
5061.5			1.018708714259009
5062.4			1.000021407814286
5063.3			0.9608764369080248
5064.2			0.9024255118031212
5065.1			0.8673678065126428
5066.0			0.8869990887074969
5066.9			0.911719551569546
5067.8			0.8981651889410407
5068.7			0.890169533392369
5069.6			0.9242175823592932
5070.5			0.9525883438558295
5071.4			0.9275380494859846
5072.3			0.898049507741581
5073.2			0.9259377867088158
5074.1			0.9730118209750568
5075.0			0.9728092164574751
5075.9			0.9405325882241494
5076.8			0.934030637170359
5077.7			0.9522362972345859
5078.6			0.9323965440258546
5079.5			0.874318745856677
5080.4			1.0
5081.3			1.0068647227528438
5082.2			1.010648439623821
5083.1			1.0168294879097814
5084.0			1.047518403195796
5084.9			1.093633369634249
5085.8			1.1353331590060274
5086.7			1.1518069126398525
5087.6			1.1338935547294826
5088.5			1.1083584034021527
5089.4			1.0975586746503039
5090.3			1.094598828963512
5091.2			1.1074594457804026
5092.1			1.1517885075529095
5093.0			1.1902335002188607
5093.9			1.1613949472197174
5094.8			1.075967644426911
5095.7			1.0126677227869838
5096.6			1.0153411504241554
5097.5			1.0260043320975105
5098.4			0.9829854919358718
5099.3			0.9295984416642515
5100.2			0.9295891570016422
5101.1			0.9629646684210188
5102.0			0.9894891996323624
5102.9			0.9946000290461394
5103.8			0.9779759388909927
5104.7			0.9560091672856665
5105.6			0.9399980849229408
5106.5			0.9210847666616313
5107.4			0.9090813007058285
5108.3			0.9227786418542735
5109.2			0.9431243064720621
5110.1			0.9460173394377926
5111.0			0.9479657554228687
5111.9			0.9570061778669087
5112.8			0.9639954494012963
5113.7			0.9828979273903141
5114.6			1.007660463347165
5115.5			1.0
5116.4			0.9929058188329773
5117.3			1.0084012452102975
5118.2			1.0174559028729613
5119.1			0.9941149150386134
5120.0			0.9589153065094814
5120.9			0.9427987881162773
5121.8			0.9484320502464465
5122.7			0.930449503051677
5123.6			0.873635565117364
5124.5			0.8381210957187349
5125.4			0.8548627805088026
5126.3			0.8865523483283773
5127.2			0.9066256207029629
5128.1			0.9053218312751737
5129.0			0.8778445064958446
5129.9			0.864008375373168
5130.8			0.9118239495676767
5131.7			0.9825556986447732
5132.6			0.9986235206807773
5133.5			1.0
5134.4			1.0074581662576205
5135.3			1.0528763224844064
5136.2			1.075734928587473
5137.1			1.0559782356280514
5138.0			1.0067765435776699
5138.9			0.9620104264663789
5139.8			0.9951332109321365
5140.7			1.0849227565583963
5141.6			1.1133987985012643
5142.5			1.0854463665022231
5143.4			1.102447102764568
5144.3			1.1475435177584559
5145.2			1.1467463720500601
5146.1			1.1208105317749033
5147.0			1.1339474914538472
5147.9			1.0
5148.8			1.0160669232171968
5149.7			0.9984459925329252
5150.6			0.9717260879307522
5151.5			0.9521583784079457
5152.4			0.9197997257181518
5153.3			0.8790904526499389
5154.2			0.87676632816402
5155.1			0.9344037075828999
5156.0			1.0104887604469537
5156.9			1.0676332263893091
5157.8			1.0955236898154728
5158.7			1.0884369441400314
5159.6			1.0760707879972529
5160.5			1.0843741252106858
5161.4			1.0651631158253996
5162.3			1.0028803637505412
5163.2			0.9633650779414223
5164.1			0.9379358309083788
5165.0			0.8388256471331003
5165.9			0.66701568852697
5166.8			0.5206498541433537
5167.7			0.48910639569769276
5168.6			0.5708048892139878
5169.5			0.663050818762857
5170.4			0.6541846203544827
5171.3			0.5408180153006942
5172.2			0.42916241304759645
5173.1			0.42469664351067343
5174.0			0.534086085104332
5174.9			0.6793086129358561
5175.8			0.7821905689894808
5176.7			0.8224946007354547
5177.6			0.823009170764547
5178.5			0.8050664965472515
5179.4			0.765747067218278
5180.3			0.6936442852953931
5181.2			0.5901630449922738
5182.1			0.47572683261171034
5183.0			0.38880275996902663
5183.9			0.3842755744016073
5184.8			0.4844480549534649
5185.7			0.6432565245092899
5186.6			0.7834222811074647
5187.5			0.8588152280812602
5188.4			0.8922369825983526
5189.3			0.9255403717254934
5190.2			0.9285600768645437
5191.1			0.8589402332759364
5192.0			0.7823808401852594
5192.9			0.7920365460850696
5193.8			0.8548812154358157
5194.7			0.8859320047536396
5195.6			0.8939552638000241
5196.5			0.9307275912367672
5197.4			0.975799480798397
5198.3			0.9915313035743053
5199.2			1.0
5200.1			0.9984120329178197
5201.0			0.9770298019462615
5201.9			0.9431842059156965
5202.8			0.9016817802009134
5203.7			0.8319314643197713
5204.6			0.739244762208034
5205.5			0.6793063784697974
5206.4			0.6712310860522666
5207.3			0.6631343094811636
5208.2			0.633438485485388
5209.1			0.6391093188801933
5210.0			0.721001143267935
5210.9			0.8637351478978277
5211.8			1.014284625400172
5212.7			1.1094957049652943
5213.6			1.126955227812032
5214.5			1.0838307391214348
5215.4			1.0252412669968314
5216.3			1.0013481025029511
5217.2			0.9089944433388558
5218.1			0.9569302762414901
5219.0			0.9988857613905647
5219.9			1.0
5220.8			1.0
5221.7			1.0067762694643636
5222.6			0.9865538104423623
5223.5			0.9446333970716687
5224.4			0.8998397557234529
5225.3			0.8518327748038249
5226.2			0.7943041447826267
5227.1			0.7828906500344741
5228.0			0.8712250577574993
5228.9			0.9888002050355812
5229.8			1.0555583637716264
5230.7			1.0785148387273786
5231.6			1.0532050910155284
5232.5			0.9911596913253495
5233.4			1.0
5234.3			1.0
5235.2			1.0
5236.1			1.0
5237.0			1.0
5237.9			1.0016313212635142
5238.8			0.990951779681554
5239.7			0.9880004929449494
5240.6			0.9928340295796148
5241.5			0.9879932530228754
5242.4			0.9771601139217752
5243.3			0.9806435807517485
5244.2			0.9992748974686498
5245.1			0.9989528100074683
5246.0			0.9571456642204322
5246.9			0.9075353177246926
5247.8			0.9026535764948901
5248.7			0.9274064367948677
5249.6			0.9251667055629382
5250.5			0.9024303699840792
5251.4			0.9041438186073584
5252.3			0.9240265629652031
5253.2			0.9285377427086797
5254.1			0.9125006634859457
5255.0			0.9043010205600989
5255.9			0.9309563283679811
5256.8			1.0
5257.7			1.0315853455473105
5258.6			1.0424901368669888
5259.5			1.0326624922909897
5260.4			0.9896991528077257
5261.3			0.9156491567248933
5262.2			0.8414084141277547
5263.1			0.7932517855942157
5264.0			0.7675499688556388
5264.9			0.7416995633024988
5265.8			0.7256502689461739
5266.7			0.7605330492613591
5267.6			0.7925698706998224
5268.5			0.7150551724987281
5269.4			0.595365602309134
5270.3			0.6099271875808098
5271.2			0.7630056748335171
5272.1			0.8983686987117097
5273.0			0.9501693494006133
5273.9			0.9653178113451152
5274.8			0.9659689591477663
5275.7			0.9765875962150378
5276.6			1.0321946953470134
5277.5			1.0
5278.4			1.018319437750944
5279.3			0.99323403507725
5280.2			0.9444318434587164
5281.1			0.8887866979124701
5282.0			0.8395505050047477
5282.9			0.811349576923789
5283.8			0.8265321039389945
5284.7			0.8960056700399971
5285.6			0.974100237740605
5286.5			1.0086386432207344
5287.4			1.001366467937447
5288.3			1.0
5289.2			1.0
5290.1			1.0
5291.0			1.0027281094845368
5291.9			0.99318066260435
5292.8			0.9860888989385795
5293.7			0.9860372388050153
5294.6			0.974298530921727
5295.5			0.9273749468170189
5296.4			0.8476572097627741
5297.3			0.7766517229418562
5298.2			0.7730341626565737
5299.1			0.8378330621524148
5300.0			0.8942127402318961
5300.9			0.8980667857330786
5301.8			0.8873385491321033
5302.7			0.9095277025491305
5303.6			0.9577453950958827
5304.5			0.9941716074225196
5305.4			0.9999730474882879
5306.3			1.0
5307.2			1.0
5308.1			1.0
5309.0			1.0
5309.9			1.0
5310.8			1.0
5311.7			1.0
5312.6			1.0
5313.5			1.0
5314.4			1.0
5315.3			1.0
5316.2			1.0
5317.1			1.0
5318.0			1.0
5318.9			1.0
5319.8			0.9882036638998565
5320.7			0.9752102813716325
5321.6			0.963954327838845
5322.5			0.9312479114236759
5323.4			0.8649028916393864
5324.3			0.8274680694847498
5325.2			0.8577777492840011
5326.1			0.8622027733014641
5327.0			0.7560076704107002
5327.9			0.6312549573294899
5328.8			0.6398471314834222
5329.7			0.7706478151589079
5330.6			0.8934578018020449
5331.5			0.942101969759552
5332.4			0.945181323376581
5333.3			0.9545727419233323
5334.2			0.9841497129364667
5335.1			1.0
5336.0			1.002421591095222
5336.9			0.9975628171931331
5337.8			0.9908968326588135
5338.7			0.9540770337289771
5339.6			0.8856145655137861
5340.5			0.8492750548405166
5341.4			0.8923880536815719
5342.3			0.9684808671411619
5343.2			1.016252978141301
5344.1			1.02339922558597
5345.0			1.0057235743799506
5345.9			1.0
5346.8			1.0
5347.7			1.0
5348.6			1.0
5349.5			1.0
5350.4			1.0
5351.3			1.0
5352.2			1.0
5353.1			1.0
5354.0			1.0
5354.9			1.0
5355.8			1.0
5356.7			1.0
5357.6			1.0
5358.5			1.0
5359.4			1.0
5360.3			1.0
5361.2			1.0
5362.1			0.9835052639652266
5363.0			0.9688173692619452
5363.9			0.9474734257550937
5364.8			0.926347760018613
5365.7			0.922323631407936
5366.6			0.9265424881834436
5367.5			0.926780049786326
5368.4			0.9132426446940589
5369.3			0.8545036840549732
5370.2			0.7630634883446623
5371.1			0.714351068352773
5372.0			0.7675196952038359
5372.9			0.8798865228059566
5373.8			0.9647290195850589
5374.7			1.0025552541025735
5375.6			1.0083526404273173
5376.5			0.9959317765110769
5377.4			0.9924175949031044
5378.3			1.0022455495634721
5379.2			1.006248131809745
5380.1			1.0000070037318058
5381.0			1.0
5381.9			1.0
5382.8			1.0
5383.7			1.0
5384.6			1.0
5385.5			1.0
5386.4			1.0
5387.3			1.0
5388.2			1.0
5389.1			1.0
5390.0			1.0
5390.9			1.0
5391.8			1.0
5392.7			1.0
5393.6			1.0
5394.5			1.0
5395.4			1.0
5396.3			0.9276525431776624
5397.2			0.8857867840602376
5398.1			0.9387717951828176
5399.0			1.0145876254832422
5399.9			1.035690363086686
5400.8			1.0318095405748169
5401.7			1.0403989943754195
5402.6			1.0224349289118668
5403.5			0.9442131047534315
5404.4			0.8460852722170578
5405.3			0.7945435607768626
5406.2			0.8277046380807054
5407.1			0.916241449201038
5408.0			0.9627404768370359
5408.9			0.9268554642250307
5409.8			0.8807956235252742
5410.7			0.8989323443233276
5411.6			0.9628087565983932
5412.5			1.0144885427146404
5413.4			1.0253676236965512
5414.3			0.998366398771263
5415.2			1.0
5416.1			1.0
5417.0			1.0
5417.9			1.0
5418.8			1.0
5419.7			1.0
5420.6			0.9869331706809249
5421.5			0.9971812163840305
5422.4			0.9926280674805738
5423.3			0.9519806547486463
5424.2			0.9249894629264885
5425.1			0.952077963035051
5426.0			1.0027511849206858
5426.9			1.0271252535830935
5427.8			0.9851041739201066
5428.7			0.8814184322375035
5429.6			0.8133781101546955
5430.5			0.8513854019974392
5431.4			0.9171305559291475
5432.3			0.92236900121734
5433.2			0.8805542195332291
5434.1			0.841020528002005
5435.0			0.8435863012005522
5435.9			0.8915912079311421
5436.8			0.9446986569933293
5437.7			0.9793860411637199
5438.6			0.9987736460741742
5439.5			1.0
5440.4			1.0
5441.3			1.0
5442.2			0.9987920012825589
5443.1			0.9896355266760124
5444.0			0.9538354487598346
5444.9			0.885302126839534
5445.8			0.8034729668509093
5446.7			0.7685274078754765
5447.6			0.8239300484344443
5448.5			0.920978681454186
5449.4			0.9849729249086511
5450.3			1.002526102324511
5451.2			1.0
5452.1			0.9922785256788527
5453.0			0.9705311953912529
5453.9			0.9153798498303346
5454.8			0.8409290897825332
5455.7			0.8196908084402268
5456.6			0.8863215148222333
5457.5			0.9677946491380002
5458.4			1.0034587920682647
5459.3			0.999842338093518
5460.2			1.0
5461.1			1.0
5462.0			1.0
5462.9			1.0
5463.8			1.0
5464.7			1.0
5465.6			1.0
5466.5			1.0
5467.4			1.0
5468.3			1.0
5469.2			1.0
5470.1			1.0
5471.0			1.0020760697961897
5471.9			1.016381348169875
5472.8			1.0109375116802368
5473.7			0.9947413898897698
5474.6			0.9827554294111809
5475.5			0.9491231981972554
5476.4			0.903937911563768
5477.3			0.9169750459098571
5478.2			0.9944243077826196
5479.1			1.05482969439115
5480.0			1.0478620397176721
5480.9			1.0062526277875994
5481.8			0.9962543505983257
5482.7			1.0
5483.6			1.0
5484.5			1.0
5485.4			1.0
5486.3			1.0
5487.2			1.0
5488.1			1.0
5489.0			1.0
5489.9			1.0
5490.8			1.0
5491.7			1.0
5492.6			1.0
5493.5			1.0
5494.4			1.0
5495.3			1.0
5496.2			1.0
5497.1			1.0
5498.0			1.0
5498.9			1.0
5499.8			1.0
5500.7			1.0
5501.6			1.0
5502.5			1.0
5503.4			1.0
5504.3			1.0
5505.2			1.0
5506.1			1.0
5507.0			1.0
5507.9			1.0403237522641187
5508.8			1.0606900436781472
5509.7			1.044004253960646
5510.6			1.0073072872996724
5511.5			0.9572808425691273
5512.4			0.9142475182738471
5513.3			0.9021995143489521
5514.2			0.9185722572343823
5515.1			0.9460385522347347
5516.0			0.9694463023003944
5516.9			0.9875863479874741
5517.8			1.001715750369649
5518.7			1.0057125215398879
5519.6			1.0
5520.5			1.0
5521.4			1.0
5522.3			1.0
5523.2			1.0
5524.1			1.0
5525.0			0.9893061159067079
5525.9			0.9655575645329955
5526.8			0.9102185961577653
5527.7			0.8411995214206132
5528.6			0.8317858596426054
5529.5			0.9015390506888188
5530.4			0.9754288521234947
5531.3			1.0008259862038495
5532.2			0.9989591443223735
5533.1			1.0
5534.0			1.0
5534.9			1.0
5535.8			1.0
5536.7			1.0
5537.6			1.0
5538.5			1.0
5539.4			1.0
5540.3			1.0
5541.2			1.0
5542.1			1.0
5543.0			1.0
5543.9			1.0
5544.8			1.0
5545.7			1.0
5546.6			1.0
5547.5			1.0
5548.4			1.0
5549.3			1.0
5550.200000000001			1.0
5551.1			1.0
5552.0			1.0
5552.9			1.0
5553.8			1.0
5554.700000000001			1.0
5555.6			1.0
5556.5			1.0
5557.4			1.0
5558.3			1.0
5559.200000000001			1.0
5560.1			1.0033471436468253
5561.0			0.9986446557485928
5561.9			0.9831841026673798
5562.8			0.9652097503146777
5563.700000000001			0.9587996635628129
5564.6			0.9579120380252315
5565.5			0.9501423905847748
5566.4			0.9502032535375508
5567.3			0.9620073229095194
5568.200000000001			0.9636826363103432
5569.1			0.9500837886113457
5570.0			0.9507904008310292
5570.9			0.9615814654964034
5571.8			0.9465176767876845
5572.700000000001			0.9287372209572168
5573.6			0.9575272626999487
5574.5			1.0036820396996282
5575.4			1.0162584743713423
5576.3			1.0
5577.200000000001			1.0214844739556552
5578.1			1.0366231326495854
5579.0			1.0390594980129733
5579.9			1.0406688425211752
5580.8			1.0344208335499125
5581.700000000001			1.0216007589972516
5582.6			1.020753562344391
5583.5			1.0288034581586185
5584.4			1.020609000694252
5585.3			0.9732481267926112
5586.200000000001			0.9023268847788053
5587.1			0.8537261582485869
5588.0			0.8450467978504399
5588.9			0.8685967409211087
5589.8			0.9244121921061547
5590.700000000001			0.9880787155274705
5591.6			1.0196843395012811
5592.5			1.0127612003534785
5593.4			0.9876849473143021
5594.3			0.9772235202947401
5595.200000000001			1.0
5596.1			1.036661390612368
5597.0			1.0247603277413018
5597.9			0.9747564316185225
5598.8			0.9487270644186465
5599.700000000001			0.9537720745842145
5600.6			0.9410746494586941
5601.5			0.9068989651149363
5602.4			0.8894552629770807
5603.3			0.9120531944539733
5604.200000000001			0.9644831933020158
5605.1			1.006255169417038
5606.0			1.017212205454226
5606.9			1.011550695141555
5607.8			1.0034252378535864
5608.700000000001			0.9933000540889231
5609.6			1.0
5610.5			1.0
5611.4			1.0102060395921546
5612.3			1.0118972089946046
5613.200000000001			0.9896233874571913
5614.1			0.9232772059024971
5615.0			0.8398861728824527
5615.9			0.8223743841159387
5616.8			0.8887255340015463
5617.700000000001			0.9608740876255275
5618.6			0.9878484813253009
5619.5			0.9907714104773815
5620.4			1.0
5621.3			1.0156438994515142
5622.200000000001			1.0227685159792401
5623.1			0.9895795748157664
5624.0			0.9351097625066948
5624.9			0.9174267797193028
5625.8			0.947696386401425
5626.700000000001			0.9804518805258229
5627.6			0.9898591048273033
5628.5			0.998723682558783
5629.4			1.0
5630.3			1.0
5631.200000000001			1.0
5632.1			1.0
5633.0			1.0
5633.9			1.0
5634.8			1.0
5635.700000000001			1.0
5636.6			1.0
5637.5			1.0
5638.4			1.0
5639.3			1.0
5640.200000000001			1.0
5641.1			1.0
5642.0			1.0
5642.9			1.0
5643.8			1.0
5644.700000000001			1.0
5645.6			1.0
5646.5			1.0
5647.4			1.0
5648.3			1.0
5649.200000000001			0.9868104228083536
5650.1			0.986488201026998
5651.0			1.0024630705846527
5651.9			1.0226901630983545
5652.8			1.0259069264804113
5653.700000000001			1.0056512265257818
5654.6			0.9830957488488604
5655.5			0.9789760648555333
5656.4			0.9780928956999445
5657.3			0.9472550751452243
5658.200000000001			0.9027687590983952
5659.1			0.9022029648400826
5660.0			0.9459500586716175
5660.9			0.9691095168764522
5661.8			0.9506040092020726
5662.700000000001			0.9429062983312337
5663.6			0.9710266892403715
5664.5			1.0068988658640843
5665.4			1.0249370295171951
5666.3			1.0205746983343964
5667.200000000001			1.0040714036537206
5668.1			0.9952511604719476
5669.0			1.0003415982011188
5669.9			1.0
5670.8			1.0
5671.700000000001			1.0
5672.6			1.0
5673.5			1.0
5674.4			1.0
5675.3			1.0
5676.200000000001			1.0
5677.1			1.0
5678.0			1.0
5678.9			1.0
5679.8			1.0
5680.700000000001			1.0
5681.6			1.0
5682.5			1.0
5683.4			1.0
5684.3			1.0
5685.200000000001			1.0
5686.1			1.0
5687.0			1.0
5687.9			1.0
5688.8			1.0
5689.700000000001			1.0
5690.6			1.0
5691.5			1.0
5692.4			1.0
5693.3			1.0
5694.200000000001			0.9927745765917706
5695.1			0.9899633787910144
5696.0			0.997967116794428
5696.9			0.9980436102198851
5697.8			0.9793019533262438
5698.700000000001			0.9602396994823953
5699.6			0.9526761400165191
5700.5			0.9446879133305913
5701.4			0.9329823729374276
5702.3			0.9331380832065791
5703.200000000001			0.9513243639318567
5704.1			0.9707939167627916
5705.0			0.972158737788441
5705.9			0.9552726454758707
5706.8			0.9353140841762799
5707.700000000001			0.9169838542234886
5708.6			0.8976326602042564
5709.5			0.8833806232152429
5710.4			0.8779499740686314
5711.3			0.8817114835615619
5712.200000000001			0.9098248061534567
5713.1			0.9562123762791056
5714.0			0.9869743684000998
5714.9			0.9961821383594072
5715.8			1.0018435086599247
5716.700000000001			1.0073814633307658
5717.6			1.009624818255648
5718.5			1.0163185492441682
5719.4			1.0248226127673665
5720.3			1.027458046676574
5721.200000000001			1.0325646844968943
5722.1			1.0432818519074443
5723.0			1.0522478161654103
5723.9			1.0542598980903637
5724.8			1.0473546391529367
5725.700000000001			1.0268379779073211
5726.6			1.000772679677658
5727.5			1.0
5728.4			1.0
5729.3			1.0
5730.200000000001			1.0
5731.1			1.0
5732.0			1.0
5732.9			1.0
5733.8			1.0
5734.700000000001			1.0
5735.6			1.0
5736.5			1.0
5737.4			1.0
5738.3			1.0
5739.200000000001			1.0
5740.1			1.0
5741.0			1.0
5741.9			1.0
5742.8			1.0
5743.700000000001			1.0
5744.6			1.0
5745.5			1.0
5746.4			1.0
5747.3			1.0
5748.200000000001			1.0
5749.1			1.0
5750.0			1.0
5750.9			1.0
5751.8			1.0
5752.700000000001			1.0
5753.6			1.0
5754.5			1.0
5755.4			1.0
5756.3			1.0
5757.200000000001			1.0
5758.1			1.0
5759.0			1.0
5759.9			1.0
5760.8			1.0
5761.700000000001			1.0
5762.6			1.0
5763.5			1.0
5764.4			1.0
5765.3			1.0
5766.200000000001			1.0
5767.1			1.0
5768.0			1.0
5768.9			1.0
5769.8			1.0
5770.700000000001			1.0
5771.6			0.988557280265387
5772.5			0.9826589712253139
5773.4			0.9815819760192454
5774.3			0.9771591291274042
5775.200000000001			0.9775643690612325
5776.1			0.989197297320799
5777.0			1.0005579691638808
5777.9			1.0051796896013563
5778.8			0.998802674390556
5779.700000000001			0.9764063744119337
5780.6			0.944016734493018
5781.5			0.9224393860882143
5782.4			0.9223132958233563
5783.3			0.925913930638001
5784.200000000001			0.9188165621616632
5785.1			0.9135288479297103
5786.0			0.929708584532101
5786.9			0.9599674643606433
5787.8			0.9810560610275041
5788.700000000001			0.9926670039464746
5789.6			0.9921131219332409
5790.5			0.9773205670873034
5791.4			0.9719643862938323
5792.3			0.987733595856059
5793.200000000001			1.0086465545394205
5794.1			1.0234295820358577
5795.0			1.0297833672069898
5795.9			1.0254544991212629
5796.8			1.0125478526254532
5797.700000000001			1.0002619585502375
5798.6			1.000309176286856
5799.5			1.0
5800.4			1.0
5801.3			1.0
5802.200000000001			1.0
5803.1			1.0
5804.0			1.0
5804.9			1.0
5805.8			1.0
5806.700000000001			1.0
5807.6			1.0
5808.5			1.0
5809.4			1.0
5810.3			1.0
5811.200000000001			1.0
5812.1			1.0
5813.0			1.0
5813.9			1.0
5814.8			1.0
5815.700000000001			1.0
5816.6			1.0
5817.5			1.0
5818.4			1.0
5819.3			1.0
5820.200000000001			1.0
5821.1			1.0
5822.0			1.0
5822.9			1.0
5823.8			1.0
5824.700000000001			1.0
5825.6			1.0
5826.5			1.0
5827.4			1.0
5828.3			1.0
5829.200000000001			1.0
5830.1			1.0
5831.0			1.0
5831.9			1.0
5832.8			1.0
5833.700000000001			1.0
5834.6			1.0
5835.5			1.0
5836.4			1.0
5837.3			1.0
5838.200000000001			1.0
5839.1			1.0
5840.0			1.0
5840.9			1.0
5841.8			1.0
5842.700000000001			1.0
5843.6			1.0
5844.5			1.0
5845.4			1.0
5846.3			1.0
5847.200000000001			1.0
5848.1			1.0
5849.0			1.0
5849.9			1.0
5850.8			1.0
5851.700000000001			1.0
5852.6			1.0
5853.5			1.0018952504058845
5854.4			1.010405261966413
5855.3			1.001307777413002
5856.200000000001			0.9621667111072777
5857.1			0.9154983541072484
5858.0			0.90981503639529
5858.9			0.9508418391686707
5859.8			0.9910516231418187
5860.700000000001			1.0064305108316456
5861.6			1.002821314242712
5862.5			0.998911402828707
5863.4			1.0
5864.3			1.0
5865.200000000001			1.0
5866.1			1.0
5867.0			1.0
5867.9			1.0
5868.8			1.0
5869.700000000001			1.0
5870.6			1.0
5871.5			1.0
5872.4			1.0
5873.3			1.0
5874.200000000001			1.0
5875.1			1.0
5876.0			1.0
5876.9			1.0
5877.8			1.0
5878.700000000001			1.0
5879.6			0.9886233903854832
5880.5			0.9846874925674383
5881.4			0.9926713444810024
5882.3			0.9935076259165683
5883.200000000001			0.9795396138538774
5884.1			0.9682159543405686
5885.0			0.966919687441806
5885.9			0.9580384248834047
5886.8			0.9121634826814183
5887.700000000001			0.8065601988803159
5888.6			0.6429215675082319
5889.5			0.4961184515273204
5890.4			0.4775471311386107
5891.3			0.5975585212573017
5892.200000000001			0.7427970921786963
5893.1			0.8099336378842944
5894.0			0.7731606921606442
5894.9			0.6575721618911203
5895.8			0.5650036899446493
5896.700000000001			0.6108120709972465
5897.6			0.7597350954469139
5898.5			0.883915081806642
5899.4			0.9423879601175756
5900.3			0.9748313666370322
5901.200000000001			0.9997600036898063
5902.1			1.0
5903.0			1.0
5903.9			1.0
5904.8			1.0
5905.700000000001			1.0
5906.6			1.0
5907.5			1.0
5908.4			1.0
5909.3			1.0
5910.200000000001			1.0
5911.1			1.0
5912.0			1.0
5912.9			1.0
5913.8			1.0
5914.700000000001			1.0
5915.6			1.0
5916.5			1.0
5917.4			1.0
5918.3			1.0
5919.200000000001			1.0
5920.1			1.0
5921.0			1.0
5921.9			1.0
5922.8			1.0
5923.700000000001			1.0
5924.6			1.0
5925.5			1.0
5926.4			1.0
5927.3			1.0
5928.200000000001			1.0
5929.1			1.0
5930.0			1.0
5930.9			1.0
5931.8			1.0
5932.700000000001			1.0
5933.6			1.0
5934.5			1.0
5935.4			1.0
5936.3			1.0
5937.200000000001			1.0
5938.1			1.0
5939.0			1.0
5939.9			1.0
5940.8			1.0
5941.700000000001			1.0
5942.6			1.0
5943.5			1.0
5944.4			1.0
5945.3			1.0
5946.200000000001			1.0
5947.1			1.0
5948.0			1.0
5948.9			1.0
5949.8			1.0
5950.700000000001			1.0
5951.6			1.0
5952.5			1.0
5953.4			1.0
5954.3			1.0
5955.200000000001			1.0
5956.1			1.0
5957.0			1.0
5957.9			1.0
5958.8			1.0
5959.700000000001			1.0
5960.6			1.0
5961.5			1.0
5962.4			1.0
5963.3			1.0
5964.200000000001			1.0
5965.1			1.0
5966.0			1.0
5966.9			1.0
5967.8			1.0
5968.700000000001			1.0
5969.6			1.0
5970.5			1.0
5971.4			1.0
5972.3			1.0
5973.200000000001			1.0
5974.1			1.0
5975.0			1.0
5975.9			1.0
5976.8			1.0
5977.700000000001			1.0
5978.6			1.0
5979.5			1.0
5980.4			1.0
5981.3			1.0
5982.200000000001			1.0
5983.1			1.0
5984.0			1.0
5984.9			1.0
5985.8			1.0
5986.700000000001			1.0
5987.6			1.0
5988.5			1.0077053395420084
5989.4			1.0137553306478775
5990.3			1.0132594202838372
5991.200000000001			1.008764819338991
5992.1			1.0080729439589802
5993.0			1.0176941032410436
5993.9			1.0271243882990684
5994.8			1.0189851416198927
5995.700000000001			0.9993768515790067
5996.6			0.984889709067567
5997.5			0.9812426167644428
5998.4			0.9830306473439756
5999.3			0.987464014349874
6000.200000000001			0.9936479551388442
6001.1			0.9938590801875706
6002.0			0.9782440246494275
6002.9			0.9595064274634253
6003.8			0.9594167124065752
6004.700000000001			0.9746294788948103
6005.6			0.9811174621794942
6006.5			0.966754343004596
6007.4			0.9433714064046087
6008.3			0.9348069130215072
6009.200000000001			0.9544067964347929
6010.1			0.9864589669501862
6011.0			1.000970921069696
6011.9			0.9896156471993109
6012.8			0.9700427681465548
6013.700000000001			0.9655538721687498
6014.6			0.9744280837900918
6015.5			0.9764467887108296
6016.4			0.9669195183811946
6017.3			0.9670070177424683
6018.200000000001			0.9789511194928664
6019.1			0.9720894660776035
6020.0			0.9463104499986628
6020.9			0.9331468967091165
6021.8			0.9414805123138713
6022.700000000001			0.9541393970085938
6023.6			0.9588750630308782
6024.5			0.9663538936443636
6025.4			0.9832930857809425
6026.3			0.994573305785764
6027.200000000001			0.9928403003478186
6028.1			0.9947866950775585
6029.0			1.005498448464698
6029.9			1.0138658314035307
6030.8			1.0151919964128489
6031.700000000001			1.01464643984004
6032.6			1.0127295136265761
6033.5			1.0112718502016391
6034.4			1.0131528643944605
6035.3			1.0146950236435617
6036.200000000001			1.0162177198252726
6037.1			1.0150780038846594
6038.0			1.0097363629757878
6038.9			1.0000329665863834
6039.8			0.9893759885821115
6040.700000000001			0.9870679577310083
6041.6			0.9936289196815359
6042.5			1.0048049405619963
6043.4			1.0170392669087926
6044.3			1.022956089494025
6045.200000000001			1.0224112999499708
6046.1			1.0206925762680437
6047.0			1.0222147245019202
6047.9			1.025111484311003
6048.8			1.0238764171508954
6049.700000000001			1.0191517567466897
6050.6			1.015434409921272
6051.5			1.0129792341455368
6052.4			1.0080244732182624
6053.3			1.0000217318852143
6054.200000000001			1.0
6055.1			1.0
6056.0			1.0
6056.9			1.0
6057.8			1.0
6058.700000000001			1.0
6059.6			1.0
6060.5			1.0
6061.4			1.0
6062.3			1.0
6063.200000000001			1.0
6064.1			1.0
6065.0			1.0
6065.9			1.0
6066.8			1.0
6067.700000000001			1.0
6068.6			1.0
6069.5			1.0
6070.4			1.0
6071.3			1.0
6072.200000000001			1.0
6073.1			1.0
6074.0			1.0
6074.9			1.0
6075.8			1.0
6076.700000000001			1.0
6077.6			1.0
6078.5			1.0
6079.4			1.0
6080.3			1.0
6081.200000000001			1.0
6082.1			1.0
6083.0			1.0
6083.9			1.0
6084.8			1.0
6085.700000000001			1.0
6086.6			1.0
6087.5			1.0
6088.4			1.0
6089.3			1.0
6090.200000000001			1.0
6091.1			1.0
6092.0			1.0
6092.9			1.0
6093.8			1.0
6094.700000000001			1.0
6095.6			1.0
6096.5			1.0
6097.4			1.0
6098.3			1.0
6099.200000000001			1.0065398612003378
6100.1			0.9974032003896995
6101.0			0.9517569893423647
6101.9			0.8765694898394606
6102.8			0.8363060417518221
6103.700000000001			0.8800413334874139
6104.6			0.9582778956959547
6105.5			0.9988060259614264
6106.4			0.9990158697421644
6107.3			1.0
6108.200000000001			1.0
6109.1			1.0
6110.0			1.0
6110.9			1.0
6111.8			1.0
6112.700000000001			1.0
6113.6			1.0
6114.5			1.0
6115.4			1.0
6116.3			1.0
6117.200000000001			1.0
6118.1			1.0048981856909311
6119.0			0.9920191364181549
6119.9			0.9585784786429362
6120.8			0.9001704523354725
6121.700000000001			0.8387345569668175
6122.6			0.8356646733941309
6123.5			0.9080867590886942
6124.4			0.9813505195898121
6125.3			1.0049583829231308
6126.200000000001			1.003945403754089
6127.1			1.001351971802596
6128.0			1.0
6128.9			1.0
6129.8			1.0
6130.700000000001			1.0
6131.6			1.0
6132.5			1.0
6133.4			0.9976053243905229
6134.3			0.9778122137249483
6135.200000000001			0.9362680413195499
6136.1			0.8799042000450916
6137.0			0.8450899775101293
6137.9			0.8729068106024829
6138.8			0.9440967630745347
6139.700000000001			0.9961102988134067
6140.6			0.9990454337531145
6141.5			1.0
6142.4			1.0
6143.3			1.0
6144.200000000001			1.0
6145.1			1.0
6146.0			1.0
6146.9			1.0
6147.8			1.0
6148.700000000001			1.0
6149.6			1.0
6150.5			1.0
6151.4			1.0
6152.3			1.0
6153.200000000001			1.0
6154.1			1.0
6155.0			1.0
6155.9			1.0
6156.8			1.0
6157.700000000001			1.0088137707216929
6158.6			1.0125999679682292
6159.5			0.986943173567023
6160.4			0.9015594355332315
6161.3			0.786627835538493
6162.200000000001			0.731452829463067
6163.1			0.78264050257747
6164.0			0.8861844223663881
6164.9			0.959784704963969
6165.8			0.9877644935750244
6166.700000000001			0.998184439204559
6167.6			1.0
6168.5			1.0
6169.4			1.0
6170.3			1.0
6171.200000000001			1.0
6172.1			1.0
6173.0			1.0
6173.9			1.0
6174.8			1.0
6175.700000000001			1.0
6176.6			1.0
6177.5			1.0
6178.4			1.0
6179.3			1.0
6180.200000000001			1.0
6181.1			1.0
6182.0			1.0
6182.9			1.0
6183.8			1.0
6184.700000000001			1.0
6185.6			0.9945100140854597
6186.5			0.9832113913424775
6187.4			0.9751386420824921
6188.3			0.9749251271318187
6189.200000000001			0.9687230769826111
6190.1			0.9379968315878959
6191.0			0.9014305923607018
6191.9			0.9024739020245258
6192.8			0.9438492592571115
6193.700000000001			0.9817185395731554
6194.6			0.9930316688970999
6195.5			0.9946056002584326
6196.4			1.0002935395228125
6197.3			1.0
6198.200000000001			1.0
6199.1			1.0
6200.0			1.0
6200.9			1.0
6201.8			1.0
6202.700000000001			1.0
6203.6			1.0
6204.5			1.0
6205.4			1.0
6206.3			1.0
6207.200000000001			1.0
6208.1			1.0
6209.0			1.0
6209.9			1.0
6210.8			1.0
6211.700000000001			1.0
6212.6			1.0
6213.5			1.0
6214.4			1.0
6215.3			1.0
6216.200000000001			1.0
6217.1			1.0
6218.0			1.0
6218.9			1.0
6219.8			1.0
6220.700000000001			1.0
6221.6			1.0
6222.5			1.0
6223.4			1.0
6224.3			1.0
6225.200000000001			1.0
6226.1			1.006024315804736
6227.0			1.005630057679455
6227.9			1.0020579862160734
6228.8			0.9810477722977511
6229.700000000001			0.9371299505477918
6230.6			0.900943924064635
6231.5			0.9017610819509031
6232.4			0.9269020043067293
6233.3			0.9533057787113416
6234.200000000001			0.9806365370422674
6235.1			1.0002888139299415
6236.0			1.0
6236.9			1.0
6237.8			1.0
6238.700000000001			1.0
6239.6			1.0
6240.5			1.0
6241.4			1.0
6242.3			1.0
6243.200000000001			1.0
6244.1			1.0
6245.0			1.0
6245.9			1.0
6246.8			1.0079875464582264
6247.700000000001			1.0402495203725068
6248.6			1.0644940344639644
6249.5			1.0650352248974961
6250.4			1.0448345067740465
6251.3			1.0048371841705421
6252.200000000001			0.9625627104816915
6253.1			0.947562479682875
6254.0			0.9591278577674993
6254.9			0.9750023947046695
6255.8			0.9778133510252967
6256.700000000001			0.9596450786764594
6257.6			0.928306859408632
6258.5			0.9141278505412396
6259.4			0.9359445276817142
6260.3			0.9662759285849131
6261.200000000001			0.9843500843546165
6262.1			1.0060526812315704
6263.0			1.0273693264400903
6263.9			1.022890766616349
6264.8			1.0004763110993053
6265.700000000001			0.9929638683978433
6266.6			1.0050116314283475
6267.5			1.0161579096364577
6268.4			1.0145205550769798
6269.3			1.0050743328711813
6270.200000000001			0.9994765508719934
6271.1			1.0
6272.0			1.0
6272.9			1.0
6273.8			1.0
6274.700000000001			1.0
6275.6			1.0
6276.5			1.0
6277.4			1.0
6278.3			1.0
6279.200000000001			1.0
6280.1			1.0
6281.0			1.0
6281.9			1.0
6282.8			1.0
6283.700000000001			1.0
6284.6			1.0
6285.5			1.0
6286.4			1.0
6287.3			1.0
6288.200000000001			1.0
6289.1			1.0
6290.0			1.0
6290.9			1.0
6291.8			1.0
6292.700000000001			1.0006243396228247
6293.6			1.0114381564731731
6294.5			1.018778228252155
6295.4			1.0058055456315536
6296.3			0.9808767330669791
6297.200000000001			0.9702634020475803
6298.1			0.982482977365204
6299.0			0.9999905388755671
6299.9			0.9959239350208974
6300.8			0.9627272333333784
6301.700000000001			0.9337979117202269
6302.6			0.9426867128205182
6303.5			0.9740935726252574
6304.4			0.9955201237427619
6305.3			1.0012455699008518
6306.200000000001			1.0083460280032779
6307.1			1.0212810171252404
6308.0			1.0300016939837742
6308.9			1.0
6309.8			0.9892653151945145
6310.700000000001			0.9754684272573159
6311.6			0.9691233036113014
6312.5			0.9735463652104098
6313.4			0.9741273105626682
6314.3			0.9556689489492477
6315.200000000001			0.9380087762716198
6316.1			0.939128396514443
6317.0			0.9360337117201549
6317.9			0.9153984921847649
6318.8			0.9111570127977744
6319.700000000001			0.9421730018568495
6320.6			0.9739432691139825
6321.5			0.9828509814100755
6322.4			0.9813204629025599
6323.3			0.9865192433097796
6324.200000000001			0.9981468721366996
6325.1			1.0005487278169003
6326.0			0.9960927358381876
6326.9			0.9958507628687194
6327.8			0.9994227277406293
6328.700000000001			1.0
6329.6			1.0
6330.5			1.0
6331.4			1.0
6332.3			1.0
6333.200000000001			1.0
6334.1			1.0
6335.0			1.0
6335.9			1.0
6336.8			1.0
6337.700000000001			1.0
6338.6			1.0
6339.5			1.0
6340.4			1.0
6341.3			1.0
6342.200000000001			1.0
6343.1			1.0
6344.0			1.0
6344.9			1.0
6345.8			1.0
6346.700000000001			1.0
6347.6			1.0
6348.5			1.0
6349.4			1.0
6350.3			1.0
6351.200000000001			1.0
6352.1			1.0
6353.0			1.0
6353.9			1.0
6354.8			1.0
6355.700000000001			1.0
6356.6			1.0
6357.5			1.0
6358.4			1.0
6359.3			1.0
6360.200000000001			1.0
6361.1			1.0
6362.0			1.0
6362.9			1.0
6363.8			1.0
6364.700000000001			1.0
6365.6			1.0
6366.5			1.0
6367.4			1.0
6368.3			1.0
6369.200000000001			1.0
6370.1			1.0
6371.0			1.0
6371.9			1.0
6372.8			1.0
6373.700000000001			1.0
6374.6			1.0
6375.5			1.0
6376.4			1.0
6377.3			1.0
6378.200000000001			1.0
6379.1			1.0
6380.0			1.0
6380.9			1.0
6381.8			1.0
6382.700000000001			1.0
6383.6			1.0
6384.5			1.0
6385.4			1.0
6386.3			1.0
6387.200000000001			1.0
6388.1			1.0
6389.0			1.0
6389.9			1.0
6390.8			1.0
6391.700000000001			1.0
6392.6			1.0
6393.5			1.0
6394.4			1.0
6395.3			1.0
6396.200000000001			1.0210063408631076
6397.1			1.0233854062413794
6398.0			1.0022056748630073
6398.9			0.945463119761955
6399.8			0.8891175221384698
6400.700000000001			0.8957120280813513
6401.6			0.9509097828578531
6402.5			0.9891182086163819
6403.4			0.9973924876387392
6404.3			1.0
6405.200000000001			1.0
6406.1			1.0
6407.0			1.0
6407.9			1.0
6408.8			1.0
6409.700000000001			1.0
6410.6			1.0
6411.5			1.0
6412.4			1.0
6413.3			1.0
6414.200000000001			1.0
6415.1			1.0
6416.0			1.0
6416.9			1.0
6417.8			1.0
6418.700000000001			1.0
6419.6			1.0
6420.5			1.0
6421.4			1.0
6422.3			1.0
6423.200000000001			1.0
6424.1			1.0
6425.0			1.0
6425.9			1.0
6426.8			1.0
6427.700000000001			1.0
6428.6			1.0
6429.5			1.0
6430.4			1.0
6431.3			1.0
6432.200000000001			1.0
6433.1			1.0
6434.0			1.0
6434.9			1.0
6435.8			0.9960800198082402
6436.700000000001			0.9869180911568853
6437.6			0.9479672818745983
6438.5			0.888055539147468
6439.4			0.8731783575480976
6440.3			0.9235008792910387
6441.200000000001			0.9783941387553893
6442.1			0.99923936374752
6443.0			0.9999970783134204
6443.9			1.0
6444.8			1.0
6445.700000000001			1.0
6446.6			0.9961495657582549
6447.5			0.9823723254754329
6448.4			0.9456207724093039
6449.3			0.8931661329960139
6450.200000000001			0.8800359999363905
6451.1			0.9281648432978328
6452.0			0.9835787796067492
6452.9			1.0068189922186306
6453.8			1.0005094596181463
6454.700000000001			1.0
6455.6			0.9977980219311663
6456.5			1.0
6457.4			1.0243110488133373
6458.3			1.042373405339196
6459.200000000001			1.0472364798433937
6460.1			1.0331758493491356
6461.0			0.9850193483293682
6461.9			0.9137556471272458
6462.8			0.8814565179256448
6463.700000000001			0.9195198084255135
6464.6			0.9727585789057137
6465.5			1.0029624761023455
6466.4			1.0164569171679176
6467.3			1.0173476102570447
6468.200000000001			1.0086352920744515
6469.1			0.9994280619863641
6470.0			0.9902849896876347
6470.9			1.0
6471.8			0.9931192702930564
6472.700000000001			1.0109957018842082
6473.6			1.0334776267050494
6474.5			1.0370295396014062
6475.4			1.0272663107357625
6476.3			1.0257773991066808
6477.200000000001			1.0365616752362343
6478.1			1.0452447739297577
6479.0			1.0460621396059275
6479.9			1.0416855486523202
6480.8			1.0279669589382903
6481.700000000001			1.0090712222302838
6482.6			1.0015185438012026
6483.5			1.015694553612721
6484.4			1.0376251388296385
6485.3			1.0511855869085056
6486.200000000001			1.0552534873001564
6487.1			1.0528532181866104
6488.0			1.050672554756274
6488.9			1.052224730967562
6489.8			1.0487568647302765
6490.700000000001			1.0388573577742402
6491.6			1.0234252808657833
6492.5			0.9825023852921487
6493.4			0.9085306991941743
6494.3			0.8496339913549964
6495.200000000001			0.852562659538632
6496.1			0.9024440938774959
6497.0			0.9550856543587882
6497.9			0.979966117922069
6498.8			0.9707575574035996
6499.700000000001			0.9648236239661085
6500.6			0.9901491398305519
6501.5			1.0255345720333937
6502.4			1.0457892034617615
6503.3			1.0497565627265837
6504.200000000001			1.0521805884570865
6505.1			1.0580828040671826
6506.0			1.0621203803047259
6506.9			1.0613496965529945
6507.8			1.0575808345078372
6508.700000000001			1.0550605550361276
6509.6			1.0553020153888037
6510.5			1.0598506924940103
6511.4			1.0644474600835125
6512.3			1.0639669148580855
6513.200000000001			1.0658558620210619
6514.1			1.0673095258780645
6515.0			1.0623537606483773
6515.9			1.0546170272600959
6516.8			1.0457989081418482
6517.700000000001			1.035503852708645
6518.6			1.0330947480276726
6519.5			1.0445055846032032
6520.4			1.0580767859462221
6521.3			1.0646962741702202
6522.200000000001			1.0674580140667063
6523.1			1.0685272877166285
6524.0			1.0660847041182877
6524.9			1.0601037845544408
6525.8			1.0
6526.700000000001			0.9959871391534598
6527.6			0.9990925347472719
6528.5			1.0053563076205054
6529.4			1.008012257496921
6530.3			1.0037790932044024
6531.200000000001			0.9969097273780648
6532.1			0.9885050310147372
6533.0			0.9833876152374725
6533.9			0.9870821832765541
6534.8			0.9967700815435278
6535.700000000001			1.0059146587883552
6536.6			1.009879500757839
6537.5			1.009623220597429
6538.4			1.0118043213034702
6539.3			1.0150587311395145
6540.200000000001			1.0148787391036456
6541.1			1.0083256927150328
6542.0			1.0002279347575618
6542.9			0.9953058561662808
6543.8			0.9903332627784699
6544.700000000001			0.9740941433057966
6545.6			0.9473654218170819
6546.5			0.9365980486950015
6547.4			0.9560602096105073
6548.3			0.9812328648193018
6549.200000000001			0.9929886581061282
6550.1			0.9938342513826831
6551.0			0.9896147517548496
6551.9			0.9849677753697329
6552.8			0.9760616680113183
6553.700000000001			0.9597145535003326
6554.6			0.9425022393385424
6555.5			0.9355184629758754
6556.4			0.9428878746214742
6557.3			0.957364924870864
6558.200000000001			0.967548696407694
6559.1			0.9671059563364613
6560.0			0.9505412093528613
6560.9			0.8855661955338242
6561.8			0.7625351064715055
6562.700000000001			0.6739447994620033
6563.6			0.7174620472387924
6564.5			0.840985040360261
6565.4			0.9309856926606532
6566.3			0.9630021328361617
6567.200000000001			0.9672266730834852
6568.1			0.9556228735473422
6569.0			0.9405092940238493
6569.9			0.946200510346782
6570.8			0.9629850950534116
6571.700000000001			0.9617903274394934
6572.6			0.9444560669125223
6573.5			0.9336891815525055
6574.4			0.9365727369661686
6575.3			0.95207148449245
6576.200000000001			0.9765146592524097
6577.1			0.9973386118331675
6578.0			1.0074472037287163
6578.9			1.0092145822206102
6579.8			1.0014639287688507
6580.700000000001			0.9922629899708296
6581.6			0.9905725726679546
6582.5			0.9960442719108289
6583.4			1.0027904769079958
6584.3			1.0054141158614534
6585.200000000001			1.0014015885729926
6586.1			0.9959788585219914
6587.0			0.9991628416548393
6587.9			1.010357134564353
6588.8			1.0195544852144605
6589.700000000001			1.0211824746487428
6590.6			1.006213729916369
6591.5			0.9700630038031223
6592.4			0.9250347895205455
6593.3			0.9051955779033058
6594.200000000001			0.9313795992423757
6595.1			0.9747363483971403
6596.0			0.9958294607188756
6596.9			0.9933081720908528
6597.8			0.9865412552801445
6598.700000000001			0.9881303882419048
6599.6			0.9982080639251262
6600.5			1.0110391097057587
6601.4			1.019343918491063
6602.3			1.0186039621818703
6603.200000000001			1.013771708694859
6604.1			1.0061997165738648
6605.0			0.9972513231949017
6605.9			0.9947296866582039
6606.8			0.9953813826552741
6607.700000000001			0.9894314739234523
6608.6			0.9768228744680953
6609.5			0.976841418363021
6610.4			0.9956331825694678
6611.3			1.011948938357112
6612.200000000001			1.012348174427819
6613.1			1.007654325951612
6614.0			1.0092872968103852
6614.9			1.0159431150838456
6615.8			1.0190392047207846
6616.700000000001			1.0199298376143608
6617.6			1.0204510959597288
6618.5			1.019184099220946
6619.4			1.0175967049940475
6620.3			1.0145462038869189
6621.200000000001			1.0111674769513397
6622.1			1.0103082152630762
6623.0			1.0053112779432096
6623.9			0.993778917321402
6624.8			0.9874375181921544
6625.700000000001			0.9936514967303397
6626.6			0.9998847503829801
6627.5			0.9986620292582814
6628.4			0.9975446027846064
6629.3			0.9977264432093965
6630.200000000001			0.9969783279720335
6631.1			0.9935762785348031
6632.0			0.9822611719626175
6632.9			0.9629638065773243
6633.8			0.9525071074304301
6634.700000000001			0.9655327167836836
6635.6			0.9887819677059028
6636.5			1.0039224151049866
6637.4			1.0106472177338324
6638.3			1.0134766364135404
6639.200000000001			1.0117162741261208
6640.1			1.007254474407014
6641.0			1.007168686114242
6641.9			1.003154557655079
6642.8			0.9852375083332059
6643.700000000001			0.9708793392530669
6644.6			0.9802368240545865
6645.5			1.0030069990466641
6646.4			1.0130247440906788
6647.3			1.0050066557798456
6648.200000000001			1.0014224884905154
6649.1			1.0106024354464014
6650.0			1.0206318477145826
6650.9			1.0244006010232036
6651.8			1.0211661960489091
6652.700000000001			1.017958125627569
6653.6			1.0174921372127512
6654.5			1.015722826105277
6655.4			1.0131387366940516
6656.3			1.010180379734158
6657.200000000001			1.012140929098213
6658.1			1.0176123623985525
6659.0			1.0176775287488213
6659.9			1.010357066685959
6660.8			1.0026486916022044
6661.700000000001			0.9945635241357975
6662.6			0.9799216457743787
6663.5			0.9698531906765276
6664.4			0.9810919886548181
6665.3			0.9965350817852485
6666.200000000001			0.9974716180694514
6667.1			0.9925451030692283
6668.0			0.9924736428662019
6668.9			0.9969876413192725
6669.8			1.0051166290561675
6670.700000000001			1.0145452385209848
6671.6			1.02018650956694
6672.5			1.0213673350330867
6673.4			1.0220301332710602
6674.3			1.019338224970226
6675.200000000001			1.0134869211066482
6676.1			0.9998277777617725
6677.0			1.0
6677.9			1.0
6678.8			1.0
6679.700000000001			1.0
6680.6			1.0
6681.5			1.0
6682.4			1.0
6683.3			1.0
6684.200000000001			1.0
6685.1			1.0
6686.0			1.0
6686.9			1.0
6687.8			1.0
6688.700000000001			1.0
6689.6			1.0
6690.5			1.0
6691.4			1.0
6692.3			1.0
6693.200000000001			1.0
6694.1			1.0
6695.0			1.0
6695.9			1.0
6696.8			1.0
6697.700000000001			1.0
6698.6			1.0
6699.5			1.0
6700.4			1.0
6701.3			1.0
6702.200000000001			1.0
6703.1			1.0
6704.0			1.0
6704.9			1.0
6705.8			1.0
6706.700000000001			1.0
6707.6			1.0
6708.5			1.0
6709.4			1.0
6710.3			1.0
6711.200000000001			1.0
6712.1			1.0
6713.0			1.0
6713.9			1.0
6714.8			1.0
6715.700000000001			1.0
6716.6			1.0
6717.5			1.0
6718.4			1.0
6719.3			1.0
6720.200000000001			1.0
6721.1			1.0
6722.0			1.0
6722.9			1.0
6723.8			1.0
6724.700000000001			1.0
6725.6			1.0
6726.5			1.0
6727.4			1.0
6728.3			1.0
6729.200000000001			1.0
6730.1			1.0
6731.0			1.0
6731.9			1.0
6732.8			1.0
6733.700000000001			1.0
6734.6			1.0
6735.5			1.0
6736.4			1.0
6737.3			1.0
6738.200000000001			1.0
6739.1			1.0
6740.0			1.0
6740.9			1.0
6741.8			1.0
6742.700000000001			1.0
6743.6			1.0
6744.5			1.0
6745.4			1.0
6746.3			1.0
6747.200000000001			1.0
6748.1			1.0
6749.0			1.0
6749.9			1.0
6750.8			1.0
6751.700000000001			1.0
6752.6			1.0
6753.5			1.0
6754.4			1.0
6755.3			1.0
6756.200000000001			1.0
6757.1			1.0
6758.0			1.0
6758.9			1.0
6759.8			1.0
6760.700000000001			1.0
6761.6			1.0
6762.5			1.0
6763.4			1.0
6764.3			1.0
6765.200000000001			1.0
6766.1			1.0
6767.0			1.0
6767.9			1.0
6768.8			1.0
6769.700000000001			1.0
6770.6			1.0
6771.5			1.0
6772.4			1.0
6773.3			1.0
6774.200000000001			1.0
6775.1			1.0
6776.0			1.0
6776.9			1.0
6777.8			1.0
6778.700000000001			1.0
6779.6			1.0
6780.5			1.0
6781.4			1.0
6782.3			1.0
6783.200000000001			1.0
6784.1			1.0
6785.0			1.0
6785.9			1.0
6786.8			1.0
6787.700000000001			1.0
6788.6			1.0
6789.5			1.0
6790.4			1.0
6791.3			1.0
6792.200000000001			1.0
6793.1			1.0
6794.0			1.0
6794.9			1.0
6795.8			1.0
6796.700000000001			1.0
6797.6			1.0
6798.5			1.0
6799.4			1.0
6800.3			1.0
6801.200000000001			1.0
6802.1			1.0
6803.0			1.0
6803.9			1.0
6804.8			1.0
6805.700000000001			1.0
6806.6			1.0
6807.5			1.0
6808.4			1.0
6809.3			1.0
6810.200000000001			1.0
6811.1			1.0
6812.0			1.0
6812.9			1.0
6813.8			1.0
6814.700000000001			1.0
6815.6			1.0
6816.5			1.0
6817.4			1.0
6818.3			1.0
6819.200000000001			1.0
6820.1			1.0
6821.0			1.0
6821.9			1.0
6822.8			1.0
6823.700000000001			1.0
6824.6			1.0
6825.5			1.0
6826.4			1.0
6827.3			1.0
6828.200000000001			1.0
6829.1			1.0
6830.0			1.0
6830.9			1.0
6831.8			1.0
6832.700000000001			1.0
6833.6			1.0
6834.5			1.0
6835.4			1.0
6836.3			1.0
6837.200000000001			1.0
6838.1			1.0
6839.0			1.0
6839.9			1.0
6840.8			1.0
6841.700000000001			1.0
6842.6			1.0
6843.5			1.0
6844.4			1.0
6845.3			1.0
6846.200000000001			1.0
6847.1			1.0
6848.0			1.0
6848.9			1.0
6849.8			1.0
6850.700000000001			1.0
6851.6			1.0
6852.5			1.0
6853.4			1.0
6854.3			1.0
6855.200000000001			1.0
6856.1			1.0
6857.0			1.0
6857.9			1.0
6858.8			1.0
6859.700000000001			1.0
6860.6			1.0
6861.5			1.0
6862.4			1.0
6863.3			1.0
6864.200000000001			1.0
6865.1			1.0
6866.0			1.0
6866.9			1.0
6867.8			1.0
6868.700000000001			1.0
6869.6			1.0
6870.5			1.0
6871.4			1.0
6872.3			1.0
6873.200000000001			1.0
6874.1			1.0
6875.0			1.0
6875.9			1.0
6876.8			1.0
6877.700000000001			1.0
6878.6			1.0
6879.5			1.0
6880.4			1.0
6881.3			1.0
6882.200000000001			1.0
6883.1			1.0
6884.0			1.0
6884.9			1.0
6885.8			1.0
6886.700000000001			1.0
6887.6			1.0
6888.5			1.0
6889.4			1.0
6890.3			1.0
6891.200000000001			1.0
6892.1			1.0
6893.0			1.0
6893.9			1.0
6894.8			1.0
6895.700000000001			1.0
6896.6			1.0
6897.5			1.0
6898.4			1.0
6899.3			1.0
6900.200000000001			1.0
6901.1			1.0
6902.0			1.0
6902.9			1.0
6903.8			1.0
6904.700000000001			1.0
6905.6			1.0
6906.5			1.0
6907.4			1.0
6908.3			1.0
6909.200000000001			1.0
6910.1			1.0
6911.0			1.0
6911.9			1.0
6912.8			1.0
6913.700000000001			1.0
6914.6			1.0
6915.5			1.0
6916.4			1.0
6917.3			1.0
6918.200000000001			1.0
6919.1			1.0
6920.0			1.0
6920.9			1.0
6921.8			1.0
6922.700000000001			1.0
6923.6			1.0
6924.5			1.0
6925.4			1.0
6926.3			1.0
6927.200000000001			1.0
6928.1			1.0
6929.0			1.0
6929.9			1.0
6930.8			1.0
6931.700000000001			1.0
6932.6			1.0
6933.5			1.0
6934.4			1.0
6935.3			1.0
6936.200000000001			1.0
6937.1			1.0
6938.0			1.0
6938.9			1.0
6939.8			1.0
6940.700000000001			1.0
6941.6			1.0
6942.5			1.0
6943.4			1.0
6944.3			1.0
6945.200000000001			1.0
6946.1			1.0
6947.0			1.0
6947.9			1.0
6948.8			1.0
6949.700000000001			1.0
6950.6			1.0
6951.5			1.0
6952.4			1.0
6953.3			1.0
6954.200000000001			1.0
6955.1			1.0
6956.0			1.0
6956.9			1.0
6957.8			1.0
6958.700000000001			1.0
6959.6			1.0
6960.5			1.0
6961.4			1.0
6962.3			1.0
6963.200000000001			1.0
6964.1			1.0
6965.0			1.0
6965.9			1.0
6966.8			1.0
6967.700000000001			1.0
6968.6			1.0
6969.5			1.0
6970.4			1.0
6971.3			1.0
6972.200000000001			1.0
6973.1			1.0
6974.0			1.0
6974.9			1.0
6975.8			1.0
6976.700000000001			1.0
6977.6			1.0
6978.5			1.0
6979.4			1.0
6980.3			1.0
6981.200000000001			1.0
6982.1			1.0
6983.0			1.0
6983.9			1.0
6984.8			1.0
6985.700000000001			1.0
6986.6			1.0
6987.5			1.0
6988.4			1.0
6989.3			1.0
6990.200000000001			1.0
6991.1			1.0
6992.0			1.0
6992.9			1.0
6993.8			1.0
6994.700000000001			1.0
6995.6			1.0
6996.5			1.0
6997.4			1.0
6998.3			1.0
6999.200000000001			1.0
7000.1			1.0
7001.0			1.0
7001.9			1.0
7002.8			1.0
7003.700000000001			1.0
7004.6			1.0
7005.5			1.0
7006.4			1.0
7007.3			1.0
7008.200000000001			1.0
7009.1			1.0
7010.0			1.0
7010.9			1.0
7011.8			1.0
7012.700000000001			1.0
7013.6			1.0
7014.5			1.0
7015.4			1.0
7016.3			1.0
7017.200000000001			1.0
7018.1			1.0
7019.0			1.0
7019.9			1.0
7020.8			1.0
7021.700000000001			1.0
7022.6			1.0
7023.5			1.0
7024.4			1.0
7025.3			1.0
7026.200000000001			1.0
7027.1			1.0
7028.0			1.0
7028.9			1.0
7029.8			1.0
7030.700000000001			1.0
7031.6			1.0
7032.5			1.0
7033.4			1.0
7034.3			1.0
7035.200000000001			1.0
7036.1			1.0
7037.0			1.0
7037.9			1.0
7038.8			1.0
7039.700000000001			1.0
7040.6			1.0
7041.5			1.0
7042.4			1.0
7043.3			1.0
7044.200000000001			1.0
7045.1			1.0
7046.0			1.0
7046.9			1.0
7047.8			1.0
7048.700000000001			1.0
7049.6			1.0
7050.5			1.0
7051.4			1.0
7052.3			1.0
7053.200000000001			1.0
7054.1			1.0
7055.0			1.0
7055.9			1.0
7056.8			1.0
7057.700000000001			1.0
7058.6			1.0
7059.5			1.0
7060.4			1.0
7061.3			1.0
7062.200000000001			1.0
7063.1			1.0
7064.0			1.0
7064.9			1.0
7065.8			1.0
7066.700000000001			1.0
7067.6			1.0
7068.5			1.0
7069.4			1.0
7070.3			1.0
7071.200000000001			1.0
7072.1			1.0
7073.0			1.0
7073.9			1.0
7074.8			1.0
7075.700000000001			1.0
7076.6			1.0
7077.5			1.0
7078.4			1.0
7079.3			1.0
7080.200000000001			1.0
7081.1			1.0
7082.0			1.0
7082.9			1.0
7083.8			0.969814915765681
7084.700000000001			0.9540214701746742
7085.6			0.9657223138955922
7086.5			0.9897978531625812
7087.4			1.0024026500988787
7088.3			1.000379271485087
7089.200000000001			0.9949296506032398
7090.1			0.9935971308699701
7091.0			0.9971734386406605
7091.9			1.0039636540493153
7092.8			1.009934114448764
7093.700000000001			1.0143282343807571
7094.6			1.0123819197211095
7095.5			1.00607788231953
7096.4			1.0049408189420517
7097.3			1.0093017962359616
7098.200000000001			1.0160508630748555
7099.1			1.0209560192788716
7100.0			1.021799488534047
7100.9			1.020335117966566
7101.8			1.0178926728201683
7102.700000000001			1.0
7103.6			1.0008579007824212
7104.5			1.0025734244036932
7105.4			1.0031070047498887
7106.3			0.9990340791406488
7107.200000000001			0.9942908215089564
7108.1			0.9925764412569058
7109.0			0.9944515563703935
7109.9			0.9927128250255661
7110.8			0.9838866847041602
7111.700000000001			0.9769932926421506
7112.6			0.9790403390543986
7113.5			0.9845295504535581
7114.4			0.9865884145166556
7115.3			0.9879729437982582
7116.200000000001			0.9943368878213877
7117.1			1.001864731174629
7118.0			1.003094104049469
7118.9			0.9998764953903911
7119.8			0.9966125264808704
7120.700000000001			0.9876503694612162
7121.6			0.9704608405688671
7122.5			0.9670128223485629
7123.4			0.9880314822635939
7124.3			1.0057366088839383
7125.200000000001			1.004699403458971
7126.1			0.9971126137618878
7127.0			0.9966579724812392
7127.9			1.0029308787410065
7128.8			0.9953756477786653
7129.700000000001			0.9731998254180145
7130.6			0.9533776964395851
7131.5			0.9551498982784804
7132.4			0.9741676791295828
7133.3			0.9907889430158386
7134.200000000001			1.0022388759587197
7135.1			1.0093047556770192
7136.0			1.0103032459556205
7136.9			1.004640643837663
7137.8			0.9969901712848102
7138.700000000001			0.9954238514749337
7139.6			1.0016122446219664
7140.5			1.0067334141910032
7141.4			1.00255482598015
7142.3			0.9938255767386831
7143.200000000001			0.9927843522111962
7144.1			0.9963502529401321
7145.0			0.9939090998551602
7145.9			0.978766950026874
7146.8			0.9423631520201557
7147.700000000001			0.9037693039926312
7148.6			0.9102123765434186
7149.5			0.9577810307502983
7150.4			0.9933958285393119
7151.3			1.0003917800485322
7152.200000000001			1.0006313121854586
7153.1			1.0033436904466089
7154.0			1.0037364051970246
7154.9			1.000236956747968
7155.8			0.9979176752651191
7156.700000000001			1.005218309289839
7157.6			1.014307293240255
7158.5			1.011028708097226
7159.4			1.0000830995382521
7160.3			0.9968943339404993
7161.200000000001			1.0078109671215933
7162.1			1.014057282452884
7163.0			0.994059015020634
7163.9			0.9599763155860821
7164.8			0.9469720233037676
7165.700000000001			0.9671224034902276
7166.6			0.9946017732971655
7167.5			1.0123190378675202
7168.4			1.0203057134010787
7169.3			1.0212812716210051
7170.200000000001			1.0224253376750185
7171.1			1.025969936977936
7172.0			1.0284581024324144
7172.9			1.0306089915301668
7173.8			1.0316468632089404
7174.700000000001			1.030597626460805
7175.6			1.0238780544048425
7176.5			1.0220463412947864
7177.4			1.0304760804086819
7178.3			1.0335633780703222
7179.200000000001			1.0207485346007221
7180.1			0.9984421056495304
7181.0			0.9841035838170348
7181.9			0.9900861484447688
7182.8			1.006938928463193
7183.700000000001			1.0188945347890253
7184.6			1.018808263962855
7185.5			1.0002939692784516
7186.4			0.9673808426428242
7187.3			0.9396088839953082
7188.200000000001			0.937092909376861
7189.1			0.955647127709644
7190.0			0.9814711114502446
7190.9			1.0006767546325812
7191.8			0.9993701490741017
7192.700000000001			0.9846054846066892
7193.6			0.98306943034546
7194.5			1.0010087959212242
7195.4			1.011910621732645
7196.3			1.0045434772077835
7197.200000000001			0.996232399677377
7198.1			1.0010145134707518
7199.0			1.0101004798775786
7199.9			1.013544950997746
7200.8			0.9988448154204344
7201.700000000001			0.9695779770353901
7202.6			0.9629195679765907
7203.5			0.9888558405070892
7204.4			1.0108744186675367
7205.3			1.0053186486006038
7206.200000000001			0.9729896479462293
7207.1			0.9336509662881598
7208.0			0.9200772543242027
7208.9			0.9331651214912227
7209.8			0.9514507383254077
7210.700000000001			0.9721757258410155
7211.6			0.98601955573392
7212.5			0.9856012009667625
7213.4			0.9833286608513835
7214.3			0.9839405586961721
7215.200000000001			0.9830946840336944
7216.1			0.9794746361163822
7217.0			0.9800525015935737
7217.9			0.9839455345380783
7218.8			0.9848680403514883
7219.700000000001			0.9848222446117724
7220.6			0.9880080489760972
7221.5			0.9927225541120922
7222.4			0.9919682237275552
7223.3			0.9875368956608417
7224.200000000001			0.9923922054213725
7225.1			1.003495494417304
7226.0			1.0072146228507441
7226.9			1.0030330190579302
7227.8			0.9984745882921625
7228.700000000001			0.9978586809321371
7229.6			1.0042693085440608
7230.5			1.018059933681839
7231.4			1.0336169282895402
7232.3			1.043925710221291
7233.200000000001			1.0479876769190604
7234.1			1.0423265601944363
7235.0			1.030598907248484
7235.9			1.0263736792141518
7236.8			1.0351773837084672
7237.700000000001			1.0421088606685784
7238.6			1.033170110508518
7239.5			1.0205293681765102
7240.4			1.0224577552810366
7241.3			1.0296001433155417
7242.200000000001			1.030775096885395
7243.1			1.021496058599667
7244.0			1.0063668855785428
7244.9			1.0009011667654741
7245.8			1.0108316184278665
7246.700000000001			1.0247478781189905
7247.6			1.0354572863610383
7248.5			1.0386851339478478
7249.4			1.0276573005374372
7250.3			1.0056369647355101
7251.200000000001			0.9880796365296781
7252.1			0.9879735488074425
7253.0			0.997741301473991
7253.9			0.9983661901557812
7254.8			0.9941985299008909
7255.700000000001			1.0013797725402522
7256.6			1.0156053765054625
7257.5			1.0273314078537519
7258.4			1.0324227237384374
7259.3			1.0242008775052776
7260.200000000001			1.0022178324341782
7261.1			0.9802493087845582
7262.0			0.9827736464422641
7262.9			1.0100834209320653
7263.8			1.0335867873636917
7264.700000000001			1.0394082408744465
7265.6			1.034771073049849
7266.5			1.0341787449131423
7267.4			1.039734825567448
7268.3			1.041297388186041
7269.200000000001			1.0399518317069691
7270.1			1.0377581029665577
7271.0			1.0375755597748884
7271.9			1.0437868610385441
7272.8			1.0518324571663773
7273.700000000001			1.0521543837668188
7274.6			1.0413973059801285
7275.5			1.0318347979992302
7276.4			1.0296526380615398
7277.3			1.027060611566603
7278.200000000001			1.0233982881327768
7279.1			1.0222484529937148
7280.0			1.0179611724129003
7280.9			1.0091902594197504
7281.8			1.0004921800060853
7282.700000000001			0.9958479358744474
7283.6			0.9924594845723439
7284.5			0.9914331883725475
7285.4			0.9973630144060066
7286.3			1.0068707025041548
7287.200000000001			1.0058958408147334
7288.1			0.98646251581681
7289.0			0.9672002516638963
7289.9			0.9694215078691475
7290.8			0.9826941168577136
7291.700000000001			0.9841363734736601
7292.6			0.9747991613722718
7293.5			0.9796675048372937
7294.4			1.0039771249530995
7295.3			1.0281638497927799
7296.200000000001			1.0420936437671624
7297.1			1.0456942016567765
7298.0			1.039973008977136
7298.9			1.0330043912949811
7299.8			1.0341420226373896
7300.700000000001			1.0429354726742748
7301.6			1.0501542831566013
7302.5			1.0538627173633306
7303.4			1.0564300968329532
7304.3			1.0571429247888553
7305.200000000001			1.0523815654580897
7306.1			1.0388477201068396
7307.0			1.0250711223841331
7307.9			1.0251645732265207
7308.8			1.036736980947982
7309.700000000001			1.0439422591179102
7310.6			1.0353035433482585
7311.5			1.0277090216986555
7312.4			1.0382509256893893
7313.3			1.0525770406306567
7314.200000000001			1.0549481757844246
7315.1			1.047909706009735
7316.0			1.0389052141039639
7316.9			1.0331710339528752
7317.8			1.0360079340830715
7318.700000000001			1.038885494010936
7319.6			1.033870841184568
7320.5			1.0309664654723814
7321.4			1.0389030314244219
7322.3			1.048549534477277
7323.200000000001			1.0464550401127808
7324.1			1.0249213230941292
7325.0			0.9877721584229928
7325.9			0.9648882018036742
7326.8			0.9807221657348165
7327.700000000001			1.0157635666775855
7328.6			1.0345805381249875
7329.5			1.038612635879546
7330.4			1.0426538114489687
7331.3			1.0436996253218036
7332.200000000001			1.0427934062054245
7333.1			1.044277165144948
7334.0			1.0456565340813373
7334.9			1.0469645157688843
7335.8			1.0501338675211247
7336.700000000001			1.051517897260032
7337.6			1.0480190444135518
7338.5			1.0454509189669707
7339.4			1.0467653862096342
7340.3			1.049765840514072
7341.200000000001			1.0553435661383903
7342.1			1.057280831410893
7343.0			1.0476811185794515
7343.9			1.0277121448320272
7344.8			1.0156959684443563
7345.700000000001			1.0271447609945108
7346.6			1.0487653448974288
7347.5			1.0587205102291763
7348.4			1.0552260885216387
7349.3			1.0467050171820274
7350.200000000001			1.0351017719072988
7351.1			1.021400707519501
7352.0			1.0166421457990507
7352.9			1.023325871392225
7353.8			1.026664593010182
7354.700000000001			1.01537112649626
7355.6			0.9975430528301593
7356.5			0.9901167626182004
7357.4			1.000031622248852
7358.3			1.0207868304947285
7359.200000000001			1.034444086699328
7360.1			1.0282958563327806
7361.0			1.0111073507947472
7361.9			1.0010584852892939
7362.8			1.0002567644209652
7363.700000000001			1.0
7364.6			1.0
7365.5			1.0
7366.4			1.0
7367.3			1.0
7368.200000000001			1.0
7369.1			1.0
7370.0			1.0
7370.9			1.0
7371.8			1.0
7372.700000000001			1.0
7373.6			1.0
7374.5			1.0
7375.4			1.0
7376.3			1.0
7377.200000000001			1.0
7378.1			1.0
7379.0			1.0
7379.9			1.0
7380.8			1.0
7381.700000000001			1.0
7382.6			1.0
7383.5			1.0
7384.4			1.0
7385.3			1.0
7386.200000000001			1.0
7387.1			1.0
7388.0			1.0
7388.9			1.0
7389.8			1.0
7390.700000000001			1.0
7391.6			1.0
7392.5			1.0
7393.4			1.0
7394.3			1.0
7395.200000000001			1.0
7396.1			1.0
7397.0			1.0
7397.9			1.0
7398.8			1.0
7399.700000000001			1.0
7400.6			1.0
7401.5			1.0
7402.4			1.0
7403.3			1.0
7404.200000000001			1.0
7405.1			1.0
7406.0			1.0
7406.9			1.0
7407.8			1.0
7408.700000000001			1.0
7409.6			1.0
7410.5			1.0
7411.4			1.0
7412.3			1.0
7413.200000000001			1.0
7414.1			1.0
7415.0			1.0
7415.9			1.0
7416.8			1.0
7417.700000000001			1.0
7418.6			1.0
7419.5			1.0
7420.4			1.0
7421.3			1.0
7422.200000000001			1.0
7423.1			1.0
7424.0			1.0
7424.9			1.0
7425.8			1.0
7426.700000000001			1.0
7427.6			1.0
7428.5			1.0
7429.4			1.0
