3500.0			1.0
3500.9			1.0
3501.8			1.0
3502.7			1.0
3503.6			1.0
3504.5			1.0
3505.4			1.0
3506.3			1.0
3507.2			1.0
3508.1			1.0
3509.0			1.0
3509.9			1.0
3510.8			1.0
3511.7			1.0
3512.6			1.0
3513.5			1.0
3514.4			1.0
3515.3			1.0
3516.2			1.0
3517.1			1.0
3518.0			1.0
3518.9			1.0
3519.8			1.0
3520.7			1.0
3521.6			1.0
3522.5			1.0
3523.4			1.0
3524.3			1.0
3525.2			1.0
3526.1			1.0
3527.0			1.0
3527.9			1.0
3528.8			1.0
3529.7			1.0
3530.6			1.0
3531.5			1.0
3532.4			1.0
3533.3			1.0
3534.2			1.0
3535.1			1.0
3536.0			1.0
3536.9			1.0
3537.8			1.0
3538.7			1.0
3539.6			1.0
3540.5			1.0
3541.4			1.0
3542.3			1.0
3543.2			1.0
3544.1			1.0
3545.0			1.0
3545.9			1.0
3546.8			1.0
3547.7			1.0
3548.6			1.0
3549.5			1.0
3550.4			1.0
3551.3			1.0
3552.2			1.0
3553.1			1.0
3554.0			1.0
3554.9			1.0
3555.8			1.0
3556.7			1.0
3557.6			1.0
3558.5			1.0
3559.4			1.0
3560.3			1.0
3561.2			1.0
3562.1			1.0
3563.0			1.0
3563.9			1.0
3564.8			1.0
3565.7			1.0
3566.6			1.0
3567.5			1.0
3568.4			1.0
3569.3			1.0
3570.2			1.0
3571.1			1.0
3572.0			1.0
3572.9			1.0
3573.8			1.0
3574.7			1.0
3575.6			1.0
3576.5			1.0
3577.4			1.0
3578.3			1.0
3579.2			1.0
3580.1			1.0
3581.0			1.0
3581.9			1.0
3582.8			1.0
3583.7			1.0
3584.6			1.0
3585.5			1.0
3586.4			1.0
3587.3			1.0
3588.2			1.0
3589.1			1.0
3590.0			1.0
3590.9			1.0
3591.8			1.0
3592.7			1.0
3593.6			1.0
3594.5			1.0
3595.4			1.0
3596.3			1.0
3597.2			1.0
3598.1			1.0
3599.0			1.0
3599.9			1.0
3600.8			1.0
3601.7			1.0
3602.6			1.0
3603.5			1.0
3604.4			1.0
3605.3			1.0
3606.2			1.0
3607.1			1.0
3608.0			1.0
3608.9			1.0
3609.8			1.0
3610.7			1.0
3611.6			1.0
3612.5			1.0
3613.4			1.0
3614.3			1.0
3615.2			1.0
3616.1			1.0
3617.0			1.0
3617.9			1.0
3618.8			1.0
3619.7			1.0
3620.6			1.0
3621.5			1.0
3622.4			1.0
3623.3			1.0
3624.2			1.0
3625.1			1.0
3626.0			1.0
3626.9			1.0
3627.8			1.0
3628.7			1.0
3629.6			1.0
3630.5			1.0
3631.4			1.0
3632.3			1.0
3633.2			1.0
3634.1			1.0
3635.0			1.0
3635.9			1.0
3636.8			1.0
3637.7			1.0
3638.6			1.0
3639.5			1.0
3640.4			1.0
3641.3			1.0
3642.2			1.0
3643.1			1.0
3644.0			1.0
3644.9			1.0
3645.8			1.0
3646.7			1.0
3647.6			1.0
3648.5			1.0
3649.4			1.0
3650.3			1.0
3651.2			1.0
3652.1			1.0
3653.0			1.0
3653.9			1.0
3654.8			1.0
3655.7			1.0
3656.6			1.0
3657.5			1.0
3658.4			1.0
3659.3			1.0
3660.2			1.0
3661.1			1.0
3662.0			1.0
3662.9			1.0
3663.8			1.0
3664.7			1.0
3665.6			1.0
3666.5			1.0
3667.4			1.0
3668.3			1.0
3669.2			1.0
3670.1			1.0
3671.0			1.0
3671.9			1.0
3672.8			1.0
3673.7			1.0
3674.6			1.0
3675.5			1.0
3676.4			1.0
3677.3			1.0
3678.2			1.0
3679.1			1.0
3680.0			1.0
3680.9			1.0
3681.8			1.0
3682.7			1.0
3683.6			1.0
3684.5			1.0
3685.4			1.0
3686.3			1.0
3687.2			1.0
3688.1			1.0
3689.0			1.0
3689.9			1.0
3690.8			1.0
3691.7			1.0
3692.6			1.0
3693.5			1.0
3694.4			1.0
3695.3			1.0
3696.2			1.0
3697.1			1.0
3698.0			1.0
3698.9			1.0
3699.8			1.0
3700.7			1.0
3701.6			1.0
3702.5			1.0
3703.4			1.0
3704.3			1.0
3705.2			1.0
3706.1			1.0
3707.0			1.0
3707.9			1.0
3708.8			1.0
3709.7			1.0
3710.6			1.0
3711.5			1.0
3712.4			1.0
3713.3			1.0
3714.2			1.0
3715.1			1.0
3716.0			1.0
3716.9			1.0
3717.8			1.0
3718.7			1.0
3719.6			1.0
3720.5			1.0
3721.4			1.0
3722.3			1.0
3723.2			1.0
3724.1			1.0
3725.0			1.0
3725.9			1.0
3726.8			1.0
3727.7			1.0
3728.6			1.0
3729.5			1.0
3730.4			1.0
3731.3			1.0
3732.2			1.0
3733.1			1.0
3734.0			1.0
3734.9			1.0
3735.8			1.0
3736.7			1.0
3737.6			1.0
3738.5			1.0
3739.4			1.0
3740.3			1.0
3741.2			1.0
3742.1			1.0
3743.0			1.0
3743.9			1.0
3744.8			1.0
3745.7			1.0
3746.6			1.0
3747.5			1.0
3748.4			1.0
3749.3			1.0
3750.2			1.0
3751.1			1.0
3752.0			1.0
3752.9			1.0
3753.8			1.0
3754.7			1.0
3755.6			1.0
3756.5			1.0
3757.4			1.0
3758.3			1.0
3759.2			1.0
3760.1			1.0
3761.0			1.0
3761.9			1.0
3762.8			1.0
3763.7			1.0
3764.6			1.0
3765.5			1.0
3766.4			1.0
3767.3			1.0
3768.2			1.0
3769.1			1.0
3770.0			1.0
3770.9			1.0
3771.8			1.0
3772.7			1.0
3773.6			1.0
3774.5			1.0
3775.4			1.0
3776.3			1.0
3777.2			1.0
3778.1			1.0
3779.0			1.0
3779.9			1.0
3780.8			1.0
3781.7			1.0
3782.6			1.0
3783.5			1.0
3784.4			1.0
3785.3			1.0
3786.2			1.0
3787.1			1.0
3788.0			1.0
3788.9			1.0
3789.8			1.0
3790.7			1.0
3791.6			1.0
3792.5			1.0
3793.4			1.0
3794.3			1.0
3795.2			1.0
3796.1			1.0
3797.0			1.0
3797.9			1.0
3798.8			1.0
3799.7			1.0
3800.6			1.0
3801.5			1.0
3802.4			1.0
3803.3			1.0
3804.2			1.0
3805.1			1.0
3806.0			1.0
3806.9			1.0
3807.8			1.0
3808.7			1.0
3809.6			1.0
3810.5			1.0
3811.4			1.0
3812.3			1.0
3813.2			1.0
3814.1			1.0
3815.0			1.0
3815.9			1.0
3816.8			1.0
3817.7			1.0
3818.6			1.0
3819.5			1.0
3820.4			1.0
3821.3			1.0
3822.2			1.0
3823.1			1.0
3824.0			1.0
3824.9			1.0
3825.8			1.0
3826.7			1.0
3827.6			1.0
3828.5			1.0
3829.4			1.0
3830.3			1.0
3831.2			1.0
3832.1			1.0
3833.0			1.0
3833.9			1.0
3834.8			1.0
3835.7			1.0
3836.6			1.0
3837.5			1.0
3838.4			1.0
3839.3			1.0
3840.2			1.0
3841.1			1.0
3842.0			1.0
3842.9			1.0
3843.8			1.0
3844.7			1.0
3845.6			1.0
3846.5			1.0
3847.4			1.0
3848.3			1.0
3849.2			1.0
3850.1			1.0
3851.0			1.0
3851.9			1.0
3852.8			1.0
3853.7			1.0
3854.6			1.0
3855.5			1.0
3856.4			1.0
3857.3			1.0
3858.2			1.0
3859.1			1.0
3860.0			1.0
3860.9			1.0
3861.8			1.0
3862.7			1.0
3863.6			1.0
3864.5			1.0
3865.4			1.0
3866.3			1.0
3867.2			1.0
3868.1			1.0
3869.0			1.0
3869.9			1.0
3870.8			1.0
3871.7			1.0
3872.6			1.0
3873.5			1.0
3874.4			1.0
3875.3			1.0
3876.2			1.0
3877.1			1.0
3878.0			1.0
3878.9			1.0
3879.8			1.0
3880.7			1.0
3881.6			1.0
3882.5			1.0
3883.4			1.0
3884.3			1.0
3885.2			1.0
3886.1			1.0
3887.0			1.0
3887.9			1.0
3888.8			1.0
3889.7			1.0
3890.6			1.0
3891.5			1.0
3892.4			1.0
3893.3			1.0
3894.2			1.0
3895.1			1.0
3896.0			1.0
3896.9			1.0
3897.8			1.0
3898.7			1.0
3899.6			1.0
3900.5			1.0
3901.4			1.0
3902.3			1.0
3903.2			1.0
3904.1			1.0
3905.0			1.0
3905.9			1.0
3906.8			1.0
3907.7			1.0
3908.6			1.0
3909.5			1.0
3910.4			1.0
3911.3			1.0
3912.2			1.0
3913.1			1.0
3914.0			1.0
3914.9			1.0
3915.8			1.0
3916.7			1.0
3917.6			1.0
3918.5			1.0
3919.4			1.0
3920.3			1.0
3921.2			1.0
3922.1			1.0
3923.0			1.0
3923.9			1.0
3924.8			1.0
3925.7			1.0
3926.6			1.0
3927.5			1.0
3928.4			1.0
3929.3			1.0
3930.2			1.0
3931.1			1.0
3932.0			1.0
3932.9			1.0
3933.8			1.0
3934.7			1.0
3935.6			1.0
3936.5			1.0
3937.4			1.0
3938.3			1.0
3939.2			1.0
3940.1			1.0
3941.0			1.0
3941.9			1.0
3942.8			1.0
3943.7			1.0
3944.6			1.0
3945.5			1.0
3946.4			1.0
3947.3			1.0
3948.2			1.0
3949.1			1.0
3950.0			1.0
3950.9			1.0
3951.8			1.0
3952.7			1.0
3953.6			1.0
3954.5			1.0
3955.4			1.0
3956.3			1.0
3957.2			1.0
3958.1			1.0
3959.0			1.0
3959.9			1.0
3960.8			1.0
3961.7			1.0
3962.6			1.0
3963.5			1.0
3964.4			1.0
3965.3			1.0
3966.2			1.0
3967.1			1.0
3968.0			1.0
3968.9			1.0
3969.8			1.0
3970.7			1.0
3971.6			1.0
3972.5			1.0
3973.4			1.0
3974.3			1.0
3975.2			1.0
3976.1			1.0
3977.0			1.0
3977.9			1.0
3978.8			1.0
3979.7			1.0
3980.6			1.0
3981.5			1.0
3982.4			1.0
3983.3			1.0
3984.2			1.0
3985.1			1.0
3986.0			1.0
3986.9			1.0
3987.8			1.0
3988.7			1.0
3989.6			1.0
3990.5			1.0
3991.4			1.0
3992.3			1.0
3993.2			1.0
3994.1			1.0
3995.0			1.0
3995.9			1.0
3996.8			1.0
3997.7			1.0
3998.6			1.0
3999.5			1.0
4000.4			1.0
4001.3			1.0
4002.2			1.0379234199605198
4003.1			1.066581525131513
4004.0			0.9946923013336045
4004.9			0.8265128865845187
4005.8			0.7271279637376198
4006.7			0.7915253845444253
4007.6			0.9108699908894211
4008.5			0.9770558888520979
4009.4			0.9981579765264759
4010.3			1.0
4011.2			1.0
4012.1			1.0
4013.0			1.0
4013.9			1.0
4014.8			1.0
4015.7			1.0
4016.6			1.0
4017.5			1.0
4018.4			1.0
4019.3			1.0
4020.2			1.0
4021.1			1.0
4022.0			1.0
4022.9			1.0
4023.8			1.0
4024.7			1.0
4025.6			1.0
4026.5			1.0
4027.4			1.0606766617455887
4028.3			1.1057508514384047
4029.2			1.0816041765659594
4030.1			0.9414736789316351
4031.0			0.8022637774296475
4031.9			0.7618253847466901
4032.8			0.7524276390186095
4033.7			0.749697916417645
4034.6			0.786833329880304
4035.5			0.8621243852696053
4036.4			0.9652969314995307
4037.3			1.0637225343586159
4038.2			1.10742023336111
4039.1			1.076895775616993
4040.0			1.0
4040.9			0.9526789213130928
4041.8			0.9828750417850696
4042.7			1.0132735960593418
4043.6			0.927525938880478
4044.5			0.7359693703564928
4045.4			0.5693601103666148
4046.3			0.5794496810872258
4047.2			0.7674380958100144
4048.1			0.9395088520739862
4049.0			0.9870495353790399
4049.9			0.9999988806700996
4050.8			1.0
4051.7			1.0
4052.6			1.0
4053.5			1.0
4054.4			1.0
4055.3			1.0
4056.2			1.0
4057.1			1.0
4058.0			1.0
4058.9			0.9963882421821885
4059.8			1.0879590199515936
4060.7			1.1735680722322186
4061.6			1.1387983478234038
4062.5			0.9405677951777481
4063.4			0.7174187616487673
4064.3			0.6826615979557213
4065.2			0.8177597928413032
4066.1			0.8896707890256039
4067.0			0.8549194148910828
4067.9			0.8718794375019521
4068.8			0.9615803592657812
4069.7			0.9963583949668741
4070.6			1.0
4071.5			1.0
4072.4			1.0
4073.3			1.1178984992555503
4074.2			1.170355445650301
4075.1			1.0622849972512962
4076.0			0.8797805411828098
4076.9			0.7297184105595559
4077.8			0.6983349689415425
4078.7			0.7828930698191771
4079.6			0.898266952468822
4080.5			0.994197002652022
4081.4			1.0404073653751118
4082.3			0.9925632979307404
4083.2			1.0
4084.1			1.0
4085.0			1.0
4085.9			1.0
4086.8			1.0
4087.7			1.0
4088.6			1.0
4089.5			1.0
4090.4			1.0
4091.3			1.0
4092.2			0.9716032079574806
4093.1			0.9959106840912937
4094.0			1.041022214033245
4094.9			0.9912496375678952
4095.8			0.8652194029855795
4096.7			0.8031913403368793
4097.6			0.8413292437512087
4098.5			0.8978869912401352
4099.4			0.8938009459159594
4100.3			0.8055511269935959
4101.2			0.7100564010450539
4102.1			0.7227629176021704
4103.0			0.8194733858647718
4103.9			0.8950918951203856
4104.8			0.9487853555225135
4105.7			1.0240742719899558
4106.6			1.0853275890832281
4107.5			1.102931382707595
4108.4			1.0934215131202483
4109.3			1.0515912547323936
4110.2			0.9916211634939971
4111.1			1.0
4112.0			1.0
4112.9			1.0
4113.8			1.0
4114.7			1.0
4115.6			1.0
4116.5			1.0
4117.4			1.0
4118.3			1.0
4119.2			1.0
4120.1			1.0
4121.0			1.0
4121.9			1.0
4122.8			1.0
4123.7			1.0
4124.6			1.0
4125.5			1.0
4126.4			0.9811482113341509
4127.3			0.9319399964564321
4128.2			0.8815487665400904
4129.1			0.8554686666204979
4130.0			0.8484803722160115
4130.9			0.8353729160563502
4131.8			0.7892986035616611
4132.7			0.744604772994692
4133.6			0.7430185987609533
4134.5			0.7749266501177221
4135.4			0.8652098528115305
4136.3			0.9576047360175679
4137.2			0.9724827975950917
4138.1			0.9750755445302721
4139.0			1.004323841322718
4139.9			1.0122289320991111
4140.8			0.9718405428142824
4141.7			0.8448025084801467
4142.6			0.649984764803962
4143.5			0.5388186118857106
4144.4			0.6117332154242715
4145.3			0.7806058163575597
4146.2			0.9033850873264428
4147.1			0.9554250592925645
4148.0			0.9631892621610156
4148.9			0.9214618297694439
4149.8			0.8689103631473525
4150.7			0.8693186737473243
4151.6			0.8996078575614074
4152.5			0.9045105748060659
4153.4			0.8961390395344572
4154.3			0.8878950686666701
4155.2			0.8849430728609948
4156.1			0.890534491455075
4157.0			0.9189662073456238
4157.9			0.9789208293177911
4158.8			1.0181349488212055
4159.7			1.0164373119479904
4160.6			1.000921716953725
4161.5			1.0
4162.4			1.0
4163.3			1.0
4164.2			1.0
4165.1			0.9482356434412534
4166.0			0.9515166531172913
4166.9			0.9433248350890842
4167.8			0.9108484015316199
4168.7			0.9262074232375491
4169.6			0.9832139985369498
4170.5			0.9991516517604652
4171.4			0.9143286538014672
4172.3			0.7782920015100943
4173.2			0.7243855549969457
4174.1			0.7809774468901693
4175.0			0.8667595946129821
4175.9			0.924745246389488
4176.8			0.9330483904751882
4177.7			0.909582611468987
4178.6			0.9278280492369008
4179.5			1.00112233224961
4180.4			1.0387553944301042
4181.3			0.9986641946355012
4182.2			1.0
4183.1			1.0
4184.0			1.0
4184.9			1.0
4185.8			1.0
4186.7			1.0
4187.6			1.0
4188.5			1.0
4189.4			1.0
4190.3			0.9766197411971462
4191.2			0.940299275847052
4192.1			0.9868827156923078
4193.0			1.0855407366801257
4193.9			1.1117601823044265
4194.8			1.0349729900268856
4195.7			0.9368883533471931
4196.6			0.8789997680242752
4197.5			0.845323161037085
4198.4			0.817668487721543
4199.3			0.8266551972847783
4200.2			0.8525009080093552
4201.1			0.8346349092810282
4202.0			0.8085504954069449
4202.9			0.8418769850461597
4203.8			0.8936273149236679
4204.7			0.9074393916408983
4205.6			0.9241084238145824
4206.5			0.9819250147007212
4207.4			1.0538126042898608
4208.3			1.088792360371707
4209.2			1.0565611911149642
4210.1			1.005039068634934
4211.0			1.0
4211.9			1.0153638223285837
4212.8			1.0053295963213578
4213.7			0.954335691615992
4214.6			0.8626676294514348
4215.5			0.7724797923684548
4216.4			0.7879544983558193
4217.3			0.896829114067704
4218.2			0.973675262880684
4219.1			0.9919597260130834
4220.0			1.0
4220.9			1.0
4221.8			0.974759972085371
4222.7			0.8898502503114828
4223.6			0.7943085090880887
4224.5			0.6902009743112992
4225.4			0.5343353052498436
4226.3			0.37495222616661544
4227.2			0.37345875862662586
4228.1			1.0
4229.0			1.3427913217473597
4229.9			1.453313096925288
4230.8			1.4527392262715388
4231.7			1.4128983440773066
4232.6			1.2906546651639246
4233.5			1.1763781623052258
4234.4			1.134182859138111
4235.3			1.0635649585432023
4236.2			0.950806612099033
4237.1			0.9108252518593977
4238.0			0.938285515296749
4238.9			0.943447866405875
4239.8			0.9242375530684603
4240.7			1.0
4241.6			1.0572275102091497
4242.5			1.0580666507787728
4243.4			1.0763699170978276
4244.3			1.1749084466500517
4245.2			1.2352671903537087
4246.1			1.1807685262705545
4247.0			1.082148039931773
4247.9			1.0082646098723829
4248.8			0.9701867701797565
4249.7			0.9352030143217419
4250.6			0.9203852132449898
4251.5			0.9918182129226616
4252.4			1.0858273652200634
4253.3			1.0816262354824697
4254.2			0.9997349519180133
4255.1			1.0
4256.0			1.064695551769766
4256.9			1.1671330240187612
4257.8			1.1474624972045198
4258.7			1.002131835407856
4259.6			0.8619132818207043
4260.5			0.7890002511179965
4261.4			0.8077741323709229
4262.3			0.9071386639844476
4263.2			0.9949697156308801
4264.1			1.0
4265.0			1.021060383034954
4265.9			1.0448373625827454
4266.8			1.017813397279293
4267.7			0.9413304334033269
4268.6			0.900162686024247
4269.5			0.882429929294393
4270.4			0.7974167396035774
4271.3			0.6707243004136934
4272.2			0.6370203187622289
4273.1			0.707550658408608
4274.0			0.7429669561893022
4274.9			0.7430816787167808
4275.8			0.8251035125154674
4276.7			0.9628002967190503
4277.6			1.0597227835023215
4278.5			1.076536619947202
4279.4			0.9958983487872572
4280.3			1.0
4281.2			1.0
4282.1			1.0
4283.0			1.0
4283.9			1.0
4284.8			1.0
4285.7			1.0
4286.6			0.9836402353130419
4287.5			1.0170016752508195
4288.4			1.0
4289.3			0.8736954302118736
4290.2			0.7978186445096175
4291.1			0.8502884615954006
4292.0			0.9744797441408
4292.9			1.068243405715173
4293.8			1.0593502852937726
4294.7			0.9965746226924656
4295.6			0.968479665208271
4296.5			0.9449046331547722
4297.4			0.8782100429329054
4298.3			0.7731802134171081
4299.2			0.6531934466247534
4300.1			0.5956023623521631
4301.0			0.633740678247806
4301.9			0.6755699004111737
4302.8			0.6726223612753712
4303.7			0.6743859393216439
4304.6			0.6844346614341961
4305.5			0.6703199187671945
4306.4			0.6329749625835744
4307.3			0.5698349069003901
4308.2			0.5058845960708338
4309.1			0.5001332322511929
4310.0			0.5476262387886314
4310.9			0.6007730014672883
4311.8			0.6506035265203581
4312.7			0.7084471019250219
4313.6			0.7620397015032829
4314.5			0.8264518287795025
4315.4			0.9653885852268335
4316.3			1.1357328390143528
4317.2			1.2104872606424046
4318.1			1.189138307469789
4319.0			1.0
4319.9			0.9805714700128039
4320.8			0.945513413672791
4321.7			0.9078859773116466
4322.6			0.8441069580139419
4323.5			0.7325366414554032
4324.4			0.6177983912189481
4325.3			0.5508643224942784
4326.2			0.5971721081921066
4327.1			0.7723584984184918
4328.0			0.961230681281551
4328.9			1.0444458397787553
4329.8			1.0227563822456531
4330.7			0.9963373222999652
4331.6			1.0
4332.5			1.0
4333.4			1.0078101016890137
4334.3			1.0288421183925445
4335.2			1.0804658506730762
4336.1			1.0711952023970461
4337.0			0.9438156320647431
4337.9			0.8098933649481074
4338.8			0.748109207480533
4339.7			0.7009714278891562
4340.6			0.6857497284258619
4341.5			0.7819653834908894
4342.4			0.9151810723296842
4343.3			0.9614374028623602
4344.2			0.9750927280422373
4345.1			1.0305310029939507
4346.0			1.0
4346.9			0.9535655249290436
4347.8			0.9528161492208822
4348.7			1.0291956257277346
4349.6			1.0602587486605246
4350.5			0.9472313111958446
4351.4			0.7779778048457013
4352.3			0.7233571078297595
4353.2			0.8070213308543963
4354.1			0.8914757371610978
4355.0			0.9073534676658521
4355.9			0.9338580948636444
4356.8			0.9947499942928815
4357.7			0.9996947098681461
4358.6			1.0
4359.5			1.0
4360.4			1.0
4361.3			1.0
4362.2			1.0
4363.1			1.0
4364.0			1.0
4364.9			1.0
4365.8			1.0
4366.7			1.0
4367.6			1.0
4368.5			1.0
4369.4			1.0
4370.3			1.0093347300253566
4371.2			1.0028257167864438
4372.1			0.9920308799146278
4373.0			0.9406581928389673
4373.9			0.8519700334686593
4374.8			0.7864402970707665
4375.7			0.8026307712757499
4376.6			0.8980350519207724
4377.5			1.0
4378.4			1.0451822802982194
4379.3			1.0312880838404386
4380.2			1.0102670646477345
4381.1			0.9974562378184778
4382.0			0.9097023965358901
4382.9			0.7002685717780021
4383.8			0.5351077882085028
4384.7			0.5908575819079784
4385.6			0.8097647609099139
4386.5			0.9965622800674901
4387.4			1.0491049453323367
4388.3			1.030440731346781
4389.2			0.9987931338465006
4390.1			1.0
4391.0			1.0
4391.9			1.0
4392.8			1.0
4393.7			1.0
4394.6			1.0
4395.5			1.0
4396.4			1.0
4397.3			1.0
4398.2			1.0
4399.1			0.9257857392435749
4400.0			0.8444723047299867
4400.9			0.8280766892851479
4401.8			0.9077705557824305
4402.7			0.9581599006488185
4403.6			0.8500116519715023
4404.5			0.6893183285114163
4405.4			0.6737681922241472
4406.3			0.7757210496620234
4407.2			0.8132889834980807
4408.1			0.7680826658574293
4409.0			0.7736581307233347
4409.9			0.8713232343630466
4410.8			1.0
4411.7			1.036923751182885
4412.6			1.0468027301276497
4413.5			1.0127575195052783
4414.4			0.9030372678189188
4415.3			0.8085065691878563
4416.2			0.8195888613596896
4417.1			0.8856655331772866
4418.0			0.9459953529707424
4418.9			1.0012655194711892
4419.8			1.0
4420.7			1.0
4421.6			1.0
4422.5			1.0
4423.4			1.0
4424.3			1.0
4425.2			1.0
4426.1			1.0
4427.0			1.0
4427.9			1.0
4428.8			1.0
4429.7			1.0
4430.6			1.0
4431.5			1.036244142535488
4432.4			1.0656879276022282
4433.3			1.0029306922328631
4434.2			0.886838004109327
4435.1			0.8043728602394051
4436.0			0.8151156112635692
4436.9			0.8967147669143016
4437.8			0.97555787557966
4438.7			1.0112679323508096
4439.6			1.0
4440.5			1.0
4441.4			1.0
4442.3			1.0
4443.2			0.980443955723088
4444.1			1.0334863955579732
4445.0			1.1357900423599556
4445.9			1.2033875269429537
4446.8			1.1929079243347598
4447.7			1.1746978231412675
4448.6			1.180913238620969
4449.5			1.150774806105151
4450.4			1.106478431286713
4451.3			1.1115435234809539
4452.2			1.12995014513669
4453.1			1.1010680680367055
4454.0			1.0245298546420842
4454.9			0.9514623709169817
4455.8			0.9473464318121889
4456.7			0.9892294524075466
4457.6			1.004804686386387
4458.5			0.9824053834545905
4459.4			0.9529892584374602
4460.3			0.9254512273149402
4461.2			0.8841139491169854
4462.1			0.8788013821555808
4463.0			0.9604578906143789
4463.9			1.0480159177536932
4464.8			1.0683969724751066
4465.7			1.0622268771382724
4466.6			1.0635015180252123
4467.5			1.0589396178062225
4468.4			1.0229632226169965
4469.3			0.9835822624770432
4470.2			0.9900339386888906
4471.1			1.0265021211542575
4472.0			1.0713403399863957
4472.9			1.1277201285048533
4473.8			1.1712861000319348
4474.7			1.1717690395111977
4475.6			1.1684674435002709
4476.5			1.0
4477.4			1.0330303101756797
4478.3			1.0130184572443819
4479.2			0.9434182923310467
4480.1			0.8703991530083753
4481.0			0.8265725199707105
4481.9			0.8150371869220541
4482.8			0.8508437833513091
4483.7			0.9183379267052255
4484.6			0.9702550053545227
4485.5			0.9994343535727308
4486.4			1.001512780079997
4487.3			1.0
4488.2			1.0
4489.1			1.0
4490.0			0.9821703341365678
4490.9			1.0356865429405908
4491.8			1.0961320310730187
4492.7			1.099811433327627
4493.6			1.0325235686986975
4494.5			0.945820836779484
4495.4			0.8971782298209966
4496.3			0.8982290447275925
4497.2			0.9547438766833756
4498.1			1.0280211125345367
4499.0			1.062895904845492
4499.9			1.048580934263153
4500.8			0.9949477129421368
4501.7			1.0
4502.6			1.0
4503.5			1.0
4504.4			1.0
4505.3			1.0
4506.2			1.0
4507.1			1.0
4508.0			1.0
4508.9			1.0
4509.8			1.0
4510.7			1.0
4511.6			1.0
4512.5			1.0
4513.4			1.0
4514.3			1.0
4515.2			1.0
4516.1			1.0
4517.0			1.0
4517.9			1.0
4518.8			1.0
4519.7			1.0590002593439967
4520.6			1.112116822065681
4521.5			1.108756332624634
4522.4			1.0331271876294406
4523.3			0.9827050546309132
4524.2			0.9966096862716317
4525.1			0.9870314863933747
4526.0			0.9357077467976066
4526.9			0.8805961058149409
4527.8			0.8482296843117639
4528.7			0.8477659337224815
4529.6			0.8726748541653143
4530.5			0.9034536810907398
4531.4			0.943494240552937
4532.3			0.9835543382414509
4533.2			0.9579297095113545
4534.1			0.8892656035496731
4535.0			0.8465869242437793
4535.9			0.8793785026257777
4536.8			1.0
4537.7			1.105152125931949
4538.6			1.104989624557431
4539.5			1.0522927093719863
4540.4			1.005957545392857
4541.3			1.0002587341632632
4542.2			1.037102254742647
4543.1			1.058518997974619
4544.0			1.0230345827993192
4544.9			0.9750449175183142
4545.8			0.9823947535083455
4546.7			1.0223222694262755
4547.6			1.035380287459399
4548.5			1.0054174707250647
4549.4			0.972934405048917
4550.3			1.001870863642462
4551.2			1.0510580408035117
4552.1			1.041315038610357
4553.0			1.0062523557046181
4553.9			0.9800953744459031
4554.8			0.9655453694458301
4555.7			0.9956310052445565
4556.6			1.068470832454367
4557.5			1.1325450196212716
4558.4			1.1480020142162544
4559.3			1.0
4560.2			0.9837491043214663
4561.1			0.9859070999338735
4562.0			0.9826228170147443
4562.9			0.9386830565162692
4563.8			0.8806502553690958
4564.7			0.8517115157275498
4565.6			0.8670324814955058
4566.5			0.9274905204116938
4567.4			0.9925070550037216
4568.3			1.0122270076061493
4569.2			0.999660864297309
4570.1			1.1028299407183024
4571.0			1.0
4571.9			0.9694724911801097
4572.8			1.0389766326101089
4573.7			1.0992640489992487
4574.6			1.0869987468902578
4575.5			1.0654709325639669
4576.4			1.0677416443451306
4577.3			1.0
4578.2			0.9709733309713288
4579.1			0.9128851258250603
4580.0			0.8565760928016821
4580.9			0.8500254612656541
4581.8			0.8941417875156848
4582.7			0.93161803433593
4583.6			0.9327625024771872
4584.5			0.9184663539849749
4585.4			0.8997291267392316
4586.3			0.8948278257197579
4587.2			0.9335270819396141
4588.1			0.9865758020141652
4589.0			1.0104294567228875
4589.9			0.9998739009922339
4590.8			0.965539520500007
4591.7			0.9278088267555578
4592.6			0.9063234717965775
4593.5			0.896584741884637
4594.4			0.8875400011861851
4595.3			0.8872706326077585
4596.2			0.8989174263829574
4597.1			0.9117273119733279
4598.0			0.9285727601148885
4598.9			0.9391513798999295
4599.8			0.9139568788103093
4600.7			0.883504048677981
4601.6			0.8944524807457911
4602.5			0.917631837911808
4603.4			0.9247557391575697
4604.3			0.9226064169993997
4605.2			0.9159646933083477
4606.1			0.9188237436131129
4607.0			0.9488533050194353
4607.9			0.999339317458715
4608.8			1.0356373983050393
4609.7			1.0315983655314582
4610.6			0.9996367813409845
4611.5			1.0
4612.4			1.0
4613.3			1.0
4614.2			1.0
4615.1			1.0
4616.0			1.0
4616.9			1.0
4617.8			1.0
4618.7			1.0
4619.6			1.0
4620.5			1.0
4621.4			1.0
4622.3			1.0
4623.2			1.0
4624.1			1.0
4625.0			1.0
4625.9			1.0
4626.8			1.0
4627.7			1.0
4628.6			1.0
4629.5			1.0
4630.4			1.0
4631.3			1.0
4632.2			1.0
4633.1			1.0
4634.0			1.0
4634.9			1.0
4635.8			1.0
4636.7			1.0
4637.6			1.0
4638.5			1.0
4639.4			0.984118722428134
4640.3			1.002596436718514
4641.2			1.0617307233140525
4642.1			1.1027255018167406
4643.0			1.0966905672047906
4643.9			1.071948557702802
4644.8			1.030864153686993
4645.7			0.964832553493303
4646.6			0.917281376020105
4647.5			0.9193420140418623
4648.4			0.954050054550083
4649.3			0.9963927819925606
4650.2			1.0289819905327233
4651.1			1.0396068778108014
4652.0			1.041419831460525
4652.9			1.0392202352843873
4653.8			0.999836672593577
4654.7			1.0
4655.6			1.0
4656.5			1.0
4657.4			1.055928742225076
4658.3			1.1369809501922172
4659.2			1.1916442727889158
4660.1			1.191203024910715
4661.0			1.1397071617237144
4661.9			1.065964045641289
4662.8			1.0080459171743232
4663.7			0.9974488182842519
4664.6			1.015830083341861
4665.5			0.9912583584705124
4666.4			0.9008220818538395
4667.3			0.8139623911974062
4668.2			0.8089857434448032
4669.1			0.8666571490095583
4670.0			0.9288590972684037
4670.9			0.9828216347386173
4671.8			1.0060119462617372
4672.7			0.9841202899093587
4673.6			0.9502145107965834
4674.5			0.9367941553690857
4675.4			1.0
4676.3			1.0467414203485734
4677.2			1.0566669224926004
4678.1			1.029307829740475
4679.0			0.9903655559963317
4679.9			0.9558751217353647
4680.8			0.9309553063853572
4681.7			0.9310549589965439
4682.6			0.9700894048819186
4683.5			1.0272528070413582
4684.4			1.0499360220284377
4685.3			1.0433240108157324
4686.2			1.0254970914439583
4687.1			1.0016979207831114
4688.0			1.0
4688.9			1.0
4689.8			1.0
4690.7			1.0
4691.6			1.0
4692.5			1.0
4693.4			1.0
4694.3			1.0
4695.2			1.0363677876442332
4696.1			1.052926178917631
4697.0			1.0161633393320473
4697.9			0.9399325164391468
4698.8			0.8944881958008205
4699.7			0.9184179264131382
4700.6			0.9483061921985886
4701.5			0.9460520677766427
4702.4			0.924831292285444
4703.3			0.9136035125275568
4704.2			0.9379180055606499
4705.1			0.9642315746380296
4706.0			0.959773722373978
4706.9			0.9298218519341597
4707.8			0.8986801604592585
4708.7			0.8797120988517826
4709.6			0.8829921090753985
4710.5			0.9344268780584446
4711.4			0.9981592597827773
4712.3			1.0156937684786427
4713.2			0.9884758586788953
4714.1			0.9404497870305228
4715.0			1.0
4715.9			1.0461785954984308
4716.8			1.0985284199438667
4717.7			1.1133763494668665
4718.6			1.113918294411723
4719.5			1.1199021613917028
4720.4			1.1190837626653394
4721.3			1.0998149502829868
4722.2			1.0707951374751883
4723.1			1.0682301676085701
4724.0			1.1039048507638685
4724.9			1.1356724048293305
4725.8			1.1150316518521375
4726.7			1.0316068255898068
4727.6			0.947955905968395
4728.5			0.9288760399826346
4729.4			0.9547695506665155
4730.3			0.9749181319838778
4731.2			0.9852181719632177
4732.1			1.0008357735250688
4733.0			1.015135941733269
4733.9			1.0299933525439515
4734.8			1.05469058856906
4735.7			1.0496070430603013
4736.6			1.012789888642951
4737.5			1.014320645161137
4738.4			1.0509901986575938
4739.3			1.0538866371855495
4740.2			1.0200273252493492
4741.1			0.9999723805717553
4742.0			1.0
4742.9			1.0
4743.8			1.0
4744.7			1.0
4745.6			1.0
4746.5			1.0
4747.4			1.0
4748.3			1.0
4749.2			1.0
4750.1			1.0
4751.0			1.0
4751.9			1.0
4752.8			1.0
4753.7			1.0
4754.6			1.0
4755.5			1.0
4756.4			1.0
4757.3			1.0
4758.2			0.9976548611098879
4759.1			1.0114870109036995
4760.0			1.0381687270375564
4760.9			1.0351034333255291
4761.8			0.9888738918462204
4762.7			0.953739142142952
4763.6			0.9523161342359461
4764.5			0.950554218726535
4765.4			0.9361567726859857
4766.3			0.9363142007545934
4767.2			0.9652468757298467
4768.1			1.00014434300691
4769.0			1.0356349309560302
4769.9			1.056706455230831
4770.8			1.0343038786178753
4771.7			0.9993098758680965
4772.6			1.0
4773.5			1.0396631965722745
4774.4			1.079337198759725
4775.3			1.0804752240124929
4776.2			1.0628061625479035
4777.1			1.0629639396008244
4778.0			1.064358041750953
4778.9			1.0443109034816402
4779.8			1.0232132507628962
4780.7			1.0170795613820236
4781.6			1.0084840012954326
4782.5			0.9886435385796314
4783.4			0.9840056503136849
4784.3			1.0059872159685794
4785.2			1.0049074637379392
4786.1			0.9685393728936009
4787.0			0.9638070358889339
4787.9			0.9854148073083338
4788.8			0.9797266352130308
4789.7			0.9707101188678111
4790.6			0.9877712484073883
4791.5			1.002546583525471
4792.4			1.0171932140320772
4793.3			1.0569409727109338
4794.2			1.0
4795.1			1.0068819267906304
4796.0			0.9897934895392653
4796.9			0.9653546950776541
4797.8			0.9338036499271084
4798.7			0.9032268961757126
4799.6			0.8994095975132547
4800.5			0.9305789402872191
4801.4			0.9804887929414237
4802.3			1.0188891649586527
4803.2			1.0243691792604221
4804.1			0.9993216956260841
4805.0			1.0
4805.9			1.0
4806.8			1.0
4807.7			1.0
4808.6			1.0
4809.5			1.0
4810.4			1.0
4811.3			1.0
4812.2			1.0
4813.1			1.0
4814.0			1.0
4814.9			1.0
4815.8			1.0
4816.7			1.0
4817.6			1.0
4818.5			1.0
4819.4			1.0
4820.3			1.0
4821.2			1.0
4822.1			1.0
4823.0			1.0
4823.9			1.0
4824.8			1.035022929944746
4825.7			1.077250137608795
4826.6			1.0822990295648995
4827.5			1.057661202258995
4828.4			1.0374558951507533
4829.3			1.0427887657390709
4830.2			1.0474018786332142
4831.1			1.0133613558688561
4832.0			0.9839514968453295
4832.9			1.012216830818819
4833.8			1.0600157519098754
4834.7			1.075254849389864
4835.6			1.065210986229594
4836.5			1.064084934673833
4837.4			1.0674198498543868
4838.3			1.0418142813448075
4839.2			0.9999189514028458
4840.1			1.0
4841.0			1.0
4841.9			1.0
4842.8			1.0
4843.7			1.0
4844.6			1.0
4845.5			1.0
4846.4			1.0
4847.3			1.0
4848.2			1.0
4849.1			1.0
4850.0			1.0
4850.9			1.0
4851.8			1.0
4852.7			1.0
4853.6			1.0
4854.5			0.9435824261475196
4855.4			0.9088649326637777
4856.3			0.9497500945258838
4857.2			1.0101476922274069
4858.1			1.0168031046552761
4859.0			0.9546559121536797
4859.9			0.8363166954941402
4860.8			0.7224734388446885
4861.7			0.7371246188599413
4862.6			0.8582126016855908
4863.5			0.9315024711365547
4864.4			0.948828737317668
4865.3			0.9749961806143005
4866.2			1.001111504483612
4867.1			1.0012603832896867
4868.0			1.0
4868.9			1.0098317872691789
4869.8			0.9891472476434574
4870.7			0.9240418122185476
4871.6			0.8928603668870392
4872.5			0.9347153808369691
4873.4			0.9880997825795197
4874.3			0.9998445527786805
4875.2			1.0
4876.1			1.0
4877.0			1.0
4877.9			1.0
4878.8			1.0338145946567339
4879.7			1.046530021649017
4880.6			0.9943599482293011
4881.5			0.9441723801042328
4882.4			0.95871417039254
4883.3			0.987429924305397
4884.2			0.9677830170361573
4885.1			0.9205465544141331
4886.0			0.9005075521481549
4886.9			0.9190580911452528
4887.8			0.9372914305541308
4888.7			0.937719650628966
4889.6			0.9181595184680145
4890.5			0.8764212952233184
4891.4			0.8791554553022863
4892.3			0.9520585363116271
4893.2			1.025628683757068
4894.1			1.069080092873921
4895.0			1.090238279222628
4895.9			1.0923972310828622
4896.8			1.088686020366135
4897.7			1.0792231924665379
4898.6			1.0391688146133027
4899.5			0.9860731794949976
4900.4			0.9808174764427862
4901.3			1.0076698971487819
4902.2			0.9998435572343889
4903.1			1.0
4904.0			0.9966911274459068
4904.9			1.0350074877576856
4905.8			1.0722898856092309
4906.7			1.0630473788447068
4907.6			1.0195271933612884
4908.5			0.9726134625915974
4909.4			0.9279571792134474
4910.3			1.0
4911.2			1.0149608985224021
4912.1			1.0446570367167736
4913.0			1.0561564926715339
4913.9			1.0658078158653848
4914.8			1.0915480570707228
4915.7			1.1072992342825787
4916.6			1.0821879764370628
4917.5			1.0091360556193334
4918.4			0.9133344508988706
4919.3			0.8389124645624724
4920.2			0.8152717802580466
4921.1			0.8566470933443757
4922.0			0.9278664327562414
4922.9			0.9589419893957555
4923.8			0.9336094568853874
4924.7			0.9059322417479295
4925.6			0.9278665282676799
4926.5			0.966586190840054
4927.4			0.9763048712087702
4928.3			0.9847970594694868
4929.2			1.0
4930.1			1.0063721610546963
4931.0			1.01017306463382
4931.9			0.9951042261261096
4932.8			0.9348172886881243
4933.7			0.8897321131730145
4934.6			0.9209428895480262
4935.5			0.9628259476257014
4936.4			0.9481564069498303
4937.3			0.8887669336784191
4938.2			0.8364936255956544
4939.1			0.8461437938011338
4940.0			0.9165513103857539
4940.9			0.9806400821993224
4941.8			0.9990753238959096
4942.7			1.0105504912399093
4943.6			1.0310081306782635
4944.5			1.0255103066655937
4945.4			0.9985870207403248
4946.3			1.0008832305026611
4947.2			1.0
4948.1			1.0
4949.0			1.0
4949.9			1.0
4950.8			1.0
4951.7			1.0
4952.6			1.0
4953.5			1.0
4954.4			1.01289929424409
4955.3			1.0034914123033574
4956.2			0.9265666219607428
4957.1			1.0
4958.0			0.992728213332616
4958.9			1.106991392178443
4959.8			1.1872809631330759
4960.7			1.185449738551839
4961.6			1.1516248952800734
4962.5			1.1370506097081536
4963.4			1.119640846010398
4964.3			1.0640229032061477
4965.2			1.004382992579666
4966.1			0.9819695004871439
4967.0			0.9791084333673359
4967.9			0.9700472803231135
4968.8			0.9670401916964237
4969.7			0.9670151097235528
4970.6			0.9670407332882504
4971.5			0.979926340499401
4972.4			0.9895499576170246
4973.3			0.9932992843984094
4974.2			0.9935403004084572
4975.1			1.0
4976.0			1.0
4976.9			0.9796874309927278
4977.8			0.9504009997551234
4978.7			0.939942302301961
4979.6			0.9524912998334718
4980.5			0.944392671071303
4981.4			0.8934203664633105
4982.3			0.845909145539881
4983.2			0.8509584079913677
4984.1			0.8840551238203943
4985.0			0.9081293782417753
4985.9			0.9370394560171824
4986.8			0.9790517974732095
4987.7			0.9989962168162454
4988.6			1.0
4989.5			1.0
4990.4			1.0
4991.3			1.0
4992.2			1.0
4993.1			1.0
4994.0			0.9894564544843111
4994.9			1.009416917756957
4995.8			1.009275523729948
4996.7			0.9867853868999775
4997.6			0.9769709695925164
4998.5			0.9547714693763992
4999.4			0.9178788606911389
5000.3			0.9081431910097042
5001.2			0.9243830575722443
5002.1			0.9392521639396539
5003.0			0.9452500294918589
5003.9			0.9378863514115159
5004.8			0.9081805301867794
5005.7			0.8709322286330431
5006.6			0.8764286463157036
5007.5			0.932973778434271
5008.4			0.977976389224352
5009.3			0.9726380080076273
5010.2			0.9517025186227112
5011.1			0.9187075739987468
5012.0			0.8618743846150365
5012.9			0.8182447417059903
5013.8			0.8027568127917254
5014.7			0.8289618934384407
5015.6			0.8794915528353181
5016.5			0.902647256278334
5017.4			0.8957435225208138
5018.3			0.8947619067448601
5019.2			0.9106935510652624
5020.1			0.9172367925833257
5021.0			0.8964896371684847
5021.9			0.8636588334094455
5022.8			0.8686903391120819
5023.7			0.9077911705215436
5024.6			0.9243421382451751
5025.5			0.920963419681558
5026.4			0.9025278728284482
5027.3			0.8755433679051265
5028.2			0.8914051849801327
5029.1			0.9332388758276431
5030.0			0.9514189720321662
5030.9			0.9588347132935574
5031.8			1.0
5032.7			1.0323222320647545
5033.6			1.0357308771275193
5034.5			0.9884982668562512
5035.4			0.9197762795503097
5036.3			0.9060784114472835
5037.2			0.9431806290193689
5038.1			0.9433857350633693
5039.0			0.8871130838746125
5039.9			0.8078084485986389
5040.8			0.760423912799097
5041.7			0.8197528775900202
5042.6			1.0
5043.5			1.0635713630107047
5044.4			1.0918953711520825
5045.3			1.1189643474054587
5046.2			1.1258800014460117
5047.1			1.0821213510275347
5048.0			0.9993682957278032
5048.9			0.9401237317227414
5049.8			0.9300307316069019
5050.7			0.9335979711741366
5051.6			0.9316633092414056
5052.5			0.9489127476697267
5053.4			0.9798572767905692
5054.3			1.0013403924568194
5055.2			1.0057053989032363
5056.1			0.9926410196508699
5057.0			1.0
5057.9			1.0
5058.8			1.0
5059.7			0.9999400421391378
5060.6			1.0185956412495945
5061.5			1.0352684717850726
5062.4			1.0255587199555722
5063.3			0.9748292556569338
5064.2			0.9023608130456295
5065.1			0.882475664117221
5066.0			0.926213879480937
5066.9			0.9561796665636423
5067.8			0.9501547365039067
5068.7			0.9552037042697978
5069.6			0.9878511902394997
5070.5			1.0
5071.4			0.9652160380513873
5072.3			0.9477348906674717
5073.2			0.9854396815899946
5074.1			1.0193600614612441
5075.0			1.0083835861165351
5075.9			0.9915421477362597
5076.8			1.0028656204321622
5077.7			0.9970572327426676
5078.6			0.9232066614946987
5079.5			0.8477453207772847
5080.4			0.8541085158813695
5081.3			0.903191201646606
5082.2			0.9250847169525759
5083.1			0.926083888954117
5084.0			0.9479550266600223
5084.9			0.9852354555499864
5085.8			1.0078056761728607
5086.7			1.0055698939003543
5087.6			1.000137839456045
5088.5			1.0
5089.4			1.0
5090.3			1.0
5091.2			1.0
5092.1			1.0
5093.0			1.0
5093.9			1.002163031192968
5094.8			0.979722757969928
5095.7			0.9574493253117475
5096.6			0.9434026319576388
5097.5			0.9199292907461382
5098.4			0.8833109167907262
5099.3			0.8863591645665466
5100.2			0.9465195618314236
5101.1			1.0052917007345896
5102.0			1.0223807002310341
5102.9			1.0096978626062165
5103.8			0.9958316287298774
5104.7			0.9937123457877672
5105.6			1.0
5106.5			1.0
5107.4			1.0
5108.3			1.0
5109.2			1.0
5110.1			1.0
5111.0			1.0215537756863335
5111.9			1.0475833334749278
5112.8			1.0534276806251222
5113.7			1.0674376329875315
5114.6			1.0837963199634617
5115.5			1.0861156737946764
5116.4			1.0968593339793127
5117.3			1.1157824053064505
5118.2			1.1147086875998162
5119.1			1.0912323816240168
5120.0			1.058687709776325
5120.9			1.028634812217022
5121.8			0.9922389324823966
5122.7			0.9332382466426615
5123.6			1.0
5124.5			1.0142983333905695
5125.4			1.054947480585836
5126.3			1.0659202356499786
5127.2			1.050994805737557
5128.1			1.0357108648466913
5129.0			1.0183300633798322
5129.9			1.0189854940960432
5130.8			1.0519040866640672
5131.7			1.083268411743343
5132.6			1.0913408506825832
5133.5			1.0909258049524841
5134.4			1.105641808110753
5135.3			1.110580182881882
5136.2			1.0780102748275533
5137.1			1.0359536328270598
5138.0			0.9997368364399956
5138.9			0.9726832762511068
5139.8			0.9951930461430413
5140.7			1.0214762224723335
5141.6			0.9756027909890596
5142.5			0.9238654874618837
5143.4			0.9460631655761469
5144.3			0.9794199090818507
5145.2			0.9664783604194529
5146.1			0.9415052400181699
5147.0			0.9338169313220042
5147.9			0.9483017449406501
5148.8			0.9675501853619941
5149.7			0.9552113387746829
5150.6			0.918279228492574
5151.5			0.8908179070575298
5152.4			0.8823237962150007
5153.3			0.884892983325563
5154.2			0.9020280643945758
5155.1			0.9401310927427418
5156.0			0.9810601872290159
5156.9			1.0101665386416097
5157.8			1.0193768930917366
5158.7			1.0079569613408992
5159.6			1.0016906132617953
5160.5			1.0
5161.4			1.001365323941192
5162.3			0.9908402950766171
5163.2			0.9989225295217117
5164.1			0.9902240559743308
5165.0			0.9190939625964235
5165.9			0.8039806876825646
5166.8			0.7079177239354516
5167.7			0.709570959160664
5168.6			0.830481996740421
5169.5			0.9783378754939318
5170.4			1.004252698852179
5171.3			0.8646659191994058
5172.2			0.7238419246764171
5173.1			0.7786524505382326
5174.0			1.0037496294277461
5174.9			1.2049618624743155
5175.8			1.2959053363920365
5176.7			1.3439997355748161
5177.6			1.3959756497510603
5178.5			1.0
5179.4			0.981691101426069
5180.3			0.9493319669647011
5181.2			0.8752579260908024
5182.1			0.7327173834852022
5183.0			0.593616026106882
5183.9			0.6023831018071606
5184.8			0.7636401244714939
5185.7			1.0
5186.6			1.0747078661420717
5187.5			1.0718403217719525
5188.4			1.0606013239399399
5189.3			1.081560874173379
5190.2			1.0761495311579836
5191.1			0.9909943402555603
5192.0			0.9045815749792794
5192.9			0.9043269324063367
5193.8			0.9441701348992286
5194.7			0.9532064222666461
5195.6			0.956345726125969
5196.5			0.9796027725983504
5197.4			1.000201333103257
5198.3			1.0
5199.2			1.0
5200.1			1.005233696624782
5201.0			0.9953646757370086
5201.9			0.9818152788024506
5202.8			0.9695862780891564
5203.7			0.9346942008096698
5204.6			0.8784378045551865
5205.5			0.851169072414779
5206.4			0.8579966456803753
5207.3			0.8463391785528922
5208.2			0.8155249722278728
5209.1			0.8219704348829378
5210.0			0.8673676091048566
5210.9			0.9342632767108547
5211.8			1.010110076568228
5212.7			1.069325765643847
5213.6			1.088185804758083
5214.5			1.0596387527130071
5215.4			1.0173982224061626
5216.3			1.0027165406664933
5217.2			1.0
5218.1			1.0
5219.0			1.0
5219.9			1.0
5220.8			1.0117032982342675
5221.7			1.0064087252756104
5222.6			0.9710056794850727
5223.5			0.9158396492977536
5224.4			0.860071238129904
5225.3			0.8145160427121676
5226.2			0.7852203740288882
5227.1			0.8130322378318391
5228.0			0.9016989157934583
5228.9			0.9707769358289439
5229.8			0.9947255260526762
5230.7			1.008762204149245
5231.6			0.9998805505221451
5232.5			1.0
5233.4			1.0
5234.3			1.0
5235.2			1.0
5236.1			1.0
5237.0			1.0
5237.9			1.0
5238.8			1.0
5239.7			1.0070794275816635
5240.6			1.027022332381294
5241.5			1.0340150193616582
5242.4			1.0286746343807307
5243.3			1.0349444052860264
5244.2			1.0533542691078648
5245.1			1.0385402446531187
5246.0			0.9663034844491625
5246.9			0.9035344991038312
5247.8			0.9155500905048409
5248.7			0.9494761313306844
5249.6			0.9347452397869893
5250.5			0.9090486103960492
5251.4			0.9268569057106371
5252.3			0.9680283534033755
5253.2			0.9886666287517806
5254.1			0.9683145036701875
5255.0			0.951981300675355
5255.9			0.9962587932534768
5256.8			1.0692647823384924
5257.7			1.0
5258.6			1.0025867973197158
5259.5			0.9848021626226647
5260.4			0.9505048785942792
5261.3			0.8996096273057257
5262.2			0.8479822998450091
5263.1			0.8101666461909947
5264.0			0.7824015694841336
5264.9			0.7587455624241506
5265.8			0.7663413207270401
5266.7			0.8312034028225672
5267.6			0.8679079485582268
5268.5			0.7917825313238402
5269.4			0.7024062799485685
5270.3			0.742684564974121
5271.2			0.8658742889338893
5272.1			0.935812938587197
5273.0			0.9388702160792285
5273.9			0.9276925014152814
5274.8			0.9128550218768643
5275.7			0.9221690710634874
5276.6			1.0
5277.5			1.057709270503275
5278.4			1.0691690462553256
5279.3			1.0381044404408242
5280.2			0.9910796184629784
5281.1			0.9503697228753012
5282.0			0.9190546853016832
5282.9			0.8944768761968889
5283.8			0.8983056128789372
5284.7			0.9507954762334903
5285.6			1.0125361853538188
5286.5			1.034399526162616
5287.4			1.017167204218246
5288.3			0.9974202412204337
5289.2			1.0
5290.1			1.0171572953431531
5291.0			1.02062422829774
5291.9			1.003994152518121
5292.8			0.9832561205661834
5293.7			0.9753449893268379
5294.6			0.9654024419626991
5295.5			0.9250040468936116
5296.4			0.8562357542790333
5297.3			0.8007201335226655
5298.2			0.8099550660164039
5299.1			0.8672885887154053
5300.0			0.8990062442291259
5300.9			0.8944441447278549
5301.8			0.9001454377871921
5302.7			0.933390726492951
5303.6			0.9755177431012334
5304.5			1.0007504664516156
5305.4			1.0
5306.3			1.0
5307.2			1.0
5308.1			1.0
5309.0			1.0
5309.9			1.0
5310.8			1.0
5311.7			1.0
5312.6			1.0
5313.5			1.0
5314.4			1.0
5315.3			1.0
5316.2			1.0
5317.1			1.0
5318.0			1.0
5318.9			1.0
5319.8			0.9959019332224358
5320.7			0.9919896466325309
5321.6			0.9880077699101213
5322.5			0.9739973892278158
5323.4			0.9483364280378196
5324.3			0.9392954825328622
5325.2			0.9558124520657313
5326.1			0.9376603288220687
5327.0			0.8379475595018575
5327.9			0.7382710269293449
5328.8			0.7568875430573202
5329.7			0.8645592769059367
5330.6			0.9448886433871491
5331.5			0.9552628937642581
5332.4			0.9402327811295714
5333.3			0.9549089908844847
5334.2			0.9934406604175894
5335.1			1.0120605870800494
5336.0			1.0
5336.9			0.9876263570986524
5337.8			0.9882197432704037
5338.7			0.9701578323387988
5339.6			0.9184614471699414
5340.5			0.8842434158353402
5341.4			0.910373333113773
5342.3			0.9627772921848552
5343.2			0.9968006608479059
5344.1			0.9997830668772169
5345.0			1.0
5345.9			1.0
5346.8			1.0
5347.7			1.0
5348.6			1.0
5349.5			1.0
5350.4			1.0
5351.3			1.0
5352.2			1.0
5353.1			1.0
5354.0			1.0
5354.9			1.0
5355.8			1.0
5356.7			1.0
5357.6			1.0
5358.5			1.0
5359.4			1.0
5360.3			1.0
5361.2			1.0
5362.1			0.9856369235628649
5363.0			0.9873188971839489
5363.9			0.9802539982242031
5364.8			0.9659735978929717
5365.7			0.9664189349937271
5366.6			0.9762742153847727
5367.5			0.9824285207430207
5368.4			0.9691075335814836
5369.3			0.9231681654366104
5370.2			0.8665018705268419
5371.1			0.8497393223840706
5372.0			0.8999480436431349
5372.9			0.9769464757728671
5373.8			1.0266214620982104
5374.7			1.0447073144107384
5375.6			1.0407615391820995
5376.5			1.0273701650327582
5377.4			1.0239312964078389
5378.3			1.026062190821314
5379.2			1.0149115268955566
5380.1			0.9999184221355208
5381.0			1.0
5381.9			0.9993620783881025
5382.8			0.9938381431793288
5383.7			0.9978978555068367
5384.6			1.0145126001557963
5385.5			1.025900723814403
5386.4			1.0270088940398325
5387.3			1.0203393983976896
5388.2			1.0011822141520443
5389.1			0.9753712291541677
5390.0			0.9625508273126109
5390.9			0.9651410693586484
5391.8			0.9704206767236474
5392.7			0.9699465453530357
5393.6			0.9642193606851984
5394.5			0.958012653447145
5395.4			0.9354278173516951
5396.3			0.8919264806857204
5397.2			0.8886576209217195
5398.1			0.9496273805723823
5399.0			1.0021310325504535
5399.9			1.0060441762518477
5400.8			1.0033968616652322
5401.7			1.0188043550541104
5402.6			1.0138555232055517
5403.5			0.9647166888172137
5404.4			0.9031045623409163
5405.3			0.8724188399861394
5406.2			0.8950782776304892
5407.1			0.9479210713735666
5408.0			0.9731070979806875
5408.9			0.9524950065961477
5409.8			0.9389659048584318
5410.7			0.9732428031137421
5411.6			1.029633380659163
5412.5			1.0681813522341947
5413.4			1.0751056689744078
5414.3			1.0630281382304794
5415.2			1.0607491250160326
5416.1			1.0785902518752686
5417.0			1.0926018830104554
5417.9			1.086032428074406
5418.8			1.0631795181670942
5419.7			1.0
5420.6			0.9950819529057336
5421.5			1.0170884229143726
5422.4			1.0260526627803104
5423.3			0.9958869553246176
5424.2			0.966539137823324
5425.1			0.9771298453016127
5426.0			1.0112310970909753
5426.9			1.0336676057338017
5427.8			1.0027183251807443
5428.7			0.9213873895780775
5429.6			0.8804220441741915
5430.5			0.9167045638580208
5431.4			0.9496179278948327
5432.3			0.9349675635101853
5433.2			0.904336013138249
5434.1			0.8827215296176838
5435.0			0.8777801739106641
5435.9			0.8894595421621063
5436.8			0.921206796887997
5437.7			0.9664728534591385
5438.6			1.0007189955564357
5439.5			1.0
5440.4			1.0
5441.3			1.0
5442.2			1.0
5443.1			0.9963290949000115
5444.0			0.9714030827335867
5444.9			0.9195317727234096
5445.8			0.8552959400639775
5446.7			0.8320240100661127
5447.6			0.880410223041115
5448.5			0.9491995627713591
5449.4			0.9895400677894133
5450.3			0.9999609204860417
5451.2			1.0
5452.1			0.988733499563113
5453.0			0.9688672100886776
5453.9			0.9295045222976129
5454.8			0.8812873577342485
5455.7			0.8778001052258243
5456.6			0.9323582383749889
5457.5			0.9904928222883047
5458.4			1.0119909653732697
5459.3			0.9998205196924166
5460.2			1.0
5461.1			1.0
5462.0			1.0
5462.9			1.0
5463.8			1.0
5464.7			1.0
5465.6			1.0
5466.5			1.0
5467.4			1.0055612734864379
5468.3			1.0056045874225792
5469.2			0.9846040502638809
5470.1			0.9617499980284279
5471.0			0.96178429686049
5471.9			0.965870184242835
5472.8			0.9506340134923364
5473.7			0.9386610177764679
5474.6			0.9349030591607972
5475.5			0.8995029262975441
5476.4			0.8562868161833729
5477.3			0.8749917086380773
5478.2			0.9413419659855868
5479.1			0.9790945719118143
5480.0			0.9498681771585504
5480.9			0.8973522647907798
5481.8			0.8816357509276938
5482.7			0.9040670600216081
5483.6			0.945203796249701
5484.5			0.9867663295094952
5485.4			1.0009122441183038
5486.3			1.0
5487.2			1.0
5488.1			1.0
5489.0			1.0
5489.9			1.0
5490.8			1.0
5491.7			1.0
5492.6			1.0
5493.5			1.0
5494.4			1.0
5495.3			1.0
5496.2			1.0
5497.1			1.0
5498.0			1.0
5498.9			1.0
5499.8			1.0
5500.7			1.0
5501.6			1.0
5502.5			1.0
5503.4			1.0
5504.3			1.0
5505.2			1.0
5506.1			1.0
5507.0			1.0083079706622644
5507.9			1.0447822982452803
5508.8			1.0541673318429814
5509.7			1.0355613279900753
5510.6			1.003238041838761
5511.5			0.9584526370396919
5512.4			0.923223226970333
5513.3			0.9157453304085083
5514.2			0.9277668938069864
5515.1			0.9471108263989225
5516.0			0.9613525031669101
5516.9			0.974451704384485
5517.8			0.9942972874263586
5518.7			1.0066118258497239
5519.6			1.0008893068024454
5520.5			1.0
5521.4			1.0
5522.3			0.9964513879368825
5523.2			0.9992285999908105
5524.1			1.0009522918831268
5525.0			0.991699397395102
5525.9			0.9725882579471442
5526.8			0.9422437155667647
5527.7			0.9159551494990695
5528.6			0.9248219708193969
5529.5			0.9637602543789607
5530.4			0.9958879147719205
5531.3			1.0051538894687324
5532.2			1.0023563447986916
5533.1			0.9981481742683539
5534.0			1.0
5534.9			1.0
5535.8			1.0
5536.7			1.0
5537.6			1.0
5538.5			1.0
5539.4			1.0
5540.3			1.0
5541.2			1.0
5542.1			1.0
5543.0			1.0
5543.9			1.0
5544.8			1.0
5545.7			1.0
5546.6			1.0
5547.5			1.0
5548.4			1.0
5549.3			1.0
5550.200000000001			1.0
5551.1			1.0
5552.0			1.0
5552.9			1.0
5553.8			1.0
5554.700000000001			1.0
5555.6			1.0
5556.5			1.0
5557.4			1.0
5558.3			1.0
5559.200000000001			1.0
5560.1			1.0
5561.0			1.0
5561.9			1.0
5562.8			1.0
5563.700000000001			1.0
5564.6			1.0
5565.5			1.0
5566.4			1.0
5567.3			1.0
5568.200000000001			1.0
5569.1			1.0
5570.0			1.0
5570.9			1.0
5571.8			1.0
5572.700000000001			1.0
5573.6			1.0
5574.5			1.0
5575.4			1.0
5576.3			0.9921283686209126
5577.200000000001			0.9959586404335761
5578.1			0.9958951696430166
5579.0			1.0006121154232028
5579.9			1.0116956604657084
5580.8			1.0075203541691053
5581.700000000001			0.996027517694041
5582.6			0.9994085347192543
5583.5			1.0071395468078537
5584.4			1.0001527968842723
5585.3			0.977871556880114
5586.200000000001			0.9456284493520066
5587.1			0.9162043626584822
5588.0			0.9065757023290865
5588.9			0.9164826937037704
5589.8			0.9361732893984082
5590.700000000001			0.959456678204911
5591.6			0.9722459543862497
5592.5			0.9726293527086228
5593.4			0.9702237990060985
5594.3			0.9776040495585571
5595.200000000001			1.0
5596.1			1.030578855360186
5597.0			1.016131935280067
5597.9			0.9733848441134685
5598.8			0.9532564425103571
5599.700000000001			0.9556027013731991
5600.6			0.9457023171828249
5601.5			0.9193268218878093
5602.4			0.9004824696998062
5603.3			0.9190156599579715
5604.200000000001			0.9619518764093176
5605.1			0.9947332989601781
5606.0			1.0094160822488198
5606.9			1.0
5607.8			1.0017441921089556
5608.700000000001			1.00082074373784
5609.6			0.995648435898919
5610.5			0.994794613573316
5611.4			1.0026986615006903
5612.3			1.010725005724837
5613.200000000001			1.00034501247876
5614.1			0.9497413545810048
5615.0			0.8914471954051251
5615.9			0.8943825588150922
5616.8			0.9430943652078622
5617.700000000001			0.9736779770790341
5618.6			0.972645650556127
5619.5			0.9661629105740103
5620.4			0.9757969847570576
5621.3			0.9960401449639003
5622.200000000001			1.000785882552087
5623.1			1.0
5624.0			1.0
5624.9			1.0
5625.8			1.0
5626.700000000001			1.0
5627.6			1.0
5628.5			1.0
5629.4			1.0
5630.3			1.0
5631.200000000001			1.0
5632.1			1.0
5633.0			1.0
5633.9			1.0
5634.8			1.0
5635.700000000001			1.0
5636.6			1.0
5637.5			1.0
5638.4			1.0
5639.3			1.0
5640.200000000001			1.0
5641.1			1.0
5642.0			1.0
5642.9			1.0
5643.8			1.0
5644.700000000001			1.0
5645.6			1.0
5646.5			1.0
5647.4			1.0
5648.3			1.0
5649.200000000001			1.0
5650.1			1.002250389414144
5651.0			1.0147698585072191
5651.9			1.029501009729101
5652.8			1.0337257391678762
5653.700000000001			1.0216966775457532
5654.6			1.0015274622088328
5655.5			0.9950328684806278
5656.4			0.9831128670917216
5657.3			0.9260727646695097
5658.200000000001			0.8717333562867187
5659.1			0.8945973618460661
5660.0			0.956407003293166
5660.9			0.9802105339253936
5661.8			0.9584251024029059
5662.700000000001			0.9464301787914761
5663.6			0.9733073631264417
5664.5			1.0090301124541192
5665.4			1.0199895806981092
5666.3			1.0007201629983276
5667.200000000001			1.0
5668.1			1.0
5669.0			1.0
5669.9			1.0
5670.8			1.0
5671.700000000001			1.0
5672.6			1.0
5673.5			1.0
5674.4			1.0
5675.3			1.0
5676.200000000001			1.0
5677.1			1.0
5678.0			1.0
5678.9			1.0
5679.8			1.0
5680.700000000001			1.0
5681.6			1.0
5682.5			1.0
5683.4			1.0
5684.3			1.0
5685.200000000001			1.0
5686.1			1.0
5687.0			1.0
5687.9			1.0
5688.8			1.0
5689.700000000001			1.0
5690.6			1.0
5691.5			1.0
5692.4			1.0
5693.3			0.9954933336912384
5694.200000000001			0.9887802454300362
5695.1			0.988905529124548
5696.0			0.9931397085419553
5696.9			0.9878135477158185
5697.8			0.9639268867576408
5698.700000000001			0.9483143581435871
5699.6			0.9485274242386816
5700.5			0.9382797168062172
5701.4			0.9246963663086261
5702.3			0.9268241871391398
5703.200000000001			0.9441879270033808
5704.1			0.9634532073146521
5705.0			0.9610398792277969
5705.9			0.9386540135109323
5706.8			0.9159528219186024
5707.700000000001			0.893554859306311
5708.6			0.8713833078374683
5709.5			0.8668439960314834
5710.4			0.8780793600600129
5711.3			0.8783735915797392
5712.200000000001			0.8998194978603204
5713.1			0.9501954886592712
5714.0			0.9775470791778472
5714.9			0.977230729126185
5715.8			0.9767962649141507
5716.700000000001			0.9769624593575157
5717.6			0.9814055727269425
5718.5			0.9996746967088466
5719.4			1.0145177379953305
5720.3			1.0199292777337592
5721.200000000001			1.0267991159176617
5722.1			1.0315777874592658
5723.0			1.029807049525477
5723.9			1.0257211686979923
5724.8			1.0196738140487087
5725.700000000001			1.0002170847932075
5726.6			1.0
5727.5			1.0
5728.4			1.0
5729.3			1.0
5730.200000000001			1.0
5731.1			1.0
5732.0			1.0
5732.9			1.0
5733.8			1.0
5734.700000000001			1.0
5735.6			1.0
5736.5			1.0
5737.4			1.0
5738.3			1.0
5739.200000000001			1.0
5740.1			1.0
5741.0			1.0
5741.9			1.0
5742.8			1.0
5743.700000000001			1.0
5744.6			1.0
5745.5			1.0
5746.4			1.0
5747.3			1.0
5748.200000000001			1.0
5749.1			1.0
5750.0			1.0207115430001634
5750.9			1.027733191277713
5751.8			1.0064649754845294
5752.700000000001			0.9656655569108497
5753.6			0.9309867190078408
5754.5			0.9277493202591444
5755.4			0.9587958889350728
5756.3			0.9897698494289081
5757.200000000001			1.0012257915341716
5758.1			1.0
5759.0			1.0
5759.9			1.0
5760.8			1.0
5761.700000000001			1.0
5762.6			1.0
5763.5			1.0
5764.4			1.0
5765.3			1.0
5766.200000000001			1.0
5767.1			1.0
5768.0			1.0
5768.9			1.0
5769.8			1.0
5770.700000000001			1.0
5771.6			0.9958752935867202
5772.5			0.9931543774187711
5773.4			0.9930336703645717
5774.3			0.989290116793862
5775.200000000001			0.9901998831451538
5776.1			1.0003201413068792
5777.0			1.004816250284905
5777.9			0.9984255438184391
5778.8			0.9878983357283209
5779.700000000001			0.965022471633485
5780.6			0.9289185332738176
5781.5			0.9082588943389732
5782.4			0.9162146765513492
5783.3			0.9325331045139634
5784.200000000001			0.930580663659995
5785.1			0.9218568783123796
5786.0			0.9391093684321233
5786.9			0.978556084060547
5787.8			1.006046837033819
5788.700000000001			1.0194954070232185
5789.6			1.019068524002333
5790.5			1.0041491890960537
5791.4			1.0011768521636257
5792.3			1.0
5793.200000000001			1.0
5794.1			1.0
5795.0			1.0
5795.9			1.0
5796.8			1.0
5797.700000000001			1.0
5798.6			1.0
5799.5			1.0
5800.4			1.0
5801.3			1.0
5802.200000000001			1.0
5803.1			1.0
5804.0			1.0
5804.9			1.0
5805.8			1.0
5806.700000000001			1.0
5807.6			1.0
5808.5			1.0
5809.4			1.0
5810.3			1.0
5811.200000000001			1.0
5812.1			1.0
5813.0			1.0
5813.9			1.0
5814.8			1.0
5815.700000000001			1.0
5816.6			1.0
5817.5			1.0
5818.4			1.0
5819.3			1.0
5820.200000000001			1.0
5821.1			1.0
5822.0			1.0
5822.9			1.0
5823.8			1.0
5824.700000000001			1.0
5825.6			1.0
5826.5			1.0
5827.4			1.0
5828.3			1.0
5829.200000000001			1.0
5830.1			1.0
5831.0			1.0
5831.9			1.0
5832.8			1.0
5833.700000000001			1.0
5834.6			1.0
5835.5			1.0
5836.4			1.0
5837.3			1.0
5838.200000000001			1.0
5839.1			1.0
5840.0			1.0
5840.9			1.0
5841.8			1.0
5842.700000000001			1.0
5843.6			1.0
5844.5			1.0
5845.4			1.0
5846.3			1.0
5847.200000000001			1.0
5848.1			1.0
5849.0			1.0113979909866306
5849.9			1.0219861152893632
5850.8			1.021108448971515
5851.700000000001			1.006029214557713
5852.6			0.9860615820415368
5853.5			0.9816846492884731
5854.4			0.9957422571704114
5855.3			1.0031826677839566
5856.200000000001			0.9861602303562429
5857.1			0.9581056288953808
5858.0			0.950496126213656
5858.9			0.972733374835863
5859.8			1.0036570085125178
5860.700000000001			1.025218840635995
5861.6			1.0256672464976206
5862.5			1.0171837039532208
5863.4			1.0240341532210007
5864.3			1.0369225376409872
5865.200000000001			1.0306671796279376
5866.1			1.0074229928840448
5867.0			0.999923257226643
5867.9			1.0
5868.8			1.0
5869.700000000001			1.0
5870.6			1.0
5871.5			1.0
5872.4			1.0
5873.3			1.0
5874.200000000001			1.0
5875.1			1.0
5876.0			1.0
5876.9			1.0
5877.8			1.0
5878.700000000001			1.0
5879.6			1.0
5880.5			0.9971510771311491
5881.4			1.0108295591322423
5882.3			1.018841607908497
5883.200000000001			1.0065155780555173
5884.1			0.9958306417590677
5885.0			1.0064836794655447
5885.9			1.0227453573443495
5886.8			1.0184922194992725
5887.700000000001			0.9770724544795242
5888.6			0.8834681876610739
5889.5			0.7767696724889775
5890.4			0.7627068131702571
5891.3			0.8511323851317613
5892.200000000001			0.9318560716389567
5893.1			0.9576775771833574
5894.0			0.9446001569594298
5894.9			0.8873537781124676
5895.8			0.831607107137706
5896.700000000001			0.8569983608584572
5897.6			0.930694783051058
5898.5			0.9694462520693112
5899.4			0.9802850828222075
5900.3			1.0000212811234708
5901.200000000001			1.0
5902.1			1.0
5903.0			1.0
5903.9			1.0
5904.8			1.0
5905.700000000001			1.0
5906.6			1.0
5907.5			1.0
5908.4			1.0
5909.3			1.0
5910.200000000001			1.0
5911.1			1.0
5912.0			1.0
5912.9			1.0
5913.8			1.0
5914.700000000001			1.0
5915.6			1.0
5916.5			1.0
5917.4			1.0
5918.3			1.0
5919.200000000001			1.0
5920.1			1.0
5921.0			1.0
5921.9			1.0
5922.8			1.0
5923.700000000001			1.0
5924.6			1.0
5925.5			1.0
5926.4			1.0
5927.3			1.0
5928.200000000001			1.0
5929.1			1.0
5930.0			1.0
5930.9			1.0
5931.8			1.0
5932.700000000001			1.0
5933.6			1.0
5934.5			1.0
5935.4			1.0
5936.3			1.0
5937.200000000001			1.0
5938.1			1.0
5939.0			1.0
5939.9			1.0
5940.8			1.0
5941.700000000001			1.0
5942.6			1.0
5943.5			1.0
5944.4			1.0
5945.3			1.0
5946.200000000001			1.0
5947.1			1.0
5948.0			1.0
5948.9			1.0
5949.8			1.0
5950.700000000001			1.0
5951.6			1.0
5952.5			1.0
5953.4			1.0
5954.3			1.0
5955.200000000001			1.0
5956.1			1.0
5957.0			1.0
5957.9			1.0
5958.8			1.0
5959.700000000001			1.0
5960.6			1.0
5961.5			1.0
5962.4			1.0
5963.3			1.0
5964.200000000001			1.0
5965.1			1.0
5966.0			1.0
5966.9			1.0
5967.8			1.0
5968.700000000001			1.0
5969.6			1.0
5970.5			1.0
5971.4			1.0
5972.3			1.0
5973.200000000001			1.0
5974.1			1.0
5975.0			1.0
5975.9			1.0
5976.8			1.0
5977.700000000001			1.0
5978.6			1.0
5979.5			1.0
5980.4			1.0
5981.3			1.0
5982.200000000001			1.0
5983.1			1.0
5984.0			1.0
5984.9			1.0
5985.8			1.0
5986.700000000001			1.0
5987.6			1.0
5988.5			1.0
5989.4			1.0
5990.3			1.0
5991.200000000001			1.0
5992.1			1.0
5993.0			1.0
5993.9			1.0
5994.8			1.0
5995.700000000001			1.0
5996.6			1.0
5997.5			1.0
5998.4			1.0
5999.3			1.0
6000.200000000001			1.0
6001.1			1.0
6002.0			1.0
6002.9			1.0
6003.8			1.0
6004.700000000001			1.0
6005.6			1.0
6006.5			1.0
6007.4			1.0
6008.3			1.0
6009.200000000001			1.0
6010.1			1.0
6011.0			1.0
6011.9			1.0
6012.8			1.0
6013.700000000001			1.0
6014.6			1.0
6015.5			1.0
6016.4			1.0
6017.3			1.0
6018.200000000001			1.0
6019.1			1.0
6020.0			1.0
6020.9			1.0
6021.8			1.0
6022.700000000001			1.0
6023.6			1.0
6024.5			1.0
6025.4			1.0
6026.3			1.0
6027.200000000001			1.0
6028.1			1.0
6029.0			1.0
6029.9			1.0
6030.8			1.0
6031.700000000001			1.0
6032.6			1.0
6033.5			1.0
6034.4			1.0
6035.3			1.0
6036.200000000001			1.0
6037.1			1.0
6038.0			1.0
6038.9			1.0
6039.8			1.0
6040.700000000001			1.0
6041.6			1.0
6042.5			1.0
6043.4			1.0
6044.3			1.0
6045.200000000001			1.0
6046.1			1.0
6047.0			1.0
6047.9			1.0
6048.8			1.0
6049.700000000001			1.0
6050.6			1.0
6051.5			1.0
6052.4			1.0
6053.3			1.0
6054.200000000001			1.0
6055.1			1.0
6056.0			1.0
6056.9			1.0
6057.8			1.0
6058.700000000001			1.0
6059.6			1.0058495928542706
6060.5			1.0090303272497616
6061.4			1.0044469278003245
6062.3			0.9908470843869942
6063.200000000001			0.9720815120688518
6064.1			0.949257080717489
6065.0			0.9292711965898619
6065.9			0.936126805542774
6066.8			0.9695226383610867
6067.700000000001			0.9957948758738931
6068.6			1.0004276223768889
6069.5			0.9980475398368903
6070.4			0.9981107509804894
6071.3			1.0
6072.200000000001			1.0
6073.1			1.0
6074.0			1.0
6074.9			1.0
6075.8			1.0
6076.700000000001			1.0
6077.6			1.0
6078.5			1.0
6079.4			1.0
6080.3			1.0
6081.200000000001			1.0
6082.1			1.0
6083.0			1.0
6083.9			1.0
6084.8			1.0
6085.700000000001			1.0
6086.6			1.0
6087.5			1.0
6088.4			1.0
6089.3			1.0
6090.200000000001			1.0
6091.1			1.0
6092.0			1.0
6092.9			1.0
6093.8			1.0
6094.700000000001			1.0
6095.6			1.0
6096.5			1.0
6097.4			1.0
6098.3			1.0
6099.200000000001			1.0
6100.1			1.0024899035599153
6101.0			0.976740322933147
6101.9			0.9262148841880349
6102.8			0.8956881108758553
6103.700000000001			0.9223542907590782
6104.6			0.9726198584816061
6105.5			0.9992148676508867
6106.4			1.0
6107.3			1.0
6108.200000000001			1.0
6109.1			1.0
6110.0			1.0
6110.9			1.0
6111.8			1.0
6112.700000000001			1.0
6113.6			1.0
6114.5			1.0
6115.4			1.0
6116.3			1.0
6117.200000000001			1.0
6118.1			1.0
6119.0			1.0
6119.9			1.0
6120.8			1.0
6121.700000000001			1.0
6122.6			1.0
6123.5			1.0
6124.4			1.0
6125.3			1.0
6126.200000000001			1.0
6127.1			1.0
6128.0			1.0
6128.9			1.0
6129.8			1.0
6130.700000000001			1.0
6131.6			1.0
6132.5			1.0050984616213552
6133.4			1.004850523940076
6134.3			0.9884861084799138
6135.200000000001			0.9498429494679389
6136.1			0.8976500900463051
6137.0			0.8687495385978554
6137.9			0.9034498077949681
6138.8			0.9778119878691993
6139.700000000001			1.026413268996447
6140.6			1.0236381461263864
6141.5			1.003081379955903
6142.4			1.0
6143.3			1.0
6144.200000000001			1.0
6145.1			1.0
6146.0			1.0
6146.9			1.0
6147.8			1.0
6148.700000000001			1.0
6149.6			1.0
6150.5			1.0
6151.4			1.0
6152.3			1.0
6153.200000000001			1.0
6154.1			1.0
6155.0			1.0
6155.9			1.002813542208012
6156.8			1.003990894991868
6157.700000000001			1.0069156970000304
6158.6			1.0148549703519374
6159.5			1.0083390197734223
6160.4			0.9694551014333137
6161.3			0.9172826741575344
6162.200000000001			0.8904060679036209
6163.1			0.9084955714304981
6164.0			0.955575792538638
6164.9			0.9974877775846904
6165.8			1.0166882951640477
6166.700000000001			1.0266336204321107
6167.6			1.0277738584990888
6168.5			1.0011287097318953
6169.4			1.0
6170.3			1.0
6171.200000000001			1.0
6172.1			1.0
6173.0			1.0
6173.9			1.0
6174.8			1.0
6175.700000000001			1.0
6176.6			1.0
6177.5			1.0
6178.4			1.0
6179.3			1.0
6180.200000000001			1.0
6181.1			1.0
6182.0			1.0
6182.9			1.0
6183.8			1.0
6184.700000000001			0.99480755633133
6185.6			0.9819283998073302
6186.5			0.9650879033157878
6187.4			0.9519556036019222
6188.3			0.9438768174138984
6189.200000000001			0.9364152026067315
6190.1			0.9163654508960943
6191.0			0.889056910072782
6191.9			0.8940773750166947
6192.8			0.9407692076715423
6193.700000000001			0.9851864489218175
6194.6			1.00115585636865
6195.5			1.0040626640529888
6196.4			1.006642686815982
6197.3			0.9998322563963594
6198.200000000001			1.0
6199.1			1.0
6200.0			1.0
6200.9			1.0
6201.8			1.0
6202.700000000001			1.0
6203.6			1.0
6204.5			1.0
6205.4			1.0
6206.3			1.0
6207.200000000001			1.0
6208.1			1.0
6209.0			1.0
6209.9			1.0
6210.8			1.0
6211.700000000001			1.0
6212.6			1.0
6213.5			1.0
6214.4			1.0
6215.3			1.0
6216.200000000001			1.0
6217.1			1.0
6218.0			1.0
6218.9			1.0
6219.8			1.0
6220.700000000001			1.0
6221.6			1.0
6222.5			1.0
6223.4			1.0
6224.3			1.0
6225.200000000001			1.001970475086248
6226.1			1.0094070603546592
6227.0			1.0090307868852697
6227.9			0.9990834610694383
6228.8			0.9732561431615241
6229.700000000001			0.9332234563704783
6230.6			0.9005188350583028
6231.5			0.9007608510060114
6232.4			0.9262787670944069
6233.3			0.955776344987318
6234.200000000001			0.9836031298063109
6235.1			1.0007327128752455
6236.0			0.9989919499772634
6236.9			1.0
6237.8			1.0
6238.700000000001			1.0
6239.6			1.0
6240.5			1.0
6241.4			1.0
6242.3			1.0
6243.200000000001			1.0
6244.1			1.0
6245.0			1.0
6245.9			1.0
6246.8			1.0112956435257845
6247.700000000001			1.036620155745008
6248.6			1.055009501434481
6249.5			1.0557741066887119
6250.4			1.038064591916508
6251.3			0.9989207398331883
6252.200000000001			0.9575820994084949
6253.1			0.9446159522005818
6254.0			0.9582509943616365
6254.9			0.9689001888702999
6255.8			0.956854031208757
6256.700000000001			0.9285140431173619
6257.6			0.9024495546112509
6258.5			0.9015149408812597
6259.4			0.9349892027320748
6260.3			0.9692521080747533
6261.200000000001			0.9858880919487316
6262.1			1.0069187039360046
6263.0			1.0278340021439962
6263.9			1.0209204911711995
6264.8			0.9948476518733741
6265.700000000001			0.9875937765189928
6266.6			1.0036216011523464
6267.5			1.0114045186645646
6268.4			1.0004500868589972
6269.3			1.0
6270.200000000001			1.0
6271.1			1.0
6272.0			1.0
6272.9			1.0
6273.8			1.0
6274.700000000001			1.0
6275.6			1.0
6276.5			1.0
6277.4			1.0
6278.3			1.0
6279.200000000001			1.0
6280.1			1.0
6281.0			1.0
6281.9			1.0
6282.8			1.0
6283.700000000001			1.0
6284.6			1.0
6285.5			1.0
6286.4			1.0
6287.3			1.0
6288.200000000001			1.0
6289.1			1.0
6290.0			1.0
6290.9			1.0
6291.8			1.0
6292.700000000001			1.0
6293.6			1.0
6294.5			1.0
6295.4			1.0
6296.3			1.0
6297.200000000001			1.0
6298.1			1.0
6299.0			1.0
6299.9			1.0
6300.8			1.0
6301.700000000001			1.0
6302.6			1.0
6303.5			1.0
6304.4			1.0
6305.3			1.0
6306.200000000001			1.0
6307.1			1.0
6308.0			1.0
6308.9			1.0
6309.8			1.0
6310.700000000001			1.0
6311.6			1.0
6312.5			1.0
6313.4			1.0
6314.3			1.0
6315.200000000001			1.0
6316.1			1.0
6317.0			1.0
6317.9			1.0
6318.8			1.0
6319.700000000001			1.0
6320.6			1.0
6321.5			1.0
6322.4			1.0
6323.3			1.0
6324.200000000001			1.0
6325.1			1.0
6326.0			1.0
6326.9			1.0
6327.8			1.0
6328.700000000001			1.0
6329.6			1.0
6330.5			1.002470507379611
6331.4			1.0124628336152393
6332.3			1.0184898115196614
6333.200000000001			1.0117946466857162
6334.1			0.9864680416198134
6335.0			0.9475924197112767
6335.9			0.9242426526556267
6336.8			0.93273330749493
6337.700000000001			0.9544269913690082
6338.6			0.9688264689172668
6339.5			0.9805906533292048
6340.4			0.995834070987643
6341.3			1.0006473325653769
6342.200000000001			1.0
6343.1			1.0
6344.0			1.0
6344.9			1.0
6345.8			1.0
6346.700000000001			1.0
6347.6			1.0
6348.5			1.0
6349.4			1.0
6350.3			1.0
6351.200000000001			1.0
6352.1			1.0
6353.0			1.0
6353.9			1.0
6354.8			1.0
6355.700000000001			1.0
6356.6			1.0
6357.5			1.0
6358.4			1.0
6359.3			1.0
6360.200000000001			1.0
6361.1			1.0
6362.0			1.0
6362.9			1.0
6363.8			1.0
6364.700000000001			1.0
6365.6			1.0
6366.5			1.0
6367.4			1.0
6368.3			1.0
6369.200000000001			1.0
6370.1			1.0
6371.0			1.0
6371.9			1.0
6372.8			1.0
6373.700000000001			1.0
6374.6			1.0
6375.5			1.0
6376.4			1.0
6377.3			1.0
6378.200000000001			1.0
6379.1			1.0
6380.0			1.0
6380.9			1.0
6381.8			1.0
6382.700000000001			1.0
6383.6			1.0
6384.5			1.0
6385.4			1.0
6386.3			1.0
6387.200000000001			1.0
6388.1			1.0
6389.0			1.0
6389.9			1.0
6390.8			1.0
6391.700000000001			1.0
6392.6			1.0
6393.5			1.0
6394.4			1.0
6395.3			1.0
6396.200000000001			1.0176152804934175
6397.1			1.014850420127732
6398.0			0.9931775861636769
6398.9			0.949177350415062
6399.8			0.9121632479109174
6400.700000000001			0.9257066618099135
6401.6			0.971827502247473
6402.5			0.9989585975002526
6403.4			0.9991643898387866
6404.3			1.0
6405.200000000001			1.0
6406.1			1.0
6407.0			1.0
6407.9			1.0
6408.8			1.0
6409.700000000001			1.0
6410.6			1.0
6411.5			1.0
6412.4			1.0
6413.3			1.0
6414.200000000001			1.0
6415.1			1.0
6416.0			1.0
6416.9			1.0
6417.8			1.0
6418.700000000001			1.0
6419.6			1.0
6420.5			1.0
6421.4			1.0
6422.3			1.0
6423.200000000001			1.0
6424.1			1.0
6425.0			1.0
6425.9			1.0
6426.8			1.0
6427.700000000001			1.0
6428.6			1.0
6429.5			1.0
6430.4			1.0
6431.3			1.0
6432.200000000001			1.0
6433.1			1.0
6434.0			1.0
6434.9			1.0
6435.8			1.0
6436.700000000001			1.0
6437.6			1.0
6438.5			1.0
6439.4			1.0
6440.3			1.0
6441.200000000001			1.0
6442.1			1.0
6443.0			1.0
6443.9			1.0
6444.8			1.0
6445.700000000001			1.0
6446.6			1.0018765828909095
6447.5			0.9900489010622376
6448.4			0.9477817938445121
6449.3			0.8881690238902156
6450.200000000001			0.867624512110688
6451.1			0.9097453646552244
6452.0			0.9685219505670634
6452.9			1.0003834934662266
6453.8			0.9993958653794695
6454.700000000001			1.0
6455.6			1.0
6456.5			1.0
6457.4			1.0
6458.3			1.0
6459.200000000001			1.0079890463540135
6460.1			1.0004732690774867
6461.0			0.9675661929890633
6461.9			0.9208714193988682
6462.8			0.9026533328551882
6463.700000000001			0.9328333045088878
6464.6			0.9731600216201796
6465.5			0.9932494491149386
6466.4			0.9998878407752513
6467.3			1.0
6468.200000000001			1.0
6469.1			1.0
6470.0			1.0
6470.9			1.0
6471.8			1.0
6472.700000000001			1.0
6473.6			1.0
6474.5			1.0
6475.4			1.0
6476.3			1.0
6477.200000000001			1.0
6478.1			1.0
6479.0			1.0
6479.9			1.0
6480.8			1.0
6481.700000000001			1.0
6482.6			1.0
6483.5			1.0
6484.4			1.0
6485.3			1.0164519338713451
6486.200000000001			1.0156491804610923
6487.1			1.0094728505216213
6488.0			1.003846935427285
6488.9			0.9963071823982081
6489.8			0.9847074238381869
6490.700000000001			0.9748794624429507
6491.6			0.9676608200972041
6492.5			0.946761644240599
6493.4			0.9027207749767551
6494.3			0.8617812751078852
6495.200000000001			0.8564857761695241
6496.1			0.8765541248495833
6497.0			0.8974648341003522
6497.9			0.9099385967999101
6498.8			0.914090839621406
6499.700000000001			0.9289999865617592
6500.6			0.9569369828920596
6501.5			0.976737586485234
6502.4			0.9860025937082879
6503.3			0.9928263572413376
6504.200000000001			0.9974706077513635
6505.1			0.9998418061991697
6506.0			1.0
6506.9			1.0
6507.8			1.0
6508.700000000001			1.0
6509.6			1.0
6510.5			1.0
6511.4			1.0
6512.3			1.0
6513.200000000001			1.0
6514.1			1.0
6515.0			1.0
6515.9			1.0
6516.8			1.0
6517.700000000001			1.0
6518.6			1.0
6519.5			1.0
6520.4			1.0
6521.3			1.0
6522.200000000001			1.0
6523.1			1.0
6524.0			1.0
6524.9			1.0
6525.8			1.0
6526.700000000001			1.0
6527.6			1.0
6528.5			1.0
6529.4			1.0
6530.3			1.0
6531.200000000001			1.0
6532.1			1.0
6533.0			1.0
6533.9			1.0
6534.8			1.0
6535.700000000001			1.0
6536.6			1.0
6537.5			1.0
6538.4			1.0
6539.3			1.0
6540.200000000001			1.0
6541.1			1.0
6542.0			1.0
6542.9			1.0
6543.8			1.0
6544.700000000001			1.0
6545.6			1.0
6546.5			1.0
6547.4			1.0
6548.3			1.0
6549.200000000001			1.0
6550.1			1.0
6551.0			1.0
6551.9			1.0
6552.8			1.0
6553.700000000001			1.0
6554.6			1.0
6555.5			1.0
6556.4			1.0
6557.3			1.0
6558.200000000001			1.0
6559.1			0.9890632109687371
6560.0			0.9480755947109528
6560.9			0.8421371952884374
6561.8			0.6892671218462456
6562.700000000001			0.6198390720890435
6563.6			0.7168714696202145
6564.5			0.8787336648339886
6565.4			0.9759495372024312
6566.3			1.0009302852057183
6567.200000000001			1.0
6568.1			1.0
6569.0			1.0
6569.9			1.0
6570.8			1.0
6571.700000000001			1.0
6572.6			1.0
6573.5			1.0
6574.4			1.0
6575.3			1.0
6576.200000000001			1.0
6577.1			1.0
6578.0			1.0
6578.9			1.0
6579.8			1.0
6580.700000000001			1.0
6581.6			1.0
6582.5			1.0
6583.4			1.0
6584.3			1.0
6585.200000000001			1.0
6586.1			1.0
6587.0			1.0
6587.9			1.0
6588.8			1.0
6589.700000000001			0.9994732310847045
6590.6			0.9866767833593273
6591.5			0.9552044535332085
6592.4			0.919539164872486
6593.3			0.9120598630261086
6594.200000000001			0.9437437534900874
6595.1			0.9843433626105733
6596.0			1.0026408037823795
6596.9			0.9977927382124345
6597.8			1.0
6598.700000000001			1.0
6599.6			1.0
6600.5			1.0
6601.4			1.0
6602.3			1.0
6603.200000000001			1.0
6604.1			1.0
6605.0			1.0
6605.9			1.0
6606.8			1.0
6607.700000000001			1.0
6608.6			1.0
6609.5			1.0
6610.4			1.0
6611.3			1.0
6612.200000000001			1.0
6613.1			1.0
6614.0			1.0
6614.9			1.0
6615.8			1.0
6616.700000000001			1.0
6617.6			1.0
6618.5			1.0
6619.4			1.0
6620.3			1.0
6621.200000000001			1.0
6622.1			1.0
6623.0			1.0
6623.9			1.0
6624.8			1.0
6625.700000000001			1.0
6626.6			1.0
6627.5			1.0
6628.4			1.0
6629.3			1.0
6630.200000000001			1.0
6631.1			1.0
6632.0			1.0
6632.9			1.0
6633.8			1.0
6634.700000000001			1.0
6635.6			1.0
6636.5			1.0
6637.4			1.0
6638.3			1.0
6639.200000000001			1.0
6640.1			1.0
6641.0			1.0
6641.9			1.0
6642.8			1.0
6643.700000000001			1.0
6644.6			1.0
6645.5			1.0
6646.4			1.0
6647.3			1.0
6648.200000000001			1.0
6649.1			1.0
6650.0			1.0
6650.9			1.0
6651.8			1.0
6652.700000000001			1.0
6653.6			1.0
6654.5			1.0
6655.4			1.0
6656.3			1.0
6657.200000000001			1.0
6658.1			1.0
6659.0			1.0
6659.9			1.0
6660.8			1.0
6661.700000000001			1.0
6662.6			1.0
6663.5			1.0
6664.4			1.0
6665.3			1.0
6666.200000000001			1.0
6667.1			1.0
6668.0			1.0
6668.9			1.0
6669.8			1.0
6670.700000000001			1.0
6671.6			1.0
6672.5			1.0
6673.4			1.0
6674.3			1.0
6675.200000000001			1.0
6676.1			1.0
6677.0			1.0
6677.9			1.0
6678.8			1.0
6679.700000000001			1.0
6680.6			1.0
6681.5			1.0
6682.4			1.0
6683.3			1.0
6684.200000000001			1.0
6685.1			1.0
6686.0			1.0
6686.9			1.0
6687.8			1.0
6688.700000000001			1.0
6689.6			1.0
6690.5			1.0
6691.4			1.0
6692.3			1.0
6693.200000000001			1.0
6694.1			1.0
6695.0			1.0
6695.9			1.0
6696.8			1.0
6697.700000000001			1.0
6698.6			1.0
6699.5			1.0
6700.4			1.0
6701.3			1.0
6702.200000000001			1.0
6703.1			1.0
6704.0			1.0
6704.9			1.0
6705.8			1.0
6706.700000000001			1.0
6707.6			1.0
6708.5			1.0
6709.4			1.0
6710.3			1.0
6711.200000000001			1.0
6712.1			1.0
6713.0			1.0
6713.9			1.0
6714.8			1.0
6715.700000000001			1.0
6716.6			1.0
6717.5			1.0
6718.4			1.0
6719.3			1.0
6720.200000000001			1.0
6721.1			1.0
6722.0			1.0
6722.9			1.0
6723.8			1.0
6724.700000000001			1.0
6725.6			1.0
6726.5			1.0
6727.4			1.0
6728.3			1.0
6729.200000000001			1.0
6730.1			1.0
6731.0			1.0
6731.9			1.0
6732.8			1.0
6733.700000000001			1.0
6734.6			1.0
6735.5			1.0
6736.4			1.0
6737.3			1.0
6738.200000000001			1.0
6739.1			1.0
6740.0			1.0
6740.9			1.0
6741.8			1.0
6742.700000000001			1.0
6743.6			1.0
6744.5			1.0
6745.4			1.0
6746.3			1.0
6747.200000000001			1.0
6748.1			1.0
6749.0			1.0
6749.9			1.0
6750.8			1.0
6751.700000000001			1.0
6752.6			1.0
6753.5			1.0
6754.4			1.0
6755.3			1.0
6756.200000000001			1.0
6757.1			1.0
6758.0			1.0
6758.9			1.0
6759.8			1.0
6760.700000000001			1.0
6761.6			1.0
6762.5			1.0
6763.4			1.0
6764.3			1.0
6765.200000000001			1.0
6766.1			1.0
6767.0			1.0
6767.9			1.0
6768.8			1.0
6769.700000000001			1.0
6770.6			1.0
6771.5			1.0
6772.4			1.0
6773.3			1.0
6774.200000000001			1.0
6775.1			1.0
6776.0			1.0
6776.9			1.0
6777.8			1.0
6778.700000000001			1.0
6779.6			1.0
6780.5			1.0
6781.4			1.0
6782.3			1.0
6783.200000000001			1.0
6784.1			1.0
6785.0			1.0
6785.9			1.0
6786.8			1.0
6787.700000000001			1.0
6788.6			1.0
6789.5			1.0
6790.4			1.0
6791.3			1.0
6792.200000000001			1.0
6793.1			1.0
6794.0			1.0
6794.9			1.0
6795.8			1.0
6796.700000000001			1.0
6797.6			1.0
6798.5			1.0
6799.4			1.0
6800.3			1.0
6801.200000000001			1.0
6802.1			1.0
6803.0			1.0
6803.9			1.0
6804.8			1.0
6805.700000000001			1.0
6806.6			1.0
6807.5			1.0
6808.4			1.0
6809.3			1.0
6810.200000000001			1.0
6811.1			1.0
6812.0			1.0
6812.9			1.0
6813.8			1.0
6814.700000000001			1.0
6815.6			1.0
6816.5			1.0
6817.4			1.0
6818.3			1.0
6819.200000000001			1.0
6820.1			1.0
6821.0			1.0
6821.9			1.0
6822.8			1.0
6823.700000000001			1.0
6824.6			1.0
6825.5			1.0
6826.4			1.0
6827.3			1.0
6828.200000000001			1.0
6829.1			1.0
6830.0			1.0
6830.9			1.0
6831.8			1.0
6832.700000000001			1.0
6833.6			1.0
6834.5			1.0
6835.4			1.0
6836.3			1.0
6837.200000000001			1.0
6838.1			1.0
6839.0			1.0
6839.9			1.0
6840.8			1.0
6841.700000000001			1.0
6842.6			1.0
6843.5			1.0
6844.4			1.0
6845.3			1.0
6846.200000000001			1.0
6847.1			1.0
6848.0			1.0
6848.9			1.0
6849.8			1.0
6850.700000000001			1.0
6851.6			1.0
6852.5			1.0
6853.4			1.0
6854.3			1.0
6855.200000000001			1.0
6856.1			1.0
6857.0			1.0
6857.9			1.0
6858.8			1.0
6859.700000000001			1.0
6860.6			1.0
6861.5			1.0
6862.4			1.0
6863.3			1.0
6864.200000000001			1.0
6865.1			1.0
6866.0			1.0
6866.9			1.0
6867.8			1.0
6868.700000000001			1.0
6869.6			1.0
6870.5			1.0
6871.4			1.0
6872.3			1.0
6873.200000000001			1.0
6874.1			1.0
6875.0			1.0
6875.9			1.0
6876.8			1.0
6877.700000000001			1.0
6878.6			1.0
6879.5			1.0
6880.4			1.0
6881.3			1.0
6882.200000000001			1.0
6883.1			1.0
6884.0			1.0
6884.9			1.0
6885.8			1.0
6886.700000000001			1.0
6887.6			1.0
6888.5			1.0
6889.4			1.0
6890.3			1.0
6891.200000000001			1.0
6892.1			1.0
6893.0			1.0
6893.9			1.0
6894.8			1.0
6895.700000000001			1.0
6896.6			1.0
6897.5			1.0
6898.4			1.0
6899.3			1.0
6900.200000000001			1.0
6901.1			1.0
6902.0			1.0
6902.9			1.0
6903.8			1.0
6904.700000000001			1.0
6905.6			1.0
6906.5			1.0
6907.4			1.0
6908.3			1.0
6909.200000000001			1.0
6910.1			1.0
6911.0			1.0
6911.9			1.0
6912.8			1.0
6913.700000000001			1.0
6914.6			1.0
6915.5			1.0
6916.4			1.0
6917.3			1.0
6918.200000000001			1.0
6919.1			1.0
6920.0			1.0
6920.9			1.0
6921.8			1.0
6922.700000000001			1.0
6923.6			1.0
6924.5			1.0
6925.4			1.0
6926.3			1.0
6927.200000000001			1.0
6928.1			1.0
6929.0			1.0
6929.9			1.0
6930.8			1.0
6931.700000000001			1.0
6932.6			1.0
6933.5			1.0
6934.4			1.0
6935.3			1.0
6936.200000000001			1.0
6937.1			1.0
6938.0			1.0
6938.9			1.0
6939.8			1.0
6940.700000000001			1.0
6941.6			1.0
6942.5			1.0
6943.4			1.0
6944.3			1.0
6945.200000000001			1.0
6946.1			1.0
6947.0			1.0
6947.9			1.0
6948.8			1.0
6949.700000000001			1.0
6950.6			1.0
6951.5			1.0
6952.4			1.0
6953.3			1.0
6954.200000000001			1.0
6955.1			1.0
6956.0			1.0
6956.9			1.0
6957.8			1.0
6958.700000000001			1.0
6959.6			1.0
6960.5			1.0
6961.4			1.0
6962.3			1.0
6963.200000000001			1.0
6964.1			1.0
6965.0			1.0
6965.9			1.0
6966.8			1.0
6967.700000000001			1.0
6968.6			1.0
6969.5			1.0
6970.4			1.0
6971.3			1.0
6972.200000000001			1.0
6973.1			0.9977314043969866
6974.0			0.9926652112343887
6974.9			0.9862737238070658
6975.8			0.9730486920760504
6976.700000000001			0.9465756160539872
6977.6			0.9179720301420317
6978.5			0.9138296843519068
6979.4			0.9398410101979986
6980.3			0.97022703318483
6981.200000000001			0.984312879898525
6982.1			0.987964217074543
6983.0			0.9937762814108263
6983.9			1.00013165203573
6984.8			1.0
6985.700000000001			1.0
6986.6			1.0
6987.5			1.0
6988.4			1.0
6989.3			1.0
6990.200000000001			1.0
6991.1			1.0
6992.0			1.0
6992.9			1.0
6993.8			1.0
6994.700000000001			1.0
6995.6			1.0
6996.5			1.0
6997.4			1.0
6998.3			1.0
6999.200000000001			1.0
7000.1			1.0
7001.0			1.0
7001.9			1.0
7002.8			1.0
7003.700000000001			1.0
7004.6			1.0
7005.5			1.0
7006.4			1.0
7007.3			1.0
7008.200000000001			1.0
7009.1			1.0
7010.0			1.0
7010.9			1.0
7011.8			1.0
7012.700000000001			1.0
7013.6			1.0
7014.5			1.0
7015.4			1.0
7016.3			1.0
7017.200000000001			1.0
7018.1			1.0
7019.0			1.0
7019.9			1.0
7020.8			1.0
7021.700000000001			1.0
7022.6			1.0
7023.5			1.0
7024.4			1.0
7025.3			1.0
7026.200000000001			1.0
7027.1			1.0
7028.0			1.0
7028.9			1.0
7029.8			1.0
7030.700000000001			1.0
7031.6			1.0
7032.5			1.0
7033.4			1.0
7034.3			1.0
7035.200000000001			1.0
7036.1			1.0
7037.0			1.0
7037.9			1.0
7038.8			1.0
7039.700000000001			1.0
7040.6			1.0
7041.5			1.0
7042.4			1.0
7043.3			1.0
7044.200000000001			1.0
7045.1			1.0
7046.0			1.0
7046.9			1.0
7047.8			1.0
7048.700000000001			1.0
7049.6			1.0
7050.5			1.0
7051.4			1.0
7052.3			1.0
7053.200000000001			1.0
7054.1			1.0
7055.0			1.0
7055.9			1.0
7056.8			1.0
7057.700000000001			1.0
7058.6			1.0
7059.5			1.0
7060.4			1.0
7061.3			1.0
7062.200000000001			1.0022625982822961
7063.1			0.9979138073778904
7064.0			0.9910731530141699
7064.9			0.9841763647688686
7065.8			0.9783107709711548
7066.700000000001			0.9717714775318743
7067.6			0.9668006691526355
7068.5			0.9722128007088289
7069.4			0.9887911433116428
7070.3			1.0047138780065064
7071.200000000001			1.012694552266623
7072.1			1.0167671702268077
7073.0			1.0198997706736181
7073.9			1.020663019254802
7074.8			1.0200033775507498
7075.700000000001			1.020950278594066
7076.6			1.0237604528691606
7077.5			1.0275362198295237
7078.4			1.03075645701275
7079.3			1.0316932195324657
7080.200000000001			1.0277826879904706
7081.1			1.0179489618239317
7082.0			0.9975579844898896
7082.9			0.9648269716590041
7083.8			0.9351906568591786
7084.700000000001			0.9307670462603964
7085.6			0.9517734524170491
7086.5			0.977468622691107
7087.4			0.9928190617606358
7088.3			0.9943967976808132
7089.200000000001			0.9855169473425718
7090.1			0.9765081493718976
7091.0			0.9764807848699105
7091.9			0.9816865875763046
7092.8			0.9862566668819212
7093.700000000001			0.9891289499672082
7094.6			0.9895367128119555
7095.5			0.9897785679669405
7096.4			0.9928280498012655
7097.3			0.9982762875363442
7098.200000000001			1.0045601228261118
7099.1			1.0083834572531631
7100.0			1.0053332645044324
7100.9			0.9945114039800644
7101.8			0.9853004618866691
7102.700000000001			0.9882893323022939
7103.6			1.0028314620903542
7104.5			1.0141646570813112
7105.4			1.0117159484824119
7106.3			1.0028790033171011
7107.200000000001			0.9999936904641535
7108.1			1.0
7109.0			1.0
7109.9			1.0
7110.8			1.0
7111.700000000001			1.0
7112.6			1.0
7113.5			1.0
7114.4			1.0
7115.3			1.0
7116.200000000001			1.0
7117.1			1.0
7118.0			1.0
7118.9			1.0
7119.8			1.0
7120.700000000001			1.0
7121.6			1.0
7122.5			1.0
7123.4			1.0
7124.3			1.0
7125.200000000001			1.0
7126.1			1.0
7127.0			1.0
7127.9			1.0
7128.8			1.0
7129.700000000001			1.0
7130.6			1.0
7131.5			1.0
7132.4			1.0
7133.3			1.0
7134.200000000001			1.0
7135.1			1.0
7136.0			1.0
7136.9			1.0
7137.8			1.0
7138.700000000001			1.0
7139.6			1.0
7140.5			1.0
7141.4			1.0
7142.3			1.0
7143.200000000001			1.0
7144.1			1.0
7145.0			1.0
7145.9			1.0
7146.8			1.0
7147.700000000001			1.0
7148.6			1.0
7149.5			1.0
7150.4			1.0
7151.3			1.0
7152.200000000001			1.0
7153.1			1.0
7154.0			1.0
7154.9			1.0
7155.8			1.0
7156.700000000001			1.0
7157.6			1.0
7158.5			1.0
7159.4			1.0
7160.3			1.0
7161.200000000001			1.0
7162.1			1.0
7163.0			1.0
7163.9			1.0
7164.8			1.0
7165.700000000001			1.0
7166.6			1.0
7167.5			1.0
7168.4			1.0
7169.3			1.0
7170.200000000001			1.0
7171.1			1.0
7172.0			1.0
7172.9			1.0
7173.8			1.0
7174.700000000001			1.0
7175.6			1.0
7176.5			1.0009135084427578
7177.4			1.0075589354225025
7178.3			1.002547829901946
7179.200000000001			0.9860948558697712
7180.1			0.97531444830198
7181.0			0.9774025853588295
7181.9			0.9916545791209587
7182.8			1.0158123359729867
7183.700000000001			1.0295503212708619
7184.6			1.0187214478838988
7185.5			0.9870161468053292
7186.4			0.9489665576058895
7187.3			0.9247631372404272
7188.200000000001			0.923488504981953
7189.1			0.9420031247448639
7190.0			0.9659454722059226
7190.9			0.9731804816799831
7191.8			0.9646713593881887
7192.700000000001			0.9615545517460691
7193.6			0.9733994200958259
7194.5			0.9846203379393069
7195.4			0.9810375046236738
7196.3			0.9823898983125788
7197.200000000001			1.0073262603506279
7198.1			1.0276999370367401
7199.0			1.0214221546533466
7199.9			0.9996787896511108
7200.8			1.0
7201.700000000001			1.0
7202.6			1.0
7203.5			1.0
7204.4			1.0
7205.3			1.0
7206.200000000001			1.0
7207.1			1.0
7208.0			1.0
7208.9			1.0
7209.8			1.0
7210.700000000001			1.0
7211.6			1.0
7212.5			1.0
7213.4			1.0
7214.3			1.0
7215.200000000001			1.0
7216.1			1.0
7217.0			1.0
7217.9			1.0
7218.8			1.0
7219.700000000001			1.0
7220.6			1.0
7221.5			1.0
7222.4			1.0
7223.3			1.0
7224.200000000001			1.0
7225.1			1.0
7226.0			1.0
7226.9			1.0
7227.8			1.0
7228.700000000001			1.0
7229.6			1.0
7230.5			1.0
7231.4			1.0
7232.3			1.0
7233.200000000001			1.0
7234.1			1.0
7235.0			1.0
7235.9			1.0
7236.8			1.0
7237.700000000001			1.0
7238.6			1.0
7239.5			1.0
7240.4			1.0
7241.3			1.0
7242.200000000001			1.0
7243.1			1.0
7244.0			1.0
7244.9			1.0
7245.8			1.0
7246.700000000001			1.0
7247.6			1.0
7248.5			1.0
7249.4			1.0
7250.3			1.0
7251.200000000001			1.0
7252.1			1.0
7253.0			1.0
7253.9			1.0
7254.8			1.0
7255.700000000001			1.0
7256.6			1.0
7257.5			1.0
7258.4			1.0
7259.3			1.0
7260.200000000001			1.0
7261.1			1.0
7262.0			1.0
7262.9			1.0
7263.8			1.0
7264.700000000001			1.0
7265.6			1.0
7266.5			1.0
7267.4			1.0
7268.3			1.0
7269.200000000001			1.0
7270.1			1.0
7271.0			1.0
7271.9			1.0
7272.8			1.0
7273.700000000001			1.0
7274.6			1.0
7275.5			1.0
7276.4			1.0
7277.3			0.9968581972872153
7278.200000000001			0.9913668524285849
7279.1			0.9829721421677015
7280.0			0.9679704581573936
7280.9			0.948054569545927
7281.8			0.9365256125341135
7282.700000000001			0.9411662108231129
7283.6			0.9536231147419897
7284.5			0.963227794747266
7285.4			0.9660906006528949
7286.3			0.9612572320456214
7287.200000000001			0.9449873603243222
7288.1			0.9275481677359861
7289.0			0.921744135071295
7289.9			0.9188202432726348
7290.8			0.9162879496258567
7291.700000000001			0.9253277608109474
7292.6			0.9481639857919775
7293.5			0.9749757442810956
7294.4			0.9962669492663812
7295.3			1.0083573143803972
7296.200000000001			1.0101168124448547
7297.1			1.0029800804923763
7298.0			0.9943992568207142
7298.9			0.9932827712800177
7299.8			1.0030470006195755
7300.700000000001			1.0147891740317079
7301.6			1.017258208379284
7302.5			1.0138633355618651
7303.4			1.007303220918977
7304.3			0.9996305462162823
7305.200000000001			1.0
7306.1			1.0
7307.0			1.0
7307.9			1.0
7308.8			1.0
7309.700000000001			1.0
7310.6			1.0
7311.5			1.0
7312.4			1.0
7313.3			1.0
7314.200000000001			1.0
7315.1			1.0
7316.0			1.0
7316.9			1.0
7317.8			1.0
7318.700000000001			1.0
7319.6			1.0
7320.5			1.0
7321.4			1.0
7322.3			1.0
7323.200000000001			1.0
7324.1			1.0
7325.0			1.0
7325.9			1.0
7326.8			1.0
7327.700000000001			1.0
7328.6			1.0
7329.5			1.0
7330.4			1.0
7331.3			1.0
7332.200000000001			1.0
7333.1			1.0
7334.0			1.0
7334.9			1.0
7335.8			1.0
7336.700000000001			1.002302242273102
7337.6			1.0021059823721792
7338.5			1.0041264134053975
7339.4			1.013133997802858
7340.3			1.0252192917796146
7341.200000000001			1.028631386757692
7342.1			1.017351912535688
7343.0			1.0037949400433404
7343.9			1.0030529149037761
7344.8			1.0
7345.700000000001			1.0
7346.6			1.0
7347.5			1.0
7348.4			1.0
7349.3			1.0
7350.200000000001			1.0
7351.1			1.0
7352.0			1.0
7352.9			1.0
7353.8			1.0
7354.700000000001			1.0
7355.6			1.0
7356.5			1.0
7357.4			1.0
7358.3			1.0
7359.200000000001			1.0
7360.1			1.0
7361.0			1.0
7361.9			1.0
7362.8			1.0
7363.700000000001			1.0
7364.6			1.0
7365.5			1.0
7366.4			1.0
7367.3			1.0
7368.200000000001			1.0
7369.1			1.0
7370.0			1.0
7370.9			1.0
7371.8			1.0
7372.700000000001			1.0
7373.6			1.0
7374.5			1.0
7375.4			1.0
7376.3			1.0
7377.200000000001			1.0
7378.1			1.0
7379.0			1.0
7379.9			1.0
7380.8			1.0
7381.700000000001			1.0
7382.6			1.0
7383.5			1.0
7384.4			1.0
7385.3			1.0
7386.200000000001			1.0
7387.1			1.0
7388.0			1.0
7388.9			1.0
7389.8			1.0
7390.700000000001			1.0
7391.6			1.0
7392.5			1.0
7393.4			1.0
7394.3			1.0
7395.200000000001			1.0
7396.1			1.0
7397.0			1.0
7397.9			1.0
7398.8			1.0
7399.700000000001			1.0
7400.6			1.0
7401.5			1.0
7402.4			1.0
7403.3			1.0
7404.200000000001			1.0
7405.1			1.0
7406.0			1.0
7406.9			1.0
7407.8			1.0
7408.700000000001			1.0
7409.6			1.0
7410.5			1.0
7411.4			1.0
7412.3			1.0
7413.200000000001			1.0
7414.1			1.0
7415.0			1.0
7415.9			1.0
7416.8			1.0
7417.700000000001			1.0
7418.6			1.0
7419.5			1.0
7420.4			1.0
7421.3			1.0
7422.200000000001			1.0
7423.1			1.0
7424.0			1.0
7424.9			1.0
7425.8			1.0
7426.700000000001			1.0
7427.6			1.0
7428.5			1.0
7429.4			1.0
