3500.0			1.0
3500.9			1.0
3501.8			1.0
3502.7			1.0
3503.6			1.0
3504.5			1.0
3505.4			1.0
3506.3			1.0
3507.2			1.0
3508.1			1.0
3509.0			1.0
3509.9			1.0
3510.8			1.0
3511.7			1.0
3512.6			1.0
3513.5			1.0
3514.4			1.0
3515.3			1.0
3516.2			1.0
3517.1			1.0
3518.0			1.0
3518.9			1.0
3519.8			1.0
3520.7			1.0
3521.6			1.0
3522.5			1.0
3523.4			1.0
3524.3			1.0
3525.2			1.0
3526.1			1.0
3527.0			1.0
3527.9			1.0
3528.8			1.0
3529.7			1.0
3530.6			1.0
3531.5			1.0
3532.4			1.0
3533.3			1.0
3534.2			1.0
3535.1			1.0
3536.0			1.0
3536.9			1.0
3537.8			1.0
3538.7			1.0
3539.6			1.0
3540.5			1.0
3541.4			1.0
3542.3			1.0
3543.2			1.0
3544.1			1.0
3545.0			1.0
3545.9			1.0
3546.8			1.0
3547.7			1.0
3548.6			1.0
3549.5			1.0
3550.4			1.0
3551.3			1.0
3552.2			1.0
3553.1			1.0
3554.0			1.0
3554.9			1.0
3555.8			1.0
3556.7			1.0
3557.6			1.0
3558.5			1.0
3559.4			1.0
3560.3			1.0
3561.2			1.0
3562.1			1.0
3563.0			1.0
3563.9			1.0
3564.8			1.0
3565.7			1.0
3566.6			1.0
3567.5			1.0
3568.4			1.0
3569.3			1.0
3570.2			1.0
3571.1			1.0
3572.0			1.0
3572.9			1.0
3573.8			1.0
3574.7			1.0
3575.6			1.0
3576.5			1.0
3577.4			1.0
3578.3			1.0
3579.2			1.0
3580.1			1.0
3581.0			1.0
3581.9			1.0
3582.8			1.0
3583.7			1.0
3584.6			1.0
3585.5			1.0
3586.4			1.0
3587.3			1.0
3588.2			1.0
3589.1			1.0
3590.0			1.0
3590.9			1.0
3591.8			1.0
3592.7			1.0
3593.6			1.0
3594.5			1.0
3595.4			1.0
3596.3			1.0
3597.2			1.0
3598.1			1.0
3599.0			1.0
3599.9			1.0
3600.8			1.0
3601.7			1.0
3602.6			1.0
3603.5			1.0
3604.4			1.0
3605.3			1.0
3606.2			1.0
3607.1			1.0
3608.0			1.0
3608.9			1.0
3609.8			1.0
3610.7			1.0
3611.6			1.0
3612.5			1.0
3613.4			1.0
3614.3			1.0
3615.2			1.0
3616.1			1.0
3617.0			1.0
3617.9			1.0
3618.8			1.0
3619.7			1.0
3620.6			1.0
3621.5			1.0
3622.4			1.0
3623.3			1.0
3624.2			1.0
3625.1			1.0
3626.0			1.0
3626.9			1.0
3627.8			1.0
3628.7			1.0
3629.6			1.0
3630.5			1.0
3631.4			1.0
3632.3			1.0
3633.2			1.0
3634.1			1.0
3635.0			1.0
3635.9			1.0
3636.8			1.0
3637.7			1.0
3638.6			1.0
3639.5			1.0
3640.4			1.0
3641.3			1.0
3642.2			1.0
3643.1			1.0
3644.0			1.0
3644.9			1.0
3645.8			1.0
3646.7			1.0
3647.6			1.0
3648.5			1.0
3649.4			1.0
3650.3			1.0
3651.2			1.0
3652.1			1.0
3653.0			1.0
3653.9			1.0
3654.8			1.0
3655.7			1.0
3656.6			1.0
3657.5			1.0
3658.4			1.0
3659.3			1.0
3660.2			1.0
3661.1			1.0
3662.0			1.0
3662.9			1.0
3663.8			1.0
3664.7			1.0
3665.6			1.0
3666.5			1.0
3667.4			1.0
3668.3			1.0
3669.2			1.0
3670.1			1.0
3671.0			1.0
3671.9			1.0
3672.8			1.0
3673.7			1.0
3674.6			1.0
3675.5			1.0
3676.4			1.0
3677.3			1.0
3678.2			1.0
3679.1			1.0
3680.0			1.0
3680.9			1.0
3681.8			1.0
3682.7			1.0
3683.6			1.0
3684.5			1.0
3685.4			1.0
3686.3			1.0
3687.2			1.0
3688.1			1.0
3689.0			1.0
3689.9			1.0
3690.8			1.0
3691.7			1.0
3692.6			1.0
3693.5			1.0
3694.4			1.0
3695.3			1.0
3696.2			1.0
3697.1			1.0
3698.0			1.0
3698.9			1.0
3699.8			1.0
3700.7			1.0
3701.6			1.0
3702.5			1.0
3703.4			1.0
3704.3			1.0
3705.2			1.0
3706.1			1.0
3707.0			1.0
3707.9			1.0
3708.8			1.0
3709.7			1.0
3710.6			1.0
3711.5			1.0
3712.4			1.0
3713.3			1.0
3714.2			1.0
3715.1			1.0
3716.0			1.0
3716.9			1.0
3717.8			1.0
3718.7			1.0
3719.6			1.0
3720.5			1.0
3721.4			1.0
3722.3			1.0
3723.2			1.0
3724.1			1.0
3725.0			1.0
3725.9			1.0
3726.8			1.0
3727.7			1.0
3728.6			1.0
3729.5			1.0
3730.4			1.0
3731.3			1.0
3732.2			1.0
3733.1			1.0
3734.0			1.0
3734.9			1.0
3735.8			1.0
3736.7			1.0
3737.6			1.0
3738.5			1.0
3739.4			1.0
3740.3			1.0
3741.2			1.0
3742.1			1.0
3743.0			1.0
3743.9			1.0
3744.8			1.0
3745.7			1.0
3746.6			1.0
3747.5			1.0
3748.4			1.0
3749.3			1.0
3750.2			1.0
3751.1			1.0
3752.0			1.0
3752.9			1.0
3753.8			1.0
3754.7			1.0
3755.6			1.0
3756.5			1.0
3757.4			1.0
3758.3			1.0
3759.2			1.0
3760.1			1.0
3761.0			1.0
3761.9			1.0
3762.8			1.0
3763.7			1.0
3764.6			1.0
3765.5			1.0
3766.4			1.0
3767.3			1.0
3768.2			1.0
3769.1			1.0
3770.0			1.0
3770.9			1.0
3771.8			1.0
3772.7			1.0
3773.6			1.0
3774.5			1.0
3775.4			1.0
3776.3			1.0
3777.2			1.0
3778.1			1.0
3779.0			1.0
3779.9			1.0
3780.8			1.0
3781.7			1.0
3782.6			1.0
3783.5			1.0
3784.4			1.0
3785.3			1.0
3786.2			1.0
3787.1			1.0
3788.0			1.0
3788.9			1.0
3789.8			1.0
3790.7			1.0
3791.6			1.0
3792.5			1.0
3793.4			1.0
3794.3			1.0
3795.2			1.0
3796.1			1.0
3797.0			1.0
3797.9			1.0
3798.8			1.0
3799.7			1.0
3800.6			1.0
3801.5			1.0
3802.4			1.0
3803.3			1.0
3804.2			1.0
3805.1			1.0
3806.0			1.0
3806.9			1.0
3807.8			1.0
3808.7			1.0
3809.6			1.0
3810.5			1.0
3811.4			1.0
3812.3			1.0
3813.2			1.0
3814.1			1.0
3815.0			1.0
3815.9			1.0
3816.8			1.0
3817.7			1.0
3818.6			1.0
3819.5			1.0
3820.4			1.0
3821.3			1.0
3822.2			1.0
3823.1			1.0
3824.0			1.0
3824.9			1.0
3825.8			1.0
3826.7			1.0
3827.6			1.0
3828.5			1.0
3829.4			1.0
3830.3			1.0
3831.2			1.0
3832.1			1.0
3833.0			1.0
3833.9			1.0
3834.8			1.0
3835.7			1.0
3836.6			1.0
3837.5			1.0
3838.4			1.0
3839.3			1.0
3840.2			1.0
3841.1			1.0
3842.0			1.0
3842.9			1.0
3843.8			1.0
3844.7			1.0
3845.6			1.0
3846.5			1.0
3847.4			1.0
3848.3			1.0
3849.2			1.0
3850.1			1.0
3851.0			1.0
3851.9			1.0
3852.8			1.0
3853.7			1.0
3854.6			1.0
3855.5			1.0
3856.4			1.0
3857.3			1.0
3858.2			1.0
3859.1			1.0
3860.0			1.0
3860.9			1.0
3861.8			1.0
3862.7			1.0
3863.6			1.0
3864.5			1.0
3865.4			1.0
3866.3			1.0
3867.2			1.0
3868.1			1.0
3869.0			1.0
3869.9			1.0
3870.8			1.0
3871.7			1.0
3872.6			1.0
3873.5			1.0
3874.4			1.0
3875.3			1.0
3876.2			1.0
3877.1			1.0
3878.0			1.0
3878.9			1.0
3879.8			1.0
3880.7			1.0
3881.6			1.0
3882.5			1.0
3883.4			1.0
3884.3			1.0
3885.2			1.0
3886.1			1.0
3887.0			1.0
3887.9			1.0
3888.8			1.0
3889.7			1.0
3890.6			1.0
3891.5			1.0
3892.4			1.0
3893.3			1.0
3894.2			1.0
3895.1			1.0
3896.0			1.0
3896.9			1.0
3897.8			1.0
3898.7			1.0
3899.6			1.0
3900.5			1.0
3901.4			1.0
3902.3			1.0
3903.2			1.0
3904.1			1.0
3905.0			1.0
3905.9			1.0
3906.8			1.0
3907.7			1.0
3908.6			1.0
3909.5			1.0
3910.4			1.0
3911.3			1.0
3912.2			1.0
3913.1			1.0
3914.0			1.0
3914.9			1.0
3915.8			1.0
3916.7			1.0
3917.6			1.0
3918.5			1.0
3919.4			1.0
3920.3			1.0
3921.2			1.0
3922.1			1.0
3923.0			1.0
3923.9			1.0
3924.8			1.0
3925.7			1.0
3926.6			1.0
3927.5			1.0
3928.4			1.0
3929.3			1.0
3930.2			1.0
3931.1			1.0
3932.0			1.0
3932.9			1.0
3933.8			1.0
3934.7			1.0
3935.6			1.0
3936.5			1.0
3937.4			1.0
3938.3			1.0
3939.2			1.0
3940.1			1.0
3941.0			1.0
3941.9			1.0
3942.8			1.0
3943.7			1.0
3944.6			1.0
3945.5			1.0
3946.4			1.0
3947.3			1.0
3948.2			1.0
3949.1			1.0
3950.0			1.0
3950.9			1.0
3951.8			1.0
3952.7			1.0
3953.6			1.0
3954.5			1.0
3955.4			1.0
3956.3			1.0
3957.2			1.0
3958.1			1.0
3959.0			1.0
3959.9			1.0
3960.8			1.0
3961.7			1.0
3962.6			1.0
3963.5			1.0
3964.4			1.0
3965.3			1.0
3966.2			1.0
3967.1			1.0
3968.0			1.0
3968.9			1.0
3969.8			1.0
3970.7			1.0
3971.6			1.0
3972.5			1.0
3973.4			1.0
3974.3			1.0
3975.2			1.0
3976.1			1.0
3977.0			1.0
3977.9			1.0
3978.8			1.0
3979.7			1.0
3980.6			1.0
3981.5			1.0
3982.4			1.0
3983.3			1.0
3984.2			1.0
3985.1			1.0
3986.0			1.0
3986.9			1.0
3987.8			1.0
3988.7			1.0
3989.6			1.0
3990.5			1.0
3991.4			1.0
3992.3			1.0
3993.2			1.0
3994.1			1.0
3995.0			1.0
3995.9			1.0
3996.8			1.0
3997.7			1.0
3998.6			1.0
3999.5			1.0
4000.4			1.0
4001.3			1.0
4002.2			1.0298725827992696
4003.1			1.0646468528808344
4004.0			0.9987385654735496
4004.9			0.8465032227145358
4005.8			0.7849379834279314
4006.7			0.8563377855740013
4007.6			0.9546757509747266
4008.5			1.001512420128369
4009.4			0.9997992197301598
4010.3			1.0
4011.2			1.0
4012.1			1.0
4013.0			1.0
4013.9			1.0
4014.8			1.0
4015.7			1.0
4016.6			1.0
4017.5			1.0
4018.4			1.0
4019.3			1.0
4020.2			1.0
4021.1			1.0
4022.0			1.0
4022.9			1.0
4023.8			1.0
4024.7			1.0
4025.6			1.0
4026.5			1.0470642272824529
4027.4			1.0732802153643823
4028.3			1.0750247518530485
4029.2			1.0232665223414634
4030.1			0.9121828183281386
4031.0			0.8363269631302261
4031.9			0.8274821107376656
4032.8			0.8223990055707296
4033.7			0.8271988302513705
4034.6			0.8541191219912353
4035.5			0.9008853045581765
4036.4			0.9690598496824087
4037.3			1.0269210300539777
4038.2			1.0389896975096484
4039.1			1.001447321758748
4040.0			1.0
4040.9			1.0
4041.8			1.0436109178452715
4042.7			1.0647225862501264
4043.6			0.9718974356383501
4044.5			0.7968482227548113
4045.4			0.6695855406254366
4046.3			0.7255012474135443
4047.2			0.898392198694511
4048.1			0.9943724422377138
4049.0			0.9996494643014151
4049.9			1.0
4050.8			1.0
4051.7			1.0
4052.6			1.0
4053.5			1.0
4054.4			1.0
4055.3			1.0
4056.2			1.0
4057.1			0.9532987449763908
4058.0			0.9093896929467971
4058.9			0.9391691834380802
4059.8			1.0146872853950148
4060.7			1.0532674348311954
4061.6			1.001314389312372
4062.5			0.8702551598752503
4063.4			0.7649044308676151
4064.3			0.8047572861554353
4065.2			0.8964366787854604
4066.1			0.8954720395203414
4067.0			0.8633917959750113
4067.9			0.9063718184440961
4068.8			0.9865599470825388
4069.7			0.9959352262447118
4070.6			1.0
4071.5			1.0
4072.4			1.0
4073.3			1.1062490981479072
4074.2			1.1177912359775635
4075.1			1.0442481753855266
4076.0			0.9331234602911428
4076.9			0.8282190019804181
4077.8			0.8067216692270635
4078.7			0.8697199375236788
4079.6			0.950852226895242
4080.5			1.022778916533855
4081.4			1.0433052013699518
4082.3			0.9940072285452995
4083.2			1.0
4084.1			1.0
4085.0			1.0
4085.9			1.0
4086.8			1.0
4087.7			1.0
4088.6			1.0
4089.5			1.0
4090.4			1.0
4091.3			1.0
4092.2			0.9760088976520969
4093.1			0.9918021538648617
4094.0			1.0123776121980061
4094.9			0.9642466226939961
4095.8			0.9034894694565372
4096.7			0.8841414218213958
4097.6			0.8884080305093036
4098.5			0.886726386992763
4099.4			0.8563306565457257
4100.3			0.7620437500843549
4101.2			0.6548772226322147
4102.1			0.6485555197670275
4103.0			0.7467175455227317
4103.9			0.8419043081781539
4104.8			0.9069357631542241
4105.7			0.9653948804889984
4106.6			0.9972163984023131
4107.5			1.0029507208983997
4108.4			0.9943123999982199
4109.3			0.9736311458218507
4110.2			0.9628307097048264
4111.1			0.9735958078927321
4112.0			0.998534213762337
4112.9			1.0
4113.8			1.0
4114.7			1.0
4115.6			1.0
4116.5			1.0
4117.4			1.0
4118.3			1.0
4119.2			1.0
4120.1			1.0
4121.0			1.0
4121.9			1.0
4122.8			0.9850945928398843
4123.7			0.9998206861122316
4124.6			1.0361107217876562
4125.5			1.0406113015560063
4126.4			1.0110252115296963
4127.3			0.9825154957911318
4128.2			0.9780917121418545
4129.1			1.0031807949441869
4130.0			1.0291186911610508
4130.9			1.01275985036582
4131.8			0.9484885141561568
4132.7			0.9177011410126572
4133.6			0.939374049473546
4134.5			0.9871526053428475
4135.4			1.079622716167911
4136.3			1.1409731849029292
4137.2			1.1400954471434166
4138.1			1.1595498758015892
4139.0			1.0
4139.9			1.008841208768655
4140.8			0.9935024719483793
4141.7			0.9343917093700309
4142.6			0.836362458976987
4143.5			0.7816360804108964
4144.4			0.8371104871790818
4145.3			0.9314767671656389
4146.2			1.0
4147.1			1.0111802889097903
4148.0			1.0113979589345443
4148.9			0.9760469153897582
4149.8			0.9438328780181963
4150.7			0.9536181556675698
4151.6			0.9665718631934511
4152.5			0.9616385428357054
4153.4			1.0
4154.3			0.9638897312214418
4155.2			0.9667055081619865
4156.1			0.960122600375118
4157.0			0.9608077463625067
4157.9			1.0020853885765528
4158.8			1.0459265725979876
4159.7			1.061362338203122
4160.6			1.04775609473244
4161.5			1.0567845561229892
4162.4			1.106616222329899
4163.3			1.1235179903782337
4164.2			1.1013861876147446
4165.1			1.0889885073147791
4166.0			1.068910941232435
4166.9			1.0077817851670299
4167.8			0.9789898546434285
4168.7			1.0254788864036046
4169.6			1.0661549176715814
4170.5			1.0408871462100477
4171.4			0.9485292073198304
4172.3			0.8572390440438551
4173.2			0.8425823712485047
4174.1			0.8896447649333955
4175.0			0.9386427363632941
4175.9			0.9637920786142978
4176.8			0.946723589431297
4177.7			0.9208487752238433
4178.6			0.9452985431771835
4179.5			0.996683611076822
4180.4			1.0160787321510887
4181.3			0.9722424339024499
4182.2			0.9266765603228818
4183.1			0.930646453105611
4184.0			1.0
4184.9			1.044224749224898
4185.8			1.0350445706629932
4186.7			1.0
4187.6			0.9400876031198501
4188.5			0.9880618693340383
4189.4			1.0600774151713224
4190.3			1.07434858339167
4191.2			1.0371034387288383
4192.1			1.0537613663662613
4193.0			1.12658492325951
4193.9			1.128484210548378
4194.8			1.0419103656811408
4195.7			0.9589942096326135
4196.6			0.9371855881981894
4197.5			0.9155852561340158
4198.4			0.8728457445557143
4199.3			0.894789879547739
4200.2			0.9321963494911787
4201.1			0.905716757079984
4202.0			0.873182642653107
4202.9			0.9079656136506198
4203.8			0.9563919639691708
4204.7			0.9676555425584812
4205.6			0.9792191092377487
4206.5			1.002166744163283
4207.4			1.0253438302929698
4208.3			1.0370665787978328
4209.2			1.0036265511562028
4210.1			1.0
4211.0			1.0
4211.9			1.0
4212.8			1.0163683399801955
4213.7			0.9987281882639691
4214.6			0.934694379129955
4215.5			0.852476573559403
4216.4			0.848649931842066
4217.3			0.91793405571171
4218.2			0.9623262135511244
4219.1			0.976509604858171
4220.0			1.0000047091759339
4220.9			1.0
4221.8			0.9889244575025969
4222.7			0.9404287737042191
4223.6			0.885211065002651
4224.5			0.820598334974382
4225.4			0.7244847041900377
4226.3			0.613940357804476
4227.2			1.0
4228.1			1.2289782915463292
4229.0			1.426101923712739
4229.9			1.4578801999606956
4230.8			1.440532151436594
4231.7			1.392926681418171
4232.6			1.2906628833932416
4233.5			1.220988212327125
4234.4			1.2058208342382821
4235.3			1.1324915376975386
4236.2			1.035527783348609
4237.1			1.027372372733881
4238.0			1.0495213514115096
4238.9			1.0267035564395022
4239.8			1.0084225636031212
4240.7			1.041450481056764
4241.6			1.0561535683904373
4242.5			1.003554381576212
4243.4			0.9782896720813802
4244.3			1.0
4245.2			1.0381864904027744
4246.1			1.0115272098735866
4247.0			0.9505615001596736
4247.9			0.9071092867721701
4248.8			0.895513247501634
4249.7			0.8818379429746165
4250.6			0.902542452001371
4251.5			0.9997136035625465
4252.4			1.081918629033536
4253.3			1.0654554083717063
4254.2			0.9974975390951276
4255.1			1.0
4256.0			1.0
4256.9			1.063754284455397
4257.8			1.0359057836673056
4258.7			0.9350910297103604
4259.6			0.8348231487220666
4260.5			0.7781969519233276
4261.4			0.8228775187477244
4262.3			0.9380191069963799
4263.2			1.0
4264.1			1.005433297939332
4265.0			1.0064035243062033
4265.9			1.0189148133267718
4266.8			0.9923659653061823
4267.7			0.941876199016758
4268.6			0.9158415908708489
4269.5			0.8884625807717816
4270.4			0.8155196086084319
4271.3			0.7216546749092988
4272.2			0.7240801508989168
4273.1			0.7942178408361871
4274.0			0.8114589719782135
4274.9			0.8089183808288068
4275.8			0.8708279337063711
4276.7			0.9579358324521977
4277.6			1.0067666095311953
4278.5			0.9998618064670503
4279.4			1.0
4280.3			1.0
4281.2			1.0
4282.1			1.0
4283.0			1.0
4283.9			1.0126021633757467
4284.8			0.9628130598331573
4285.7			0.9044715821218063
4286.6			1.0
4287.5			1.028578196913469
4288.4			1.003128838692973
4289.3			0.9140055311542381
4290.2			0.8672812397238654
4291.1			0.9126697249525975
4292.0			1.0098736857025923
4292.9			1.0811596055376809
4293.8			1.0554291193629581
4294.7			0.9955248315992227
4295.6			0.9691524503275808
4296.5			0.924239217870473
4297.4			0.856863894726513
4298.3			0.7801150431244885
4299.2			0.6763379867688919
4300.1			0.6279436916483488
4301.0			0.6646686025333375
4301.9			0.6926687796928965
4302.8			0.6802636188690778
4303.7			0.6926701455040685
4304.6			0.7102202203489753
4305.5			0.7117074961642361
4306.4			0.7078069770671808
4307.3			0.650408780817399
4308.2			0.5742625938924655
4309.1			0.5722526004589117
4310.0			0.6072513351269547
4310.9			0.6376043364542808
4311.8			0.6776476570054383
4312.7			0.7461307529828708
4313.6			0.821267416981968
4314.5			0.880769398891108
4315.4			0.9820455675675258
4316.3			1.1015690832212834
4317.2			1.1450495277632375
4318.1			1.1301812151209085
4319.0			1.1073794592558945
4319.9			1.0
4320.8			0.9693017313554843
4321.7			0.9458342003186665
4322.6			0.8802601712361252
4323.5			0.7549992745253621
4324.4			0.6588940698301436
4325.3			0.625737253314878
4326.2			0.6816001962384498
4327.1			0.8235800158649909
4328.0			0.9511249654983363
4328.9			1.0081400078786997
4329.8			1.0003759918626587
4330.7			1.0
4331.6			1.004262170791352
4332.5			1.0181913323547815
4333.4			1.0180558694529573
4334.3			1.0257879165108084
4335.2			1.0335771361702977
4336.1			0.9906744006742966
4337.0			0.879747717536615
4337.9			0.7686021749782361
4338.8			0.6931319377839255
4339.7			0.6169487534563145
4340.6			0.5864942675529429
4341.5			0.6682823046030821
4342.4			0.7825809047853604
4343.3			0.8297762085517152
4344.2			0.8507711213780756
4345.1			0.9030738603267129
4346.0			1.0
4346.9			0.997145299090784
4347.8			1.0041207736447366
4348.7			1.0475016210186372
4349.6			1.0657469854947672
4350.5			0.9825337036783371
4351.4			0.8479225141762227
4352.3			0.8031245897132546
4353.2			0.8740099491590105
4354.1			0.9432474470743836
4355.0			0.9532278807257496
4355.9			0.9629563383824342
4356.8			0.9964677073826368
4357.7			0.9996102965032732
4358.6			1.0
4359.5			1.0
4360.4			1.0
4361.3			1.0
4362.2			1.0
4363.1			1.0
4364.0			1.0
4364.9			1.0
4365.8			1.0
4366.7			1.0
4367.6			1.0
4368.5			1.0
4369.4			1.0
4370.3			0.9862719774819879
4371.2			0.9804756243198455
4372.1			0.9843052459341041
4373.0			1.0
4373.9			0.9328928442042168
4374.8			0.8863904342248922
4375.7			0.9116380633961421
4376.6			0.9853102534503386
4377.5			1.047055397146033
4378.4			1.0709620820664842
4379.3			1.0626776090481198
4380.2			1.0500767931197335
4381.1			1.0397458346780988
4382.0			0.9599568312809096
4382.9			0.7834249067414906
4383.8			0.6569227855575644
4384.7			0.6982273022183907
4385.6			0.8466896932589111
4386.5			0.9607554340557207
4387.4			0.9839728149819977
4388.3			0.9695256367941453
4389.2			0.9517024249535387
4390.1			0.9324724299845152
4391.0			0.9404005376665653
4391.9			0.98130184924979
4392.8			1.0145825256393146
4393.7			0.9999274592781674
4394.6			1.0
4395.5			1.0
4396.4			1.0
4397.3			1.0
4398.2			0.9978276238849761
4399.1			0.9525241378964169
4400.0			0.8858381706443221
4400.9			0.8635177363957424
4401.8			0.9218373793101388
4402.7			0.9652357666564771
4403.6			0.8947017693802822
4404.5			0.7902133538030209
4405.4			0.8035614022439135
4406.3			0.8889209366314205
4407.2			0.9114192938974979
4408.1			0.8815578820020648
4409.0			0.8941859861338608
4409.9			1.0
4410.8			1.0411504136128045
4411.7			1.0686724208086913
4412.6			1.079365096770952
4413.5			1.0322351752992645
4414.4			0.9212484131425004
4415.3			0.8420450947987753
4416.2			0.8625096370438423
4417.1			0.9014699151849171
4418.0			0.9279835375786175
4418.9			0.9677233114007885
4419.8			0.9972744752177508
4420.7			1.0
4421.6			1.0
4422.5			1.0
4423.4			1.0
4424.3			1.0
4425.2			1.0
4426.1			1.0
4427.0			1.0
4427.9			1.0301656291596828
4428.8			1.0529841771984019
4429.7			1.0172655751060953
4430.6			0.9752717784061439
4431.5			1.0008638838992405
4432.4			1.0280016853493585
4433.3			1.0052351590189594
4434.2			0.9559083042213429
4435.1			0.9213228706037856
4436.0			0.9510834558484058
4436.9			1.0
4437.8			1.0659226671875628
4438.7			1.0956839879924571
4439.6			1.0833737084958166
4440.5			1.0350929027648874
4441.4			0.9729227206386674
4442.3			0.921008147780071
4443.2			0.9100725753917024
4444.1			0.9554300948288489
4445.0			1.0247548774996362
4445.9			1.0582835743195818
4446.8			1.0330184417321868
4447.7			1.0105336856286882
4448.6			1.0259743944093629
4449.5			1.0242697997172463
4450.4			0.9981171618630185
4451.3			0.9949133300251862
4452.2			1.0073761439390836
4453.1			0.9838706604817473
4454.0			0.911259090094946
4454.9			0.8403780806724889
4455.8			0.8352999006428421
4456.7			0.8685594453798319
4457.6			0.8803891429177635
4458.5			0.8707411212996
4459.4			0.8717888347889042
4460.3			0.8753045211251301
4461.2			0.850975510014795
4462.1			0.8476873461494383
4463.0			0.9060524694117995
4463.9			0.9507267285343243
4464.8			0.9458519125667494
4465.7			0.9390861781037643
4466.6			0.9405178368221105
4467.5			0.9384872793528871
4468.4			0.9152906159855903
4469.3			0.8837715493699031
4470.2			0.8864155257505547
4471.1			0.9231645736381212
4472.0			0.96189440037244
4472.9			0.986456738689024
4473.8			1.0014432450600645
4474.7			1.0
4475.6			1.0
4476.5			1.0
4477.4			1.0251300458412635
4478.3			1.0202139620931971
4479.2			0.9651848647709645
4480.1			0.8903456506821511
4481.0			0.839253030004645
4481.9			0.836978545283709
4482.8			0.8850510538474329
4483.7			0.9482572190125891
4484.6			0.9853458621358987
4485.5			0.9992519058760648
4486.4			0.9997608166609167
4487.3			1.0
4488.2			1.0
4489.1			1.0
4490.0			1.0
4490.9			1.0
4491.8			1.0
4492.7			1.0
4493.6			1.0
4494.5			1.0
4495.4			1.0
4496.3			1.0
4497.2			1.0
4498.1			1.0
4499.0			1.0
4499.9			1.0
4500.8			1.0
4501.7			1.0
4502.6			1.0
4503.5			1.0
4504.4			1.0
4505.3			1.0
4506.2			1.0
4507.1			1.0
4508.0			1.0
4508.9			1.0
4509.8			1.0
4510.7			1.0
4511.6			1.0
4512.5			1.0
4513.4			1.0
4514.3			1.0
4515.2			1.002987907516214
4516.1			1.0178561654532818
4517.0			1.0123414622363103
4517.9			0.9993856147280956
4518.8			1.0126445357740135
4519.7			1.0348370254571342
4520.6			1.048498497653229
4521.5			1.0407101962851577
4522.4			1.0083166403304598
4523.3			0.993118497384351
4524.2			0.9945584908911306
4525.1			0.9704068621355416
4526.0			0.9296421974652819
4526.9			0.8984848740542162
4527.8			0.8765111293376254
4528.7			0.863581371483829
4529.6			0.8769471547316534
4530.5			0.9024115142569693
4531.4			0.9303043800776871
4532.3			0.9484229467623958
4533.2			0.9257089404359842
4534.1			0.8852041043145825
4535.0			0.8692006710822939
4535.9			1.0
4536.8			1.0911946474886034
4537.7			1.15245780722468
4538.6			1.1428523318970198
4539.5			1.1009556523406212
4540.4			1.0596023271807145
4541.3			1.0441007863849827
4542.2			1.0631717904614715
4543.1			1.0796370836595723
4544.0			1.055710659201419
4544.9			1.0177246557787305
4545.8			1.0034528335161463
4546.7			1.001954790613562
4547.6			0.9929122729806691
4548.5			0.9522305406192559
4549.4			0.9047938131265729
4550.3			0.9205374278212897
4551.2			0.9643939557147209
4552.1			0.9727602667598424
4553.0			0.9613427207382904
4553.9			0.9426148991922999
4554.8			0.9247317518112891
4555.7			0.9226634245071667
4556.6			0.9525649672125838
4557.5			0.9864040900937011
4558.4			0.9959643959220026
4559.3			0.9968538116816986
4560.2			1.0000753615764801
4561.1			1.0
4562.0			1.0035024631251843
4562.9			0.977739915601601
4563.8			0.9288022825136577
4564.7			0.8936879005162921
4565.6			0.8941446313467467
4566.5			0.9370961211325715
4567.4			0.9860913772172772
4568.3			1.0008016192475981
4569.2			1.0003115810567618
4570.1			1.0
4571.0			1.0
4571.9			0.975873625349406
4572.8			1.0167356299797994
4573.7			1.0552722283523932
4574.6			1.05062447316298
4575.5			1.0407098022854115
4576.4			1.0424415829609863
4577.3			1.0439310860516882
4578.2			1.0258057683167061
4579.1			0.9840938360126619
4580.0			0.936135801129172
4580.9			0.9107422799630048
4581.8			0.916633524117038
4582.7			0.9330108592775147
4583.6			0.9331306562664474
4584.5			0.9312995983463628
4585.4			0.9291216465849809
4586.3			0.9322791014515821
4587.2			0.9620093760703561
4588.1			0.9964291567184467
4589.0			1.0115110885318117
4589.9			1.000395868690594
4590.8			1.0
4591.7			1.0
4592.6			1.0
4593.5			1.0
4594.4			1.0
4595.3			1.0
4596.2			1.0
4597.1			1.0
4598.0			1.0
4598.9			1.0
4599.8			1.0
4600.7			1.0
4601.6			1.0
4602.5			1.0
4603.4			1.0
4604.3			1.0
4605.2			1.0
4606.1			1.0
4607.0			1.0
4607.9			1.0
4608.8			1.0
4609.7			1.0
4610.6			1.0
4611.5			1.0
4612.4			1.0
4613.3			1.0
4614.2			1.0
4615.1			1.0
4616.0			1.0
4616.9			1.0
4617.8			1.0
4618.7			1.0
4619.6			1.0
4620.5			1.0
4621.4			1.0
4622.3			1.0
4623.2			1.0
4624.1			1.0
4625.0			1.0
4625.9			1.0
4626.8			1.0
4627.7			1.0
4628.6			1.0
4629.5			1.0
4630.4			1.0
4631.3			1.0
4632.2			1.0
4633.1			1.0
4634.0			1.0
4634.9			1.0
4635.8			1.0
4636.7			1.0
4637.6			1.0
4638.5			0.9965140362879129
4639.4			1.0054086693161959
4640.3			1.0178385493936328
4641.2			1.0437452590078742
4642.1			1.0600215450383523
4643.0			1.0495266154969287
4643.9			1.0323420391005058
4644.8			1.0174185043094561
4645.7			0.9850451315256507
4646.6			0.9452595258551034
4647.5			0.9327111955152778
4648.4			0.9541088459972612
4649.3			0.9934293651315201
4650.2			1.0291676738776259
4651.1			1.0468974239007296
4652.0			1.0580670626362971
4652.9			1.0639261655559864
4653.8			1.0
4654.7			0.968258614050844
4655.6			0.9579658730501741
4656.5			0.9636772864773118
4657.4			0.9917755083986584
4658.3			1.041610052871213
4659.2			1.0814212269233145
4660.1			1.0897942855065759
4661.0			1.070102447852264
4661.9			1.038783555072403
4662.8			1.011889439095965
4663.7			1.0025573803397652
4664.6			1.0040359032917978
4665.5			0.9735526097986889
4666.4			0.9008239106344074
4667.3			0.84718789202577
4668.2			0.8681545735152144
4669.1			0.9387866985660779
4670.0			1.0031320547927938
4670.9			1.0384173481314685
4671.8			1.0389748627716446
4672.7			1.0182933227063307
4673.6			1.0144590268527485
4674.5			1.0386290725180316
4675.4			1.0734461409784026
4676.3			1.0958275759571658
4677.2			1.0827117723500268
4678.1			1.040844838328207
4679.0			1.007777915369529
4679.9			0.999775775492613
4680.8			1.0
4681.7			1.0
4682.6			1.0
4683.5			1.0
4684.4			1.0
4685.3			1.0
4686.2			1.0
4687.1			1.0
4688.0			1.0
4688.9			1.0
4689.8			0.9941531838431446
4690.7			0.9816047350047951
4691.6			0.9749926849181371
4692.5			0.9853338332636459
4693.4			0.9999524399928545
4694.3			1.0074899525616337
4695.2			1.014123803264893
4696.1			1.0191942588109195
4697.0			1.0031378816946717
4697.9			0.9641039135060878
4698.8			0.9354459972374024
4699.7			0.9385574924265524
4700.6			0.9454354402728826
4701.5			0.9282890550312173
4702.4			0.8955667149627582
4703.3			0.8892774095573774
4704.2			0.9242148792319661
4705.1			0.9625188801408953
4706.0			0.9692500990853913
4706.9			0.9433632176954586
4707.8			0.9132406395244026
4708.7			0.9021006258980443
4709.6			0.9169314755323547
4710.5			0.9538779147503558
4711.4			0.9815388721845081
4712.3			0.9796612128520934
4713.2			0.9539978257320245
4714.1			0.9228754593744898
4715.0			0.9251277709143716
4715.9			1.0
4716.8			1.036498533612826
4717.7			1.048326518426204
4718.6			1.0565320252480959
4719.5			1.0675268426278537
4720.4			1.066344892616417
4721.3			1.0498182770762476
4722.2			1.034509163888441
4723.1			1.0405992191151794
4724.0			1.0590926145073647
4724.9			1.070067819399918
4725.8			1.0560495970739847
4726.7			1.008130095979377
4727.6			0.9564672013789665
4728.5			0.9345291843964489
4729.4			0.9346473926044231
4730.3			0.9391892504801255
4731.2			0.9492058777231155
4732.1			0.971204714178459
4733.0			0.9907409947497081
4733.9			1.0026406872686033
4734.8			1.0053742291265015
4735.7			0.9786545286753764
4736.6			0.9483742227071279
4737.5			0.9687441082300386
4738.4			1.0125122356655663
4739.3			1.0217756844638588
4740.2			0.999432391295461
4741.1			1.0
4742.0			1.0
4742.9			1.0
4743.8			1.0
4744.7			1.0
4745.6			1.0
4746.5			1.0
4747.4			1.0
4748.3			1.0
4749.2			1.0
4750.1			1.0
4751.0			1.0
4751.9			1.0
4752.8			1.0
4753.7			1.0
4754.6			1.0
4755.5			1.0
4756.4			1.0
4757.3			1.0156893517121877
4758.2			1.0399039324727593
4759.1			1.0593862224598123
4760.0			1.0633189624440016
4760.9			1.0316568962979231
4761.8			0.9792855873342217
4762.7			0.9503081226014678
4763.6			0.9494229043136597
4764.5			0.9425397132202717
4765.4			0.9214795889970296
4766.3			0.9191498392610986
4767.2			0.947773137956763
4768.1			0.9771047651087734
4769.0			1.0039279698488686
4769.9			1.0184029811219288
4770.8			0.997400593660947
4771.7			0.9666669292408683
4772.6			0.9678645641608188
4773.5			0.9989894475942148
4774.4			1.0
4775.3			1.0
4776.2			0.9883746334130298
4777.1			0.9992414983542697
4778.0			1.012650076208846
4778.9			1.0039973160827815
4779.8			0.9928671170081838
4780.7			1.0010554702189496
4781.6			1.0041246077742392
4782.5			0.9774285950598587
4783.4			0.9554708044558669
4784.3			0.9720120188312596
4785.2			0.9766062626094512
4786.1			0.9434295589960338
4787.0			0.9341058225106821
4787.9			0.9538933164116304
4788.8			0.9564441942804061
4789.7			0.9540425851902915
4790.6			0.9670041606761067
4791.5			0.9752402436046801
4792.4			0.9822729287728628
4793.3			1.0114372470645787
4794.2			1.0
4795.1			1.0147923310982785
4796.0			1.0118329438570142
4796.9			0.9967380720460512
4797.8			0.9695225586721801
4798.7			0.9408997588845156
4799.6			0.9299892443830257
4800.5			0.9445103120086591
4801.4			0.9787257676016763
4802.3			1.0066519838732955
4803.2			1.0139441727435081
4804.1			1.0011841621204731
4805.0			1.0
4805.9			1.0
4806.8			1.0
4807.7			1.0
4808.6			1.0
4809.5			1.0
4810.4			1.0
4811.3			1.0
4812.2			1.0
4813.1			1.0
4814.0			1.0
4814.9			1.0
4815.8			1.0
4816.7			1.0
4817.6			1.0
4818.5			1.0
4819.4			1.0
4820.3			1.0
4821.2			1.0
4822.1			1.0
4823.0			1.0
4823.9			1.0
4824.8			1.0
4825.7			1.0
4826.6			1.0
4827.5			1.0
4828.4			1.0
4829.3			1.0
4830.2			1.0
4831.1			1.0
4832.0			1.0
4832.9			1.0
4833.8			1.0
4834.7			1.0
4835.6			1.0
4836.5			1.0
4837.4			1.0
4838.3			1.0
4839.2			1.0
4840.1			1.0
4841.0			1.0
4841.9			1.0
4842.8			1.0
4843.7			1.0
4844.6			1.0
4845.5			1.0
4846.4			1.0
4847.3			1.0
4848.2			1.0
4849.1			1.0
4850.0			1.0271220926725217
4850.9			1.0488851802353205
4851.8			1.0418692526434898
4852.7			1.0296914104993136
4853.6			1.0116201048756503
4854.5			0.9647313032638059
4855.4			0.915919083556177
4856.3			0.9161628175454778
4857.2			0.9442491531672257
4858.1			0.9370966544279771
4859.0			0.867002251449076
4859.9			0.7468455048542098
4860.8			0.6371084650710265
4861.7			0.6335104403564596
4862.6			0.7445238138415736
4863.5			0.8548107816599763
4864.4			0.9117152328902118
4865.3			0.9510352399190052
4866.2			0.9843589849548022
4867.1			1.0058452559875866
4868.0			1.0
4868.9			1.00614168548405
4869.8			0.9832779824102887
4870.7			0.920227668921728
4871.6			0.8781629285784538
4872.5			0.9096217313906397
4873.4			0.969728545182219
4874.3			1.0000915968274158
4875.2			1.0
4876.1			1.0
4877.0			1.0
4877.9			1.0
4878.8			1.0
4879.7			1.0
4880.6			1.0
4881.5			1.0
4882.4			1.0
4883.3			1.006875197951822
4884.2			0.9902523364876427
4885.1			0.9536897181905208
4886.0			0.930103413749138
4886.9			0.9322754901575308
4887.8			0.9442880493866507
4888.7			0.9463858033901167
4889.6			0.9245911770515342
4890.5			0.8783516933745376
4891.4			0.8632408913278687
4892.3			0.9258655715616507
4893.2			1.0056324142035362
4894.1			1.0464606033656734
4895.0			1.058847611549848
4895.9			1.053106664315339
4896.8			1.043248426359854
4897.7			1.0390514678530218
4898.6			1.0265361055345557
4899.5			1.0014680702597925
4900.4			1.0
4901.3			1.0
4902.2			1.0
4903.1			1.0
4904.0			1.0
4904.9			1.0243295992056742
4905.8			1.0509371104435479
4906.7			1.047847026594582
4907.6			1.0189831479877913
4908.5			0.97996377649404
4909.4			0.9315671267286786
4910.3			0.8946061844083237
4911.2			1.0
4912.1			1.0354778981541044
4913.0			1.0649228987350767
4913.9			1.083549350723936
4914.8			1.1025870511126714
4915.7			1.1055420537378375
4916.6			1.0697168180074015
4917.5			0.9983740145432013
4918.4			0.9176875687059494
4919.3			0.8615477713621821
4920.2			0.8488933899071708
4921.1			0.8812140988830367
4922.0			0.9342052803826526
4922.9			0.9547626411914809
4923.8			0.9378000536902075
4924.7			0.9371762787402164
4925.6			0.9723135160441926
4926.5			1.000587213706249
4927.4			1.0011789913375846
4928.3			1.0033704855762344
4929.2			1.0
4930.1			1.0
4931.0			0.9946306132701096
4931.9			0.9805018858899064
4932.8			0.9392236052676228
4933.7			0.9038044625525486
4934.6			0.9207291633854349
4935.5			0.955546336946848
4936.4			0.95169678109477
4937.3			0.9128783181369368
4938.2			0.8716565946607656
4939.1			0.866734012438408
4940.0			0.9161320908061209
4940.9			0.9773421504443446
4941.8			1.0039054311833737
4942.7			1.0115858590702624
4943.6			1.022985844236401
4944.5			1.0178876174403328
4945.4			0.990514814008167
4946.3			0.9783236536052824
4947.2			1.0002714110899646
4948.1			1.0
4949.0			1.0
4949.9			1.0
4950.8			1.0
4951.7			1.0
4952.6			1.0
4953.5			1.0
4954.4			1.0
4955.3			0.9893492694744591
4956.2			0.9264053988681439
4957.1			0.8346968736790199
4958.0			0.8227920301424488
4958.9			0.9111179357513067
4959.8			0.9895086757813154
4960.7			1.003567925600171
4961.6			1.0
4962.5			1.0
4963.4			1.0
4964.3			1.0
4965.2			1.0
4966.1			1.0
4967.0			1.0
4967.9			1.0
4968.8			1.0
4969.7			1.0
4970.6			1.0
4971.5			1.0
4972.4			1.0
4973.3			1.0
4974.2			1.0
4975.1			1.0
4976.0			0.9937747435929628
4976.9			0.9841640620978022
4977.8			0.9651697540201429
4978.7			0.946344086387379
4979.6			0.944320489242245
4980.5			0.9461003112178734
4981.4			0.9183507731320979
4982.3			0.864538463361772
4983.2			0.8334807017117691
4984.1			0.8492592660511291
4985.0			0.8866379427155813
4985.9			0.9361260050555575
4986.8			0.9948964223401745
4987.7			1.0309812138837986
4988.6			1.0304232194889684
4989.5			1.0158272557582695
4990.4			0.9970561782209915
4991.3			1.0
4992.2			1.0
4993.1			1.0
4994.0			1.0
4994.9			1.0156247004794146
4995.8			1.0400424718715247
4996.7			1.0475908675948522
4997.6			1.0334095494898037
4998.5			1.001389284295635
4999.4			0.9660058154356829
5000.3			0.9453859764199559
5001.2			0.93693710623311
5002.1			0.9353118317174558
5003.0			0.9452350428333719
5003.9			0.9491891182173229
5004.8			0.9184756872380956
5005.7			0.8715535805919665
5006.6			0.866246239639102
5007.5			0.9192443826881858
5008.4			0.9795496786779766
5009.3			0.9998132795340349
5010.2			0.9847296206536655
5011.1			0.9506409866589531
5012.0			0.9043440131689665
5012.9			0.868580179555995
5013.8			0.8586891041823115
5014.7			0.8780738678789455
5015.6			0.9089188559279787
5016.5			0.9113658250915996
5017.4			0.8805204045811805
5018.3			0.8654849754208898
5019.2			0.8954877110130107
5020.1			0.9325221937617885
5021.0			0.9362068733400599
5021.9			0.9182106995163757
5022.8			0.9172122570194212
5023.7			0.9372106624556608
5024.6			0.950288959827583
5025.5			0.9479488731268095
5026.4			0.928542237639707
5027.3			0.9022991590628165
5028.2			0.9110211387694621
5029.1			0.9463724969437419
5030.0			0.9631701542888201
5030.9			0.964906304980121
5031.8			1.0
5032.7			1.028211323045278
5033.6			1.0396827997828404
5034.5			1.0099202649192915
5035.4			0.957158707838568
5036.3			0.940039999303672
5037.2			0.9653973892782983
5038.1			0.9724890440406369
5039.0			0.9435280950780237
5039.9			0.8965053102553141
5040.8			0.8486228350380773
5041.7			0.8598587136940952
5042.6			0.9492478431525001
5043.5			1.0335815310474912
5044.4			1.0724570798355384
5045.3			1.096904198105459
5046.2			1.1089779008487555
5047.1			1.0826319200586614
5048.0			1.0303603193380837
5048.9			1.0004414536229418
5049.8			1.0
5050.7			1.0
5051.6			1.0
5052.5			1.0
5053.4			1.0
5054.3			1.0
5055.2			1.0
5056.1			1.0
5057.0			1.0
5057.9			1.0
5058.8			1.0
5059.7			1.0
5060.6			1.0
5061.5			1.0
5062.4			1.0
5063.3			1.0
5064.2			1.0
5065.1			1.0
5066.0			1.0
5066.9			1.0
5067.8			1.0
5068.7			1.0
5069.6			1.0
5070.5			1.0
5071.4			1.0
5072.3			1.0
5073.2			1.0038307842081606
5074.1			1.0150628256258931
5075.0			1.009872495170822
5075.9			1.0128505366910237
5076.8			1.0321086439625902
5077.7			1.0265268071763278
5078.6			0.9641892070362628
5079.5			0.8929380887678503
5080.4			0.8825555462632643
5081.3			0.9255476405901031
5082.2			0.9601826863518816
5083.1			0.9607189599034817
5084.0			0.9659405803191388
5084.9			0.9949945671096155
5085.8			1.0171997116771456
5086.7			1.012642795869677
5087.6			0.9990476048551347
5088.5			1.0
5089.4			1.0
5090.3			1.0
5091.2			1.0
5092.1			1.0
5093.0			1.0
5093.9			1.0
5094.8			0.994176179474807
5095.7			0.9797383231511354
5096.6			0.9455496421346452
5097.5			0.9013379715507549
5098.4			0.8651364141430233
5099.3			0.8653858309774842
5100.2			0.9194418221906494
5101.1			0.9863162914507492
5102.0			1.0182112188905663
5102.9			1.0146321492964152
5103.8			1.0001870651688403
5104.7			1.0
5105.6			1.0
5106.5			1.0
5107.4			1.0
5108.3			1.0
5109.2			1.0
5110.1			1.0
5111.0			1.0
5111.9			1.0
5112.8			1.0
5113.7			1.0
5114.6			1.0
5115.5			1.0
5116.4			1.0
5117.3			1.0
5118.2			1.0
5119.1			1.0
5120.0			1.0
5120.9			1.0
5121.8			1.0
5122.7			1.0
5123.6			1.0
5124.5			1.0
5125.4			1.0
5126.3			1.0
5127.2			1.0
5128.1			1.0
5129.0			1.0
5129.9			1.0
5130.8			1.0
5131.7			1.0
5132.6			1.0
5133.5			1.0
5134.4			1.0
5135.3			1.0
5136.2			1.0
5137.1			1.0
5138.0			1.0
5138.9			1.0
5139.8			1.0
5140.7			1.0
5141.6			1.0
5142.5			1.0
5143.4			1.0
5144.3			1.0
5145.2			1.0
5146.1			1.0
5147.0			1.0
5147.9			1.0
5148.8			1.0
5149.7			1.0
5150.6			1.0
5151.5			1.0
5152.4			1.0
5153.3			1.0
5154.2			1.0
5155.1			1.0
5156.0			1.0
5156.9			1.0
5157.8			1.0
5158.7			1.0
5159.6			1.0
5160.5			1.0
5161.4			1.0
5162.3			1.0
5163.2			1.003309242043607
5164.1			1.0026291314812945
5165.0			0.9696495082092645
5165.9			0.9089091209274986
5166.8			0.829612024327711
5167.7			0.7899991676388955
5168.6			0.8467730004292038
5169.5			0.9655473045078317
5170.4			1.0379157848460416
5171.3			0.9705055363560573
5172.2			0.841296608158003
5173.1			0.836675778342265
5174.0			0.9975153411724968
5174.9			1.1751507234615661
5175.8			1.2601566034084297
5176.7			1.281693825785614
5177.6			1.3028424371316778
5178.5			1.0
5179.4			1.0009318138942942
5180.3			0.9956651156228941
5181.2			0.9677594060834808
5182.1			0.8736664020868861
5183.0			0.7269990773704088
5183.9			0.6603047177849224
5184.8			0.7618882344177885
5185.7			0.9191656873109852
5186.6			1.0073854672528244
5187.5			1.0199720429989516
5188.4			1.0064126933940243
5189.3			1.0
5190.2			1.0
5191.1			1.0
5192.0			1.0
5192.9			1.0
5193.8			1.0
5194.7			1.0
5195.6			1.0
5196.5			1.0
5197.4			1.0
5198.3			1.015466217630386
5199.2			1.0389073278191148
5200.1			1.0531064336110108
5201.0			1.0454941697456928
5201.9			1.024991117767231
5202.8			1.0137318596378353
5203.7			1.0004367001009427
5204.6			0.9586073111390507
5205.5			0.9200514090998105
5206.4			0.9209467046406133
5207.3			0.9288243763336304
5208.2			0.9081659395942222
5209.1			0.9067256091624227
5210.0			0.941318395200115
5210.9			0.9660789547235917
5211.8			1.0
5212.7			1.0171563476071912
5213.6			1.0115253815184144
5214.5			0.9731112916459999
5215.4			0.9254723580397214
5216.3			0.9029574037135837
5217.2			0.9126912792189474
5218.1			0.9425400168191239
5219.0			0.9789499067092196
5219.9			1.0005432770678035
5220.8			1.0
5221.7			1.0
5222.6			0.9968883678645863
5223.5			0.9841600931291095
5224.4			0.9547880244673886
5225.3			0.9060408877328923
5226.2			0.8449839733484577
5227.1			0.8176781695224636
5228.0			0.8700952438091121
5228.9			0.9462769006111945
5229.8			0.9803441182307089
5230.7			0.9976364068399662
5231.6			0.9971677576592798
5232.5			1.0
5233.4			1.0
5234.3			1.0
5235.2			1.0
5236.1			1.0
5237.0			1.0
5237.9			1.0
5238.8			1.0
5239.7			1.0
5240.6			1.0
5241.5			1.0
5242.4			1.0
5243.3			1.0
5244.2			1.0
5245.1			1.0
5246.0			1.0
5246.9			1.0
5247.8			1.0
5248.7			1.0
5249.6			1.0
5250.5			1.0
5251.4			1.0
5252.3			1.0
5253.2			1.0
5254.1			1.0
5255.0			0.9825737335695025
5255.9			0.9993228530499273
5256.8			1.0406007310852785
5257.7			1.0676987254917125
5258.6			1.0753789639099196
5259.5			1.0682080151085804
5260.4			1.0410102704462068
5261.3			0.9917254849542967
5262.2			0.9355795639857568
5263.1			0.8947909284438251
5264.0			0.8674092085284448
5264.9			0.8444406188634764
5265.8			0.833133134909749
5266.7			0.8618338057478335
5267.6			0.9148886034252633
5268.5			0.90400373281856
5269.4			0.8281291341779601
5270.3			0.8073376868690865
5271.2			0.8839839528340343
5272.1			0.9538312842079325
5273.0			0.9573346332663539
5273.9			0.9410443269592988
5274.8			0.9217529005438523
5275.7			0.9106737052929972
5276.6			0.9510999395780556
5277.5			1.0
5278.4			1.0222580596261546
5279.3			1.0071483542765802
5280.2			0.9758793033589869
5281.1			0.948902044555857
5282.0			0.9345536547521256
5282.9			0.9172467343100551
5283.8			0.8991409658782229
5284.7			0.9186655754689427
5285.6			0.9755457915943683
5286.5			1.0154040650786351
5287.4			1.0178593056499219
5288.3			1.0022541450310474
5289.2			0.9989325772755697
5290.1			1.0
5291.0			1.004750945335285
5291.9			0.9965301151538707
5292.8			0.982720838054664
5293.7			0.9766182188833775
5294.6			0.9779364043089374
5295.5			0.9675015506493913
5296.4			0.9318934104903164
5297.3			0.8823884811909616
5298.2			0.8579309078989358
5299.1			0.8892609460137562
5300.0			0.9365568620203061
5300.9			0.9458374585441411
5301.8			0.9364927498940675
5302.7			0.9431133744261557
5303.6			0.9704240514131597
5304.5			0.9952846016990193
5305.4			1.0000002612178458
5306.3			1.0
5307.2			1.0
5308.1			1.0
5309.0			1.0
5309.9			1.0
5310.8			1.0
5311.7			1.0
5312.6			1.0
5313.5			1.0
5314.4			1.0
5315.3			1.0
5316.2			1.0
5317.1			1.0
5318.0			1.0
5318.9			1.0
5319.8			1.0
5320.7			1.0
5321.6			0.9904125858546533
5322.5			0.9813084075776753
5323.4			0.9563819614710422
5324.3			0.9218814468009018
5325.2			0.9251202291570604
5326.1			0.9470552479918772
5327.0			0.9148483139762233
5327.9			0.8317350138370899
5328.8			0.7982943045385479
5329.7			0.8674082545235793
5330.6			0.9524641493172273
5331.5			0.9857914037776451
5332.4			0.975944946491702
5333.3			0.9658770654780572
5334.2			0.9822812201586776
5335.1			1.001691688264487
5336.0			1.0
5336.9			0.9879861012471663
5337.8			0.9834645790340121
5338.7			0.9777475103395882
5339.6			0.9452964016267371
5340.5			0.908966430064879
5341.4			0.9174761185605543
5342.3			0.9601338538942297
5343.2			0.9904755418166704
5344.1			0.9996870836937464
5345.0			1.0
5345.9			1.0
5346.8			1.0
5347.7			1.0
5348.6			1.0
5349.5			1.0
5350.4			1.0
5351.3			1.0
5352.2			1.0
5353.1			1.0
5354.0			1.0
5354.9			1.0
5355.8			1.0
5356.7			1.0
5357.6			1.0
5358.5			1.0
5359.4			1.0
5360.3			1.0
5361.2			0.9870454911159364
5362.1			0.9652797391970419
5363.0			0.9506381006818485
5363.9			0.9460195322027615
5364.8			0.937574881669925
5365.7			0.935228153544629
5366.6			0.9467515323351022
5367.5			0.9494516722955155
5368.4			0.9473245242872526
5369.3			0.9326875679928563
5370.2			0.8960942241813492
5371.1			0.8751754387988334
5372.0			0.9000077747014305
5372.9			0.9564984378188345
5373.8			0.998156972969527
5374.7			1.017157872725102
5375.6			1.028643101217173
5376.5			1.0259030417859147
5377.4			1.015499635177054
5378.3			1.01128635146178
5379.2			1.0102694217749026
5380.1			1.0035142146198797
5381.0			0.9989700316779139
5381.9			1.0
5382.8			0.9899338475806186
5383.7			0.9909333334470359
5384.6			1.0176933234341905
5385.5			1.0400054313029208
5386.4			1.0378308137798153
5387.3			1.029889376236464
5388.2			1.0226817339095897
5389.1			1.0072199491539309
5390.0			0.9873588972260288
5390.9			0.9738078114940882
5391.8			0.9657541086571423
5392.7			0.962336105663599
5393.6			0.9650081874199706
5394.5			0.9743024565271691
5395.4			0.9785072800534503
5396.3			0.9578217703265833
5397.2			0.927851982793142
5398.1			0.93166688097849
5399.0			0.9609203136642709
5399.9			0.971383220552534
5400.8			0.9707306526099193
5401.7			0.9816230013127033
5402.6			0.9817557554461228
5403.5			0.9434320808711971
5404.4			0.8918971188331615
5405.3			0.8699709616145996
5406.2			0.8882463200969914
5407.1			0.9281552106345465
5408.0			0.9564301482729877
5408.9			0.9491425957292738
5409.8			0.9232051679990956
5410.7			0.9202876208997903
5411.6			0.9500435976673385
5412.5			0.9797895947821765
5413.4			0.9801340962333435
5414.3			0.9606784482491065
5415.2			0.9511119268665467
5416.1			0.9676712649855901
5417.0			0.9916040023105376
5417.9			0.9955003265685332
5418.8			0.9861037658596423
5419.7			1.0
5420.6			0.9868026931074177
5421.5			0.9865233176134177
5422.4			0.9923858762330301
5423.3			0.970269730756005
5424.2			0.936080096715027
5425.1			0.9446183096548201
5426.0			0.9924809142145037
5426.9			1.0240506722718807
5427.8			1.013579140560063
5428.7			0.9638985122237201
5429.6			0.9131293555806488
5430.5			0.9197455567187723
5431.4			0.9638008958816536
5432.3			0.9707385149526326
5433.2			0.9444737389479615
5434.1			0.9214974611322369
5435.0			0.9150028583641424
5435.9			0.9237576242111365
5436.8			0.9444305563596991
5437.7			0.9743199446099408
5438.6			0.9994199850497515
5439.5			1.0
5440.4			1.0
5441.3			1.0
5442.2			1.000569620140858
5443.1			0.9995371113618252
5444.0			0.9819916211462926
5444.9			0.9471441453827414
5445.8			0.9077831218521936
5446.7			0.8847994956950598
5447.6			0.9053708805698782
5448.5			0.960514999117658
5449.4			0.9977835857118394
5450.3			1.0050881323640464
5451.2			1.0
5452.1			0.9906801126254201
5453.0			0.9806131991891051
5453.9			0.9587861478855495
5454.8			0.9176496480776433
5455.7			0.8892631869511349
5456.6			0.9173207338131324
5457.5			0.974098878353567
5458.4			1.0015661666326017
5459.3			0.9993597531927653
5460.2			1.0
5461.1			1.0
5462.0			1.0
5462.9			1.0
5463.8			1.0
5464.7			1.0
5465.6			1.0
5466.5			1.0
5467.4			1.0
5468.3			1.0
5469.2			1.0
5470.1			1.0
5471.0			1.0
5471.9			1.0036553316176398
5472.8			0.9973030977117533
5473.7			0.9891361677170672
5474.6			0.9878468583055395
5475.5			0.9661441504511272
5476.4			0.9195980818000149
5477.3			0.9095051428247506
5478.2			0.9618858660387353
5479.1			1.0142934309113427
5480.0			1.0185987271841264
5480.9			0.9916636671250287
5481.8			0.9822012321362118
5482.7			1.003380139879455
5483.6			1.0
5484.5			1.0
5485.4			1.0
5486.3			1.0
5487.2			1.0
5488.1			1.0
5489.0			1.0
5489.9			1.0
5490.8			1.0
5491.7			1.0
5492.6			1.0
5493.5			1.0
5494.4			1.0
5495.3			1.0
5496.2			1.0
5497.1			1.0
5498.0			1.0
5498.9			1.0
5499.8			1.0
5500.7			1.0
5501.6			1.0
5502.5			1.0
5503.4			1.0
5504.3			1.0
5505.2			1.0
5506.1			1.0
5507.0			1.0
5507.9			1.0
5508.8			1.0
5509.7			1.0
5510.6			1.0
5511.5			1.0
5512.4			1.0
5513.3			1.0
5514.2			1.0
5515.1			1.0
5516.0			1.0
5516.9			1.0
5517.8			1.0
5518.7			1.0
5519.6			1.0
5520.5			1.0
5521.4			1.0
5522.3			1.0
5523.2			1.0
5524.1			0.9971017337159035
5525.0			0.9853895637925466
5525.9			0.9682595207013716
5526.8			0.9466361236607026
5527.7			0.9211725292463246
5528.6			0.912783024270677
5529.5			0.9452667373369956
5530.4			0.991143268561649
5531.3			1.0091480402241801
5532.2			1.0057200372424797
5533.1			0.9990863255983007
5534.0			1.0
5534.9			1.0
5535.8			1.0
5536.7			1.0
5537.6			1.0
5538.5			1.0
5539.4			1.0
5540.3			1.0
5541.2			1.0
5542.1			1.0
5543.0			1.0
5543.9			1.0
5544.8			1.0
5545.7			1.0
5546.6			1.0
5547.5			1.0
5548.4			1.0
5549.3			1.0
5550.200000000001			1.0
5551.1			1.0
5552.0			1.0
5552.9			1.0
5553.8			1.0
5554.700000000001			1.0
5555.6			1.0
5556.5			1.0
5557.4			1.0
5558.3			1.0
5559.200000000001			1.0
5560.1			1.0
5561.0			1.0
5561.9			1.0
5562.8			1.0
5563.700000000001			1.0
5564.6			1.0
5565.5			1.0
5566.4			1.0
5567.3			1.0
5568.200000000001			1.0
5569.1			1.0
5570.0			1.0
5570.9			1.0
5571.8			1.0
5572.700000000001			1.0
5573.6			1.0
5574.5			1.0
5575.4			1.0
5576.3			1.000654038239086
5577.200000000001			1.0137928028798688
5578.1			1.0171331353110262
5579.0			1.0204095931261725
5579.9			1.0276996107619747
5580.8			1.0195094149151243
5581.700000000001			1.0104323554039527
5582.6			1.0190124938701681
5583.5			1.0247133926777476
5584.4			1.0086849055986822
5585.3			0.9772350757282932
5586.200000000001			0.935851700594614
5587.1			0.911753001214125
5588.0			0.9204737398245514
5588.9			0.9408281859572186
5589.8			0.9682863483740237
5590.700000000001			0.9941624044770041
5591.6			0.9995697442266714
5592.5			0.9890869879637453
5593.4			0.9775638512627347
5594.3			0.9807511089259706
5595.200000000001			1.0153690903779464
5596.1			1.043396112869224
5597.0			1.0294791264923153
5597.9			0.9999178688740875
5598.8			1.0
5599.700000000001			1.0
5600.6			1.0
5601.5			1.0
5602.4			1.0
5603.3			1.0
5604.200000000001			1.0
5605.1			1.0
5606.0			1.0
5606.9			1.0
5607.8			1.0
5608.700000000001			1.0
5609.6			1.0
5610.5			1.0
5611.4			1.0079121691237536
5612.3			1.0111902500567387
5613.200000000001			0.9905290478453095
5614.1			0.9365162029870755
5615.0			0.8870759040680218
5615.9			0.8989959199258692
5616.8			0.9538256075314338
5617.700000000001			0.987817937481439
5618.6			0.9955422046680199
5619.5			1.0
5620.4			1.0
5621.3			1.0
5622.200000000001			1.0
5623.1			1.0
5624.0			1.0
5624.9			1.0
5625.8			1.0
5626.700000000001			1.0
5627.6			1.0
5628.5			1.0
5629.4			1.0
5630.3			1.0
5631.200000000001			1.0
5632.1			1.0
5633.0			1.0
5633.9			1.0
5634.8			1.0
5635.700000000001			1.0
5636.6			1.0
5637.5			1.0
5638.4			1.0
5639.3			1.0
5640.200000000001			1.0
5641.1			1.0
5642.0			1.0
5642.9			1.0
5643.8			1.0
5644.700000000001			1.0
5645.6			1.0
5646.5			1.0
5647.4			1.0
5648.3			0.9891320109536497
5649.200000000001			0.9726656508432359
5650.1			0.969268676021768
5651.0			0.9821912817456288
5651.9			0.994194818710359
5652.8			0.9873362367086074
5653.700000000001			0.9647403064727851
5654.6			0.9495018289758982
5655.5			0.9585347226900294
5656.4			0.963086823072774
5657.3			0.929724804825448
5658.200000000001			0.898123521999027
5659.1			0.9180647746457488
5660.0			0.9580686583601385
5660.9			0.9673627754538314
5661.8			0.9562630039439644
5662.700000000001			0.9607812200327668
5663.6			0.9872569989374536
5664.5			1.00912474114976
5665.4			1.0081726707851533
5666.3			0.9946857973850114
5667.200000000001			0.9901605022288563
5668.1			0.9986695753621687
5669.0			1.0
5669.9			1.0
5670.8			1.0
5671.700000000001			1.0
5672.6			1.0
5673.5			1.0
5674.4			1.0
5675.3			1.0
5676.200000000001			1.0
5677.1			1.0
5678.0			1.0
5678.9			1.0
5679.8			1.0
5680.700000000001			1.0
5681.6			1.0
5682.5			1.0
5683.4			1.0
5684.3			1.0
5685.200000000001			1.0
5686.1			1.0
5687.0			1.0
5687.9			1.0
5688.8			1.0
5689.700000000001			1.0
5690.6			1.0
5691.5			1.0
5692.4			1.0
5693.3			1.0
5694.200000000001			1.0
5695.1			1.0
5696.0			1.0
5696.9			1.0
5697.8			1.0
5698.700000000001			1.0
5699.6			1.0
5700.5			0.9858077569210243
5701.4			0.9770904849511619
5702.3			0.9878061050433113
5703.200000000001			1.0040763127307462
5704.1			1.0034645372966973
5705.0			0.9830741706490924
5705.9			0.962983799278905
5706.8			0.9531206170718309
5707.700000000001			0.9393827745623421
5708.6			0.9229490532423567
5709.5			0.9220037559798422
5710.4			0.9271459644139723
5711.3			0.9283258957967911
5712.200000000001			0.9499051372419048
5713.1			0.9858491527649871
5714.0			1.0028030455600536
5714.9			1.007142356509191
5715.8			1.0107733182298868
5716.700000000001			1.0045551884349133
5717.6			0.9959125270807863
5718.5			1.0001846231564646
5719.4			1.0
5720.3			1.0
5721.200000000001			1.0
5722.1			1.0
5723.0			1.0
5723.9			1.0
5724.8			1.0
5725.700000000001			1.0
5726.6			1.0
5727.5			1.0
5728.4			1.0
5729.3			1.0
5730.200000000001			1.0
5731.1			1.0
5732.0			1.0
5732.9			1.0
5733.8			1.0
5734.700000000001			1.0
5735.6			1.0
5736.5			1.0
5737.4			1.0
5738.3			1.0
5739.200000000001			1.0
5740.1			1.0
5741.0			1.0
5741.9			1.0
5742.8			1.0
5743.700000000001			1.0
5744.6			1.0
5745.5			1.0
5746.4			1.0
5747.3			1.0
5748.200000000001			1.0
5749.1			1.0
5750.0			1.0
5750.9			1.0
5751.8			1.0
5752.700000000001			1.0
5753.6			1.0
5754.5			1.0
5755.4			1.0
5756.3			1.0
5757.200000000001			1.0
5758.1			1.0
5759.0			1.0
5759.9			1.0
5760.8			1.0
5761.700000000001			1.0
5762.6			1.0
5763.5			1.0
5764.4			1.0
5765.3			1.0
5766.200000000001			1.0
5767.1			1.0
5768.0			1.0
5768.9			1.0
5769.8			1.0
5770.700000000001			1.0
5771.6			1.0
5772.5			1.0
5773.4			1.0
5774.3			1.0
5775.200000000001			1.0
5776.1			1.0
5777.0			1.0
5777.9			1.0
5778.8			1.0
5779.700000000001			1.0
5780.6			1.0
5781.5			1.0
5782.4			1.0
5783.3			1.0
5784.200000000001			1.0
5785.1			1.0
5786.0			1.0
5786.9			1.0
5787.8			1.0
5788.700000000001			1.0
5789.6			1.0
5790.5			1.0
5791.4			1.0
5792.3			1.0
5793.200000000001			1.0
5794.1			1.0
5795.0			1.0
5795.9			1.0
5796.8			1.0
5797.700000000001			1.0
5798.6			1.0
5799.5			1.0
5800.4			1.0
5801.3			1.0
5802.200000000001			1.0
5803.1			1.0
5804.0			1.0
5804.9			1.0
5805.8			1.0
5806.700000000001			1.0
5807.6			1.0
5808.5			1.0
5809.4			1.0
5810.3			1.0
5811.200000000001			1.0
5812.1			1.0
5813.0			1.0
5813.9			1.0
5814.8			1.0
5815.700000000001			1.0
5816.6			1.0
5817.5			1.0
5818.4			1.0
5819.3			1.0
5820.200000000001			1.0
5821.1			1.0
5822.0			1.0
5822.9			1.0
5823.8			1.0
5824.700000000001			1.0
5825.6			1.0
5826.5			1.0
5827.4			1.0
5828.3			1.0
5829.200000000001			1.0
5830.1			1.0
5831.0			1.0
5831.9			1.0
5832.8			1.0
5833.700000000001			1.0
5834.6			1.0
5835.5			1.0
5836.4			1.0
5837.3			1.0
5838.200000000001			1.0
5839.1			1.0
5840.0			1.0
5840.9			1.0
5841.8			1.0
5842.700000000001			1.0
5843.6			1.0
5844.5			1.0
5845.4			1.0
5846.3			1.0
5847.200000000001			1.0
5848.1			1.0
5849.0			1.0
5849.9			1.0
5850.8			1.0
5851.700000000001			1.0
5852.6			1.0
5853.5			1.0
5854.4			1.0
5855.3			1.0
5856.200000000001			1.0
5857.1			1.0
5858.0			1.0
5858.9			1.0
5859.8			1.0
5860.700000000001			1.0
5861.6			1.0
5862.5			1.0
5863.4			1.0
5864.3			1.0
5865.200000000001			1.0
5866.1			1.0
5867.0			1.0
5867.9			1.0
5868.8			1.0
5869.700000000001			1.0
5870.6			1.0
5871.5			1.0
5872.4			1.0
5873.3			1.0
5874.200000000001			1.0
5875.1			1.0
5876.0			1.0
5876.9			1.0
5877.8			1.0
5878.700000000001			1.0
5879.6			1.0
5880.5			1.0
5881.4			1.0
5882.3			1.0
5883.200000000001			1.0
5884.1			1.0
5885.0			1.0
5885.9			1.0189203265279358
5886.8			1.0244258494818073
5887.700000000001			0.9988983817986826
5888.6			0.923090031365165
5889.5			0.8363600848538759
5890.4			0.8393360055301959
5891.3			0.9339536940111884
5892.200000000001			1.0093518755670718
5893.1			1.0479946134698885
5894.0			1.054545324223108
5894.9			0.9971040014323238
5895.8			1.0
5896.700000000001			1.0
5897.6			1.0
5898.5			1.0
5899.4			1.0
5900.3			1.0
5901.200000000001			1.0
5902.1			1.0
5903.0			1.0
5903.9			1.0
5904.8			1.0
5905.700000000001			1.0
5906.6			1.0
5907.5			1.0
5908.4			1.0
5909.3			1.0
5910.200000000001			1.0
5911.1			1.0
5912.0			1.0
5912.9			1.0
5913.8			1.0
5914.700000000001			1.0
5915.6			1.0
5916.5			1.0
5917.4			1.0
5918.3			1.0
5919.200000000001			1.0
5920.1			1.0
5921.0			1.0
5921.9			1.0
5922.8			1.0
5923.700000000001			1.0
5924.6			1.0
5925.5			1.0
5926.4			1.0
5927.3			1.0
5928.200000000001			1.0
5929.1			1.0
5930.0			1.0
5930.9			1.0
5931.8			1.0
5932.700000000001			1.0
5933.6			1.0
5934.5			1.0
5935.4			1.0
5936.3			1.0
5937.200000000001			1.0
5938.1			1.0
5939.0			1.0
5939.9			1.0
5940.8			1.0
5941.700000000001			1.0
5942.6			1.0
5943.5			1.0
5944.4			1.0
5945.3			1.0
5946.200000000001			1.0
5947.1			1.0
5948.0			1.0
5948.9			1.0
5949.8			1.0
5950.700000000001			1.0
5951.6			1.0
5952.5			1.0
5953.4			1.0
5954.3			1.0
5955.200000000001			1.0
5956.1			1.0
5957.0			1.0
5957.9			1.0
5958.8			1.0
5959.700000000001			1.0
5960.6			1.0
5961.5			1.0
5962.4			1.0
5963.3			1.0
5964.200000000001			1.0
5965.1			1.0
5966.0			1.0
5966.9			1.0
5967.8			1.0
5968.700000000001			1.0
5969.6			1.0
5970.5			1.0
5971.4			1.0
5972.3			1.0
5973.200000000001			1.0
5974.1			1.0
5975.0			1.0
5975.9			1.0
5976.8			1.0
5977.700000000001			1.0
5978.6			1.0
5979.5			1.0
5980.4			1.0
5981.3			1.0
5982.200000000001			1.0
5983.1			1.0
5984.0			1.0
5984.9			1.0
5985.8			1.0
5986.700000000001			1.0
5987.6			1.0
5988.5			1.0
5989.4			1.0
5990.3			1.0
5991.200000000001			1.0
5992.1			1.0
5993.0			1.0
5993.9			1.0
5994.8			1.0
5995.700000000001			1.0
5996.6			1.0
5997.5			1.0
5998.4			1.0
5999.3			1.0
6000.200000000001			1.0
6001.1			1.0
6002.0			1.0
6002.9			1.0
6003.8			1.0
6004.700000000001			1.0
6005.6			1.0
6006.5			1.0
6007.4			1.0
6008.3			1.0
6009.200000000001			1.0
6010.1			1.0
6011.0			1.0
6011.9			1.0
6012.8			1.0
6013.700000000001			1.0
6014.6			1.0
6015.5			1.0
6016.4			1.0
6017.3			1.0
6018.200000000001			1.0
6019.1			1.0
6020.0			1.0
6020.9			1.0
6021.8			1.0
6022.700000000001			1.0
6023.6			1.0
6024.5			1.0
6025.4			1.0
6026.3			1.0
6027.200000000001			1.0
6028.1			1.0
6029.0			1.0
6029.9			1.0
6030.8			1.0
6031.700000000001			1.0
6032.6			1.0
6033.5			1.0
6034.4			1.0
6035.3			1.0
6036.200000000001			1.0
6037.1			1.0
6038.0			1.0
6038.9			1.0
6039.8			1.0
6040.700000000001			1.0
6041.6			1.0
6042.5			1.0
6043.4			1.0
6044.3			1.0
6045.200000000001			1.0
6046.1			1.0
6047.0			1.0
6047.9			1.0
6048.8			1.0
6049.700000000001			1.0
6050.6			1.0
6051.5			1.0
6052.4			1.0
6053.3			1.0
6054.200000000001			1.0
6055.1			1.0
6056.0			1.0
6056.9			1.0
6057.8			1.0
6058.700000000001			1.0
6059.6			1.0
6060.5			1.0
6061.4			1.0
6062.3			1.0
6063.200000000001			1.0
6064.1			1.0
6065.0			1.0
6065.9			1.0
6066.8			1.0
6067.700000000001			1.0
6068.6			1.0
6069.5			1.0
6070.4			1.0
6071.3			1.0
6072.200000000001			1.0
6073.1			1.0
6074.0			1.0
6074.9			1.0
6075.8			1.0
6076.700000000001			1.0
6077.6			1.0
6078.5			1.0
6079.4			1.0
6080.3			1.0
6081.200000000001			1.0
6082.1			1.0
6083.0			1.0
6083.9			1.0
6084.8			1.0
6085.700000000001			1.0
6086.6			1.0
6087.5			1.0
6088.4			1.0
6089.3			1.0
6090.200000000001			1.0
6091.1			1.0
6092.0			1.0
6092.9			1.0
6093.8			1.0
6094.700000000001			1.0
6095.6			1.0
6096.5			1.0
6097.4			1.0
6098.3			1.0
6099.200000000001			1.0
6100.1			1.0
6101.0			1.0
6101.9			1.0
6102.8			1.0
6103.700000000001			1.0
6104.6			1.0
6105.5			1.0
6106.4			1.0
6107.3			1.0
6108.200000000001			1.0
6109.1			1.0
6110.0			1.0
6110.9			1.0
6111.8			1.0
6112.700000000001			1.0
6113.6			1.0
6114.5			1.0
6115.4			1.0
6116.3			1.0
6117.200000000001			1.0
6118.1			1.0
6119.0			1.0
6119.9			1.0
6120.8			1.0
6121.700000000001			1.0
6122.6			1.0
6123.5			1.0
6124.4			1.0
6125.3			1.0
6126.200000000001			1.0
6127.1			1.0
6128.0			1.0
6128.9			1.0
6129.8			1.0
6130.700000000001			1.0
6131.6			1.0
6132.5			1.0
6133.4			1.0070989617290012
6134.3			1.005421813548955
6135.200000000001			0.9849984822315485
6136.1			0.9352389194731556
6137.0			0.8929706433709876
6137.9			0.9079950530056291
6138.8			0.9646176763473489
6139.700000000001			1.004774282641971
6140.6			1.0011504390519423
6141.5			1.0
6142.4			1.0
6143.3			1.0
6144.200000000001			1.0
6145.1			1.0
6146.0			1.0
6146.9			1.0
6147.8			1.0
6148.700000000001			1.0
6149.6			1.0
6150.5			1.0
6151.4			1.0
6152.3			1.0
6153.200000000001			1.0
6154.1			1.0
6155.0			1.0
6155.9			1.0
6156.8			1.0159181095045937
6157.700000000001			1.0246409008593662
6158.6			1.031735578412152
6159.5			1.0252797135515874
6160.4			0.9870547674126423
6161.3			0.9367644251091164
6162.200000000001			0.9123733505514391
6163.1			0.9234342372625262
6164.0			0.9518682925432913
6164.9			0.9776281721719217
6165.8			0.9886707172352618
6166.700000000001			0.9978683929316572
6167.6			0.999627348537313
6168.5			1.0
6169.4			1.0
6170.3			1.0
6171.200000000001			1.0
6172.1			1.0
6173.0			1.0
6173.9			1.0
6174.8			1.0
6175.700000000001			1.0
6176.6			1.0
6177.5			1.0
6178.4			1.0
6179.3			1.0
6180.200000000001			1.0
6181.1			1.0
6182.0			1.0
6182.9			1.0
6183.8			1.0
6184.700000000001			1.0
6185.6			1.0
6186.5			1.0
6187.4			1.0
6188.3			1.0
6189.200000000001			1.0
6190.1			1.0
6191.0			1.0
6191.9			1.0
6192.8			1.0
6193.700000000001			1.0
6194.6			1.0
6195.5			1.0
6196.4			1.0
6197.3			1.0
6198.200000000001			1.0
6199.1			1.0
6200.0			1.0
6200.9			1.0
6201.8			1.0
6202.700000000001			1.0
6203.6			1.0
6204.5			1.0
6205.4			1.0
6206.3			1.0
6207.200000000001			1.0
6208.1			1.0
6209.0			1.0
6209.9			1.0
6210.8			1.0
6211.700000000001			1.0
6212.6			1.0
6213.5			1.0
6214.4			1.0
6215.3			1.0
6216.200000000001			1.0
6217.1			1.0
6218.0			1.0
6218.9			1.0
6219.8			1.0
6220.700000000001			1.0
6221.6			1.0
6222.5			1.0
6223.4			1.0
6224.3			1.0
6225.200000000001			1.0
6226.1			1.0
6227.0			1.0
6227.9			1.0
6228.8			1.0
6229.700000000001			1.0
6230.6			1.0
6231.5			1.0
6232.4			1.0
6233.3			1.0
6234.200000000001			1.0
6235.1			1.0
6236.0			1.0
6236.9			1.0
6237.8			1.0
6238.700000000001			1.0
6239.6			1.0
6240.5			1.0
6241.4			1.0
6242.3			1.0
6243.200000000001			1.0
6244.1			1.0
6245.0			1.0
6245.9			1.0
6246.8			1.0
6247.700000000001			1.0
6248.6			1.0
6249.5			1.0
6250.4			1.0
6251.3			1.0
6252.200000000001			1.0
6253.1			1.0
6254.0			1.0
6254.9			1.0
6255.8			1.0
6256.700000000001			1.0
6257.6			1.0
6258.5			1.0
6259.4			1.0
6260.3			1.0
6261.200000000001			1.0
6262.1			1.0
6263.0			1.0
6263.9			1.0
6264.8			1.0
6265.700000000001			1.0
6266.6			1.0
6267.5			1.0
6268.4			1.0
6269.3			1.0
6270.200000000001			1.0
6271.1			1.0
6272.0			1.0
6272.9			1.0
6273.8			1.0
6274.700000000001			1.0
6275.6			1.0
6276.5			1.0
6277.4			1.0
6278.3			1.0
6279.200000000001			1.0
6280.1			1.0
6281.0			1.0
6281.9			1.0
6282.8			1.0
6283.700000000001			1.0
6284.6			1.0
6285.5			1.0
6286.4			1.0
6287.3			1.0
6288.200000000001			1.0
6289.1			1.0
6290.0			1.0
6290.9			1.0
6291.8			1.0
6292.700000000001			1.0
6293.6			1.0
6294.5			1.0
6295.4			1.0
6296.3			1.0
6297.200000000001			1.0
6298.1			1.0
6299.0			1.0
6299.9			1.0
6300.8			1.0
6301.700000000001			1.0
6302.6			1.0
6303.5			1.0
6304.4			1.0
6305.3			1.0
6306.200000000001			1.0
6307.1			1.0
6308.0			1.0
6308.9			1.0
6309.8			1.0
6310.700000000001			1.0
6311.6			1.0
6312.5			1.0
6313.4			1.0
6314.3			1.0
6315.200000000001			1.0
6316.1			1.0
6317.0			1.0
6317.9			1.0
6318.8			1.0
6319.700000000001			1.0
6320.6			1.0
6321.5			1.0
6322.4			1.0
6323.3			1.0
6324.200000000001			1.0
6325.1			1.0
6326.0			1.0
6326.9			1.0
6327.8			1.0
6328.700000000001			1.0
6329.6			1.0
6330.5			1.0
6331.4			1.0
6332.3			1.0
6333.200000000001			1.0
6334.1			1.0
6335.0			1.0
6335.9			1.0
6336.8			1.0
6337.700000000001			1.0
6338.6			1.0
6339.5			1.0
6340.4			1.0
6341.3			1.0
6342.200000000001			1.0
6343.1			1.0
6344.0			1.0
6344.9			1.0
6345.8			1.0
6346.700000000001			1.0
6347.6			1.0
6348.5			1.0
6349.4			1.0
6350.3			1.0
6351.200000000001			1.0
6352.1			1.0
6353.0			1.0
6353.9			1.0
6354.8			1.0
6355.700000000001			1.0
6356.6			1.0
6357.5			1.0
6358.4			1.0
6359.3			1.0
6360.200000000001			1.0
6361.1			1.0
6362.0			1.0
6362.9			1.0
6363.8			1.0
6364.700000000001			1.0
6365.6			1.0
6366.5			1.0
6367.4			1.0
6368.3			1.0
6369.200000000001			1.0
6370.1			1.0
6371.0			1.0
6371.9			1.0
6372.8			1.0
6373.700000000001			1.0
6374.6			1.0
6375.5			1.0
6376.4			1.0
6377.3			1.0
6378.200000000001			1.0
6379.1			1.0
6380.0			1.0
6380.9			1.0
6381.8			1.0
6382.700000000001			1.0
6383.6			1.0
6384.5			1.0
6385.4			1.0
6386.3			1.0
6387.200000000001			1.0
6388.1			1.0
6389.0			1.0
6389.9			1.0
6390.8			1.0
6391.700000000001			1.0
6392.6			1.0
6393.5			1.0
6394.4			1.0
6395.3			1.0
6396.200000000001			1.0
6397.1			1.0
6398.0			1.0
6398.9			1.0
6399.8			1.0
6400.700000000001			1.0
6401.6			1.0
6402.5			1.0
6403.4			1.0
6404.3			1.0
6405.200000000001			1.0
6406.1			1.0
6407.0			1.0
6407.9			1.0
6408.8			1.0
6409.700000000001			1.0
6410.6			1.0
6411.5			1.0
6412.4			1.0
6413.3			1.0
6414.200000000001			1.0
6415.1			1.0
6416.0			1.0
6416.9			1.0
6417.8			1.0
6418.700000000001			1.0
6419.6			1.0
6420.5			1.0
6421.4			1.0
6422.3			1.0
6423.200000000001			1.0
6424.1			1.0
6425.0			1.0
6425.9			1.0
6426.8			1.0
6427.700000000001			1.0
6428.6			1.0
6429.5			1.0
6430.4			1.0
6431.3			1.0
6432.200000000001			1.0
6433.1			1.0
6434.0			1.0
6434.9			1.0
6435.8			1.0
6436.700000000001			1.0
6437.6			1.0
6438.5			1.0
6439.4			1.0
6440.3			1.0
6441.200000000001			1.0
6442.1			1.0
6443.0			1.0
6443.9			1.0
6444.8			1.0
6445.700000000001			1.0
6446.6			1.0
6447.5			1.0
6448.4			1.0
6449.3			1.0
6450.200000000001			1.0
6451.1			1.0
6452.0			1.0
6452.9			1.0
6453.8			1.0
6454.700000000001			1.0
6455.6			1.0
6456.5			1.0
6457.4			1.0
6458.3			1.0
6459.200000000001			1.0
6460.1			1.0
6461.0			1.0
6461.9			1.0
6462.8			1.0
6463.700000000001			1.0
6464.6			1.0
6465.5			1.0
6466.4			1.0
6467.3			1.0
6468.200000000001			1.0
6469.1			1.0
6470.0			1.0
6470.9			1.0
6471.8			1.0
6472.700000000001			1.0
6473.6			1.0
6474.5			1.0
6475.4			1.0
6476.3			1.0
6477.200000000001			1.0
6478.1			1.0
6479.0			1.0
6479.9			1.0
6480.8			1.0
6481.700000000001			1.0
6482.6			1.0
6483.5			1.0
6484.4			1.0
6485.3			1.0
6486.200000000001			1.0
6487.1			1.0034865219597446
6488.0			1.0056202883451586
6488.9			1.0055277344416815
6489.8			1.0013510407712063
6490.700000000001			0.9927103682618793
6491.6			0.9806553742261511
6492.5			0.9632268917343133
6493.4			0.9292314148444707
6494.3			0.8843650126695103
6495.200000000001			0.8640545395508603
6496.1			0.8731998508360975
6497.0			0.9007660342763179
6497.9			0.9337087717897058
6498.8			0.947594913686987
6499.700000000001			0.9475186810001278
6500.6			0.9593594728870077
6501.5			0.978994517904314
6502.4			0.992959454352505
6503.3			0.9996489359942773
6504.200000000001			1.0
6505.1			1.0
6506.0			1.0
6506.9			1.0
6507.8			1.0
6508.700000000001			1.0
6509.6			1.0
6510.5			1.0
6511.4			1.0
6512.3			1.0
6513.200000000001			1.0
6514.1			1.0
6515.0			1.0
6515.9			1.0
6516.8			1.0
6517.700000000001			1.0
6518.6			1.0
6519.5			1.0
6520.4			1.0
6521.3			1.0
6522.200000000001			1.0
6523.1			1.0
6524.0			1.0
6524.9			1.0
6525.8			1.0
6526.700000000001			1.0
6527.6			1.0
6528.5			1.0
6529.4			1.0
6530.3			1.0
6531.200000000001			1.0
6532.1			1.0
6533.0			1.0
6533.9			1.0
6534.8			1.0
6535.700000000001			1.0
6536.6			1.0
6537.5			1.0
6538.4			1.0
6539.3			1.0
6540.200000000001			1.0
6541.1			1.0
6542.0			1.0
6542.9			1.0
6543.8			1.0
6544.700000000001			1.0
6545.6			1.0
6546.5			1.0
6547.4			1.0
6548.3			1.0
6549.200000000001			1.0
6550.1			1.0
6551.0			1.0
6551.9			1.0
6552.8			1.0
6553.700000000001			1.0
6554.6			1.0
6555.5			1.0
6556.4			1.0
6557.3			1.00222680093432
6558.200000000001			0.9951214539908702
6559.1			0.9711580855964208
6560.0			0.9292764220354753
6560.9			0.8517178811275072
6561.8			0.7154510416996906
6562.700000000001			0.5864268894679512
6563.6			0.605386582642714
6564.5			0.7548423684834221
6565.4			0.8840781661641388
6566.3			0.9506214907007312
6567.200000000001			0.98532266845754
6568.1			0.9999524431901969
6569.0			1.0
6569.9			1.0
6570.8			1.0
6571.700000000001			1.0
6572.6			1.0
6573.5			1.0
6574.4			1.0
6575.3			1.0
6576.200000000001			1.0
6577.1			1.0
6578.0			1.0
6578.9			1.0
6579.8			1.0
6580.700000000001			1.0
6581.6			1.0
6582.5			1.0
6583.4			1.0
6584.3			1.0
6585.200000000001			1.0
6586.1			1.0
6587.0			1.0
6587.9			1.0
6588.8			1.0
6589.700000000001			1.0
6590.6			1.0
6591.5			1.0
6592.4			1.0
6593.3			1.0
6594.200000000001			1.0
6595.1			1.0
6596.0			1.0
6596.9			1.0
6597.8			1.0
6598.700000000001			1.0
6599.6			1.0
6600.5			1.0
6601.4			1.0
6602.3			1.0
6603.200000000001			1.0
6604.1			1.0
6605.0			1.0
6605.9			1.0
6606.8			1.0
6607.700000000001			1.0
6608.6			1.0
6609.5			1.0
6610.4			1.0
6611.3			1.0
6612.200000000001			1.0
6613.1			1.0
6614.0			1.0
6614.9			1.0
6615.8			1.0
6616.700000000001			1.0
6617.6			1.0
6618.5			1.0
6619.4			1.0
6620.3			1.0
6621.200000000001			1.0
6622.1			1.0
6623.0			1.0
6623.9			1.0
6624.8			1.0
6625.700000000001			1.0
6626.6			1.0
6627.5			1.0
6628.4			1.0
6629.3			1.0
6630.200000000001			1.0
6631.1			1.0
6632.0			1.0
6632.9			1.0
6633.8			1.0
6634.700000000001			1.0
6635.6			1.0
6636.5			1.0
6637.4			1.0
6638.3			1.0
6639.200000000001			1.0
6640.1			1.0
6641.0			1.0
6641.9			1.0
6642.8			1.0
6643.700000000001			1.0
6644.6			1.0
6645.5			1.0
6646.4			1.0
6647.3			1.0
6648.200000000001			1.0
6649.1			1.0
6650.0			1.0
6650.9			1.0
6651.8			1.0
6652.700000000001			1.0
6653.6			1.0
6654.5			1.0
6655.4			1.0
6656.3			1.0
6657.200000000001			1.0
6658.1			1.0
6659.0			1.0
6659.9			1.0
6660.8			1.0
6661.700000000001			1.0
6662.6			1.0
6663.5			1.0
6664.4			1.0
6665.3			1.0
6666.200000000001			1.0
6667.1			1.0
6668.0			1.0
6668.9			1.0
6669.8			1.0
6670.700000000001			1.0
6671.6			1.0
6672.5			1.0
6673.4			1.0
6674.3			1.0
6675.200000000001			1.0
6676.1			1.0
6677.0			1.0
6677.9			1.0
6678.8			1.0
6679.700000000001			1.0
6680.6			1.0
6681.5			1.0
6682.4			1.0
6683.3			1.0
6684.200000000001			1.0
6685.1			1.0
6686.0			1.0
6686.9			1.0
6687.8			1.0
6688.700000000001			1.0
6689.6			1.0
6690.5			1.0
6691.4			1.0
6692.3			1.0
6693.200000000001			1.0
6694.1			1.0
6695.0			1.0
6695.9			1.0
6696.8			1.0
6697.700000000001			1.0
6698.6			1.0
6699.5			1.0
6700.4			1.0
6701.3			1.0
6702.200000000001			1.0
6703.1			1.0
6704.0			1.0
6704.9			1.0
6705.8			1.0
6706.700000000001			1.0
6707.6			1.0
6708.5			1.0
6709.4			1.0
6710.3			1.0
6711.200000000001			1.0
6712.1			1.0
6713.0			1.0
6713.9			1.0
6714.8			1.0
6715.700000000001			1.0
6716.6			1.0
6717.5			1.0
6718.4			1.0
6719.3			1.0
6720.200000000001			1.0
6721.1			1.0
6722.0			1.0
6722.9			1.0
6723.8			1.0
6724.700000000001			1.0
6725.6			1.0
6726.5			1.0
6727.4			1.0
6728.3			1.0
6729.200000000001			1.0
6730.1			1.0
6731.0			1.0
6731.9			1.0
6732.8			1.0
6733.700000000001			1.0
6734.6			1.0
6735.5			1.0
6736.4			1.0
6737.3			1.0
6738.200000000001			1.0
6739.1			1.0
6740.0			1.0
6740.9			1.0
6741.8			1.0
6742.700000000001			1.0
6743.6			1.0
6744.5			1.0
6745.4			1.0
6746.3			1.0
6747.200000000001			1.0
6748.1			1.0
6749.0			1.0
6749.9			1.0
6750.8			1.0
6751.700000000001			1.0
6752.6			1.0
6753.5			1.0
6754.4			1.0
6755.3			1.0
6756.200000000001			1.0
6757.1			1.0
6758.0			1.0
6758.9			1.0
6759.8			1.0
6760.700000000001			1.0
6761.6			1.0
6762.5			1.0
6763.4			1.0
6764.3			1.0
6765.200000000001			1.0
6766.1			1.0
6767.0			1.0
6767.9			1.0
6768.8			1.0
6769.700000000001			1.0
6770.6			1.0
6771.5			1.0
6772.4			1.0
6773.3			1.0
6774.200000000001			1.0
6775.1			1.0
6776.0			1.0
6776.9			1.0
6777.8			1.0
6778.700000000001			1.0
6779.6			1.0
6780.5			1.0
6781.4			1.0
6782.3			1.0
6783.200000000001			1.0
6784.1			1.0
6785.0			1.0
6785.9			1.0
6786.8			1.0
6787.700000000001			1.0
6788.6			1.0
6789.5			1.0
6790.4			1.0
6791.3			1.0
6792.200000000001			1.0
6793.1			1.0
6794.0			1.0
6794.9			1.0
6795.8			1.0
6796.700000000001			1.0
6797.6			1.0
6798.5			1.0
6799.4			1.0
6800.3			1.0
6801.200000000001			1.0
6802.1			1.0
6803.0			1.0
6803.9			1.0
6804.8			1.0
6805.700000000001			1.0
6806.6			1.0
6807.5			1.0
6808.4			1.0
6809.3			1.0
6810.200000000001			1.0
6811.1			1.0
6812.0			1.0
6812.9			1.0
6813.8			1.0
6814.700000000001			1.0
6815.6			1.0
6816.5			1.0
6817.4			1.0
6818.3			1.0
6819.200000000001			1.0
6820.1			1.0
6821.0			1.0
6821.9			1.0
6822.8			1.0
6823.700000000001			1.0
6824.6			1.0
6825.5			1.0
6826.4			1.0
6827.3			1.0
6828.200000000001			1.0
6829.1			1.0
6830.0			1.0
6830.9			1.0
6831.8			1.0
6832.700000000001			1.0
6833.6			1.0
6834.5			1.0
6835.4			1.0
6836.3			1.0
6837.200000000001			1.0
6838.1			1.0
6839.0			1.0
6839.9			1.0
6840.8			1.0
6841.700000000001			1.0
6842.6			1.0
6843.5			1.0
6844.4			1.0
6845.3			1.0
6846.200000000001			1.0
6847.1			1.0
6848.0			1.0
6848.9			1.0
6849.8			1.0
6850.700000000001			1.0
6851.6			1.0
6852.5			1.0
6853.4			1.0
6854.3			1.0
6855.200000000001			1.0
6856.1			1.0
6857.0			1.0
6857.9			1.0
6858.8			1.0
6859.700000000001			1.0
6860.6			1.0
6861.5			1.0
6862.4			1.0
6863.3			1.0
6864.200000000001			1.0
6865.1			1.0
6866.0			1.0
6866.9			1.0
6867.8			1.0
6868.700000000001			1.0
6869.6			1.0
6870.5			1.0
6871.4			1.0
6872.3			1.0
6873.200000000001			1.0
6874.1			1.0
6875.0			1.0
6875.9			1.0
6876.8			1.0
6877.700000000001			1.0
6878.6			1.0
6879.5			1.0
6880.4			1.0
6881.3			1.0
6882.200000000001			1.0
6883.1			1.0
6884.0			1.0
6884.9			1.0
6885.8			1.0
6886.700000000001			1.0
6887.6			1.0
6888.5			1.0
6889.4			1.0
6890.3			1.0
6891.200000000001			1.0
6892.1			1.0
6893.0			1.0
6893.9			1.0
6894.8			1.0
6895.700000000001			1.0
6896.6			1.0
6897.5			1.0
6898.4			1.0
6899.3			1.0
6900.200000000001			1.0
6901.1			1.0
6902.0			1.0
6902.9			1.0
6903.8			1.0
6904.700000000001			1.0
6905.6			1.0
6906.5			1.0
6907.4			1.0
6908.3			1.0
6909.200000000001			1.0
6910.1			1.0
6911.0			1.0
6911.9			1.0
6912.8			1.0
6913.700000000001			1.0
6914.6			1.0
6915.5			1.0
6916.4			1.0
6917.3			1.0
6918.200000000001			1.0
6919.1			1.0
6920.0			1.0
6920.9			1.0
6921.8			1.0
6922.700000000001			1.0
6923.6			1.0
6924.5			1.0
6925.4			1.0
6926.3			1.0
6927.200000000001			1.0
6928.1			1.0
6929.0			1.0
6929.9			1.0
6930.8			1.0
6931.700000000001			1.0
6932.6			1.0
6933.5			1.0
6934.4			1.0
6935.3			1.0
6936.200000000001			1.0
6937.1			1.0
6938.0			1.0
6938.9			1.0
6939.8			1.0
6940.700000000001			1.0
6941.6			1.0
6942.5			1.0
6943.4			1.0
6944.3			1.0
6945.200000000001			1.0
6946.1			1.0
6947.0			1.0
6947.9			1.0
6948.8			1.0
6949.700000000001			1.0
6950.6			1.0
6951.5			1.0
6952.4			1.0
6953.3			1.0
6954.200000000001			1.0
6955.1			1.0
6956.0			1.0
6956.9			1.0
6957.8			1.0
6958.700000000001			1.0
6959.6			1.0
6960.5			1.0
6961.4			1.0
6962.3			1.0
6963.200000000001			1.0
6964.1			1.0
6965.0			1.0
6965.9			1.0
6966.8			1.0
6967.700000000001			1.0
6968.6			1.0
6969.5			1.0
6970.4			1.0
6971.3			1.0
6972.200000000001			1.0
6973.1			1.0
6974.0			1.0
6974.9			1.0
6975.8			1.0
6976.700000000001			1.0
6977.6			1.0
6978.5			1.0
6979.4			1.0
6980.3			1.0
6981.200000000001			1.0
6982.1			1.0
6983.0			1.0
6983.9			1.0
6984.8			1.0
6985.700000000001			1.0
6986.6			1.0
6987.5			1.0
6988.4			1.0
6989.3			1.0
6990.200000000001			1.0
6991.1			1.0
6992.0			1.0
6992.9			1.0
6993.8			1.0
6994.700000000001			1.0
6995.6			1.0
6996.5			1.0
6997.4			1.0
6998.3			1.0
6999.200000000001			1.0
7000.1			1.0
7001.0			1.0
7001.9			1.0
7002.8			1.0
7003.700000000001			1.0
7004.6			1.0
7005.5			1.0
7006.4			1.0
7007.3			1.0
7008.200000000001			1.0
7009.1			1.0
7010.0			1.0
7010.9			1.0
7011.8			1.0
7012.700000000001			1.0
7013.6			1.0
7014.5			1.0
7015.4			1.0
7016.3			1.0
7017.200000000001			1.0
7018.1			1.0
7019.0			1.0
7019.9			1.0
7020.8			1.0
7021.700000000001			1.0
7022.6			1.0
7023.5			1.0
7024.4			1.0
7025.3			1.0
7026.200000000001			1.0
7027.1			1.0
7028.0			1.0
7028.9			1.0
7029.8			1.0
7030.700000000001			1.0
7031.6			1.0
7032.5			1.0
7033.4			1.0
7034.3			1.0
7035.200000000001			1.0
7036.1			1.0
7037.0			1.0
7037.9			1.0
7038.8			1.0
7039.700000000001			1.0
7040.6			1.0
7041.5			1.0
7042.4			1.0
7043.3			1.0
7044.200000000001			1.0
7045.1			1.0
7046.0			1.0
7046.9			1.0
7047.8			1.0
7048.700000000001			1.0
7049.6			1.0
7050.5			1.0
7051.4			1.0
7052.3			1.0
7053.200000000001			1.0
7054.1			1.0
7055.0			1.0
7055.9			1.0
7056.8			1.0
7057.700000000001			1.0
7058.6			1.0
7059.5			1.0
7060.4			1.0
7061.3			1.0
7062.200000000001			1.0
7063.1			1.0
7064.0			1.0
7064.9			1.0
7065.8			1.0
7066.700000000001			1.0
7067.6			1.0
7068.5			1.0
7069.4			1.0
7070.3			1.0
7071.200000000001			1.0
7072.1			1.0
7073.0			1.0
7073.9			1.0
7074.8			1.0
7075.700000000001			1.0
7076.6			1.0
7077.5			1.0
7078.4			1.0
7079.3			1.0
7080.200000000001			1.0
7081.1			1.0
7082.0			1.0
7082.9			1.0
7083.8			1.0
7084.700000000001			1.0
7085.6			1.0
7086.5			1.0
7087.4			1.0
7088.3			1.0
7089.200000000001			1.0
7090.1			1.0
7091.0			1.0
7091.9			1.0
7092.8			1.0
7093.700000000001			1.0
7094.6			1.0
7095.5			1.0
7096.4			1.0
7097.3			1.0
7098.200000000001			1.0
7099.1			1.0
7100.0			1.0
7100.9			1.0
7101.8			1.0
7102.700000000001			1.0
7103.6			1.0
7104.5			1.0
7105.4			1.0
7106.3			1.0
7107.200000000001			1.0
7108.1			1.0
7109.0			1.0
7109.9			1.0
7110.8			1.0
7111.700000000001			1.0
7112.6			1.0
7113.5			1.0
7114.4			1.0
7115.3			1.0
7116.200000000001			1.0
7117.1			1.0
7118.0			1.0
7118.9			1.0
7119.8			1.0
7120.700000000001			1.0
7121.6			1.0
7122.5			1.0
7123.4			1.0
7124.3			1.0
7125.200000000001			1.0
7126.1			1.0
7127.0			1.0
7127.9			1.0
7128.8			1.0
7129.700000000001			1.0
7130.6			1.0
7131.5			1.0
7132.4			1.0
7133.3			1.0
7134.200000000001			1.0
7135.1			1.0
7136.0			1.0
7136.9			1.0
7137.8			1.0
7138.700000000001			1.0
7139.6			1.0
7140.5			1.0
7141.4			1.0
7142.3			1.0
7143.200000000001			1.0
7144.1			1.0
7145.0			1.0
7145.9			1.0
7146.8			1.0
7147.700000000001			1.0
7148.6			1.0
7149.5			1.0
7150.4			1.0
7151.3			1.0
7152.200000000001			1.0
7153.1			1.0
7154.0			1.0
7154.9			1.0
7155.8			1.0
7156.700000000001			1.0
7157.6			1.0
7158.5			1.0
7159.4			1.0
7160.3			1.0
7161.200000000001			1.0
7162.1			1.0
7163.0			1.0
7163.9			1.0
7164.8			1.0
7165.700000000001			1.0
7166.6			1.0
7167.5			1.0
7168.4			1.0
7169.3			1.0
7170.200000000001			1.0
7171.1			1.0
7172.0			1.0
7172.9			1.0
7173.8			1.0
7174.700000000001			1.0
7175.6			1.0
7176.5			1.0
7177.4			1.0
7178.3			1.0
7179.200000000001			1.0
7180.1			1.0
7181.0			1.0
7181.9			1.0
7182.8			1.0
7183.700000000001			1.0
7184.6			1.0
7185.5			1.0
7186.4			1.0
7187.3			1.0
7188.200000000001			1.0
7189.1			1.0
7190.0			1.0
7190.9			1.0
7191.8			1.0
7192.700000000001			1.0
7193.6			1.0
7194.5			1.0
7195.4			1.0
7196.3			1.0
7197.200000000001			1.0
7198.1			1.0
7199.0			1.0
7199.9			1.0
7200.8			1.0
7201.700000000001			1.0
7202.6			1.0
7203.5			1.0
7204.4			1.0
7205.3			1.0
7206.200000000001			1.0
7207.1			1.0
7208.0			1.0
7208.9			1.0
7209.8			1.0
7210.700000000001			1.0
7211.6			1.0
7212.5			1.0
7213.4			1.0
7214.3			1.0
7215.200000000001			1.0
7216.1			1.0
7217.0			1.0
7217.9			1.0
7218.8			1.0
7219.700000000001			1.0
7220.6			1.0
7221.5			1.0
7222.4			1.0
7223.3			1.0
7224.200000000001			1.0
7225.1			1.0
7226.0			1.0
7226.9			1.0
7227.8			1.0
7228.700000000001			1.0
7229.6			1.0
7230.5			1.0
7231.4			1.0
7232.3			1.0
7233.200000000001			1.0
7234.1			1.0
7235.0			1.0
7235.9			1.0
7236.8			1.0
7237.700000000001			1.0
7238.6			1.0
7239.5			1.0
7240.4			1.0
7241.3			1.0
7242.200000000001			1.0
7243.1			1.0
7244.0			1.0
7244.9			1.0
7245.8			1.0
7246.700000000001			1.0
7247.6			1.0
7248.5			1.0
7249.4			1.0
7250.3			1.0
7251.200000000001			1.0
7252.1			1.0
7253.0			1.0
7253.9			1.0
7254.8			1.0
7255.700000000001			1.0
7256.6			1.0
7257.5			1.0
7258.4			1.0
7259.3			1.0
7260.200000000001			1.0
7261.1			1.0
7262.0			1.0
7262.9			1.0
7263.8			1.0
7264.700000000001			1.0
7265.6			1.0
7266.5			1.0
7267.4			1.0
7268.3			1.0
7269.200000000001			1.0
7270.1			1.0
7271.0			1.0
7271.9			1.0
7272.8			1.0
7273.700000000001			1.0
7274.6			1.0
7275.5			1.0
7276.4			1.0
7277.3			1.0
7278.200000000001			1.0
7279.1			1.0
7280.0			1.0
7280.9			1.0
7281.8			1.0
7282.700000000001			1.0
7283.6			1.0
7284.5			1.0
7285.4			1.0
7286.3			1.0
7287.200000000001			1.0
7288.1			1.0
7289.0			1.0
7289.9			1.0
7290.8			1.0
7291.700000000001			1.0
7292.6			1.0
7293.5			1.0
7294.4			1.0
7295.3			1.0
7296.200000000001			1.0
7297.1			1.0
7298.0			1.0
7298.9			1.0
7299.8			1.0
7300.700000000001			1.0
7301.6			1.0
7302.5			1.0
7303.4			1.0
7304.3			1.0
7305.200000000001			1.0
7306.1			1.0
7307.0			1.0
7307.9			1.0
7308.8			1.0
7309.700000000001			1.0
7310.6			1.0
7311.5			1.0
7312.4			1.0
7313.3			1.0
7314.200000000001			1.0
7315.1			1.0
7316.0			1.0
7316.9			1.0
7317.8			1.0
7318.700000000001			1.0
7319.6			1.0
7320.5			1.0
7321.4			1.0
7322.3			1.0
7323.200000000001			1.0
7324.1			1.0
7325.0			1.0
7325.9			1.0
7326.8			1.0
7327.700000000001			1.0
7328.6			1.0
7329.5			1.0
7330.4			1.0
7331.3			1.0
7332.200000000001			1.0
7333.1			1.0
7334.0			1.0
7334.9			1.0
7335.8			1.0
7336.700000000001			1.0
7337.6			1.0
7338.5			1.0
7339.4			1.0
7340.3			1.0
7341.200000000001			1.0
7342.1			1.0
7343.0			1.0
7343.9			1.0
7344.8			1.0
7345.700000000001			1.0
7346.6			1.0
7347.5			1.0
7348.4			1.0
7349.3			1.0
7350.200000000001			1.0
7351.1			1.0
7352.0			1.0
7352.9			1.0
7353.8			1.0
7354.700000000001			1.0
7355.6			1.0
7356.5			1.0
7357.4			1.0
7358.3			1.0
7359.200000000001			1.0
7360.1			1.0
7361.0			1.0
7361.9			1.0
7362.8			1.0
7363.700000000001			1.0
7364.6			1.0
7365.5			1.0
7366.4			1.0
7367.3			1.0
7368.200000000001			1.0
7369.1			1.0
7370.0			1.0
7370.9			1.0
7371.8			1.0
7372.700000000001			1.0
7373.6			1.0
7374.5			1.0
7375.4			1.0
7376.3			1.0
7377.200000000001			1.0
7378.1			1.0
7379.0			1.0
7379.9			1.0
7380.8			1.0
7381.700000000001			1.0
7382.6			1.0
7383.5			1.0
7384.4			1.0
7385.3			1.0
7386.200000000001			1.0
7387.1			1.0
7388.0			1.0
7388.9			1.0
7389.8			1.0
7390.700000000001			1.0
7391.6			1.0
7392.5			1.0
7393.4			1.0
7394.3			1.0
7395.200000000001			1.0
7396.1			1.0
7397.0			1.0
7397.9			1.0
7398.8			1.0
7399.700000000001			1.0
7400.6			1.0
7401.5			1.0
7402.4			1.0
7403.3			1.0
7404.200000000001			1.0
7405.1			1.0
7406.0			1.0
7406.9			1.0
7407.8			1.0
7408.700000000001			1.0
7409.6			1.0
7410.5			1.0
7411.4			1.0
7412.3			1.0
7413.200000000001			1.0
7414.1			1.0
7415.0			1.0
7415.9			1.0
7416.8			1.0
7417.700000000001			1.0
7418.6			1.0
7419.5			1.0
7420.4			1.0
7421.3			1.0
7422.200000000001			1.0
7423.1			1.0
7424.0			1.0
7424.9			1.0
7425.8			1.0
7426.700000000001			1.0
7427.6			1.0
7428.5			1.0
7429.4			1.0
