3500.0			1.0
3500.9			1.0
3501.8			1.0
3502.7			1.0
3503.6			1.0
3504.5			1.0
3505.4			1.0
3506.3			1.0
3507.2			1.0
3508.1			1.0
3509.0			1.0
3509.9			1.0
3510.8			1.0
3511.7			1.0
3512.6			1.0
3513.5			1.0
3514.4			1.0
3515.3			1.0
3516.2			1.0
3517.1			1.0
3518.0			1.0
3518.9			1.0
3519.8			1.0
3520.7			1.0
3521.6			1.0
3522.5			1.0
3523.4			1.0
3524.3			1.0
3525.2			1.0
3526.1			1.0
3527.0			1.0
3527.9			1.0
3528.8			1.0
3529.7			1.0
3530.6			1.0
3531.5			1.0
3532.4			1.0
3533.3			1.0
3534.2			1.0
3535.1			1.0
3536.0			1.0
3536.9			1.0
3537.8			1.0
3538.7			1.0
3539.6			1.0
3540.5			1.0
3541.4			1.0
3542.3			1.0
3543.2			1.0
3544.1			1.0
3545.0			1.0
3545.9			1.0
3546.8			1.0
3547.7			1.0
3548.6			1.0
3549.5			1.0
3550.4			1.0
3551.3			1.0
3552.2			1.0
3553.1			1.0
3554.0			1.0
3554.9			1.0
3555.8			1.0
3556.7			1.0
3557.6			1.0
3558.5			1.0
3559.4			1.0
3560.3			1.0
3561.2			1.0
3562.1			1.0
3563.0			1.0
3563.9			1.0
3564.8			1.0
3565.7			1.0
3566.6			1.0
3567.5			1.0
3568.4			1.0
3569.3			1.0
3570.2			1.0
3571.1			1.0
3572.0			1.0
3572.9			1.0
3573.8			1.0
3574.7			1.0
3575.6			1.0
3576.5			1.0
3577.4			1.0
3578.3			1.0
3579.2			1.0
3580.1			1.0
3581.0			1.0
3581.9			1.0
3582.8			1.0
3583.7			1.0
3584.6			1.0
3585.5			1.0
3586.4			1.0
3587.3			1.0
3588.2			1.0
3589.1			1.0
3590.0			1.0
3590.9			1.0
3591.8			1.0
3592.7			1.0
3593.6			1.0
3594.5			1.0
3595.4			1.0
3596.3			1.0
3597.2			1.0
3598.1			1.0
3599.0			1.0
3599.9			1.0
3600.8			1.0
3601.7			1.0
3602.6			1.0
3603.5			1.0
3604.4			1.0
3605.3			1.0
3606.2			1.0
3607.1			1.0
3608.0			1.0
3608.9			1.0
3609.8			1.0
3610.7			1.0
3611.6			1.0
3612.5			1.0
3613.4			1.0
3614.3			1.0
3615.2			1.0
3616.1			1.0
3617.0			1.0
3617.9			1.0
3618.8			1.0
3619.7			1.0
3620.6			1.0
3621.5			1.0
3622.4			1.0
3623.3			1.0
3624.2			1.0
3625.1			1.0
3626.0			1.0
3626.9			1.0
3627.8			1.0
3628.7			1.0
3629.6			1.0
3630.5			1.0
3631.4			1.0
3632.3			1.0
3633.2			1.0
3634.1			1.0
3635.0			1.0
3635.9			1.0
3636.8			1.0
3637.7			1.0
3638.6			1.0
3639.5			1.0
3640.4			1.0
3641.3			1.0
3642.2			1.0
3643.1			1.0
3644.0			1.0
3644.9			1.0
3645.8			1.0
3646.7			1.0
3647.6			1.0
3648.5			1.0
3649.4			1.0
3650.3			1.0
3651.2			1.0
3652.1			1.0
3653.0			1.0
3653.9			1.0
3654.8			1.0
3655.7			1.0
3656.6			1.0
3657.5			1.0
3658.4			1.0
3659.3			1.0
3660.2			1.0
3661.1			1.0
3662.0			1.0
3662.9			1.0
3663.8			1.0
3664.7			1.0
3665.6			1.0
3666.5			1.0
3667.4			1.0
3668.3			1.0
3669.2			1.0
3670.1			1.0
3671.0			1.0
3671.9			1.0
3672.8			1.0
3673.7			1.0
3674.6			1.0
3675.5			1.0
3676.4			1.0
3677.3			1.0
3678.2			1.0
3679.1			1.0
3680.0			1.0
3680.9			1.0
3681.8			1.0
3682.7			1.0
3683.6			1.0
3684.5			1.0
3685.4			1.0
3686.3			1.0
3687.2			1.0
3688.1			1.0
3689.0			1.0
3689.9			1.0
3690.8			1.0
3691.7			1.0
3692.6			1.0
3693.5			1.0
3694.4			1.0
3695.3			1.0
3696.2			1.0
3697.1			1.0
3698.0			1.0
3698.9			1.0
3699.8			1.0
3700.7			1.0
3701.6			1.0
3702.5			1.0
3703.4			1.0
3704.3			1.0
3705.2			1.0
3706.1			1.0
3707.0			1.0
3707.9			1.0
3708.8			1.0
3709.7			1.0
3710.6			1.0
3711.5			1.0
3712.4			1.0
3713.3			1.0
3714.2			1.0
3715.1			1.0
3716.0			1.0
3716.9			1.0
3717.8			1.0
3718.7			1.0
3719.6			1.0
3720.5			1.0
3721.4			1.0
3722.3			1.0
3723.2			1.0
3724.1			1.0
3725.0			1.0
3725.9			1.0
3726.8			1.0
3727.7			1.0
3728.6			1.0
3729.5			1.0
3730.4			1.0
3731.3			1.0
3732.2			1.0
3733.1			1.0
3734.0			1.0
3734.9			1.0
3735.8			1.0
3736.7			1.0
3737.6			1.0
3738.5			1.0
3739.4			1.0
3740.3			1.0
3741.2			1.0
3742.1			1.0
3743.0			1.0
3743.9			1.0
3744.8			1.0
3745.7			1.0
3746.6			1.0
3747.5			1.0
3748.4			1.0
3749.3			1.0
3750.2			1.0
3751.1			1.0
3752.0			1.0
3752.9			1.0
3753.8			1.0
3754.7			1.0
3755.6			1.0
3756.5			1.0
3757.4			1.0
3758.3			1.0
3759.2			1.0
3760.1			1.0
3761.0			1.0
3761.9			1.0
3762.8			1.0
3763.7			1.0
3764.6			1.0
3765.5			1.0
3766.4			1.0
3767.3			1.0
3768.2			1.0
3769.1			1.0
3770.0			1.0
3770.9			1.0
3771.8			1.0
3772.7			1.0
3773.6			1.0
3774.5			1.0
3775.4			1.0
3776.3			1.0
3777.2			1.0
3778.1			1.0
3779.0			1.0
3779.9			1.0
3780.8			1.0
3781.7			1.0
3782.6			1.0
3783.5			1.0
3784.4			1.0
3785.3			1.0
3786.2			1.0
3787.1			1.0
3788.0			1.0
3788.9			1.0
3789.8			1.0
3790.7			1.0
3791.6			1.0
3792.5			1.0
3793.4			1.0
3794.3			1.0
3795.2			1.0
3796.1			1.0
3797.0			1.0
3797.9			1.0
3798.8			1.0
3799.7			1.0
3800.6			1.0
3801.5			1.0
3802.4			1.0
3803.3			1.0
3804.2			1.0
3805.1			1.0
3806.0			1.0
3806.9			1.0
3807.8			1.0
3808.7			1.0
3809.6			1.0
3810.5			1.0
3811.4			1.0
3812.3			1.0
3813.2			1.0
3814.1			1.0
3815.0			1.0
3815.9			1.0
3816.8			1.0
3817.7			1.0
3818.6			1.0
3819.5			1.0
3820.4			1.0
3821.3			1.0
3822.2			1.0
3823.1			1.0
3824.0			1.0
3824.9			1.0
3825.8			1.0
3826.7			1.0
3827.6			1.0
3828.5			1.0
3829.4			1.0
3830.3			1.0
3831.2			1.0
3832.1			1.0
3833.0			1.0
3833.9			1.0
3834.8			1.0
3835.7			1.0
3836.6			1.0
3837.5			1.0
3838.4			1.0
3839.3			1.0
3840.2			1.0
3841.1			1.0
3842.0			1.0
3842.9			1.0
3843.8			1.0
3844.7			1.0
3845.6			1.0
3846.5			1.0
3847.4			1.0
3848.3			1.0
3849.2			1.0
3850.1			1.0
3851.0			1.0
3851.9			1.0
3852.8			1.0
3853.7			1.0
3854.6			1.0
3855.5			1.0
3856.4			1.0
3857.3			1.0
3858.2			1.0
3859.1			1.0
3860.0			1.0
3860.9			1.0
3861.8			1.0
3862.7			1.0
3863.6			1.0
3864.5			1.0
3865.4			1.0
3866.3			1.0
3867.2			1.0
3868.1			1.0
3869.0			1.0
3869.9			1.0
3870.8			1.0
3871.7			1.0
3872.6			1.0
3873.5			1.0
3874.4			1.0
3875.3			1.0
3876.2			1.0
3877.1			1.0
3878.0			1.0
3878.9			1.0
3879.8			1.0
3880.7			1.0
3881.6			1.0
3882.5			1.0
3883.4			1.0
3884.3			1.0
3885.2			1.0
3886.1			1.0
3887.0			1.0
3887.9			1.0
3888.8			1.0
3889.7			1.0
3890.6			1.0
3891.5			1.0
3892.4			1.0
3893.3			1.0
3894.2			1.0
3895.1			1.0
3896.0			1.0
3896.9			1.0
3897.8			1.0
3898.7			1.0
3899.6			1.0
3900.5			1.0
3901.4			1.0
3902.3			1.0
3903.2			1.0
3904.1			1.0
3905.0			1.0
3905.9			1.0
3906.8			1.0
3907.7			1.0
3908.6			1.0
3909.5			1.0
3910.4			1.0
3911.3			1.0
3912.2			1.0
3913.1			1.0
3914.0			1.0
3914.9			1.0
3915.8			1.0
3916.7			1.0
3917.6			1.0
3918.5			1.0
3919.4			1.0
3920.3			1.0
3921.2			1.0
3922.1			1.0
3923.0			1.0
3923.9			1.0
3924.8			1.0
3925.7			1.0
3926.6			1.0
3927.5			1.0
3928.4			1.0
3929.3			1.0
3930.2			1.0
3931.1			1.0
3932.0			1.0
3932.9			1.0
3933.8			1.0
3934.7			1.0
3935.6			1.0
3936.5			1.0
3937.4			1.0
3938.3			1.0
3939.2			1.0
3940.1			1.0
3941.0			1.0
3941.9			1.0
3942.8			1.0
3943.7			1.0
3944.6			1.0
3945.5			1.0
3946.4			1.0
3947.3			1.0
3948.2			1.0
3949.1			1.0
3950.0			1.0
3950.9			1.0
3951.8			1.0
3952.7			1.0
3953.6			1.0
3954.5			1.0
3955.4			1.0
3956.3			1.0
3957.2			1.0
3958.1			1.0
3959.0			1.0
3959.9			1.0
3960.8			1.0
3961.7			1.0
3962.6			1.0
3963.5			1.0
3964.4			1.0
3965.3			1.0
3966.2			1.0
3967.1			1.0
3968.0			1.0
3968.9			1.0
3969.8			1.0
3970.7			1.0
3971.6			1.0
3972.5			1.0
3973.4			1.0
3974.3			1.0
3975.2			1.0
3976.1			1.0
3977.0			1.0
3977.9			1.0
3978.8			1.0
3979.7			1.0
3980.6			1.0
3981.5			1.0
3982.4			1.0
3983.3			1.0
3984.2			1.0
3985.1			1.0
3986.0			1.0
3986.9			1.0
3987.8			1.0
3988.7			1.0
3989.6			1.0
3990.5			1.0
3991.4			1.0
3992.3			1.0
3993.2			1.0
3994.1			1.0
3995.0			1.0
3995.9			1.0
3996.8			1.0
3997.7			1.0
3998.6			1.0
3999.5			1.0
4000.4			1.0
4001.3			1.0
4002.2			1.024676180017382
4003.1			1.0440898990343428
4004.0			0.9728709316929374
4004.9			0.8344355895610116
4005.8			0.7651514949938675
4006.7			0.8249847935077419
4007.6			0.933033961835874
4008.5			0.9943744054586223
4009.4			1.0000037168440261
4010.3			1.0
4011.2			1.0
4012.1			1.0
4013.0			1.0
4013.9			1.0
4014.8			1.0
4015.7			1.0
4016.6			1.0
4017.5			1.0
4018.4			1.0
4019.3			1.0
4020.2			1.0
4021.1			1.0
4022.0			1.0
4022.9			1.0
4023.8			1.0
4024.7			1.0
4025.6			1.0014986380481354
4026.5			1.035017441577777
4027.4			1.0638342651635033
4028.3			1.0586200264138677
4029.2			0.9869852448980316
4030.1			0.8613721044742065
4031.0			0.7659696768568945
4031.9			0.7391522154427526
4032.8			0.7386113509549497
4033.7			0.7455921314452316
4034.6			0.7782789610849776
4035.5			0.8426478827337363
4036.4			0.9247546831115631
4037.3			0.9884519082728901
4038.2			1.0001817984838934
4039.1			1.0
4040.0			1.0
4040.9			0.9791325474603564
4041.8			1.0026295122388582
4042.7			0.9993664674244874
4043.6			0.8916071352371356
4044.5			0.7055903032122597
4045.4			0.5674891791716423
4046.3			0.5899576708283292
4047.2			0.7420748979763404
4048.1			0.8854153133717619
4049.0			0.9589605300675701
4049.9			1.000921676209103
4050.8			1.0
4051.7			1.0
4052.6			1.0
4053.5			1.0
4054.4			1.0
4055.3			1.0
4056.2			1.0
4057.1			0.9573924341731213
4058.0			0.9160534367889862
4058.9			0.9417473787701491
4059.8			1.019088240955342
4060.7			1.0541079320704727
4061.6			0.9759614546033321
4062.5			0.8087451790698846
4063.4			0.6842402677878807
4064.3			0.716646065316978
4065.2			0.8310751823901132
4066.1			0.883887179405049
4067.0			0.8867086719379628
4067.9			0.9345111701025206
4068.8			1.0087709708786674
4069.7			0.9969393777345029
4070.6			1.0
4071.5			1.0
4072.4			1.0
4073.3			1.0
4074.2			1.0523989718741311
4075.1			0.9984638039954369
4076.0			0.8930888442619889
4076.9			0.7954285855572105
4077.8			0.7645460774523236
4078.7			0.8118859965551873
4079.6			0.8942985699260644
4080.5			0.9694767042388668
4081.4			0.9958091395207104
4082.3			1.0
4083.2			1.0
4084.1			1.0
4085.0			1.0
4085.9			1.0
4086.8			1.0
4087.7			1.0
4088.6			1.0
4089.5			1.0
4090.4			1.0
4091.3			1.0
4092.2			0.9859372672502333
4093.1			1.0002869986395697
4094.0			1.0125424605164068
4094.9			0.9699538893124363
4095.8			0.9046837833058293
4096.7			0.8782811134882839
4097.6			0.8866388488399481
4098.5			0.8938996029546052
4099.4			0.8653314826831118
4100.3			0.7829719391962205
4101.2			0.6965855685184316
4102.1			0.690087569895507
4103.0			0.7685490939404636
4103.9			0.8611028841137419
4104.8			0.9291390291345922
4105.7			0.9785686994295051
4106.6			1.0000898885339498
4107.5			0.9939067013793212
4108.4			0.9806600337692202
4109.3			0.9705739035734657
4110.2			0.9691920663572836
4111.1			0.9785680067246516
4112.0			0.9999217742598643
4112.9			1.0
4113.8			1.0
4114.7			1.0
4115.6			1.0
4116.5			1.0
4117.4			1.0
4118.3			1.0
4119.2			1.0
4120.1			1.0
4121.0			1.0
4121.9			1.0
4122.8			1.0
4123.7			1.01241744355515
4124.6			1.03751364716948
4125.5			1.0305296362829794
4126.4			0.9940405790666206
4127.3			0.9684861228585427
4128.2			0.9722376740837939
4129.1			0.994667114932678
4130.0			0.9986913694110043
4130.9			0.9456319123792479
4131.8			0.8575746140776481
4132.7			0.8107669800437561
4133.6			0.8330986637510116
4134.5			0.9015741892407512
4135.4			0.9927148055700237
4136.3			1.0547455461254975
4137.2			1.068149265323878
4138.1			1.0
4139.0			1.024843657500159
4139.9			1.0360318638342383
4140.8			1.014108671467365
4141.7			0.9346675928763076
4142.6			0.8071203927089877
4143.5			0.7265246386184708
4144.4			0.7745598693073489
4145.3			0.8933128028051568
4146.2			0.978004422340317
4147.1			1.0
4148.0			0.9914942269539161
4148.9			0.9611475502227693
4149.8			0.9410325737131957
4150.7			0.9540282270151946
4151.6			0.9649890275086155
4152.5			0.94302702543721
4153.4			0.895457391684136
4154.3			0.8623922156336913
4155.2			0.8733384458643945
4156.1			0.886202824433937
4157.0			0.8863047298341755
4157.9			0.9128403920089769
4158.8			0.9578548190913154
4159.7			0.9882704963937168
4160.6			1.0000702574041282
4161.5			1.0
4162.4			1.0
4163.3			1.0
4164.2			1.0
4165.1			1.0
4166.0			1.0
4166.9			0.9453328152784468
4167.8			0.9199892724443836
4168.7			0.9592958923902065
4169.6			0.9960339679542864
4170.5			0.9693755044829611
4171.4			0.8895239709411209
4172.3			0.8154317944748025
4173.2			0.8085210761531337
4174.1			0.850016115831214
4175.0			0.8802750138769577
4175.9			0.8896000165080322
4176.8			0.88693717182993
4177.7			0.8875616403148248
4178.6			0.915929830613485
4179.5			0.9531803911896646
4180.4			0.9518706955671161
4181.3			0.9045073726883285
4182.2			0.8652160629037847
4183.1			0.8750735374809137
4184.0			0.9129316645848434
4184.9			0.9417406664687389
4185.8			0.9146479624133644
4186.7			0.8231313576920026
4187.6			0.7676981037494124
4188.5			1.0
4189.4			1.103421802814508
4190.3			1.1302758714895504
4191.2			1.094262314268642
4192.1			1.102772595373305
4193.0			1.1618454344380116
4193.9			1.159451523664151
4194.8			1.0690071753779367
4195.7			0.976930210122062
4196.6			0.9302074406494257
4197.5			0.8879138052014472
4198.4			0.8401497007423622
4199.3			0.8417709093921643
4200.2			0.8667659866833154
4201.1			0.8462177320168216
4202.0			0.8234436722476066
4202.9			0.8637709869483569
4203.8			0.9307348853403671
4204.7			0.9717663434647139
4205.6			0.9891840280745414
4206.5			0.9985840772138223
4207.4			1.0040308268140785
4208.3			1.0003366251448464
4209.2			1.0
4210.1			1.0
4211.0			1.0
4211.9			1.0404350409465029
4212.8			1.0519710456150375
4213.7			1.0138590026555891
4214.6			0.9345487052377531
4215.5			0.858601586264901
4216.4			0.851891981903631
4217.3			0.903841585185242
4218.2			0.946445848613061
4219.1			0.9681103012055329
4220.0			1.0
4220.9			1.0148808706271215
4221.8			0.9858062338495197
4222.7			0.9239177826774867
4223.6			0.854250607595601
4224.5			0.7626240290078767
4225.4			0.6295154697828743
4226.3			0.5134457709119128
4227.2			1.0
4228.1			1.2613122518263336
4229.0			1.510992137436925
4229.9			1.598654917050728
4230.8			1.5861977386551867
4231.7			1.508869157587348
4232.6			1.3733450155066305
4233.5			1.2641084688329303
4234.4			1.204910271472136
4235.3			1.118497813919135
4236.2			1.0333501341301692
4237.1			1.0240335810253014
4238.0			1.038154126284259
4238.9			1.016329170674112
4239.8			1.003223246184675
4240.7			1.036354830512086
4241.6			1.0497416683103176
4242.5			1.0029956954647337
4243.4			0.9738536194631114
4244.3			1.0
4245.2			1.0401120777726027
4246.1			1.0154131305882694
4247.0			0.9564037260119648
4247.9			0.9092981335378914
4248.8			0.8723946628435761
4249.7			0.8307100606981656
4250.6			0.85251048601069
4251.5			0.98368493125913
4252.4			1.09682078056836
4253.3			1.071167961622028
4254.2			0.9857756291007279
4255.1			1.0
4256.0			1.0
4256.9			1.0854195058275915
4257.8			1.0555801247604957
4258.7			0.9291632630898151
4259.6			0.7937700703835734
4260.5			0.7308277352268013
4261.4			0.793423871127392
4262.3			0.9231914643415909
4263.2			1.0
4264.1			1.0147466212523095
4265.0			1.0201705096088853
4265.9			1.0289860461673068
4266.8			0.9992085715196756
4267.7			0.9456570765819222
4268.6			0.9076225823050811
4269.5			0.8536291801347564
4270.4			0.7383509422426164
4271.3			0.6287008194382084
4272.2			0.6321332504140454
4273.1			0.7060386811308855
4274.0			0.7342725876751813
4274.9			0.7499525047765829
4275.8			0.8362409314840924
4276.7			0.9491888681250774
4277.6			1.0095735831772685
4278.5			0.999977686580565
4279.4			1.0
4280.3			1.0
4281.2			1.0
4282.1			1.0
4283.0			1.0
4283.9			1.0
4284.8			1.0
4285.7			1.0
4286.6			1.0002822065874437
4287.5			1.0222977953428232
4288.4			0.9665881799496585
4289.3			0.8608641997759631
4290.2			0.8261581700244204
4291.1			0.8903980538219545
4292.0			0.9822588261881964
4292.9			1.0234852190226507
4293.8			0.9898699160648086
4294.7			0.9467948061379975
4295.6			0.9410350327185724
4296.5			0.915538893879125
4297.4			0.8379108490969186
4298.3			0.7342146528677189
4299.2			0.6348435633921479
4300.1			0.5999394601493951
4301.0			0.6397076781266301
4301.9			0.6721897343953804
4302.8			0.6705828142354497
4303.7			0.6806278621418761
4304.6			0.698778965528829
4305.5			0.6936440876224883
4306.4			0.6564019173329962
4307.3			0.5847925737757501
4308.2			0.5233890266258792
4309.1			0.5284916890007324
4310.0			0.5746724604001684
4310.9			0.6167400838902308
4311.8			0.665198984146556
4312.7			0.7361405637487172
4313.6			0.8121585349691475
4314.5			0.8882246256756872
4315.4			0.9932666158721333
4316.3			1.102596094320704
4317.2			1.1468275779657457
4318.1			1.1292781540438734
4319.0			1.0
4319.9			0.9933263096305701
4320.8			0.9771003462889236
4321.7			0.940244843727455
4322.6			0.8549185999699206
4323.5			0.7236984134244232
4324.4			0.6065469306186376
4325.3			0.5600597896719861
4326.2			0.6236353851211078
4327.1			0.7822490850555258
4328.0			0.9368478118531116
4328.9			1.0092058426023742
4329.8			1.0116332006902413
4330.7			1.003903770753032
4331.6			1.0
4332.5			1.0
4333.4			1.006889506690703
4334.3			1.0186923958364726
4335.2			1.0217332473697538
4336.1			0.9730569075148939
4337.0			0.8712324989753072
4337.9			0.7756697899639932
4338.8			0.7095341133944659
4339.7			0.6528370412947823
4340.6			0.6483182715528464
4341.5			0.7368311301247003
4342.4			0.8409566809576402
4343.3			0.8832215080936274
4344.2			0.9056689701743451
4345.1			0.9502540465951995
4346.0			1.0
4346.9			0.9978003493239588
4347.8			1.014822056911537
4348.7			1.0600659808934891
4349.6			1.0668872898265174
4350.5			0.9724169499161456
4351.4			0.8342881535705654
4352.3			0.785384976761594
4353.2			0.8517361377425884
4354.1			0.9253700773697882
4355.0			0.9468379493355106
4355.9			0.9646280969485439
4356.8			1.0001173651379685
4357.7			0.9999256773583666
4358.6			1.0
4359.5			1.0
4360.4			1.0
4361.3			1.0
4362.2			1.0
4363.1			1.0
4364.0			1.0
4364.9			1.0
4365.8			1.0
4366.7			1.0
4367.6			1.0
4368.5			1.0
4369.4			1.0
4370.3			1.0
4371.2			0.9911459974005817
4372.1			1.0
4373.0			0.9722754190246053
4373.9			0.9117314039599782
4374.8			0.8682414511742963
4375.7			0.8823444187561148
4376.6			0.9473796331789028
4377.5			1.0128240327186744
4378.4			1.0399815221678659
4379.3			1.0328306129670128
4380.2			1.0133712859404438
4381.1			0.9699600405892376
4382.0			0.8485008861020892
4382.9			0.6622372761507594
4383.8			0.5590123589563858
4384.7			0.6409406639819655
4385.6			0.8197839717085823
4386.5			0.948634525157361
4387.4			0.9759809290339723
4388.3			0.9606678620525122
4389.2			0.9510847772582479
4390.1			0.9480343272290518
4391.0			0.9665783221204559
4391.9			1.0072846352472173
4392.8			1.0347651738338404
4393.7			1.0237398364726669
4394.6			1.0
4395.5			1.0066654234932644
4396.4			1.0649118774685382
4397.3			1.1153023252161678
4398.2			1.1085368874183645
4399.1			1.0472800512712037
4400.0			0.9686313956573693
4400.9			0.9381028408692904
4401.8			0.9722797393091871
4402.7			0.9737954574243917
4403.6			0.8599948248910163
4404.5			0.7342734880172167
4405.4			0.7489656482831711
4406.3			0.8565292791415751
4407.2			0.9065818505973577
4408.1			0.9009718176566928
4409.0			0.9321575895871669
4409.9			0.9983725323250843
4410.8			1.0
4411.7			1.027628552600863
4412.6			1.0300228572127024
4413.5			0.9663845089460776
4414.4			0.8463602112436618
4415.3			0.7736165383918009
4416.2			0.8114289772760702
4417.1			0.8898954613987938
4418.0			0.9491678135500806
4418.9			1.0010541879560042
4419.8			1.0
4420.7			1.0
4421.6			1.0
4422.5			1.0
4423.4			1.0
4424.3			1.0
4425.2			1.0
4426.1			1.0
4427.0			1.0147671706760575
4427.9			1.0479713995697026
4428.8			1.0655113675572452
4429.7			1.0365813540145996
4430.6			1.0084942262146943
4431.5			1.0304084073722506
4432.4			1.0502373143441384
4433.3			1.0155732157056019
4434.2			0.9493820298029462
4435.1			0.9107917493505451
4436.0			0.9521402893274241
4436.9			1.0528202850049309
4437.8			1.1385192993825977
4438.7			1.1742114993712733
4439.6			1.1605568022254078
4440.5			1.1074059100383737
4441.4			1.0402080587685465
4442.3			1.0
4443.2			1.0013970767603273
4444.1			1.065208457799436
4445.0			1.1395348912682337
4445.9			1.1608584557392436
4446.8			1.1245075431979832
4447.7			1.0979825730499984
4448.6			1.1149421632313739
4449.5			1.1259389468726766
4450.4			1.1076278005141482
4451.3			1.0959369808731927
4452.2			1.0886069545498416
4453.1			1.0395382835474472
4454.0			0.943267990177714
4454.9			0.8652305579549918
4455.8			0.867742042881772
4456.7			0.9169556038633813
4457.6			0.9369922194474204
4458.5			0.9234165680408327
4459.4			0.9162452164002836
4460.3			0.913818900918751
4461.2			0.8970780806868183
4462.1			0.9064629192954378
4463.0			0.9700357356344999
4463.9			1.0216873439377585
4464.8			1.0194571656640148
4465.7			1.0011429715188465
4466.6			0.9976597509580077
4467.5			1.0
4468.4			1.0
4469.3			1.0
4470.2			1.0
4471.1			1.0
4472.0			1.0
4472.9			1.0
4473.8			1.0
4474.7			1.0
4475.6			1.0
4476.5			1.0
4477.4			1.0314909744052523
4478.3			1.0296966299644459
4479.2			0.9741355915752092
4480.1			0.8990329454585267
4481.0			0.848575822715589
4481.9			0.8422680341802169
4482.8			0.8820471892652618
4483.7			0.9410473810543378
4484.6			0.9814921941342194
4485.5			0.9984372247553809
4486.4			1.0000787449912656
4487.3			1.0
4488.2			1.0
4489.1			1.0
4490.0			1.0
4490.9			1.0
4491.8			1.0
4492.7			1.0
4493.6			1.0
4494.5			1.0
4495.4			1.0
4496.3			1.0
4497.2			1.0
4498.1			1.0
4499.0			1.0
4499.9			1.0
4500.8			1.0
4501.7			1.0
4502.6			1.0
4503.5			1.0
4504.4			1.0
4505.3			1.0
4506.2			1.0
4507.1			1.0
4508.0			1.0
4508.9			1.0
4509.8			1.0
4510.7			1.0
4511.6			1.0
4512.5			1.0
4513.4			1.0
4514.3			1.0
4515.2			1.0091100174568008
4516.1			1.026862579539625
4517.0			1.016429839695047
4517.9			1.001778379468899
4518.8			1.01962860201102
4519.7			1.0450194167395432
4520.6			1.0546062869013646
4521.5			1.044948032536836
4522.4			1.0154274142158457
4523.3			0.995990083479884
4524.2			0.9882591174497826
4525.1			0.9588843551377932
4526.0			0.9124172308545098
4526.9			0.8720735232282377
4527.8			0.8423206942847126
4528.7			0.8294465684666071
4529.6			0.8508666927732996
4530.5			0.884007007422541
4531.4			0.9097352982799574
4532.3			0.9306292168546774
4533.2			0.9174457534975677
4534.1			0.8780581268317121
4535.0			0.859930632515737
4535.9			1.0
4536.8			1.0904668548127865
4537.7			1.152738879270962
4538.6			1.1401198885797097
4539.5			1.0988306934484773
4540.4			1.0622609082735694
4541.3			1.0527984772219616
4542.2			1.0759949158037743
4543.1			1.0919241814242509
4544.0			1.0695728942908547
4544.9			1.0316142668908121
4545.8			1.015166530832972
4546.7			1.0125864404975036
4547.6			0.9991881034779985
4548.5			0.9646402219408016
4549.4			0.9320225263757211
4550.3			0.9442517327327852
4551.2			0.9782013092429123
4552.1			0.9812323369969538
4553.0			0.956909454952533
4553.9			0.9295531707630333
4554.8			0.9155834597242711
4555.7			0.9278133976915878
4556.6			0.9619536054535195
4557.5			0.9934264456247978
4558.4			1.0040388444454702
4559.3			1.000789637576277
4560.2			1.0
4561.1			1.0086348810743355
4562.0			1.0101440087214193
4562.9			0.984371556260866
4563.8			0.93761489474791
4564.7			0.9025848396862288
4565.6			0.9053782886893837
4566.5			0.9463699890894453
4567.4			0.9885986450604252
4568.3			0.9999311118100109
4569.2			1.0
4570.1			1.0
4571.0			1.0
4571.9			0.9830486759527876
4572.8			1.0214385492414142
4573.7			1.0578735759380498
4574.6			1.056642254159563
4575.5			1.049567634363759
4576.4			1.0514549540082851
4577.3			1.0486845836036636
4578.2			1.0274138770177794
4579.1			0.9838247059450024
4580.0			0.9370249055254181
4580.9			0.9144828705847524
4581.8			0.9283053184390273
4582.7			0.953181096528978
4583.6			0.9553566135655649
4584.5			0.9380194875191771
4585.4			0.9202198520275416
4586.3			0.9236775338309676
4587.2			0.9588740903189953
4588.1			0.997567312936419
4589.0			1.012632104744067
4589.9			1.0002369449372284
4590.8			1.0
4591.7			1.0
4592.6			1.0
4593.5			1.0
4594.4			1.0
4595.3			1.0
4596.2			1.0
4597.1			1.0
4598.0			1.0
4598.9			1.0
4599.8			1.0
4600.7			1.0
4601.6			1.0
4602.5			1.0
4603.4			1.0
4604.3			1.0
4605.2			1.0
4606.1			1.0
4607.0			1.0
4607.9			1.0
4608.8			1.0
4609.7			1.0
4610.6			1.0
4611.5			1.0
4612.4			1.0
4613.3			1.0
4614.2			1.0
4615.1			1.0
4616.0			1.0
4616.9			1.0
4617.8			1.0
4618.7			1.0
4619.6			1.0
4620.5			1.0
4621.4			1.0
4622.3			1.0
4623.2			1.0
4624.1			1.0
4625.0			1.0
4625.9			1.0
4626.8			1.0
4627.7			1.0
4628.6			1.0
4629.5			1.0
4630.4			1.0
4631.3			1.0
4632.2			1.0
4633.1			0.9810342247098925
4634.0			0.9773065596452715
4634.9			0.987090610830848
4635.8			0.9861578171213333
4636.7			0.9623063096937741
4637.6			0.9343797356511664
4638.5			0.927279436732633
4639.4			0.9377030054539689
4640.3			0.9570091080473261
4641.2			0.9834005169857967
4642.1			0.9989884154067187
4643.0			0.990176127251861
4643.9			0.9744292471010656
4644.8			0.9574455998933503
4645.7			0.9241611594130706
4646.6			0.8868599221963729
4647.5			0.8748134808920888
4648.4			0.8965442026287558
4649.3			0.9363846760392961
4650.2			0.9693219678896695
4651.1			0.9839039058286148
4652.0			0.9922548420677767
4652.9			0.9982687613883712
4653.8			1.0
4654.7			0.9679787641752889
4655.6			0.9644847531620739
4656.5			0.9848278642392946
4657.4			1.0197083717884603
4658.3			1.0630340181875686
4659.2			1.0912445791014338
4660.1			1.090205315951187
4661.0			1.0660909394177145
4661.9			1.0359970632855444
4662.8			1.0131995154537357
4663.7			1.0
4664.6			0.9982074453300619
4665.5			0.964991043347375
4666.4			0.8874428099062864
4667.3			0.8260173700868794
4668.2			0.841105501669475
4669.1			0.9135500604311921
4670.0			0.98337375458015
4670.9			1.0167915423664677
4671.8			1.0066250370068397
4672.7			0.9782527078818912
4673.6			0.9683294824807543
4674.5			0.9828048726073381
4675.4			1.0108090167625672
4676.3			1.0341612265756255
4677.2			1.019484496730603
4678.1			0.9717885064846109
4679.0			0.9361362277637123
4679.9			0.9279699639414016
4680.8			0.9299097209624402
4681.7			0.9377838034309702
4682.6			0.9598110449170726
4683.5			0.9833951306983457
4684.4			0.9881284907014878
4685.3			0.9826362495068265
4686.2			0.981860425925434
4687.1			0.9795295116807113
4688.0			0.97097502459293
4688.9			0.9667944044770752
4689.8			1.0
4690.7			0.989445077647233
4691.6			0.9836792749508392
4692.5			0.9954714710704098
4693.4			1.0146725898760107
4694.3			1.0311166691971114
4695.2			1.0461258406871705
4696.1			1.050659678533445
4697.0			1.027869137447341
4697.9			0.9830357748220947
4698.8			0.9502808514186111
4699.7			0.949541437233213
4700.6			0.9537158713799699
4701.5			0.92821339446236
4702.4			0.8859194754315654
4703.3			0.8787294274609948
4704.2			0.9270662888975424
4705.1			0.9775714870957303
4706.0			0.9833675315681732
4706.9			0.9512285265620541
4707.8			0.9221115725263075
4708.7			0.9215178681412881
4709.6			0.9411757740195532
4710.5			0.9780500491982432
4711.4			1.010006466920307
4712.3			1.0102632413261827
4713.2			0.9850539199210039
4714.1			0.9532044323165101
4715.0			1.0
4715.9			1.0450497564975911
4716.8			1.0793727465259604
4717.7			1.0847896873238214
4718.6			1.0924305217673282
4719.5			1.107951370759599
4720.4			1.1071419725361125
4721.3			1.0893573771578655
4722.2			1.0726723856896268
4723.1			1.0713942376027819
4724.0			1.0867992620751534
4724.9			1.098997299534717
4725.8			1.0804907610408305
4726.7			1.0271603398958318
4727.6			0.9737388819957062
4728.5			0.9541846938363977
4729.4			0.955464960576606
4730.3			0.9607320144665034
4731.2			0.9779289308203208
4732.1			1.0013589528883373
4733.0			1.0146309284019064
4733.9			1.0173957698305034
4734.8			1.0153295618923952
4735.7			0.988439596656967
4736.6			0.9531878977040706
4737.5			0.9694909581880014
4738.4			1.0179221650265549
4739.3			1.0321476413336461
4740.2			1.0110874907060319
4741.1			0.9982491242495094
4742.0			1.0
4742.9			1.0
4743.8			1.0
4744.7			1.0
4745.6			1.0
4746.5			1.0
4747.4			1.0
4748.3			1.0
4749.2			1.0
4750.1			1.0
4751.0			1.0
4751.9			1.0
4752.8			1.0
4753.7			1.0
4754.6			1.0
4755.5			1.0
4756.4			1.0
4757.3			1.0
4758.2			1.0
4759.1			1.0180534422408196
4760.0			1.020678578608754
4760.9			0.9968759845695779
4761.8			0.9572686241346228
4762.7			0.939666696519246
4763.6			0.9444125190208723
4764.5			0.9342504644160555
4765.4			0.9101574769055195
4766.3			0.9051142595297275
4767.2			0.9297297580675666
4768.1			0.9615147198489353
4769.0			0.9903901683488139
4769.9			1.0073085759968732
4770.8			0.9918541641560605
4771.7			0.9649087152438484
4772.6			0.9679591236389868
4773.5			0.9999172020250104
4774.4			1.0
4775.3			1.0
4776.2			0.9920958603448964
4777.1			1.0022407159307203
4778.0			1.014305631392915
4778.9			1.0078430907205354
4779.8			0.9977643581812242
4780.7			0.9978037712969602
4781.6			0.9918802943594398
4782.5			0.965504685162561
4783.4			0.9454372535810814
4784.3			0.957854246509375
4785.2			0.966020544879764
4786.1			0.9423582029804625
4787.0			0.9298372889530778
4787.9			0.9429382990077175
4788.8			0.9454004593011573
4789.7			0.9433319437968061
4790.6			0.9562432409494891
4791.5			0.971240381938885
4792.4			0.983880206597723
4793.3			1.0080419113549208
4794.2			1.0377614544261233
4795.1			1.0497311777866076
4796.0			1.0418823287713592
4796.9			1.02444704358642
4797.8			0.9999084382325063
4798.7			1.0
4799.6			1.0
4800.5			1.0
4801.4			1.0
4802.3			1.0
4803.2			1.0
4804.1			1.0
4805.0			1.0
4805.9			1.0
4806.8			1.0
4807.7			1.0
4808.6			1.0
4809.5			1.0
4810.4			1.0
4811.3			1.0
4812.2			1.0
4813.1			1.0
4814.0			1.0
4814.9			1.0
4815.8			1.0
4816.7			1.0
4817.6			1.0
4818.5			1.0
4819.4			1.0
4820.3			1.0
4821.2			0.9883402860691215
4822.1			0.9637786746983315
4823.0			0.9209535212872452
4823.9			0.9040776069012342
4824.8			0.9381806993475339
4825.7			0.9823233187713655
4826.6			0.999234631840586
4827.5			1.0
4828.4			1.0
4829.3			1.0
4830.2			1.0
4831.1			1.0
4832.0			1.0
4832.9			1.0
4833.8			1.0
4834.7			1.0
4835.6			1.0
4836.5			1.0
4837.4			1.0
4838.3			1.0
4839.2			1.0
4840.1			1.0
4841.0			1.0
4841.9			1.0
4842.8			1.0
4843.7			1.0
4844.6			1.0
4845.5			1.0
4846.4			1.0
4847.3			1.0
4848.2			1.0
4849.1			1.0
4850.0			1.0
4850.9			1.0169807497389365
4851.8			1.0137124237505022
4852.7			1.011667948146334
4853.6			1.0028562873884328
4854.5			0.965511288724864
4855.4			0.9304146264053131
4856.3			0.9401391390764164
4857.2			0.9699927643900005
4858.1			0.9623720217496676
4859.0			0.8950465727426485
4859.9			0.7833371972342229
4860.8			0.6844676357394742
4861.7			0.6891713963509374
4862.6			0.804394381248949
4863.5			0.9245156649401308
4864.4			0.9944980288798325
4865.3			1.0413047684549677
4866.2			1.0772119949999768
4867.1			1.0990873063665025
4868.0			1.0
4868.9			1.0011187472151244
4869.8			0.9612126401084939
4870.7			0.871321487724632
4871.6			0.8145849961169263
4872.5			0.8593441503207255
4873.4			0.9490709293093427
4874.3			0.9994144266958138
4875.2			1.0
4876.1			1.0
4877.0			1.0
4877.9			1.0
4878.8			1.0
4879.7			1.0
4880.6			1.0
4881.5			1.0
4882.4			1.0
4883.3			1.010904898501366
4884.2			0.9940381094602989
4885.1			0.9509947411959747
4886.0			0.9195704149091176
4886.9			0.9199170097420992
4887.8			0.9317003828628667
4888.7			0.9251632673134721
4889.6			0.8806951744992275
4890.5			0.8037134854169117
4891.4			0.7777647359340211
4892.3			0.8637288791115191
4893.2			0.9793032475656559
4894.1			1.0413293388006502
4895.0			1.0549335466178085
4895.9			1.0454490395428855
4896.8			1.0330138504547386
4897.7			1.0276258299411285
4898.6			1.0176690786898313
4899.5			0.9977323964542
4900.4			1.0
4901.3			1.0
4902.2			1.0
4903.1			1.0
4904.0			1.0
4904.9			1.0
4905.8			1.0341911998237785
4906.7			1.035995201009336
4907.6			1.0087309884963322
4908.5			0.9695662423222426
4909.4			0.9247000843000559
4910.3			0.8941701159512131
4911.2			0.9071465680095104
4912.1			1.0
4913.0			1.0287949093918454
4913.9			1.0433385772229857
4914.8			1.058784304736176
4915.7			1.0623252526706881
4916.6			1.0293280947729195
4917.5			0.9476617308355213
4918.4			0.8390044509486622
4919.3			0.7549385707013041
4920.2			0.7382914505691255
4921.1			0.7983651687919233
4922.0			0.8884561157575585
4922.9			0.9344421345765436
4923.8			0.9304654919274628
4924.7			0.9328706017689689
4925.6			0.968479500829335
4926.5			0.9986197282954481
4927.4			1.001490882623581
4928.3			1.0
4929.2			1.0
4930.1			1.0
4931.0			0.9980400123008926
4931.9			0.9852546505341296
4932.8			0.9361762556084282
4933.7			0.8915712411085799
4934.6			0.9081005675083229
4935.5			0.9453544115048719
4936.4			0.9403088551311868
4937.3			0.8967765209661495
4938.2			0.8485518836298809
4939.1			0.8413363452578174
4940.0			0.8988841014637369
4940.9			0.9691174190280524
4941.8			0.9979692125493116
4942.7			1.0105335145939776
4943.6			1.026663370642906
4944.5			1.0187337298412178
4945.4			0.9859670988988894
4946.3			0.9733822609410944
4947.2			1.0006162654635047
4948.1			1.0
4949.0			1.0
4949.9			1.0
4950.8			1.0
4951.7			1.0
4952.6			1.0
4953.5			1.0
4954.4			0.9967175963417031
4955.3			0.9689534806483758
4956.2			0.8752077334106312
4957.1			0.7562285635972322
4958.0			0.7489492221707094
4958.9			0.8686444523465239
4959.8			0.9764624231078957
4960.7			1.0082309208293054
4961.6			0.9988832133708697
4962.5			1.0
4963.4			1.0
4964.3			1.0
4965.2			1.0
4966.1			1.0
4967.0			1.0
4967.9			1.0
4968.8			1.0
4969.7			1.0
4970.6			1.0
4971.5			1.0
4972.4			1.0
4973.3			1.0
4974.2			1.0
4975.1			1.0
4976.0			0.9928910113639581
4976.9			0.9813791954390605
4977.8			0.9623236015302513
4978.7			0.9451538235235926
4979.6			0.9449287004020241
4980.5			0.9416979822201732
4981.4			0.9016408261761512
4982.3			0.838358465269824
4983.2			0.8079443044983333
4984.1			0.8286417240855133
4985.0			0.8719198551386753
4985.9			0.9311944219671863
4986.8			0.9990045863870637
4987.7			1.0338900413485388
4988.6			1.0276731070270766
4989.5			1.0135311529528923
4990.4			0.9983678768591051
4991.3			1.0
4992.2			1.0
4993.1			1.0
4994.0			1.0
4994.9			1.0
4995.8			1.0
4996.7			1.0
4997.6			0.9950919656338314
4998.5			0.9791686929849324
4999.4			0.9537671602469358
5000.3			0.9354538446723272
5001.2			0.9270863601825743
5002.1			0.9300056765362731
5003.0			0.9518127781084842
5003.9			0.9646104426503403
5004.8			0.9296333648384554
5005.7			0.8699729915658047
5006.6			0.8683538899685981
5007.5			0.9460536001569674
5008.4			1.0299659543746214
5009.3			1.0612401602850554
5010.2			1.0515179207122733
5011.1			1.021295806164453
5012.0			0.9749654359390685
5012.9			0.9432399789013829
5013.8			0.9378555359010773
5014.7			0.9588555368640697
5015.6			1.0038399711277175
5016.5			1.0
5017.4			1.0
5018.3			1.0
5019.2			1.0
5020.1			1.0
5021.0			1.0
5021.9			1.0
5022.8			1.0
5023.7			1.0
5024.6			1.0
5025.5			1.0
5026.4			1.0
5027.3			1.0
5028.2			1.0
5029.1			1.0
5030.0			1.0
5030.9			1.0
5031.8			1.0
5032.7			1.0272955754008166
5033.6			1.0346506743946255
5034.5			0.9996001632938417
5035.4			0.9426892669663185
5036.3			0.9287155069451618
5037.2			0.9613325218307616
5038.1			0.970793304013247
5039.0			0.9380903283796046
5039.9			0.886918240539993
5040.8			0.8323360132608193
5041.7			0.843865344020114
5042.6			1.0
5043.5			1.077207092726196
5044.4			1.1041347698288395
5045.3			1.1210550842672937
5046.2			1.1210861671614651
5047.1			1.0794991398319702
5048.0			1.0119705767951495
5048.9			0.9589399678228792
5049.8			0.9433576020982802
5050.7			0.9476081248483668
5051.6			0.9508396900645156
5052.5			0.9651103459017161
5053.4			0.9903002479568715
5054.3			1.0061228378407197
5055.2			1.0088157924949879
5056.1			0.9996407070357592
5057.0			1.0
5057.9			1.0
5058.8			1.0
5059.7			1.0
5060.6			1.0
5061.5			1.0
5062.4			1.0
5063.3			1.0
5064.2			1.0
5065.1			1.0
5066.0			1.0
5066.9			1.0
5067.8			1.0
5068.7			1.0
5069.6			1.0
5070.5			1.0
5071.4			1.0
5072.3			1.0
5073.2			0.9999043561907215
5074.1			1.0103003569144215
5075.0			1.0057822028332872
5075.9			1.011227558465376
5076.8			1.0299992354397354
5077.7			1.0202161753905459
5078.6			0.9500850564250561
5079.5			0.8748016709560742
5080.4			0.8713474832450135
5081.3			0.9192385977228925
5082.2			0.950321593769654
5083.1			0.948905335182489
5084.0			0.9581895279118112
5084.9			0.9928331092772724
5085.8			1.0174355947154565
5086.7			1.012523614108747
5087.6			0.9977417805772493
5088.5			1.0
5089.4			1.0
5090.3			1.0
5091.2			1.0
5092.1			1.0
5093.0			1.0
5093.9			1.0
5094.8			0.9889770135492983
5095.7			0.9699610980606206
5096.6			0.9348829692763517
5097.5			0.8915301567774644
5098.4			0.857860124373955
5099.3			0.8608902929038931
5100.2			0.9186197017288275
5101.1			0.9863144700976698
5102.0			1.0178950669358655
5102.9			1.013180168871366
5103.8			0.9978021735841588
5104.7			1.0
5105.6			1.0
5106.5			1.0
5107.4			1.0
5108.3			1.0
5109.2			1.0
5110.1			1.0
5111.0			1.0
5111.9			1.0
5112.8			1.0
5113.7			1.0
5114.6			1.0
5115.5			1.0
5116.4			1.0
5117.3			1.0
5118.2			1.0
5119.1			1.0
5120.0			1.0
5120.9			1.0
5121.8			1.0
5122.7			1.0
5123.6			1.0
5124.5			1.0
5125.4			1.0
5126.3			1.0180271702078447
5127.2			1.0339393723652743
5128.1			1.0354341448746696
5129.0			1.030806626680962
5129.9			1.032761864958175
5130.8			1.0477514985552698
5131.7			1.0574918714683355
5132.6			1.0498245424327723
5133.5			1.037680011418917
5134.4			1.0520344116365399
5135.3			1.0775138951073497
5136.2			1.0597723566463342
5137.1			1.0108970075674304
5138.0			0.968318857848112
5138.9			0.9363540692971714
5139.8			0.9458567179300165
5140.7			0.9940936902325722
5141.6			0.9928290391845945
5142.5			0.9596186915592243
5143.4			0.9837962154845318
5144.3			1.0320671973875526
5145.2			1.0351658776933874
5146.1			1.0080543170827545
5147.0			0.9893432281275152
5147.9			0.9916480045972733
5148.8			1.016601597259745
5149.7			1.0323693677794903
5150.6			1.0151470582761668
5151.5			1.0002051670091106
5152.4			1.0
5153.3			1.0
5154.2			1.0
5155.1			1.0
5156.0			1.0
5156.9			1.0
5157.8			1.0
5158.7			1.0
5159.6			1.0
5160.5			1.0
5161.4			1.0
5162.3			0.9728839584917587
5163.2			0.9734284751268566
5164.1			0.9701545760769328
5165.0			0.9186004732941163
5165.9			0.825771527386993
5166.8			0.7249713274846574
5167.7			0.6949876818894023
5168.6			0.7820621066764094
5169.5			0.9089093238909679
5170.4			0.9455407296855012
5171.3			0.834252049414016
5172.2			0.6941040627282247
5173.1			0.7128736598267679
5174.0			0.9034054340899133
5174.9			1.1034685910012603
5175.8			1.2038766183675547
5176.7			1.2366929982010197
5177.6			1.0
5178.5			1.0078348771164258
5179.4			0.9963677072733537
5180.3			0.961167940876524
5181.2			0.8903124885570353
5182.1			0.7569185402702225
5183.0			0.60606145775897
5183.9			0.5690166111426278
5184.8			0.69636498895024
5185.7			0.8681908066759516
5186.6			0.9677550077215723
5187.5			0.9901622361617094
5188.4			0.9851069586160127
5189.3			1.0009865252821055
5190.2			1.0
5191.1			1.0
5192.0			1.0
5192.9			1.0
5193.8			1.0
5194.7			1.0
5195.6			1.0
5196.5			1.0
5197.4			1.0
5198.3			1.0
5199.2			1.0
5200.1			1.0
5201.0			0.9993207215150217
5201.9			0.9855107912649571
5202.8			0.9735913161630368
5203.7			0.9502606736906175
5204.6			0.899924036435843
5205.5			0.8658985251163946
5206.4			0.8771101615380221
5207.3			0.8900026294521423
5208.2			0.8797749128289643
5209.1			0.9038083127328131
5210.0			0.9766687228875487
5210.9			1.0406876169864308
5211.8			1.085591844356492
5212.7			1.1129743601867281
5213.6			1.103213979948761
5214.5			1.0532027390759917
5215.4			1.0012884816804568
5216.3			1.0
5217.2			1.0
5218.1			1.0
5219.0			1.0
5219.9			1.0
5220.8			1.0
5221.7			1.0064819826178861
5222.6			1.0053161902032222
5223.5			0.990721406479579
5224.4			0.9559648706292997
5225.3			0.8995931067128258
5226.2			0.8351027252526717
5227.1			0.821217909694943
5228.0			0.9038898816206637
5228.9			1.0073127382409783
5229.8			1.056345474737232
5230.7			1.0738399003388326
5231.6			1.0600339657164235
5232.5			1.0114238217024347
5233.4			1.0
5234.3			1.0
5235.2			1.0
5236.1			1.0
5237.0			1.0
5237.9			1.0
5238.8			1.0
5239.7			1.0
5240.6			1.0
5241.5			1.0
5242.4			1.0
5243.3			1.0
5244.2			1.0
5245.1			1.0
5246.0			1.0
5246.9			1.0
5247.8			1.0
5248.7			1.0
5249.6			1.0
5250.5			1.0
5251.4			1.0
5252.3			1.0
5253.2			1.0
5254.1			0.9811140206417978
5255.0			0.9699047498754968
5255.9			0.9963402332769338
5256.8			1.0432859226456186
5257.7			1.0722716866838544
5258.6			1.0794802060224844
5259.5			1.0692086868273605
5260.4			1.0349977493809202
5261.3			0.9755679143589674
5262.2			0.9108386660827628
5263.1			0.8678805172158628
5264.0			0.8429505539134545
5264.9			0.8194166075527145
5265.8			0.806666596241084
5266.7			0.8385422646909833
5267.6			0.8819757237200274
5268.5			0.8384113396850791
5269.4			0.7434027974594579
5270.3			0.748520723864243
5271.2			0.8656346925262531
5272.1			0.9570121083477907
5273.0			0.9705196410106728
5273.9			0.9607731754032799
5274.8			0.9485128892314042
5275.7			0.9518082766967004
5276.6			1.006392959136022
5277.5			1.0
5278.4			1.0181467919558371
5279.3			0.9983947498354646
5280.2			0.9629007373620203
5281.1			0.9244247221937992
5282.0			0.8928015715037882
5282.9			0.8684716039971585
5283.8			0.8652866455374874
5284.7			0.9099709055070394
5285.6			0.9764774137429679
5286.5			1.0104185709083953
5287.4			1.008364714201785
5288.3			0.9963966920262437
5289.2			1.0
5290.1			1.0150672102567218
5291.0			1.0199566833687947
5291.9			1.0097376379982124
5292.8			0.996177307214839
5293.7			0.9897386798198003
5294.6			0.986025008921704
5295.5			0.9662637866941997
5296.4			0.9175863264384535
5297.3			0.8622473734694144
5298.2			0.8519776749517307
5299.1			0.8988965222538109
5300.0			0.9445608437275925
5300.9			0.9434884643170267
5301.8			0.9269267781146473
5302.7			0.9399940762015147
5303.6			0.9796922961158646
5304.5			1.0100748889259494
5305.4			1.014300457025368
5306.3			1.000290358696133
5307.2			1.0
5308.1			1.0
5309.0			1.0
5309.9			1.0
5310.8			1.0
5311.7			1.0
5312.6			1.0
5313.5			1.0
5314.4			1.0
5315.3			1.0
5316.2			1.0
5317.1			1.0
5318.0			1.0
5318.9			1.0
5319.8			1.0
5320.7			0.9882713671377851
5321.6			0.9754707105140341
5322.5			0.9480417292148305
5323.4			0.8979211521011147
5324.3			0.8662435867740902
5325.2			0.891164580248935
5326.1			0.9058139714149286
5327.0			0.835153278843307
5327.9			0.7387607799052603
5328.8			0.741790050415866
5329.7			0.8481282316209954
5330.6			0.9427810236876375
5331.5			0.968839271349158
5332.4			0.9573748146916182
5333.3			0.9579323049398032
5334.2			0.9832528600978033
5335.1			1.0
5336.0			0.9978094642452146
5336.9			0.9915404352217569
5337.8			0.9871820185706977
5338.7			0.9617348270148113
5339.6			0.9076631492310762
5340.5			0.8767826856885255
5341.4			0.9124652743428466
5342.3			0.9727974826285886
5343.2			1.0044097582887055
5344.1			1.0111259445607155
5345.0			1.0041673003539502
5345.9			1.0
5346.8			1.0
5347.7			1.0
5348.6			1.0
5349.5			1.0
5350.4			1.0
5351.3			1.0
5352.2			1.0
5353.1			1.0
5354.0			1.0
5354.9			1.0
5355.8			1.0
5356.7			1.0
5357.6			1.0
5358.5			1.0
5359.4			1.0
5360.3			1.0
5361.2			1.0
5362.1			0.9824792734981022
5363.0			0.9677694843547833
5363.9			0.9496365142766898
5364.8			0.9314400525676673
5365.7			0.9314962217028451
5366.6			0.9402546906642076
5367.5			0.9384851005858117
5368.4			0.9280878602023476
5369.3			0.8945176854321911
5370.2			0.8426268522946027
5371.1			0.822542585081341
5372.0			0.8633782232838656
5372.9			0.9377540047414659
5373.8			0.9913382526205529
5374.7			1.0156937753536395
5375.6			1.0254068937450451
5376.5			1.0183219954679283
5377.4			1.0069938565842789
5378.3			1.003713646775595
5379.2			1.0029807424047894
5380.1			0.9995322422261338
5381.0			1.0
5381.9			1.0
5382.8			1.0
5383.7			1.0
5384.6			1.0
5385.5			1.0
5386.4			1.0
5387.3			1.0
5388.2			1.0
5389.1			1.0
5390.0			1.0
5390.9			1.0
5391.8			1.0
5392.7			1.0
5393.6			1.0
5394.5			1.0
5395.4			0.9988824012094609
5396.3			0.9566220645964314
5397.2			0.9242915164931422
5398.1			0.950105173937116
5399.0			0.9940837048751076
5399.9			1.0060705367262088
5400.8			1.0098894461977859
5401.7			1.0272482045204143
5402.6			1.0165182369291197
5403.5			0.953283319847617
5404.4			0.8847612764443333
5405.3			0.8629505034682557
5406.2			0.8982463207251957
5407.1			0.9637059032926185
5408.0			1.0030860435226927
5408.9			0.9873580012310814
5409.8			0.95234011786825
5410.7			0.9576060995805696
5411.6			1.0048530862274159
5412.5			1.0448117122484715
5413.4			1.0430497411145194
5414.3			1.0121639115446486
5415.2			1.0003274891220728
5416.1			1.0
5417.0			1.0
5417.9			1.0
5418.8			1.0
5419.7			1.0
5420.6			0.9873018440699253
5421.5			0.9925103500131839
5422.4			0.9852384407892506
5423.3			0.9427496886904644
5424.2			0.9139019912121868
5425.1			0.9479090363721111
5426.0			1.0035349182700901
5426.9			1.0254013385378395
5427.8			0.9939227815451983
5428.7			0.92095629799513
5429.6			0.8734387869249739
5430.5			0.9035668043355216
5431.4			0.9538682218157948
5432.3			0.9507520364312887
5433.2			0.9127398557897549
5434.1			0.8831657375675642
5435.0			0.8837943051148773
5435.9			0.9115382145843168
5436.8			0.9456927648024371
5437.7			0.976703859670504
5438.6			0.9982449318715008
5439.5			1.0
5440.4			1.0
5441.3			1.0
5442.2			1.0
5443.1			0.9925467420748276
5444.0			0.9634066759843353
5444.9			0.9135931481845774
5445.8			0.8602955851587598
5446.7			0.8409020531906368
5447.6			0.8843426825140756
5448.5			0.9552806562216107
5449.4			0.9952420587642152
5450.3			1.0001800731535428
5451.2			1.0
5452.1			0.9941051267727432
5453.0			0.980761941254659
5453.9			0.9426441265548582
5454.8			0.8843697344452619
5455.7			0.8641225803402248
5456.6			0.9136721975877985
5457.5			0.9761452486160239
5458.4			1.002151091930893
5459.3			0.9997205901255192
5460.2			1.0
5461.1			1.0
5462.0			1.0
5462.9			1.0
5463.8			1.0
5464.7			1.0
5465.6			1.0
5466.5			1.0
5467.4			1.0
5468.3			1.0
5469.2			1.0
5470.1			1.0
5471.0			1.0028602075013067
5471.9			1.0067183280481846
5472.8			0.9963703280420313
5473.7			0.988364086223496
5474.6			0.9838926691532753
5475.5			0.9474948093915223
5476.4			0.9019180821095897
5477.3			0.9192434677413027
5478.2			0.9906774173651541
5479.1			1.037498160673648
5480.0			1.0289441314920647
5480.9			1.002627410705006
5481.8			1.003611545176718
5482.7			1.0
5483.6			1.0
5484.5			1.0
5485.4			1.0
5486.3			1.0
5487.2			1.0
5488.1			1.0
5489.0			1.0
5489.9			1.0
5490.8			1.0
5491.7			1.0
5492.6			1.0
5493.5			1.0
5494.4			1.0
5495.3			1.0
5496.2			1.0
5497.1			1.0
5498.0			1.0
5498.9			1.0
5499.8			1.0
5500.7			1.0
5501.6			1.0
5502.5			1.0
5503.4			1.0
5504.3			1.0
5505.2			1.0
5506.1			1.0
5507.0			1.0
5507.9			1.0
5508.8			1.0
5509.7			1.0
5510.6			1.0
5511.5			1.0
5512.4			1.0
5513.3			1.0
5514.2			1.0
5515.1			1.0
5516.0			1.0
5516.9			1.0
5517.8			1.0
5518.7			1.0
5519.6			1.0
5520.5			1.0
5521.4			1.0
5522.3			1.0
5523.2			1.0
5524.1			0.9969875602655062
5525.0			0.9855098343788241
5525.9			0.9665951659946636
5526.8			0.9327251918231174
5527.7			0.892681727144309
5528.6			0.8925662513157474
5529.5			0.9444503446206729
5530.4			0.9947625871647992
5531.3			1.0073716555183934
5532.2			1.0023940524805761
5533.1			1.000139492645623
5534.0			1.0
5534.9			1.0
5535.8			1.0
5536.7			1.0
5537.6			1.0
5538.5			1.0
5539.4			1.0
5540.3			1.0
5541.2			1.0
5542.1			1.0
5543.0			1.0
5543.9			1.0
5544.8			1.0
5545.7			1.0
5546.6			1.0
5547.5			1.0
5548.4			1.0
5549.3			1.0
5550.200000000001			1.0
5551.1			1.0
5552.0			1.0
5552.9			1.0
5553.8			1.0
5554.700000000001			1.0
5555.6			1.0
5556.5			1.0
5557.4			1.0
5558.3			1.0
5559.200000000001			1.0
5560.1			1.0
5561.0			1.0
5561.9			1.0
5562.8			1.0
5563.700000000001			1.0
5564.6			1.0
5565.5			1.0
5566.4			1.0
5567.3			1.0
5568.200000000001			1.0
5569.1			1.0
5570.0			1.0
5570.9			1.0
5571.8			1.0
5572.700000000001			1.0
5573.6			1.0
5574.5			1.0
5575.4			1.0
5576.3			1.0
5577.200000000001			1.0
5578.1			1.0
5579.0			1.0
5579.9			1.0
5580.8			0.9970524523348893
5581.700000000001			0.987304298926624
5582.6			0.9977201004608076
5583.5			1.0118392344331426
5584.4			1.0027268396225526
5585.3			0.9621555041380321
5586.200000000001			0.9048133214851659
5587.1			0.8754254719777715
5588.0			0.8847016791152578
5588.9			0.911622953793697
5589.8			0.956914923646585
5590.700000000001			1.0020058361736817
5591.6			1.0268112604810367
5592.5			1.0223777191809524
5593.4			0.9987853336064385
5594.3			1.0
5595.200000000001			1.0
5596.1			1.0449735192172986
5597.0			1.02957037821768
5597.9			0.9788476476611011
5598.8			0.9596561579992331
5599.700000000001			0.9689643761132973
5600.6			0.9498277202747759
5601.5			0.9166664791230974
5602.4			0.8995528103144904
5603.3			0.925124633838674
5604.200000000001			0.9833196624437678
5605.1			1.0140161982252638
5606.0			1.0184237374256808
5606.9			1.0155451488170888
5607.8			1.0041926004669797
5608.700000000001			1.0
5609.6			1.0031110921495567
5610.5			1.0041395490803455
5611.4			1.007915219492862
5612.3			1.0118350442900363
5613.200000000001			0.9942625098607231
5614.1			0.9239138125334552
5615.0			0.8367985149861981
5615.9			0.8320624817162612
5616.8			0.9091004086663999
5617.700000000001			0.9639539406219245
5618.6			0.9766192373930594
5619.5			0.9762219419376054
5620.4			0.9828192895574829
5621.3			0.9961050923274692
5622.200000000001			1.0014546656584236
5623.1			1.0
5624.0			1.0
5624.9			1.0
5625.8			1.0
5626.700000000001			1.0
5627.6			1.0
5628.5			1.0
5629.4			1.0
5630.3			1.0
5631.200000000001			1.0
5632.1			1.0
5633.0			1.0
5633.9			1.0
5634.8			1.0
5635.700000000001			1.0
5636.6			1.0
5637.5			1.0
5638.4			1.0
5639.3			1.0
5640.200000000001			1.0
5641.1			1.0
5642.0			1.0
5642.9			1.0
5643.8			1.0
5644.700000000001			1.0
5645.6			1.0
5646.5			1.0
5647.4			1.0
5648.3			0.9939826390240826
5649.200000000001			0.9753263037717155
5650.1			0.9645274557060025
5651.0			0.9742058615453588
5651.9			0.9884935969591512
5652.8			0.9901270821881352
5653.700000000001			0.9703439153302459
5654.6			0.9441606229362418
5655.5			0.9479222935911941
5656.4			0.9635734356059679
5657.3			0.9369207787216982
5658.200000000001			0.8898350293734589
5659.1			0.8980233383072199
5660.0			0.9495814654396396
5660.9			0.9713560907935159
5661.8			0.9560393322296349
5662.700000000001			0.9516476260070189
5663.6			0.9730554040660386
5664.5			0.9962722786022122
5665.4			1.0043998535363272
5666.3			0.9944644927616239
5667.200000000001			0.9874310500586186
5668.1			0.9990389058299366
5669.0			1.0
5669.9			1.0
5670.8			1.0
5671.700000000001			1.0
5672.6			1.0
5673.5			1.0
5674.4			1.0
5675.3			1.0
5676.200000000001			1.0
5677.1			1.0
5678.0			1.0
5678.9			1.0
5679.8			1.0
5680.700000000001			1.0
5681.6			1.0
5682.5			1.0
5683.4			1.0
5684.3			1.0
5685.200000000001			1.0
5686.1			1.0
5687.0			1.0
5687.9			1.0
5688.8			1.0
5689.700000000001			1.0
5690.6			1.0
5691.5			1.0
5692.4			1.0
5693.3			1.0
5694.200000000001			0.9967110875063475
5695.1			1.0083125259871515
5696.0			1.0180817442081287
5696.9			1.0120012507567
5697.8			0.997418641873557
5698.700000000001			0.9937221153246683
5699.6			0.9899410414561235
5700.5			0.9694484183769858
5701.4			0.9537555343005636
5702.3			0.9620602175846212
5703.200000000001			0.981109880933555
5704.1			0.9833560468619449
5705.0			0.961976046137766
5705.9			0.9395284384269628
5706.8			0.9316713916314241
5707.700000000001			0.9184925801039847
5708.6			0.8916049560662548
5709.5			0.880137517727527
5710.4			0.8882110737288408
5711.3			0.8947096917004778
5712.200000000001			0.9151152026111583
5713.1			0.9512394223990447
5714.0			0.9677090203735682
5714.9			0.966528598187163
5715.8			0.974211410421117
5716.700000000001			0.9841757648956729
5717.6			0.9845769131080778
5718.5			0.9879639354283699
5719.4			0.9944430218121909
5720.3			0.994694779098017
5721.200000000001			0.9980393632689661
5722.1			1.0062579674514216
5723.0			1.0089123291381579
5723.9			1.0051668144082828
5724.8			1.0005250232855678
5725.700000000001			1.0
5726.6			1.0
5727.5			1.0
5728.4			1.0
5729.3			1.0
5730.200000000001			1.0
5731.1			1.0
5732.0			1.0
5732.9			1.0
5733.8			1.0
5734.700000000001			1.0
5735.6			1.0
5736.5			1.0
5737.4			1.0
5738.3			1.0
5739.200000000001			1.0
5740.1			1.0
5741.0			1.0
5741.9			1.0
5742.8			1.0
5743.700000000001			1.0
5744.6			1.0
5745.5			1.0
5746.4			1.0
5747.3			1.0
5748.200000000001			1.0
5749.1			1.0
5750.0			1.0
5750.9			1.0
5751.8			1.0
5752.700000000001			1.0
5753.6			1.0
5754.5			1.0
5755.4			1.0
5756.3			1.0
5757.200000000001			1.0
5758.1			1.0
5759.0			1.0
5759.9			1.0
5760.8			1.0
5761.700000000001			1.0
5762.6			1.0
5763.5			1.0
5764.4			1.0
5765.3			1.0
5766.200000000001			1.0
5767.1			1.0
5768.0			1.0
5768.9			1.0
5769.8			1.0
5770.700000000001			1.0
5771.6			1.0
5772.5			1.0
5773.4			1.0
5774.3			1.0
5775.200000000001			1.0
5776.1			1.0
5777.0			1.0
5777.9			1.0
5778.8			1.0
5779.700000000001			1.0
5780.6			1.0
5781.5			1.0
5782.4			1.0
5783.3			1.0
5784.200000000001			1.0
5785.1			1.0
5786.0			1.0
5786.9			1.0
5787.8			1.0
5788.700000000001			1.0
5789.6			1.0
5790.5			1.0
5791.4			1.0
5792.3			1.0
5793.200000000001			1.0
5794.1			1.0
5795.0			1.0
5795.9			1.0
5796.8			1.0
5797.700000000001			1.0
5798.6			1.0
5799.5			1.0
5800.4			1.0
5801.3			1.0
5802.200000000001			1.0
5803.1			1.0
5804.0			1.0
5804.9			1.0
5805.8			1.0
5806.700000000001			1.0
5807.6			1.0
5808.5			1.0
5809.4			1.0
5810.3			1.0
5811.200000000001			1.0
5812.1			1.0
5813.0			1.0
5813.9			1.0
5814.8			1.0
5815.700000000001			1.0
5816.6			1.0
5817.5			1.0
5818.4			1.0
5819.3			1.0
5820.200000000001			1.0
5821.1			1.0
5822.0			1.0
5822.9			1.0
5823.8			1.0
5824.700000000001			1.0
5825.6			1.0
5826.5			1.0
5827.4			1.0
5828.3			1.0
5829.200000000001			1.0
5830.1			1.0
5831.0			1.0
5831.9			1.0
5832.8			1.0
5833.700000000001			1.0
5834.6			1.0
5835.5			1.0
5836.4			1.0
5837.3			1.0
5838.200000000001			1.0
5839.1			1.0
5840.0			1.0
5840.9			1.0
5841.8			1.0
5842.700000000001			1.0
5843.6			1.0
5844.5			1.0
5845.4			1.0
5846.3			0.996586377229098
5847.200000000001			0.9937070735614304
5848.1			0.986582544949713
5849.0			0.9917292045117565
5849.9			1.0043220673993
5850.8			1.0016405118745288
5851.700000000001			0.9901925600643552
5852.6			0.976476156633886
5853.5			0.9697223653148238
5854.4			0.9737388692098696
5855.3			0.9701467140132585
5856.200000000001			0.9437221579301425
5857.1			0.9141530914990484
5858.0			0.9182526544433192
5858.9			0.9515317678127664
5859.8			0.975078573886193
5860.700000000001			0.9841994770004383
5861.6			0.9736348860791988
5862.5			0.9681135765464552
5863.4			0.9876479068779683
5864.3			1.0041338948771423
5865.200000000001			0.9981548734259702
5866.1			0.9829977025390121
5867.0			0.9853916578507971
5867.9			1.000002586242317
5868.8			1.0
5869.700000000001			1.0
5870.6			1.0
5871.5			1.0
5872.4			1.0
5873.3			1.0
5874.200000000001			1.0
5875.1			1.0
5876.0			1.0
5876.9			1.0
5877.8			1.0
5878.700000000001			1.0
5879.6			1.0
5880.5			1.0
5881.4			1.0
5882.3			1.0
5883.200000000001			1.0
5884.1			1.0
5885.0			1.0188089907712365
5885.9			1.0362394248927405
5886.8			1.032747359903677
5887.700000000001			0.9883970149836413
5888.6			0.8735500827934484
5889.5			0.744087464789845
5890.4			0.7533554819338344
5891.3			0.8863457296677176
5892.200000000001			0.988179952114435
5893.1			1.0243003559135244
5894.0			1.002268847022432
5894.9			1.0
5895.8			1.0
5896.700000000001			1.0
5897.6			1.0
5898.5			1.0
5899.4			1.0
5900.3			1.0
5901.200000000001			1.0
5902.1			1.0
5903.0			1.0
5903.9			1.0
5904.8			1.0
5905.700000000001			1.0
5906.6			1.0
5907.5			1.0
5908.4			1.0
5909.3			1.0
5910.200000000001			1.0
5911.1			1.0
5912.0			1.0
5912.9			1.0
5913.8			1.0
5914.700000000001			1.0
5915.6			1.0
5916.5			1.0
5917.4			1.0
5918.3			1.0
5919.200000000001			1.0
5920.1			1.0
5921.0			1.0
5921.9			1.0
5922.8			1.0
5923.700000000001			1.0
5924.6			1.0
5925.5			1.0
5926.4			1.0
5927.3			1.0
5928.200000000001			1.0
5929.1			1.0
5930.0			1.0
5930.9			1.0
5931.8			1.0
5932.700000000001			1.0
5933.6			1.0
5934.5			1.0
5935.4			1.0
5936.3			1.0
5937.200000000001			1.0
5938.1			1.0
5939.0			1.0
5939.9			1.0
5940.8			1.0
5941.700000000001			1.0
5942.6			1.0
5943.5			1.0
5944.4			1.0
5945.3			1.0
5946.200000000001			1.0
5947.1			1.0
5948.0			1.0
5948.9			1.0
5949.8			1.0
5950.700000000001			1.0
5951.6			1.0
5952.5			1.0
5953.4			1.0
5954.3			1.0
5955.200000000001			1.0
5956.1			1.0
5957.0			1.0
5957.9			1.0
5958.8			1.0
5959.700000000001			1.0
5960.6			1.0
5961.5			1.0
5962.4			1.0
5963.3			1.0
5964.200000000001			1.0
5965.1			1.0
5966.0			1.0
5966.9			1.0
5967.8			1.0
5968.700000000001			1.0
5969.6			1.0
5970.5			1.0
5971.4			1.0
5972.3			1.0
5973.200000000001			1.0
5974.1			1.0
5975.0			1.0
5975.9			1.0
5976.8			1.0
5977.700000000001			1.0
5978.6			1.0
5979.5			1.0
5980.4			1.0
5981.3			1.0
5982.200000000001			1.0
5983.1			1.0
5984.0			1.0
5984.9			1.0
5985.8			1.0
5986.700000000001			1.0
5987.6			1.0
5988.5			1.0
5989.4			1.0
5990.3			1.0
5991.200000000001			1.0
5992.1			1.0
5993.0			1.0
5993.9			1.0
5994.8			1.0
5995.700000000001			1.0
5996.6			1.0
5997.5			1.0
5998.4			1.0
5999.3			1.0
6000.200000000001			1.0
6001.1			1.0
6002.0			1.0
6002.9			1.0
6003.8			1.0
6004.700000000001			1.0
6005.6			1.0
6006.5			1.0
6007.4			1.0
6008.3			1.0
6009.200000000001			1.0
6010.1			1.0
6011.0			1.0
6011.9			1.0
6012.8			1.0
6013.700000000001			1.0
6014.6			1.0
6015.5			1.0
6016.4			1.0
6017.3			1.0
6018.200000000001			1.0
6019.1			1.0
6020.0			1.0
6020.9			1.0
6021.8			1.0
6022.700000000001			1.0
6023.6			1.0
6024.5			1.0
6025.4			1.0
6026.3			1.0
6027.200000000001			1.0
6028.1			1.0
6029.0			1.0
6029.9			1.0
6030.8			1.0
6031.700000000001			1.0
6032.6			1.0
6033.5			1.0
6034.4			1.0
6035.3			1.0
6036.200000000001			1.0
6037.1			1.0
6038.0			1.0
6038.9			1.0
6039.8			1.0
6040.700000000001			1.0
6041.6			1.0
6042.5			1.0
6043.4			1.0
6044.3			1.0
6045.200000000001			1.0
6046.1			1.0
6047.0			1.0
6047.9			1.0
6048.8			1.0
6049.700000000001			1.0
6050.6			1.0
6051.5			1.0
6052.4			1.0
6053.3			1.0
6054.200000000001			1.0
6055.1			1.0
6056.0			1.0
6056.9			1.0
6057.8			1.0
6058.700000000001			1.0
6059.6			1.0
6060.5			1.0
6061.4			1.0
6062.3			1.0
6063.200000000001			1.0
6064.1			1.0
6065.0			1.0
6065.9			1.0
6066.8			1.0
6067.700000000001			1.0
6068.6			1.0
6069.5			1.0
6070.4			1.0
6071.3			1.0
6072.200000000001			1.0
6073.1			1.0
6074.0			1.0
6074.9			1.0
6075.8			1.0
6076.700000000001			1.0
6077.6			1.0
6078.5			1.0
6079.4			1.0
6080.3			1.0
6081.200000000001			1.0
6082.1			1.0
6083.0			1.0
6083.9			1.0
6084.8			1.0
6085.700000000001			1.0
6086.6			1.0
6087.5			1.0
6088.4			1.0
6089.3			1.0
6090.200000000001			1.0
6091.1			1.0
6092.0			1.0
6092.9			1.0
6093.8			1.0
6094.700000000001			1.0
6095.6			1.0
6096.5			1.0
6097.4			1.0
6098.3			1.0
6099.200000000001			1.0
6100.1			0.9985379409300911
6101.0			0.9632995871158279
6101.9			0.9023689441012956
6102.8			0.8797219251759784
6103.700000000001			0.9261115225303824
6104.6			0.9789092929259804
6105.5			0.9992147939916939
6106.4			1.0
6107.3			1.0
6108.200000000001			1.0
6109.1			1.0
6110.0			1.0
6110.9			1.0
6111.8			1.0
6112.700000000001			1.0
6113.6			1.0
6114.5			1.0
6115.4			1.0
6116.3			1.0
6117.200000000001			1.0
6118.1			1.0
6119.0			1.0
6119.9			1.0
6120.8			1.0
6121.700000000001			1.0
6122.6			1.0
6123.5			1.0
6124.4			1.0
6125.3			1.0
6126.200000000001			1.0
6127.1			1.0
6128.0			1.0
6128.9			1.0
6129.8			1.0
6130.700000000001			1.0
6131.6			1.0
6132.5			1.0
6133.4			1.0036883808361334
6134.3			0.9923701710537169
6135.200000000001			0.9536401620592768
6136.1			0.8914311206320802
6137.0			0.8600720689571002
6137.9			0.9029190267270258
6138.8			0.9769930062264603
6139.700000000001			1.0153403251785271
6140.6			1.0004577793743572
6141.5			1.0
6142.4			1.0
6143.3			1.0
6144.200000000001			1.0
6145.1			1.0
6146.0			1.0
6146.9			1.0
6147.8			1.0
6148.700000000001			1.0
6149.6			1.0
6150.5			1.0
6151.4			1.0
6152.3			1.0
6153.200000000001			1.0
6154.1			1.0
6155.0			1.0
6155.9			1.0126468202686607
6156.8			1.0289201238905166
6157.700000000001			1.0407616292840096
6158.6			1.0477968199287935
6159.5			1.028575279385302
6160.4			0.9720605380095076
6161.3			0.903300744215289
6162.200000000001			0.8753510276034567
6163.1			0.9165008755440169
6164.0			0.9815161145479966
6164.9			1.0158029488122502
6165.8			1.0223785051053564
6166.700000000001			1.0361771747865982
6167.6			1.0397265560452933
6168.5			1.0012027060204898
6169.4			1.0
6170.3			1.0
6171.200000000001			1.0
6172.1			1.0
6173.0			1.0
6173.9			1.0
6174.8			1.0
6175.700000000001			1.0
6176.6			1.0
6177.5			1.0
6178.4			1.0
6179.3			1.0
6180.200000000001			1.0
6181.1			1.0
6182.0			1.0
6182.9			1.0
6183.8			1.0
6184.700000000001			1.0
6185.6			1.0
6186.5			1.0
6187.4			1.0
6188.3			1.0
6189.200000000001			1.0
6190.1			1.0
6191.0			1.0
6191.9			1.0
6192.8			1.0
6193.700000000001			1.0
6194.6			1.0
6195.5			1.0
6196.4			1.0
6197.3			1.0
6198.200000000001			1.0
6199.1			1.0
6200.0			1.0
6200.9			1.0
6201.8			1.0
6202.700000000001			1.0
6203.6			1.0
6204.5			1.0
6205.4			1.0
6206.3			1.0
6207.200000000001			1.0
6208.1			1.0
6209.0			1.0
6209.9			1.0
6210.8			1.0
6211.700000000001			1.0
6212.6			1.0
6213.5			1.0
6214.4			1.0
6215.3			1.0
6216.200000000001			1.0
6217.1			1.0
6218.0			1.0
6218.9			1.0
6219.8			1.0
6220.700000000001			1.0
6221.6			1.0
6222.5			1.0
6223.4			1.0
6224.3			1.004207997329664
6225.200000000001			1.0113036091018286
6226.1			1.008071032462917
6227.0			0.9997353511172351
6227.9			0.9952590644945499
6228.8			0.9781359519368319
6229.700000000001			0.9437215267640913
6230.6			0.9236566689268305
6231.5			0.941459365933753
6232.4			0.9690515982293298
6233.3			0.9923023333096442
6234.200000000001			1.0152618435722414
6235.1			1.025059040958089
6236.0			1.0139819340933758
6236.9			0.9990104453292595
6237.8			1.0
6238.700000000001			1.0
6239.6			1.0
6240.5			1.0
6241.4			1.0
6242.3			1.0
6243.200000000001			1.0
6244.1			1.0
6245.0			1.0
6245.9			1.0
6246.8			1.0
6247.700000000001			1.0
6248.6			1.0
6249.5			1.0
6250.4			1.0
6251.3			1.0
6252.200000000001			1.0
6253.1			1.0
6254.0			1.0
6254.9			1.0
6255.8			1.0
6256.700000000001			1.0
6257.6			1.0
6258.5			1.0
6259.4			1.0
6260.3			1.0
6261.200000000001			1.0
6262.1			1.0
6263.0			1.0
6263.9			1.0
6264.8			1.0
6265.700000000001			1.0
6266.6			1.0
6267.5			1.0
6268.4			1.0
6269.3			1.0
6270.200000000001			1.0
6271.1			1.0
6272.0			1.0
6272.9			1.0
6273.8			1.0
6274.700000000001			1.0
6275.6			1.0
6276.5			1.0
6277.4			1.0
6278.3			1.0
6279.200000000001			1.0
6280.1			1.0
6281.0			1.0
6281.9			1.0
6282.8			1.0
6283.700000000001			1.0
6284.6			1.0
6285.5			1.0
6286.4			1.0
6287.3			1.0
6288.200000000001			1.0
6289.1			1.0
6290.0			1.0
6290.9			1.0
6291.8			1.0
6292.700000000001			1.0
6293.6			1.0
6294.5			1.0
6295.4			1.0
6296.3			1.0
6297.200000000001			1.0
6298.1			1.0
6299.0			1.0
6299.9			1.0
6300.8			1.0
6301.700000000001			1.0
6302.6			1.0
6303.5			1.0
6304.4			1.0
6305.3			1.0
6306.200000000001			1.0
6307.1			1.0
6308.0			1.0
6308.9			1.0
6309.8			1.0
6310.700000000001			1.0
6311.6			1.0
6312.5			1.0
6313.4			1.0
6314.3			1.0
6315.200000000001			1.0
6316.1			1.0
6317.0			1.0
6317.9			1.0
6318.8			1.0
6319.700000000001			1.0
6320.6			1.0
6321.5			1.0
6322.4			1.0
6323.3			1.0
6324.200000000001			1.0
6325.1			1.0
6326.0			1.0
6326.9			1.0
6327.8			1.0
6328.700000000001			1.0
6329.6			1.0
6330.5			1.0
6331.4			1.0
6332.3			1.0
6333.200000000001			1.0
6334.1			1.0
6335.0			1.0
6335.9			1.0
6336.8			1.0
6337.700000000001			1.0
6338.6			1.0
6339.5			1.0
6340.4			1.0
6341.3			1.0
6342.200000000001			1.0
6343.1			1.0
6344.0			1.0
6344.9			1.0
6345.8			1.0
6346.700000000001			1.0
6347.6			1.0
6348.5			1.0
6349.4			1.0
6350.3			1.0
6351.200000000001			1.0
6352.1			1.0
6353.0			1.0
6353.9			1.0
6354.8			1.0
6355.700000000001			1.0
6356.6			1.0
6357.5			1.0
6358.4			1.0
6359.3			1.0
6360.200000000001			1.0
6361.1			1.0
6362.0			1.0
6362.9			1.0
6363.8			1.0
6364.700000000001			1.0
6365.6			1.0
6366.5			1.0
6367.4			1.0
6368.3			1.0
6369.200000000001			1.0
6370.1			1.0
6371.0			1.0
6371.9			1.0
6372.8			1.0
6373.700000000001			1.0
6374.6			1.0
6375.5			1.0
6376.4			1.0
6377.3			1.0
6378.200000000001			1.0
6379.1			1.0
6380.0			1.0
6380.9			1.0
6381.8			1.0
6382.700000000001			1.0
6383.6			1.0
6384.5			1.0
6385.4			1.0
6386.3			1.0
6387.200000000001			1.0
6388.1			1.0
6389.0			1.0
6389.9			1.0
6390.8			1.0
6391.700000000001			1.0
6392.6			1.0
6393.5			1.0
6394.4			1.0
6395.3			1.0
6396.200000000001			1.0
6397.1			1.0038234064049067
6398.0			0.9874777101762657
6398.9			0.9406188445203214
6399.8			0.8944754843161281
6400.700000000001			0.912027904466125
6401.6			0.9716934445830283
6402.5			1.0002216972277658
6403.4			1.0
6404.3			1.0
6405.200000000001			1.0
6406.1			1.0
6407.0			1.0
6407.9			1.0
6408.8			1.0
6409.700000000001			1.0
6410.6			1.0
6411.5			1.0
6412.4			1.0
6413.3			1.0
6414.200000000001			1.0
6415.1			1.0
6416.0			1.0
6416.9			1.0
6417.8			1.0
6418.700000000001			1.0
6419.6			1.0
6420.5			1.0
6421.4			1.0
6422.3			1.0
6423.200000000001			1.0
6424.1			1.0
6425.0			1.0
6425.9			1.0
6426.8			1.0
6427.700000000001			1.0
6428.6			1.0
6429.5			1.0
6430.4			1.0
6431.3			1.0
6432.200000000001			1.0
6433.1			1.0
6434.0			1.0
6434.9			1.0
6435.8			1.0
6436.700000000001			1.0
6437.6			1.0
6438.5			1.0
6439.4			1.0
6440.3			1.0
6441.200000000001			1.0
6442.1			1.0
6443.0			1.0
6443.9			1.0
6444.8			1.0
6445.700000000001			1.0
6446.6			1.0
6447.5			1.0
6448.4			1.0
6449.3			1.0
6450.200000000001			1.0
6451.1			1.0
6452.0			1.0
6452.9			1.0
6453.8			1.0
6454.700000000001			1.0
6455.6			1.0
6456.5			1.0
6457.4			1.0
6458.3			1.0
6459.200000000001			1.0
6460.1			1.0
6461.0			1.0
6461.9			1.0
6462.8			1.0
6463.700000000001			1.0
6464.6			1.0
6465.5			1.0
6466.4			1.0
6467.3			1.0
6468.200000000001			1.0
6469.1			1.0
6470.0			1.0
6470.9			1.0
6471.8			1.0
6472.700000000001			1.0
6473.6			1.0
6474.5			1.0
6475.4			1.0
6476.3			1.0
6477.200000000001			1.0
6478.1			1.0
6479.0			1.0
6479.9			1.0
6480.8			1.0
6481.700000000001			1.0
6482.6			1.0
6483.5			1.0
6484.4			1.0
6485.3			1.0
6486.200000000001			1.0
6487.1			1.0
6488.0			1.000877409726222
6488.9			1.0007227584568845
6489.8			0.9939699299916696
6490.700000000001			0.9839004492303518
6491.6			0.977646420449762
6492.5			0.9562382960052866
6493.4			0.9012658016142951
6494.3			0.8492496399395881
6495.200000000001			0.8420246779336208
6496.1			0.8658882834291917
6497.0			0.8987058381216768
6497.9			0.931809173153908
6498.8			0.9367934363209921
6499.700000000001			0.9404538256902577
6500.6			0.959468786145691
6501.5			0.9789703599477861
6502.4			0.9994770559087356
6503.3			1.0
6504.200000000001			1.0
6505.1			1.0
6506.0			1.0
6506.9			1.0
6507.8			1.0
6508.700000000001			1.0
6509.6			1.0
6510.5			1.0
6511.4			1.0
6512.3			1.0
6513.200000000001			1.0
6514.1			1.0
6515.0			1.0
6515.9			1.0
6516.8			1.0
6517.700000000001			1.0
6518.6			1.0
6519.5			1.0
6520.4			1.0
6521.3			1.0
6522.200000000001			1.0
6523.1			1.0
6524.0			1.0
6524.9			1.0
6525.8			1.0
6526.700000000001			1.0
6527.6			1.0
6528.5			1.0
6529.4			1.0
6530.3			1.0
6531.200000000001			1.0
6532.1			1.0
6533.0			1.0
6533.9			1.0
6534.8			1.0
6535.700000000001			1.0
6536.6			1.0
6537.5			1.0
6538.4			1.0
6539.3			1.0
6540.200000000001			1.0
6541.1			1.0
6542.0			1.0
6542.9			1.0
6543.8			1.0
6544.700000000001			1.0
6545.6			1.0
6546.5			1.0
6547.4			1.0
6548.3			1.0
6549.200000000001			1.0
6550.1			1.0
6551.0			1.0
6551.9			1.0
6552.8			1.0
6553.700000000001			1.0
6554.6			1.0
6555.5			1.0
6556.4			1.0
6557.3			0.9992436734503753
6558.200000000001			0.9866806076450413
6559.1			0.9705010253554133
6560.0			0.938551325148992
6560.9			0.8480817827757383
6561.8			0.6993097989454855
6562.700000000001			0.6116014706781175
6563.6			0.688953053076048
6564.5			0.833331668075346
6565.4			0.9342985178470393
6566.3			0.9855137226421221
6567.200000000001			1.004790258502601
6568.1			1.0011137369964878
6569.0			1.0
6569.9			1.0
6570.8			1.0
6571.700000000001			1.0
6572.6			1.0
6573.5			1.0
6574.4			1.0
6575.3			1.0
6576.200000000001			1.0
6577.1			1.0
6578.0			1.0
6578.9			1.0
6579.8			1.0
6580.700000000001			1.0
6581.6			1.0
6582.5			1.0
6583.4			1.0
6584.3			1.0
6585.200000000001			1.0
6586.1			1.0
6587.0			1.0
6587.9			1.0
6588.8			1.0
6589.700000000001			1.0
6590.6			1.0
6591.5			1.0
6592.4			1.0
6593.3			1.0
6594.200000000001			1.0
6595.1			1.0
6596.0			1.0
6596.9			1.0
6597.8			1.0
6598.700000000001			1.0
6599.6			1.0
6600.5			1.0
6601.4			1.0
6602.3			1.0
6603.200000000001			1.0
6604.1			1.0
6605.0			1.0
6605.9			1.0
6606.8			1.0
6607.700000000001			1.0
6608.6			1.0
6609.5			1.0
6610.4			1.0
6611.3			1.0
6612.200000000001			1.0
6613.1			1.0
6614.0			1.0
6614.9			1.0
6615.8			1.0
6616.700000000001			1.0
6617.6			1.0
6618.5			1.0
6619.4			1.0
6620.3			1.0
6621.200000000001			1.0
6622.1			1.0
6623.0			1.0
6623.9			1.0
6624.8			1.0
6625.700000000001			1.0
6626.6			1.0
6627.5			1.0
6628.4			1.0
6629.3			1.0
6630.200000000001			1.0
6631.1			1.0
6632.0			1.0
6632.9			1.0
6633.8			1.0
6634.700000000001			1.0
6635.6			1.0
6636.5			1.0
6637.4			1.0
6638.3			1.0
6639.200000000001			1.0
6640.1			1.0
6641.0			1.0
6641.9			1.0
6642.8			1.0
6643.700000000001			1.0
6644.6			1.0
6645.5			1.0
6646.4			1.0
6647.3			1.0
6648.200000000001			1.0
6649.1			1.0
6650.0			1.0
6650.9			1.0
6651.8			1.0
6652.700000000001			1.0
6653.6			1.0
6654.5			1.0
6655.4			1.0
6656.3			1.0
6657.200000000001			1.0
6658.1			1.0
6659.0			1.0
6659.9			1.0
6660.8			1.0
6661.700000000001			1.0
6662.6			1.0
6663.5			1.0
6664.4			1.0
6665.3			1.0
6666.200000000001			1.0
6667.1			1.0
6668.0			1.0
6668.9			1.0
6669.8			1.0
6670.700000000001			1.0
6671.6			1.0
6672.5			1.0
6673.4			1.0
6674.3			1.0
6675.200000000001			1.0
6676.1			1.0
6677.0			1.0
6677.9			1.0
6678.8			1.0
6679.700000000001			1.0
6680.6			1.0
6681.5			1.0
6682.4			1.0
6683.3			1.0
6684.200000000001			1.0
6685.1			1.0
6686.0			1.0
6686.9			1.0
6687.8			1.0
6688.700000000001			1.0
6689.6			1.0
6690.5			1.0
6691.4			1.0
6692.3			1.0
6693.200000000001			1.0
6694.1			1.0
6695.0			1.0
6695.9			1.0
6696.8			1.0
6697.700000000001			1.0
6698.6			1.0
6699.5			1.0
6700.4			1.0
6701.3			1.0
6702.200000000001			1.0
6703.1			1.0
6704.0			1.0
6704.9			1.0
6705.8			1.0
6706.700000000001			1.0
6707.6			1.0
6708.5			1.0
6709.4			1.0
6710.3			1.0
6711.200000000001			1.0
6712.1			1.0
6713.0			1.0
6713.9			1.0
6714.8			1.0
6715.700000000001			1.0
6716.6			1.0
6717.5			1.0
6718.4			1.0
6719.3			1.0
6720.200000000001			1.0
6721.1			1.0
6722.0			1.0
6722.9			1.0
6723.8			1.0
6724.700000000001			1.0
6725.6			1.0
6726.5			1.0
6727.4			1.0
6728.3			1.0
6729.200000000001			1.0
6730.1			1.0
6731.0			1.0
6731.9			1.0
6732.8			1.0
6733.700000000001			1.0
6734.6			1.0
6735.5			1.0
6736.4			1.0
6737.3			1.0
6738.200000000001			1.0
6739.1			1.0
6740.0			1.0
6740.9			1.0
6741.8			1.0
6742.700000000001			1.0
6743.6			1.0
6744.5			1.0
6745.4			1.0
6746.3			1.0
6747.200000000001			1.0
6748.1			1.0
6749.0			1.0
6749.9			1.0
6750.8			1.0
6751.700000000001			1.0
6752.6			1.0
6753.5			1.0
6754.4			1.0
6755.3			1.0
6756.200000000001			1.0
6757.1			1.0
6758.0			1.0
6758.9			1.0
6759.8			1.0
6760.700000000001			1.0
6761.6			1.0
6762.5			1.0
6763.4			1.0
6764.3			1.0
6765.200000000001			1.0
6766.1			1.0
6767.0			1.0
6767.9			1.0
6768.8			1.0
6769.700000000001			1.0
6770.6			1.0
6771.5			1.0
6772.4			1.0
6773.3			1.0
6774.200000000001			1.0
6775.1			1.0
6776.0			1.0
6776.9			1.0
6777.8			1.0
6778.700000000001			1.0
6779.6			1.0
6780.5			1.0
6781.4			1.0
6782.3			1.0
6783.200000000001			1.0
6784.1			1.0
6785.0			1.0
6785.9			1.0
6786.8			1.0
6787.700000000001			1.0
6788.6			1.0
6789.5			1.0
6790.4			1.0
6791.3			1.0
6792.200000000001			1.0
6793.1			1.0
6794.0			1.0
6794.9			1.0
6795.8			1.0
6796.700000000001			1.0
6797.6			1.0
6798.5			1.0
6799.4			1.0
6800.3			1.0
6801.200000000001			1.0
6802.1			1.0
6803.0			1.0
6803.9			1.0
6804.8			1.0
6805.700000000001			1.0
6806.6			1.0
6807.5			1.0
6808.4			1.0
6809.3			1.0
6810.200000000001			1.0
6811.1			1.0
6812.0			1.0
6812.9			1.0
6813.8			1.0
6814.700000000001			1.0
6815.6			1.0
6816.5			1.0
6817.4			1.0
6818.3			1.0
6819.200000000001			1.0
6820.1			1.0
6821.0			1.0
6821.9			1.0
6822.8			1.0
6823.700000000001			1.0
6824.6			1.0
6825.5			1.0
6826.4			1.0
6827.3			1.0
6828.200000000001			1.0
6829.1			1.0
6830.0			1.0
6830.9			1.0
6831.8			1.0
6832.700000000001			1.0
6833.6			1.0
6834.5			1.0
6835.4			1.0
6836.3			1.0
6837.200000000001			1.0
6838.1			1.0
6839.0			1.0
6839.9			1.0
6840.8			1.0
6841.700000000001			1.0
6842.6			1.0
6843.5			1.0
6844.4			1.0
6845.3			1.0
6846.200000000001			1.0
6847.1			1.0
6848.0			1.0
6848.9			1.0
6849.8			1.0
6850.700000000001			1.0
6851.6			1.0
6852.5			1.0
6853.4			1.0
6854.3			1.0
6855.200000000001			1.0
6856.1			1.0
6857.0			1.0
6857.9			1.0
6858.8			1.0
6859.700000000001			1.0
6860.6			1.0
6861.5			1.0
6862.4			1.0
6863.3			1.0
6864.200000000001			1.0
6865.1			1.0
6866.0			1.0
6866.9			1.0
6867.8			1.0
6868.700000000001			1.0
6869.6			1.0
6870.5			1.0
6871.4			1.0
6872.3			1.0
6873.200000000001			1.0
6874.1			1.0
6875.0			1.0
6875.9			1.0
6876.8			1.0
6877.700000000001			1.0
6878.6			1.0
6879.5			1.0
6880.4			1.0
6881.3			1.0
6882.200000000001			1.0
6883.1			1.0
6884.0			1.0
6884.9			1.0
6885.8			1.0
6886.700000000001			1.0
6887.6			1.0
6888.5			1.0
6889.4			1.0
6890.3			1.0
6891.200000000001			1.0
6892.1			1.0
6893.0			1.0
6893.9			1.0
6894.8			1.0
6895.700000000001			1.0
6896.6			1.0
6897.5			1.0
6898.4			1.0
6899.3			1.0
6900.200000000001			1.0
6901.1			1.0
6902.0			1.0
6902.9			1.0
6903.8			1.0
6904.700000000001			1.0
6905.6			1.0
6906.5			1.0
6907.4			1.0
6908.3			1.0
6909.200000000001			1.0
6910.1			1.0
6911.0			1.0
6911.9			1.0
6912.8			1.0
6913.700000000001			1.0
6914.6			1.0
6915.5			1.0
6916.4			1.0
6917.3			1.0
6918.200000000001			1.0
6919.1			1.0
6920.0			1.0
6920.9			1.0
6921.8			1.0
6922.700000000001			1.0
6923.6			1.0
6924.5			1.0
6925.4			1.0
6926.3			1.0
6927.200000000001			1.0
6928.1			1.0
6929.0			1.0
6929.9			1.0
6930.8			1.0
6931.700000000001			1.0
6932.6			1.0
6933.5			1.0
6934.4			1.0
6935.3			1.0
6936.200000000001			1.0
6937.1			1.0
6938.0			1.0
6938.9			1.0
6939.8			1.0
6940.700000000001			1.0
6941.6			1.0
6942.5			1.0
6943.4			1.0
6944.3			1.0
6945.200000000001			1.0
6946.1			1.0
6947.0			1.0
6947.9			1.0
6948.8			1.0
6949.700000000001			1.0
6950.6			1.0
6951.5			1.0
6952.4			1.0
6953.3			1.0
6954.200000000001			1.0
6955.1			1.0
6956.0			1.0
6956.9			1.0
6957.8			1.0
6958.700000000001			1.0
6959.6			1.0
6960.5			1.0
6961.4			1.0
6962.3			1.0
6963.200000000001			1.0
6964.1			1.0
6965.0			1.0
6965.9			1.0
6966.8			1.0
6967.700000000001			1.0
6968.6			1.0
6969.5			1.0
6970.4			1.0
6971.3			1.0
6972.200000000001			1.0
6973.1			1.0
6974.0			1.0
6974.9			1.0
6975.8			1.0
6976.700000000001			1.0
6977.6			1.0
6978.5			1.0
6979.4			1.0
6980.3			1.0
6981.200000000001			1.0
6982.1			1.0
6983.0			1.0
6983.9			1.0
6984.8			1.0
6985.700000000001			1.0
6986.6			1.0
6987.5			1.0
6988.4			1.0
6989.3			1.0
6990.200000000001			1.0
6991.1			1.0
6992.0			1.0
6992.9			1.0
6993.8			1.0
6994.700000000001			1.0
6995.6			1.0
6996.5			1.0
6997.4			1.0
6998.3			1.0
6999.200000000001			1.0
7000.1			1.0
7001.0			1.0
7001.9			1.0
7002.8			1.0
7003.700000000001			1.0
7004.6			1.0
7005.5			1.0
7006.4			1.0
7007.3			1.0
7008.200000000001			1.0
7009.1			1.0
7010.0			1.0
7010.9			1.0
7011.8			1.0
7012.700000000001			1.0
7013.6			1.0
7014.5			1.0
7015.4			1.0
7016.3			1.0
7017.200000000001			1.0
7018.1			1.0
7019.0			1.0
7019.9			1.0
7020.8			1.0
7021.700000000001			1.0
7022.6			1.0
7023.5			1.0
7024.4			1.0
7025.3			1.0
7026.200000000001			1.0
7027.1			1.0
7028.0			1.0
7028.9			1.0
7029.8			1.0
7030.700000000001			1.0
7031.6			1.0
7032.5			1.0
7033.4			1.0
7034.3			1.0
7035.200000000001			1.0
7036.1			1.0
7037.0			1.0
7037.9			1.0
7038.8			1.0
7039.700000000001			1.0
7040.6			1.0
7041.5			1.0
7042.4			1.0
7043.3			1.0
7044.200000000001			1.0
7045.1			1.0
7046.0			1.0
7046.9			1.0
7047.8			1.0
7048.700000000001			1.0
7049.6			1.0
7050.5			1.0
7051.4			1.0
7052.3			1.0
7053.200000000001			1.0
7054.1			1.0
7055.0			1.0
7055.9			1.0
7056.8			1.0
7057.700000000001			1.0
7058.6			1.0
7059.5			1.0
7060.4			1.0
7061.3			1.0
7062.200000000001			1.0
7063.1			1.0
7064.0			1.0
7064.9			1.0
7065.8			1.0
7066.700000000001			1.0
7067.6			1.0
7068.5			1.0
7069.4			1.0
7070.3			1.0
7071.200000000001			1.0
7072.1			1.0
7073.0			1.0
7073.9			1.0
7074.8			1.0
7075.700000000001			1.0
7076.6			1.0
7077.5			1.0
7078.4			1.0
7079.3			1.0
7080.200000000001			1.0
7081.1			1.0
7082.0			1.0
7082.9			1.0
7083.8			1.0
7084.700000000001			1.0
7085.6			1.0
7086.5			1.0
7087.4			1.0
7088.3			1.0
7089.200000000001			1.0
7090.1			1.0
7091.0			1.0
7091.9			1.0
7092.8			1.0
7093.700000000001			1.0
7094.6			1.0
7095.5			1.0
7096.4			1.0
7097.3			1.0
7098.200000000001			1.0
7099.1			1.0
7100.0			1.0
7100.9			1.0
7101.8			1.0
7102.700000000001			1.0
7103.6			1.0
7104.5			1.0
7105.4			1.0
7106.3			1.0
7107.200000000001			1.0
7108.1			1.0
7109.0			1.0
7109.9			1.0
7110.8			1.0
7111.700000000001			1.0
7112.6			1.0
7113.5			1.0
7114.4			1.0
7115.3			1.0
7116.200000000001			1.0
7117.1			1.0
7118.0			1.0
7118.9			1.0
7119.8			1.0
7120.700000000001			1.0
7121.6			1.0
7122.5			1.0
7123.4			1.0
7124.3			1.0
7125.200000000001			1.0
7126.1			1.0
7127.0			1.0
7127.9			1.0
7128.8			1.0
7129.700000000001			1.0
7130.6			1.0
7131.5			1.0
7132.4			1.0
7133.3			1.0
7134.200000000001			1.0
7135.1			1.0
7136.0			1.0
7136.9			1.0
7137.8			1.0
7138.700000000001			1.0
7139.6			1.0
7140.5			1.0
7141.4			1.0
7142.3			1.0
7143.200000000001			1.0
7144.1			1.0
7145.0			1.0
7145.9			1.0
7146.8			1.0
7147.700000000001			1.0
7148.6			1.0
7149.5			1.0
7150.4			1.0
7151.3			1.0
7152.200000000001			1.0
7153.1			1.0
7154.0			1.0
7154.9			1.0
7155.8			1.0
7156.700000000001			1.0
7157.6			1.0
7158.5			1.0
7159.4			1.0
7160.3			1.0
7161.200000000001			1.0
7162.1			1.0
7163.0			1.0
7163.9			1.0
7164.8			1.0
7165.700000000001			1.0
7166.6			1.0
7167.5			1.0
7168.4			1.0
7169.3			1.0
7170.200000000001			1.0
7171.1			1.0
7172.0			1.0
7172.9			1.0
7173.8			1.0
7174.700000000001			1.0
7175.6			1.0
7176.5			1.0
7177.4			1.0
7178.3			1.0
7179.200000000001			1.0
7180.1			1.0
7181.0			1.0
7181.9			1.0
7182.8			1.0
7183.700000000001			1.0
7184.6			1.0
7185.5			1.0
7186.4			1.0
7187.3			1.0
7188.200000000001			1.0
7189.1			1.0
7190.0			1.0
7190.9			1.0
7191.8			1.0
7192.700000000001			1.0
7193.6			1.0
7194.5			1.0
7195.4			1.0
7196.3			1.0
7197.200000000001			1.0
7198.1			1.0
7199.0			1.0
7199.9			1.0
7200.8			1.0
7201.700000000001			1.0
7202.6			1.0
7203.5			1.0
7204.4			1.0
7205.3			1.0
7206.200000000001			1.0
7207.1			1.0
7208.0			1.0
7208.9			1.0
7209.8			1.0
7210.700000000001			1.0
7211.6			1.0
7212.5			1.0
7213.4			1.0
7214.3			1.0
7215.200000000001			1.0
7216.1			1.0
7217.0			1.0
7217.9			1.0
7218.8			1.0
7219.700000000001			1.0
7220.6			1.0
7221.5			1.0
7222.4			1.0
7223.3			1.0
7224.200000000001			1.0
7225.1			1.0
7226.0			1.0
7226.9			1.0
7227.8			1.0
7228.700000000001			1.0
7229.6			1.0
7230.5			1.0
7231.4			1.0
7232.3			1.0
7233.200000000001			1.0
7234.1			1.0
7235.0			1.0
7235.9			1.0
7236.8			1.0
7237.700000000001			1.0
7238.6			1.0
7239.5			1.0
7240.4			1.0
7241.3			1.0
7242.200000000001			1.0
7243.1			1.0
7244.0			1.0
7244.9			1.0
7245.8			1.0
7246.700000000001			1.0
7247.6			1.0
7248.5			1.0
7249.4			1.0
7250.3			1.0
7251.200000000001			1.0
7252.1			1.0
7253.0			1.0
7253.9			1.0
7254.8			1.0
7255.700000000001			1.0
7256.6			1.0
7257.5			1.0
7258.4			1.0
7259.3			1.0
7260.200000000001			1.0
7261.1			1.0
7262.0			1.0
7262.9			1.0
7263.8			1.0
7264.700000000001			1.0
7265.6			1.0
7266.5			1.0
7267.4			1.0
7268.3			1.0
7269.200000000001			1.0
7270.1			1.0
7271.0			1.0
7271.9			1.0
7272.8			1.0
7273.700000000001			1.0
7274.6			1.0
7275.5			1.0
7276.4			1.0
7277.3			1.0
7278.200000000001			1.0
7279.1			1.0
7280.0			1.0
7280.9			1.0
7281.8			1.0
7282.700000000001			1.0
7283.6			1.0
7284.5			1.0
7285.4			1.0
7286.3			1.0
7287.200000000001			1.0
7288.1			1.0
7289.0			1.0
7289.9			1.0
7290.8			1.0
7291.700000000001			1.0
7292.6			1.0
7293.5			1.0
7294.4			1.0
7295.3			1.0
7296.200000000001			1.0
7297.1			1.0
7298.0			1.0
7298.9			1.0
7299.8			1.0
7300.700000000001			1.0
7301.6			1.0
7302.5			1.0
7303.4			1.0
7304.3			1.0
7305.200000000001			1.0
7306.1			1.0
7307.0			1.0
7307.9			1.0
7308.8			1.0
7309.700000000001			1.0
7310.6			1.0
7311.5			1.0
7312.4			1.0
7313.3			1.0
7314.200000000001			1.0
7315.1			1.0
7316.0			1.0
7316.9			1.0
7317.8			1.0
7318.700000000001			1.0
7319.6			1.0
7320.5			1.0
7321.4			1.0
7322.3			1.0
7323.200000000001			1.0
7324.1			1.0
7325.0			1.0
7325.9			1.0
7326.8			1.0
7327.700000000001			1.0
7328.6			1.0
7329.5			1.0
7330.4			1.0
7331.3			1.0
7332.200000000001			1.0
7333.1			1.0
7334.0			1.0
7334.9			1.0
7335.8			1.0
7336.700000000001			1.0
7337.6			1.0
7338.5			1.0
7339.4			1.0
7340.3			1.0
7341.200000000001			1.0
7342.1			1.0
7343.0			1.0
7343.9			1.0
7344.8			1.0
7345.700000000001			1.0
7346.6			1.0
7347.5			1.0
7348.4			1.0
7349.3			1.0
7350.200000000001			1.0
7351.1			1.0
7352.0			1.0
7352.9			1.0
7353.8			1.0
7354.700000000001			1.0
7355.6			1.0
7356.5			1.0
7357.4			1.0
7358.3			1.0
7359.200000000001			1.0
7360.1			1.0
7361.0			1.0
7361.9			1.0
7362.8			1.0
7363.700000000001			1.0
7364.6			1.0
7365.5			1.0
7366.4			1.0
7367.3			1.0
7368.200000000001			1.0
7369.1			1.0
7370.0			1.0
7370.9			1.0
7371.8			1.0
7372.700000000001			1.0
7373.6			1.0
7374.5			1.0
7375.4			1.0
7376.3			1.0
7377.200000000001			1.0
7378.1			1.0
7379.0			1.0
7379.9			1.0
7380.8			1.0
7381.700000000001			1.0
7382.6			1.0
7383.5			1.0
7384.4			1.0
7385.3			1.0
7386.200000000001			1.0
7387.1			1.0
7388.0			1.0
7388.9			1.0
7389.8			1.0
7390.700000000001			1.0
7391.6			1.0
7392.5			1.0
7393.4			1.0
7394.3			1.0
7395.200000000001			1.0
7396.1			1.0
7397.0			1.0
7397.9			1.0
7398.8			1.0
7399.700000000001			1.0
7400.6			1.0
7401.5			1.0
7402.4			1.0
7403.3			1.0
7404.200000000001			1.0
7405.1			1.0
7406.0			1.0
7406.9			1.0
7407.8			1.0
7408.700000000001			1.0
7409.6			1.0
7410.5			1.0
7411.4			1.0
7412.3			1.0
7413.200000000001			1.0
7414.1			1.0
7415.0			1.0
7415.9			1.0
7416.8			1.0
7417.700000000001			1.0
7418.6			1.0
7419.5			1.0
7420.4			1.0
7421.3			1.0
7422.200000000001			1.0
7423.1			1.0
7424.0			1.0
7424.9			1.0
7425.8			1.0
7426.700000000001			1.0
7427.6			1.0
7428.5			1.0
7429.4			1.0
