3500.0			1.0
3500.9			1.0
3501.8			1.0
3502.7			1.0
3503.6			1.0
3504.5			1.0
3505.4			1.0
3506.3			1.0
3507.2			1.0
3508.1			1.0
3509.0			1.0
3509.9			1.0
3510.8			1.0
3511.7			1.0
3512.6			1.0
3513.5			1.0
3514.4			1.0
3515.3			1.0
3516.2			1.0
3517.1			1.0
3518.0			1.0
3518.9			1.0
3519.8			1.0
3520.7			1.0
3521.6			1.0
3522.5			1.0
3523.4			1.0
3524.3			1.0
3525.2			1.0
3526.1			1.0
3527.0			1.0
3527.9			1.0
3528.8			1.0
3529.7			1.0
3530.6			1.0
3531.5			1.0
3532.4			1.0
3533.3			1.0
3534.2			1.0
3535.1			1.0
3536.0			1.0
3536.9			1.0
3537.8			1.0
3538.7			1.0
3539.6			1.0
3540.5			1.0
3541.4			1.0
3542.3			1.0
3543.2			1.0
3544.1			1.0
3545.0			1.0
3545.9			1.0
3546.8			1.0
3547.7			1.0
3548.6			1.0
3549.5			1.0
3550.4			1.0
3551.3			1.0
3552.2			1.0
3553.1			1.0
3554.0			1.0
3554.9			1.0
3555.8			1.0
3556.7			1.0
3557.6			1.0
3558.5			1.0
3559.4			1.0
3560.3			1.0
3561.2			1.0
3562.1			1.0
3563.0			1.0
3563.9			1.0
3564.8			1.0
3565.7			1.0
3566.6			1.0
3567.5			1.0
3568.4			1.0
3569.3			1.0
3570.2			1.0
3571.1			1.0
3572.0			1.0
3572.9			1.0
3573.8			1.0
3574.7			1.0
3575.6			1.0
3576.5			1.0
3577.4			1.0
3578.3			1.0
3579.2			1.0
3580.1			1.0
3581.0			1.0
3581.9			1.0
3582.8			1.0
3583.7			1.0
3584.6			1.0
3585.5			1.0
3586.4			1.0
3587.3			1.0
3588.2			1.0
3589.1			1.0
3590.0			1.0
3590.9			1.0
3591.8			1.0
3592.7			1.0
3593.6			1.0
3594.5			1.0
3595.4			1.0
3596.3			1.0
3597.2			1.0
3598.1			1.0
3599.0			1.0
3599.9			1.0
3600.8			1.0
3601.7			1.0
3602.6			1.0
3603.5			1.0
3604.4			1.0
3605.3			1.0
3606.2			1.0
3607.1			1.0
3608.0			1.0
3608.9			1.0
3609.8			1.0
3610.7			1.0
3611.6			1.0
3612.5			1.0
3613.4			1.0
3614.3			1.0
3615.2			1.0
3616.1			1.0
3617.0			1.0
3617.9			1.0
3618.8			1.0
3619.7			1.0
3620.6			1.0
3621.5			1.0
3622.4			1.0
3623.3			1.0
3624.2			1.0
3625.1			1.0
3626.0			1.0
3626.9			1.0
3627.8			1.0
3628.7			1.0
3629.6			1.0
3630.5			1.0
3631.4			1.0
3632.3			1.0
3633.2			1.0
3634.1			1.0
3635.0			1.0
3635.9			1.0
3636.8			1.0
3637.7			1.0
3638.6			1.0
3639.5			1.0
3640.4			1.0
3641.3			1.0
3642.2			1.0
3643.1			1.0
3644.0			1.0
3644.9			1.0
3645.8			1.0
3646.7			1.0
3647.6			1.0
3648.5			1.0
3649.4			1.0
3650.3			1.0
3651.2			1.0
3652.1			1.0
3653.0			1.0
3653.9			1.0
3654.8			1.0
3655.7			1.0
3656.6			1.0
3657.5			1.0
3658.4			1.0
3659.3			1.0
3660.2			1.0
3661.1			1.0
3662.0			1.0
3662.9			1.0
3663.8			1.0
3664.7			1.0
3665.6			1.0
3666.5			1.0
3667.4			1.0
3668.3			1.0
3669.2			1.0
3670.1			1.0
3671.0			1.0
3671.9			1.0
3672.8			1.0
3673.7			1.0
3674.6			1.0
3675.5			1.0
3676.4			1.0
3677.3			1.0
3678.2			1.0
3679.1			1.0
3680.0			1.0
3680.9			1.0
3681.8			1.0
3682.7			1.0
3683.6			1.0
3684.5			1.0
3685.4			1.0
3686.3			1.0
3687.2			1.0
3688.1			1.0
3689.0			1.0
3689.9			1.0
3690.8			1.0
3691.7			1.0
3692.6			1.0
3693.5			1.0
3694.4			1.0
3695.3			1.0
3696.2			1.0
3697.1			1.0
3698.0			1.0
3698.9			1.0
3699.8			1.0
3700.7			1.0
3701.6			1.0
3702.5			1.0
3703.4			1.0
3704.3			1.0
3705.2			1.0
3706.1			1.0
3707.0			1.0
3707.9			1.0
3708.8			1.0
3709.7			1.0
3710.6			1.0
3711.5			1.0
3712.4			1.0
3713.3			1.0
3714.2			1.0
3715.1			1.0
3716.0			1.0
3716.9			1.0
3717.8			1.0
3718.7			1.0
3719.6			1.0
3720.5			1.0
3721.4			1.0
3722.3			1.0
3723.2			1.0
3724.1			1.0
3725.0			1.0
3725.9			1.0
3726.8			1.0
3727.7			1.0
3728.6			1.0
3729.5			1.0
3730.4			1.0
3731.3			1.0
3732.2			1.0
3733.1			1.0
3734.0			1.0
3734.9			1.0
3735.8			1.0
3736.7			1.0
3737.6			1.0
3738.5			1.0
3739.4			1.0
3740.3			1.0
3741.2			1.0
3742.1			1.0
3743.0			1.0
3743.9			1.0
3744.8			1.0
3745.7			1.0
3746.6			1.0
3747.5			1.0
3748.4			1.0
3749.3			1.0
3750.2			1.0
3751.1			1.0
3752.0			1.0
3752.9			1.0
3753.8			1.0
3754.7			1.0
3755.6			1.0
3756.5			1.0
3757.4			1.0
3758.3			1.0
3759.2			1.0
3760.1			1.0
3761.0			1.0
3761.9			1.0
3762.8			1.0
3763.7			1.0
3764.6			1.0
3765.5			1.0
3766.4			1.0
3767.3			1.0
3768.2			1.0
3769.1			1.0
3770.0			1.0
3770.9			1.0
3771.8			1.0
3772.7			1.0
3773.6			1.0
3774.5			1.0
3775.4			1.0
3776.3			1.0
3777.2			1.0
3778.1			1.0
3779.0			1.0
3779.9			1.0
3780.8			1.0
3781.7			1.0
3782.6			1.0
3783.5			1.0
3784.4			1.0
3785.3			1.0
3786.2			1.0
3787.1			1.0
3788.0			1.0
3788.9			1.0
3789.8			1.0
3790.7			1.0
3791.6			1.0
3792.5			1.0
3793.4			1.0
3794.3			1.0
3795.2			1.0
3796.1			1.0
3797.0			1.0
3797.9			1.0
3798.8			1.0
3799.7			1.0
3800.6			1.0
3801.5			1.0
3802.4			1.0
3803.3			1.0
3804.2			1.0
3805.1			1.0
3806.0			1.0
3806.9			1.0
3807.8			1.0
3808.7			1.0
3809.6			1.0
3810.5			1.0
3811.4			1.0
3812.3			1.0
3813.2			1.0
3814.1			1.0
3815.0			1.0
3815.9			1.0
3816.8			1.0
3817.7			1.0
3818.6			1.0
3819.5			1.0
3820.4			1.0
3821.3			1.0
3822.2			1.0
3823.1			1.0
3824.0			1.0
3824.9			1.0
3825.8			1.0
3826.7			1.0
3827.6			1.0
3828.5			1.0
3829.4			1.0
3830.3			1.0
3831.2			1.0
3832.1			1.0
3833.0			1.0
3833.9			1.0
3834.8			1.0
3835.7			1.0
3836.6			1.0
3837.5			1.0
3838.4			1.0
3839.3			1.0
3840.2			1.0
3841.1			1.0
3842.0			1.0
3842.9			1.0
3843.8			1.0
3844.7			1.0
3845.6			1.0
3846.5			1.0
3847.4			1.0
3848.3			1.0
3849.2			1.0
3850.1			1.0
3851.0			1.0
3851.9			1.0
3852.8			1.0
3853.7			1.0
3854.6			1.0
3855.5			1.0
3856.4			1.0
3857.3			1.0
3858.2			1.0
3859.1			1.0
3860.0			1.0
3860.9			1.0
3861.8			1.0
3862.7			1.0
3863.6			1.0
3864.5			1.0
3865.4			1.0
3866.3			1.0
3867.2			1.0
3868.1			1.0
3869.0			1.0
3869.9			1.0
3870.8			1.0
3871.7			1.0
3872.6			1.0
3873.5			1.0
3874.4			1.0
3875.3			1.0
3876.2			1.0
3877.1			1.0
3878.0			1.0
3878.9			1.0
3879.8			1.0
3880.7			1.0
3881.6			1.0
3882.5			1.0
3883.4			1.0
3884.3			1.0
3885.2			1.0
3886.1			1.0
3887.0			1.0
3887.9			1.0
3888.8			1.0
3889.7			1.0
3890.6			1.0
3891.5			1.0
3892.4			1.0
3893.3			1.0
3894.2			1.0
3895.1			1.0
3896.0			1.0
3896.9			1.0
3897.8			1.0
3898.7			1.0
3899.6			1.0
3900.5			1.0
3901.4			1.0
3902.3			1.0
3903.2			1.0
3904.1			1.0
3905.0			1.0
3905.9			1.0
3906.8			1.0
3907.7			1.0
3908.6			1.0
3909.5			1.0
3910.4			1.0
3911.3			1.0
3912.2			1.0
3913.1			1.0
3914.0			1.0
3914.9			1.0
3915.8			1.0
3916.7			1.0
3917.6			1.0
3918.5			1.0
3919.4			1.0
3920.3			1.0
3921.2			1.0
3922.1			1.0
3923.0			1.0
3923.9			1.0
3924.8			1.0
3925.7			1.0
3926.6			1.0
3927.5			1.0
3928.4			1.0
3929.3			1.0
3930.2			1.0
3931.1			1.0
3932.0			1.0
3932.9			1.0
3933.8			1.0
3934.7			1.0
3935.6			1.0
3936.5			1.0
3937.4			1.0
3938.3			1.0
3939.2			1.0
3940.1			1.0
3941.0			1.0
3941.9			1.0
3942.8			1.0
3943.7			1.0
3944.6			1.0
3945.5			1.0
3946.4			1.0
3947.3			1.0
3948.2			1.0
3949.1			1.0
3950.0			1.0
3950.9			1.0
3951.8			1.0
3952.7			1.0
3953.6			1.0
3954.5			1.0
3955.4			1.0
3956.3			1.0
3957.2			1.0
3958.1			1.0
3959.0			1.0
3959.9			1.0
3960.8			1.0
3961.7			1.0
3962.6			1.0
3963.5			1.0
3964.4			1.0
3965.3			1.0
3966.2			1.0
3967.1			1.0
3968.0			1.0
3968.9			1.0
3969.8			1.0
3970.7			1.0
3971.6			1.0
3972.5			1.0
3973.4			1.0
3974.3			1.0
3975.2			1.0
3976.1			1.0
3977.0			1.0
3977.9			1.0
3978.8			1.0
3979.7			1.0
3980.6			1.0
3981.5			1.0
3982.4			1.0
3983.3			1.0
3984.2			1.0
3985.1			1.0
3986.0			1.0
3986.9			1.0
3987.8			1.0
3988.7			1.0
3989.6			1.0
3990.5			1.0
3991.4			1.0
3992.3			1.0
3993.2			1.0
3994.1			1.0
3995.0			1.0
3995.9			1.0
3996.8			1.0
3997.7			1.0
3998.6			1.0
3999.5			1.0
4000.4			1.0
4001.3			1.0
4002.2			1.0140118410365564
4003.1			1.0381829907026223
4004.0			0.9879143038752274
4004.9			0.8694864763142525
4005.8			0.8095956278699852
4006.7			0.8625504032835103
4007.6			0.9507428065434577
4008.5			0.9990121125802655
4009.4			0.9997218441525377
4010.3			1.0
4011.2			1.0
4012.1			1.0
4013.0			1.0
4013.9			1.0
4014.8			1.0
4015.7			1.0
4016.6			1.0
4017.5			1.0
4018.4			1.0
4019.3			1.0
4020.2			1.0
4021.1			1.0
4022.0			1.0
4022.9			1.0
4023.8			1.0
4024.7			1.0
4025.6			1.0242085584318779
4026.5			1.0739471644632186
4027.4			1.0930298369348828
4028.3			1.0741237492755196
4029.2			1.0123428808480308
4030.1			0.9141308512389955
4031.0			0.849517996552376
4031.9			0.8379756054136485
4032.8			0.8393319586398837
4033.7			0.8562457762852588
4034.6			0.881851468585349
4035.5			0.9095447263348773
4036.4			0.9544652403897687
4037.3			0.9977360763537386
4038.2			1.0046553120900468
4039.1			1.0
4040.0			1.0
4040.9			1.0
4041.8			1.0
4042.7			1.032064801393223
4043.6			0.9686335410067074
4044.5			0.8238797479812566
4045.4			0.7134621394852015
4046.3			0.7636645103651605
4047.2			0.9160003458625604
4048.1			1.000185884704576
4049.0			1.0
4049.9			1.0
4050.8			1.0
4051.7			1.0
4052.6			1.0
4053.5			1.0
4054.4			1.0
4055.3			1.0
4056.2			1.0
4057.1			0.9603587246625211
4058.0			0.9234829039879366
4058.9			0.9554414163864698
4059.8			1.025752314629589
4060.7			1.0609617149054136
4061.6			1.0193578529543403
4062.5			0.9117171719586098
4063.4			0.8186641780878083
4064.3			0.8437359241690366
4065.2			0.9246222975566388
4066.1			0.9297183055990305
4067.0			0.8942896713257278
4067.9			0.9209916057209661
4068.8			0.9864708185606047
4069.7			0.9935471314449522
4070.6			1.0
4071.5			1.0
4072.4			1.0
4073.3			1.0865446678998127
4074.2			1.1022320450448566
4075.1			1.0388759923930397
4076.0			0.9353333839131632
4076.9			0.8352994918532514
4077.8			0.8093883868566148
4078.7			0.8637487953402929
4079.6			0.9431797310896031
4080.5			1.012656135117386
4081.4			1.0375753288736131
4082.3			1.0023785394933418
4083.2			1.0
4084.1			1.0
4085.0			1.0
4085.9			1.0
4086.8			1.0
4087.7			1.0
4088.6			1.0
4089.5			1.0
4090.4			0.9773666127069185
4091.3			0.9555807758088001
4092.2			0.9339004194088752
4093.1			0.9406743882589272
4094.0			0.9536057240545722
4094.9			0.9164522099154462
4095.8			0.8628971644580549
4096.7			0.838437248963306
4097.6			0.8323771030698541
4098.5			0.8165354239846754
4099.4			0.7695254243226677
4100.3			0.6723225544327551
4101.2			0.5654293881506721
4102.1			0.5459104773176257
4103.0			0.6307152918426678
4103.9			0.7366154514937633
4104.8			0.8130297973312048
4105.7			0.8662204838277079
4106.6			0.9002282704183849
4107.5			0.9123892257989402
4108.4			0.9073948206833814
4109.3			0.8975822757029674
4110.2			0.8979067438884321
4111.1			0.9115644053963031
4112.0			0.9356495373143907
4112.9			0.9693093063345533
4113.8			1.0002420092860542
4114.7			1.0
4115.6			1.0193764507221628
4116.5			1.0330900977037436
4117.4			1.0036648179024834
4118.3			0.9400005212832503
4119.2			0.9147329456958704
4120.1			0.9465907881250668
4121.0			0.9728095597704665
4121.9			0.9661484306351402
4122.8			0.9552082970024621
4123.7			0.9678564489228852
4124.6			0.9890355224281412
4125.5			0.9846266050502593
4126.4			0.9592323300727059
4127.3			0.9347393778055167
4128.2			0.9283412277491561
4129.1			0.9448105088792341
4130.0			0.9660126707359463
4130.9			0.9542193982336568
4131.8			0.9005624907384798
4132.7			0.8728908521907331
4133.6			0.8923389815234566
4134.5			0.9386225384743548
4135.4			1.007672160613258
4136.3			1.0433568841188663
4137.2			1.0348608887516275
4138.1			1.0474453356587223
4139.0			1.0
4139.9			1.014070760819839
4140.8			1.0042505698939743
4141.7			0.9567516844979718
4142.6			0.8723267600647968
4143.5			0.8259690310719666
4144.4			0.8791851890694068
4145.3			0.9593414232568979
4146.2			0.9916396468161406
4147.1			1.0
4148.0			1.0005802064510145
4148.9			0.9798023112484857
4149.8			0.9598418111304209
4150.7			0.975622975175027
4151.6			0.9891481394776648
4152.5			0.9785759322036605
4153.4			0.9466249500022581
4154.3			0.9124226504918828
4155.2			0.9171988457097684
4156.1			0.9181952831782392
4157.0			0.9209224091397678
4157.9			0.9586097294143904
4158.8			0.9956342555923227
4159.7			1.0097595526870653
4160.6			1.0014358439404518
4161.5			1.0
4162.4			1.0
4163.3			1.0
4164.2			1.0023926235945693
4165.1			1.0020542791072344
4166.0			0.9871560507076774
4166.9			0.9439816356710536
4167.8			0.9240624120318005
4168.7			0.9699745804098523
4169.6			1.0091994996083962
4170.5			0.9852169470258239
4171.4			0.9077650193572139
4172.3			0.8376592124785597
4173.2			0.82644556850206
4174.1			0.8712130153826735
4175.0			0.9321540037167374
4175.9			0.9705618199074002
4176.8			0.9679530667912611
4177.7			0.9497909605482258
4178.6			0.9699721469750153
4179.5			1.0302755598153552
4180.4			1.0724886980410269
4181.3			1.0423011368773996
4182.2			0.9942874351719322
4183.1			1.0
4184.0			1.0
4184.9			1.037362221776066
4185.8			1.0
4186.7			0.9451988257481178
4187.6			0.8930489427488186
4188.5			0.9208073407723614
4189.4			0.9821762055379479
4190.3			1.005345667724434
4191.2			0.9918985874487053
4192.1			1.0113500314276007
4193.0			1.0701264387929061
4193.9			1.0817359260092536
4194.8			1.0218045157180835
4195.7			0.9582074506231111
4196.6			0.9344300031300188
4197.5			0.906179296526591
4198.4			0.8652963453288223
4199.3			0.8758502345059903
4200.2			0.917119879483404
4201.1			0.9133965493645196
4202.0			0.8920227991160546
4202.9			0.9133820833572334
4203.8			0.9503117471886784
4204.7			0.9619301476909056
4205.6			0.9715362928127326
4206.5			0.9929850432508014
4207.4			1.0173618732904743
4208.3			1.0288672367530316
4209.2			1.013905955831871
4210.1			1.0000343331198875
4211.0			1.0
4211.9			1.0310154609697795
4212.8			1.0465772786644045
4213.7			1.0318691715829251
4214.6			0.9740963461715241
4215.5			0.9028604095718443
4216.4			0.8911087613651308
4217.3			0.9352472438503658
4218.2			0.964755112679138
4219.1			0.9669570695675238
4220.0			0.9766307723492443
4220.9			1.0
4221.8			0.9994201496113014
4222.7			0.9687716133979393
4223.6			0.9208202665606925
4224.5			0.8524380189074604
4225.4			0.7558035555349127
4226.3			0.6628690587319919
4227.2			1.0
4228.1			1.1801628117187184
4229.0			1.3330572440220565
4229.9			1.3678429329952313
4230.8			1.3588828024647401
4231.7			1.3158047642319946
4232.6			1.2263521071623464
4233.5			1.1663124423845588
4234.4			1.1514640223867796
4235.3			1.099187427473773
4236.2			1.0396591009747151
4237.1			1.0356337904414386
4238.0			1.0384786651637161
4238.9			1.0099488804396024
4239.8			0.9955114130726445
4240.7			1.028663002651674
4241.6			1.0478286079182055
4242.5			1.014556864381514
4243.4			1.0
4244.3			1.0368760488541546
4245.2			1.0463296948795044
4246.1			1.0101402291154118
4247.0			0.968994949238488
4247.9			0.9595335340394092
4248.8			0.9624362392871374
4249.7			0.9451964161404524
4250.6			0.950864266606148
4251.5			1.020648053725215
4252.4			1.0832021500515387
4253.3			1.0703386025751993
4254.2			1.0174093179715602
4255.1			1.001053389807055
4256.0			1.0
4256.9			1.0359677869564161
4257.8			1.0062114406052598
4258.7			0.9332938931134087
4259.6			0.8560243238408376
4260.5			0.8066921561902212
4261.4			0.8472898130379328
4262.3			0.9402421916578321
4263.2			0.9983157851702696
4264.1			1.0
4265.0			1.0051560582933228
4265.9			1.0157824120493195
4266.8			0.9967385660758775
4267.7			0.958065842639141
4268.6			0.94281842808522
4269.5			0.9317581604882875
4270.4			0.8759219600658333
4271.3			0.7988678255833426
4272.2			0.80196465134092
4273.1			0.8697443776233448
4274.0			0.891951800640494
4274.9			0.8942650338819119
4275.8			0.9451530050436614
4276.7			1.0133213637639396
4277.6			1.0463850312814382
4278.5			1.0420831809869082
4279.4			1.0020104769027516
4280.3			1.0
4281.2			1.0
4282.1			1.0
4283.0			1.0
4283.9			1.0066645328405095
4284.8			0.9780016968461965
4285.7			1.0
4286.6			0.9929898158233571
4287.5			0.9943318041159386
4288.4			0.9541671257309077
4289.3			0.8858006574925521
4290.2			0.8575550006169566
4291.1			0.9080400611135001
4292.0			0.9930309300825406
4292.9			1.045816916119403
4293.8			1.0322153009570652
4294.7			0.9973006389910198
4295.6			0.9821654109565299
4296.5			0.9578272627081634
4297.4			0.9056572517632607
4298.3			0.8254148994282107
4299.2			0.7322939339471222
4300.1			0.6992244163554951
4301.0			0.7368707995997807
4301.9			0.7630558050217254
4302.8			0.7606639797262431
4303.7			0.7799711212673345
4304.6			0.8017998735469029
4305.5			0.7984836270043583
4306.4			0.7804993604576789
4307.3			0.7346301879785313
4308.2			0.6826338990424512
4309.1			0.6855250107449258
4310.0			0.7339552264834125
4310.9			0.7866832360071851
4311.8			0.8279863819560705
4312.7			0.8617651640690611
4313.6			0.8865768099204744
4314.5			0.9163043845036083
4315.4			0.9912212981164796
4316.3			1.082925977637754
4317.2			1.1158106209973475
4318.1			1.098445036717727
4319.0			1.0752975657115753
4319.9			1.0
4320.8			0.9812276168743109
4321.7			0.9681930297823059
4322.6			0.9348956766908927
4323.5			0.8588884937022583
4324.4			0.7738848559191486
4325.3			0.7242713187421503
4326.2			0.7590149392255952
4327.1			0.8707266860903679
4328.0			0.9761901359094836
4328.9			1.0186903939148984
4329.8			1.0
4330.7			0.9702525200716868
4331.6			0.9730027494146487
4332.5			0.9922011130878835
4333.4			0.9978972196866666
4334.3			0.9982558460185976
4335.2			0.9915396533934062
4336.1			0.9419231652831905
4337.0			0.841795236018504
4337.9			0.743854612321732
4338.8			0.6661469457517978
4339.7			0.5842433443594662
4340.6			0.5532177276535368
4341.5			0.634888300713526
4342.4			0.7560778447240687
4343.3			0.8251317499122918
4344.2			0.8666416334278576
4345.1			0.9237979981661688
4346.0			0.9714003570061999
4346.9			0.992552413638749
4347.8			1.0
4348.7			1.0379028100978342
4349.6			1.0390400602216978
4350.5			0.9622123531577627
4351.4			0.8596918209004139
4352.3			0.8365282483004429
4353.2			0.9030833640144995
4354.1			0.9634031973842208
4355.0			0.9797415814690782
4355.9			0.9988253145395461
4356.8			1.0
4357.7			1.0
4358.6			1.0
4359.5			1.0
4360.4			1.0
4361.3			1.0
4362.2			1.0
4363.1			1.0
4364.0			1.0
4364.9			1.0
4365.8			1.0
4366.7			1.0
4367.6			1.0
4368.5			1.0
4369.4			1.0
4370.3			1.0
4371.2			1.005441168231594
4372.1			1.0115491101675582
4373.0			1.0
4373.9			0.9362386894396625
4374.8			0.8938504706790208
4375.7			0.9211830857924225
4376.6			0.9919559079034589
4377.5			1.0494174647977024
4378.4			1.066080427393988
4379.3			1.051904938648493
4380.2			1.0401191039749438
4381.1			1.034902762140095
4382.0			0.9751452929007937
4382.9			0.830067408349597
4383.8			0.7175257920180071
4384.7			0.7472487318215975
4385.6			0.8694634212166088
4386.5			0.9670383653234534
4387.4			0.9858267636578187
4388.3			0.9743498823793155
4389.2			0.9674490718628073
4390.1			0.9581488651353683
4391.0			0.9623491257640424
4391.9			0.9941046191991679
4392.8			1.017640311183919
4393.7			0.9998586680613224
4394.6			1.0
4395.5			1.0
4396.4			1.0
4397.3			1.0
4398.2			1.0001620284602468
4399.1			0.9552597612223483
4400.0			0.890867739333951
4400.9			0.8674897543412871
4401.8			0.9179294808571091
4402.7			0.9646139466533774
4403.6			0.917500184052813
4404.5			0.8422209756881903
4405.4			0.8597422460497104
4406.3			0.9334110420314241
4407.2			0.9433758242230061
4408.1			0.907299292518202
4409.0			0.9131378864364981
4409.9			1.0
4410.8			1.0318886079309193
4411.7			1.0503337375620803
4412.6			1.0612636451191528
4413.5			1.031803648913658
4414.4			0.9427640759512644
4415.3			0.8717834598016041
4416.2			0.8800027062465278
4417.1			0.9100386000654859
4418.0			0.9298668204539008
4418.9			0.9660265522028963
4419.8			0.9991538595075634
4420.7			1.0
4421.6			1.0
4422.5			1.0
4423.4			1.0
4424.3			1.0
4425.2			1.0
4426.1			1.0
4427.0			1.0
4427.9			1.0218712352751897
4428.8			1.0376630709499528
4429.7			1.0083541843036106
4430.6			0.9744830561561335
4431.5			0.9873095018662086
4432.4			1.0077917499968632
4433.3			0.9921788023207049
4434.2			0.9520209287962877
4435.1			0.9284066386610791
4436.0			1.0
4436.9			1.0717607060380405
4437.8			1.1318672737183353
4438.7			1.155534734133142
4439.6			1.1391585461520064
4440.5			1.088437385324711
4441.4			1.0252349192101864
4442.3			0.971350333558284
4443.2			0.9554133835683438
4444.1			0.9975300764147719
4445.0			1.0659716880618535
4445.9			1.0972111656475239
4446.8			1.0746836712199972
4447.7			1.0551669579997314
4448.6			1.0649337160727916
4449.5			1.0580602513991049
4450.4			1.028477059006331
4451.3			1.0214780916885695
4452.2			1.034075788894901
4453.1			1.0156666534073506
4454.0			0.9493682181347276
4454.9			0.8837057571693933
4455.8			0.8744160499156065
4456.7			0.9016909374904823
4457.6			0.9104324997725269
4458.5			0.9007726477493918
4459.4			0.903629831222468
4460.3			0.9081176075196195
4461.2			0.8908697942580771
4462.1			0.8898268907391015
4463.0			0.9309503099789497
4463.9			0.9631543273160356
4464.8			0.9603177117433517
4465.7			0.9523040461311999
4466.6			0.9526956152197171
4467.5			0.9492515316446837
4468.4			0.9261768288782204
4469.3			0.8960337971628499
4470.2			0.8985327906505794
4471.1			0.9352789386617263
4472.0			0.9709089365075351
4472.9			0.9891716283073575
4473.8			1.0019542750315507
4474.7			1.000857226947409
4475.6			1.0
4476.5			1.002840206168272
4477.4			1.0237527269015807
4478.3			1.0168283581640665
4479.2			1.0
4480.1			0.9194977038898726
4481.0			0.8632078217241365
4481.9			0.8673205487393281
4482.8			0.9252871432492359
4483.7			0.9890035038205144
4484.6			1.0262023017956243
4485.5			1.0450137242994022
4486.4			1.050230341047723
4487.3			1.027050393493825
4488.2			0.9742076808105813
4489.1			0.9246014508180738
4490.0			0.911912202693239
4490.9			0.9370395518011405
4491.8			0.9766436556351594
4492.7			0.9963624454457337
4493.6			0.976224136988951
4494.5			0.9460294469491226
4495.4			0.9425528159036336
4496.3			0.9593238246317072
4497.2			0.983826005478106
4498.1			1.0068542917156211
4499.0			1.0134489197865826
4499.9			0.9997085869268469
4500.8			1.0
4501.7			1.0
4502.6			1.0
4503.5			1.0
4504.4			1.0
4505.3			1.0
4506.2			1.0
4507.1			1.0
4508.0			1.0
4508.9			1.0
4509.8			1.0
4510.7			1.0
4511.6			1.0
4512.5			1.0
4513.4			1.0
4514.3			1.0
4515.2			1.0
4516.1			1.0
4517.0			1.0
4517.9			1.0
4518.8			1.0
4519.7			1.0
4520.6			1.0
4521.5			0.9963103604559597
4522.4			0.9756257507458551
4523.3			0.9681447772106468
4524.2			0.9723736459564655
4525.1			0.9551020294747671
4526.0			0.925837945970213
4526.9			0.9070088921167087
4527.8			0.895868206131149
4528.7			0.8855657272635287
4529.6			0.8934517426954107
4530.5			0.9174696577554402
4531.4			0.9464500018858913
4532.3			0.9642124731482691
4533.2			0.9404560224931816
4534.1			0.9052824982684303
4535.0			0.9014155040356583
4535.9			1.0
4536.8			1.0792067319616356
4537.7			1.1280077499617351
4538.6			1.1168717489545807
4539.5			1.080607378254144
4540.4			1.0479384319293084
4541.3			1.0370131007937264
4542.2			1.0531085462502907
4543.1			1.0660577272458627
4544.0			1.043114294460192
4544.9			1.0077812610640136
4545.8			0.9956715934648134
4546.7			0.995796069765803
4547.6			0.9851679617974265
4548.5			0.9462077948533448
4549.4			0.8991553365251479
4550.3			0.9088051918062666
4551.2			0.9572989345368977
4552.1			0.9767775878673742
4553.0			0.9620336320620967
4553.9			0.9355461512586486
4554.8			0.912899714189297
4555.7			0.913240331061979
4556.6			0.944534713096157
4557.5			0.9805957523741523
4558.4			0.9919196249667883
4559.3			0.9914553902912209
4560.2			1.0
4561.1			1.0096237878412038
4562.0			1.0125252025771043
4562.9			0.9874904821543373
4563.8			0.9383657260490688
4564.7			0.9029962227428596
4565.6			0.9044034238260907
4566.5			0.9411684863179697
4567.4			0.9831059312982172
4568.3			0.9999152618087359
4569.2			1.0
4570.1			1.0
4571.0			1.0
4571.9			0.9743075870026462
4572.8			1.006822243965332
4573.7			1.04516178037088
4574.6			1.0458927670326017
4575.5			1.0338100540105974
4576.4			1.0321894007727304
4577.3			1.0362696924208719
4578.2			1.0261640789698
4579.1			0.9932172646707451
4580.0			0.9526056457438089
4580.9			0.9242810605367067
4581.8			0.9231036711963091
4582.7			0.9299290992075717
4583.6			0.925296980481805
4584.5			0.9247164145607405
4585.4			0.932352762652947
4586.3			0.9459314298460243
4587.2			0.9721930670380869
4588.1			0.9965551358691314
4589.0			1.0074984466652843
4589.9			1.000203644041118
4590.8			1.0
4591.7			1.0
4592.6			1.0
4593.5			1.0
4594.4			1.0
4595.3			1.0
4596.2			1.0
4597.1			1.0
4598.0			1.0
4598.9			1.0
4599.8			1.0
4600.7			1.0
4601.6			1.0
4602.5			1.0
4603.4			1.0
4604.3			1.0
4605.2			1.0
4606.1			1.0
4607.0			1.0
4607.9			1.0
4608.8			1.0
4609.7			1.0
4610.6			1.0
4611.5			1.0
4612.4			1.0
4613.3			1.0
4614.2			1.0
4615.1			1.0
4616.0			1.0
4616.9			1.0
4617.8			1.0
4618.7			1.0
4619.6			1.0
4620.5			1.0
4621.4			1.0
4622.3			1.0
4623.2			1.0
4624.1			1.0
4625.0			1.0
4625.9			1.0
4626.8			1.0
4627.7			1.0
4628.6			1.0
4629.5			1.0
4630.4			1.0
4631.3			1.0
4632.2			1.0
4633.1			1.0
4634.0			1.0
4634.9			1.0
4635.8			1.0
4636.7			1.0
4637.6			1.0
4638.5			0.9998342130048841
4639.4			1.0108608406854627
4640.3			1.0239280754766222
4641.2			1.0425806728665714
4642.1			1.0515094958939462
4643.0			1.0379399218591128
4643.9			1.0217769064329512
4644.8			1.0118082397637023
4645.7			0.9875635049565368
4646.6			0.9528616777643559
4647.5			0.9387780130677136
4648.4			0.9588893828127405
4649.3			0.9981402643036176
4650.2			1.0289306116475978
4651.1			1.0419087277420858
4652.0			1.0517374747169137
4652.9			1.0570452575995384
4653.8			1.0368134483196467
4654.7			1.0
4655.6			0.9882464150690742
4656.5			0.9948275281413539
4657.4			1.0213012999146938
4658.3			1.0649659650281307
4659.2			1.0981849427385573
4660.1			1.0982400336534186
4661.0			1.0727332119352593
4661.9			1.0448974867371028
4662.8			1.0266663268179674
4663.7			1.022198049194453
4664.6			1.0224952024378797
4665.5			0.9901943199096985
4666.4			0.9186760074066296
4667.3			0.8688420461491114
4668.2			0.8896039845099543
4669.1			0.9530302156772565
4670.0			1.008906773615878
4670.9			1.0378925268722374
4671.8			1.036175840467804
4672.7			1.019895981873849
4673.6			1.0221405462156221
4674.5			1.0487146679885793
4675.4			1.0791135094283917
4676.3			1.093009759969339
4677.2			1.0765299866814213
4678.1			1.0342690403374974
4679.0			1.000517171321373
4679.9			1.0
4680.8			1.0
4681.7			1.0
4682.6			1.0
4683.5			1.0
4684.4			1.0
4685.3			1.0
4686.2			1.0
4687.1			1.0
4688.0			1.0
4688.9			1.0
4689.8			0.9913666933153216
4690.7			0.9759331962410093
4691.6			0.9662122930901808
4692.5			0.9746106168567675
4693.4			0.9881305878239673
4694.3			0.9974070589687354
4695.2			1.0095658637711191
4696.1			1.0186521458765334
4697.0			1.0045897438226978
4697.9			0.9678307758037511
4698.8			0.9383098633817545
4699.7			0.9370104898786881
4700.6			0.9420814633528276
4701.5			0.9263125848886558
4702.4			0.8952147824101337
4703.3			0.8871499284173049
4704.2			0.9195982549369294
4705.1			0.9561687773542094
4706.0			0.9623921160163295
4706.9			0.9381085407014148
4707.8			0.9103111378214851
4708.7			0.9037365258714756
4709.6			0.9233291401877421
4710.5			0.9603563127942031
4711.4			0.9879204649612602
4712.3			0.9859801225219166
4713.2			0.961550443977551
4714.1			0.9372494871593342
4715.0			0.9407628818897061
4715.9			0.9724888950416355
4716.8			1.0002123133659713
4717.7			1.0
4718.6			1.0
4719.5			1.0
4720.4			1.0
4721.3			1.0
4722.2			1.000413223089708
4723.1			1.0140988105042665
4724.0			1.033198502297644
4724.9			1.044263759556675
4725.8			1.033944101109703
4726.7			0.9992123018185607
4727.6			0.9601408241926226
4728.5			0.9412830322090232
4729.4			0.9413146298752977
4730.3			0.9460391977290864
4731.2			0.9585477242031655
4732.1			0.9873065401364837
4733.0			1.0139418002315461
4733.9			1.0299576328862685
4734.8			1.039538403782165
4735.7			1.0243095790439691
4736.6			1.0008002934136475
4737.5			1.0
4738.4			1.0
4739.3			1.0
4740.2			1.0
4741.1			1.0
4742.0			1.0
4742.9			1.0
4743.8			1.0
4744.7			1.0
4745.6			1.0
4746.5			1.0
4747.4			1.0
4748.3			1.0
4749.2			1.0
4750.1			1.0
4751.0			1.0
4751.9			1.0
4752.8			1.0
4753.7			1.0
4754.6			1.0
4755.5			1.0
4756.4			0.998501790350276
4757.3			1.0136928563443153
4758.2			1.0353986112096856
4759.1			1.052607036013452
4760.0			1.0538982920874052
4760.9			1.022935975182791
4761.8			0.9724366680336989
4762.7			0.9441267118924511
4763.6			0.9389210924477429
4764.5			0.9274318184700705
4765.4			0.912404040635717
4766.3			0.9150262327730954
4767.2			0.9397234831915176
4768.1			0.9657264893585374
4769.0			0.9880928176752556
4769.9			0.9984892037979686
4770.8			0.9761941447820496
4771.7			0.9480662576745617
4772.6			0.9519382845165254
4773.5			0.9769516671493357
4774.4			0.9965425328765175
4775.3			1.0
4776.2			1.0
4777.1			1.0
4778.0			1.0
4778.9			1.0
4779.8			1.0
4780.7			1.0
4781.6			1.0
4782.5			1.0
4783.4			1.0
4784.3			1.0
4785.2			1.0
4786.1			1.0
4787.0			1.0
4787.9			1.0
4788.8			1.0
4789.7			1.0
4790.6			1.0
4791.5			1.0
4792.4			1.0
4793.3			1.0
4794.2			1.0
4795.1			1.0
4796.0			1.0
4796.9			1.0
4797.8			1.0
4798.7			1.0
4799.6			1.0
4800.5			1.0
4801.4			1.0
4802.3			1.0
4803.2			1.0
4804.1			1.0
4805.0			1.0
4805.9			1.0
4806.8			1.0
4807.7			1.0
4808.6			1.0
4809.5			1.0
4810.4			1.0
4811.3			1.0
4812.2			1.0
4813.1			1.0
4814.0			1.0
4814.9			1.0
4815.8			1.0
4816.7			1.0
4817.6			1.0
4818.5			1.0
4819.4			1.0
4820.3			1.0
4821.2			1.0
4822.1			1.0
4823.0			1.0
4823.9			1.0
4824.8			1.0
4825.7			1.0
4826.6			1.0
4827.5			1.0
4828.4			1.0
4829.3			1.0
4830.2			1.0
4831.1			1.0
4832.0			1.0
4832.9			1.0
4833.8			1.0
4834.7			1.0
4835.6			1.0
4836.5			1.0
4837.4			1.0
4838.3			1.0
4839.2			1.0
4840.1			1.0
4841.0			1.0
4841.9			1.0
4842.8			1.0
4843.7			1.0
4844.6			1.0
4845.5			1.0
4846.4			1.0
4847.3			1.0
4848.2			1.0
4849.1			1.0
4850.0			1.0261688091452568
4850.9			1.0408090127546057
4851.8			1.030009246535104
4852.7			1.0127218175064958
4853.6			0.9890903104805485
4854.5			0.941887742322255
4855.4			0.8947682719841543
4856.3			0.8888946987213907
4857.2			0.9036038384390898
4858.1			0.884695904072156
4859.0			0.8094344826058489
4859.9			0.6882226413853664
4860.8			0.5788285909755561
4861.7			0.5751749263251162
4862.6			0.6832024920137804
4863.5			0.7981805960847065
4864.4			0.8668837371274207
4865.3			0.9111864905289401
4866.2			0.9461876394575723
4867.1			0.9756148945469868
4868.0			1.0
4868.9			1.008818685008776
4869.8			0.986386267944137
4870.7			0.9323768706563066
4871.6			0.8993573952984688
4872.5			0.9256218126715993
4873.4			0.9743629933353938
4874.3			1.0006559795441998
4875.2			1.0
4876.1			1.0
4877.0			1.0
4877.9			1.0
4878.8			1.0
4879.7			1.0
4880.6			1.0
4881.5			0.9730462562483674
4882.4			0.9608968785326334
4883.3			0.9598818628089328
4884.2			0.9450501835089912
4885.1			0.9205335194395565
4886.0			0.9047232530858764
4886.9			0.9061470849946761
4887.8			0.9170429987821052
4888.7			0.9218156662165834
4889.6			0.9082614591489684
4890.5			0.8762608906569492
4891.4			0.8689785237532417
4892.3			0.9198029020642537
4893.2			0.9858101613516117
4894.1			1.0238677422235383
4895.0			1.0360700058894234
4895.9			1.032093385655452
4896.8			1.0241997448280142
4897.7			1.0212284892562449
4898.6			1.0114280679927958
4899.5			0.9916898422437141
4900.4			0.9874491097312865
4901.3			0.9998936644995872
4902.2			1.0
4903.1			1.0
4904.0			1.0
4904.9			1.0
4905.8			1.0261771474618249
4906.7			1.028047649507488
4907.6			1.0079613850563398
4908.5			0.9762325365588408
4909.4			1.0
4910.3			0.959285623634827
4911.2			0.9625986983648839
4912.1			0.9984668258892195
4913.0			1.0285696250850618
4913.9			1.0468649066666726
4914.8			1.065057629648348
4915.7			1.069795113977202
4916.6			1.0398499211807917
4917.5			0.9761324562824797
4918.4			0.9071542850805069
4919.3			0.8658829830963405
4920.2			0.8630291030633738
4921.1			0.8934719425726565
4922.0			0.9318964975635511
4922.9			0.9379786189526765
4923.8			0.9172746754912217
4924.7			0.9208189960449898
4925.6			0.9591474709047987
4926.5			0.9881339062176081
4927.4			0.9921355440007505
4928.3			0.9966557620720071
4929.2			1.0
4930.1			1.0
4931.0			0.9950175745536283
4931.9			0.9793255584663343
4932.8			0.9400848293080967
4933.7			0.91079050278889
4934.6			0.9280536414900715
4935.5			0.957936586851364
4936.4			0.9525221252873242
4937.3			0.9157313854256475
4938.2			0.8795965640580424
4939.1			0.879214169126941
4940.0			0.9253712906181543
4940.9			0.9812891916812598
4941.8			1.0090509102412757
4942.7			1.017266041802566
4943.6			1.0224487266269064
4944.5			1.0126189443380127
4945.4			0.9874078210305884
4946.3			0.9789518965357317
4947.2			0.9999710891438902
4948.1			1.0
4949.0			1.0
4949.9			1.0
4950.8			1.0
4951.7			1.0
4952.6			1.0
4953.5			0.9884520544974532
4954.4			0.992807287568179
4955.3			0.985788591701904
4956.2			0.927732885591466
4957.1			0.848337441930274
4958.0			0.8446275179859024
4958.9			0.9208092314127175
4959.8			0.9839074814788836
4960.7			0.9956270177484714
4961.6			1.0
4962.5			1.0
4963.4			1.0
4964.3			1.0
4965.2			1.0
4966.1			1.0
4967.0			1.0
4967.9			1.0
4968.8			1.0
4969.7			1.0
4970.6			1.0
4971.5			1.0
4972.4			1.0
4973.3			1.0
4974.2			1.0
4975.1			1.0
4976.0			1.0
4976.9			0.9920450559344333
4977.8			0.9747935947196507
4978.7			0.9569110161974432
4979.6			0.9522417704492921
4980.5			0.9451280208677721
4981.4			0.9113273466933443
4982.3			0.8597397672042197
4983.2			0.8321655878439564
4984.1			0.8491529843515124
4985.0			0.8898444954986283
4985.9			0.9402372578821102
4986.8			0.9923570391857627
4987.7			1.0205674820159005
4988.6			1.0165317597152268
4989.5			1.000082770423063
4990.4			1.0
4991.3			1.0
4992.2			1.0
4993.1			1.0
4994.0			1.0
4994.9			1.0
4995.8			1.0
4996.7			1.0
4997.6			1.0
4998.5			1.0
4999.4			0.9686107978086146
5000.3			0.9458616667713492
5001.2			0.9372710005244941
5002.1			0.9441917709450223
5003.0			0.9634146477871642
5003.9			0.9704759899089205
5004.8			0.9402995809705508
5005.7			0.895753703452966
5006.6			0.8938122106516161
5007.5			0.9473693978365796
5008.4			1.0078274753539744
5009.3			1.0288618714609394
5010.2			1.0120155323860345
5011.1			0.9758280747029601
5012.0			0.9357055491995191
5012.9			0.9098174623883657
5013.8			0.9036299124457898
5014.7			0.9229570480953799
5015.6			0.9525452398590148
5016.5			0.9492573228665763
5017.4			0.9122046535243884
5018.3			0.8954623460317789
5019.2			0.928606188890202
5020.1			0.9697635208372428
5021.0			0.9782023373987152
5021.9			0.9674412619218369
5022.8			0.9739505926410436
5023.7			0.9971841078160156
5024.6			1.011791032074796
5025.5			1.0114470637151385
5026.4			0.9925651871159703
5027.3			0.96873554112513
5028.2			0.9797494200938368
5029.1			1.014545531936263
5030.0			1.029143816563693
5030.9			1.0300047167474873
5031.8			1.0
5032.7			1.0277967997679978
5033.6			1.037426348179261
5034.5			1.0056524475074156
5035.4			0.9552317668638333
5036.3			0.944813583004287
5037.2			0.970420354132603
5038.1			0.9724717109348048
5039.0			0.9413121663949494
5039.9			0.8973069497201209
5040.8			0.856785301677232
5041.7			0.8725872439866769
5042.6			0.9550533015901023
5043.5			1.0301805147730523
5044.4			1.065450651587902
5045.3			1.0885759119302891
5046.2			1.0987839208770835
5047.1			1.0724630652690375
5048.0			1.0247026334590053
5048.9			0.9979882328944762
5049.8			1.0
5050.7			1.0
5051.6			1.0
5052.5			1.0
5053.4			1.0
5054.3			1.0
5055.2			1.0
5056.1			1.0
5057.0			1.0
5057.9			1.0
5058.8			1.0
5059.7			1.0
5060.6			1.0
5061.5			1.0
5062.4			1.0
5063.3			1.0
5064.2			1.0
5065.1			1.0
5066.0			1.0
5066.9			1.0
5067.8			1.0
5068.7			1.0
5069.6			1.0
5070.5			1.0
5071.4			1.0
5072.3			0.9747797524562054
5073.2			0.9812799506960872
5074.1			0.9899150396792705
5075.0			0.9865775318957073
5075.9			0.9953647560779237
5076.8			1.0119608091873955
5077.7			0.9990082870217856
5078.6			0.9406315848708711
5079.5			0.8840644528223447
5080.4			0.8821224539556732
5081.3			0.9217883841718545
5082.2			0.9514362176893508
5083.1			0.9545436603478384
5084.0			0.9634581852871252
5084.9			0.9927244483766973
5085.8			1.0143321361782403
5086.7			1.0112790518068422
5087.6			1.0001467962302242
5088.5			0.9996445748199798
5089.4			1.0
5090.3			1.0
5091.2			1.0
5092.1			1.0
5093.0			1.0
5093.9			1.003481741900809
5094.8			0.9998827997275197
5095.7			0.9824262216404657
5096.6			0.9420020937532688
5097.5			0.8948382411218253
5098.4			0.8614471242080638
5099.3			0.8635494477477331
5100.2			0.9117217867437212
5101.1			0.9706304183849619
5102.0			1.000329065628187
5102.9			0.9998321883507637
5103.8			1.0
5104.7			1.0
5105.6			1.0
5106.5			1.0
5107.4			1.0
5108.3			1.0
5109.2			1.0
5110.1			1.0
5111.0			1.0
5111.9			1.0
5112.8			1.0
5113.7			1.0
5114.6			1.0
5115.5			1.0
5116.4			1.0
5117.3			1.0
5118.2			1.0
5119.1			1.0
5120.0			1.0
5120.9			1.0
5121.8			1.0
5122.7			1.0
5123.6			1.0
5124.5			1.0
5125.4			1.0
5126.3			1.0
5127.2			1.0
5128.1			1.0
5129.0			1.0
5129.9			1.00702195662081
5130.8			1.0169846838134722
5131.7			1.0157910399248442
5132.6			1.0102315253755003
5133.5			1.0120996708923378
5134.4			1.0333074895388272
5135.3			1.0483594348813712
5136.2			1.0268606611781113
5137.1			0.9930492606513865
5138.0			0.973441061988787
5138.9			0.9586193290257407
5139.8			0.9664001090314978
5140.7			0.9902266187976162
5141.6			0.9763516923802441
5142.5			0.9527019371760054
5143.4			0.9790953695803551
5144.3			1.0201063779851238
5145.2			1.0218913333258786
5146.1			0.997711965920349
5147.0			0.9801252628664195
5147.9			0.9837878497663649
5148.8			1.0083453786242642
5149.7			1.026405714633153
5150.6			1.0178095403797343
5151.5			1.0053763995235303
5152.4			1.0022540398032647
5153.3			0.9962082557521628
5154.2			0.9916612709982239
5155.1			1.0000121577311556
5156.0			1.0
5156.9			1.0
5157.8			1.0
5158.7			0.999746435462471
5159.6			1.0031640633030916
5160.5			0.999989377651889
5161.4			0.9760075093681484
5162.3			0.9564473718376953
5163.2			0.9610815038662692
5164.1			0.9570187731543454
5165.0			0.9198228570359339
5165.9			0.8529275168345092
5166.8			0.7727257085419128
5167.7			0.7308835029129961
5168.6			0.7656109456832538
5169.5			0.8467622307436772
5170.4			0.8910748870590658
5171.3			0.8326718841469263
5172.2			0.7409337411947697
5173.1			0.7506033084354511
5174.0			0.8655328221053138
5174.9			0.9681968538161597
5175.8			1.0009410262782772
5176.7			0.999954138013287
5177.6			1.0
5178.5			1.0
5179.4			1.0
5180.3			0.994895597540871
5181.2			0.9659734938827857
5182.1			0.8769976378771062
5183.0			0.7507515205532778
5183.9			0.7100076350994776
5184.8			0.8084313261357532
5185.7			0.9347818950182674
5186.6			0.9956731477319131
5187.5			0.99691550534244
5188.4			1.0
5189.3			1.0
5190.2			1.0
5191.1			1.0
5192.0			1.0
5192.9			1.0
5193.8			1.0
5194.7			1.0
5195.6			1.0
5196.5			1.0
5197.4			1.0
5198.3			1.0
5199.2			1.0
5200.1			1.0
5201.0			1.0
5201.9			1.0
5202.8			1.0
5203.7			1.0
5204.6			1.0
5205.5			1.0
5206.4			1.0
5207.3			1.0
5208.2			1.0
5209.1			1.0
5210.0			1.0
5210.9			1.0
5211.8			1.0153309811702833
5212.7			1.0276827818458856
5213.6			1.0159996082975393
5214.5			0.9728648214254407
5215.4			0.9251774869285889
5216.3			0.9078960638510826
5217.2			0.921437743558851
5218.1			0.951395988265725
5219.0			0.9825630236292459
5219.9			0.9973563381806273
5220.8			0.9973017515951329
5221.7			1.0
5222.6			0.9950483294556588
5223.5			0.979594921615103
5224.4			0.951080788320242
5225.3			0.902535462870934
5226.2			0.8437578771110495
5227.1			0.8318827927753679
5228.0			0.8934390273346879
5228.9			0.9610702990699377
5229.8			0.9930231530846197
5230.7			1.0076946169679484
5231.6			0.9989078189402213
5232.5			1.0
5233.4			1.0
5234.3			1.0
5235.2			1.0
5236.1			1.0
5237.0			1.0
5237.9			1.0
5238.8			1.0
5239.7			1.0
5240.6			1.0
5241.5			1.0
5242.4			1.0
5243.3			1.0
5244.2			1.0
5245.1			1.0
5246.0			1.0
5246.9			1.0
5247.8			1.0
5248.7			1.0
5249.6			0.9875961291042697
5250.5			0.9807372328563448
5251.4			0.9989075111351748
5252.3			1.0191580268723524
5253.2			1.0171520029544274
5254.1			0.9977509737319733
5255.0			0.9868800021711241
5255.9			1.006297755717835
5256.8			1.0406450829104892
5257.7			1.0639166531157083
5258.6			1.0726571198974133
5259.5			1.0655345936118024
5260.4			1.0373486938440903
5261.3			0.9889412169551479
5262.2			0.939230470377041
5263.1			0.9069868290936253
5264.0			0.8848306852242424
5264.9			0.8648029614761121
5265.8			0.8634548538244742
5266.7			0.9032468891734015
5267.6			0.9483932533221833
5268.5			0.9308261876346561
5269.4			0.8742171745460895
5270.3			0.8721464731702604
5271.2			0.9370606910547511
5272.1			0.9870928749704287
5273.0			0.9862589170856296
5273.9			0.9683105870311696
5274.8			0.9461913799083943
5275.7			0.9410597251923446
5276.6			0.9877434547104573
5277.5			1.0489076981835828
5278.4			1.0690688132224062
5279.3			1.052803066088392
5280.2			1.0292572085179286
5281.1			1.013104873637093
5282.0			1.0007604285268081
5282.9			1.0
5283.8			1.0
5284.7			1.0
5285.6			1.0
5286.5			1.0
5287.4			1.0
5288.3			1.0
5289.2			1.0
5290.1			1.0
5291.0			1.0029135684479618
5291.9			0.9933683815206062
5292.8			0.9809247938821952
5293.7			0.9771376807234174
5294.6			0.978897517121793
5295.5			0.9688712856810564
5296.4			0.9329380865976279
5297.3			0.8859122037509267
5298.2			0.8723190512518781
5299.1			0.9080074054101339
5300.0			0.950165966988807
5300.9			0.9592392664499136
5301.8			0.9501303366038495
5302.7			0.955529084858571
5303.6			0.9810231097784241
5304.5			1.0012896043126303
5305.4			1.000390424169299
5306.3			1.0
5307.2			1.0
5308.1			1.0
5309.0			1.0
5309.9			1.0
5310.8			1.0
5311.7			1.0
5312.6			1.0
5313.5			1.0
5314.4			1.0
5315.3			1.0
5316.2			1.0
5317.1			1.0
5318.0			1.0
5318.9			1.0
5319.8			1.0
5320.7			0.9964106002227434
5321.6			0.9891047800795228
5322.5			0.9733070740443609
5323.4			0.9438772952441733
5324.3			0.9232577556596423
5325.2			0.9362864460118859
5326.1			0.9519394050430136
5327.0			0.9185200915925125
5327.9			0.852437705419649
5328.8			0.8395820169115521
5329.7			0.9065947628710666
5330.6			0.9813002185272895
5331.5			1.0071496028786904
5332.4			0.9940523198803157
5333.3			0.9866101623847677
5334.2			1.0008756055112997
5335.1			1.0140819595873278
5336.0			1.0107599152231577
5336.9			0.9999934016248585
5337.8			1.0
5338.7			1.0
5339.6			1.0
5340.5			1.0
5341.4			1.0
5342.3			1.0
5343.2			1.0
5344.1			1.0
5345.0			1.0
5345.9			1.0
5346.8			1.0
5347.7			1.0
5348.6			1.0
5349.5			1.0
5350.4			1.0
5351.3			1.0
5352.2			1.0
5353.1			1.0
5354.0			1.0
5354.9			1.0
5355.8			1.0
5356.7			1.0
5357.6			1.0
5358.5			1.0
5359.4			1.0
5360.3			1.0
5361.2			0.9838336157852837
5362.1			0.9626984955753773
5363.0			0.9515488291562076
5363.9			0.9473411927845166
5364.8			0.9391486027460527
5365.7			0.9405509302496311
5366.6			0.9510272512988727
5367.5			0.9536105312191624
5368.4			0.9477851971283229
5369.3			0.9293886281342754
5370.2			0.9040914243574347
5371.1			0.90077786428716
5372.0			0.9332622873882382
5372.9			0.9794215156330937
5373.8			1.0091868084529787
5374.7			1.0232511444635737
5375.6			1.031130647601409
5376.5			1.029647892695464
5377.4			1.025356318129085
5378.3			1.0220439114960675
5379.2			1.015284906688252
5380.1			1.0033849500424772
5381.0			0.9984899142639339
5381.9			1.0
5382.8			1.0
5383.7			1.0
5384.6			1.0
5385.5			1.0
5386.4			1.0
5387.3			1.0
5388.2			1.0
5389.1			1.0
5390.0			1.0
5390.9			1.0
5391.8			1.0
5392.7			1.0
5393.6			1.0
5394.5			1.0
5395.4			1.0006539217868615
5396.3			0.9785598577396861
5397.2			0.9579161967126503
5398.1			0.9647377578466492
5399.0			0.9842770950228122
5399.9			0.9907852208326428
5400.8			0.9958524584060922
5401.7			1.009839370169091
5402.6			1.0038415972901855
5403.5			0.9622400408146254
5404.4			0.921406205846147
5405.3			0.9150739029693222
5406.2			0.9412179081589213
5407.1			0.979768206115516
5408.0			1.001360975621516
5408.9			0.9905932594330202
5409.8			0.9645229618276647
5410.7			0.9616056197088798
5411.6			0.9925156197942108
5412.5			1.0247630065006281
5413.4			1.025944467040975
5414.3			1.0059934723625656
5415.2			0.999563365159788
5416.1			1.0
5417.0			1.0
5417.9			1.0
5418.8			1.0
5419.7			1.0
5420.6			1.0
5421.5			1.0
5422.4			1.0
5423.3			1.0
5424.2			1.0
5425.1			1.0
5426.0			1.0
5426.9			1.0
5427.8			1.0
5428.7			1.0
5429.6			1.0
5430.5			1.0
5431.4			1.0
5432.3			1.0
5433.2			1.0
5434.1			1.0
5435.0			1.0
5435.9			1.0
5436.8			1.0
5437.7			1.0
5438.6			1.0
5439.5			1.0
5440.4			1.0
5441.3			1.0
5442.2			0.9998922253556587
5443.1			0.9961361067827925
5444.0			0.9770812960739247
5444.9			0.9430650964540513
5445.8			0.9089773707835418
5446.7			0.8971152072094499
5447.6			0.9232080429217739
5448.5			0.967847859130726
5449.4			0.9964020243951535
5450.3			1.0022640711734099
5451.2			1.0000809726397422
5452.1			1.0
5453.0			1.0
5453.9			1.0
5454.8			1.0
5455.7			1.0
5456.6			1.0
5457.5			1.0
5458.4			1.0
5459.3			1.0
5460.2			1.0
5461.1			1.0
5462.0			1.0
5462.9			1.0
5463.8			1.0
5464.7			1.0
5465.6			1.0
5466.5			1.0
5467.4			1.0
5468.3			1.0
5469.2			1.0
5470.1			1.0
5471.0			1.0
5471.9			0.9997061641595224
5472.8			0.9871952838158126
5473.7			0.9771072533121161
5474.6			0.9711259237246282
5475.5			0.9430660080884719
5476.4			0.9020249394476062
5477.3			0.9028542468939406
5478.2			0.9521664468438277
5479.1			0.997502496501214
5480.0			1.0023897507369868
5480.9			0.9828345929705193
5481.8			0.9786902328928054
5482.7			0.998961705048408
5483.6			1.0
5484.5			1.0
5485.4			1.0
5486.3			1.0
5487.2			1.0
5488.1			1.0
5489.0			1.0
5489.9			1.0
5490.8			1.0
5491.7			1.0
5492.6			1.0
5493.5			1.0
5494.4			1.0
5495.3			1.0
5496.2			1.0
5497.1			1.0
5498.0			1.0
5498.9			1.0
5499.8			1.0
5500.7			1.0
5501.6			1.0
5502.5			1.0
5503.4			1.0
5504.3			1.0
5505.2			1.0
5506.1			1.0
5507.0			1.0
5507.9			1.0
5508.8			1.0
5509.7			1.0
5510.6			1.0
5511.5			1.0
5512.4			1.0
5513.3			1.0
5514.2			1.0
5515.1			1.0
5516.0			1.0
5516.9			1.0
5517.8			1.0
5518.7			1.0
5519.6			1.0
5520.5			1.0
5521.4			1.0
5522.3			1.0
5523.2			1.0
5524.1			1.0
5525.0			1.0
5525.9			1.0
5526.8			1.0
5527.7			1.0
5528.6			1.0
5529.5			1.0
5530.4			1.0
5531.3			1.0
5532.2			1.0
5533.1			1.0
5534.0			1.0
5534.9			1.0
5535.8			1.0
5536.7			1.0
5537.6			1.0
5538.5			1.0
5539.4			1.0
5540.3			1.0
5541.2			1.0
5542.1			1.0
5543.0			1.0
5543.9			1.0
5544.8			1.0
5545.7			1.0
5546.6			1.0
5547.5			1.0
5548.4			1.0
5549.3			1.0
5550.200000000001			1.0
5551.1			1.0
5552.0			1.0
5552.9			1.0
5553.8			1.0
5554.700000000001			1.0
5555.6			1.0
5556.5			1.0
5557.4			1.0
5558.3			1.0
5559.200000000001			1.0
5560.1			1.0
5561.0			1.0
5561.9			1.0
5562.8			1.0
5563.700000000001			1.0
5564.6			1.0
5565.5			1.0
5566.4			1.0
5567.3			1.0
5568.200000000001			1.0
5569.1			1.0
5570.0			1.0
5570.9			1.0
5571.8			1.0
5572.700000000001			1.0
5573.6			1.0
5574.5			1.0
5575.4			1.0
5576.3			1.0
5577.200000000001			1.0064394875567484
5578.1			1.0166188181791675
5579.0			1.0234654540803887
5579.9			1.028230208915876
5580.8			1.0240008518310706
5581.700000000001			1.0134665578176973
5582.6			1.0137595179466343
5583.5			1.0258178257121484
5584.4			1.0294782649958254
5585.3			1.0081543951235405
5586.200000000001			0.9682493055697341
5587.1			0.9342852705479858
5588.0			0.9241045244161361
5588.9			0.9361834093110508
5589.8			0.9650944154705287
5590.700000000001			0.997777530281805
5591.6			1.0139958701260143
5592.5			1.0072658414990618
5593.4			0.9892104206538691
5594.3			0.9830063325524242
5595.200000000001			1.0070798914874415
5596.1			1.039256434980301
5597.0			1.0408168427698588
5597.9			1.0149468171496938
5598.8			1.0004763703658344
5599.700000000001			1.0
5600.6			1.0
5601.5			1.0
5602.4			1.0
5603.3			1.0
5604.200000000001			1.0
5605.1			1.0
5606.0			1.0
5606.9			1.0
5607.8			1.0
5608.700000000001			1.0
5609.6			1.0
5610.5			1.0
5611.4			1.0
5612.3			1.0
5613.200000000001			1.0
5614.1			1.0
5615.0			1.0
5615.9			1.0
5616.8			1.0
5617.700000000001			1.0
5618.6			1.0
5619.5			1.0
5620.4			1.0
5621.3			1.0
5622.200000000001			1.0
5623.1			1.0
5624.0			1.0
5624.9			1.0
5625.8			1.0
5626.700000000001			1.0
5627.6			1.0
5628.5			1.0
5629.4			1.0
5630.3			1.0
5631.200000000001			1.0
5632.1			1.0
5633.0			1.0
5633.9			1.0
5634.8			1.0
5635.700000000001			1.0
5636.6			1.0
5637.5			1.0
5638.4			1.0
5639.3			1.0
5640.200000000001			1.0
5641.1			1.0
5642.0			1.0
5642.9			1.0
5643.8			1.0
5644.700000000001			1.0
5645.6			1.0
5646.5			1.0
5647.4			1.0
5648.3			0.9961660109582374
5649.200000000001			0.9821170197017753
5650.1			0.9712167770178246
5651.0			0.9781808682468468
5651.9			0.9944534935336574
5652.8			0.995846649809152
5653.700000000001			0.9777860076950359
5654.6			0.957594852271213
5655.5			0.9565022316569733
5656.4			0.9641432036338418
5657.3			0.9462835024668171
5658.200000000001			0.9124485706229659
5659.1			0.9105217413312955
5660.0			0.9462158860648474
5660.9			0.9721408005170138
5661.8			0.9687091958468769
5662.700000000001			0.9616697254752559
5663.6			0.9727522257994614
5664.5			0.9924982420754314
5665.4			0.9986822473492526
5666.3			0.9881554128996918
5667.200000000001			0.9786116543839632
5668.1			0.9818891000464764
5669.0			0.9904868956249641
5669.9			0.9997556293178038
5670.8			1.0
5671.700000000001			1.0
5672.6			1.0
5673.5			1.0
5674.4			1.0
5675.3			1.0
5676.200000000001			1.0
5677.1			1.0
5678.0			1.0
5678.9			1.0
5679.8			1.0
5680.700000000001			1.0
5681.6			1.0
5682.5			1.0
5683.4			1.0
5684.3			1.0
5685.200000000001			1.0
5686.1			1.0
5687.0			1.0
5687.9			1.0
5688.8			1.0
5689.700000000001			1.0
5690.6			1.0
5691.5			1.0
5692.4			1.0
5693.3			1.0
5694.200000000001			1.0
5695.1			1.0
5696.0			1.0
5696.9			1.0
5697.8			1.0
5698.700000000001			1.0
5699.6			1.0
5700.5			1.0
5701.4			1.0
5702.3			1.0
5703.200000000001			1.0
5704.1			1.0
5705.0			1.0
5705.9			1.0
5706.8			1.0
5707.700000000001			1.0
5708.6			1.0
5709.5			1.0
5710.4			1.0
5711.3			1.0
5712.200000000001			1.0
5713.1			1.0
5714.0			1.0
5714.9			1.0
5715.8			1.0
5716.700000000001			1.0
5717.6			1.0
5718.5			1.0
5719.4			1.0
5720.3			1.0
5721.200000000001			1.0
5722.1			1.0
5723.0			1.0
5723.9			1.0
5724.8			1.0
5725.700000000001			1.0
5726.6			1.0
5727.5			1.0
5728.4			1.0
5729.3			1.0
5730.200000000001			1.0
5731.1			1.0
5732.0			1.0
5732.9			1.0
5733.8			1.0
5734.700000000001			1.0
5735.6			1.0
5736.5			1.0
5737.4			1.0
5738.3			1.0
5739.200000000001			1.0
5740.1			1.0
5741.0			1.0
5741.9			1.0
5742.8			1.0
5743.700000000001			1.0
5744.6			1.0
5745.5			1.0
5746.4			1.0
5747.3			1.0
5748.200000000001			1.0
5749.1			1.0
5750.0			1.0
5750.9			1.0
5751.8			1.0
5752.700000000001			1.0
5753.6			1.0
5754.5			1.0
5755.4			1.0
5756.3			1.0
5757.200000000001			1.0
5758.1			1.0
5759.0			1.0
5759.9			1.0
5760.8			1.0
5761.700000000001			1.0
5762.6			1.0
5763.5			1.0
5764.4			1.0
5765.3			1.0
5766.200000000001			1.0
5767.1			1.0
5768.0			1.0
5768.9			1.0
5769.8			1.0
5770.700000000001			1.0
5771.6			1.0
5772.5			1.0
5773.4			1.0
5774.3			1.0
5775.200000000001			1.0
5776.1			1.0
5777.0			1.0
5777.9			1.0
5778.8			1.0
5779.700000000001			1.0
5780.6			1.0
5781.5			1.0
5782.4			1.0
5783.3			1.0
5784.200000000001			1.0
5785.1			1.0
5786.0			1.0
5786.9			1.0
5787.8			1.0
5788.700000000001			1.0
5789.6			1.0
5790.5			1.0
5791.4			1.0
5792.3			1.0
5793.200000000001			1.0
5794.1			1.0
5795.0			1.0
5795.9			1.0
5796.8			1.0
5797.700000000001			1.0
5798.6			1.0
5799.5			1.0
5800.4			1.0
5801.3			1.0
5802.200000000001			1.0
5803.1			1.0
5804.0			1.0
5804.9			1.0
5805.8			1.0
5806.700000000001			1.0
5807.6			1.0
5808.5			1.0
5809.4			1.0
5810.3			1.0
5811.200000000001			1.0
5812.1			1.0
5813.0			1.0
5813.9			1.0
5814.8			1.0
5815.700000000001			1.0
5816.6			1.0
5817.5			1.0
5818.4			1.0
5819.3			1.0
5820.200000000001			1.0
5821.1			1.0
5822.0			1.0
5822.9			1.0
5823.8			1.0
5824.700000000001			1.0
5825.6			1.0
5826.5			1.0
5827.4			1.0
5828.3			1.0
5829.200000000001			1.0
5830.1			1.0
5831.0			1.0
5831.9			1.0
5832.8			1.0
5833.700000000001			1.0
5834.6			1.0
5835.5			1.0
5836.4			1.0
5837.3			1.0
5838.200000000001			1.0
5839.1			1.0
5840.0			1.0
5840.9			1.0
5841.8			1.0
5842.700000000001			1.0
5843.6			1.0
5844.5			1.0
5845.4			1.0
5846.3			1.0
5847.200000000001			1.0
5848.1			1.0
5849.0			1.0
5849.9			1.0
5850.8			1.0
5851.700000000001			1.0
5852.6			1.0
5853.5			1.0
5854.4			1.0
5855.3			1.0
5856.200000000001			1.0
5857.1			1.0
5858.0			1.0
5858.9			1.0
5859.8			1.0
5860.700000000001			1.0
5861.6			1.0
5862.5			1.0
5863.4			1.0
5864.3			1.0
5865.200000000001			1.0
5866.1			1.0
5867.0			1.0
5867.9			1.0
5868.8			1.0
5869.700000000001			1.0
5870.6			1.0
5871.5			1.0
5872.4			1.0
5873.3			1.0
5874.200000000001			1.0
5875.1			1.0
5876.0			1.0
5876.9			1.0
5877.8			1.0
5878.700000000001			1.0
5879.6			1.0
5880.5			1.0
5881.4			1.0
5882.3			1.0
5883.200000000001			1.0
5884.1			1.0
5885.0			1.0
5885.9			1.0181454535342946
5886.8			1.0281815210171759
5887.700000000001			1.0147436590509515
5888.6			0.9570059789526759
5889.5			0.8815561808978912
5890.4			0.86224373274825
5891.3			0.921424626966269
5892.200000000001			0.9957422488755182
5893.1			1.0368876748519145
5894.0			1.0412420515989698
5894.9			1.0037211060510418
5895.8			1.0
5896.700000000001			1.0
5897.6			1.0
5898.5			1.0
5899.4			1.0
5900.3			1.0
5901.200000000001			1.0
5902.1			1.0
5903.0			1.0
5903.9			1.0
5904.8			1.0
5905.700000000001			1.0
5906.6			1.0
5907.5			1.0
5908.4			1.0
5909.3			1.0
5910.200000000001			1.0
5911.1			1.0
5912.0			1.0
5912.9			1.0
5913.8			1.0
5914.700000000001			1.0
5915.6			1.0
5916.5			1.0
5917.4			1.0
5918.3			1.0
5919.200000000001			1.0
5920.1			1.0
5921.0			1.0
5921.9			1.0
5922.8			1.0
5923.700000000001			1.0
5924.6			1.0
5925.5			1.0
5926.4			1.0
5927.3			1.0
5928.200000000001			1.0
5929.1			1.0
5930.0			1.0
5930.9			1.0
5931.8			1.0
5932.700000000001			1.0
5933.6			1.0
5934.5			1.0
5935.4			1.0
5936.3			1.0
5937.200000000001			1.0
5938.1			1.0
5939.0			1.0
5939.9			1.0
5940.8			1.0
5941.700000000001			1.0
5942.6			1.0
5943.5			1.0
5944.4			1.0
5945.3			1.0
5946.200000000001			1.0
5947.1			1.0
5948.0			1.0
5948.9			1.0
5949.8			1.0
5950.700000000001			1.0
5951.6			1.0
5952.5			1.0
5953.4			1.0
5954.3			1.0
5955.200000000001			1.0
5956.1			1.0
5957.0			1.0
5957.9			1.0
5958.8			1.0
5959.700000000001			1.0
5960.6			1.0
5961.5			1.0
5962.4			1.0
5963.3			1.0
5964.200000000001			1.0
5965.1			1.0
5966.0			1.0
5966.9			1.0
5967.8			1.0
5968.700000000001			1.0
5969.6			1.0
5970.5			1.0
5971.4			1.0
5972.3			1.0
5973.200000000001			1.0
5974.1			1.0
5975.0			1.0
5975.9			1.0
5976.8			1.0
5977.700000000001			1.0
5978.6			1.0
5979.5			1.0
5980.4			1.0
5981.3			1.0
5982.200000000001			1.0
5983.1			1.0
5984.0			1.0
5984.9			1.0
5985.8			1.0
5986.700000000001			1.0
5987.6			1.0
5988.5			1.0
5989.4			1.0
5990.3			1.0
5991.200000000001			1.0
5992.1			1.0
5993.0			1.0
5993.9			1.0
5994.8			1.0
5995.700000000001			1.0
5996.6			1.0
5997.5			1.0
5998.4			1.0
5999.3			1.0
6000.200000000001			1.0
6001.1			1.0
6002.0			1.0
6002.9			1.0
6003.8			1.0
6004.700000000001			1.0
6005.6			1.0
6006.5			1.0
6007.4			1.0
6008.3			1.0
6009.200000000001			1.0
6010.1			1.0
6011.0			1.0
6011.9			1.0
6012.8			1.0
6013.700000000001			1.0
6014.6			1.0
6015.5			1.0
6016.4			1.0
6017.3			1.0
6018.200000000001			1.0
6019.1			1.0
6020.0			1.0
6020.9			1.0
6021.8			1.0
6022.700000000001			1.0
6023.6			1.0
6024.5			1.0
6025.4			1.0
6026.3			1.0
6027.200000000001			1.0
6028.1			1.0
6029.0			1.0
6029.9			1.0
6030.8			1.0
6031.700000000001			1.0
6032.6			1.0
6033.5			1.0
6034.4			1.0
6035.3			1.0
6036.200000000001			1.0
6037.1			1.0
6038.0			1.0
6038.9			1.0
6039.8			1.0
6040.700000000001			1.0
6041.6			1.0
6042.5			1.0
6043.4			1.0
6044.3			1.0
6045.200000000001			1.0
6046.1			1.0
6047.0			1.0
6047.9			1.0
6048.8			1.0
6049.700000000001			1.0
6050.6			1.0
6051.5			1.0
6052.4			1.0
6053.3			1.0
6054.200000000001			1.0
6055.1			1.0
6056.0			1.0
6056.9			1.0
6057.8			1.0
6058.700000000001			1.0
6059.6			1.0
6060.5			1.0
6061.4			1.0
6062.3			1.0
6063.200000000001			1.0
6064.1			1.0
6065.0			1.0
6065.9			1.0
6066.8			1.0
6067.700000000001			1.0
6068.6			1.0
6069.5			1.0
6070.4			1.0
6071.3			1.0
6072.200000000001			1.0
6073.1			1.0
6074.0			1.0
6074.9			1.0
6075.8			1.0
6076.700000000001			1.0
6077.6			1.0
6078.5			1.0
6079.4			1.0
6080.3			1.0
6081.200000000001			1.0
6082.1			1.0
6083.0			1.0
6083.9			1.0
6084.8			1.0
6085.700000000001			1.0
6086.6			1.0
6087.5			1.0
6088.4			1.0
6089.3			1.0
6090.200000000001			1.0
6091.1			1.0
6092.0			1.0
6092.9			1.0
6093.8			1.0
6094.700000000001			1.0
6095.6			1.0
6096.5			1.0
6097.4			1.0
6098.3			1.0
6099.200000000001			1.0
6100.1			1.0
6101.0			1.0
6101.9			1.0
6102.8			1.0
6103.700000000001			1.0
6104.6			1.0
6105.5			1.0
6106.4			1.0
6107.3			1.0
6108.200000000001			1.0
6109.1			1.0
6110.0			1.0
6110.9			1.0
6111.8			1.0
6112.700000000001			1.0
6113.6			1.0
6114.5			1.0
6115.4			1.0
6116.3			1.0
6117.200000000001			1.0
6118.1			1.0
6119.0			1.0
6119.9			1.0
6120.8			1.0
6121.700000000001			1.0
6122.6			1.0
6123.5			1.0
6124.4			1.0
6125.3			1.0
6126.200000000001			1.0
6127.1			1.0
6128.0			1.0
6128.9			1.0
6129.8			1.0
6130.700000000001			1.0
6131.6			1.0
6132.5			1.0
6133.4			1.0
6134.3			1.0
6135.200000000001			1.0
6136.1			1.0
6137.0			1.0
6137.9			1.0
6138.8			1.0
6139.700000000001			1.0
6140.6			1.0
6141.5			1.0
6142.4			1.0
6143.3			1.0
6144.200000000001			1.0
6145.1			1.0
6146.0			1.0
6146.9			1.0
6147.8			1.0
6148.700000000001			1.0
6149.6			1.0
6150.5			1.0
6151.4			1.0
6152.3			1.0
6153.200000000001			1.0
6154.1			1.0
6155.0			1.0
6155.9			1.0
6156.8			1.0
6157.700000000001			1.0
6158.6			1.0
6159.5			1.0
6160.4			1.0
6161.3			1.0
6162.200000000001			1.0
6163.1			1.0
6164.0			1.0
6164.9			1.0
6165.8			1.0
6166.700000000001			1.0
6167.6			1.0
6168.5			1.0
6169.4			1.0
6170.3			1.0
6171.200000000001			1.0
6172.1			1.0
6173.0			1.0
6173.9			1.0
6174.8			1.0
6175.700000000001			1.0
6176.6			1.0
6177.5			1.0
6178.4			1.0
6179.3			1.0
6180.200000000001			1.0
6181.1			1.0
6182.0			1.0
6182.9			1.0
6183.8			1.0
6184.700000000001			1.0
6185.6			1.0
6186.5			1.0
6187.4			1.0
6188.3			1.0
6189.200000000001			1.0
6190.1			1.0
6191.0			1.0
6191.9			1.0
6192.8			1.0
6193.700000000001			1.0
6194.6			1.0
6195.5			1.0
6196.4			1.0
6197.3			1.0
6198.200000000001			1.0
6199.1			1.0
6200.0			1.0
6200.9			1.0
6201.8			1.0
6202.700000000001			1.0
6203.6			1.0
6204.5			1.0
6205.4			1.0
6206.3			1.0
6207.200000000001			1.0
6208.1			1.0
6209.0			1.0
6209.9			1.0
6210.8			1.0
6211.700000000001			1.0
6212.6			1.0
6213.5			1.0
6214.4			1.0
6215.3			1.0
6216.200000000001			1.0
6217.1			1.0
6218.0			1.0
6218.9			1.0
6219.8			1.0
6220.700000000001			1.0
6221.6			1.0
6222.5			1.0
6223.4			1.0
6224.3			1.0
6225.200000000001			1.0
6226.1			1.0
6227.0			1.0
6227.9			1.0
6228.8			1.0
6229.700000000001			1.0
6230.6			1.0
6231.5			1.0
6232.4			1.0
6233.3			1.0
6234.200000000001			1.0
6235.1			1.0
6236.0			1.0
6236.9			1.0
6237.8			1.0
6238.700000000001			1.0
6239.6			1.0
6240.5			1.0
6241.4			1.0
6242.3			1.0
6243.200000000001			1.0
6244.1			1.0
6245.0			1.0
6245.9			1.0
6246.8			1.0
6247.700000000001			1.0
6248.6			1.0
6249.5			1.0
6250.4			1.0
6251.3			1.0
6252.200000000001			1.0
6253.1			1.0
6254.0			1.0
6254.9			1.0
6255.8			1.0
6256.700000000001			1.0
6257.6			1.0
6258.5			1.0
6259.4			1.0
6260.3			1.0
6261.200000000001			1.0
6262.1			1.0
6263.0			1.0
6263.9			1.0
6264.8			1.0
6265.700000000001			1.0
6266.6			1.0
6267.5			1.0
6268.4			1.0
6269.3			1.0
6270.200000000001			1.0
6271.1			1.0
6272.0			1.0
6272.9			1.0
6273.8			1.0
6274.700000000001			1.0
6275.6			1.0
6276.5			1.0
6277.4			1.0
6278.3			1.0
6279.200000000001			1.0
6280.1			1.0
6281.0			1.0
6281.9			1.0
6282.8			1.0
6283.700000000001			1.0
6284.6			1.0
6285.5			1.0
6286.4			1.0
6287.3			1.0
6288.200000000001			1.0
6289.1			1.0
6290.0			1.0
6290.9			1.0
6291.8			1.0
6292.700000000001			1.0
6293.6			1.0
6294.5			1.0
6295.4			1.0
6296.3			1.0
6297.200000000001			1.0
6298.1			1.0
6299.0			1.0
6299.9			1.0
6300.8			1.0
6301.700000000001			1.0
6302.6			1.0
6303.5			1.0
6304.4			1.0
6305.3			1.0
6306.200000000001			1.0
6307.1			1.0
6308.0			1.0
6308.9			1.0
6309.8			1.0
6310.700000000001			1.0
6311.6			1.0
6312.5			1.0
6313.4			1.0
6314.3			1.0
6315.200000000001			1.0
6316.1			1.0
6317.0			1.0
6317.9			1.0
6318.8			1.0
6319.700000000001			1.0
6320.6			1.0
6321.5			1.0
6322.4			1.0
6323.3			1.0
6324.200000000001			1.0
6325.1			1.0
6326.0			1.0
6326.9			1.0
6327.8			1.0
6328.700000000001			1.0
6329.6			1.0
6330.5			1.0
6331.4			1.0
6332.3			1.0
6333.200000000001			1.0
6334.1			1.0
6335.0			1.0
6335.9			1.0
6336.8			1.0
6337.700000000001			1.0
6338.6			1.0
6339.5			1.0
6340.4			1.0
6341.3			1.0
6342.200000000001			1.0
6343.1			1.0
6344.0			1.0
6344.9			1.0
6345.8			1.0
6346.700000000001			1.0
6347.6			1.0
6348.5			1.0
6349.4			1.0
6350.3			1.0
6351.200000000001			1.0
6352.1			1.0
6353.0			1.0
6353.9			1.0
6354.8			1.0
6355.700000000001			1.0
6356.6			1.0
6357.5			1.0
6358.4			1.0
6359.3			1.0
6360.200000000001			1.0
6361.1			1.0
6362.0			1.0
6362.9			1.0
6363.8			1.0
6364.700000000001			1.0
6365.6			1.0
6366.5			1.0
6367.4			1.0
6368.3			1.0
6369.200000000001			1.0
6370.1			1.0
6371.0			1.0
6371.9			1.0
6372.8			1.0
6373.700000000001			1.0
6374.6			1.0
6375.5			1.0
6376.4			1.0
6377.3			1.0
6378.200000000001			1.0
6379.1			1.0
6380.0			1.0
6380.9			1.0
6381.8			1.0
6382.700000000001			1.0
6383.6			1.0
6384.5			1.0
6385.4			1.0
6386.3			1.0
6387.200000000001			1.0
6388.1			1.0
6389.0			1.0
6389.9			1.0
6390.8			1.0
6391.700000000001			1.0
6392.6			1.0
6393.5			1.0
6394.4			1.0
6395.3			1.0
6396.200000000001			1.0
6397.1			1.0
6398.0			1.0
6398.9			1.0
6399.8			1.0
6400.700000000001			1.0
6401.6			1.0
6402.5			1.0
6403.4			1.0
6404.3			1.0
6405.200000000001			1.0
6406.1			1.0
6407.0			1.0
6407.9			1.0
6408.8			1.0
6409.700000000001			1.0
6410.6			1.0
6411.5			1.0
6412.4			1.0
6413.3			1.0
6414.200000000001			1.0
6415.1			1.0
6416.0			1.0
6416.9			1.0
6417.8			1.0
6418.700000000001			1.0
6419.6			1.0
6420.5			1.0
6421.4			1.0
6422.3			1.0
6423.200000000001			1.0
6424.1			1.0
6425.0			1.0
6425.9			1.0
6426.8			1.0
6427.700000000001			1.0
6428.6			1.0
6429.5			1.0
6430.4			1.0
6431.3			1.0
6432.200000000001			1.0
6433.1			1.0
6434.0			1.0
6434.9			1.0
6435.8			1.0
6436.700000000001			1.0
6437.6			1.0
6438.5			1.0
6439.4			1.0
6440.3			1.0
6441.200000000001			1.0
6442.1			1.0
6443.0			1.0
6443.9			1.0
6444.8			1.0
6445.700000000001			1.0
6446.6			1.0
6447.5			1.0
6448.4			1.0
6449.3			1.0
6450.200000000001			1.0
6451.1			1.0
6452.0			1.0
6452.9			1.0
6453.8			1.0
6454.700000000001			1.0
6455.6			1.0
6456.5			1.0
6457.4			1.0
6458.3			1.0
6459.200000000001			1.0
6460.1			1.0
6461.0			1.0
6461.9			1.0
6462.8			1.0
6463.700000000001			1.0
6464.6			1.0
6465.5			1.0
6466.4			1.0
6467.3			1.0
6468.200000000001			1.0
6469.1			1.0
6470.0			1.0
6470.9			1.0
6471.8			1.0
6472.700000000001			1.0
6473.6			1.0
6474.5			1.0
6475.4			1.0
6476.3			1.0
6477.200000000001			1.0
6478.1			1.0
6479.0			1.0
6479.9			1.0
6480.8			1.0
6481.700000000001			1.0
6482.6			1.0
6483.5			1.0
6484.4			1.0
6485.3			1.0
6486.200000000001			1.0
6487.1			1.000011901436873
6488.0			1.0020271728184695
6488.9			1.0016946754725697
6489.8			0.9940544737081196
6490.700000000001			0.9799756832275563
6491.6			0.9632540158042286
6492.5			0.941264360609841
6493.4			0.9117257426550245
6494.3			0.88638841254891
6495.200000000001			0.8790031770549149
6496.1			0.8922371814013315
6497.0			0.9201473865867187
6497.9			0.9467301762429494
6498.8			0.9596573115292948
6499.700000000001			0.9663893334257028
6500.6			0.9754763434327102
6501.5			0.9858767335646716
6502.4			0.9939717048723818
6503.3			1.00001273624279
6504.200000000001			1.0
6505.1			1.0
6506.0			1.0
6506.9			1.0
6507.8			1.0
6508.700000000001			1.0
6509.6			1.0
6510.5			1.0
6511.4			1.0
6512.3			1.0
6513.200000000001			1.0
6514.1			1.0
6515.0			1.0
6515.9			1.0
6516.8			1.0
6517.700000000001			1.0
6518.6			1.0
6519.5			1.0
6520.4			1.0
6521.3			1.0
6522.200000000001			1.0
6523.1			1.0
6524.0			1.0
6524.9			1.0
6525.8			1.0
6526.700000000001			1.0
6527.6			1.0
6528.5			1.0
6529.4			1.0
6530.3			1.0
6531.200000000001			1.0
6532.1			1.0
6533.0			1.0
6533.9			1.0
6534.8			1.0
6535.700000000001			1.0
6536.6			1.0
6537.5			1.0
6538.4			1.0
6539.3			1.0
6540.200000000001			1.0
6541.1			1.0
6542.0			1.0
6542.9			1.0
6543.8			1.0
6544.700000000001			1.0
6545.6			1.0
6546.5			1.0
6547.4			1.0
6548.3			1.0
6549.200000000001			1.0
6550.1			1.0
6551.0			1.0
6551.9			1.0
6552.8			1.0
6553.700000000001			1.0
6554.6			1.0
6555.5			0.9871409661682676
6556.4			0.9765677903390984
6557.3			0.9631661723049487
6558.200000000001			0.9427328785590264
6559.1			0.9077270833969003
6560.0			0.8398918897630413
6560.9			0.724226292737098
6561.8			0.6002038651626724
6562.700000000001			0.5609358407838483
6563.6			0.6470984616620624
6564.5			0.7867879981324349
6565.4			0.891967752780109
6566.3			0.9454273128815263
6567.200000000001			0.9688838914382608
6568.1			0.9767599084071971
6569.0			0.9838439893416685
6569.9			1.000051596148991
6570.8			1.0
6571.700000000001			1.0
6572.6			1.0
6573.5			1.0
6574.4			1.0
6575.3			1.0
6576.200000000001			1.0
6577.1			1.0
6578.0			1.0
6578.9			1.0
6579.8			1.0
6580.700000000001			1.0
6581.6			1.0
6582.5			1.0
6583.4			1.0
6584.3			1.0
6585.200000000001			1.0
6586.1			1.0
6587.0			1.0
6587.9			1.0
6588.8			1.0
6589.700000000001			1.0
6590.6			1.0
6591.5			1.0
6592.4			1.0
6593.3			1.0
6594.200000000001			1.0
6595.1			1.0
6596.0			1.0
6596.9			1.0
6597.8			1.0
6598.700000000001			1.0
6599.6			1.0
6600.5			1.0
6601.4			1.0
6602.3			1.0
6603.200000000001			1.0
6604.1			1.0
6605.0			1.0
6605.9			1.0
6606.8			1.0
6607.700000000001			1.0
6608.6			1.0
6609.5			1.0
6610.4			1.0
6611.3			1.0
6612.200000000001			1.0
6613.1			1.0
6614.0			1.0
6614.9			1.0
6615.8			1.0
6616.700000000001			1.0
6617.6			1.0
6618.5			1.0
6619.4			1.0
6620.3			1.0
6621.200000000001			1.0
6622.1			1.0
6623.0			1.0
6623.9			1.0
6624.8			1.0
6625.700000000001			1.0
6626.6			1.0
6627.5			1.0
6628.4			1.0
6629.3			1.0
6630.200000000001			1.0
6631.1			1.0
6632.0			1.0
6632.9			1.0
6633.8			1.0
6634.700000000001			1.0
6635.6			1.0
6636.5			1.0
6637.4			1.0
6638.3			1.0
6639.200000000001			1.0
6640.1			1.0
6641.0			1.0
6641.9			1.0
6642.8			1.0
6643.700000000001			1.0
6644.6			1.0
6645.5			1.0
6646.4			1.0
6647.3			1.0
6648.200000000001			1.0
6649.1			1.0
6650.0			1.0
6650.9			1.0
6651.8			1.0
6652.700000000001			1.0
6653.6			1.0
6654.5			1.0
6655.4			1.0
6656.3			1.0
6657.200000000001			1.0
6658.1			1.0
6659.0			1.0
6659.9			1.0
6660.8			1.0
6661.700000000001			1.0
6662.6			1.0
6663.5			1.0
6664.4			1.0
6665.3			1.0
6666.200000000001			1.0
6667.1			1.0
6668.0			1.0
6668.9			1.0
6669.8			1.0
6670.700000000001			1.0
6671.6			1.0
6672.5			1.0
6673.4			1.0
6674.3			1.0
6675.200000000001			1.0
6676.1			1.0
6677.0			1.0
6677.9			1.0
6678.8			1.0
6679.700000000001			1.0
6680.6			1.0
6681.5			1.0
6682.4			1.0
6683.3			1.0
6684.200000000001			1.0
6685.1			1.0
6686.0			1.0
6686.9			1.0
6687.8			1.0
6688.700000000001			1.0
6689.6			1.0
6690.5			1.0
6691.4			1.0
6692.3			1.0
6693.200000000001			1.0
6694.1			1.0
6695.0			1.0
6695.9			1.0
6696.8			1.0
6697.700000000001			1.0
6698.6			1.0
6699.5			1.0
6700.4			1.0
6701.3			1.0
6702.200000000001			1.0
6703.1			1.0
6704.0			1.0
6704.9			1.0
6705.8			1.0
6706.700000000001			1.0
6707.6			1.0
6708.5			1.0
6709.4			1.0
6710.3			1.0
6711.200000000001			1.0
6712.1			1.0
6713.0			1.0
6713.9			1.0
6714.8			1.0
6715.700000000001			1.0
6716.6			1.0
6717.5			1.0
6718.4			1.0
6719.3			1.0
6720.200000000001			1.0
6721.1			1.0
6722.0			1.0
6722.9			1.0
6723.8			1.0
6724.700000000001			1.0
6725.6			1.0
6726.5			1.0
6727.4			1.0
6728.3			1.0
6729.200000000001			1.0
6730.1			1.0
6731.0			1.0
6731.9			1.0
6732.8			1.0
6733.700000000001			1.0
6734.6			1.0
6735.5			1.0
6736.4			1.0
6737.3			1.0
6738.200000000001			1.0
6739.1			1.0
6740.0			1.0
6740.9			1.0
6741.8			1.0
6742.700000000001			1.0
6743.6			1.0
6744.5			1.0
6745.4			1.0
6746.3			1.0
6747.200000000001			1.0
6748.1			1.0
6749.0			1.0
6749.9			1.0
6750.8			1.0
6751.700000000001			1.0
6752.6			1.0
6753.5			1.0
6754.4			1.0
6755.3			1.0
6756.200000000001			1.0
6757.1			1.0
6758.0			1.0
6758.9			1.0
6759.8			1.0
6760.700000000001			1.0
6761.6			1.0
6762.5			1.0
6763.4			1.0
6764.3			1.0
6765.200000000001			1.0
6766.1			1.0
6767.0			1.0
6767.9			1.0
6768.8			1.0
6769.700000000001			1.0
6770.6			1.0
6771.5			1.0
6772.4			1.0
6773.3			1.0
6774.200000000001			1.0
6775.1			1.0
6776.0			1.0
6776.9			1.0
6777.8			1.0
6778.700000000001			1.0
6779.6			1.0
6780.5			1.0
6781.4			1.0
6782.3			1.0
6783.200000000001			1.0
6784.1			1.0
6785.0			1.0
6785.9			1.0
6786.8			1.0
6787.700000000001			1.0
6788.6			1.0
6789.5			1.0
6790.4			1.0
6791.3			1.0
6792.200000000001			1.0
6793.1			1.0
6794.0			1.0
6794.9			1.0
6795.8			1.0
6796.700000000001			1.0
6797.6			1.0
6798.5			1.0
6799.4			1.0
6800.3			1.0
6801.200000000001			1.0
6802.1			1.0
6803.0			1.0
6803.9			1.0
6804.8			1.0
6805.700000000001			1.0
6806.6			1.0
6807.5			1.0
6808.4			1.0
6809.3			1.0
6810.200000000001			1.0
6811.1			1.0
6812.0			1.0
6812.9			1.0
6813.8			1.0
6814.700000000001			1.0
6815.6			1.0
6816.5			1.0
6817.4			1.0
6818.3			1.0
6819.200000000001			1.0
6820.1			1.0
6821.0			1.0
6821.9			1.0
6822.8			1.0
6823.700000000001			1.0
6824.6			1.0
6825.5			1.0
6826.4			1.0
6827.3			1.0
6828.200000000001			1.0
6829.1			1.0
6830.0			1.0
6830.9			1.0
6831.8			1.0
6832.700000000001			1.0
6833.6			1.0
6834.5			1.0
6835.4			1.0
6836.3			1.0
6837.200000000001			1.0
6838.1			1.0
6839.0			1.0
6839.9			1.0
6840.8			1.0
6841.700000000001			1.0
6842.6			1.0
6843.5			1.0
6844.4			1.0
6845.3			1.0
6846.200000000001			1.0
6847.1			1.0
6848.0			1.0
6848.9			1.0
6849.8			1.0
6850.700000000001			1.0
6851.6			1.0
6852.5			1.0
6853.4			1.0
6854.3			1.0
6855.200000000001			1.0
6856.1			1.0
6857.0			1.0
6857.9			1.0
6858.8			1.0
6859.700000000001			1.0
6860.6			1.0
6861.5			1.0
6862.4			1.0
6863.3			1.0
6864.200000000001			1.0
6865.1			1.0
6866.0			1.0
6866.9			1.0
6867.8			1.0
6868.700000000001			1.0
6869.6			1.0
6870.5			1.0
6871.4			1.0
6872.3			1.0
6873.200000000001			1.0
6874.1			1.0
6875.0			1.0
6875.9			1.0
6876.8			1.0
6877.700000000001			1.0
6878.6			1.0
6879.5			1.0
6880.4			1.0
6881.3			1.0
6882.200000000001			1.0
6883.1			1.0
6884.0			1.0
6884.9			1.0
6885.8			1.0
6886.700000000001			1.0
6887.6			1.0
6888.5			1.0
6889.4			1.0
6890.3			1.0
6891.200000000001			1.0
6892.1			1.0
6893.0			1.0
6893.9			1.0
6894.8			1.0
6895.700000000001			1.0
6896.6			1.0
6897.5			1.0
6898.4			1.0
6899.3			1.0
6900.200000000001			1.0
6901.1			1.0
6902.0			1.0
6902.9			1.0
6903.8			1.0
6904.700000000001			1.0
6905.6			1.0
6906.5			1.0
6907.4			1.0
6908.3			1.0
6909.200000000001			1.0
6910.1			1.0
6911.0			1.0
6911.9			1.0
6912.8			1.0
6913.700000000001			1.0
6914.6			1.0
6915.5			1.0
6916.4			1.0
6917.3			1.0
6918.200000000001			1.0
6919.1			1.0
6920.0			1.0
6920.9			1.0
6921.8			1.0
6922.700000000001			1.0
6923.6			1.0
6924.5			1.0
6925.4			1.0
6926.3			1.0
6927.200000000001			1.0
6928.1			1.0
6929.0			1.0
6929.9			1.0
6930.8			1.0
6931.700000000001			1.0
6932.6			1.0
6933.5			1.0
6934.4			1.0
6935.3			1.0
6936.200000000001			1.0
6937.1			1.0
6938.0			1.0
6938.9			1.0
6939.8			1.0
6940.700000000001			1.0
6941.6			1.0
6942.5			1.0
6943.4			1.0
6944.3			1.0
6945.200000000001			1.0
6946.1			1.0
6947.0			1.0
6947.9			1.0
6948.8			1.0
6949.700000000001			1.0
6950.6			1.0
6951.5			1.0
6952.4			1.0
6953.3			1.0
6954.200000000001			1.0
6955.1			1.0
6956.0			1.0
6956.9			1.0
6957.8			1.0
6958.700000000001			1.0
6959.6			1.0
6960.5			1.0
6961.4			1.0
6962.3			1.0
6963.200000000001			1.0
6964.1			1.0
6965.0			1.0
6965.9			1.0
6966.8			1.0
6967.700000000001			1.0
6968.6			1.0
6969.5			1.0
6970.4			1.0
6971.3			1.0
6972.200000000001			1.0
6973.1			1.0
6974.0			1.0
6974.9			1.0
6975.8			1.0
6976.700000000001			1.0
6977.6			1.0
6978.5			1.0
6979.4			1.0
6980.3			1.0
6981.200000000001			1.0
6982.1			1.0
6983.0			1.0
6983.9			1.0
6984.8			1.0
6985.700000000001			1.0
6986.6			1.0
6987.5			1.0
6988.4			1.0
6989.3			1.0
6990.200000000001			1.0
6991.1			1.0
6992.0			1.0
6992.9			1.0
6993.8			1.0
6994.700000000001			1.0
6995.6			1.0
6996.5			1.0
6997.4			1.0
6998.3			1.0
6999.200000000001			1.0
7000.1			1.0
7001.0			1.0
7001.9			1.0
7002.8			1.0
7003.700000000001			1.0
7004.6			1.0
7005.5			1.0
7006.4			1.0
7007.3			1.0
7008.200000000001			1.0
7009.1			1.0
7010.0			1.0
7010.9			1.0
7011.8			1.0
7012.700000000001			1.0
7013.6			1.0
7014.5			1.0
7015.4			1.0
7016.3			1.0
7017.200000000001			1.0
7018.1			1.0
7019.0			1.0
7019.9			1.0
7020.8			1.0
7021.700000000001			1.0
7022.6			1.0
7023.5			1.0
7024.4			1.0
7025.3			1.0
7026.200000000001			1.0
7027.1			1.0
7028.0			1.0
7028.9			1.0
7029.8			1.0
7030.700000000001			1.0
7031.6			1.0
7032.5			1.0
7033.4			1.0
7034.3			1.0
7035.200000000001			1.0
7036.1			1.0
7037.0			1.0
7037.9			1.0
7038.8			1.0
7039.700000000001			1.0
7040.6			1.0
7041.5			1.0
7042.4			1.0
7043.3			1.0
7044.200000000001			1.0
7045.1			1.0
7046.0			1.0
7046.9			1.0
7047.8			1.0
7048.700000000001			1.0
7049.6			1.0
7050.5			1.0
7051.4			1.0
7052.3			1.0
7053.200000000001			1.0
7054.1			1.0
7055.0			1.0
7055.9			1.0
7056.8			1.0
7057.700000000001			1.0
7058.6			1.0
7059.5			1.0
7060.4			1.0
7061.3			1.0
7062.200000000001			1.0
7063.1			1.0
7064.0			1.0
7064.9			1.0
7065.8			1.0
7066.700000000001			1.0
7067.6			1.0
7068.5			1.0
7069.4			1.0
7070.3			1.0
7071.200000000001			1.0
7072.1			1.0
7073.0			1.0
7073.9			1.0
7074.8			1.0
7075.700000000001			1.0
7076.6			1.0
7077.5			1.0
7078.4			1.0
7079.3			1.0
7080.200000000001			1.0
7081.1			1.0
7082.0			1.0
7082.9			1.0
7083.8			1.0
7084.700000000001			1.0
7085.6			1.0
7086.5			1.0
7087.4			1.0
7088.3			1.0
7089.200000000001			1.0
7090.1			1.0
7091.0			1.0
7091.9			1.0
7092.8			1.0
7093.700000000001			1.0
7094.6			1.0
7095.5			1.0
7096.4			1.0
7097.3			1.0
7098.200000000001			1.0
7099.1			1.0
7100.0			1.0
7100.9			1.0
7101.8			1.0
7102.700000000001			1.0
7103.6			1.0
7104.5			1.0
7105.4			1.0
7106.3			1.0
7107.200000000001			1.0
7108.1			1.0
7109.0			1.0
7109.9			1.0
7110.8			1.0
7111.700000000001			1.0
7112.6			1.0
7113.5			1.0
7114.4			1.0
7115.3			1.0
7116.200000000001			1.0
7117.1			1.0
7118.0			1.0
7118.9			1.0
7119.8			1.0
7120.700000000001			1.0
7121.6			1.0
7122.5			1.0
7123.4			1.0
7124.3			1.0
7125.200000000001			1.0
7126.1			1.0
7127.0			1.0
7127.9			1.0
7128.8			1.0
7129.700000000001			1.0
7130.6			1.0
7131.5			1.0
7132.4			1.0
7133.3			1.0
7134.200000000001			1.0
7135.1			1.0
7136.0			1.0
7136.9			1.0
7137.8			1.0
7138.700000000001			1.0
7139.6			1.0
7140.5			1.0
7141.4			1.0
7142.3			1.0
7143.200000000001			1.0
7144.1			1.0
7145.0			1.0
7145.9			1.0
7146.8			1.0
7147.700000000001			1.0
7148.6			1.0
7149.5			1.0
7150.4			1.0
7151.3			1.0
7152.200000000001			1.0
7153.1			1.0
7154.0			1.0
7154.9			1.0
7155.8			1.0
7156.700000000001			1.0
7157.6			1.0
7158.5			1.0
7159.4			1.0
7160.3			1.0
7161.200000000001			1.0
7162.1			1.0
7163.0			1.0
7163.9			1.0
7164.8			1.0
7165.700000000001			1.0
7166.6			1.0
7167.5			1.0
7168.4			1.0
7169.3			1.0
7170.200000000001			1.0
7171.1			1.0
7172.0			1.0
7172.9			1.0
7173.8			1.0
7174.700000000001			1.0
7175.6			1.0
7176.5			1.0
7177.4			1.0
7178.3			1.0
7179.200000000001			1.0
7180.1			1.0
7181.0			1.0
7181.9			1.0
7182.8			1.0
7183.700000000001			1.0
7184.6			1.0
7185.5			1.0
7186.4			1.0
7187.3			1.0
7188.200000000001			1.0
7189.1			1.0
7190.0			1.0
7190.9			1.0
7191.8			1.0
7192.700000000001			1.0
7193.6			1.0
7194.5			1.0
7195.4			1.0
7196.3			1.0
7197.200000000001			1.0
7198.1			1.0
7199.0			1.0
7199.9			1.0
7200.8			1.0
7201.700000000001			1.0
7202.6			1.0
7203.5			1.0
7204.4			1.0
7205.3			1.0
7206.200000000001			1.0
7207.1			1.0
7208.0			1.0
7208.9			1.0
7209.8			1.0
7210.700000000001			1.0
7211.6			1.0
7212.5			1.0
7213.4			1.0
7214.3			1.0
7215.200000000001			1.0
7216.1			1.0
7217.0			1.0
7217.9			1.0
7218.8			1.0
7219.700000000001			1.0
7220.6			1.0
7221.5			1.0
7222.4			1.0
7223.3			1.0
7224.200000000001			1.0
7225.1			1.0
7226.0			1.0
7226.9			1.0
7227.8			1.0
7228.700000000001			1.0
7229.6			1.0
7230.5			1.0
7231.4			1.0
7232.3			1.0
7233.200000000001			1.0
7234.1			1.0
7235.0			1.0
7235.9			1.0
7236.8			1.0
7237.700000000001			1.0
7238.6			1.0
7239.5			1.0
7240.4			1.0
7241.3			1.0
7242.200000000001			1.0
7243.1			1.0
7244.0			1.0
7244.9			1.0
7245.8			1.0
7246.700000000001			1.0
7247.6			1.0
7248.5			1.0
7249.4			1.0
7250.3			1.0
7251.200000000001			1.0
7252.1			1.0
7253.0			1.0
7253.9			1.0
7254.8			1.0
7255.700000000001			1.0
7256.6			1.0
7257.5			1.0
7258.4			1.0
7259.3			1.0
7260.200000000001			1.0
7261.1			1.0
7262.0			1.0
7262.9			1.0
7263.8			1.0
7264.700000000001			1.0
7265.6			1.0
7266.5			1.0
7267.4			1.0
7268.3			1.0
7269.200000000001			1.0
7270.1			1.0
7271.0			1.0
7271.9			1.0
7272.8			1.0
7273.700000000001			1.0
7274.6			1.0
7275.5			1.0
7276.4			1.0
7277.3			1.0
7278.200000000001			1.0
7279.1			1.0
7280.0			1.0
7280.9			1.0
7281.8			1.0
7282.700000000001			1.0
7283.6			1.0
7284.5			1.0
7285.4			1.0
7286.3			1.0
7287.200000000001			1.0
7288.1			1.0
7289.0			1.0
7289.9			1.0
7290.8			1.0
7291.700000000001			1.0
7292.6			1.0
7293.5			1.0
7294.4			1.0
7295.3			1.0
7296.200000000001			1.0
7297.1			1.0
7298.0			1.0
7298.9			1.0
7299.8			1.0
7300.700000000001			1.0
7301.6			1.0
7302.5			1.0
7303.4			1.0
7304.3			1.0
7305.200000000001			1.0
7306.1			1.0
7307.0			1.0
7307.9			1.0
7308.8			1.0
7309.700000000001			1.0
7310.6			1.0
7311.5			1.0
7312.4			1.0
7313.3			1.0
7314.200000000001			1.0
7315.1			1.0
7316.0			1.0
7316.9			1.0
7317.8			1.0
7318.700000000001			1.0
7319.6			1.0
7320.5			1.0
7321.4			1.0
7322.3			1.0
7323.200000000001			1.0
7324.1			1.0
7325.0			1.0
7325.9			1.0
7326.8			1.0
7327.700000000001			1.0
7328.6			1.0
7329.5			1.0
7330.4			1.0
7331.3			1.0
7332.200000000001			1.0
7333.1			1.0
7334.0			1.0
7334.9			1.0
7335.8			1.0
7336.700000000001			1.0
7337.6			1.0
7338.5			1.0
7339.4			1.0
7340.3			1.0
7341.200000000001			1.0
7342.1			1.0
7343.0			1.0
7343.9			1.0
7344.8			1.0
7345.700000000001			1.0
7346.6			1.0
7347.5			1.0
7348.4			1.0
7349.3			1.0
7350.200000000001			1.0
7351.1			1.0
7352.0			1.0
7352.9			1.0
7353.8			1.0
7354.700000000001			1.0
7355.6			1.0
7356.5			1.0
7357.4			1.0
7358.3			1.0
7359.200000000001			1.0
7360.1			1.0
7361.0			1.0
7361.9			1.0
7362.8			1.0
7363.700000000001			1.0
7364.6			1.0
7365.5			1.0
7366.4			1.0
7367.3			1.0
7368.200000000001			1.0
7369.1			1.0
7370.0			1.0
7370.9			1.0
7371.8			1.0
7372.700000000001			1.0
7373.6			1.0
7374.5			1.0
7375.4			1.0
7376.3			1.0
7377.200000000001			1.0
7378.1			1.0
7379.0			1.0
7379.9			1.0
7380.8			1.0
7381.700000000001			1.0
7382.6			1.0
7383.5			1.0
7384.4			1.0
7385.3			1.0
7386.200000000001			1.0
7387.1			1.0
7388.0			1.0
7388.9			1.0
7389.8			1.0
7390.700000000001			1.0
7391.6			1.0
7392.5			1.0
7393.4			1.0
7394.3			1.0
7395.200000000001			1.0
7396.1			1.0
7397.0			1.0
7397.9			1.0
7398.8			1.0
7399.700000000001			1.0
7400.6			1.0
7401.5			1.0
7402.4			1.0
7403.3			1.0
7404.200000000001			1.0
7405.1			1.0
7406.0			1.0
7406.9			1.0
7407.8			1.0
7408.700000000001			1.0
7409.6			1.0
7410.5			1.0
7411.4			1.0
7412.3			1.0
7413.200000000001			1.0
7414.1			1.0
7415.0			1.0
7415.9			1.0
7416.8			1.0
7417.700000000001			1.0
7418.6			1.0
7419.5			1.0
7420.4			1.0
7421.3			1.0
7422.200000000001			1.0
7423.1			1.0
7424.0			1.0
7424.9			1.0
7425.8			1.0
7426.700000000001			1.0
7427.6			1.0
7428.5			1.0
7429.4			1.0
