3500.0			1.0
3500.9			1.0
3501.8			1.0
3502.7			1.0
3503.6			1.0
3504.5			1.0
3505.4			1.0
3506.3			1.0
3507.2			1.0
3508.1			1.0
3509.0			1.0
3509.9			1.0
3510.8			1.0
3511.7			1.0
3512.6			1.0
3513.5			1.0
3514.4			1.0
3515.3			1.0
3516.2			1.0
3517.1			1.0
3518.0			1.0
3518.9			1.0
3519.8			1.0
3520.7			1.0
3521.6			1.0
3522.5			1.0
3523.4			1.0
3524.3			1.0
3525.2			1.0
3526.1			1.0
3527.0			1.0
3527.9			1.0
3528.8			1.0
3529.7			1.0
3530.6			1.0
3531.5			1.0
3532.4			1.0
3533.3			1.0
3534.2			1.0
3535.1			1.0
3536.0			1.0
3536.9			1.0
3537.8			1.0
3538.7			1.0
3539.6			1.0
3540.5			1.0
3541.4			1.0
3542.3			1.0
3543.2			1.0
3544.1			1.0
3545.0			1.0
3545.9			1.0
3546.8			1.0
3547.7			1.0
3548.6			1.0
3549.5			1.0
3550.4			1.0
3551.3			1.0
3552.2			1.0
3553.1			1.0
3554.0			1.0
3554.9			1.0
3555.8			1.0
3556.7			1.0
3557.6			1.0
3558.5			1.0
3559.4			1.0
3560.3			1.0
3561.2			1.0
3562.1			1.0
3563.0			1.0
3563.9			1.0
3564.8			1.0
3565.7			1.0
3566.6			1.0
3567.5			1.0
3568.4			1.0
3569.3			1.0
3570.2			1.0
3571.1			1.0
3572.0			1.0
3572.9			1.0
3573.8			1.0
3574.7			1.0
3575.6			1.0
3576.5			1.0
3577.4			1.0
3578.3			1.0
3579.2			1.0
3580.1			1.0
3581.0			1.0
3581.9			1.0
3582.8			1.0
3583.7			1.0
3584.6			1.0
3585.5			1.0
3586.4			1.0
3587.3			1.0
3588.2			1.0
3589.1			1.0
3590.0			1.0
3590.9			1.0
3591.8			1.0
3592.7			1.0
3593.6			1.0
3594.5			1.0
3595.4			1.0
3596.3			1.0
3597.2			1.0
3598.1			1.0
3599.0			1.0
3599.9			1.0
3600.8			1.0
3601.7			1.0
3602.6			1.0
3603.5			1.0
3604.4			1.0
3605.3			1.0
3606.2			1.0
3607.1			1.0
3608.0			1.0
3608.9			1.0
3609.8			1.0
3610.7			1.0
3611.6			1.0
3612.5			1.0
3613.4			1.0
3614.3			1.0
3615.2			1.0
3616.1			1.0
3617.0			1.0
3617.9			1.0
3618.8			1.0
3619.7			1.0
3620.6			1.0
3621.5			1.0
3622.4			1.0
3623.3			1.0
3624.2			1.0
3625.1			1.0
3626.0			1.0
3626.9			1.0
3627.8			1.0
3628.7			1.0
3629.6			1.0
3630.5			1.0
3631.4			1.0
3632.3			1.0
3633.2			1.0
3634.1			1.0
3635.0			1.0
3635.9			1.0
3636.8			1.0
3637.7			1.0
3638.6			1.0
3639.5			1.0
3640.4			1.0
3641.3			1.0
3642.2			1.0
3643.1			1.0
3644.0			1.0
3644.9			1.0
3645.8			1.0
3646.7			1.0
3647.6			1.0
3648.5			1.0
3649.4			1.0
3650.3			1.0
3651.2			1.0
3652.1			1.0
3653.0			1.0
3653.9			1.0
3654.8			1.0
3655.7			1.0
3656.6			1.0
3657.5			1.0
3658.4			1.0
3659.3			1.0
3660.2			1.0
3661.1			1.0
3662.0			1.0
3662.9			1.0
3663.8			1.0
3664.7			1.0
3665.6			1.0
3666.5			1.0
3667.4			1.0
3668.3			1.0
3669.2			1.0
3670.1			1.0
3671.0			1.0
3671.9			1.0
3672.8			1.0
3673.7			1.0
3674.6			1.0
3675.5			1.0
3676.4			1.0
3677.3			1.0
3678.2			1.0
3679.1			1.0
3680.0			1.0
3680.9			1.0
3681.8			1.0
3682.7			1.0
3683.6			1.0
3684.5			1.0
3685.4			1.0
3686.3			1.0
3687.2			1.0
3688.1			1.0
3689.0			1.0
3689.9			1.0
3690.8			1.0
3691.7			1.0
3692.6			1.0
3693.5			1.0
3694.4			1.0
3695.3			1.0
3696.2			1.0
3697.1			1.0
3698.0			1.0
3698.9			1.0
3699.8			1.0
3700.7			1.0
3701.6			1.0
3702.5			1.0
3703.4			1.0
3704.3			1.0
3705.2			1.0
3706.1			1.0
3707.0			1.0
3707.9			1.0
3708.8			1.0
3709.7			1.0
3710.6			1.0
3711.5			1.0
3712.4			1.0
3713.3			1.0
3714.2			1.0
3715.1			1.0
3716.0			1.0
3716.9			1.0
3717.8			1.0
3718.7			1.0
3719.6			1.0
3720.5			1.0
3721.4			1.0
3722.3			1.0
3723.2			1.0
3724.1			1.0
3725.0			1.0
3725.9			1.0
3726.8			1.0
3727.7			1.0
3728.6			1.0
3729.5			1.0
3730.4			1.0
3731.3			1.0
3732.2			1.0
3733.1			1.0
3734.0			1.0
3734.9			1.0
3735.8			1.0
3736.7			1.0
3737.6			1.0
3738.5			1.0
3739.4			1.0
3740.3			1.0
3741.2			1.0
3742.1			1.0
3743.0			1.0
3743.9			1.0
3744.8			1.0
3745.7			1.0
3746.6			1.0
3747.5			1.0
3748.4			1.0
3749.3			1.0
3750.2			1.0
3751.1			1.0
3752.0			1.0
3752.9			1.0
3753.8			1.0
3754.7			1.0
3755.6			1.0
3756.5			1.0
3757.4			1.0
3758.3			1.0
3759.2			1.0
3760.1			1.0
3761.0			1.0
3761.9			1.0
3762.8			1.0
3763.7			1.0
3764.6			1.0
3765.5			1.0
3766.4			1.0
3767.3			1.0
3768.2			1.0
3769.1			1.0
3770.0			1.0
3770.9			1.0
3771.8			1.0
3772.7			1.0
3773.6			1.0
3774.5			1.0
3775.4			1.0
3776.3			1.0
3777.2			1.0
3778.1			1.0
3779.0			1.0
3779.9			1.0
3780.8			1.0
3781.7			1.0
3782.6			1.0
3783.5			1.0
3784.4			1.0
3785.3			1.0
3786.2			1.0
3787.1			1.0
3788.0			1.0
3788.9			1.0
3789.8			1.0
3790.7			1.0
3791.6			1.0
3792.5			1.0
3793.4			1.0
3794.3			1.0
3795.2			1.0
3796.1			1.0
3797.0			1.0
3797.9			1.0
3798.8			1.0
3799.7			1.0
3800.6			1.0
3801.5			1.0
3802.4			1.0
3803.3			1.0
3804.2			1.0
3805.1			1.0
3806.0			1.0
3806.9			1.0
3807.8			1.0
3808.7			1.0
3809.6			1.0
3810.5			1.0
3811.4			1.0
3812.3			1.0
3813.2			1.0
3814.1			1.0
3815.0			1.0
3815.9			1.0
3816.8			1.0
3817.7			1.0
3818.6			1.0
3819.5			1.0
3820.4			1.0
3821.3			1.0
3822.2			1.0
3823.1			1.0
3824.0			1.0
3824.9			1.0
3825.8			1.0
3826.7			1.0
3827.6			1.0
3828.5			1.0
3829.4			1.0
3830.3			1.0
3831.2			1.0
3832.1			1.0
3833.0			1.0
3833.9			1.0
3834.8			1.0
3835.7			1.0
3836.6			1.0
3837.5			1.0
3838.4			1.0
3839.3			1.0
3840.2			1.0
3841.1			1.0
3842.0			1.0
3842.9			1.0
3843.8			1.0
3844.7			1.0
3845.6			1.0
3846.5			1.0
3847.4			1.0
3848.3			1.0
3849.2			1.0
3850.1			1.0
3851.0			1.0
3851.9			1.0
3852.8			1.0
3853.7			1.0
3854.6			1.0
3855.5			1.0
3856.4			1.0
3857.3			1.0
3858.2			1.0
3859.1			1.0
3860.0			1.0
3860.9			1.0
3861.8			1.0
3862.7			1.0
3863.6			1.0
3864.5			1.0
3865.4			1.0
3866.3			1.0
3867.2			1.0
3868.1			1.0
3869.0			1.0
3869.9			1.0
3870.8			1.0
3871.7			1.0
3872.6			1.0
3873.5			1.0
3874.4			1.0
3875.3			1.0
3876.2			1.0
3877.1			1.0
3878.0			1.0
3878.9			1.0
3879.8			1.0
3880.7			1.0
3881.6			1.0
3882.5			1.0
3883.4			1.0
3884.3			1.0
3885.2			1.0
3886.1			1.0
3887.0			1.0
3887.9			1.0
3888.8			1.0
3889.7			1.0
3890.6			1.0
3891.5			1.0
3892.4			1.0
3893.3			1.0
3894.2			1.0
3895.1			1.0
3896.0			1.0
3896.9			1.0
3897.8			1.0
3898.7			1.0
3899.6			1.0
3900.5			1.0
3901.4			1.0
3902.3			1.0
3903.2			1.0
3904.1			1.0
3905.0			1.0
3905.9			1.0
3906.8			1.0
3907.7			1.0
3908.6			1.0
3909.5			1.0
3910.4			1.0
3911.3			1.0
3912.2			1.0
3913.1			1.0
3914.0			1.0
3914.9			1.0
3915.8			1.0
3916.7			1.0
3917.6			1.0
3918.5			1.0
3919.4			1.0
3920.3			1.0
3921.2			1.0
3922.1			1.0
3923.0			1.0
3923.9			1.0
3924.8			1.0
3925.7			1.0
3926.6			1.0
3927.5			1.0
3928.4			1.0
3929.3			1.0
3930.2			1.0
3931.1			1.0
3932.0			1.0
3932.9			1.0
3933.8			1.0
3934.7			1.0
3935.6			1.0
3936.5			1.0
3937.4			1.0
3938.3			1.0
3939.2			1.0
3940.1			1.0
3941.0			1.0
3941.9			1.0
3942.8			1.0
3943.7			1.0
3944.6			1.0
3945.5			1.0
3946.4			1.0
3947.3			1.0
3948.2			1.0
3949.1			1.0
3950.0			1.0
3950.9			1.0
3951.8			1.0
3952.7			1.0
3953.6			1.0
3954.5			1.0
3955.4			1.0
3956.3			1.0
3957.2			1.0
3958.1			1.0
3959.0			1.0
3959.9			1.0
3960.8			1.0
3961.7			1.0
3962.6			1.0
3963.5			1.0
3964.4			1.0
3965.3			1.0
3966.2			1.0
3967.1			1.0
3968.0			1.0
3968.9			1.0
3969.8			1.0
3970.7			1.0
3971.6			1.0
3972.5			1.0
3973.4			1.0
3974.3			1.0
3975.2			1.0
3976.1			1.0
3977.0			1.0
3977.9			1.0
3978.8			1.0
3979.7			1.0
3980.6			1.0
3981.5			1.0
3982.4			1.0
3983.3			1.0
3984.2			1.0
3985.1			1.0
3986.0			1.0
3986.9			1.0
3987.8			1.0
3988.7			1.0
3989.6			1.0
3990.5			1.0
3991.4			1.0
3992.3			1.0
3993.2			1.0
3994.1			1.0
3995.0			1.0
3995.9			1.0
3996.8			1.0
3997.7			1.0
3998.6			1.0
3999.5			1.0
4000.4			1.0
4001.3			1.0
4002.2			1.0287601557334778
4003.1			1.0583385311281608
4004.0			0.9947620015266275
4004.9			0.8452032368270906
4005.8			0.7578453170598889
4006.7			0.8135022544851631
4007.6			0.9225876505071046
4008.5			0.9896284062800925
4009.4			0.9999932548964582
4010.3			1.0
4011.2			1.0
4012.1			1.0
4013.0			1.0
4013.9			1.0
4014.8			1.0
4015.7			1.0
4016.6			1.0
4017.5			1.0
4018.4			1.0
4019.3			1.0
4020.2			1.0
4021.1			1.0
4022.0			1.0
4022.9			1.0
4023.8			1.0
4024.7			1.0
4025.6			1.0
4026.5			1.0
4027.4			1.0427263899262267
4028.3			1.0610374210834796
4029.2			1.0288293706215352
4030.1			0.9056895172966323
4031.0			0.7911479898746467
4031.9			0.7617431912247307
4032.8			0.7477237220358359
4033.7			0.7449326579216957
4034.6			0.7876363875385423
4035.5			0.8679496698933687
4036.4			0.9707781825102352
4037.3			1.05391363373315
4038.2			1.0828469997197532
4039.1			1.056018762033178
4040.0			1.0
4040.9			0.9715092347237961
4041.8			0.9988716706375556
4042.7			1.0105133323839393
4043.6			0.9097641527016285
4044.5			0.7140648881809601
4045.4			0.5565440949900881
4046.3			0.574833934096399
4047.2			0.7532044539123359
4048.1			0.9141395663045545
4049.0			0.9722394987380708
4049.9			0.9996494720609875
4050.8			1.0
4051.7			1.0
4052.6			1.0
4053.5			1.0
4054.4			1.0
4055.3			1.0
4056.2			1.0
4057.1			0.9481229664653792
4058.0			0.8932934485894347
4058.9			0.9271923855053876
4059.8			1.022335597364856
4060.7			1.0656093197974768
4061.6			0.9935870588430966
4062.5			0.8221092898503171
4063.4			0.6779727557134145
4064.3			0.6958901580202724
4065.2			0.8155420961609788
4066.1			0.872149021606497
4067.0			0.871679431323754
4067.9			0.9134390269714342
4068.8			0.9873732656921772
4069.7			0.9917885903884942
4070.6			1.0
4071.5			1.0
4072.4			1.0
4073.3			1.0
4074.2			1.0538652897000398
4075.1			0.985632750947135
4076.0			0.8557998988124179
4076.9			0.7371600571580337
4077.8			0.7076296092635856
4078.7			0.783332994994238
4079.6			0.8935711230712378
4080.5			0.9781797740881222
4081.4			1.0034771127763606
4082.3			1.0
4083.2			1.0
4084.1			1.0
4085.0			1.0
4085.9			1.0
4086.8			1.0
4087.7			1.0
4088.6			1.0
4089.5			1.0
4090.4			1.0
4091.3			1.0
4092.2			0.9707772314165504
4093.1			0.9902841558603299
4094.0			1.0215749666408909
4094.9			0.9751039819470487
4095.8			0.8915904237888764
4096.7			0.8644329553128586
4097.6			0.8883447634125426
4098.5			0.9113901731045451
4099.4			0.8997758258262895
4100.3			0.8220842932011327
4101.2			0.7457676836341446
4102.1			0.7590466080314724
4103.0			0.8410406821776089
4103.9			0.9100717985171589
4104.8			0.964309077881802
4105.7			1.0283343098985624
4106.6			1.0746225705374504
4107.5			1.0762666594182624
4108.4			1.0623291840658917
4109.3			1.0277741829924016
4110.2			0.9954678960174623
4111.1			1.0
4112.0			1.0
4112.9			1.0
4113.8			1.0
4114.7			1.0
4115.6			1.0
4116.5			1.0
4117.4			1.0
4118.3			1.0
4119.2			1.0
4120.1			1.0
4121.0			1.0
4121.9			1.0
4122.8			0.9809872002573277
4123.7			0.993866288285391
4124.6			1.037033441704256
4125.5			1.0500162085461793
4126.4			1.0036672204848254
4127.3			0.9670843960290474
4128.2			0.9589155900063804
4129.1			0.9612341086923211
4130.0			0.9497328667920458
4130.9			0.9112380119032174
4131.8			0.8398502507600614
4132.7			0.7899471802236828
4133.6			0.8037201912025984
4134.5			0.8556524703376112
4135.4			0.9478273144624636
4136.3			1.0205529575416827
4137.2			1.0277438421505156
4138.1			1.0273154124450399
4139.0			1.0479782538083142
4139.9			1.0461220497472479
4140.8			1.0121801628176752
4141.7			0.9165515694022174
4142.6			0.7627723928684501
4143.5			0.6679169198117677
4144.4			0.7244478873176197
4145.3			0.8582689886526275
4146.2			0.9415975201358798
4147.1			0.9541005190990839
4148.0			0.9420035804733012
4148.9			0.9106391256405242
4149.8			0.8732309180380654
4150.7			0.8695782892689358
4151.6			0.8802243561474664
4152.5			0.8778269769595421
4153.4			0.8652301803856154
4154.3			0.8507944694604784
4155.2			0.8479379969541158
4156.1			0.841014464284678
4157.0			0.843573451608506
4157.9			0.8975499555518902
4158.8			0.9643313808751087
4159.7			1.0
4160.6			0.9858187277592945
4161.5			0.9963518699848525
4162.4			1.0443069134691307
4163.3			1.0551959637730668
4164.2			1.0166763347183803
4165.1			0.9848733362449141
4166.0			0.9585295419964994
4166.9			0.9042460317528758
4167.8			0.8815814940039933
4168.7			0.9303228828284277
4169.6			0.9855056039448035
4170.5			0.9910570162363114
4171.4			0.9122471189585077
4172.3			0.8008520138140892
4173.2			0.7685722158811382
4174.1			0.8179382978514629
4175.0			0.8660030670905052
4175.9			0.8764836782615799
4176.8			0.8524076568402236
4177.7			0.8254770821964296
4178.6			0.8514858634830034
4179.5			0.9019349846901796
4180.4			0.9098968859878822
4181.3			1.0
4182.2			0.9815521168845117
4183.1			1.0037835060071958
4184.0			1.0510087880031755
4184.9			1.0987373761469128
4185.8			1.0706823913167094
4186.7			1.0
4187.6			0.9168111770029512
4188.5			0.9661101365171313
4189.4			1.037246170931958
4190.3			1.02701156115564
4191.2			0.9863655759602926
4192.1			1.0039882324444995
4193.0			1.0622857782385364
4193.9			1.0502585827730575
4194.8			0.9540674014707538
4195.7			0.8541299168661647
4196.6			0.806900320293898
4197.5			0.7966376542643308
4198.4			0.7905024476359629
4199.3			0.8181434551959348
4200.2			0.8498345945375835
4201.1			0.8195742811224753
4202.0			0.7827558169375146
4202.9			0.8121530434089503
4203.8			0.8717404129424479
4204.7			0.9030348389486033
4205.6			0.9323651409486823
4206.5			0.9696321221199548
4207.4			0.99490083777683
4208.3			1.0
4209.2			1.0
4210.1			1.0
4211.0			1.0
4211.9			1.0259255987451996
4212.8			1.0137084093063606
4213.7			0.9371342273382276
4214.6			0.8212773154170742
4215.5			0.7407729628163486
4216.4			0.7862336945722139
4217.3			0.9152896836423653
4218.2			0.9850314857241815
4219.1			0.9867752015553611
4220.0			1.0
4220.9			1.0204330696393868
4221.8			0.9822021840017617
4222.7			0.9027564267370639
4223.6			0.8220237238131548
4224.5			0.7359652547386023
4225.4			0.6030774195735339
4226.3			0.4712794336153922
4227.2			1.0
4228.1			1.31642317672182
4229.0			1.595242505643323
4229.9			1.6608270908881488
4230.8			1.6226385544856983
4231.7			1.537512202578659
4232.6			1.3890005738512536
4233.5			1.270728717783778
4234.4			1.2203998251344537
4235.3			1.1272571918298298
4236.2			1.0097554815971983
4237.1			0.9825987518574012
4238.0			1.005389177184297
4238.9			0.9874167680322367
4239.8			0.9716569476839637
4240.7			1.0007771873487787
4241.6			1.0085374211236506
4242.5			0.9649331182940751
4243.4			0.9445545441423671
4244.3			0.9773868185050689
4245.2			1.0
4246.1			0.9725429227346433
4247.0			0.9118984604122689
4247.9			0.8646611320572976
4248.8			0.837642950349048
4249.7			0.8091191784567281
4250.6			0.8272033820962363
4251.5			0.9418879848323937
4252.4			1.0488598907564872
4253.3			1.0307215217851735
4254.2			0.9599745963106717
4255.1			1.0
4256.0			1.0823549984484466
4256.9			1.159273687134552
4257.8			1.1158296951754234
4258.7			0.9715354207295345
4259.6			0.8194640386217339
4260.5			0.7386954292477662
4261.4			0.7831746033535173
4262.3			0.909067145853277
4263.2			0.9976096688928178
4264.1			1.0
4265.0			1.0132226614218762
4265.9			1.0279201461593055
4266.8			0.9989998870316684
4267.7			0.9412443642183901
4268.6			0.9026225641480299
4269.5			0.8516807948090767
4270.4			0.7408720814375647
4271.3			0.62681291317187
4272.2			0.6262510968966789
4273.1			0.7068718685023121
4274.0			0.7392071043410782
4274.9			0.7567812021842906
4275.8			0.8527795067806294
4276.7			0.9853412719172743
4277.6			1.0725830305081627
4278.5			1.0821576916798237
4279.4			1.0014557422653607
4280.3			1.0
4281.2			1.0
4282.1			1.0
4283.0			1.0
4283.9			1.0
4284.8			1.0
4285.7			1.0
4286.6			1.0
4287.5			1.0255386972599276
4288.4			0.9701334357935687
4289.3			0.847563583488943
4290.2			0.8115555992925377
4291.1			0.8803839831302829
4292.0			0.9774796662392844
4292.9			1.0320723020343978
4293.8			0.9881873335140259
4294.7			0.9382868575916641
4295.6			0.9380715348849309
4296.5			0.9076535780383044
4297.4			0.8270296545698488
4298.3			0.7290032825083614
4299.2			0.6200328019545277
4300.1			0.5799879691067559
4301.0			0.6230195834853406
4301.9			0.6548717357037973
4302.8			0.6467478427462101
4303.7			0.6470800213378712
4304.6			0.6538149638353983
4305.5			0.6365003119543396
4306.4			0.6034501295536795
4307.3			0.5380237807390196
4308.2			0.4791611999419923
4309.1			0.4918259441747014
4310.0			0.5431361628487923
4310.9			0.5862779586528089
4311.8			0.6364430742667166
4312.7			0.71242149116868
4313.6			0.7897649586059924
4314.5			0.8617257799378236
4315.4			0.985258962156623
4316.3			1.1197467196124857
4317.2			1.160603378893875
4318.1			1.1373168875077337
4319.0			1.0
4319.9			0.9732529229299022
4320.8			0.942081733434779
4321.7			0.9154812423330544
4322.6			0.8411245505695192
4323.5			0.7018046126668624
4324.4			0.5866027126891026
4325.3			0.5375272554461236
4326.2			0.600361687422185
4327.1			0.7850638481421583
4328.0			0.9665344374512745
4328.9			1.042313765024338
4329.8			1.0235280028702722
4330.7			1.0009041084868306
4331.6			1.0
4332.5			1.0298322479618571
4333.4			1.0353036177746437
4334.3			1.054751921067412
4335.2			1.074278963010412
4336.1			1.0287520270876955
4337.0			0.9057990050799498
4337.9			0.7926570216099064
4338.8			0.7400760946649484
4339.7			0.697710618026821
4340.6			0.6982663361852961
4341.5			0.7951619989134386
4342.4			0.899922373649693
4343.3			0.9282920369475263
4344.2			0.9459195524508655
4345.1			1.0048955030988787
4346.0			1.0
4346.9			0.9730991491629187
4347.8			0.9835517189003986
4348.7			1.0446214775364204
4349.6			1.0539460797809332
4350.5			0.9417532316586134
4351.4			0.7935862897562996
4352.3			0.7541834733942903
4353.2			0.8290509903544139
4354.1			0.9069528274477987
4355.0			0.9360177469852108
4355.9			0.9657217561819234
4356.8			1.0082141907691902
4357.7			0.9991111999557123
4358.6			1.0
4359.5			1.0
4360.4			1.0
4361.3			1.0
4362.2			1.0
4363.1			1.0
4364.0			1.0
4364.9			1.0
4365.8			1.0
4366.7			1.0
4367.6			1.0
4368.5			1.0
4369.4			1.0241016288506473
4370.3			1.0184953979354539
4371.2			1.0096519359609988
4372.1			0.9975159312526487
4373.0			0.9480370059804056
4373.9			0.869190166421338
4374.8			0.8142822493930965
4375.7			0.838473089042391
4376.6			0.9255758241707194
4377.5			1.0058513952407104
4378.4			1.0347822074219672
4379.3			1.0137622866586622
4380.2			0.9765921937449545
4381.1			0.9297786193098565
4382.0			0.805282174214068
4382.9			0.606545008286485
4383.8			0.49605347877115935
4384.7			0.5730206021483041
4385.6			0.7502706679994176
4386.5			0.873504030811049
4387.4			0.8937066345460782
4388.3			0.8779875841107395
4389.2			0.859067872228563
4390.1			0.8390469269377142
4391.0			0.845184275510569
4391.9			0.8799030703657827
4392.8			0.9063281932938598
4393.7			0.8957604956128384
4394.6			0.8682746446535222
4395.5			0.8846221380845087
4396.4			0.9569154633745148
4397.3			1.0
4398.2			0.986924148492371
4399.1			0.9228905213872179
4400.0			0.8556852190952968
4400.9			0.8422921394143079
4401.8			0.9012830780672169
4402.7			0.913174512179383
4403.6			0.78704923400994
4404.5			0.6563509543487578
4405.4			0.6773482498866978
4406.3			0.7844136294756902
4407.2			0.820523626814936
4408.1			0.8026517861694361
4409.0			0.8455599527225953
4409.9			0.9385062856908444
4410.8			1.0
4411.7			1.0269741330207374
4412.6			1.035291891831185
4413.5			0.9742761833056047
4414.4			0.8415104140962955
4415.3			0.7695389771375593
4416.2			0.8186822425087849
4417.1			0.896579548294663
4418.0			0.9487428814491633
4418.9			1.001045794006062
4419.8			1.0
4420.7			1.0
4421.6			1.0
4422.5			1.0
4423.4			1.0
4424.3			1.0
4425.2			1.0
4426.1			1.0
4427.0			1.0064457717785928
4427.9			1.0474949793669794
4428.8			1.0631577687974507
4429.7			1.0078412002650858
4430.6			0.9712751816700128
4431.5			1.0239558139339102
4432.4			1.0623553858169839
4433.3			1.0201523496146936
4434.2			0.9404191708585408
4435.1			0.9009148821756588
4436.0			0.9458512707155529
4436.9			1.044466599953252
4437.8			1.1337880123581032
4438.7			1.1844445312688983
4439.6			1.1728009797813188
4440.5			1.103373078189726
4441.4			1.026550369895101
4442.3			1.0
4443.2			1.0077614801940948
4444.1			1.073979738732003
4445.0			1.1646206806372448
4445.9			1.2027902359911906
4446.8			1.1661547431393144
4447.7			1.1360889368368516
4448.6			1.1537606229067836
4449.5			1.151295142020312
4450.4			1.119995415946284
4451.3			1.113930804411059
4452.2			1.1092368223390128
4453.1			1.0675579758877816
4454.0			0.9885904078669386
4454.9			0.912879682934331
4455.8			0.9083952912055353
4456.7			0.9512313739552004
4457.6			0.9558358975304576
4458.5			0.9163224249241857
4459.4			0.8929386593876462
4460.3			0.8828955279101719
4461.2			0.8591418029984865
4462.1			0.8691300879190681
4463.0			0.9486261157679983
4463.9			1.0155649972999212
4464.8			1.0185798893733173
4465.7			1.0013496040292227
4466.6			0.9999821303986604
4467.5			1.0023956265774248
4468.4			0.9782428657636719
4469.3			0.9430979691975641
4470.2			0.9449795197241443
4471.1			0.9779480092634665
4472.0			1.0165488044363455
4472.9			1.0537698336724528
4473.8			1.0804624760642447
4474.7			1.0748442546688084
4475.6			1.0
4476.5			1.019775237062285
4477.4			1.0505064769090808
4478.3			1.0274955964524148
4479.2			0.9450420183460388
4480.1			0.8624399405440958
4481.0			0.8201711539257586
4481.9			0.8220614252961169
4482.8			0.8701027941077908
4483.7			0.9385128310484103
4484.6			1.0
4485.5			1.0180529553033013
4486.4			1.0097379412323164
4487.3			0.9714039129179105
4488.2			0.9112324628891364
4489.1			0.8619039583433852
4490.0			0.8540296315752975
4490.9			0.8911704155022118
4491.8			0.9373071685916505
4492.7			0.9420852081294926
4493.6			0.8911957503148633
4494.5			0.8319524163754877
4495.4			0.821446780266502
4496.3			0.8532358051053084
4497.2			0.8980031531703134
4498.1			0.9323234190702459
4499.0			0.9459669602261772
4499.9			0.9347028243455341
4500.8			0.9009837888167568
4501.7			0.8925072909403231
4502.6			0.9404676439175421
4503.5			0.9979872690450673
4504.4			1.0164526897086643
4505.3			1.0014454419653283
4506.2			1.0
4507.1			1.0
4508.0			1.0
4508.9			1.0
4509.8			1.0
4510.7			1.0
4511.6			1.0
4512.5			1.0
4513.4			1.0
4514.3			0.9834521140963487
4515.2			0.9963799155444478
4516.1			1.012558497827813
4517.0			1.0033353217593326
4517.9			0.9866433830789882
4518.8			1.0032230168507668
4519.7			1.0453528212190455
4520.6			1.0758699346773932
4521.5			1.0639330598293923
4522.4			1.012892539727599
4523.3			0.983989849233924
4524.2			0.9802976939516197
4525.1			0.9535512895725121
4526.0			0.9066452515328892
4526.9			0.8641075410343696
4527.8			0.8262919936475164
4528.7			0.8129943981438617
4529.6			0.8340277051541486
4530.5			0.8601355268492206
4531.4			1.0
4532.3			1.0355877677277185
4533.2			1.0163960491086677
4534.1			0.9659446541719084
4535.0			0.9335076036220444
4535.9			0.9734895714719431
4536.8			1.0884065184051466
4537.7			1.1636987275369775
4538.6			1.1406819264197785
4539.5			1.0845197973981169
4540.4			1.0378042621069787
4541.3			1.0295860781993136
4542.2			1.0653405440026844
4543.1			1.0929494140836156
4544.0			1.0631981644225714
4544.9			1.018152150265526
4545.8			1.0151470928111972
4546.7			1.0296151014589647
4547.6			1.0327851688658145
4548.5			1.0032905076151581
4549.4			0.9658867782553014
4550.3			0.98954974775494
4551.2			1.0236619628733845
4552.1			1.0102217093522772
4553.0			0.9875270849023008
4553.9			0.9728182134979034
4554.8			0.9611990850745568
4555.7			0.9813251595699042
4556.6			1.037750323392161
4557.5			1.0855389516517842
4558.4			1.0999211420656578
4559.3			1.0934725469004436
4560.2			1.0
4561.1			1.0037335763842847
4562.0			1.0068297636217483
4562.9			0.9690659146997226
4563.8			0.9072773224735351
4564.7			0.8703453211079858
4565.6			0.8758905564218643
4566.5			0.9326658302153131
4567.4			0.9875166511585843
4568.3			1.0001375002193384
4569.2			1.0
4570.1			1.0
4571.0			1.0
4571.9			0.9821048522418566
4572.8			1.042312183485861
4573.7			1.0833648227977337
4574.6			1.064210534587454
4575.5			1.052764212169691
4576.4			1.0522992906430984
4577.3			1.0399082735685967
4578.2			1.00887225970752
4579.1			1.0
4580.0			0.9424496819792079
4580.9			0.9272213483059553
4581.8			0.9701362918306262
4582.7			1.0058946736999097
4583.6			0.9969002900460211
4584.5			0.9843618451787429
4585.4			0.969188931266569
4586.3			0.9692799718981703
4587.2			1.0154284372728235
4588.1			1.0739522436634241
4589.0			1.0978478723902994
4589.9			1.0830234950485422
4590.8			1.0420414871314208
4591.7			0.9997550922182882
4592.6			0.9803243054409524
4593.5			0.9832806270104845
4594.4			0.9787450322768029
4595.3			0.9595441182719037
4596.2			0.9551897916049993
4597.1			0.9608921041340637
4598.0			0.9745387897933246
4598.9			0.9906219052945874
4599.8			0.9729521796981009
4600.7			0.9481626858101742
4601.6			0.9699833115627631
4602.5			0.9894280694137493
4603.4			0.9886276796242179
4604.3			0.9815682810075012
4605.2			0.9697470582056245
4606.1			0.981222927431306
4607.0			1.0162758862961154
4607.9			1.05912393784233
4608.8			1.0933855099361782
4609.7			1.089196088252093
4610.6			1.0483719158296525
4611.5			1.0117246223147305
4612.4			1.0002197895266507
4613.3			1.0
4614.2			1.0
4615.1			1.0
4616.0			1.0
4616.9			1.0
4617.8			1.0
4618.7			1.0
4619.6			1.0
4620.5			1.0
4621.4			1.0
4622.3			1.0
4623.2			1.0
4624.1			1.0
4625.0			1.0
4625.9			1.0
4626.8			1.0
4627.7			1.0
4628.6			1.0
4629.5			1.0
4630.4			1.0
4631.3			1.0
4632.2			0.9835592770087034
4633.1			0.9511864075761042
4634.0			0.9407207863518481
4634.9			0.9537145471611788
4635.8			0.9602879500003358
4636.7			0.942255449849768
4637.6			0.9190887302571721
4638.5			0.9163049794797801
4639.4			0.9172907961315714
4640.3			0.9325622668826649
4641.2			0.9732504279106208
4642.1			0.9941277173961799
4643.0			0.9815043314519029
4643.9			0.9604201235332109
4644.8			0.9352449330625485
4645.7			0.8971640279036782
4646.6			0.8603085303216307
4647.5			0.8558907316891138
4648.4			0.8885758306600132
4649.3			0.9339796056981452
4650.2			0.9728172072324124
4651.1			1.001102919105644
4652.0			1.019582469121222
4652.9			1.0185756839452536
4653.8			0.9835200540806869
4654.7			0.9469785320505502
4655.6			0.9433087122730799
4656.5			0.965229557344403
4657.4			1.0107204014703703
4658.3			1.0
4659.2			1.0387446098014248
4660.1			1.038664263530491
4661.0			1.0060940670405891
4661.9			0.96621369073184
4662.8			0.930780338405165
4663.7			0.9217795074028919
4664.6			0.9287622870113975
4665.5			0.8954969119985232
4666.4			0.8170365792919486
4667.3			0.7633632084022629
4668.2			0.7938364708177081
4669.1			0.8743162146753128
4670.0			0.9425280158112547
4670.9			0.9829644184080203
4671.8			0.9891850415605629
4672.7			0.9658988774114432
4673.6			0.9479532941811674
4674.5			1.0
4675.4			1.0379894005089214
4676.3			1.070027788190936
4677.2			1.0534791899419664
4678.1			1.0040798001205482
4679.0			0.9666757695857245
4679.9			0.9501284519897689
4680.8			0.9380525730319498
4681.7			0.9408760364890721
4682.6			0.9714033776951546
4683.5			1.0048913823136503
4684.4			1.011996271232495
4685.3			1.006531656924652
4686.2			1.0009550130952418
4687.1			1.0
4688.0			1.0
4688.9			1.0034212260287432
4689.8			1.0075132387753387
4690.7			0.9979207008611405
4691.6			0.9930476024448074
4692.5			0.9983056344181171
4693.4			1.0088118293947819
4694.3			1.0273908019233193
4695.2			1.0504891724484
4696.1			1.0619582069450637
4697.0			1.0354000673171035
4697.9			0.9761720841196586
4698.8			0.937351496219182
4699.7			0.9442055175333206
4700.6			0.9544227806660839
4701.5			0.9390193152271905
4702.4			0.9175201431997922
4703.3			0.9215444185972719
4704.2			0.9549867906258295
4705.1			0.9851753836339597
4706.0			0.9839378854486358
4706.9			0.9539164866068046
4707.8			0.9289389967685644
4708.7			0.9203442083880264
4709.6			0.931064613567857
4710.5			0.9775148851172595
4711.4			1.0158151247221432
4712.3			1.0081356830385217
4713.2			0.9771662918173182
4714.1			0.9399809099640425
4715.0			0.9470585088292982
4715.9			1.0
4716.8			1.0428036370224931
4717.7			1.0585739121279114
4718.6			1.0732616162544413
4719.5			1.085942021568777
4720.4			1.0809004478420652
4721.3			1.0605725165731734
4722.2			1.040986154128377
4723.1			1.042011446489874
4724.0			1.0692479339344974
4724.9			1.0896018318820042
4725.8			1.0657247663469842
4726.7			0.9946010509928112
4727.6			0.9245978797590862
4728.5			0.9040343787189291
4729.4			0.9168199610076438
4730.3			0.9337595786953191
4731.2			0.9561770019184067
4732.1			0.9826290243000028
4733.0			0.9968130663016066
4733.9			1.0042501689680055
4734.8			1.0165913595657472
4735.7			0.9953453446902909
4736.6			0.9606718398417743
4737.5			0.9815553778873434
4738.4			1.0324340299686685
4739.3			1.0324765672785272
4740.2			0.9999800146058997
4741.1			1.0
4742.0			1.0
4742.9			1.0
4743.8			1.0
4744.7			1.0
4745.6			1.0
4746.5			1.0
4747.4			1.0
4748.3			1.0
4749.2			1.0
4750.1			1.0
4751.0			1.0
4751.9			1.0
4752.8			1.0
4753.7			1.0
4754.6			1.0
4755.5			1.0
4756.4			1.0
4757.3			1.0
4758.2			1.0
4759.1			1.0174162885585998
4760.0			1.027306803848995
4760.9			0.9970176471268265
4761.8			0.9488187877938773
4762.7			0.9284935624885213
4763.6			0.930351031289787
4764.5			0.9165095892062773
4765.4			0.8884659781038318
4766.3			0.885272938381802
4767.2			0.9212422955738027
4768.1			0.9565376054960448
4769.0			0.9933805015375061
4769.9			1.0129068168493793
4770.8			0.986516341582883
4771.7			0.9552161223663828
4772.6			0.9626684698270668
4773.5			0.9999834069343799
4774.4			1.0
4775.3			0.9969188105242683
4776.2			0.9796053903005608
4777.1			0.9966119239954623
4778.0			1.0178743016629037
4778.9			1.0073932913391135
4779.8			0.9941882121004001
4780.7			0.9966960914320286
4781.6			0.9929688695889175
4782.5			0.9659265581285613
4783.4			0.946970151167543
4784.3			0.9723103960587738
4785.2			0.9793801783188869
4786.1			0.9438325594923112
4787.0			0.9373453847591995
4787.9			0.9626185630064498
4788.8			0.9610932137523123
4789.7			0.9528380604249658
4790.6			0.9661659820932448
4791.5			0.9823018514791696
4792.4			1.003969538567491
4793.3			1.0519278358366337
4794.2			1.0
4795.1			1.0114391306404666
4796.0			1.0013490813848671
4796.9			0.9814852769315789
4797.8			0.9580251888825253
4798.7			0.9295658926964425
4799.6			0.9175946178601851
4800.5			0.9364478811436059
4801.4			0.9855216418954662
4802.3			1.0229294748277198
4803.2			1.0246860890825127
4804.1			1.002391510339254
4805.0			1.0
4805.9			1.0
4806.8			1.0
4807.7			1.0
4808.6			1.0
4809.5			1.0
4810.4			1.0
4811.3			1.0
4812.2			1.0
4813.1			1.0
4814.0			1.0
4814.9			1.0
4815.8			1.0
4816.7			1.0
4817.6			1.0
4818.5			1.0
4819.4			1.0
4820.3			1.0
4821.2			1.0
4822.1			1.0
4823.0			1.0
4823.9			1.0
4824.8			1.0
4825.7			1.0
4826.6			1.0
4827.5			1.0
4828.4			1.0
4829.3			1.0
4830.2			1.0
4831.1			1.0
4832.0			1.0
4832.9			1.0
4833.8			1.0
4834.7			1.0
4835.6			1.0
4836.5			1.0
4837.4			0.9982786198280678
4838.3			0.9753865845853386
4839.2			0.9416165694486981
4840.1			0.9265281152449173
4841.0			0.9400852508796944
4841.9			0.9563008139065895
4842.8			0.9488238531670486
4843.7			0.9515425843475364
4844.6			0.9875486347539437
4845.5			1.0221613159005045
4846.4			1.0220836712377168
4847.3			0.9911319450974856
4848.2			0.9602032055882465
4849.1			0.9637407989590319
4850.0			0.9975059935485122
4850.9			1.014574132320208
4851.8			1.005409857565744
4852.7			0.9999926910256111
4853.6			0.979319041206287
4854.5			0.9288781185799558
4855.4			0.8886363236166654
4856.3			0.9055303819261953
4857.2			0.9468712291265915
4858.1			0.9410808252490296
4859.0			0.8769342823533737
4859.9			0.7766784164249529
4860.8			0.6868255242816443
4861.7			0.6907046070391011
4862.6			0.7898143550659753
4863.5			0.8718569748719489
4864.4			0.9061185356424841
4865.3			0.936645948043864
4866.2			0.9623510309871552
4867.1			0.9635482801919502
4868.0			1.0
4868.9			1.0072416510472746
4869.8			0.9801168747344428
4870.7			0.893749115616532
4871.6			0.8438356490414146
4872.5			0.8919082910242715
4873.4			0.9688772786360289
4874.3			0.9996217327045464
4875.2			0.9567735175336525
4876.1			0.965091231990186
4877.0			0.9819634708113106
4877.9			0.9938287382758034
4878.8			1.0309117601741
4879.7			1.0656432742422444
4880.6			1.0372980850067752
4881.5			0.9901419994210899
4882.4			1.0
4883.3			1.0208862366485911
4884.2			0.9989541778789875
4885.1			0.9438781331023353
4886.0			0.9137976693515463
4886.9			0.9216367043238868
4887.8			0.9373525748293738
4888.7			0.9341767320568052
4889.6			0.8990724682932484
4890.5			0.8355782089132917
4891.4			0.8217703069647724
4892.3			0.9071535032671847
4893.2			1.0081431929711058
4894.1			1.0610031514184293
4895.0			1.082746187388955
4895.9			1.0778162103696103
4896.8			1.062078994404794
4897.7			1.0532338818294817
4898.6			1.0360359588170531
4899.5			1.0013833089277537
4900.4			1.0
4901.3			1.0
4902.2			1.0
4903.1			1.0
4904.0			1.0
4904.9			1.0325965463707911
4905.8			1.0622291784504032
4906.7			1.0550122971323748
4907.6			1.0159241105925787
4908.5			0.9686602831684947
4909.4			0.9196450706805501
4910.3			0.8900686993333723
4911.2			1.0
4912.1			1.0345359320996808
4913.0			1.058552869134347
4913.9			1.0768640340039475
4914.8			1.1004264400474075
4915.7			1.1051261124630471
4916.6			1.0634385669476492
4917.5			0.9779573894052318
4918.4			0.8758448495641716
4919.3			0.7941135970078036
4920.2			0.7733395783211181
4921.1			0.8256276774289383
4922.0			0.9064340423093713
4922.9			0.9487556303104401
4923.8			0.9401687688930122
4924.7			0.9329002722038918
4925.6			0.9579469739375899
4926.5			0.983936206404148
4927.4			0.991354585567813
4928.3			1.0036860493843285
4929.2			1.0
4930.1			1.007146824237722
4931.0			1.004660240937447
4931.9			0.9882707373385752
4932.8			0.933418189841927
4933.7			0.8921561612169213
4934.6			0.9186577631989941
4935.5			0.9552113637565333
4936.4			0.9402375748726882
4937.3			0.8889974570640358
4938.2			0.8426553576093445
4939.1			0.8459058548776469
4940.0			0.9146976648666465
4940.9			0.993089453990988
4941.8			1.025088772284158
4942.7			1.0344016262530302
4943.6			1.0499860939411723
4944.5			1.043799042217895
4945.4			1.0116896736313967
4946.3			1.001097879919339
4947.2			1.0
4948.1			1.0
4949.0			1.0
4949.9			1.0
4950.8			1.0
4951.7			1.0
4952.6			1.0
4953.5			0.9870848637647814
4954.4			0.9897760431974242
4955.3			0.9657633731821006
4956.2			0.87971715173189
4957.1			0.7752373055538007
4958.0			0.7764732334731698
4958.9			0.8894602214773417
4959.8			0.9799237785827453
4960.7			0.9976421142451942
4961.6			1.0
4962.5			1.0
4963.4			1.0
4964.3			1.0
4965.2			1.0
4966.1			1.0
4967.0			1.0
4967.9			1.0
4968.8			1.0
4969.7			1.0
4970.6			1.0
4971.5			1.0
4972.4			1.0
4973.3			1.0
4974.2			1.0058979795180436
4975.1			0.9953464659090082
4976.0			0.9827052487732987
4976.9			0.9725511876377007
4977.8			0.9482531570897871
4978.7			0.9284461878723458
4979.6			0.9354810231882194
4980.5			0.9387174465503018
4981.4			0.8991493440097011
4982.3			0.8400619927442061
4983.2			0.8213282577028683
4984.1			0.8484914052804446
4985.0			0.8844110812547634
4985.9			0.9249786538250233
4986.8			0.9789314184994766
4987.7			1.0136415110809684
4988.6			1.012962476779234
4989.5			0.9963044239320469
4990.4			0.9792356222897363
4991.3			0.9806372273458451
4992.2			1.0013813577980306
4993.1			1.0
4994.0			1.0
4994.9			1.0
4995.8			1.0112188164835256
4996.7			1.0038237987718086
4997.6			0.996978526655237
4998.5			0.9749143155380249
4999.4			0.9385432536242628
5000.3			0.9224271860698121
5001.2			0.9218913832772949
5002.1			0.9234285747062356
5003.0			0.9311679984852274
5003.9			0.9278434955589662
5004.8			0.8907636076497681
5005.7			0.8425152337663308
5006.6			0.8471189389859269
5007.5			0.9175583236793601
5008.4			0.9801670907006571
5009.3			0.9876404613976392
5010.2			0.9642834713120431
5011.1			0.9282690987495531
5012.0			0.8788618887347812
5012.9			0.8432225451595418
5013.8			0.8340505313048484
5014.7			0.8580103325206174
5015.6			0.8953742937842544
5016.5			0.9060425030082849
5017.4			0.882663371837077
5018.3			0.8757897275810932
5019.2			0.905884630887203
5020.1			0.9295934128423119
5021.0			0.919258511657314
5021.9			0.8926365354748743
5022.8			0.8936775859607325
5023.7			0.9276167788867358
5024.6			0.9506546229433318
5025.5			0.9497764211708172
5026.4			0.9238137465326947
5027.3			0.8957920694011431
5028.2			0.9108356809236563
5029.1			0.951430035527482
5030.0			0.9700818590134374
5030.9			0.9794559589582307
5031.8			1.0
5032.7			1.0338911297679654
5033.6			1.045738845071795
5034.5			1.012376551522559
5035.4			0.9494010686856426
5036.3			0.9276129940064016
5037.2			0.959854208128783
5038.1			0.9677707217515704
5039.0			0.9289678485535704
5039.9			0.8614147073133426
5040.8			0.8009185985318359
5041.7			0.8310223438183616
5042.6			1.0
5043.5			1.080730715647039
5044.4			1.1143252171632139
5045.3			1.1397560384923764
5046.2			1.143062067850595
5047.1			1.0933977232908945
5048.0			1.0120281082456324
5048.9			0.9530164933464889
5049.8			0.9416325028559672
5050.7			0.9463543096223863
5051.6			0.947955837184457
5052.5			0.961197926575919
5053.4			0.9879948576284379
5054.3			1.013146095232614
5055.2			1.017455242459053
5056.1			1.0061221264750895
5057.0			1.0
5057.9			1.0
5058.8			1.0
5059.7			1.0
5060.6			1.0
5061.5			1.0
5062.4			1.0
5063.3			1.0
5064.2			1.0
5065.1			1.0
5066.0			1.0
5066.9			1.0
5067.8			1.0
5068.7			1.0
5069.6			1.0
5070.5			1.0
5071.4			1.0
5072.3			1.0
5073.2			1.0187465101286735
5074.1			1.0373530256171706
5075.0			1.0300913434754577
5075.9			1.027597837379487
5076.8			1.0467988341896628
5077.7			1.0398334819863508
5078.6			0.96280344596739
5079.5			0.8761622735777814
5080.4			0.8691618037330494
5081.3			0.9211321899851403
5082.2			0.9584494302959514
5083.1			0.9628390505652518
5084.0			0.9733005114188328
5084.9			1.0028091497641343
5085.8			1.0168866379648238
5086.7			1.0078695357098515
5087.6			1.000096586261894
5088.5			1.0
5089.4			1.0
5090.3			1.0
5091.2			1.0
5092.1			1.0
5093.0			1.0
5093.9			1.0
5094.8			0.9846488576706888
5095.7			0.9634181363721294
5096.6			0.9325354309083368
5097.5			0.8943575390864247
5098.4			0.855536397314575
5099.3			0.8601595291670185
5100.2			0.929124196483733
5101.1			0.999962797587649
5102.0			1.0292262489855133
5102.9			1.017297293915684
5103.8			0.9952204786757084
5104.7			1.0
5105.6			1.0
5106.5			1.0
5107.4			1.0
5108.3			1.0
5109.2			1.0
5110.1			1.0
5111.0			1.0
5111.9			1.0
5112.8			1.015849601211487
5113.7			1.0217492154415262
5114.6			1.024922748242224
5115.5			1.0238472936126364
5116.4			1.041514785820507
5117.3			1.0647217951544907
5118.2			1.0682259265848906
5119.1			1.0554249242931697
5120.0			1.0290359986659405
5120.9			0.9991790022614477
5121.8			0.9758251766863878
5122.7			1.0
5123.6			0.9588872068872989
5124.5			0.956068179910448
5125.4			0.9773126971241486
5126.3			0.9990249853852204
5127.2			0.9981785627189219
5128.1			0.9893115088814106
5129.0			0.9827012134707795
5129.9			0.9903465893524493
5130.8			1.0200767846401868
5131.7			1.0357278487329578
5132.6			1.0325454792512794
5133.5			1.027636868070661
5134.4			1.0512807085133928
5135.3			1.0703611987591717
5136.2			1.039598667744651
5137.1			0.9910731999013862
5138.0			0.9574144391095756
5138.9			0.9284070586121106
5139.8			0.9461355649889004
5140.7			0.9891353813714572
5141.6			0.9634118621132655
5142.5			0.9197779084970507
5143.4			0.9491325399718967
5144.3			0.9900337692768276
5145.2			0.9809272287886036
5146.1			0.9553759370276979
5147.0			0.9410169801134911
5147.9			0.9476081226393294
5148.8			0.9743868105223671
5149.7			0.9859666540579803
5150.6			0.9646236286917494
5151.5			0.9532586776705186
5152.4			0.9536192308493053
5153.3			0.9500282788697658
5154.2			0.9548965513526071
5155.1			0.9734172525037044
5156.0			0.9966425073193603
5156.9			1.0229070976239234
5157.8			1.0351010391332678
5158.7			1.0312705149669572
5159.6			1.028721386276744
5160.5			1.0257709028833983
5161.4			1.0005637912138645
5162.3			1.0
5163.2			0.99607585395567
5164.1			0.9705977209582964
5165.0			0.8975576317778049
5165.9			0.7964315675043724
5166.8			0.6938988706797897
5167.7			0.6716306208744804
5168.6			0.7581815761781376
5169.5			0.8811018396812267
5170.4			0.9057258434213382
5171.3			0.7801916233547286
5172.2			0.6425324859374545
5173.1			0.673251827820327
5174.0			0.8585884139358572
5174.9			1.019293830166514
5175.8			1.0703703092770103
5176.7			1.079477846601199
5177.6			1.0
5178.5			1.0021723034222139
5179.4			0.9934256369818117
5180.3			0.9652778155634028
5181.2			0.8972031935847292
5182.1			0.7559125497621791
5183.0			0.599694754333906
5183.9			0.5824277085221238
5184.8			0.7330811528479908
5185.7			0.8962994677011359
5186.6			0.977895582227002
5187.5			0.985775933117516
5188.4			0.9738595981786543
5189.3			1.0000499346238794
5190.2			1.0
5191.1			1.0
5192.0			1.0
5192.9			1.0
5193.8			1.0
5194.7			1.0
5195.6			1.0
5196.5			1.0
5197.4			1.0
5198.3			1.0
5199.2			1.0
5200.1			1.0
5201.0			0.9957416683653841
5201.9			0.9837420751221884
5202.8			0.9815349416604295
5203.7			0.9554837919834616
5204.6			0.894623031550985
5205.5			0.8621015118594934
5206.4			0.8861477382231842
5207.3			0.8964472076370243
5208.2			0.8684880373520679
5209.1			0.8981816286630453
5210.0			0.9673815718853505
5210.9			1.0198420392268837
5211.8			1.0673577209596705
5212.7			1.0963864862395605
5213.6			1.0956085420757147
5214.5			1.0518350920044182
5215.4			1.0030038662341187
5216.3			1.0
5217.2			1.0
5218.1			1.0
5219.0			1.0
5219.9			1.0
5220.8			1.0
5221.7			1.0
5222.6			0.9839890500359927
5223.5			0.9473641882672157
5224.4			0.9000018889434124
5225.3			0.8443014596944393
5226.2			0.7870733513969537
5227.1			0.7871578311556262
5228.0			0.8808359063613088
5228.9			0.9689026765018156
5229.8			0.9977649380049971
5230.7			1.0133025375792153
5231.6			0.9974021327337078
5232.5			1.0
5233.4			1.0
5234.3			1.0
5235.2			1.0
5236.1			1.0
5237.0			1.0
5237.9			1.0
5238.8			1.0
5239.7			1.0
5240.6			1.0066999102819256
5241.5			1.0028994598811
5242.4			0.9857186176712042
5243.3			0.9909902953368345
5244.2			1.0181560604346898
5245.1			1.0244611882183547
5246.0			0.9852544872014474
5246.9			0.9354508131806992
5247.8			0.930219743152136
5248.7			0.9452820669405224
5249.6			0.9265615926970975
5250.5			0.9144548860518842
5251.4			0.9406309291545495
5252.3			0.96658759669045
5253.2			0.9659271416486642
5254.1			1.0
5255.0			0.9794214369275415
5255.9			1.0224171945900096
5256.8			1.0871956912628729
5257.7			1.1177817990751564
5258.6			1.1221422406040291
5259.5			1.1070540224569785
5260.4			1.0685131739030453
5261.3			1.0066262655750031
5262.2			0.9358579895091497
5263.1			0.8879615269158898
5264.0			0.8572169365240301
5264.9			0.8334146243560626
5265.8			0.8245822396044058
5266.7			0.8816034702812683
5267.6			0.9294017943009718
5268.5			0.8555525489224051
5269.4			0.7453735962575064
5270.3			0.7829054608657628
5271.2			0.9245503818465448
5272.1			1.0034809902284167
5273.0			1.0056857555232839
5273.9			0.9984876944974483
5274.8			0.9791541233331467
5275.7			0.9846671682463047
5276.6			1.0569292935217771
5277.5			1.0
5278.4			1.0083323776341506
5279.3			0.9829792644092752
5280.2			0.9418602337432952
5281.1			0.9068610420383285
5282.0			0.8882625055840863
5282.9			0.8723523005035044
5283.8			0.8662035058737432
5284.7			0.917966186669054
5285.6			0.9907618335040989
5286.5			1.0219016145016135
5287.4			1.009422229867264
5288.3			1.0
5289.2			1.0075527223933889
5290.1			1.0276327002220758
5291.0			1.0303329799589334
5291.9			1.0128221150224965
5292.8			0.9867241231087478
5293.7			0.9772132950142238
5294.6			0.97367824221426
5295.5			0.9430929794514255
5296.4			0.8809435187439797
5297.3			0.824737062530341
5298.2			0.8237987878895094
5299.1			0.8801092029516129
5300.0			0.9184198014529441
5300.9			0.9113585920639373
5301.8			0.9072288126001056
5302.7			0.9346480158995997
5303.6			0.9725798049743869
5304.5			0.99723618598186
5305.4			0.9991894815523089
5306.3			1.0
5307.2			1.0
5308.1			1.0
5309.0			1.0
5309.9			1.0
5310.8			1.0
5311.7			1.0
5312.6			1.0
5313.5			1.0
5314.4			1.0
5315.3			1.0
5316.2			1.0
5317.1			1.0
5318.0			1.0
5318.9			1.0
5319.8			0.9952009281745975
5320.7			0.9872504590706043
5321.6			0.9819427113995599
5322.5			0.9581745194827251
5323.4			0.9153070341775222
5324.3			0.8899417245520301
5325.2			0.9102003549879704
5326.1			0.9054958444745886
5327.0			0.8177895498864054
5327.9			0.7203825149453291
5328.8			0.7428956153907984
5329.7			0.8618750502999805
5330.6			0.9458589407986172
5331.5			0.9558720682756344
5332.4			0.9409668415304573
5333.3			0.9528297607253216
5334.2			0.9882179810405861
5335.1			1.0076266657292825
5336.0			1.0
5336.9			0.9909117819121592
5337.8			0.9859973178875767
5338.7			0.9619077817066518
5339.6			0.9064737879649655
5340.5			0.8772075056922359
5341.4			0.9123069161025684
5342.3			0.9705623938878626
5343.2			0.9973404137703135
5344.1			0.9984797875973606
5345.0			1.0
5345.9			1.0
5346.8			1.0
5347.7			1.0
5348.6			1.0
5349.5			1.0
5350.4			1.0
5351.3			1.0
5352.2			1.0
5353.1			1.0
5354.0			1.0
5354.9			1.0
5355.8			1.0
5356.7			1.0
5357.6			1.0
5358.5			1.0
5359.4			1.0
5360.3			1.0
5361.2			1.0
5362.1			1.0
5363.0			0.9928699892868087
5363.9			0.982531037216599
5364.8			0.9660326890159228
5365.7			0.9657095384311023
5366.6			0.9699532524585847
5367.5			0.9658235054839549
5368.4			0.9528199524402126
5369.3			0.9098724424497701
5370.2			0.8507837130695197
5371.1			0.8340420538447243
5372.0			0.8870309197806279
5372.9			0.966025719048031
5373.8			1.0115639546117328
5374.7			1.0279293645470566
5375.6			1.024152629275521
5376.5			1.0083488373960323
5377.4			1.000119051094368
5378.3			1.003257396046613
5379.2			1.0000249565984407
5380.1			1.0
5381.0			1.0
5381.9			1.0
5382.8			1.0
5383.7			1.0
5384.6			1.0
5385.5			1.0
5386.4			1.0
5387.3			1.0
5388.2			1.0
5389.1			1.0
5390.0			1.0
5390.9			1.0
5391.8			1.0
5392.7			1.0
5393.6			1.0
5394.5			1.0
5395.4			0.9838465862936888
5396.3			0.9360338356756546
5397.2			0.9114636161328121
5398.1			0.9556377031344966
5399.0			1.0012379750546614
5399.9			1.0022583047843052
5400.8			1.0072092815783769
5401.7			1.0267828890190103
5402.6			1.0128776961262402
5403.5			0.9454533231652319
5404.4			0.8725198865941042
5405.3			0.8466016027212583
5406.2			0.8790695009226882
5407.1			0.9399330968373977
5408.0			0.9684000720350584
5408.9			0.9487553846527892
5409.8			0.9279155498293736
5410.7			0.9511819569573756
5411.6			1.0003550278409832
5412.5			1.020620930228733
5413.4			1.0084794142197127
5414.3			0.9934983420815793
5415.2			0.9990357921169476
5416.1			1.0
5417.0			1.0
5417.9			1.0
5418.8			1.0
5419.7			1.0
5420.6			0.9913620314829
5421.5			1.0093442674971174
5422.4			1.0099370063326039
5423.3			0.9693530487599548
5424.2			0.9442899391803374
5425.1			0.9816091644159529
5426.0			1.0318178796925952
5426.9			1.042757485436036
5427.8			0.9991742241925622
5428.7			0.9127141143265247
5429.6			0.8670357669454379
5430.5			0.9132887273748262
5431.4			0.9528946571746203
5432.3			0.9322447141306557
5433.2			0.9007350777759167
5434.1			0.8788990922841211
5435.0			0.8754615514392607
5435.9			0.8963720072200055
5436.8			0.931661696847904
5437.7			0.9733494918821491
5438.6			0.9992957274421089
5439.5			1.0
5440.4			1.0
5441.3			1.0
5442.2			1.0
5443.1			0.9933844983824845
5444.0			0.9606667291515788
5444.9			0.9097109356018714
5445.8			0.8568385313715445
5446.7			0.8393061023714541
5447.6			0.8923007691721913
5448.5			0.9628983184574813
5449.4			0.9957618982998041
5450.3			0.9998321330547002
5451.2			1.0
5452.1			0.9855214078062526
5453.0			0.963160923706601
5453.9			0.9226491198228084
5454.8			0.867185179740862
5455.7			0.859857127306632
5456.6			0.9254700546834516
5457.5			0.9866627278251354
5458.4			1.0080613977306934
5459.3			1.000117468119635
5460.2			1.0
5461.1			1.0
5462.0			1.0
5462.9			1.0
5463.8			1.0
5464.7			1.0
5465.6			1.0
5466.5			1.0
5467.4			1.0
5468.3			1.0
5469.2			1.0
5470.1			0.9810642884785005
5471.0			0.9860178571059971
5471.9			0.9961027050143939
5472.8			0.9808736112918925
5473.7			0.9732968354179365
5474.6			0.9782501054734962
5475.5			0.938549426000583
5476.4			0.886917303821613
5477.3			0.9138256465822973
5478.2			0.9862267723751286
5479.1			1.0220883266645417
5480.0			0.9983692950833969
5480.9			0.9580252948695708
5481.8			0.9614066298465399
5482.7			0.9978438506472989
5483.6			1.0
5484.5			1.0
5485.4			1.0
5486.3			1.0
5487.2			1.0
5488.1			1.0
5489.0			1.0
5489.9			1.0
5490.8			1.0
5491.7			1.0
5492.6			1.0
5493.5			1.0
5494.4			1.0
5495.3			1.0
5496.2			1.0
5497.1			1.0
5498.0			1.0
5498.9			1.0
5499.8			1.0
5500.7			1.0
5501.6			1.0
5502.5			1.0
5503.4			1.0
5504.3			1.0052704215480006
5505.2			0.985561722196739
5506.1			0.9563032695949465
5507.0			0.9684778408423252
5507.9			1.0042258247221718
5508.8			1.0086334197308937
5509.7			0.9959842434240659
5510.6			0.9790824906791944
5511.5			0.9482829887367925
5512.4			0.9218940012448057
5513.3			0.9307546886328386
5514.2			0.9468314782297911
5515.1			0.9631444094275166
5516.0			0.9701282942974321
5516.9			0.9772043235212758
5517.8			1.001072276209614
5518.7			1.01736583098672
5519.6			1.0107478100759293
5520.5			0.9985718179378694
5521.4			1.0
5522.3			1.0024139451545446
5523.2			1.0057739464329893
5524.1			1.0033645655530274
5525.0			0.9921659213458882
5525.9			0.9745863625188836
5526.8			0.9467724327876683
5527.7			0.9133056199159639
5528.6			0.9172991985561328
5529.5			0.9670546201938551
5530.4			1.007275597687556
5531.3			1.0152012990954271
5532.2			1.0076945675443052
5533.1			1.0020757649449892
5534.0			1.0
5534.9			1.0
5535.8			1.0
5536.7			1.0
5537.6			1.0
5538.5			1.0
5539.4			1.0
5540.3			1.0
5541.2			1.0
5542.1			1.0
5543.0			1.0
5543.9			1.0
5544.8			1.0
5545.7			1.0
5546.6			1.0
5547.5			1.0
5548.4			1.0
5549.3			1.0
5550.200000000001			1.0
5551.1			1.0
5552.0			1.0
5552.9			1.0
5553.8			1.0
5554.700000000001			1.0
5555.6			1.0
5556.5			1.0
5557.4			1.0
5558.3			1.0
5559.200000000001			1.0
5560.1			1.0
5561.0			1.0
5561.9			1.0
5562.8			1.0
5563.700000000001			1.0
5564.6			1.0
5565.5			1.0
5566.4			1.0
5567.3			1.0
5568.200000000001			1.0
5569.1			1.0
5570.0			1.0
5570.9			1.0
5571.8			1.0
5572.700000000001			1.0
5573.6			1.0
5574.5			1.0
5575.4			1.0
5576.3			0.9904999846652283
5577.200000000001			1.003477869121146
5578.1			1.0076044021811483
5579.0			1.0091429490203174
5579.9			1.0185027588093971
5580.8			1.011249218846377
5581.700000000001			1.0049521917527562
5582.6			1.0142889633171936
5583.5			1.0196934714167696
5584.4			0.9989823522119242
5585.3			0.9577026148556045
5586.200000000001			0.9052714815586818
5587.1			0.8769305455868702
5588.0			0.8902943551747715
5588.9			0.9187474013282442
5589.8			0.9500610355915233
5590.700000000001			0.9711200587589888
5591.6			0.9744253454408999
5592.5			0.9737649270872835
5593.4			0.9700905759516049
5594.3			0.9784707091497284
5595.200000000001			1.0
5596.1			1.030299370222374
5597.0			1.0039047765028606
5597.9			0.960957913877023
5598.8			0.948897156056366
5599.700000000001			0.9500372828582958
5600.6			0.9275269970644551
5601.5			0.8979565563073377
5602.4			0.8933550577464058
5603.3			0.9259933358879563
5604.200000000001			0.9821281057794953
5605.1			1.0217086792447674
5606.0			1.0255193462311587
5606.9			1.0
5607.8			0.9978408440016554
5608.700000000001			0.9911106174280419
5609.6			0.9914875567348292
5610.5			0.99954123113719
5611.4			1.0023002685700206
5612.3			1.0044205860420559
5613.200000000001			0.9828551655158324
5614.1			0.9122151584126755
5615.0			0.8468979595554765
5615.9			0.8641404968732221
5616.8			0.926856312935961
5617.700000000001			0.959415819486076
5618.6			0.9616062489148277
5619.5			0.9622834604987315
5620.4			0.9773676037258808
5621.3			0.9992710261846867
5622.200000000001			1.002106900919533
5623.1			1.0
5624.0			1.0
5624.9			1.0
5625.8			1.0
5626.700000000001			1.0
5627.6			1.0
5628.5			1.0
5629.4			1.0
5630.3			1.0
5631.200000000001			1.0
5632.1			1.0
5633.0			1.0
5633.9			1.0
5634.8			1.0
5635.700000000001			1.0
5636.6			1.0
5637.5			1.0
5638.4			1.0
5639.3			1.0
5640.200000000001			1.0
5641.1			1.0
5642.0			1.0
5642.9			1.0
5643.8			1.0
5644.700000000001			1.0
5645.6			1.0
5646.5			1.0
5647.4			1.0
5648.3			0.9945452450908508
5649.200000000001			0.9833376465860164
5650.1			0.9796718424035347
5651.0			0.997604387930298
5651.9			1.0127231967646961
5652.8			1.0130916379064103
5653.700000000001			0.9895120146177652
5654.6			0.964120358914714
5655.5			0.98059968890793
5656.4			0.9986628674166905
5657.3			0.9540048951453158
5658.200000000001			0.8912373106436895
5659.1			0.907866695138487
5660.0			0.9633887833465847
5660.9			0.9764825414076179
5661.8			0.9573209505137039
5662.700000000001			0.9606122580196452
5663.6			0.9975329730420958
5664.5			1.0286621038412727
5665.4			1.0295818215559693
5666.3			1.0129145191320976
5667.200000000001			0.9994271535926971
5668.1			0.9994136716628518
5669.0			1.0
5669.9			1.0
5670.8			1.0
5671.700000000001			1.0
5672.6			1.0
5673.5			1.0
5674.4			1.0
5675.3			1.0
5676.200000000001			1.0
5677.1			1.0
5678.0			1.0
5678.9			1.0
5679.8			1.0
5680.700000000001			1.0
5681.6			1.0
5682.5			1.0
5683.4			1.0
5684.3			1.0
5685.200000000001			1.0
5686.1			1.0
5687.0			1.0
5687.9			1.0
5688.8			1.0
5689.700000000001			1.0
5690.6			1.0
5691.5			1.0
5692.4			1.0112018605130424
5693.3			1.0095386623154716
5694.200000000001			0.9941182934813964
5695.1			0.9928260298151431
5696.0			1.0084093146784476
5696.9			0.99901069387145
5697.8			0.9687385405846298
5698.700000000001			0.9493536232558595
5699.6			0.9603429932871916
5700.5			0.9524103205555854
5701.4			0.9367866561216743
5702.3			0.9504101786383231
5703.200000000001			0.967355163554421
5704.1			0.9698115385952568
5705.0			0.9561052902836255
5705.9			0.9321037201702483
5706.8			0.9219964148155418
5707.700000000001			0.9122561168796328
5708.6			0.893833279514672
5709.5			0.8884323289151987
5710.4			0.9028573325405418
5711.3			0.9013249331766238
5712.200000000001			0.9215162813840749
5713.1			0.9719484685931431
5714.0			0.9924564880638547
5714.9			0.990824044071498
5715.8			1.0048995605270319
5716.700000000001			1.0087673942317876
5717.6			1.0090776024235653
5718.5			1.0123261232418834
5719.4			1.0145704653596803
5720.3			1.0118831566108246
5721.200000000001			1.0204786266951618
5722.1			1.0315721633089459
5723.0			1.0297489007763752
5723.9			1.026360932745984
5724.8			1.0304483462209004
5725.700000000001			1.0237800708200089
5726.6			1.0000010842800016
5727.5			1.0
5728.4			1.0
5729.3			1.0
5730.200000000001			1.0
5731.1			1.0
5732.0			1.0
5732.9			1.0
5733.8			1.0
5734.700000000001			1.0
5735.6			1.0
5736.5			1.0
5737.4			1.0
5738.3			1.0
5739.200000000001			1.0
5740.1			1.0
5741.0			1.0
5741.9			1.0
5742.8			1.0
5743.700000000001			1.0
5744.6			1.0
5745.5			1.0
5746.4			1.0
5747.3			1.0
5748.200000000001			1.0
5749.1			1.0201030063509722
5750.0			1.0394881539204692
5750.9			1.0305239467333527
5751.8			0.9962337215503481
5752.700000000001			0.9567324059591014
5753.6			0.9324482084007754
5754.5			0.9412823973573149
5755.4			0.9745929788832811
5756.3			1.0011283022932367
5757.200000000001			1.0026445265110062
5758.1			0.9985380656773334
5759.0			1.0
5759.9			1.0
5760.8			1.0
5761.700000000001			1.0
5762.6			1.0
5763.5			1.0
5764.4			1.0
5765.3			1.0
5766.200000000001			1.0
5767.1			1.0
5768.0			1.0
5768.9			1.0
5769.8			1.0
5770.700000000001			1.0
5771.6			1.0
5772.5			1.0004517075500448
5773.4			1.001810667604329
5774.3			0.9923256221461392
5775.200000000001			0.9963151542411499
5776.1			1.0183866895383051
5777.0			1.0264154557725271
5777.9			1.0172823378609999
5778.8			0.9979604969730017
5779.700000000001			0.9680284078537483
5780.6			0.9268861279905527
5781.5			0.9111403004610272
5782.4			0.9271620481120558
5783.3			0.9401305548146156
5784.200000000001			0.9328982852769302
5785.1			0.9262360990198393
5786.0			0.9527178069472104
5786.9			0.9920517032578359
5787.8			1.0136953220183613
5788.700000000001			1.0257646798969757
5789.6			1.0196305977181837
5790.5			0.9998471179514252
5791.4			1.0
5792.3			1.0
5793.200000000001			1.0
5794.1			1.0
5795.0			1.0
5795.9			1.0
5796.8			1.0
5797.700000000001			1.0
5798.6			1.0
5799.5			1.0
5800.4			1.0
5801.3			1.0
5802.200000000001			1.0
5803.1			1.0
5804.0			1.0
5804.9			1.0
5805.8			1.0
5806.700000000001			1.0
5807.6			1.0
5808.5			1.0
5809.4			1.0
5810.3			1.0
5811.200000000001			1.0
5812.1			1.0
5813.0			1.0
5813.9			1.0
5814.8			1.0
5815.700000000001			1.0
5816.6			1.0
5817.5			1.0
5818.4			1.0
5819.3			1.0
5820.200000000001			1.0
5821.1			1.0
5822.0			1.0
5822.9			1.0
5823.8			1.0
5824.700000000001			1.0
5825.6			1.0
5826.5			1.0
5827.4			1.0
5828.3			1.0
5829.200000000001			1.0
5830.1			1.0
5831.0			1.0
5831.9			1.0
5832.8			1.0
5833.700000000001			1.0
5834.6			1.0
5835.5			1.0
5836.4			1.0
5837.3			1.0
5838.200000000001			1.0
5839.1			1.0
5840.0			1.0
5840.9			1.0
5841.8			1.0
5842.700000000001			1.0
5843.6			1.0
5844.5			1.0
5845.4			1.0
5846.3			1.0
5847.200000000001			1.0
5848.1			1.005402490424526
5849.0			1.0152142816446155
5849.9			1.0211090121323303
5850.8			1.0168347027034443
5851.700000000001			1.0016622127026986
5852.6			0.9816930735958906
5853.5			0.9801882257445784
5854.4			0.996622133221716
5855.3			0.9945102080179009
5856.200000000001			0.9690329465556782
5857.1			0.9377076567146283
5858.0			0.9414894550444308
5858.9			0.969959825352142
5859.8			0.992878360676489
5860.700000000001			1.008864902957943
5861.6			1.003067775926553
5862.5			0.9965175422936788
5863.4			1.0119033286602686
5864.3			1.0269246261489002
5865.200000000001			1.018916834875805
5866.1			1.0003222664604876
5867.0			1.0
5867.9			1.0
5868.8			1.0
5869.700000000001			1.0
5870.6			1.0
5871.5			1.0
5872.4			1.0
5873.3			1.0
5874.200000000001			1.0
5875.1			1.0
5876.0			1.0
5876.9			1.0
5877.8			1.0
5878.700000000001			1.0
5879.6			0.9886363840420355
5880.5			0.9944924495844246
5881.4			1.0124468416816033
5882.3			1.0137098910238758
5883.200000000001			0.9975392228463663
5884.1			0.9908360933731497
5885.0			1.005137238646191
5885.9			1.0220060115686376
5886.8			1.0083641160216013
5887.700000000001			0.9554144070038512
5888.6			0.8342402815688973
5889.5			0.7107106885265212
5890.4			0.7272307228878873
5891.3			0.8412783251227223
5892.200000000001			0.9143721970693686
5893.1			0.941753715313538
5894.0			0.930702185040399
5894.9			0.8432865759577229
5895.8			0.7753881169279737
5896.700000000001			0.8455633863222415
5897.6			0.9470468818975439
5898.5			0.9870368274010779
5899.4			1.0004700408432028
5900.3			1.0
5901.200000000001			1.0
5902.1			1.0
5903.0			1.0
5903.9			1.0
5904.8			1.0
5905.700000000001			1.0
5906.6			1.0
5907.5			1.0
5908.4			1.0
5909.3			1.0
5910.200000000001			1.0
5911.1			1.0
5912.0			1.0
5912.9			1.0
5913.8			1.0
5914.700000000001			1.0
5915.6			1.0
5916.5			1.0
5917.4			1.0
5918.3			1.0
5919.200000000001			1.0
5920.1			1.0
5921.0			1.0
5921.9			1.0
5922.8			1.0
5923.700000000001			1.0
5924.6			1.0
5925.5			1.0
5926.4			1.0
5927.3			1.0
5928.200000000001			1.0
5929.1			1.0
5930.0			1.0
5930.9			1.0
5931.8			1.0
5932.700000000001			1.0
5933.6			1.0
5934.5			1.0
5935.4			1.0
5936.3			1.0
5937.200000000001			1.0
5938.1			1.0
5939.0			1.0
5939.9			1.0
5940.8			1.0
5941.700000000001			1.0
5942.6			1.0
5943.5			1.0
5944.4			1.0
5945.3			1.0
5946.200000000001			1.0
5947.1			1.0
5948.0			1.0
5948.9			1.0
5949.8			1.0
5950.700000000001			1.0
5951.6			1.0
5952.5			1.0
5953.4			1.0
5954.3			1.0
5955.200000000001			1.0
5956.1			1.0
5957.0			1.0
5957.9			1.0
5958.8			1.0
5959.700000000001			1.0
5960.6			1.0
5961.5			1.0
5962.4			1.0
5963.3			1.0
5964.200000000001			1.0
5965.1			1.0
5966.0			1.0
5966.9			1.0
5967.8			1.0
5968.700000000001			1.0
5969.6			1.0
5970.5			1.0
5971.4			1.0
5972.3			1.0
5973.200000000001			1.0
5974.1			1.0
5975.0			1.0
5975.9			1.0
5976.8			1.0
5977.700000000001			1.0
5978.6			1.0
5979.5			1.0
5980.4			1.0
5981.3			1.0
5982.200000000001			1.0
5983.1			1.0
5984.0			1.0
5984.9			1.0
5985.8			1.0
5986.700000000001			1.0
5987.6			1.0
5988.5			1.0
5989.4			1.0
5990.3			1.0
5991.200000000001			1.0
5992.1			1.0
5993.0			1.0
5993.9			1.0
5994.8			1.0
5995.700000000001			1.0
5996.6			1.0
5997.5			1.0
5998.4			1.0
5999.3			1.0
6000.200000000001			1.0
6001.1			1.0
6002.0			1.0
6002.9			1.0
6003.8			1.0
6004.700000000001			1.0
6005.6			1.0
6006.5			1.0
6007.4			1.0
6008.3			1.0
6009.200000000001			1.0
6010.1			1.0
6011.0			1.0
6011.9			1.0
6012.8			1.0
6013.700000000001			1.0
6014.6			1.0
6015.5			1.0
6016.4			1.0
6017.3			1.0
6018.200000000001			1.0
6019.1			1.0
6020.0			1.0
6020.9			1.0
6021.8			1.0
6022.700000000001			1.0
6023.6			1.0
6024.5			1.0
6025.4			1.0
6026.3			1.0
6027.200000000001			1.0
6028.1			1.0
6029.0			1.0
6029.9			1.0
6030.8			1.0
6031.700000000001			1.0
6032.6			1.0
6033.5			1.0
6034.4			1.0
6035.3			1.0
6036.200000000001			1.0
6037.1			1.0
6038.0			1.0
6038.9			1.0
6039.8			1.0
6040.700000000001			1.0
6041.6			1.0
6042.5			1.0
6043.4			1.0
6044.3			1.0
6045.200000000001			1.0
6046.1			1.0
6047.0			1.0
6047.9			1.0
6048.8			1.0
6049.700000000001			1.0
6050.6			1.0
6051.5			1.0
6052.4			1.0
6053.3			1.0
6054.200000000001			1.0
6055.1			1.0
6056.0			1.0
6056.9			1.0
6057.8			1.0
6058.700000000001			1.0
6059.6			1.0
6060.5			1.0
6061.4			1.0
6062.3			1.0
6063.200000000001			1.0
6064.1			1.0
6065.0			1.0
6065.9			1.0
6066.8			1.0
6067.700000000001			1.0
6068.6			1.0
6069.5			1.0
6070.4			1.0
6071.3			1.0
6072.200000000001			1.0
6073.1			1.0
6074.0			1.0
6074.9			1.0
6075.8			1.0
6076.700000000001			1.0
6077.6			1.0
6078.5			1.0
6079.4			1.0
6080.3			1.0
6081.200000000001			1.0
6082.1			1.0
6083.0			1.0
6083.9			1.0
6084.8			1.0
6085.700000000001			1.0
6086.6			1.0
6087.5			1.0
6088.4			1.0
6089.3			1.0
6090.200000000001			1.0
6091.1			1.0
6092.0			1.0
6092.9			1.0
6093.8			1.0
6094.700000000001			1.0
6095.6			1.0
6096.5			1.0
6097.4			1.0
6098.3			1.0
6099.200000000001			1.0
6100.1			1.005848198507395
6101.0			0.9772308132731744
6101.9			0.907136019690088
6102.8			0.8739473773005587
6103.700000000001			0.9291675198597016
6104.6			0.9867674120936678
6105.5			0.9999677210818242
6106.4			1.0
6107.3			1.0
6108.200000000001			1.0
6109.1			1.0
6110.0			1.0
6110.9			1.0
6111.8			1.0
6112.700000000001			1.0
6113.6			1.0
6114.5			1.0
6115.4			1.0
6116.3			1.0
6117.200000000001			1.0
6118.1			1.0
6119.0			1.0
6119.9			1.0
6120.8			1.0
6121.700000000001			1.0
6122.6			1.0
6123.5			1.0
6124.4			1.0
6125.3			1.0
6126.200000000001			1.0
6127.1			1.0
6128.0			1.0
6128.9			1.0
6129.8			1.0
6130.700000000001			1.0
6131.6			1.0
6132.5			1.0
6133.4			1.007580054968655
6134.3			0.9929954833029808
6135.200000000001			0.9464339759846349
6136.1			0.882480334312744
6137.0			0.8415329036342922
6137.9			0.8859385023367266
6138.8			0.9669959211287052
6139.700000000001			1.012754081339742
6140.6			1.0004771943315978
6141.5			1.0
6142.4			1.0
6143.3			1.0
6144.200000000001			1.0
6145.1			1.0
6146.0			1.0
6146.9			1.0
6147.8			1.0
6148.700000000001			1.0
6149.6			1.0
6150.5			1.0
6151.4			1.0
6152.3			1.0
6153.200000000001			1.0
6154.1			1.0
6155.0			1.0
6155.9			1.010404704941608
6156.8			1.0217872633239278
6157.700000000001			1.0225743648845833
6158.6			1.0385069623887173
6159.5			1.0293700709723932
6160.4			0.9720053074846151
6161.3			0.9038073749356325
6162.200000000001			0.8805713677059408
6163.1			0.917270440552358
6164.0			0.9708926631570387
6164.9			1.0039145113184311
6165.8			1.014654136205142
6166.700000000001			1.037577298855502
6167.6			1.0455642695353204
6168.5			1.0012228752499834
6169.4			1.0
6170.3			1.0
6171.200000000001			1.0
6172.1			1.0
6173.0			1.0
6173.9			1.0
6174.8			1.0
6175.700000000001			1.0
6176.6			1.0
6177.5			1.0
6178.4			1.0
6179.3			1.0
6180.200000000001			1.0
6181.1			1.0
6182.0			1.0
6182.9			1.0
6183.8			1.0
6184.700000000001			1.0
6185.6			1.0
6186.5			1.0
6187.4			0.9965563468141048
6188.3			0.9972022195745578
6189.200000000001			1.0007715260019319
6190.1			0.975637075147727
6191.0			0.9154905975524734
6191.9			0.9251627776751105
6192.8			0.9826941104644417
6193.700000000001			1.0042459677733524
6194.6			0.9983697903306762
6195.5			1.0
6196.4			1.0
6197.3			1.0
6198.200000000001			1.0
6199.1			1.0
6200.0			1.0
6200.9			1.0
6201.8			1.0
6202.700000000001			1.0
6203.6			1.0
6204.5			1.0
6205.4			1.0
6206.3			1.0
6207.200000000001			1.0
6208.1			1.0
6209.0			1.0
6209.9			1.0
6210.8			1.0
6211.700000000001			1.0
6212.6			1.0
6213.5			1.0
6214.4			1.0
6215.3			1.0
6216.200000000001			1.0
6217.1			1.0
6218.0			1.0
6218.9			1.0
6219.8			1.0
6220.700000000001			1.0
6221.6			1.0
6222.5			1.0
6223.4			1.0
6224.3			1.0
6225.200000000001			1.0
6226.1			0.9951258291109004
6227.0			0.9938853154014272
6227.9			0.9944970618470385
6228.8			0.9682665789799988
6229.700000000001			0.9252290193964433
6230.6			0.9028242609355062
6231.5			0.919430019700956
6232.4			0.9407032234104901
6233.3			0.9638820874260406
6234.200000000001			0.9893319844570689
6235.1			1.000609215063048
6236.0			1.0
6236.9			1.0
6237.8			1.0
6238.700000000001			1.0
6239.6			1.0
6240.5			1.0
6241.4			1.0
6242.3			0.9836272578627244
6243.200000000001			0.9642441143553502
6244.1			0.9702170643519814
6245.0			0.9736750419552811
6245.9			0.958015204684977
6246.8			0.9683545314619109
6247.700000000001			1.010732351261951
6248.6			1.036071869483186
6249.5			1.031089026452145
6250.4			1.0182047325658587
6251.3			0.9829247031840894
6252.200000000001			0.9357185558033426
6253.1			0.9242159806182862
6254.0			0.9288784174341547
6254.9			0.9474350548911572
6255.8			0.9436895841523683
6256.700000000001			0.9369864511417405
6257.6			0.9314710548748454
6258.5			0.9264070828974901
6259.4			0.9514760382685089
6260.3			0.9675285532165926
6261.200000000001			0.9751443267694462
6262.1			0.9947312197581449
6263.0			1.0088241031128702
6263.9			0.9995950651792305
6264.8			1.0
6265.700000000001			1.0
6266.6			1.0
6267.5			1.0
6268.4			1.0
6269.3			1.0
6270.200000000001			1.0
6271.1			1.0
6272.0			1.0
6272.9			1.0
6273.8			1.0
6274.700000000001			1.0
6275.6			1.0
6276.5			1.0
6277.4			1.0
6278.3			1.0
6279.200000000001			1.0
6280.1			1.0
6281.0			1.0
6281.9			1.0
6282.8			1.0
6283.700000000001			1.0
6284.6			1.0
6285.5			1.0
6286.4			1.0
6287.3			1.0
6288.200000000001			1.0
6289.1			1.0
6290.0			1.0
6290.9			1.0
6291.8			1.0
6292.700000000001			1.0
6293.6			1.0
6294.5			1.0
6295.4			1.0
6296.3			1.0
6297.200000000001			1.0
6298.1			1.0
6299.0			1.0
6299.9			1.0
6300.8			1.0
6301.700000000001			1.0
6302.6			1.0
6303.5			1.0
6304.4			1.0
6305.3			1.0
6306.200000000001			1.0
6307.1			1.0
6308.0			1.0
6308.9			1.0
6309.8			1.0
6310.700000000001			1.0
6311.6			1.0
6312.5			1.0
6313.4			1.0
6314.3			1.0
6315.200000000001			1.0
6316.1			1.0
6317.0			1.0
6317.9			1.0
6318.8			1.0
6319.700000000001			1.0
6320.6			1.0
6321.5			1.0
6322.4			1.0
6323.3			1.0
6324.200000000001			1.0
6325.1			1.0
6326.0			1.0
6326.9			1.0
6327.8			1.0
6328.700000000001			1.0
6329.6			1.0
6330.5			1.0
6331.4			1.0
6332.3			1.0
6333.200000000001			1.0
6334.1			1.0
6335.0			1.0
6335.9			1.0
6336.8			1.0
6337.700000000001			1.0
6338.6			1.0
6339.5			1.0
6340.4			1.0
6341.3			1.0
6342.200000000001			1.0
6343.1			1.0
6344.0			1.0
6344.9			1.0
6345.8			1.0
6346.700000000001			1.0
6347.6			1.0
6348.5			1.0
6349.4			1.0
6350.3			1.0
6351.200000000001			1.0
6352.1			1.0
6353.0			1.0
6353.9			1.0
6354.8			1.0
6355.700000000001			1.0
6356.6			1.0
6357.5			1.0
6358.4			1.0
6359.3			1.0
6360.200000000001			1.0
6361.1			1.0
6362.0			1.0
6362.9			1.0
6363.8			1.0
6364.700000000001			1.0
6365.6			1.0
6366.5			1.0
6367.4			1.0
6368.3			1.0
6369.200000000001			1.0
6370.1			1.0
6371.0			1.0
6371.9			1.0
6372.8			1.0
6373.700000000001			1.0
6374.6			1.0
6375.5			1.0
6376.4			1.0
6377.3			1.0
6378.200000000001			1.0
6379.1			1.0
6380.0			1.0
6380.9			1.0
6381.8			1.0
6382.700000000001			1.0
6383.6			1.0
6384.5			1.0
6385.4			1.0
6386.3			1.0
6387.200000000001			1.0
6388.1			1.0
6389.0			1.0
6389.9			1.0
6390.8			1.0
6391.700000000001			1.0
6392.6			1.0
6393.5			1.0
6394.4			1.0
6395.3			1.0
6396.200000000001			1.0
6397.1			1.0070846928239394
6398.0			0.9977314260821024
6398.9			0.9564101467152473
6399.8			0.9032264132543911
6400.700000000001			0.9098335936831417
6401.6			0.9638627554505171
6402.5			0.9991548092067012
6403.4			1.0
6404.3			1.0
6405.200000000001			1.0
6406.1			1.0
6407.0			1.0
6407.9			1.0
6408.8			1.0
6409.700000000001			1.0
6410.6			1.0
6411.5			1.0
6412.4			1.0
6413.3			1.0
6414.200000000001			1.0
6415.1			1.0
6416.0			1.0
6416.9			1.0
6417.8			1.0
6418.700000000001			1.0
6419.6			1.0
6420.5			1.0
6421.4			1.0
6422.3			1.0
6423.200000000001			1.0
6424.1			1.0
6425.0			1.0
6425.9			1.0
6426.8			1.0
6427.700000000001			1.0
6428.6			1.0
6429.5			1.0
6430.4			1.0
6431.3			1.0
6432.200000000001			1.0
6433.1			1.0
6434.0			1.0
6434.9			1.0
6435.8			1.0
6436.700000000001			1.0
6437.6			1.0
6438.5			1.0
6439.4			1.0
6440.3			1.0
6441.200000000001			1.0
6442.1			1.0
6443.0			1.0
6443.9			1.0
6444.8			1.0
6445.700000000001			1.0
6446.6			1.0004730011650165
6447.5			0.9925836264626685
6448.4			0.9568885657422643
6449.3			0.8998629820765626
6450.200000000001			0.8854744083080374
6451.1			0.9290931924716896
6452.0			0.9766944979015543
6452.9			0.9993568497590366
6453.8			1.0008014578450344
6454.700000000001			1.0
6455.6			1.0
6456.5			1.0
6457.4			1.0
6458.3			1.0
6459.200000000001			1.0
6460.1			1.0
6461.0			1.0
6461.9			1.0
6462.8			1.0
6463.700000000001			1.0
6464.6			1.0
6465.5			1.0
6466.4			1.0
6467.3			1.0
6468.200000000001			1.0
6469.1			1.0
6470.0			1.0
6470.9			1.0
6471.8			1.0
6472.700000000001			1.0
6473.6			1.0
6474.5			1.0
6475.4			1.0
6476.3			1.0
6477.200000000001			1.0
6478.1			1.0
6479.0			1.0
6479.9			1.0
6480.8			1.0
6481.700000000001			1.0
6482.6			1.0
6483.5			1.0
6484.4			1.0
6485.3			1.0
6486.200000000001			1.0
6487.1			1.0023482975813953
6488.0			1.0073654602966688
6488.9			1.0101101765233473
6489.8			1.003838156366932
6490.700000000001			0.9885655100104132
6491.6			0.9746845825509645
6492.5			0.9561709398847583
6493.4			0.9101282534453058
6494.3			0.8555074643817386
6495.200000000001			0.8405871102617554
6496.1			0.8604879885627067
6497.0			0.8960747105676917
6497.9			0.9238964234420264
6498.8			0.9240588863144665
6499.700000000001			0.9324311158326261
6500.6			0.9593897429785339
6501.5			0.9818963835312249
6502.4			0.9965978588583746
6503.3			0.9999988554593435
6504.200000000001			1.0
6505.1			1.0
6506.0			1.0
6506.9			1.0
6507.8			1.0
6508.700000000001			1.0
6509.6			1.0
6510.5			1.0
6511.4			1.0
6512.3			1.0
6513.200000000001			1.0
6514.1			1.0
6515.0			1.0
6515.9			1.0
6516.8			1.0
6517.700000000001			1.0
6518.6			1.0
6519.5			1.0
6520.4			1.0
6521.3			1.0
6522.200000000001			1.0
6523.1			1.0
6524.0			1.0
6524.9			1.0
6525.8			1.0
6526.700000000001			1.0
6527.6			1.0
6528.5			1.0
6529.4			1.0
6530.3			1.0
6531.200000000001			1.0
6532.1			1.0
6533.0			1.0
6533.9			1.0
6534.8			1.0
6535.700000000001			1.0
6536.6			1.0
6537.5			1.0
6538.4			1.0
6539.3			1.0
6540.200000000001			1.0
6541.1			1.0
6542.0			1.0
6542.9			1.0
6543.8			1.0
6544.700000000001			1.0
6545.6			1.0
6546.5			1.0
6547.4			1.0
6548.3			1.0
6549.200000000001			1.0
6550.1			1.0
6551.0			1.0
6551.9			1.0
6552.8			1.0
6553.700000000001			1.0
6554.6			1.0
6555.5			1.0
6556.4			1.0
6557.3			1.0
6558.200000000001			1.001179728321133
6559.1			0.9857384094597228
6560.0			0.9528164522480791
6560.9			0.8754743118920092
6561.8			0.7281993336989026
6562.700000000001			0.6146616260959377
6563.6			0.6795652505643545
6564.5			0.8430957211750162
6565.4			0.947226339952498
6566.3			0.9858289181441335
6567.200000000001			0.9997075743088079
6568.1			1.0
6569.0			1.0
6569.9			1.0
6570.8			1.0
6571.700000000001			1.0
6572.6			1.0
6573.5			1.0
6574.4			1.0
6575.3			1.0
6576.200000000001			1.0
6577.1			1.0
6578.0			1.0
6578.9			1.0
6579.8			1.0
6580.700000000001			1.0
6581.6			1.0
6582.5			1.0
6583.4			1.0
6584.3			1.0
6585.200000000001			1.0
6586.1			0.990768342993
6587.0			0.9975080250575141
6587.9			1.0090510369064911
6588.8			1.0117161546538618
6589.700000000001			1.0092452799564515
6590.6			1.0008131243112126
6591.5			0.9705310000669192
6592.4			0.9240444135296656
6593.3			0.8983450221129995
6594.200000000001			0.923299068252238
6595.1			0.9619064376754345
6596.0			0.9727899882200558
6596.9			1.0
6597.8			0.9916218854608935
6598.700000000001			0.9892636493925084
6599.6			1.008646718612834
6600.5			1.0336989155517404
6601.4			1.0372981413372198
6602.3			1.0282882365660153
6603.200000000001			1.0183420613629226
6604.1			1.0099085818510103
6605.0			0.9996242301834157
6605.9			1.0
6606.8			1.0
6607.700000000001			1.0
6608.6			1.0
6609.5			1.0
6610.4			1.0
6611.3			1.0
6612.200000000001			1.0
6613.1			1.0
6614.0			1.0
6614.9			1.0
6615.8			1.0
6616.700000000001			1.0
6617.6			1.0
6618.5			1.0
6619.4			1.0
6620.3			1.0
6621.200000000001			1.0
6622.1			1.0
6623.0			1.0
6623.9			1.0
6624.8			1.0
6625.700000000001			1.0
6626.6			1.0
6627.5			1.0
6628.4			1.0
6629.3			1.0
6630.200000000001			1.0
6631.1			1.0
6632.0			1.0
6632.9			1.0
6633.8			1.0
6634.700000000001			1.0
6635.6			1.0
6636.5			1.0
6637.4			1.0
6638.3			1.0
6639.200000000001			1.0
6640.1			1.0
6641.0			1.0
6641.9			1.0
6642.8			1.0
6643.700000000001			1.0
6644.6			1.0
6645.5			1.0
6646.4			1.0
6647.3			1.0
6648.200000000001			1.0
6649.1			1.0
6650.0			1.0
6650.9			1.0
6651.8			1.0
6652.700000000001			1.0
6653.6			1.0
6654.5			1.0
6655.4			1.0
6656.3			1.0
6657.200000000001			1.0
6658.1			1.0
6659.0			1.0
6659.9			1.0
6660.8			1.0
6661.700000000001			1.0
6662.6			1.0
6663.5			1.0
6664.4			1.0
6665.3			1.0
6666.200000000001			1.0
6667.1			1.0
6668.0			1.0
6668.9			1.0
6669.8			1.0
6670.700000000001			1.0
6671.6			1.0
6672.5			1.0
6673.4			1.0
6674.3			1.0
6675.200000000001			1.0
6676.1			1.0
6677.0			1.0
6677.9			1.0
6678.8			1.0
6679.700000000001			1.0
6680.6			1.0
6681.5			1.0
6682.4			1.0
6683.3			1.0
6684.200000000001			1.0
6685.1			1.0
6686.0			1.0
6686.9			1.0
6687.8			1.0
6688.700000000001			1.0
6689.6			1.0
6690.5			1.0
6691.4			1.0
6692.3			1.0
6693.200000000001			1.0
6694.1			1.0
6695.0			1.0
6695.9			1.0
6696.8			1.0
6697.700000000001			1.0
6698.6			1.0
6699.5			1.0
6700.4			1.0
6701.3			1.0
6702.200000000001			1.0
6703.1			1.0
6704.0			1.0
6704.9			1.0
6705.8			1.0
6706.700000000001			1.0
6707.6			1.0
6708.5			1.0
6709.4			1.0
6710.3			1.0
6711.200000000001			1.0
6712.1			1.0
6713.0			1.0
6713.9			1.0
6714.8			1.0
6715.700000000001			1.0
6716.6			1.0
6717.5			1.0
6718.4			1.0
6719.3			1.0
6720.200000000001			1.0
6721.1			1.0
6722.0			1.0
6722.9			1.0
6723.8			1.0
6724.700000000001			1.0
6725.6			1.0
6726.5			1.0
6727.4			1.0
6728.3			1.0
6729.200000000001			1.0
6730.1			1.0
6731.0			1.0
6731.9			1.0
6732.8			1.0
6733.700000000001			1.0
6734.6			1.0
6735.5			1.0
6736.4			1.0
6737.3			1.0
6738.200000000001			1.0
6739.1			1.0
6740.0			1.0
6740.9			1.0
6741.8			1.0
6742.700000000001			1.0
6743.6			1.0
6744.5			1.0
6745.4			1.0
6746.3			1.0
6747.200000000001			1.0
6748.1			1.0
6749.0			1.0
6749.9			1.0
6750.8			1.0
6751.700000000001			1.0
6752.6			1.0
6753.5			1.0
6754.4			1.0
6755.3			1.0
6756.200000000001			1.0
6757.1			1.0
6758.0			1.0
6758.9			1.0
6759.8			1.0
6760.700000000001			1.0
6761.6			1.0
6762.5			1.0
6763.4			1.0
6764.3			1.0
6765.200000000001			1.0
6766.1			1.0
6767.0			1.0
6767.9			1.0
6768.8			1.0
6769.700000000001			1.0
6770.6			1.0
6771.5			1.0
6772.4			1.0
6773.3			1.0
6774.200000000001			1.0
6775.1			1.0
6776.0			1.0
6776.9			1.0
6777.8			1.0
6778.700000000001			1.0
6779.6			1.0
6780.5			1.0
6781.4			1.0
6782.3			1.0
6783.200000000001			1.0
6784.1			1.0
6785.0			1.0
6785.9			1.0
6786.8			1.0
6787.700000000001			1.0
6788.6			1.0
6789.5			1.0
6790.4			1.0
6791.3			1.0
6792.200000000001			1.0
6793.1			1.0
6794.0			1.0
6794.9			1.0
6795.8			1.0
6796.700000000001			1.0
6797.6			1.0
6798.5			1.0
6799.4			1.0
6800.3			1.0
6801.200000000001			1.0
6802.1			1.0
6803.0			1.0
6803.9			1.0
6804.8			1.0
6805.700000000001			1.0
6806.6			1.0
6807.5			1.0
6808.4			1.0
6809.3			1.0
6810.200000000001			1.0
6811.1			1.0
6812.0			1.0
6812.9			1.0
6813.8			1.0
6814.700000000001			1.0
6815.6			1.0
6816.5			1.0
6817.4			1.0
6818.3			1.0
6819.200000000001			1.0
6820.1			1.0
6821.0			1.0
6821.9			1.0
6822.8			1.0
6823.700000000001			1.0
6824.6			1.0
6825.5			1.0
6826.4			1.0
6827.3			1.0
6828.200000000001			1.0
6829.1			1.0
6830.0			1.0
6830.9			1.0
6831.8			1.0
6832.700000000001			1.0
6833.6			1.0
6834.5			1.0
6835.4			1.0
6836.3			1.0
6837.200000000001			1.0
6838.1			1.0
6839.0			1.0
6839.9			1.0
6840.8			1.0
6841.700000000001			1.0
6842.6			1.0
6843.5			1.0
6844.4			1.0
6845.3			1.0
6846.200000000001			1.0
6847.1			1.0
6848.0			1.0
6848.9			1.0
6849.8			1.0
6850.700000000001			1.0
6851.6			1.0
6852.5			1.0
6853.4			1.0
6854.3			1.0
6855.200000000001			1.0
6856.1			1.0
6857.0			1.0
6857.9			1.0
6858.8			1.0
6859.700000000001			1.0
6860.6			1.0
6861.5			1.0
6862.4			1.0
6863.3			1.0
6864.200000000001			1.0
6865.1			1.0
6866.0			1.0
6866.9			1.0
6867.8			1.0
6868.700000000001			1.0
6869.6			1.0
6870.5			1.0
6871.4			1.0
6872.3			1.0
6873.200000000001			1.0
6874.1			1.0
6875.0			1.0
6875.9			1.0
6876.8			1.0
6877.700000000001			1.0
6878.6			1.0
6879.5			1.0
6880.4			1.0
6881.3			1.0
6882.200000000001			1.0
6883.1			1.0
6884.0			1.0
6884.9			1.0
6885.8			1.0
6886.700000000001			1.0
6887.6			1.0
6888.5			1.0
6889.4			1.0
6890.3			1.0
6891.200000000001			1.0
6892.1			1.0
6893.0			1.0
6893.9			1.0
6894.8			1.0
6895.700000000001			1.0
6896.6			1.0
6897.5			1.0
6898.4			1.0
6899.3			1.0
6900.200000000001			1.0
6901.1			1.0
6902.0			1.0
6902.9			1.0
6903.8			1.0
6904.700000000001			1.0
6905.6			1.0
6906.5			1.0
6907.4			1.0
6908.3			1.0
6909.200000000001			1.0
6910.1			1.0
6911.0			1.0
6911.9			1.0
6912.8			1.0
6913.700000000001			1.0
6914.6			1.0
6915.5			1.0
6916.4			1.0
6917.3			1.0
6918.200000000001			1.0
6919.1			1.0
6920.0			1.0
6920.9			1.0
6921.8			1.0
6922.700000000001			1.0
6923.6			1.0
6924.5			1.0
6925.4			1.0
6926.3			1.0
6927.200000000001			1.0
6928.1			1.0
6929.0			1.0
6929.9			1.0
6930.8			1.0
6931.700000000001			1.0
6932.6			1.0
6933.5			1.0
6934.4			1.0
6935.3			1.0
6936.200000000001			1.0
6937.1			1.0
6938.0			1.0
6938.9			1.0
6939.8			1.0
6940.700000000001			1.0
6941.6			1.0
6942.5			1.0
6943.4			1.0
6944.3			1.0
6945.200000000001			1.0
6946.1			1.0
6947.0			1.0
6947.9			1.0
6948.8			1.0
6949.700000000001			1.0
6950.6			1.0
6951.5			1.0
6952.4			1.0
6953.3			1.0
6954.200000000001			1.0
6955.1			1.0
6956.0			1.0
6956.9			1.0
6957.8			1.0
6958.700000000001			1.0
6959.6			1.0
6960.5			1.0
6961.4			1.0
6962.3			1.0
6963.200000000001			1.0
6964.1			1.0
6965.0			1.0
6965.9			1.0
6966.8			1.0
6967.700000000001			1.0
6968.6			1.0
6969.5			1.0
6970.4			1.0
6971.3			1.0
6972.200000000001			1.0
6973.1			1.0
6974.0			1.0
6974.9			1.0
6975.8			1.0
6976.700000000001			1.0
6977.6			1.0
6978.5			1.0
6979.4			1.0
6980.3			1.0
6981.200000000001			1.0
6982.1			1.0
6983.0			1.0
6983.9			1.0
6984.8			1.0
6985.700000000001			1.0
6986.6			1.0
6987.5			1.0
6988.4			1.0
6989.3			1.0
6990.200000000001			1.0
6991.1			1.0
6992.0			1.0
6992.9			1.0
6993.8			1.0
6994.700000000001			1.0
6995.6			1.0
6996.5			1.0
6997.4			1.0
6998.3			1.0
6999.200000000001			1.0
7000.1			1.0
7001.0			1.0
7001.9			1.0
7002.8			1.0
7003.700000000001			1.0
7004.6			1.0
7005.5			1.0
7006.4			1.0
7007.3			1.0
7008.200000000001			1.0113144170406687
7009.1			1.0212171893225381
7010.0			1.0210948056596918
7010.9			1.0101611052671282
7011.8			1.0
7012.700000000001			1.0092686178239927
7013.6			1.0162927016288
7014.5			0.9975589180936016
7015.4			0.9556853138230722
7016.3			0.9273057816590125
7017.200000000001			0.9478556865665877
7018.1			0.9906498936973193
7019.0			1.0134004152760232
7019.9			1.0220905948664356
7020.8			1.0282651775101346
7021.700000000001			1.0178020289860366
7022.6			0.9868742977863116
7023.5			0.9594627856721506
7024.4			0.9587459085963786
7025.3			0.9782968928549428
7026.200000000001			0.9948176783377868
7027.1			1.0036150138638507
7028.0			1.0071865708263672
7028.9			1.0047636284604944
7029.8			1.0009392854082508
7030.700000000001			1.000733979561232
7031.6			1.006612512852529
7032.5			1.0115504379603295
7033.4			1.0053889157185096
7034.3			0.9936499433149026
7035.200000000001			0.9978804984710502
7036.1			1.0123670822929702
7037.0			1.001661625428285
7037.9			0.9742101768645215
7038.8			0.9705156456720228
7039.700000000001			0.9987250155488536
7040.6			1.0316593487268528
7041.5			1.0447623004984692
7042.4			1.0362345788063265
7043.3			1.0215876394162466
7044.200000000001			1.013743992896058
7045.1			1.0102452172694851
7046.0			1.0122915503530463
7046.9			1.014847901769317
7047.8			1.016095588228735
7048.700000000001			1.0189017799761335
7049.6			1.020906316135126
7050.5			1.0117218249411077
7051.4			0.9888411156134546
7052.3			0.9658294374497007
7053.200000000001			0.9656237488623816
7054.1			0.9870687422866109
7055.0			1.0057644559500356
7055.9			1.0171034621632777
7056.8			1.0239161665705308
7057.700000000001			1.0252675254890573
7058.6			1.0144579713070225
7059.5			0.9920765446198995
7060.4			0.9803855832124088
7061.3			0.9901327879967002
7062.200000000001			1.0018676143367913
7063.1			1.008364333337618
7064.0			1.0131778794781034
7064.9			1.0135708774023386
7065.8			1.0072218233369605
7066.700000000001			0.9923835261060623
7067.6			0.9711292368881093
7068.5			0.9601295327561501
7069.4			0.9765658575577922
7070.3			1.0000054839476062
7071.200000000001			1.0
7072.1			1.0
7073.0			1.0
7073.9			1.0
7074.8			1.0
7075.700000000001			1.0
7076.6			1.0
7077.5			1.0
7078.4			1.0
7079.3			1.0
7080.200000000001			1.0
7081.1			1.0
7082.0			1.0
7082.9			1.0
7083.8			1.0
7084.700000000001			1.0
7085.6			1.0
7086.5			1.0
7087.4			1.0
7088.3			1.0
7089.200000000001			1.0
7090.1			1.0
7091.0			1.0
7091.9			1.0
7092.8			1.0
7093.700000000001			1.0
7094.6			1.0
7095.5			1.0
7096.4			1.0
7097.3			1.0
7098.200000000001			1.0
7099.1			1.0
7100.0			1.0
7100.9			1.0
7101.8			1.0
7102.700000000001			1.0
7103.6			1.0
7104.5			1.0
7105.4			1.0
7106.3			1.0
7107.200000000001			1.0
7108.1			1.0
7109.0			1.0
7109.9			1.0
7110.8			1.0
7111.700000000001			1.0
7112.6			1.0
7113.5			1.0
7114.4			1.0
7115.3			1.0
7116.200000000001			1.0
7117.1			1.0
7118.0			1.0
7118.9			1.0
7119.8			1.0
7120.700000000001			1.0
7121.6			1.0
7122.5			1.0
7123.4			1.0
7124.3			1.0
7125.200000000001			1.0
7126.1			1.0
7127.0			1.0
7127.9			1.0
7128.8			1.0
7129.700000000001			1.0
7130.6			1.0
7131.5			1.0
7132.4			1.0
7133.3			1.0
7134.200000000001			1.0
7135.1			1.0
7136.0			1.0
7136.9			1.0
7137.8			1.0
7138.700000000001			1.0
7139.6			1.0
7140.5			1.0
7141.4			1.0
7142.3			1.0
7143.200000000001			1.0
7144.1			1.0
7145.0			1.0
7145.9			1.0
7146.8			1.0
7147.700000000001			1.0
7148.6			1.0
7149.5			1.0
7150.4			1.0
7151.3			1.0
7152.200000000001			1.0
7153.1			1.0
7154.0			1.0
7154.9			1.0
7155.8			1.0
7156.700000000001			1.0
7157.6			1.0
7158.5			1.0
7159.4			1.0
7160.3			1.0
7161.200000000001			1.0
7162.1			1.0
7163.0			1.0
7163.9			1.0
7164.8			1.0
7165.700000000001			1.0
7166.6			1.0
7167.5			1.0
7168.4			1.0
7169.3			1.0
7170.200000000001			1.0
7171.1			1.0
7172.0			1.0
7172.9			1.0
7173.8			1.0
7174.700000000001			1.0
7175.6			1.0
7176.5			1.0
7177.4			1.0
7178.3			1.0
7179.200000000001			1.0
7180.1			1.0
7181.0			1.0
7181.9			1.0
7182.8			1.0
7183.700000000001			1.0
7184.6			1.0
7185.5			1.0
7186.4			1.0
7187.3			1.0
7188.200000000001			1.0
7189.1			1.0
7190.0			1.0
7190.9			1.0
7191.8			1.0
7192.700000000001			1.0
7193.6			1.0
7194.5			1.0
7195.4			1.0
7196.3			1.0
7197.200000000001			1.0
7198.1			1.0
7199.0			1.0
7199.9			1.0
7200.8			1.0
7201.700000000001			1.0
7202.6			1.0
7203.5			1.0
7204.4			1.0
7205.3			1.0
7206.200000000001			1.0
7207.1			1.0
7208.0			1.0
7208.9			1.0
7209.8			1.0
7210.700000000001			1.0
7211.6			1.0
7212.5			1.0
7213.4			1.0
7214.3			1.0
7215.200000000001			1.0
7216.1			1.0
7217.0			1.0
7217.9			1.0
7218.8			1.0
7219.700000000001			1.0
7220.6			1.0
7221.5			1.0
7222.4			1.0
7223.3			1.0
7224.200000000001			1.0
7225.1			1.0
7226.0			1.0
7226.9			1.0
7227.8			1.0
7228.700000000001			1.0
7229.6			1.0
7230.5			1.0
7231.4			1.0
7232.3			1.0
7233.200000000001			1.0
7234.1			1.0
7235.0			1.0
7235.9			1.0
7236.8			1.0
7237.700000000001			1.0
7238.6			1.0
7239.5			1.0
7240.4			1.0
7241.3			1.0
7242.200000000001			1.0
7243.1			1.0
7244.0			1.0
7244.9			1.0
7245.8			1.0
7246.700000000001			1.0
7247.6			1.0
7248.5			1.0
7249.4			1.0
7250.3			1.0
7251.200000000001			1.0
7252.1			1.0
7253.0			1.0
7253.9			1.0
7254.8			1.0
7255.700000000001			1.0
7256.6			1.0
7257.5			1.0
7258.4			1.0
7259.3			1.0
7260.200000000001			1.0
7261.1			1.0
7262.0			1.0
7262.9			1.0
7263.8			1.0
7264.700000000001			1.0
7265.6			1.0
7266.5			1.0
7267.4			1.0
7268.3			1.0
7269.200000000001			1.0
7270.1			1.0
7271.0			1.0
7271.9			1.0
7272.8			1.0
7273.700000000001			1.0
7274.6			1.0
7275.5			1.0
7276.4			1.0
7277.3			1.0
7278.200000000001			1.0
7279.1			1.0
7280.0			1.0
7280.9			1.0
7281.8			1.0
7282.700000000001			1.0
7283.6			1.0
7284.5			1.0
7285.4			1.0
7286.3			1.0
7287.200000000001			1.0
7288.1			1.0
7289.0			1.0
7289.9			1.0
7290.8			1.0
7291.700000000001			1.0
7292.6			1.0
7293.5			1.0
7294.4			1.0
7295.3			1.0
7296.200000000001			1.0
7297.1			1.0
7298.0			1.0
7298.9			1.0
7299.8			1.0
7300.700000000001			1.0
7301.6			1.0
7302.5			1.0
7303.4			1.0
7304.3			1.0
7305.200000000001			1.0
7306.1			1.0
7307.0			1.0
7307.9			1.0
7308.8			1.0
7309.700000000001			1.0
7310.6			1.0
7311.5			1.0
7312.4			1.0
7313.3			1.0
7314.200000000001			1.0
7315.1			1.0
7316.0			1.0
7316.9			1.0
7317.8			1.0
7318.700000000001			1.0
7319.6			1.0
7320.5			1.0
7321.4			1.0
7322.3			1.0
7323.200000000001			1.0
7324.1			1.0
7325.0			1.0
7325.9			1.0
7326.8			1.0
7327.700000000001			1.0
7328.6			1.0
7329.5			1.0
7330.4			1.0
7331.3			1.0
7332.200000000001			1.0
7333.1			1.0
7334.0			1.0
7334.9			1.0
7335.8			1.0
7336.700000000001			1.0
7337.6			1.0
7338.5			1.0
7339.4			1.0
7340.3			1.0
7341.200000000001			1.0
7342.1			1.0
7343.0			1.0
7343.9			1.0
7344.8			1.0
7345.700000000001			1.0
7346.6			1.0
7347.5			1.0
7348.4			1.0
7349.3			1.0
7350.200000000001			1.0
7351.1			1.0
7352.0			1.0
7352.9			1.0
7353.8			1.0
7354.700000000001			1.0
7355.6			1.0
7356.5			1.0
7357.4			1.0
7358.3			1.0
7359.200000000001			1.0
7360.1			1.0
7361.0			1.0
7361.9			1.0
7362.8			1.0
7363.700000000001			1.0
7364.6			1.0
7365.5			1.0
7366.4			1.0
7367.3			1.0
7368.200000000001			1.0
7369.1			1.0
7370.0			1.0
7370.9			1.0
7371.8			1.0
7372.700000000001			1.0
7373.6			1.0
7374.5			1.0
7375.4			1.0
7376.3			1.0
7377.200000000001			1.0
7378.1			1.0
7379.0			1.0
7379.9			1.0
7380.8			1.0
7381.700000000001			1.0
7382.6			1.0
7383.5			1.0
7384.4			1.0
7385.3			1.0
7386.200000000001			1.0
7387.1			1.0
7388.0			1.0
7388.9			1.0
7389.8			1.0
7390.700000000001			1.0
7391.6			1.0
7392.5			1.0
7393.4			1.0
7394.3			1.0
7395.200000000001			1.0
7396.1			1.0
7397.0			1.0
7397.9			1.0
7398.8			1.0
7399.700000000001			1.0
7400.6			1.0
7401.5			1.0
7402.4			1.0
7403.3			1.0
7404.200000000001			1.0
7405.1			1.0
7406.0			1.0
7406.9			1.0
7407.8			1.0
7408.700000000001			1.0
7409.6			1.0
7410.5			1.0
7411.4			1.0
7412.3			1.0
7413.200000000001			1.0
7414.1			1.0
7415.0			1.0
7415.9			1.0
7416.8			1.0
7417.700000000001			1.0
7418.6			1.0
7419.5			1.0
7420.4			1.0
7421.3			1.0
7422.200000000001			1.0
7423.1			1.0
7424.0			1.0
7424.9			1.0
7425.8			1.0
7426.700000000001			1.0
7427.6			1.0
7428.5			1.0
7429.4			1.0
