3500.0			1.0
3500.9			1.0
3501.8			1.0
3502.7			1.0
3503.6			1.0
3504.5			1.0
3505.4			1.0
3506.3			1.0
3507.2			1.0
3508.1			1.0
3509.0			1.0
3509.9			1.0
3510.8			1.0
3511.7			1.0
3512.6			1.0
3513.5			1.0
3514.4			1.0
3515.3			1.0
3516.2			1.0
3517.1			1.0
3518.0			1.0
3518.9			1.0
3519.8			1.0
3520.7			1.0
3521.6			1.0
3522.5			1.0
3523.4			1.0
3524.3			1.0
3525.2			1.0
3526.1			1.0
3527.0			1.0
3527.9			1.0
3528.8			1.0
3529.7			1.0
3530.6			1.0
3531.5			1.0
3532.4			1.0
3533.3			1.0
3534.2			1.0
3535.1			1.0
3536.0			1.0
3536.9			1.0
3537.8			1.0
3538.7			1.0
3539.6			1.0
3540.5			1.0
3541.4			1.0
3542.3			1.0
3543.2			1.0
3544.1			1.0
3545.0			1.0
3545.9			1.0
3546.8			1.0
3547.7			1.0
3548.6			1.0
3549.5			1.0
3550.4			1.0
3551.3			1.0
3552.2			1.0
3553.1			1.0
3554.0			1.0
3554.9			1.0
3555.8			1.0
3556.7			1.0
3557.6			1.0
3558.5			1.0
3559.4			1.0
3560.3			1.0
3561.2			1.0
3562.1			1.0
3563.0			1.0
3563.9			1.0
3564.8			1.0
3565.7			1.0
3566.6			1.0
3567.5			1.0
3568.4			1.0
3569.3			1.0
3570.2			1.0
3571.1			1.0
3572.0			1.0
3572.9			1.0
3573.8			1.0
3574.7			1.0
3575.6			1.0
3576.5			1.0
3577.4			1.0
3578.3			1.0
3579.2			1.0
3580.1			1.0
3581.0			1.0
3581.9			1.0
3582.8			1.0
3583.7			1.0
3584.6			1.0
3585.5			1.0
3586.4			1.0
3587.3			1.0
3588.2			1.0
3589.1			1.0
3590.0			1.0
3590.9			1.0
3591.8			1.0
3592.7			1.0
3593.6			1.0
3594.5			1.0
3595.4			1.0
3596.3			1.0
3597.2			1.0
3598.1			1.0
3599.0			1.0
3599.9			1.0
3600.8			1.0
3601.7			1.0
3602.6			1.0
3603.5			1.0
3604.4			1.0
3605.3			1.0
3606.2			1.0
3607.1			1.0
3608.0			1.0
3608.9			1.0
3609.8			1.0
3610.7			1.0
3611.6			1.0
3612.5			1.0
3613.4			1.0
3614.3			1.0
3615.2			1.0
3616.1			1.0
3617.0			1.0
3617.9			1.0
3618.8			1.0
3619.7			1.0
3620.6			1.0
3621.5			1.0
3622.4			1.0
3623.3			1.0
3624.2			1.0
3625.1			1.0
3626.0			1.0
3626.9			1.0
3627.8			1.0
3628.7			1.0
3629.6			1.0
3630.5			1.0
3631.4			1.0
3632.3			1.0
3633.2			1.0
3634.1			1.0
3635.0			1.0
3635.9			1.0
3636.8			1.0
3637.7			1.0
3638.6			1.0
3639.5			1.0
3640.4			1.0
3641.3			1.0
3642.2			1.0
3643.1			1.0
3644.0			1.0
3644.9			1.0
3645.8			1.0
3646.7			1.0
3647.6			1.0
3648.5			1.0
3649.4			1.0
3650.3			1.0
3651.2			1.0
3652.1			1.0
3653.0			1.0
3653.9			1.0
3654.8			1.0
3655.7			1.0
3656.6			1.0
3657.5			1.0
3658.4			1.0
3659.3			1.0
3660.2			1.0
3661.1			1.0
3662.0			1.0
3662.9			1.0
3663.8			1.0
3664.7			1.0
3665.6			1.0
3666.5			1.0
3667.4			1.0
3668.3			1.0
3669.2			1.0
3670.1			1.0
3671.0			1.0
3671.9			1.0
3672.8			1.0
3673.7			1.0
3674.6			1.0
3675.5			1.0
3676.4			1.0
3677.3			1.0
3678.2			1.0
3679.1			1.0
3680.0			1.0
3680.9			1.0
3681.8			1.0
3682.7			1.0
3683.6			1.0
3684.5			1.0
3685.4			1.0
3686.3			1.0
3687.2			1.0
3688.1			1.0
3689.0			1.0
3689.9			1.0
3690.8			1.0
3691.7			1.0
3692.6			1.0
3693.5			1.0
3694.4			1.0
3695.3			1.0
3696.2			1.0
3697.1			1.0
3698.0			1.0
3698.9			1.0
3699.8			1.0
3700.7			1.0
3701.6			1.0
3702.5			1.0
3703.4			1.0
3704.3			1.0
3705.2			1.0
3706.1			1.0
3707.0			1.0
3707.9			1.0
3708.8			1.0
3709.7			1.0
3710.6			1.0
3711.5			1.0
3712.4			1.0
3713.3			1.0
3714.2			1.0
3715.1			1.0
3716.0			1.0
3716.9			1.0
3717.8			1.0
3718.7			1.0
3719.6			1.0
3720.5			1.0
3721.4			1.0
3722.3			1.0
3723.2			1.0
3724.1			1.0
3725.0			1.0
3725.9			1.0
3726.8			1.0
3727.7			1.0
3728.6			1.0
3729.5			1.0
3730.4			1.0
3731.3			1.0
3732.2			1.0
3733.1			1.0
3734.0			1.0
3734.9			1.0
3735.8			1.0
3736.7			1.0
3737.6			1.0
3738.5			1.0
3739.4			1.0
3740.3			1.0
3741.2			1.0
3742.1			1.0
3743.0			1.0
3743.9			1.0
3744.8			1.0
3745.7			1.0
3746.6			1.0
3747.5			1.0
3748.4			1.0
3749.3			1.0
3750.2			1.0
3751.1			1.0
3752.0			1.0
3752.9			1.0
3753.8			1.0
3754.7			1.0
3755.6			1.0
3756.5			1.0
3757.4			1.0
3758.3			1.0
3759.2			1.0
3760.1			1.0
3761.0			1.0
3761.9			1.0
3762.8			1.0
3763.7			1.0
3764.6			1.0
3765.5			1.0
3766.4			1.0
3767.3			1.0
3768.2			1.0
3769.1			1.0
3770.0			1.0
3770.9			1.0
3771.8			1.0
3772.7			1.0
3773.6			1.0
3774.5			1.0
3775.4			1.0
3776.3			1.0
3777.2			1.0
3778.1			1.0
3779.0			1.0
3779.9			1.0
3780.8			1.0
3781.7			1.0
3782.6			1.0
3783.5			1.0
3784.4			1.0
3785.3			1.0
3786.2			1.0
3787.1			1.0
3788.0			1.0
3788.9			1.0
3789.8			1.0
3790.7			1.0
3791.6			1.0
3792.5			1.0
3793.4			1.0
3794.3			1.0
3795.2			1.0
3796.1			1.0
3797.0			1.0
3797.9			1.0
3798.8			1.0
3799.7			1.0
3800.6			1.0
3801.5			1.0
3802.4			1.0
3803.3			1.0
3804.2			1.0
3805.1			1.0
3806.0			1.0
3806.9			1.0
3807.8			1.0
3808.7			1.0
3809.6			1.0
3810.5			1.0
3811.4			1.0
3812.3			1.0
3813.2			1.0
3814.1			1.0
3815.0			1.0
3815.9			1.0
3816.8			1.0
3817.7			1.0
3818.6			1.0
3819.5			1.0
3820.4			1.0
3821.3			1.0
3822.2			1.0
3823.1			1.0
3824.0			1.0
3824.9			1.0
3825.8			1.0
3826.7			1.0
3827.6			1.0
3828.5			1.0
3829.4			1.0
3830.3			1.0
3831.2			1.0
3832.1			1.0
3833.0			1.0
3833.9			1.0
3834.8			1.0
3835.7			1.0
3836.6			1.0
3837.5			1.0
3838.4			1.0
3839.3			1.0
3840.2			1.0
3841.1			1.0
3842.0			1.0
3842.9			1.0
3843.8			1.0
3844.7			1.0
3845.6			1.0
3846.5			1.0
3847.4			1.0
3848.3			1.0
3849.2			1.0
3850.1			1.0
3851.0			1.0
3851.9			1.0
3852.8			1.0
3853.7			1.0
3854.6			1.0
3855.5			1.0
3856.4			1.0
3857.3			1.0
3858.2			1.0
3859.1			1.0
3860.0			1.0
3860.9			1.0
3861.8			1.0
3862.7			1.0
3863.6			1.0
3864.5			1.0
3865.4			1.0
3866.3			1.0
3867.2			1.0
3868.1			1.0
3869.0			1.0
3869.9			1.0
3870.8			1.0
3871.7			1.0
3872.6			1.0
3873.5			1.0
3874.4			1.0
3875.3			1.0
3876.2			1.0
3877.1			1.0
3878.0			1.0
3878.9			1.0
3879.8			1.0
3880.7			1.0
3881.6			1.0
3882.5			1.0
3883.4			1.0
3884.3			1.0
3885.2			1.0
3886.1			1.0
3887.0			1.0
3887.9			1.0
3888.8			1.0
3889.7			1.0
3890.6			1.0
3891.5			1.0
3892.4			1.0
3893.3			1.0
3894.2			1.0
3895.1			1.0
3896.0			1.0
3896.9			1.0
3897.8			1.0
3898.7			1.0
3899.6			1.0
3900.5			1.0
3901.4			1.0
3902.3			1.0
3903.2			1.0
3904.1			1.0
3905.0			1.0
3905.9			1.0
3906.8			1.0
3907.7			1.0
3908.6			1.0
3909.5			1.0
3910.4			1.0
3911.3			1.0
3912.2			1.0
3913.1			1.0
3914.0			1.0
3914.9			1.0
3915.8			1.0
3916.7			1.0
3917.6			1.0
3918.5			1.0
3919.4			1.0
3920.3			1.0
3921.2			1.0
3922.1			1.0
3923.0			1.0
3923.9			1.0
3924.8			1.0
3925.7			1.0
3926.6			1.0
3927.5			1.0
3928.4			1.0
3929.3			1.0
3930.2			1.0
3931.1			1.0
3932.0			1.0
3932.9			1.0
3933.8			1.0
3934.7			1.0
3935.6			1.0
3936.5			1.0
3937.4			1.0
3938.3			1.0
3939.2			1.0
3940.1			1.0
3941.0			1.0
3941.9			1.0
3942.8			1.0
3943.7			1.0
3944.6			1.0
3945.5			1.0
3946.4			1.0
3947.3			1.0
3948.2			1.0
3949.1			1.0
3950.0			1.0
3950.9			1.0
3951.8			1.0
3952.7			1.0
3953.6			1.0
3954.5			1.0
3955.4			1.0
3956.3			1.0
3957.2			1.0
3958.1			1.0
3959.0			1.0
3959.9			1.0
3960.8			1.0
3961.7			1.0
3962.6			1.0
3963.5			1.0
3964.4			1.0
3965.3			1.0
3966.2			1.0
3967.1			1.0
3968.0			1.0
3968.9			1.0
3969.8			1.0
3970.7			1.0
3971.6			1.0
3972.5			1.0
3973.4			1.0
3974.3			1.0
3975.2			1.0
3976.1			1.0
3977.0			1.0
3977.9			1.0
3978.8			1.0
3979.7			1.0
3980.6			1.0
3981.5			1.0
3982.4			1.0
3983.3			1.0
3984.2			1.0
3985.1			1.0
3986.0			1.0
3986.9			1.0
3987.8			1.0
3988.7			1.0
3989.6			1.0
3990.5			1.0
3991.4			1.0
3992.3			1.0
3993.2			1.0
3994.1			1.0
3995.0			1.0
3995.9			1.0
3996.8			1.0
3997.7			1.0
3998.6			1.0
3999.5			1.0
4000.4			1.0
4001.3			1.0
4002.2			1.034206450776689
4003.1			1.0299580783771514
4004.0			0.9327713357977305
4004.9			0.7809937672912872
4005.8			0.7086560699505188
4006.7			0.7840399626691745
4007.6			0.9157786748428123
4008.5			0.985241853832551
4009.4			0.9982917776509594
4010.3			1.0
4011.2			1.0
4012.1			1.0
4013.0			1.0
4013.9			1.0
4014.8			1.0
4015.7			1.0
4016.6			1.0
4017.5			1.0
4018.4			1.0
4019.3			1.0
4020.2			1.0
4021.1			1.0
4022.0			1.0
4022.9			1.0
4023.8			1.0
4024.7			1.0
4025.6			1.0
4026.5			1.0
4027.4			1.0630662689338257
4028.3			1.0579652864860651
4029.2			0.9252771292661084
4030.1			0.7034462856506468
4031.0			0.5301548844248091
4031.9			0.4617263134846324
4032.8			0.4349738819177539
4033.7			0.4307380744715067
4034.6			0.5052915381137554
4035.5			0.6756507692958662
4036.4			0.8876771632460768
4037.3			1.0545286835297996
4038.2			1.0
4039.1			0.9767756909250345
4040.0			0.9126118546470836
4040.9			0.8570312250514488
4041.8			0.835886532916649
4042.7			0.8154229968198311
4043.6			0.7228341581331797
4044.5			0.5553357410349401
4045.4			0.41268836583637614
4046.3			0.39683716549481124
4047.2			0.5082398777285985
4048.1			0.6674897323179103
4049.0			0.8181149302084357
4049.9			0.945029501139487
4050.8			1.020289338624189
4051.7			1.0326574073566748
4052.6			1.022524462888008
4053.5			1.0038618594604816
4054.4			1.0
4055.3			1.0
4056.2			1.0
4057.1			1.0
4058.0			0.9456510415208376
4058.9			0.9573828234704117
4059.8			1.0451512272919088
4060.7			1.0955385363864387
4061.6			1.005762130343026
4062.5			0.8027913327534696
4063.4			0.6353913455028711
4064.3			0.6401530956365986
4065.2			0.7873883705061208
4066.1			0.9263143995306014
4067.0			0.9975356058764261
4067.9			1.0771673670336914
4068.8			1.1794663667873642
4069.7			1.1745613351693367
4070.6			0.9924360393961232
4071.5			1.0
4072.4			0.9936320804322335
4073.3			1.230437146532622
4074.2			1.453041146046976
4075.1			1.4900798560832826
4076.0			1.362524084003734
4076.9			1.1948113300244751
4077.8			1.1161370994228879
4078.7			1.1804259382439362
4079.6			1.366423863883757
4080.5			1.5962400337612686
4081.4			1.7237708166461703
4082.3			1.6724719762847329
4083.2			1.54011927716274
4084.1			1.456985545533998
4085.0			1.4607907550078167
4085.9			1.5415297913187105
4086.8			1.6804013833835376
4087.7			1.836058639878673
4088.6			1.9226658695233723
4089.5			1.874223039036545
4090.4			1.735266350880821
4091.3			1.592588226852123
4092.2			1.5287812558923235
4093.1			1.5833431680667964
4094.0			1.629451350191037
4094.9			1.4958590191074408
4095.8			1.2585082631527391
4096.7			1.1173550478386642
4097.6			1.0985245979195057
4098.5			1.1094599606039817
4099.4			1.0924154118762037
4100.3			1.0372270275153461
4101.2			0.9974688391517662
4102.1			1.0344485012898856
4103.0			1.1160879575165767
4103.9			1.1703056779983465
4104.8			1.2029688780851204
4105.7			1.2530110776862722
4106.6			1.2866424372560212
4107.5			1.261634575596019
4108.4			1.212580013321626
4109.3			1.1689002562466904
4110.2			1.1044346092162471
4111.1			1.0263662643451055
4112.0			1.0078237055149764
4112.9			1.0862730315074485
4113.8			1.1759680265304056
4114.7			1.195737503215755
4115.6			1.1923835069576187
4116.5			1.2085272468295878
4117.4			1.1853648255795561
4118.3			1.1017397019624948
4119.2			1.056093136913596
4120.1			1.0930535307286724
4121.0			1.1303653736561652
4121.9			1.1174448591067079
4122.8			1.1117042443025538
4123.7			1.1793249633877263
4124.6			1.287418534531819
4125.5			1.0
4126.4			0.9583227787568986
4127.3			0.888659935409474
4128.2			0.8392592925118395
4129.1			0.8129242951480101
4130.0			0.7796530281017807
4130.9			0.7077370994805751
4131.8			0.615554363051196
4132.7			0.5687068127722188
4133.6			0.5983740991250942
4134.5			0.6873283253961633
4135.4			0.802656775726914
4136.3			0.8854931300996904
4137.2			0.9091939883171124
4138.1			0.9170718339454883
4139.0			0.9345264165232468
4139.9			0.9423397719732104
4140.8			0.907737270282962
4141.7			0.7772396967949935
4142.6			0.5716396100774814
4143.5			0.4375488608898917
4144.4			0.4768488857856793
4145.3			0.627087401852402
4146.2			0.7647165222323042
4147.1			0.8365866810128059
4148.0			0.8614931171705627
4148.9			0.8698528407851238
4149.8			0.8727409563349399
4150.7			0.868966083561503
4151.6			0.8562133801442577
4152.5			0.837165565182741
4153.4			0.8163290201015775
4154.3			0.8028640816860036
4155.2			0.8169394992921372
4156.1			0.8511752016980799
4157.0			0.8802417222537944
4157.9			0.9044454867309765
4158.8			1.0
4159.7			1.0351974381784044
4160.6			1.0746362840374284
4161.5			1.1360835620490923
4162.4			1.217423654562036
4163.3			1.2449558737680535
4164.2			1.161256709953666
4165.1			1.0410182436124824
4166.0			0.9687836954973014
4166.9			0.9350560897841129
4167.8			0.9300921932581098
4168.7			0.9737055131656679
4169.6			1.0381973302355063
4170.5			1.0444626350178867
4171.4			0.9465531509323609
4172.3			0.8212290342937965
4173.2			0.790352427340793
4174.1			0.8410794305656745
4175.0			0.8910653688482687
4175.9			0.9350841080934232
4176.8			0.9850024276876236
4177.7			1.0391511019624782
4178.6			1.1298156845612526
4179.5			1.2207408994259543
4180.4			1.0
4181.3			0.9004919919985072
4182.2			0.8371186575245357
4183.1			0.8581319451154256
4184.0			0.9134003833288828
4184.9			0.9410792201691239
4185.8			0.8935033741472502
4186.7			0.777369095389256
4187.6			0.7023056480544637
4188.5			0.7545295523219623
4189.4			1.0
4190.3			1.0227176839436178
4191.2			0.9839329636872246
4192.1			1.0191051726406959
4193.0			1.119071401655137
4193.9			1.1423260296024664
4194.8			1.0556359995732243
4195.7			0.9437252521237056
4196.6			0.850612919131426
4197.5			0.7631554091166006
4198.4			0.695839084612173
4199.3			0.6847730715717417
4200.2			0.7021463935780149
4201.1			0.6895629814361931
4202.0			0.6756015178760303
4202.9			0.7278689326271184
4203.8			0.8273154666033782
4204.7			0.916662000034743
4205.6			1.0
4206.5			1.0404487937443996
4207.4			1.058817933567708
4208.3			1.0530488588612779
4209.2			1.0015493640542439
4210.1			0.9459712626591326
4211.0			0.9708275675836842
4211.9			1.045115701711643
4212.8			1.0590793852154583
4213.7			0.986681271639545
4214.6			0.875067484313086
4215.5			0.7823470587511334
4216.4			0.7759374227266037
4217.3			0.8510601379572461
4218.2			0.9207204008831789
4219.1			0.9377799503666175
4220.0			0.9144370442536485
4220.9			0.8527279335589142
4221.8			0.7474951419597913
4222.7			0.623717296582117
4223.6			0.5088893516451417
4224.5			0.40075161411998705
4225.4			0.29283566208265127
4226.3			0.21165325128799478
4227.2			0.19730558618006724
4228.1			0.2571216006152908
4229.0			0.36150936572860753
4229.9			0.4815810405875568
4230.8			0.5981882122813492
4231.7			0.6789586442390134
4232.6			0.7050664093568687
4233.5			0.7049506861048719
4234.4			0.7083122425926905
4235.3			0.7166100934601516
4236.2			0.7507627463757801
4237.1			0.8285923534576105
4238.0			0.89810788790747
4238.9			1.0
4239.8			0.9835875200883132
4240.7			1.0043081495820516
4241.6			1.0631246231213327
4242.5			1.1354121731035118
4243.4			1.2251367084239593
4244.3			1.318055132493981
4245.2			1.338550528423085
4246.1			1.2511472186592867
4247.0			1.1289279393184992
4247.9			1.048548090520698
4248.8			0.974389038905632
4249.7			0.8384912124456528
4250.6			0.7092009045234032
4251.5			0.6906432806465154
4252.4			0.7100710535169277
4253.3			0.6354570068636709
4254.2			0.5324181386737786
4255.1			0.5759100313008187
4256.0			0.7755798401035933
4256.9			0.9634757886454389
4257.8			1.0122943273144576
4258.7			0.9266703045502178
4259.6			0.7809797779174813
4260.5			0.6951903576221009
4261.4			0.7552166919510046
4262.3			0.9164443191315614
4263.2			1.0
4264.1			1.0931698136153474
4265.0			1.128198678268439
4265.9			1.1103290214744441
4266.8			1.0532394980092217
4267.7			0.9836335763968567
4268.6			0.9200001288568042
4269.5			0.8317799654642928
4270.4			0.6807218706905868
4271.3			0.5187931747923228
4272.2			0.44978428959508876
4273.1			0.4609453812844681
4274.0			0.4535595955506968
4274.9			0.44094440853926653
4275.8			0.5250629203600846
4276.7			0.7093729686522583
4277.6			0.8953599578853312
4278.5			0.9948960780106568
4279.4			0.9797534466280434
4280.3			0.9022801779636748
4281.2			0.8317526278766193
4282.1			0.7821429711372065
4283.0			0.7724943382288949
4283.9			0.8243351249711838
4284.8			0.8723319179950971
4285.7			0.8552376453891971
4286.6			0.8020634039384733
4287.5			0.7267882067469329
4288.4			0.603429810456145
4289.3			0.4632241796033504
4290.2			0.4077569885177467
4291.1			0.49318876823073493
4292.0			0.6494223598337097
4292.9			0.747618633821438
4293.8			0.7462710805077156
4294.7			0.7326775058333972
4295.6			0.7709320646626285
4296.5			0.8053524896258402
4297.4			0.7630682694863983
4298.3			0.649677787955197
4299.2			0.5369818167095937
4300.1			0.4990209834116933
4301.0			0.5280482823596997
4301.9			1.0
4302.8			1.0303713378946375
4303.7			1.0788569952823193
4304.6			1.0746332081445764
4305.5			0.9573222829994182
4306.4			0.7804780939261848
4307.3			0.6298049404730034
4308.2			0.5719436081634838
4309.1			0.6337592693776224
4310.0			0.7652847957122487
4310.9			0.8863960645435643
4311.8			0.969091557166477
4312.7			1.0163518442087678
4313.6			1.0135342314738207
4314.5			0.810726351252528
4315.4			0.8760711459786774
4316.3			0.9977225319611944
4317.2			1.0
4318.1			1.0
4319.0			1.0
4319.9			1.0
4320.8			1.004143804875258
4321.7			0.9824366940315934
4322.6			0.9202860768904793
4323.5			0.7901897914965513
4324.4			0.6111025621246339
4325.3			0.4717662133229542
4326.2			0.47178957225321344
4327.1			0.6268856242985629
4328.0			0.8351749451416374
4328.9			1.0
4329.8			1.0365020216032932
4330.7			1.0354154248493073
4331.6			1.0458061560908292
4332.5			1.066379371730789
4333.4			1.0865465509677685
4334.3			1.1087686507265853
4335.2			1.1058629768974546
4336.1			1.0204816689991452
4337.0			0.861221254304509
4337.9			0.732436308255935
4338.8			0.6928325583697296
4339.7			0.706504308992416
4340.6			0.7608087644026976
4341.5			0.8601186884971621
4342.4			0.9327480185671106
4343.3			0.9116023961977896
4344.2			0.8596206628566483
4345.1			0.868997811429439
4346.0			1.0
4346.9			1.0428299125760556
4347.8			1.0840570983592985
4348.7			1.1299078655748747
4349.6			1.1062769318299168
4350.5			0.9531443821807574
4351.4			0.7458895314812257
4352.3			0.6444706889732186
4353.2			0.697225570505082
4354.1			0.7997705538842559
4355.0			0.8643218366484751
4355.9			0.9163922890951414
4356.8			0.9797837433256545
4357.7			0.9994240090732178
4358.6			1.0
4359.5			1.0
4360.4			1.0
4361.3			1.0
4362.2			1.0
4363.1			1.0
4364.0			1.0
4364.9			1.0
4365.8			1.0
4366.7			1.0
4367.6			1.0
4368.5			1.0
4369.4			1.0
4370.3			1.0
4371.2			0.9833652046769236
4372.1			0.9680901284226641
4373.0			0.9361503503761327
4373.9			0.8654268717117506
4374.8			0.7748473410438445
4375.7			0.7266176243044429
4376.6			0.7736739079961884
4377.5			0.8669600898857491
4378.4			0.8956285013656206
4379.3			0.8416814471983441
4380.2			0.773155733992132
4381.1			0.7012982005004568
4382.0			0.5817311449742198
4382.9			0.42843872735522065
4383.8			0.3435460838094434
4384.7			0.4091422420592793
4385.6			0.5874476669539996
4386.5			0.751233210724957
4387.4			0.8163176326058335
4388.3			0.8077828237011047
4389.2			0.788510252377074
4390.1			0.797494211796964
4391.0			0.8433854670252565
4391.9			0.8999745556187182
4392.8			0.9235826939276056
4393.7			0.9037446747675231
4394.6			0.8809051116695725
4395.5			1.0
4396.4			1.1074240331440248
4397.3			1.20556789521223
4398.2			1.2246341184446714
4399.1			1.1571939693938529
4400.0			1.0506874176846082
4400.9			0.9830335610537325
4401.8			0.9789954910999139
4402.7			0.9335652792729251
4403.6			0.7619565676326985
4404.5			0.5801314426447286
4405.4			0.5623964769509575
4406.3			0.6843569989054815
4407.2			0.7968351767788864
4408.1			0.8876279150042965
4409.0			1.0478712033994904
4409.9			1.2457453118993655
4410.8			1.0
4411.7			1.0028132480799838
4412.6			0.9612594172626331
4413.5			0.8539777647682423
4414.4			0.6925310391909737
4415.3			0.5911323299083023
4416.2			0.6417135769185808
4417.1			0.7869887269529383
4418.0			0.9201615363868791
4418.9			1.0
4419.8			1.038679801832549
4420.7			1.0057614226105147
4421.6			0.9115220769902129
4422.5			0.8286003379880034
4423.4			0.8073353975173261
4424.3			0.8019315255947085
4425.2			0.7565047360272656
4426.1			0.7105479121881294
4427.0			0.7349495588004177
4427.9			0.8301380365426217
4428.8			0.9108249415892445
4429.7			1.0
4430.6			0.9701317994662882
4431.5			1.003675554658526
4432.4			1.0121316428481195
4433.3			0.889964455967681
4434.2			0.6905389947312812
4435.1			0.5637430414700844
4436.0			0.6012790384303608
4436.9			0.7572786863769274
4437.8			0.9166784183723529
4438.7			1.0031572713047225
4439.6			0.9980892687062031
4440.5			1.0
4441.4			1.0
4442.3			1.0
4443.2			1.0
4444.1			1.138804199002499
4445.0			1.2958412812635431
4445.9			1.35051219238899
4446.8			1.2832631118277695
4447.7			1.2073210498479359
4448.6			1.2012989033659984
4449.5			1.2130664079110616
4450.4			1.190379173204818
4451.3			1.155540898453352
4452.2			1.0987141295971388
4453.1			0.9606707723914057
4454.0			0.7570534837573905
4454.9			0.6093565986227681
4455.8			0.6112853520654191
4456.7			0.7087160322406556
4457.6			0.7814459529868099
4458.5			0.794499046934638
4459.4			0.7875034289237152
4460.3			0.7689491373784778
4461.2			0.7407985452562067
4462.1			0.7790154211887734
4463.0			0.918812275774162
4463.9			1.0461838683088498
4464.8			1.0548313153272812
4465.7			1.0011193685058692
4466.6			1.0
4467.5			1.0
4468.4			1.0
4469.3			1.0
4470.2			1.0
4471.1			1.0
4472.0			1.0
4472.9			1.0
4473.8			1.0
4474.7			1.0
4475.6			1.0
4476.5			1.0
4477.4			1.07433794525581
4478.3			1.0903151195966865
4479.2			1.013334994548933
4480.1			0.8893837114044238
4481.0			0.7802030348178871
4481.9			0.7309851226862201
4482.8			0.7736193075219873
4483.7			0.8784627368214656
4484.6			0.963060563190012
4485.5			0.997057433652646
4486.4			0.9951984229824204
4487.3			1.0
4488.2			1.0
4489.1			1.0
4490.0			0.9632275739403606
4490.9			1.0214223491969963
4491.8			1.0955288539737613
4492.7			1.0906524959425823
4493.6			0.9892815793306869
4494.5			0.8651244293444348
4495.4			0.8057859129842437
4496.3			0.823408019484977
4497.2			0.8867606285552033
4498.1			0.9693152089535061
4499.0			1.0314046941010901
4499.9			1.0354090896721286
4500.8			0.9875384236085631
4501.7			1.0
4502.6			1.0
4503.5			1.0
4504.4			1.0
4505.3			0.987851543912512
4506.2			0.9643969455900647
4507.1			0.9442068608330046
4508.0			0.9413614388625239
4508.9			0.9588187972591787
4509.8			0.9794249078279725
4510.7			0.9737253221611745
4511.6			0.9274475051012993
4512.5			0.8726266035641644
4513.4			0.8546711307796477
4514.3			0.8776804296325512
4515.2			0.9160019478341755
4516.1			0.9323732674329059
4517.0			0.9024381558618607
4517.9			0.867338779621942
4518.8			0.8936345680618197
4519.7			0.9661471907687139
4520.6			1.0141610526139477
4521.5			1.0
4522.4			0.9438200899249737
4523.3			0.8992035007385082
4524.2			0.8841421459228398
4525.1			0.8475248663825375
4526.0			0.7607690669179844
4526.9			0.664837651761208
4527.8			0.6177813979278515
4528.7			0.6366779815148818
4529.6			0.6902049894395882
4530.5			0.7373799022024697
4531.4			0.7692083430185164
4532.3			0.7759619627830657
4533.2			0.7303152529035185
4534.1			0.6447031423829179
4535.0			0.5984941142561803
4535.9			0.6820505236499758
4536.8			0.8793736264084885
4537.7			1.045488251385145
4538.6			1.0814331259968426
4539.5			1.0
4540.4			0.9393723039442258
4541.3			1.0
4542.2			1.0454894980067226
4543.1			1.073321288375952
4544.0			1.0224151399310955
4544.9			0.9400758018541401
4545.8			0.910173328597499
4546.7			0.9327737091987999
4547.6			0.9449525068768642
4548.5			0.9268017822954072
4549.4			0.927377308805638
4550.3			0.9652939080676138
4551.2			0.9895547207279068
4552.1			0.9640869123537291
4553.0			0.9165123611025289
4553.9			0.8760811156439197
4554.8			0.8520199141682184
4555.7			0.8714071464126805
4556.6			0.944268617419961
4557.5			1.0256735155469616
4558.4			1.0659043130774157
4559.3			1.0580363432798516
4560.2			1.0326954959113697
4561.1			1.0215986438260667
4562.0			1.0155484449821985
4562.9			0.9808655317144812
4563.8			0.9245662522279509
4564.7			0.8838702958048643
4565.6			0.8919768630765783
4566.5			0.9489309183477488
4567.4			1.0
4568.3			1.0156555913760217
4569.2			0.981029614943847
4570.1			0.9105086043202559
4571.0			0.8431077875170457
4571.9			0.8508605799276663
4572.8			0.9336790884742652
4573.7			1.0
4574.6			1.01417046134116
4575.5			1.014703201949355
4576.4			1.0287286426515145
4577.3			1.02574734789421
4578.2			0.9829515327822292
4579.1			0.9183395237647488
4580.0			0.869362679895946
4580.9			0.8845578062506239
4581.8			0.9828980786686916
4582.7			1.1034222808606815
4583.6			1.0
4584.5			0.9319670856710514
4585.4			0.8474365703334106
4586.3			0.8457180143052713
4587.2			0.9381754236763092
4588.1			1.0399421268160283
4589.0			1.0805606124015625
4589.9			1.0533633796420432
4590.8			0.9868329478637369
4591.7			0.9292872001232186
4592.6			0.9159859821934171
4593.5			0.9300125162072511
4594.4			0.9395007870946935
4595.3			0.9431251321092539
4596.2			0.9486909542803335
4597.1			0.9509733132880653
4598.0			0.9506422550556831
4598.9			0.9416551149708611
4599.8			0.9087285845601651
4600.7			0.8756242165824015
4601.6			0.8726488112624337
4602.5			0.8866396394380813
4603.4			0.9028856179798277
4604.3			0.9175802018490904
4605.2			0.9230511644412994
4606.1			0.9289224954652264
4607.0			0.9587578040754003
4607.9			1.022741990198004
4608.8			1.087545934390727
4609.7			1.097116947658177
4610.6			1.0535871434850348
4611.5			1.0058064199546166
4612.4			0.9738507753565756
4613.3			0.9656331785305171
4614.2			0.9911685883723835
4615.1			1.015374131830325
4616.0			1.0076609834201489
4616.9			1.0023583309926782
4617.8			1.0078505478028785
4618.7			0.9999744223485851
4619.6			1.0
4620.5			1.0332776690736465
4621.4			1.0334306705024996
4622.3			0.9873224367548977
4623.2			0.9582358504623701
4624.1			0.9500975151032037
4625.0			0.920704589388887
4625.9			0.897447467459568
4626.8			0.9342402248819869
4627.7			0.9918184972357384
4628.6			0.9996032796606903
4629.5			0.9778032302515124
4630.4			0.9855119535042354
4631.3			0.9985723843857562
4632.2			1.0
4633.1			0.9529992152215999
4634.0			0.9402167788565786
4634.9			0.9527648244611305
4635.8			0.9495935544287895
4636.7			0.9103759134831266
4637.6			0.8585788240485128
4638.5			0.8232156065643943
4639.4			0.807632939456677
4640.3			0.8323974716828552
4641.2			0.9022818550622581
4642.1			0.9537481861226383
4643.0			0.944458605002599
4643.9			0.9012374230571721
4644.8			0.8333225782615246
4645.7			0.7435677165526577
4646.6			0.6926541084371413
4647.5			0.7214635947993359
4648.4			0.7842300082928264
4649.3			0.8283526757718055
4650.2			0.8408891852382144
4651.1			0.8313367207577861
4652.0			0.8311025281117238
4652.9			0.8461883039570482
4653.8			0.837701212401371
4654.7			0.8044804829869735
4655.6			0.7920352861144632
4656.5			0.8219256773020368
4657.4			0.8861616801568499
4658.3			0.9561552455856058
4659.2			0.9973263514785226
4660.1			0.9984496342063202
4661.0			1.0
4661.9			0.9621266083165969
4662.8			0.9192020584158415
4663.7			0.8864474849327583
4664.6			0.8733091844820562
4665.5			1.0
4666.4			0.9007801710097819
4667.3			0.7937530907565401
4668.2			0.788271813828932
4669.1			0.9055221073097007
4670.0			1.048770107654718
4670.9			1.1264588513766423
4671.8			1.1244704880429675
4672.7			1.0808795759547878
4673.6			1.04459956782402
4674.5			1.0434074703660239
4675.4			1.0833685440685539
4676.3			1.1289595917323572
4677.2			1.123313958652006
4678.1			1.0653742364077508
4679.0			1.0121976315324683
4679.9			0.9816923286938152
4680.8			0.9485121714303488
4681.7			0.9264385050616499
4682.6			0.9529987841742967
4683.5			0.9992483157831177
4684.4			1.0083664427785466
4685.3			0.992845693089046
4686.2			0.9885984556366765
4687.1			0.9912893096137061
4688.0			0.9917540645045757
4688.9			1.0
4689.8			0.9896820154868184
4690.7			0.9673103891346994
4691.6			0.9603842032795096
4692.5			0.9780044289637816
4693.4			1.004103407400054
4694.3			1.0330923132404664
4695.2			1.0619206288557
4696.1			1.0645602800466052
4697.0			1.0183751413330204
4697.9			0.9417916126412728
4698.8			0.8967806366483485
4699.7			0.9062487614245797
4700.6			0.9144673371315389
4701.5			0.8693436832797156
4702.4			0.8061226177271145
4703.3			0.8032992165748143
4704.2			0.8709827207323763
4705.1			0.928203405982347
4706.0			0.913625209632553
4706.9			0.8634013539974297
4707.8			0.8402150046351325
4708.7			0.8531936318591616
4709.6			0.8856963776278056
4710.5			0.9417584217190206
4711.4			1.0
4712.3			1.0128316630128271
4713.2			0.9694217590585753
4714.1			0.9143325269116396
4715.0			0.9067182888154282
4715.9			1.0
4716.8			1.045772872123589
4717.7			1.0598867233084446
4718.6			1.0777451771685076
4719.5			1.1114885443769806
4720.4			1.12223968070837
4721.3			1.0921053236754381
4722.2			1.0492409330363133
4723.1			1.0391884494298567
4724.0			1.0750397446497415
4724.9			1.110177899022495
4725.8			1.0823000912026615
4726.7			0.9954018731373867
4727.6			0.9128935538155987
4728.5			0.8807963920426439
4729.4			0.887015033595107
4730.3			0.9093980352778781
4731.2			0.9486464514706664
4732.1			0.9860021171696929
4733.0			0.9951830427953144
4733.9			0.9942490050970318
4734.8			0.9970092955563165
4735.7			0.9651353048931428
4736.6			0.9172792071933091
4737.5			0.9309098951968734
4738.4			0.9981255804761564
4739.3			1.0297667330306628
4740.2			1.0003561561262257
4741.1			1.0
4742.0			1.0088077668615323
4742.9			1.0456435866338987
4743.8			1.0636597836057002
4744.7			1.0574570539127781
4745.6			1.06040695031625
4746.5			1.0780545782932023
4747.4			1.0865906014303865
4748.3			1.0881479150447892
4749.2			1.094293032986584
4750.1			1.0894658223568894
4751.0			1.0623136943884313
4751.9			1.0167650569553812
4752.8			0.9655708627066106
4753.7			0.9363570335783151
4754.6			0.9498239127538438
4755.5			0.9777790218963355
4756.4			0.9843243295681392
4757.3			0.9784284880633656
4758.2			0.985067239699736
4759.1			1.0105357784255222
4760.0			1.02826992754327
4760.9			1.0048967075324742
4761.8			0.9569948659330626
4762.7			0.937654970162414
4763.6			0.9448029988679605
4764.5			0.9307658838001726
4765.4			0.8880673777162503
4766.3			0.8655587826551742
4767.2			0.8890543952157189
4768.1			0.9326299556989335
4769.0			0.9618246427341871
4769.9			0.9642674766391608
4770.8			0.9420236263657727
4771.7			0.9117744613056573
4772.6			0.9037755551002489
4773.5			0.9288066920520243
4774.4			0.9535183840446764
4775.3			0.9439039980297127
4776.2			0.9191983364026335
4777.1			0.9121414205953999
4778.0			0.9101289640094921
4778.9			0.8957038132159438
4779.8			0.8838892456533858
4780.7			0.880223941275242
4781.6			0.859594286806379
4782.5			0.819553311873264
4783.4			0.810894366447587
4784.3			0.8607054485409555
4785.2			0.9139596912103809
4786.1			0.9257605257583403
4787.0			0.9228855592633413
4787.9			0.9249814082930069
4788.8			0.9242627034150837
4789.7			0.9361888336453538
4790.6			0.9664167302949558
4791.5			0.9923903119654521
4792.4			1.015132180342464
4793.3			1.0532315896511628
4794.2			1.0971132581584095
4795.1			1.0
4796.0			0.9903129125127782
4796.9			0.9721546305924619
4797.8			0.9483368865957971
4798.7			0.9135279138059924
4799.6			1.0
4800.5			1.0036986597304995
4801.4			1.0488577512417756
4802.3			1.1082803019106116
4803.2			1.13884635378866
4804.1			1.124140683129811
4805.0			1.0889589048338244
4805.9			1.0593086400427123
4806.8			1.030620932898487
4807.7			1.011113064720106
4808.6			1.0263286750607366
4809.5			1.0608687134061503
4810.4			1.07661845753912
4811.3			1.0666525048393947
4812.2			1.0548005259408255
4813.1			1.0515308256320859
4814.0			1.0521307681060632
4814.9			1.0584637898953584
4815.8			1.07217179835911
4816.7			1.084499349315639
4817.6			1.0897073022747208
4818.5			1.091439452908009
4819.4			1.082882216540248
4820.3			1.064411491506377
4821.2			1.0294033530031192
4822.1			0.9539804072443551
4823.0			0.864261530066192
4823.9			0.8461689984551402
4824.8			0.9104464670529832
4825.7			0.9737320998468755
4826.6			0.9831958356596082
4827.5			0.9551671664719016
4828.4			0.9319659441671768
4829.3			0.9322769211299416
4830.2			0.9335418254119638
4831.1			0.9093288522215813
4832.0			0.889758257451691
4832.9			0.9161052542468727
4833.8			0.959390734347196
4834.7			0.9717275277083489
4835.6			0.9566479205972465
4836.5			0.9466822368696918
4837.4			0.942703415254508
4838.3			0.9280678903177552
4839.2			0.9060665956750336
4840.1			0.8983890836271415
4841.0			0.9118413109618193
4841.9			0.9181369588385102
4842.8			0.9013471581581952
4843.7			0.900263796526219
4844.6			0.9431547444122612
4845.5			0.9960802440405416
4846.4			1.0147186804737656
4847.3			0.9983750389546778
4848.2			1.0
4849.1			1.0
4850.0			1.0
4850.9			1.0
4851.8			1.0
4852.7			1.0
4853.6			1.0
4854.5			1.0
4855.4			1.0
4856.3			1.0310267330072915
4857.2			1.0816606155140025
4858.1			1.0664414225328305
4859.0			0.9744314623339658
4859.9			0.8694654490494685
4860.8			0.8163924693002519
4861.7			0.8397754068951409
4862.6			0.9055095930510824
4863.5			0.9529835680131361
4864.4			0.9750878085172225
4865.3			0.9984694222853087
4866.2			1.0
4867.1			1.0
4868.0			0.9954749940617531
4868.9			0.9883977330437366
4869.8			0.9184050325529742
4870.7			0.7851725608846419
4871.6			0.7144855918974832
4872.5			0.7923772211123593
4873.4			0.9280365731306985
4874.3			0.9946267957242707
4875.2			0.9999311857047585
4876.1			1.0
4877.0			1.0
4877.9			1.0
4878.8			1.0412686334301893
4879.7			1.0879841072846894
4880.6			1.0608670938705431
4881.5			1.0115930216938591
4882.4			1.024267486069321
4883.3			1.0568544309599377
4884.2			1.0304171613120992
4885.1			0.9562153140582141
4886.0			0.910777871098284
4886.9			0.9248998433143767
4887.8			0.9556413686947052
4888.7			0.9455914544727417
4889.6			0.8634858701477277
4890.5			0.7520644270507607
4891.4			0.7313671718773755
4892.3			0.8577457836603983
4893.2			1.0290049671591452
4894.1			1.1374126955372617
4895.0			1.181390339377366
4895.9			1.0
4896.8			1.0071250167033612
4897.7			0.9959344674553532
4898.6			0.9713656973996041
4899.5			0.9507367677755943
4900.4			0.9559973820222119
4901.3			0.967585310436983
4902.2			0.9440087356061443
4903.1			0.9047833973938422
4904.0			0.919417952270559
4904.9			0.9992189238716971
4905.8			1.0818196672016793
4906.7			1.1137360372245415
4907.6			1.0948964301237312
4908.5			1.0478591601964213
4909.4			1.0036390361710412
4910.3			1.0
4911.2			1.0
4912.1			1.0262025669305814
4913.0			1.0200063574042262
4913.9			1.010963009136081
4914.8			1.0203051212539445
4915.7			1.0284291811922637
4916.6			0.9961353742504506
4917.5			0.8916626820577157
4918.4			0.7326106799131137
4919.3			0.5976927814985409
4920.2			0.5675809177258584
4921.1			0.6557259544815031
4922.0			0.7944898661717956
4922.9			0.8833846994220419
4923.8			0.883665674624595
4924.7			0.8576680092510555
4925.6			0.8792466970332573
4926.5			0.9347694233181366
4927.4			0.9766644950396313
4928.3			1.00063151575015
4929.2			1.0
4930.1			0.9924531568970462
4931.0			0.9678846401969201
4931.9			0.9230634932998452
4932.8			0.8602546221830047
4933.7			0.83020192536275
4934.6			0.8595164680443066
4935.5			0.8963193958611887
4936.4			0.8797414940275378
4937.3			0.8051207325946667
4938.2			0.7277133037850764
4939.1			0.7211674926782382
4940.0			0.7948189634830695
4940.9			0.8716462879048458
4941.8			0.9103334172469163
4942.7			0.9438036302790727
4943.6			0.9701460866498297
4944.5			0.9491369293546296
4945.4			0.9019101520669145
4946.3			0.8991490406895912
4947.2			0.9501545748985353
4948.1			0.9989789515597829
4949.0			1.0
4949.9			1.0
4950.8			1.0
4951.7			1.0
4952.6			1.0
4953.5			0.969202365907794
4954.4			0.9363215909857191
4955.3			0.869426951576563
4956.2			0.7404701545119834
4957.1			0.6203904014960122
4958.0			0.6388057601048817
4958.9			0.7961793766790405
4959.8			1.0
4960.7			1.047234836109223
4961.6			1.0248922439529835
4962.5			0.9998585666727907
4963.4			0.9821089853069301
4964.3			0.9541920276276362
4965.2			0.923718434448151
4966.1			0.9056141140260798
4967.0			0.8943095581461715
4967.9			0.888641522513747
4968.8			0.9021217213820792
4969.7			0.9389043227984363
4970.6			0.9859598281750758
4971.5			1.0241486560982762
4972.4			1.0381278324411554
4973.3			1.0311900528938425
4974.2			1.0163127980780549
4975.1			1.0016781911873338
4976.0			1.0
4976.9			0.9929707825213099
4977.8			0.9625732845764023
4978.7			0.9362838704118828
4979.6			0.9286529282106413
4980.5			0.8774251947216278
4981.4			0.7586026366132251
4982.3			0.6729403916918821
4983.2			0.7039171394598357
4984.1			0.795626563993202
4985.0			0.8622695537023788
4985.9			0.9121062067109649
4986.8			0.970503302305045
4987.7			1.0002635339772237
4988.6			1.0
4989.5			1.0
4990.4			1.0
4991.3			1.0
4992.2			1.0
4993.1			1.0
4994.0			1.0
4994.9			1.0
4995.8			1.0
4996.7			1.0325768383838279
4997.6			1.0224268547021982
4998.5			0.9546011076273846
4999.4			0.8624249955963098
5000.3			0.822658090321089
5001.2			0.8515562255270436
5002.1			0.9121334530585576
5003.0			0.9757335393749875
5003.9			1.0056350117206008
5004.8			1.0
5005.7			1.0
5006.6			1.0
5007.5			1.046480473854899
5008.4			1.1326292678780747
5009.3			1.1921896191283858
5010.2			1.2057094061900022
5011.1			1.144562394020435
5012.0			1.0286356858210768
5012.9			0.91909683826768
5013.8			0.8484627488063762
5014.7			0.8431853008089153
5015.6			0.9036301514314592
5016.5			1.0
5017.4			1.0486398886604305
5018.3			1.0870415335633374
5019.2			1.1113734758148375
5020.1			1.0892287518333468
5021.0			1.008980214318872
5021.9			0.9215088200570054
5022.8			0.9255300621202776
5023.7			1.0252502226694467
5024.6			1.1104426463369756
5025.5			1.1154455751668586
5026.4			1.0518691338633757
5027.3			0.9728623021484764
5028.2			0.9585504361044525
5029.1			1.0264858517140463
5030.0			1.1071416130283647
5030.9			1.1458764815331508
5031.8			1.1547973177939335
5032.7			1.1622261770544329
5033.6			1.1487959643372894
5034.5			1.0658831189083147
5035.4			0.9551932654663751
5036.3			0.9349667813641914
5037.2			1.0047108236630642
5038.1			1.0238891840287692
5039.0			0.9283387570004742
5039.9			0.7986031385099251
5040.8			0.7410457263717586
5041.7			0.7980566560889744
5042.6			0.9045268411757673
5043.5			0.9857953762895237
5044.4			1.0525703609528863
5045.3			1.1243050842675009
5046.2			1.167828229734903
5047.1			1.1466548181591798
5048.0			1.055819259041512
5048.9			0.9348690366852521
5049.8			0.8705637001564442
5050.7			0.9073402608653098
5051.6			0.9893780822741262
5052.5			1.0354033798484297
5053.4			1.0316185478008135
5054.3			1.0131177242312415
5055.2			1.0100040874264071
5056.1			1.0364323770923667
5057.0			1.0830376095353595
5057.9			1.1097792755874034
5058.8			1.102561130300935
5059.7			1.1028635282708352
5060.6			1.1171247576864158
5061.5			1.1102118178819198
5062.4			1.068907608960786
5063.3			0.9874822096068789
5064.2			0.8903880250264844
5065.1			0.8628211619833893
5066.0			0.9131939259605977
5066.9			0.9319427035846582
5067.8			0.8868216101171099
5068.7			0.8704478541681484
5069.6			0.918444912031827
5070.5			0.9461657161156907
5071.4			0.9055169182405653
5072.3			0.8817950881861124
5073.2			0.9431207034811867
5074.1			1.0092370615526391
5075.0			0.9831637290951615
5075.9			0.9120657922900384
5076.8			0.9029950656002178
5077.7			0.9367011505399696
5078.6			0.9115465145570188
5079.5			0.8410560348140507
5080.4			0.8077157555838552
5081.3			0.8008443534586459
5082.2			0.7887474694573812
5083.1			0.8049192965805251
5084.0			0.8647469789007597
5084.9			0.9328671650872381
5085.8			0.9814351124469675
5086.7			0.9938645296154447
5087.6			0.97001908288673
5088.5			0.944251076923374
5089.4			0.9376116722909916
5090.3			0.9386188648952424
5091.2			0.9622371064585847
5092.1			1.0323800621159032
5093.0			1.0933200437006594
5093.9			1.0506369433656066
5094.8			0.9321328424127149
5095.7			0.8722840536674512
5096.6			0.9173034403711242
5097.5			0.9525177763316156
5098.4			0.8931922565066831
5099.3			0.8165988727931281
5100.2			0.804910738455993
5101.1			0.8324749466584187
5102.0			0.8567287410852091
5102.9			0.864922733588644
5103.8			0.8544179349128449
5104.7			0.8389215202673931
5105.6			0.8276099823693783
5106.5			0.8145866773637703
5107.4			0.8122428695863122
5108.3			0.8329975773477227
5109.2			0.8467829474114855
5110.1			0.8387976816408762
5111.0			0.842344636651877
5111.9			0.8598384791849351
5112.8			0.8804090493027878
5113.7			0.9288062458979912
5114.6			0.9849090925932945
5115.5			0.9909814169259217
5116.4			0.97574315072438
5117.3			0.9867069178915543
5118.2			0.9844717182810715
5119.1			0.9400063467407455
5120.0			0.8864624680765052
5120.9			0.8685155094103404
5121.8			0.8818468265434364
5122.7			0.8570317612068218
5123.6			0.7811931488482241
5124.5			0.7396066860044632
5125.4			0.7596128353601915
5126.3			0.7856914478262019
5127.2			0.793453238360451
5128.1			0.783906571407102
5129.0			0.755921265316478
5129.9			0.7523653895942056
5130.8			0.8254560711560128
5131.7			0.9169752617181546
5132.6			0.927544953398676
5133.5			0.8840547608847014
5134.4			0.8835825657161306
5135.3			0.9243601491907265
5136.2			0.9374564412381265
5137.1			0.9019516518020937
5138.0			0.8296548947951524
5138.9			0.7765012373162336
5139.8			0.8164174119712266
5140.7			0.8940344200423679
5141.6			0.8983946986837045
5142.5			0.8618948922188048
5143.4			0.8679778639933245
5144.3			0.8810735645137905
5145.2			0.8438359428919563
5146.1			0.7984963442756918
5147.0			0.8063269876338804
5147.9			0.8444538795907511
5148.8			0.8555118102176498
5149.7			0.8283474099263117
5150.6			0.7974533795986449
5151.5			0.7743594412814193
5152.4			0.7341829480039218
5153.3			0.6917170525548583
5154.2			0.7089530427928215
5155.1			0.7991149423233054
5156.0			0.8993454024002562
5156.9			0.9693675532189545
5157.8			1.0027819643991174
5158.7			0.9950860233810609
5159.6			0.9875606033478704
5160.5			1.004619763293507
5161.4			0.9837195396045648
5162.3			0.916361455094817
5163.2			0.8867617978716782
5164.1			0.8743246444761971
5165.0			0.7739791464228957
5165.9			0.6018016264762438
5166.8			0.4774868323844719
5167.7			0.4702430918721497
5168.6			0.554399680199471
5169.5			0.6332364424825001
5170.4			0.6171968634010955
5171.3			0.5173279435771327
5172.2			0.42943778680470646
5173.1			0.43708139742545304
5174.0			0.5368789700077945
5174.9			0.6591295058765412
5175.8			0.7425322249081407
5176.7			0.7698033874957784
5177.6			0.7578563386979468
5178.5			0.7368010854231869
5179.4			0.7067727867082609
5180.3			0.6460349438194163
5181.2			0.5597374446439105
5182.1			0.47299421683923604
5183.0			0.41686197629656885
5183.9			0.4352133040929369
5184.8			0.5485682661763834
5185.7			0.7036377848882203
5186.6			0.8228625359133421
5187.5			1.0
5188.4			1.0267140713994962
5189.3			1.0621751407354156
5190.2			1.0518379783205025
5191.1			0.9432926752249018
5192.0			0.8301661932594349
5192.9			0.8322265946420322
5193.8			0.908782380569609
5194.7			0.9614391917754825
5195.6			1.0002952910023795
5196.5			0.9844118302019154
5197.4			1.0451529879315689
5198.3			1.0615732961254898
5199.2			1.0
5200.1			0.9852973747241504
5201.0			0.9445608517886467
5201.9			0.8838893203943683
5202.8			0.8024086086981919
5203.7			0.6847197684777131
5204.6			0.5613295584407144
5205.5			0.49565215050199507
5206.4			0.4935558259960982
5207.3			0.49429157450327776
5208.2			0.4792407117601582
5209.1			0.5051111372766667
5210.0			0.6217653443301175
5210.9			0.822219852698255
5211.8			1.0340836237751254
5212.7			1.1617769729189877
5213.6			1.1672959746922398
5214.5			1.0942273139561536
5215.4			1.0163565666386238
5216.3			0.9960375009220104
5217.2			1.0121644525932438
5218.1			1.1060838445006151
5219.0			1.1870638432045735
5219.9			1.0
5220.8			1.0265973682706542
5221.7			1.0273404180041417
5222.6			0.9882426471256697
5223.5			0.9153770383075218
5224.4			0.8436880106769883
5225.3			0.7856955958201642
5226.2			0.734545381148608
5227.1			0.7427508187231574
5228.0			0.8585230661140522
5228.9			1.0071471064398534
5229.8			1.0996030170291602
5230.7			1.1260025998518404
5231.6			1.0764003866289549
5232.5			0.9927825799488914
5233.4			1.0004910940149228
5234.3			1.0227671836056014
5235.2			1.0
5236.1			1.0618131594588416
5237.0			1.0848006961412562
5237.9			1.0734369911419712
5238.8			1.050933205207428
5239.7			1.0365838876733862
5240.6			1.0280229142867432
5241.5			1.0178633234405938
5242.4			1.012170094357266
5243.3			1.0246646720889425
5244.2			1.0472044135816108
5245.1			1.0256576138942377
5246.0			0.9374895757677435
5246.9			0.8608022792663301
5247.8			0.8712644983646447
5248.7			0.9155567979573502
5249.6			0.9031301640861782
5250.5			0.8603722492842064
5251.4			0.8613111785655924
5252.3			0.8957416489243709
5253.2			0.9082118123934895
5254.1			1.0
5255.0			0.9892807203522711
5255.9			1.0360066156410312
5256.8			1.1128709792790124
5257.7			1.1620013405107605
5258.6			1.1708850982097143
5259.5			1.142632478940275
5260.4			1.0685418267227087
5261.3			0.9568459502811043
5262.2			0.8472893851889531
5263.1			0.7735736381080985
5264.0			0.7289254540275614
5264.9			0.6940932919047358
5265.8			0.6896819394392718
5266.7			0.7385519478803279
5267.6			0.7596429220340225
5268.5			0.6637259991524013
5269.4			0.5475274846048178
5270.3			0.5833657319074661
5271.2			0.7546946236161871
5272.1			0.9078836517748936
5273.0			0.9842878324815275
5273.9			1.0156652860696855
5274.8			1.0194966271517794
5275.7			1.0355431242766346
5276.6			1.1165614173977911
5277.5			1.0
5278.4			1.0293897176249993
5279.3			0.9972705593511233
5280.2			0.9271975851213563
5281.1			0.8436552007820278
5282.0			0.7723638338953507
5282.9			0.7449494081639848
5283.8			0.7849131184268247
5284.7			0.882448830445415
5285.6			0.9774081858330581
5286.5			1.0160165560253664
5287.4			1.0010548633070404
5288.3			1.2289945134545035
5289.2			1.0
5290.1			1.0143367884435182
5291.0			1.0180587498079823
5291.9			1.0071515628678516
5292.8			0.9969739288455424
5293.7			0.9930635515042212
5294.6			0.9695414716610059
5295.5			0.8877213192234604
5296.4			0.7595744473305919
5297.3			0.6644674613294209
5298.2			0.6770431192828836
5299.1			0.7694714491287269
5300.0			0.8396272613507595
5300.9			0.8449181018655045
5301.8			0.8434044519341463
5302.7			0.8879779132278612
5303.6			0.9560718935988894
5304.5			0.99925905829347
5305.4			1.2725039679204448
5306.3			1.2356413051361848
5307.2			1.2082478585554886
5308.1			1.2222113361091393
5309.0			1.2556455667732884
5309.9			1.2731075594570298
5310.8			1.2756174219198628
5311.7			1.266895557513016
5312.6			1.245730518512314
5313.5			1.2246353161663215
5314.4			1.2197492444254328
5315.3			1.2232081805200044
5316.2			1.2272013938593813
5317.1			1.2292176146903457
5318.0			1.2223026384283564
5318.9			1.0
5319.8			0.98146014452335
5320.7			0.9711046696920728
5321.6			0.9565856123716961
5322.5			0.9034391035326266
5323.4			0.8204197310915264
5324.3			0.7882682928005554
5325.2			0.8157747011032525
5326.1			0.7883298614616917
5327.0			0.651555289372062
5327.9			0.5258473588174332
5328.8			0.5496136897180345
5329.7			0.7013143071187348
5330.6			0.8501236390134792
5331.5			0.9143014009299706
5332.4			0.9228818329824554
5333.3			0.9442378282756907
5334.2			0.9881563960001425
5335.1			1.0
5336.0			1.0004792559224238
5336.9			0.9917851518725751
5337.8			0.9775698932694957
5338.7			0.925481024054526
5339.6			0.8403726895582432
5340.5			0.8053346592297849
5341.4			0.8700778037467407
5342.3			0.9742469113883964
5343.2			1.0366128545061941
5344.1			1.0346869896924846
5345.0			0.9957126131754397
5345.9			1.03111699029496
5346.8			1.0515142146810892
5347.7			1.039854156250865
5348.6			0.9996288390171351
5349.5			1.0
5350.4			1.0
5351.3			1.0
5352.2			1.0
5353.1			1.0
5354.0			1.0
5354.9			1.0
5355.8			1.0
5356.7			1.0
5357.6			1.0
5358.5			1.0
5359.4			1.0
5360.3			1.0
5361.2			1.0
5362.1			0.9788627722578673
5363.0			0.9616541086901798
5363.9			0.9312021556290805
5364.8			0.9014616312069044
5365.7			0.892216055274978
5366.6			0.8967417771292868
5367.5			0.8991627459792765
5368.4			0.8709028024220158
5369.3			0.7773210026069926
5370.2			0.6502901408084797
5371.1			0.59223639892155
5372.0			0.6641853833713429
5372.9			0.8078774405071041
5373.8			0.9233264305465092
5374.7			0.9757169784076394
5375.6			0.9789022814055953
5376.5			0.9643107193288086
5377.4			0.966485963085172
5378.3			0.9905011818289052
5379.2			1.0
5380.1			0.9993892131402401
5381.0			0.9802722332819356
5381.9			0.9297538649406512
5382.8			0.8745146953448037
5383.7			0.8755558554349528
5384.6			0.9367476624386329
5385.5			0.995693334502662
5386.4			1.015689910529671
5387.3			1.0019347425048795
5388.2			1.0
5389.1			1.0
5390.0			1.0
5390.9			1.0
5391.8			1.0
5392.7			1.0
5393.6			1.0
5394.5			1.0
5395.4			1.0
5396.3			0.8871703093760115
5397.2			0.8468747689743777
5398.1			0.9410843855527516
5399.0			1.0477222422961827
5399.9			1.0700522590025014
5400.8			1.063072547961025
5401.7			1.073305263180564
5402.6			1.045479383550887
5403.5			0.9313885515350424
5404.4			0.7865699775102786
5405.3			0.7104663214479262
5406.2			0.7615449100942477
5407.1			0.8783095157236988
5408.0			0.9202734150430387
5408.9			0.848897587317669
5409.8			0.7886709548328019
5410.7			0.8353710822844495
5411.6			0.9396346260869882
5412.5			1.0187216200803468
5413.4			1.0360784215533798
5414.3			1.0014358257041693
5415.2			1.0
5416.1			1.0
5417.0			1.0
5417.9			1.0
5418.8			1.0
5419.7			1.0
5420.6			0.9863102814913494
5421.5			1.0098267810079125
5422.4			1.0055131749351254
5423.3			0.9475885256553475
5424.2			0.9165835653983178
5425.1			0.9603544968513439
5426.0			1.0299169592580752
5426.9			1.0509671365843718
5427.8			0.9660276145414066
5428.7			0.8059398665148052
5429.6			0.7231471490724829
5430.5			0.7895594039549795
5431.4			0.8794719354256697
5432.3			0.877149731696219
5433.2			0.8088711097588198
5434.1			0.7575395288071166
5435.0			0.7802461126166453
5435.9			0.8611537594047015
5436.8			0.9361227877870034
5437.7			0.9760814008886803
5438.6			0.9997822692644722
5439.5			1.0
5440.4			1.0
5441.3			1.0
5442.2			0.9989274904873554
5443.1			0.9854645087536035
5444.0			0.9318792529842429
5444.9			0.8234973211526403
5445.8			0.7034071877617408
5446.7			0.6685086207570075
5447.6			0.7602719427400955
5448.5			0.898014036500225
5449.4			0.9831679645535031
5450.3			1.0051920124704499
5451.2			1.0
5452.1			0.9898783181976629
5453.0			0.9557127590530045
5453.9			0.863814408626339
5454.8			0.7576425780761915
5455.7			0.7460608586861633
5456.6			0.8474469747864807
5457.5			0.9610935287744765
5458.4			1.011338798294307
5459.3			0.9977521680412195
5460.2			1.0
5461.1			1.0
5462.0			1.0
5462.9			1.0
5463.8			1.0
5464.7			1.0
5465.6			1.0
5466.5			1.0
5467.4			1.0
5468.3			1.0
5469.2			1.0
5470.1			0.9750437922012024
5471.0			0.9875885756055541
5471.9			1.0087509535308352
5472.8			0.9920831399135674
5473.7			0.9623612730911627
5474.6			0.9428891653024262
5475.5			0.8967511796633487
5476.4			0.8472785051737213
5477.3			0.877617647700544
5478.2			0.9761748729995295
5479.1			1.0378525909803287
5480.0			1.010810211439
5480.9			0.9493523648292698
5481.8			0.9412552410949911
5482.7			1.0
5483.6			1.0553523117305625
5484.5			1.0880002080668987
5485.4			1.0723668100675503
5486.3			1.0040611937653299
5487.2			0.9383825609475688
5488.1			0.9337801101221693
5489.0			0.9650491602573281
5489.9			0.9849616795648068
5490.8			0.9965387733237009
5491.7			1.0
5492.6			1.0
5493.5			1.0
5494.4			0.9953714879418125
5495.3			0.9908937885078749
5496.2			0.9533221520050449
5497.1			0.9239930976523142
5498.0			0.95895045800581
5498.9			1.0103590315379258
5499.8			0.9999095388053999
5500.7			1.0
5501.6			1.0
5502.5			1.0
5503.4			1.0
5504.3			1.0
5505.2			1.0
5506.1			0.9486246183778496
5507.0			0.9810683639547467
5507.9			1.0588792919020815
5508.8			1.0889158406212014
5509.7			1.0502872253497628
5510.6			0.9719504527688545
5511.5			0.8871845593428977
5512.4			0.8374330902832869
5513.3			0.837208083002058
5514.2			0.863518275414886
5515.1			0.8924222997345759
5516.0			0.921623696717666
5516.9			0.9570849483506442
5517.8			0.9901813766598213
5518.7			0.9977823346935935
5519.6			1.0
5520.5			1.0
5521.4			1.0
5522.3			1.0
5523.2			1.0
5524.1			0.99377924305012
5525.0			0.985497308852078
5525.9			0.9539180276512734
5526.8			0.8766096762088197
5527.7			0.8074861751665048
5528.6			0.8364804244569001
5529.5			0.9380480419946569
5530.4			1.0030998151077266
5531.3			1.000957711575916
5532.2			1.0
5533.1			1.0
5534.0			1.0
5534.9			1.0
5535.8			1.0
5536.7			1.0
5537.6			1.0
5538.5			1.0
5539.4			1.0
5540.3			1.0
5541.2			1.0
5542.1			1.0
5543.0			1.0
5543.9			1.0
5544.8			1.0
5545.7			1.0
5546.6			1.0
5547.5			1.0
5548.4			1.0
5549.3			1.0
5550.200000000001			1.0
5551.1			1.0
5552.0			1.0
5552.9			1.0
5553.8			1.0
5554.700000000001			1.0
5555.6			1.0
5556.5			1.0
5557.4			1.0
5558.3			1.0296972692529576
5559.200000000001			1.0529237360015327
5560.1			1.0544623623323022
5561.0			1.03954665860711
5561.9			1.0193834712915264
5562.8			1.0105862909346355
5563.700000000001			1.019673245722545
5564.6			1.0180344800144525
5565.5			0.9948842477080423
5566.4			0.9901252610004778
5567.3			1.0137778245393116
5568.200000000001			1.024292585309029
5569.1			1.0158501700974518
5570.0			1.0358324103811283
5570.9			1.0651158480466631
5571.8			1.039229533916866
5572.700000000001			1.0120045891194458
5573.6			1.0700777744230254
5574.5			1.1445825711092505
5575.4			1.1550736425109542
5576.3			1.0
5577.200000000001			1.0443729996633544
5578.1			1.0697644068356718
5579.0			1.0699988285723954
5579.9			1.0739177447995252
5580.8			1.0546315041794905
5581.700000000001			1.015963875726447
5582.6			1.0137872865720408
5583.5			1.0391455186828193
5584.4			1.031770572338624
5585.3			0.9630229866879222
5586.200000000001			0.8648976778698161
5587.1			0.7941128050119519
5588.0			0.7718992425371073
5588.9			0.7985607388949102
5589.8			0.8841770690661905
5590.700000000001			0.9883078498341532
5591.6			1.041051342609067
5592.5			1.027547807723515
5593.4			0.9773698033334406
5594.3			0.958535569408877
5595.200000000001			1.0
5596.1			1.0642941207165602
5597.0			1.0394949955602013
5597.9			0.9544811741139688
5598.8			0.9163087850578232
5599.700000000001			0.9259900053013698
5600.6			0.9111125206979253
5601.5			0.8702409372868273
5602.4			0.8566736283852695
5603.3			0.897499697879803
5604.200000000001			0.968735270803674
5605.1			1.0207645314266052
5606.0			1.036402716328042
5606.9			1.0253510787867581
5607.8			1.00535116303097
5608.700000000001			1.0
5609.6			1.0032525238386172
5610.5			1.0075403245682595
5611.4			1.0140351761660964
5612.3			1.0159558682767733
5613.200000000001			0.9792794568937169
5614.1			0.8745041733586416
5615.0			0.7578638545055328
5615.9			0.7434612780984236
5616.8			0.8370968903127147
5617.700000000001			0.922314265612619
5618.6			0.9373555342113656
5619.5			0.9217824204105696
5620.4			1.0
5621.3			1.0376709153957275
5622.200000000001			1.0520204035986949
5623.1			0.998397506610991
5624.0			0.9144365367600906
5624.9			0.8874378870016635
5625.8			0.9292679803992097
5626.700000000001			0.9723098504510408
5627.6			0.9856535624743161
5628.5			0.9956387791128047
5629.4			1.0
5630.3			1.0
5631.200000000001			1.0
5632.1			1.0
5633.0			1.0
5633.9			1.0
5634.8			1.0
5635.700000000001			1.0
5636.6			1.0
5637.5			1.0
5638.4			1.0
5639.3			1.0
5640.200000000001			1.0
5641.1			1.0
5642.0			1.0
5642.9			1.0
5643.8			1.0
5644.700000000001			1.0
5645.6			1.0
5646.5			1.0
5647.4			1.0
5648.3			1.0
5649.200000000001			1.0
5650.1			1.0
5651.0			1.0214629738453531
5651.9			1.0416535883140159
5652.8			1.0424535591582866
5653.700000000001			1.0154237014758851
5654.6			0.9860944109598597
5655.5			0.9847654505370546
5656.4			0.9824372665838221
5657.3			0.9220198234548646
5658.200000000001			0.8445666496958674
5659.1			0.8459606485142059
5660.0			0.9101531316011496
5660.9			0.9344109498281729
5661.8			0.8998187664754396
5662.700000000001			0.8826864981328381
5663.6			0.9185569701557621
5664.5			0.9715563339534514
5665.4			0.9992995051661268
5666.3			1.0
5667.200000000001			1.0
5668.1			1.0
5669.0			1.0
5669.9			1.0
5670.8			1.0
5671.700000000001			1.0
5672.6			1.0
5673.5			1.0
5674.4			1.0
5675.3			1.0
5676.200000000001			1.0
5677.1			1.0
5678.0			1.0
5678.9			1.0
5679.8			1.0
5680.700000000001			1.0
5681.6			1.0
5682.5			1.0
5683.4			1.0
5684.3			1.0503350673833332
5685.200000000001			1.063046096038063
5686.1			1.011889148430748
5687.0			0.9349688690434657
5687.9			0.8902924019174485
5688.8			0.907973952836821
5689.700000000001			0.9599520355556604
5690.6			1.0
5691.5			1.017130395754428
5692.4			1.0197361089020514
5693.3			1.0122481730546025
5694.200000000001			0.999421292868156
5695.1			0.9994670476224017
5696.0			1.0126324285416675
5696.9			1.0029567142942273
5697.8			0.9643492444031065
5698.700000000001			0.9479724790980487
5699.6			0.9551191965145315
5700.5			0.9450105362875267
5701.4			0.9233141004552979
5702.3			0.9232274722760603
5703.200000000001			0.9504572223552216
5704.1			0.9823292378004038
5705.0			0.9889429297129393
5705.9			0.9641676009069626
5706.8			0.9329888403132592
5707.700000000001			0.9039947708070328
5708.6			0.8758817640808645
5709.5			0.8658244027656303
5710.4			0.8657173881247253
5711.3			0.8641257061728623
5712.200000000001			0.8981187020550102
5713.1			0.963018434728839
5714.0			1.001866274482452
5714.9			1.0080245036702504
5715.8			1.0067494955066028
5716.700000000001			1.0045590001441727
5717.6			1.0118186098609145
5718.5			1.0368693022409206
5719.4			1.0547830225982455
5720.3			1.0574871422970498
5721.200000000001			1.0669023895511982
5722.1			1.080996390028616
5723.0			1.0839260385592941
5723.9			1.0
5724.8			0.9991463570630505
5725.700000000001			0.9736429581873719
5726.6			0.9309359107430057
5727.5			0.9268946171337749
5728.4			0.9768571181045057
5729.3			1.016623130817756
5730.200000000001			0.9956686274731075
5731.1			0.9995138614945064
5732.0			1.0
5732.9			1.0
5733.8			1.0
5734.700000000001			1.0
5735.6			1.0
5736.5			1.0
5737.4			1.0
5738.3			1.0
5739.200000000001			1.0
5740.1			1.0
5741.0			1.0
5741.9			1.0
5742.8			1.0
5743.700000000001			1.0
5744.6			1.0
5745.5			1.0
5746.4			1.0
5747.3			1.0
5748.200000000001			1.0
5749.1			1.0
5750.0			1.0166350055667914
5750.9			1.0092131786165008
5751.8			0.9729594276353211
5752.700000000001			0.9305689239648672
5753.6			0.9102696814894622
5754.5			0.9226541180887193
5755.4			0.9553567957073203
5756.3			0.9884794180385726
5757.200000000001			1.0
5758.1			0.9974631685200515
5759.0			0.9809715516577049
5759.9			0.9579159661109048
5760.8			0.9266466688591907
5761.700000000001			0.8900185265116383
5762.6			0.8741858285080493
5763.5			0.9078970787420676
5764.4			0.9689526349813211
5765.3			0.9984851265097604
5766.200000000001			0.9962739281569244
5767.1			1.0002919134545745
5768.0			1.0
5768.9			1.0
5769.8			1.0
5770.700000000001			1.0
5771.6			0.9856558222956133
5772.5			0.978504778357575
5773.4			0.9733549164927127
5774.3			0.9632278955857213
5775.200000000001			0.96202169373999
5776.1			0.9757147471670338
5777.0			0.9888434637483917
5777.9			0.993397815405132
5778.8			0.9890322869716937
5779.700000000001			0.9571067789285667
5780.6			0.9012886220172797
5781.5			0.8665710580993714
5782.4			0.8746881996261451
5783.3			0.8867623668418531
5784.200000000001			0.8709990064430299
5785.1			0.8539040754478974
5786.0			0.8774399556353535
5786.9			0.926616268591269
5787.8			0.9612678821407888
5788.700000000001			0.9752665338724826
5789.6			0.9650174388332892
5790.5			0.9383999240650527
5791.4			0.9387980639189805
5792.3			0.9799833023883777
5793.200000000001			1.0210604798184244
5794.1			1.0457269965375195
5795.0			1.0597500093982577
5795.9			1.0491675381647776
5796.8			1.0151005024700157
5797.700000000001			0.9880025152396006
5798.6			1.0010577205189102
5799.5			1.0
5800.4			1.0
5801.3			1.0
5802.200000000001			1.0
5803.1			1.0
5804.0			1.0
5804.9			1.0
5805.8			1.0
5806.700000000001			1.0
5807.6			1.0
5808.5			1.0
5809.4			1.0
5810.3			1.0
5811.200000000001			1.0
5812.1			1.0
5813.0			1.0
5813.9			1.0
5814.8			1.0
5815.700000000001			1.0
5816.6			1.0
5817.5			1.0
5818.4			1.0
5819.3			1.0
5820.200000000001			1.0
5821.1			1.0
5822.0			1.0
5822.9			1.0
5823.8			1.0
5824.700000000001			1.0
5825.6			1.0
5826.5			1.0
5827.4			1.0
5828.3			1.0
5829.200000000001			1.0
5830.1			1.0
5831.0			1.0
5831.9			1.0
5832.8			1.0
5833.700000000001			1.0
5834.6			1.0
5835.5			1.0
5836.4			1.0
5837.3			1.0
5838.200000000001			1.0
5839.1			1.0
5840.0			1.0
5840.9			1.0
5841.8			1.0
5842.700000000001			1.0
5843.6			1.0
5844.5			1.0
5845.4			1.0
5846.3			1.0
5847.200000000001			1.0
5848.1			1.0
5849.0			1.0
5849.9			1.0
5850.8			1.0
5851.700000000001			1.0
5852.6			1.0
5853.5			1.0
5854.4			1.0126036175732562
5855.3			0.9950279132666894
5856.200000000001			0.9229780616857224
5857.1			0.844723747523228
5858.0			0.8412226152625265
5858.9			0.9116275354868261
5859.8			0.9823318800103734
5860.700000000001			1.0121492971890418
5861.6			1.0003034662040367
5862.5			1.0
5863.4			1.0
5864.3			1.0
5865.200000000001			1.0
5866.1			1.0
5867.0			1.0
5867.9			1.0
5868.8			1.0
5869.700000000001			1.0
5870.6			1.0
5871.5			1.0
5872.4			1.0
5873.3			1.0
5874.200000000001			1.0094355432173017
5875.1			1.013886663441672
5876.0			1.0026782886664949
5876.9			0.9869774117795964
5877.8			0.9728841981094792
5878.700000000001			0.9553768902715507
5879.6			0.9323701514221837
5880.5			0.9238562762588243
5881.4			0.9279790109340208
5882.3			0.9132298395669288
5883.200000000001			0.8683718313437987
5884.1			0.8205713492493469
5885.0			0.7828173465083235
5885.9			0.726390849367725
5886.8			0.6333585623646356
5887.700000000001			0.5101716390514583
5888.6			0.3773521394076013
5889.5			0.2791428465747894
5890.4			0.2685024547361527
5891.3			0.3426593765219231
5892.200000000001			0.43890048073568183
5893.1			0.49375501530321636
5894.0			0.4705133552032173
5894.9			0.38228561155789126
5895.8			0.31611543231456535
5896.700000000001			0.3581276788350091
5897.6			0.48835671309310397
5898.5			0.6268421107639308
5899.4			0.7386970568710316
5900.3			0.8308897267268097
5901.200000000001			0.8961754384622347
5902.1			0.9290735237442942
5903.0			0.9454137654282138
5903.9			0.9589211156670814
5904.8			0.9716165784703612
5905.700000000001			0.9838514370535402
5906.6			1.0004125742282626
5907.5			1.0
5908.4			1.0
5909.3			1.0
5910.200000000001			1.0
5911.1			1.0
5912.0			1.0
5912.9			1.0
5913.8			1.0
5914.700000000001			1.0
5915.6			1.0
5916.5			1.0
5917.4			1.0
5918.3			1.0
5919.200000000001			1.0
5920.1			1.0
5921.0			1.0
5921.9			1.0
5922.8			1.0
5923.700000000001			1.0
5924.6			1.0
5925.5			1.0
5926.4			1.0
5927.3			1.0
5928.200000000001			1.0
5929.1			1.0
5930.0			1.0
5930.9			1.0
5931.8			1.0
5932.700000000001			1.0
5933.6			1.0
5934.5			1.0
5935.4			1.0
5936.3			1.0
5937.200000000001			1.0
5938.1			1.0
5939.0			1.0
5939.9			1.0
5940.8			1.0
5941.700000000001			1.0
5942.6			1.0
5943.5			1.0
5944.4			1.0
5945.3			1.0
5946.200000000001			1.0
5947.1			1.0
5948.0			1.0
5948.9			1.0
5949.8			1.0
5950.700000000001			1.0
5951.6			1.0
5952.5			1.0
5953.4			1.0
5954.3			1.0
5955.200000000001			1.0
5956.1			1.0
5957.0			1.0
5957.9			1.0
5958.8			1.0
5959.700000000001			1.0
5960.6			1.0
5961.5			1.0
5962.4			1.0
5963.3			1.0
5964.200000000001			1.0
5965.1			1.0
5966.0			1.0
5966.9			1.0
5967.8			1.0
5968.700000000001			1.0
5969.6			1.0
5970.5			1.0
5971.4			1.0
5972.3			1.0
5973.200000000001			1.0
5974.1			1.0
5975.0			1.0
5975.9			1.0
5976.8			0.9837484737479597
5977.700000000001			0.9774760419414201
5978.6			0.984527464434816
5979.5			1.0060753914161318
5980.4			1.0246780918149205
5981.3			1.026502382397684
5982.200000000001			1.01227619028686
5983.1			0.9756540193422715
5984.0			0.9372363499784453
5984.9			0.9364676551003337
5985.8			0.9627495341739601
5986.700000000001			0.9775759186288402
5987.6			0.9806658293169737
5988.5			0.986079352025886
5989.4			0.9931848208367902
5990.3			1.000114948014483
5991.200000000001			0.9999949468597914
5992.1			1.0
5993.0			1.0
5993.9			1.0
5994.8			1.0
5995.700000000001			1.0
5996.6			1.0
5997.5			1.0
5998.4			1.0
5999.3			1.0
6000.200000000001			1.0
6001.1			1.0
6002.0			1.0
6002.9			1.0
6003.8			1.0
6004.700000000001			1.0325314741206564
6005.6			1.0
6006.5			0.9758310027142957
6007.4			0.9355843874167312
6008.3			0.9109753541924849
6009.200000000001			0.9413138366604892
6010.1			0.9975345255003208
6011.0			1.0155972084661389
6011.9			0.9843371074712906
6012.8			0.9432753253034274
6013.700000000001			0.9361171929932338
6014.6			0.9578718173900407
6015.5			0.9549499054591071
6016.4			0.9257457883250854
6017.3			0.9228066518309513
6018.200000000001			0.9458653706245642
6019.1			0.9434815449849763
6020.0			0.9105922794787101
6020.9			0.8888831123652393
6021.8			0.8976823673234118
6022.700000000001			0.9199090744438516
6023.6			0.9277937359918048
6024.5			0.9346721793778541
6025.4			0.9567722854345591
6026.3			0.9765739805217482
6027.200000000001			0.9847175003340688
6028.1			0.9952679663723825
6029.0			1.0032011873879274
6029.9			0.9976013593693264
6030.8			0.9877531897105193
6031.700000000001			0.9827408119648214
6032.6			0.9868474661046539
6033.5			0.9962377791817789
6034.4			1.0011106876740006
6035.3			0.99932969692619
6036.200000000001			1.0
6037.1			1.0
6038.0			1.0
6038.9			1.0
6039.8			1.0
6040.700000000001			1.0
6041.6			1.0
6042.5			1.0
6043.4			1.0
6044.3			1.0
6045.200000000001			1.0
6046.1			1.0
6047.0			1.0
6047.9			1.0
6048.8			1.0
6049.700000000001			1.0
6050.6			1.0
6051.5			1.0
6052.4			1.0
6053.3			1.0
6054.200000000001			1.0
6055.1			1.0
6056.0			1.0
6056.9			1.0
6057.8			1.0
6058.700000000001			1.0
6059.6			1.0
6060.5			1.0098201458154556
6061.4			0.9991377638622801
6062.3			0.9736951992789016
6063.200000000001			0.9523271921207286
6064.1			0.9224814304231305
6065.0			0.8808228914080187
6065.9			0.880795099726629
6066.8			0.9356364725402587
6067.700000000001			0.9825867773851535
6068.6			0.9961926888758459
6069.5			1.0013791449117246
6070.4			1.0
6071.3			1.0
6072.200000000001			1.0
6073.1			1.0
6074.0			1.0
6074.9			1.0
6075.8			1.0
6076.700000000001			1.0
6077.6			1.0
6078.5			1.0
6079.4			1.0
6080.3			1.0
6081.200000000001			1.0
6082.1			1.0
6083.0			1.0
6083.9			1.0
6084.8			1.0
6085.700000000001			1.0
6086.6			1.0
6087.5			1.0
6088.4			1.0
6089.3			1.0
6090.200000000001			1.0
6091.1			1.0
6092.0			1.0
6092.9			1.0
6093.8			1.0
6094.700000000001			1.0
6095.6			1.0
6096.5			1.0
6097.4			1.0
6098.3			1.0
6099.200000000001			1.0137133620226162
6100.1			1.0127662546037886
6101.0			0.9512511755245306
6101.9			0.8189137434156594
6102.8			0.7363320303249823
6103.700000000001			0.8084364071287785
6104.6			0.9345392870144383
6105.5			0.9959261604681252
6106.4			0.9965576901887405
6107.3			1.0
6108.200000000001			1.0
6109.1			1.0
6110.0			1.0
6110.9			1.0
6111.8			1.0
6112.700000000001			1.0
6113.6			1.0
6114.5			1.0
6115.4			1.0
6116.3			1.0
6117.200000000001			1.0
6118.1			1.0
6119.0			0.9809328598656589
6119.9			0.9308564696280488
6120.8			0.8331859723209747
6121.700000000001			0.708938615471196
6122.6			0.687397435483923
6123.5			0.817867905991461
6124.4			0.9567986232852501
6125.3			1.0020510050455336
6126.200000000001			0.9981410147054853
6127.1			1.0
6128.0			1.0
6128.9			1.0
6129.8			1.0
6130.700000000001			1.0
6131.6			1.0
6132.5			1.0
6133.4			0.9999049991253282
6134.3			0.9725357580883515
6135.200000000001			0.9071770887072382
6136.1			0.8134793788812015
6137.0			0.7518945352307019
6137.9			0.7939459386148112
6138.8			0.9122784798284717
6139.700000000001			0.99914851965203
6140.6			1.0017113154556558
6141.5			1.0
6142.4			1.0
6143.3			1.0
6144.200000000001			1.0
6145.1			1.0
6146.0			1.0
6146.9			1.0
6147.8			1.0
6148.700000000001			1.0
6149.6			1.0
6150.5			1.0
6151.4			1.0
6152.3			1.0
6153.200000000001			1.0
6154.1			1.0
6155.0			1.0
6155.9			1.0
6156.8			1.0220900498889327
6157.700000000001			1.028326238275422
6158.6			1.0299267048357785
6159.5			0.9880897785676208
6160.4			0.847310470016064
6161.3			0.6578398302360714
6162.200000000001			0.5647410850539564
6163.1			0.6443763502943044
6164.0			0.8167918715791249
6164.9			0.9482429618594391
6165.8			0.9886598900252354
6166.700000000001			1.0025852646102267
6167.6			1.0038329867015348
6168.5			1.0
6169.4			1.0
6170.3			1.0
6171.200000000001			1.0
6172.1			1.0
6173.0			1.0
6173.9			1.0
6174.8			1.0
6175.700000000001			1.0
6176.6			1.0
6177.5			1.0
6178.4			1.0
6179.3			1.0
6180.200000000001			1.0
6181.1			1.0
6182.0			1.0
6182.9			1.0
6183.8			1.0
6184.700000000001			1.0
6185.6			1.0
6186.5			1.0
6187.4			0.9846633969292254
6188.3			0.9787875577718179
6189.200000000001			0.9715225595853322
6190.1			0.9343535281124469
6191.0			0.8677146382884945
6191.9			0.8508050004077287
6192.8			0.9158552268243694
6193.700000000001			0.9776512659214449
6194.6			0.9933313518010062
6195.5			0.9947864098677212
6196.4			0.997556445373245
6197.3			1.0
6198.200000000001			1.0
6199.1			1.0
6200.0			1.0
6200.9			1.0
6201.8			1.0
6202.700000000001			1.0
6203.6			1.0
6204.5			1.0
6205.4			1.0
6206.3			1.0
6207.200000000001			1.0
6208.1			1.0
6209.0			1.0
6209.9			0.9844424806825267
6210.8			0.9759027188144761
6211.700000000001			0.9810570272962921
6212.6			0.9641218257602033
6213.5			0.9217272142722328
6214.4			0.9043771167050011
6215.3			0.9178064949558944
6216.200000000001			0.9412847879244937
6217.1			0.9845781822148434
6218.0			1.0155766776724682
6218.9			0.9980376879200702
6219.8			1.0
6220.700000000001			1.0
6221.6			1.0
6222.5			1.0
6223.4			1.0
6224.3			1.0
6225.200000000001			1.0
6226.1			1.009789372954754
6227.0			1.0118355517787818
6227.9			1.0064851762783966
6228.8			0.9751720682159832
6229.700000000001			0.8981069207060447
6230.6			0.830837606420502
6231.5			0.83832536920767
6232.4			0.8834659731746316
6233.3			0.921965287664994
6234.200000000001			1.0
6235.1			1.042487383805213
6236.0			1.0524488069752203
6236.9			1.0411257435966685
6237.8			1.026596510744385
6238.700000000001			0.9961505596140379
6239.6			0.9511863708752502
6240.5			0.9445624723712768
6241.4			0.9727657586016102
6242.3			0.9582937136278057
6243.200000000001			0.9234029258110594
6244.1			0.9419582559177138
6245.0			0.9709057084935807
6245.9			0.9615594355378175
6246.8			1.0
6247.700000000001			1.0483989007626253
6248.6			1.0760142628914104
6249.5			1.0754355331983885
6250.4			1.0619633713716954
6251.3			1.0088977334910518
6252.200000000001			0.9353796548448198
6253.1			0.912045053343271
6254.0			0.9419262992531978
6254.9			0.9773499851536915
6255.8			0.9752032841047766
6256.700000000001			0.9327782386164654
6257.6			0.8741018056844257
6258.5			0.8416392788168496
6259.4			0.8803883268899666
6260.3			0.9404917309328533
6261.200000000001			0.9687704372293166
6262.1			1.0076998279706544
6263.0			1.055369834806849
6263.9			1.0465433320124744
6264.8			0.996157347465196
6265.700000000001			0.9791037139998875
6266.6			1.0097040992854063
6267.5			1.0324139180889182
6268.4			1.0170512819028952
6269.3			1.0006972080647611
6270.200000000001			1.0
6271.1			1.0
6272.0			1.0
6272.9			1.0
6273.8			1.0
6274.700000000001			1.0
6275.6			1.0
6276.5			1.0
6277.4			1.0
6278.3			1.0
6279.200000000001			1.0
6280.1			1.0
6281.0			1.0
6281.9			1.0
6282.8			1.0
6283.700000000001			1.0
6284.6			1.0
6285.5			1.0
6286.4			1.0186036421742404
6287.3			1.0478698185592519
6288.200000000001			1.0631408165827043
6289.1			1.066165714690174
6290.0			1.0497582126103004
6290.9			1.0240074631053397
6291.8			1.0031725579162627
6292.700000000001			0.9917504112173802
6293.6			1.0020350150820454
6294.5			1.0231844990210264
6295.4			1.012576782975847
6296.3			0.9724615624001614
6297.200000000001			0.9549762412602331
6298.1			0.9817892841248664
6299.0			1.0266426730659215
6299.9			1.0324503648610435
6300.8			0.9770912499904536
6301.700000000001			0.9205731675340173
6302.6			0.9326546622273851
6303.5			0.9890377175588965
6304.4			1.021634218149692
6305.3			1.0104568694152676
6306.200000000001			1.0108127403583096
6307.1			1.0524757722178064
6308.0			1.087028300116495
6308.9			1.0
6309.8			0.9869941178738781
6310.700000000001			0.9601731707060955
6311.6			0.9378447773291885
6312.5			0.9456489527941233
6313.4			0.9591906025626747
6314.3			0.9399051063529584
6315.200000000001			0.9155225553514839
6316.1			0.9202799847613178
6317.0			0.9131011811953041
6317.9			0.8741825163967751
6318.8			0.8716883793829142
6319.700000000001			0.9272284966241984
6320.6			0.9791926949358417
6321.5			0.9872055257877542
6322.4			0.9715275098467505
6323.3			0.9785544154000572
6324.200000000001			0.9984416175892354
6325.1			1.006846039941548
6326.0			1.0035963033376059
6326.9			0.99616261207978
6327.8			0.9989790352757225
6328.700000000001			1.0
6329.6			1.0
6330.5			1.0
6331.4			1.02128245585647
6332.3			1.0460448628120789
6333.200000000001			1.0477007571085295
6334.1			1.0132883041922573
6335.0			0.94598578420822
6335.9			0.8903783341938258
6336.8			0.895467749441945
6337.700000000001			0.9402976056420042
6338.6			0.9731899550851814
6339.5			0.9872384342484111
6340.4			1.0001097821975389
6341.3			1.0
6342.200000000001			1.0
6343.1			1.0
6344.0			1.0
6344.9			1.0
6345.8			1.0
6346.700000000001			1.0
6347.6			1.0
6348.5			1.0
6349.4			1.0
6350.3			1.0
6351.200000000001			1.0
6352.1			1.0
6353.0			0.9885971962590577
6353.9			0.9668959076195893
6354.8			0.9467597334689566
6355.700000000001			0.9550274557035954
6356.6			0.9759762486318645
6357.5			0.9567466431941587
6358.4			0.9089584900709459
6359.3			0.8882936902085741
6360.200000000001			0.8939930674214254
6361.1			0.8823233273179574
6362.0			0.8595796166538011
6362.9			0.8648656753949605
6363.8			0.8973775620655317
6364.700000000001			0.932372459974223
6365.6			0.9515715706238097
6366.5			0.959369610197577
6367.4			0.9740082793836439
6368.3			0.9930458090872663
6369.200000000001			0.9984403987911457
6370.1			0.9950764854781731
6371.0			0.9998631242394204
6371.9			1.0
6372.8			1.0
6373.700000000001			1.0
6374.6			1.0
6375.5			1.0
6376.4			1.0
6377.3			1.0
6378.200000000001			1.0
6379.1			1.0
6380.0			1.0
6380.9			1.0
6381.8			1.0
6382.700000000001			1.0
6383.6			1.0
6384.5			1.0
6385.4			1.0
6386.3			1.0
6387.200000000001			1.0
6388.1			1.0
6389.0			1.0
6389.9			1.0
6390.8			1.0
6391.700000000001			1.0
6392.6			1.0
6393.5			1.0
6394.4			1.0
6395.3			1.0
6396.200000000001			1.0369999800795566
6397.1			1.0378755969167823
6398.0			1.0051497140284513
6398.9			0.9288910767678591
6399.8			0.8435765942212102
6400.700000000001			0.8495031539477818
6401.6			0.9342491475458196
6402.5			0.991477681999387
6403.4			1.0
6404.3			0.9989370482566394
6405.200000000001			0.9866210702584839
6406.1			0.9724601380918434
6407.0			0.9489514254260984
6407.9			0.9241916927270748
6408.8			0.944085916004501
6409.700000000001			0.9727884024821591
6410.6			0.9369749098621643
6411.5			0.8856820554311793
6412.4			0.9080822336143478
6413.3			0.9658807030599867
6414.200000000001			0.9983828363398832
6415.1			1.0152409321741258
6416.0			1.0261117439556904
6416.9			1.0
6417.8			0.9881736896395872
6418.700000000001			0.969985314771395
6419.6			0.9368944628998982
6420.5			0.904153078112728
6421.4			0.9022249816194156
6422.3			0.9492545066369378
6423.200000000001			0.9964158915234235
6424.1			1.0035573751880515
6425.0			1.0000343649166004
6425.9			1.0
6426.8			1.0
6427.700000000001			1.0
6428.6			1.0
6429.5			1.0
6430.4			1.0
6431.3			1.0
6432.200000000001			1.0
6433.1			1.0
6434.0			1.0
6434.9			1.0
6435.8			1.000303566033833
6436.700000000001			0.9855088942866327
6437.6			0.9178467996925095
6438.5			0.8073540005900628
6439.4			0.7722880300335586
6440.3			0.86195995880696
6441.200000000001			0.9590156541123849
6442.1			0.9936456370062677
6443.0			0.9975975019635942
6443.9			1.0
6444.8			1.0
6445.700000000001			1.0
6446.6			1.0015399349243106
6447.5			0.9812072048609659
6448.4			0.9077236454822123
6449.3			0.8107431047393375
6450.200000000001			0.7928018508626354
6451.1			0.8715655117418237
6452.0			0.9493142096044621
6452.9			0.9875891858610294
6453.8			1.0003034606830592
6454.700000000001			1.0
6455.6			1.0
6456.5			1.0
6457.4			1.0
6458.3			1.0
6459.200000000001			1.0018228464947894
6460.1			0.9943771898517416
6461.0			0.9394751825890616
6461.9			0.8268249578718616
6462.8			0.7733586104826473
6463.700000000001			0.8423813934408848
6464.6			0.9367189571387934
6465.5			0.9846348697954739
6466.4			1.0026975421331783
6467.3			1.0
6468.200000000001			1.0
6469.1			0.9876795733775934
6470.0			0.9751234494548299
6470.9			0.9403744136158896
6471.8			0.9196711226263959
6472.700000000001			0.9588518464325085
6473.6			1.0046425729010027
6474.5			1.0011391565558174
6475.4			1.0
6476.3			1.0
6477.200000000001			1.0
6478.1			1.0
6479.0			1.0
6479.9			1.0
6480.8			1.0
6481.700000000001			1.0
6482.6			1.0
6483.5			1.0
6484.4			1.0
6485.3			1.0
6486.200000000001			1.0085710165347475
6487.1			1.0072257461175493
6488.0			1.0077166231086832
6488.9			1.0053669162565142
6489.8			0.9935228788593452
6490.700000000001			0.9847024209981605
6491.6			0.9689728011439752
6492.5			0.9089335686330129
6493.4			0.7933572479834549
6494.3			0.7061134845621817
6495.200000000001			0.7219724727962621
6496.1			0.8003513654439804
6497.0			0.8699955577038573
6497.9			0.8998762292245203
6498.8			0.8848656764664219
6499.700000000001			0.8806626370921359
6500.6			0.9275294251566203
6501.5			0.9800095711871993
6502.4			1.0002943964703752
6503.3			1.0
6504.200000000001			1.0
6505.1			1.0
6506.0			1.0
6506.9			1.0
6507.8			1.0
6508.700000000001			1.0
6509.6			1.0
6510.5			1.0
6511.4			1.0
6512.3			1.0
6513.200000000001			1.0
6514.1			1.0
6515.0			1.0
6515.9			1.0
6516.8			1.0
6517.700000000001			1.0
6518.6			1.0
6519.5			1.0
6520.4			1.0
6521.3			1.0
6522.200000000001			1.0
6523.1			1.0
6524.0			1.0
6524.9			1.0
6525.8			1.0
6526.700000000001			1.0
6527.6			1.0
6528.5			1.0
6529.4			1.0
6530.3			1.0
6531.200000000001			1.0
6532.1			1.0
6533.0			1.0
6533.9			1.0
6534.8			1.0
6535.700000000001			1.0
6536.6			1.0
6537.5			1.0
6538.4			1.0
6539.3			1.0
6540.200000000001			1.0
6541.1			1.0
6542.0			1.0
6542.9			0.9900924951085915
6543.8			0.9827711471502081
6544.700000000001			0.9619978948254638
6545.6			0.923052634067411
6546.5			0.909014552742386
6547.4			0.941054212795073
6548.3			0.9781149049440306
6549.200000000001			0.9966113409504425
6550.1			1.000545685225714
6551.0			1.0
6551.9			1.0
6552.8			1.0
6553.700000000001			1.0
6554.6			1.0
6555.5			1.0
6556.4			1.0
6557.3			1.0
6558.200000000001			1.0
6559.1			1.0084395812590117
6560.0			1.0027995539802343
6560.9			0.9578758756719109
6561.8			0.829969323142592
6562.700000000001			0.7119600682236703
6563.6			0.7600548014334828
6564.5			0.8990669302241199
6565.4			0.9767166235913545
6566.3			0.9999429998766721
6567.200000000001			1.0
6568.1			1.0
6569.0			0.9725317504493999
6569.9			0.973065451031581
6570.8			0.9858034316005607
6571.700000000001			0.9686262650069175
6572.6			0.9316541853970328
6573.5			0.9138941163681454
6574.4			0.9150719382853999
6575.3			0.934612051637739
6576.200000000001			0.9714654710263668
6577.1			0.996008696302302
6578.0			1.0006696018632733
6578.9			1.0
6579.8			1.0
6580.700000000001			1.0
6581.6			1.0
6582.5			1.0
6583.4			1.0
6584.3			1.0
6585.200000000001			1.0
6586.1			1.0
6587.0			1.0
6587.9			1.0
6588.8			1.0
6589.700000000001			1.0053356542076988
6590.6			1.0021642030472433
6591.5			0.9615443697335835
6592.4			0.8846120979341685
6593.3			0.8444262686196102
6594.200000000001			0.8885427988854331
6595.1			0.9633846169271056
6596.0			1.0021054288710336
6596.9			1.0013818941170085
6597.8			1.0
6598.700000000001			1.0
6599.6			1.0
6600.5			1.0
6601.4			1.0
6602.3			1.0
6603.200000000001			1.0
6604.1			1.0
6605.0			1.0
6605.9			1.0
6606.8			1.0
6607.700000000001			1.0
6608.6			1.0
6609.5			1.0
6610.4			1.0
6611.3			1.0
6612.200000000001			1.0
6613.1			1.0
6614.0			1.0
6614.9			1.0
6615.8			1.0
6616.700000000001			1.0
6617.6			1.0
6618.5			1.0
6619.4			1.0
6620.3			1.0
6621.200000000001			1.0
6622.1			1.0
6623.0			1.0
6623.9			1.0
6624.8			1.0
6625.700000000001			1.0
6626.6			1.019792530201534
6627.5			1.024763383839028
6628.4			1.0160445532673856
6629.3			1.005386371337703
6630.200000000001			0.9995522670845549
6631.1			0.9977024580444961
6632.0			0.9861881661493423
6632.9			0.9566760336751344
6633.8			0.9395891488679843
6634.700000000001			0.9590074968217923
6635.6			0.9913123996286082
6636.5			1.0112369627196864
6637.4			1.0145401384215984
6638.3			1.006346987028994
6639.200000000001			0.9953670845367226
6640.1			0.9921234055638657
6641.0			1.0001587078408616
6641.9			1.0
6642.8			1.0
6643.700000000001			1.0
6644.6			1.0
6645.5			1.0
6646.4			1.0
6647.3			1.0
6648.200000000001			1.0
6649.1			1.0
6650.0			1.0
6650.9			1.0
6651.8			1.0
6652.700000000001			1.0
6653.6			1.0
6654.5			1.0
6655.4			0.9974213010773608
6656.3			0.9930788661977932
6657.200000000001			0.9902110430995031
6658.1			0.9955223021519676
6659.0			0.9980547946507033
6659.9			0.9853477255085265
6660.8			0.9703350916875076
6661.700000000001			0.9591980118834009
6662.6			0.9368045842742285
6663.5			0.9211202988970313
6664.4			0.9355093990514779
6665.3			0.9544711160350079
6666.200000000001			0.9589576739422149
6667.1			0.9629018227142863
6668.0			0.968638000984594
6668.9			0.9780457790483832
6669.8			0.9926526119856439
6670.700000000001			1.0028487939787107
6671.6			1.0002959521625334
6672.5			1.0
6673.4			1.0
6674.3			1.0
6675.200000000001			1.0039363315908267
6676.1			0.9839922680821769
6677.0			0.926587204079219
6677.9			0.8717675870852738
6678.8			0.8879276612181176
6679.700000000001			0.9554357176705623
6680.6			0.998469862356053
6681.5			1.0
6682.4			1.0
6683.3			1.0
6684.200000000001			1.0
6685.1			1.0
6686.0			1.0
6686.9			1.0
6687.8			1.0
6688.700000000001			1.0
6689.6			1.0
6690.5			1.0
6691.4			1.0
6692.3			1.0
6693.200000000001			1.0
6694.1			1.0
6695.0			1.0
6695.9			1.0
6696.8			1.0
6697.700000000001			1.0
6698.6			1.0
6699.5			1.0
6700.4			1.0
6701.3			1.0
6702.200000000001			1.0
6703.1			1.0
6704.0			1.0
6704.9			1.0
6705.8			1.0
6706.700000000001			1.0
6707.6			1.0
6708.5			1.0
6709.4			1.0
6710.3			1.0
6711.200000000001			1.0
6712.1			1.0
6713.0			1.0
6713.9			0.9930105145400907
6714.8			0.984203209325167
6715.700000000001			0.9610604892382526
6716.6			0.9113838424844344
6717.5			0.8759864116003706
6718.4			0.910343403780868
6719.3			0.9774761803049302
6720.200000000001			1.0057431581132332
6721.1			1.0005914556572892
6722.0			1.0
6722.9			1.0
6723.8			1.0
6724.700000000001			1.0
6725.6			1.0
6726.5			1.0
6727.4			1.0
6728.3			1.0
6729.200000000001			1.0
6730.1			1.0
6731.0			1.0
6731.9			1.0
6732.8			1.0
6733.700000000001			1.0
6734.6			1.0
6735.5			1.0
6736.4			1.0
6737.3			1.0
6738.200000000001			1.0
6739.1			1.0
6740.0			1.0
6740.9			1.0
6741.8			1.0
6742.700000000001			1.0
6743.6			1.0
6744.5			1.0
6745.4			1.0
6746.3			1.0
6747.200000000001			1.0
6748.1			1.0
6749.0			1.0
6749.9			1.0
6750.8			1.0
6751.700000000001			1.0
6752.6			1.0
6753.5			1.0
6754.4			1.0
6755.3			1.0
6756.200000000001			1.0
6757.1			1.0
6758.0			1.0
6758.9			1.0
6759.8			1.0
6760.700000000001			1.0
6761.6			1.0
6762.5			1.0
6763.4			1.0
6764.3			1.0
6765.200000000001			1.0
6766.1			1.0
6767.0			1.0
6767.9			1.0
6768.8			1.0
6769.700000000001			1.0
6770.6			1.0
6771.5			1.0
6772.4			1.0
6773.3			1.0
6774.200000000001			1.0
6775.1			1.0
6776.0			1.0
6776.9			1.0
6777.8			1.0
6778.700000000001			1.0
6779.6			1.0
6780.5			1.0
6781.4			1.0
6782.3			1.0
6783.200000000001			1.0
6784.1			1.0
6785.0			1.0
6785.9			1.0
6786.8			1.0
6787.700000000001			1.0
6788.6			1.0
6789.5			1.0
6790.4			1.0
6791.3			1.0
6792.200000000001			1.0
6793.1			1.0
6794.0			1.0
6794.9			1.0
6795.8			1.0
6796.700000000001			1.0
6797.6			1.0
6798.5			1.0
6799.4			1.0
6800.3			1.0
6801.200000000001			1.0
6802.1			1.0
6803.0			1.0
6803.9			1.0
6804.8			1.0
6805.700000000001			1.0
6806.6			1.0
6807.5			1.0
6808.4			1.0
6809.3			1.0
6810.200000000001			1.0
6811.1			1.0
6812.0			1.0
6812.9			1.0
6813.8			1.0
6814.700000000001			1.0
6815.6			1.0
6816.5			1.0
6817.4			1.0
6818.3			1.0
6819.200000000001			1.0
6820.1			1.0
6821.0			1.0
6821.9			1.0
6822.8			1.0
6823.700000000001			1.0
6824.6			1.0
6825.5			1.0
6826.4			1.0
6827.3			1.0
6828.200000000001			1.0
6829.1			1.0
6830.0			1.0
6830.9			1.0
6831.8			1.0
6832.700000000001			1.0
6833.6			1.0
6834.5			1.0
6835.4			1.0
6836.3			1.0
6837.200000000001			1.0
6838.1			1.0
6839.0			1.0
6839.9			1.0
6840.8			1.0
6841.700000000001			1.0
6842.6			1.0
6843.5			1.0
6844.4			1.0
6845.3			1.0
6846.200000000001			1.0
6847.1			1.0
6848.0			1.0
6848.9			1.0
6849.8			1.0
6850.700000000001			1.0
6851.6			1.0
6852.5			1.0
6853.4			1.0
6854.3			1.0
6855.200000000001			1.0
6856.1			1.0
6857.0			1.0
6857.9			1.0
6858.8			1.0
6859.700000000001			1.0
6860.6			1.0
6861.5			1.0
6862.4			1.0
6863.3			1.0
6864.200000000001			1.0
6865.1			1.0
6866.0			1.0
6866.9			1.0
6867.8			1.0
6868.700000000001			1.0
6869.6			1.0
6870.5			1.0
6871.4			1.0
6872.3			1.0
6873.200000000001			1.0
6874.1			1.002496790690005
6875.0			1.0005186174512344
6875.9			1.0112099611088432
6876.8			1.0185550603853597
6877.700000000001			1.0282502473022095
6878.6			1.0375942368335724
6879.5			1.0156959168320525
6880.4			0.9791766882786715
6881.3			0.9547736862958592
6882.200000000001			0.9357310483281069
6883.1			0.9302299462580975
6884.0			0.9543022915332344
6884.9			0.9827202356060334
6885.8			0.9670591334200864
6886.700000000001			0.9561330603881851
6887.6			1.003552403214825
6888.5			1.0270473586362785
6889.4			0.9953197410368622
6890.3			0.9897307234041531
6891.200000000001			1.014162983095284
6892.1			0.9999215560863924
6893.0			1.0
6893.9			1.0
6894.8			1.0
6895.700000000001			1.0
6896.6			1.0
6897.5			1.0
6898.4			1.0
6899.3			1.0
6900.200000000001			1.0
6901.1			1.0
6902.0			1.0
6902.9			1.0
6903.8			1.0
6904.700000000001			1.0
6905.6			1.0
6906.5			1.0
6907.4			1.0
6908.3			1.0
6909.200000000001			1.0
6910.1			1.0
6911.0			1.0
6911.9			1.0
6912.8			1.0
6913.700000000001			1.0
6914.6			1.0
6915.5			1.0
6916.4			1.0
6917.3			1.0
6918.200000000001			1.0
6919.1			1.0
6920.0			1.0
6920.9			1.0
6921.8			1.0
6922.700000000001			1.0
6923.6			1.0
6924.5			1.0
6925.4			1.0
6926.3			1.0
6927.200000000001			1.0
6928.1			1.0
6929.0			1.0
6929.9			1.0
6930.8			1.0
6931.700000000001			1.0
6932.6			1.0
6933.5			1.0
6934.4			1.0
6935.3			1.0
6936.200000000001			1.0
6937.1			1.0
6938.0			1.0
6938.9			1.0
6939.8			1.0
6940.700000000001			1.0
6941.6			1.0
6942.5			1.0
6943.4			1.0
6944.3			1.0
6945.200000000001			1.0
6946.1			1.0
6947.0			1.0
6947.9			1.0
6948.8			1.0
6949.700000000001			1.0
6950.6			1.0
6951.5			1.0
6952.4			1.0
6953.3			1.0
6954.200000000001			1.0
6955.1			1.0
6956.0			1.0
6956.9			1.0
6957.8			1.0
6958.700000000001			1.0
6959.6			1.0
6960.5			1.0
6961.4			1.0
6962.3			1.0
6963.200000000001			1.0
6964.1			0.9885007205864288
6965.0			0.9820097945026252
6965.9			0.9719974816991608
6966.8			0.9729646125259721
6967.700000000001			0.9850922767694767
6968.6			0.9915422982860793
6969.5			0.9899393141504552
6970.4			0.984006578148011
6971.3			0.9774047483445222
6972.200000000001			0.9765731956593248
6973.1			0.9785464101273558
6974.0			0.9692927689301015
6974.9			0.954789460971858
6975.8			0.9522330418524002
6976.700000000001			0.9414016387283346
6977.6			0.8970208242820243
6978.5			0.8502252762471744
6979.4			0.8532754916308873
6980.3			0.90318229143919
6981.200000000001			0.9437405242371457
6982.1			0.960612090440786
6983.0			0.9763073281264627
6983.9			0.9936448976487801
6984.8			1.0067281151747252
6985.700000000001			1.009702645119827
6986.6			1.004701671008828
6987.5			0.9963018963160284
6988.4			0.9855861613773665
6989.3			0.983996091087783
6990.200000000001			0.9908189856583128
6991.1			0.9934759047655375
6992.0			0.9968899397244502
6992.9			0.9999439249941817
6993.8			1.0
6994.700000000001			1.0
6995.6			1.0
6996.5			1.0
6997.4			1.0
6998.3			1.0
6999.200000000001			1.0
7000.1			1.0
7001.0			1.0
7001.9			1.0
7002.8			1.0
7003.700000000001			1.0
7004.6			1.0
7005.5			1.0
7006.4			1.0
7007.3			1.0
7008.200000000001			1.0
7009.1			1.0
7010.0			1.0
7010.9			1.0
7011.8			1.0
7012.700000000001			1.0064486942269681
7013.6			1.003489173465695
7014.5			0.989285231417907
7015.4			0.9538409594831332
7016.3			0.9191568979552159
7017.200000000001			0.9331651921914652
7018.1			0.977538873225599
7019.0			0.9985473374104379
7019.9			1.0011105817128012
7020.8			1.0
7021.700000000001			1.0
7022.6			1.0
7023.5			1.0
7024.4			1.0
7025.3			1.0
7026.200000000001			1.0
7027.1			1.0
7028.0			1.0
7028.9			1.0
7029.8			1.0
7030.700000000001			1.0
7031.6			1.0
7032.5			1.0
7033.4			1.0
7034.3			1.0
7035.200000000001			1.0
7036.1			1.0
7037.0			1.0
7037.9			1.0
7038.8			1.0
7039.700000000001			1.0
7040.6			1.0
7041.5			1.0
7042.4			1.0
7043.3			1.0
7044.200000000001			1.0
7045.1			1.0
7046.0			1.0
7046.9			1.0
7047.8			1.0
7048.700000000001			1.0
7049.6			1.0
7050.5			1.0
7051.4			1.0
7052.3			1.0
7053.200000000001			1.0
7054.1			1.0
7055.0			1.0
7055.9			1.0
7056.8			1.0
7057.700000000001			1.0
7058.6			1.0
7059.5			1.0
7060.4			1.0
7061.3			1.0
7062.200000000001			1.0
7063.1			1.0
7064.0			1.0
7064.9			1.0
7065.8			1.0
7066.700000000001			1.0
7067.6			1.0
7068.5			1.0
7069.4			1.0
7070.3			1.0
7071.200000000001			1.0
7072.1			1.0
7073.0			1.0
7073.9			1.0099749438649888
7074.8			1.007832593598573
7075.700000000001			1.0020645354420739
7076.6			0.9995859470220239
7077.5			0.9977736729263542
7078.4			0.9908896815589485
7079.3			0.9872882606151293
7080.200000000001			1.0002498394831303
7081.1			1.0130419560552808
7082.0			1.0023994875613143
7082.9			0.9726999613535583
7083.8			0.9364467896268114
7084.700000000001			0.9124362442989342
7085.6			0.9266249250287238
7086.5			0.9581366986448998
7087.4			0.9726873555060149
7088.3			0.9753350990467532
7089.200000000001			0.9733792689186842
7090.1			0.9698890321883161
7091.0			0.9745201459302174
7091.9			0.9889201181048886
7092.8			1.0041918972880168
7093.700000000001			1.015348413167855
7094.6			1.0108954053358277
7095.5			1.0006729388447342
7096.4			1.0
7097.3			1.0
7098.200000000001			1.0
7099.1			1.0
7100.0			1.0
7100.9			1.0
7101.8			1.0
7102.700000000001			1.0
7103.6			1.0
7104.5			1.0
7105.4			1.0
7106.3			1.0
7107.200000000001			1.0
7108.1			1.0
7109.0			1.0
7109.9			1.0
7110.8			1.0
7111.700000000001			1.0
7112.6			1.0
7113.5			1.0
7114.4			1.0
7115.3			1.0
7116.200000000001			1.0
7117.1			1.0
7118.0			1.0
7118.9			1.0
7119.8			1.0
7120.700000000001			1.0
7121.6			1.0
7122.5			1.0
7123.4			1.0
7124.3			1.0
7125.200000000001			1.0
7126.1			1.0
7127.0			1.0
7127.9			1.0
7128.8			1.0
7129.700000000001			1.0
7130.6			1.0
7131.5			1.0
7132.4			1.0
7133.3			1.0
7134.200000000001			1.0
7135.1			1.0
7136.0			1.0
7136.9			1.0
7137.8			1.0
7138.700000000001			1.0
7139.6			0.9901410934690459
7140.5			1.0036286235400511
7141.4			1.0157841729281518
7142.3			1.0038151939096025
7143.200000000001			0.9930266418943485
7144.1			0.9951773751125501
7145.0			0.9887525794201758
7145.9			0.9748012284691826
7146.8			0.9328781143556354
7147.700000000001			0.8508497073278811
7148.6			0.8286513716412018
7149.5			0.9058086113594429
7150.4			0.9710275455913178
7151.3			0.986405911241142
7152.200000000001			0.9939057576981314
7153.1			0.9989758146269971
7154.0			0.9968129193235775
7154.9			0.9838235648812842
7155.8			0.9744857895456328
7156.700000000001			0.9877630584776009
7157.6			1.0020229530984521
7158.5			1.0
7159.4			1.0
7160.3			1.0
7161.200000000001			1.0
7162.1			1.011656076077969
7163.0			0.9936468127059799
7163.9			0.9415888917515447
7164.8			0.9115470514778324
7165.700000000001			0.9471146302229357
7166.6			0.9895086103027463
7167.5			1.0005690182280806
7168.4			1.0
7169.3			1.0
7170.200000000001			1.0
7171.1			1.0
7172.0			1.0
7172.9			1.0
7173.8			1.0
7174.700000000001			1.0
7175.6			1.0
7176.5			1.0
7177.4			1.0
7178.3			1.0
7179.200000000001			1.0
7180.1			1.0
7181.0			0.9621106237303849
7181.9			0.9613688224107116
7182.8			1.0081908099877672
7183.700000000001			1.0413344982264816
7184.6			1.0306629191693248
7185.5			1.0251332926824117
7186.4			0.9956224250812968
7187.3			0.9239168328679163
7188.200000000001			0.8971369198521242
7189.1			0.9176553373741992
7190.0			0.9370139418049188
7190.9			0.9618156409272528
7191.8			0.9734871353980167
7192.700000000001			0.9731318498580296
7193.6			0.9756508971048913
7194.5			0.9862835108435227
7195.4			0.9997557350848997
7196.3			1.0
7197.200000000001			1.0
7198.1			1.0
7199.0			1.0
7199.9			1.0
7200.8			1.0
7201.700000000001			1.0
7202.6			1.0
7203.5			1.050044046270139
7204.4			1.0817539938401572
7205.3			1.082404619144393
7206.200000000001			1.0273475273132766
7207.1			0.9345172549339006
7208.0			0.9176848487599126
7208.9			0.9466919825518637
7209.8			0.9559217977461846
7210.700000000001			0.9839295348718379
7211.6			1.012402179477258
7212.5			1.0050813163789425
7213.4			1.0
7214.3			1.0
7215.200000000001			1.0
7216.1			1.0
7217.0			1.0
7217.9			1.0
7218.8			1.0
7219.700000000001			1.0
7220.6			1.0
7221.5			1.0
7222.4			1.0
7223.3			1.0
7224.200000000001			1.0
7225.1			1.0
7226.0			1.0
7226.9			1.0
7227.8			1.0
7228.700000000001			1.0
7229.6			1.0
7230.5			1.0
7231.4			1.0
7232.3			1.0
7233.200000000001			1.0
7234.1			1.0
7235.0			1.0
7235.9			1.0
7236.8			1.0
7237.700000000001			1.0
7238.6			1.0
7239.5			1.0
7240.4			1.0
7241.3			1.0
7242.200000000001			1.0
7243.1			1.0
7244.0			1.0
7244.9			1.0
7245.8			1.0
7246.700000000001			1.0
7247.6			1.0
7248.5			1.0
7249.4			1.0
7250.3			1.0
7251.200000000001			1.0
7252.1			1.0
7253.0			1.0
7253.9			1.0
7254.8			1.0
7255.700000000001			1.0
7256.6			1.0
7257.5			1.0
7258.4			1.0176559613518474
7259.3			1.0211812972120655
7260.200000000001			0.9932856228802247
7261.1			0.9364533450148681
7262.0			0.9180413555196852
7262.9			0.9657260690440189
7263.8			1.0020528356371003
7264.700000000001			1.0037748138741884
7265.6			0.9991329870293348
7266.5			1.0
7267.4			1.0
7268.3			1.0
7269.200000000001			1.0
7270.1			1.0
7271.0			1.0
7271.9			1.0
7272.8			1.0
7273.700000000001			1.0
7274.6			1.0
7275.5			1.0
7276.4			1.0
7277.3			1.0
7278.200000000001			1.0
7279.1			1.0
7280.0			1.0
7280.9			1.0
7281.8			1.0
7282.700000000001			1.0
7283.6			1.0
7284.5			1.0
7285.4			1.0
7286.3			1.0
7287.200000000001			1.0
7288.1			1.0
7289.0			1.0
7289.9			1.0
7290.8			1.0
7291.700000000001			1.0
7292.6			0.981926152246831
7293.5			0.9849516018219564
7294.4			1.0067965609844545
7295.3			1.0211356639812241
7296.200000000001			1.029502664315727
7297.1			1.027820051826515
7298.0			1.018183742817572
7298.9			0.9975511740734475
7299.8			0.9742399801837776
7300.700000000001			0.9719459740119759
7301.6			0.9797960034725816
7302.5			0.9824233736034126
7303.4			0.9873422605327902
7304.3			0.9948814099154627
7305.200000000001			0.9921908221475941
7306.1			0.9637372511246717
7307.0			0.9387656734292319
7307.9			0.9421952543368718
7308.8			0.9669257263253702
7309.700000000001			0.9829092806125951
7310.6			0.9697664053755471
7311.5			0.9539590679485971
7312.4			0.9683327436448915
7313.3			0.9926688564686823
7314.200000000001			0.9940470762937018
7315.1			0.9827720260621368
7316.0			0.9792975498320283
7316.9			0.9845244155424966
7317.8			0.9845247411091661
7318.700000000001			0.992291086361745
7319.6			1.0019874251687404
7320.5			0.9993465673475744
7321.4			1.0008539335225926
7322.3			1.0
7323.200000000001			0.9944057092910356
7324.1			0.9763197518032752
7325.0			0.929224840506586
7325.9			0.8735461253778466
7326.8			0.8839077330022066
7327.700000000001			0.9572906293937941
7328.6			1.0007006046080293
7329.5			1.0
7330.4			1.0
7331.3			1.0
7332.200000000001			1.0
7333.1			1.0
7334.0			1.0
7334.9			1.0
7335.8			1.0
7336.700000000001			1.0
7337.6			1.0
7338.5			1.0
7339.4			1.0
7340.3			1.0
7341.200000000001			1.0
7342.1			1.0
7343.0			1.0
7343.9			1.0
7344.8			1.0
7345.700000000001			1.0
7346.6			1.0
7347.5			1.0
7348.4			1.0
7349.3			1.0
7350.200000000001			1.0
7351.1			1.0
7352.0			1.0
7352.9			1.0021506474614668
7353.8			1.0060343580511846
7354.700000000001			0.9792403212394867
7355.6			0.9261346377737936
7356.5			0.9078318298159959
7357.4			0.934697813011893
7358.3			0.974999858619881
7359.200000000001			1.0043098464898375
7360.1			1.0013892255853714
7361.0			1.0
7361.9			1.0
7362.8			1.0
7363.700000000001			1.0
7364.6			1.0
7365.5			1.0
7366.4			1.0
7367.3			1.0043230211492231
7368.200000000001			1.012730250134947
7369.1			1.0085222343786977
7370.0			1.0096884154668495
7370.9			1.020393105596927
7371.8			1.0239136802090187
7372.700000000001			1.0186302606115034
7373.6			1.0062315048560777
7374.5			0.988992654449363
7375.4			0.9795196199366178
7376.3			0.9791866717591838
7377.200000000001			0.989781916047146
7378.1			0.9991445618082943
7379.0			1.0087610460785987
7379.9			1.0122835236606889
7380.8			0.9999867263313116
7381.700000000001			0.9790204334071756
7382.6			0.9695309814045949
7383.5			0.9710989034907195
7384.4			0.9607366347126642
7385.3			0.9362639042641292
7386.200000000001			0.9121851775604541
7387.1			0.9004913751864068
7388.0			0.8979093117735456
7388.9			0.898070358186315
7389.8			0.9108458841786579
7390.700000000001			0.9371238943889009
7391.6			0.9524359558314351
7392.5			0.948163343399002
7393.4			0.9459269323784655
7394.3			0.9678015666640647
7395.200000000001			0.9916064916452186
7396.1			0.9905985123801379
7397.0			0.9862421967939986
7397.9			0.995024934339332
7398.8			0.9933441527366453
7399.700000000001			0.9729836906357051
7400.6			1.0
7401.5			0.9852364199462288
7402.4			1.0172991493829855
7403.3			1.0535328976721263
7404.200000000001			1.0626471494121825
7405.1			1.0473174165057757
7406.0			1.0225557356615371
7406.9			1.010553586772411
7407.8			1.0557807740330378
7408.700000000001			1.050793156635905
7409.6			1.0226877072114684
7410.5			1.0003020888530711
7411.4			1.0
7412.3			1.0
7413.200000000001			1.0
7414.1			1.0
7415.0			1.0
7415.9			1.0
7416.8			1.0
7417.700000000001			1.0
7418.6			1.0
7419.5			1.0
7420.4			1.0
7421.3			1.0
7422.200000000001			1.0
7423.1			1.0
7424.0			1.0
7424.9			1.0
7425.8			1.0
7426.700000000001			1.0
7427.6			1.0
7428.5			1.0
7429.4			1.0
