3500.0			1.0
3500.9			1.0
3501.8			1.0
3502.7			1.0
3503.6			1.0
3504.5			1.0
3505.4			1.0
3506.3			1.0
3507.2			1.0
3508.1			1.0
3509.0			1.0
3509.9			1.0
3510.8			1.0
3511.7			1.0
3512.6			1.0
3513.5			1.0
3514.4			1.0
3515.3			1.0
3516.2			1.0
3517.1			1.0
3518.0			1.0
3518.9			1.0
3519.8			1.0
3520.7			1.0
3521.6			1.0
3522.5			1.0
3523.4			1.0
3524.3			1.0
3525.2			1.0
3526.1			1.0
3527.0			1.0
3527.9			1.0
3528.8			1.0
3529.7			1.0
3530.6			1.0
3531.5			1.0
3532.4			1.0
3533.3			1.0
3534.2			1.0
3535.1			1.0
3536.0			1.0
3536.9			1.0
3537.8			1.0
3538.7			1.0
3539.6			1.0
3540.5			1.0
3541.4			1.0
3542.3			1.0
3543.2			1.0
3544.1			1.0
3545.0			1.0
3545.9			1.0
3546.8			1.0
3547.7			1.0
3548.6			1.0
3549.5			1.0
3550.4			1.0
3551.3			1.0
3552.2			1.0
3553.1			1.0
3554.0			1.0
3554.9			1.0
3555.8			1.0
3556.7			1.0
3557.6			1.0
3558.5			1.0
3559.4			1.0
3560.3			1.0
3561.2			1.0
3562.1			1.0
3563.0			1.0
3563.9			1.0
3564.8			1.0
3565.7			1.0
3566.6			1.0
3567.5			1.0
3568.4			1.0
3569.3			1.0
3570.2			1.0
3571.1			1.0
3572.0			1.0
3572.9			1.0
3573.8			1.0
3574.7			1.0
3575.6			1.0
3576.5			1.0
3577.4			1.0
3578.3			1.0
3579.2			1.0
3580.1			1.0
3581.0			1.0
3581.9			1.0
3582.8			1.0
3583.7			1.0
3584.6			1.0
3585.5			1.0
3586.4			1.0
3587.3			1.0
3588.2			1.0
3589.1			1.0
3590.0			1.0
3590.9			1.0
3591.8			1.0
3592.7			1.0
3593.6			1.0
3594.5			1.0
3595.4			1.0
3596.3			1.0
3597.2			1.0
3598.1			1.0
3599.0			1.0
3599.9			1.0
3600.8			1.0
3601.7			1.0
3602.6			1.0
3603.5			1.0
3604.4			1.0
3605.3			1.0
3606.2			1.0
3607.1			1.0
3608.0			1.0
3608.9			1.0
3609.8			1.0
3610.7			1.0
3611.6			1.0
3612.5			1.0
3613.4			1.0
3614.3			1.0
3615.2			1.0
3616.1			1.0
3617.0			1.0
3617.9			1.0
3618.8			1.0
3619.7			1.0
3620.6			1.0
3621.5			1.0
3622.4			1.0
3623.3			1.0
3624.2			1.0
3625.1			1.0
3626.0			1.0
3626.9			1.0
3627.8			1.0
3628.7			1.0
3629.6			1.0
3630.5			1.0
3631.4			1.0
3632.3			1.0
3633.2			1.0
3634.1			1.0
3635.0			1.0
3635.9			1.0
3636.8			1.0
3637.7			1.0
3638.6			1.0
3639.5			1.0
3640.4			1.0
3641.3			1.0
3642.2			1.0
3643.1			1.0
3644.0			1.0
3644.9			1.0
3645.8			1.0
3646.7			1.0
3647.6			1.0
3648.5			1.0
3649.4			1.0
3650.3			1.0
3651.2			1.0
3652.1			1.0
3653.0			1.0
3653.9			1.0
3654.8			1.0
3655.7			1.0
3656.6			1.0
3657.5			1.0
3658.4			1.0
3659.3			1.0
3660.2			1.0
3661.1			1.0
3662.0			1.0
3662.9			1.0
3663.8			1.0
3664.7			1.0
3665.6			1.0
3666.5			1.0
3667.4			1.0
3668.3			1.0
3669.2			1.0
3670.1			1.0
3671.0			1.0
3671.9			1.0
3672.8			1.0
3673.7			1.0
3674.6			1.0
3675.5			1.0
3676.4			1.0
3677.3			1.0
3678.2			1.0
3679.1			1.0
3680.0			1.0
3680.9			1.0
3681.8			1.0
3682.7			1.0
3683.6			1.0
3684.5			1.0
3685.4			1.0
3686.3			1.0
3687.2			1.0
3688.1			1.0
3689.0			1.0
3689.9			1.0
3690.8			1.0
3691.7			1.0
3692.6			1.0
3693.5			1.0
3694.4			1.0
3695.3			1.0
3696.2			1.0
3697.1			1.0
3698.0			1.0
3698.9			1.0
3699.8			1.0
3700.7			1.0
3701.6			1.0
3702.5			1.0
3703.4			1.0
3704.3			1.0
3705.2			1.0
3706.1			1.0
3707.0			1.0
3707.9			1.0
3708.8			1.0
3709.7			1.0
3710.6			1.0
3711.5			1.0
3712.4			1.0
3713.3			1.0
3714.2			1.0
3715.1			1.0
3716.0			1.0
3716.9			1.0
3717.8			1.0
3718.7			1.0
3719.6			1.0
3720.5			1.0
3721.4			1.0
3722.3			1.0
3723.2			1.0
3724.1			1.0
3725.0			1.0
3725.9			1.0
3726.8			1.0
3727.7			1.0
3728.6			1.0
3729.5			1.0
3730.4			1.0
3731.3			1.0
3732.2			1.0
3733.1			1.0
3734.0			1.0
3734.9			1.0
3735.8			1.0
3736.7			1.0
3737.6			1.0
3738.5			1.0
3739.4			1.0
3740.3			1.0
3741.2			1.0
3742.1			1.0
3743.0			1.0
3743.9			1.0
3744.8			1.0
3745.7			1.0
3746.6			1.0
3747.5			1.0
3748.4			1.0
3749.3			1.0
3750.2			1.0
3751.1			1.0
3752.0			1.0
3752.9			1.0
3753.8			1.0
3754.7			1.0
3755.6			1.0
3756.5			1.0
3757.4			1.0
3758.3			1.0
3759.2			1.0
3760.1			1.0
3761.0			1.0
3761.9			1.0
3762.8			1.0
3763.7			1.0
3764.6			1.0
3765.5			1.0
3766.4			1.0
3767.3			1.0
3768.2			1.0
3769.1			1.0
3770.0			1.0
3770.9			1.0
3771.8			1.0
3772.7			1.0
3773.6			1.0
3774.5			1.0
3775.4			1.0
3776.3			1.0
3777.2			1.0
3778.1			1.0
3779.0			1.0
3779.9			1.0
3780.8			1.0
3781.7			1.0
3782.6			1.0
3783.5			1.0
3784.4			1.0
3785.3			1.0
3786.2			1.0
3787.1			1.0
3788.0			1.0
3788.9			1.0
3789.8			1.0
3790.7			1.0
3791.6			1.0
3792.5			1.0
3793.4			1.0
3794.3			1.0
3795.2			1.0
3796.1			1.0
3797.0			1.0
3797.9			1.0
3798.8			1.0
3799.7			1.0
3800.6			1.0
3801.5			1.0
3802.4			1.0
3803.3			1.0
3804.2			1.0
3805.1			1.0
3806.0			1.0
3806.9			1.0
3807.8			1.0
3808.7			1.0
3809.6			1.0
3810.5			1.0
3811.4			1.0
3812.3			1.0
3813.2			1.0
3814.1			1.0
3815.0			1.0
3815.9			1.0
3816.8			1.0
3817.7			1.0
3818.6			1.0
3819.5			1.0
3820.4			1.0
3821.3			1.0
3822.2			1.0
3823.1			1.0
3824.0			1.0
3824.9			1.0
3825.8			1.0
3826.7			1.0
3827.6			1.0
3828.5			1.0
3829.4			1.0
3830.3			1.0
3831.2			1.0
3832.1			1.0
3833.0			1.0
3833.9			1.0
3834.8			1.0
3835.7			1.0
3836.6			1.0
3837.5			1.0
3838.4			1.0
3839.3			1.0
3840.2			1.0
3841.1			1.0
3842.0			1.0
3842.9			1.0
3843.8			1.0
3844.7			1.0
3845.6			1.0
3846.5			1.0
3847.4			1.0
3848.3			1.0
3849.2			1.0
3850.1			1.0
3851.0			1.0
3851.9			1.0
3852.8			1.0
3853.7			1.0
3854.6			1.0
3855.5			1.0
3856.4			1.0
3857.3			1.0
3858.2			1.0
3859.1			1.0
3860.0			1.0
3860.9			1.0
3861.8			1.0
3862.7			1.0
3863.6			1.0
3864.5			1.0
3865.4			1.0
3866.3			1.0
3867.2			1.0
3868.1			1.0
3869.0			1.0
3869.9			1.0
3870.8			1.0
3871.7			1.0
3872.6			1.0
3873.5			1.0
3874.4			1.0
3875.3			1.0
3876.2			1.0
3877.1			1.0
3878.0			1.0
3878.9			1.0
3879.8			1.0
3880.7			1.0
3881.6			1.0
3882.5			1.0
3883.4			1.0
3884.3			1.0
3885.2			1.0
3886.1			1.0
3887.0			1.0
3887.9			1.0
3888.8			1.0
3889.7			1.0
3890.6			1.0
3891.5			1.0
3892.4			1.0
3893.3			1.0
3894.2			1.0
3895.1			1.0
3896.0			1.0
3896.9			1.0
3897.8			1.0
3898.7			1.0
3899.6			1.0
3900.5			1.0
3901.4			1.0
3902.3			1.0
3903.2			1.0
3904.1			1.0
3905.0			1.0
3905.9			1.0
3906.8			1.0
3907.7			1.0
3908.6			1.0
3909.5			1.0
3910.4			1.0
3911.3			1.0
3912.2			1.0
3913.1			1.0
3914.0			1.0
3914.9			1.0
3915.8			1.0
3916.7			1.0
3917.6			1.0
3918.5			1.0
3919.4			1.0
3920.3			1.0
3921.2			1.0
3922.1			1.0
3923.0			1.0
3923.9			1.0
3924.8			1.0
3925.7			1.0
3926.6			1.0
3927.5			1.0
3928.4			1.0
3929.3			1.0
3930.2			1.0
3931.1			1.0
3932.0			1.0
3932.9			1.0
3933.8			1.0
3934.7			1.0
3935.6			1.0
3936.5			1.0
3937.4			1.0
3938.3			1.0
3939.2			1.0
3940.1			1.0
3941.0			1.0
3941.9			1.0
3942.8			1.0
3943.7			1.0
3944.6			1.0
3945.5			1.0
3946.4			1.0
3947.3			1.0
3948.2			1.0
3949.1			1.0
3950.0			1.0
3950.9			1.0
3951.8			1.0
3952.7			1.0
3953.6			1.0
3954.5			1.0
3955.4			1.0
3956.3			1.0
3957.2			1.0
3958.1			1.0
3959.0			1.0
3959.9			1.0
3960.8			1.0
3961.7			1.0
3962.6			1.0
3963.5			1.0
3964.4			1.0
3965.3			1.0
3966.2			1.0
3967.1			1.0
3968.0			1.0
3968.9			1.0
3969.8			1.0
3970.7			1.0
3971.6			1.0
3972.5			1.0
3973.4			1.0
3974.3			1.0
3975.2			1.0
3976.1			1.0
3977.0			1.0
3977.9			1.0
3978.8			1.0
3979.7			1.0
3980.6			1.0
3981.5			1.0
3982.4			1.0
3983.3			1.0
3984.2			1.0
3985.1			1.0
3986.0			1.0
3986.9			1.0
3987.8			1.0
3988.7			1.0
3989.6			1.0
3990.5			1.0
3991.4			1.0
3992.3			1.0
3993.2			1.0
3994.1			1.0
3995.0			1.0
3995.9			1.0
3996.8			1.0
3997.7			1.0
3998.6			1.0
3999.5			1.0
4000.4			1.0
4001.3			1.0
4002.2			1.0065588651869561
4003.1			1.0325137849307633
4004.0			1.0043967847172244
4004.9			0.9048537115115973
4005.8			0.8302726091648367
4006.7			0.8688075491552312
4007.6			0.9512670099854603
4008.5			1.0001700241801914
4009.4			1.0003571923493655
4010.3			1.0
4011.2			1.0
4012.1			1.0
4013.0			1.0
4013.9			1.0
4014.8			1.0
4015.7			1.0
4016.6			1.0
4017.5			1.0
4018.4			1.0
4019.3			1.0
4020.2			1.0
4021.1			1.0
4022.0			1.0
4022.9			1.0
4023.8			1.0
4024.7			1.0
4025.6			1.0136354707734154
4026.5			1.0539889719711144
4027.4			1.075423519806763
4028.3			1.0614574278247517
4029.2			1.0211946116609574
4030.1			0.9381019630674873
4031.0			0.849141598896775
4031.9			0.8325152108863193
4032.8			0.8416497425907435
4033.7			0.8539917866887597
4034.6			0.8809712049672611
4035.5			0.9033341485439726
4036.4			0.9400291388882742
4037.3			0.9865406064435384
4038.2			1.0017046926817965
4039.1			1.0
4040.0			1.0
4040.9			1.0
4041.8			1.0
4042.7			1.0361550763714609
4043.6			1.0071495634045349
4044.5			0.8786624346394412
4045.4			0.7516807953647505
4046.3			0.7493067949496875
4047.2			0.8941662882154431
4048.1			1.0035669423721763
4049.0			1.0
4049.9			1.0
4050.8			1.0
4051.7			1.0
4052.6			1.0
4053.5			1.0
4054.4			1.0
4055.3			1.0
4056.2			1.0
4057.1			0.9764030645712776
4058.0			0.9350510848401061
4058.9			0.9533432142647409
4059.8			1.0169984853581646
4060.7			1.0693090544984476
4061.6			1.054981745192641
4062.5			0.9654443039664025
4063.4			0.8653926534659496
4064.3			0.8618189978896078
4065.2			0.9289137082246867
4066.1			0.9448393421632343
4067.0			0.9073550776335035
4067.9			0.9061496022558069
4068.8			0.9669234893065425
4069.7			0.9963533942253302
4070.6			1.0
4071.5			1.0
4072.4			1.0
4073.3			1.0738686867248053
4074.2			1.1054500861534995
4075.1			1.0581596540092106
4076.0			0.9755003417605249
4076.9			0.8771127456016947
4077.8			0.8265043980348515
4078.7			0.8534186229877199
4079.6			0.9197741874471329
4080.5			0.9835684635065509
4081.4			1.0229985151251884
4082.3			0.9988132518375105
4083.2			1.0
4084.1			1.0
4085.0			1.0
4085.9			1.0177036663889873
4086.8			1.055232496956367
4087.7			1.0970885834748427
4088.6			1.1214279993597176
4089.5			1.1125830695508583
4090.4			1.0864459046668709
4091.3			1.06338220993072
4092.2			1.0364487473947033
4093.1			1.0252124907793878
4094.0			1.0278767460347737
4094.9			0.9924628137527781
4095.8			0.9303368788645224
4096.7			0.8860808336780822
4097.6			0.8608727715686356
4098.5			0.8387894471013352
4099.4			0.794492504903283
4100.3			0.6992306929447605
4101.2			0.5799483135324883
4102.1			0.5267876783917116
4103.0			0.5903048961280611
4103.9			0.7132331610697576
4104.8			0.8117189780747924
4105.7			0.8741494246427499
4106.6			0.9056628938052573
4107.5			0.9118739401801094
4108.4			0.9156603180871172
4109.3			0.9218666690840073
4110.2			0.9311087580936318
4111.1			0.9423434500248848
4112.0			0.9611941113676369
4112.9			0.9878787005097529
4113.8			1.018019913806895
4114.7			1.0414484059762974
4115.6			1.052352382448745
4116.5			1.0680286247167112
4117.4			1.0605617571619748
4118.3			0.9986310373403328
4119.2			1.0
4120.1			1.0
4121.0			1.0
4121.9			1.0
4122.8			1.0
4123.7			1.0135964634799524
4124.6			1.0326234382202593
4125.5			1.0283464541731773
4126.4			0.9941705360791235
4127.3			0.9691835999722133
4128.2			0.944665263029665
4129.1			0.9510573587626419
4130.0			0.9784869349702381
4130.9			0.9711360719431906
4131.8			0.9199658040463885
4132.7			0.8793846379395254
4133.6			0.8970528662019087
4134.5			0.9240113467735349
4135.4			0.9723123960772354
4136.3			1.021233978557873
4137.2			1.0170289668243135
4138.1			1.020067684741867
4139.0			1.0
4139.9			1.0173190949494149
4140.8			1.007934863925585
4141.7			0.9801166370486739
4142.6			0.9194750025021267
4143.5			0.8612303101339183
4144.4			0.8803341414954944
4145.3			1.0
4146.2			1.0283978822516182
4147.1			1.0229485381603487
4148.0			1.0174617482295554
4148.9			1.0032920973486044
4149.8			0.9820437331325262
4150.7			0.975441014404665
4151.6			0.983378834595402
4152.5			0.9699749307201909
4153.4			1.0
4154.3			0.9652276223661025
4155.2			0.942942295688971
4156.1			0.9508625261743381
4157.0			0.948405463932293
4157.9			0.9757704888286481
4158.8			1.008323039378353
4159.7			1.0162466721387862
4160.6			1.016787073957249
4161.5			1.0164400156266187
4162.4			1.043952329376097
4163.3			1.0894505794616467
4164.2			1.097758732272663
4165.1			1.08825839776155
4166.0			1.0620699538420644
4166.9			1.010780290651762
4167.8			0.9671869020057413
4168.7			0.9934468882810323
4169.6			1.04468859235246
4170.5			1.0275704869475795
4171.4			0.9418352797587655
4172.3			0.8494089420694698
4173.2			0.8193292218039901
4174.1			0.8577187216828399
4175.0			0.9170375510212009
4175.9			0.9484100361622195
4176.8			0.9469134133854745
4177.7			0.9277331326429895
4178.6			0.9218084807993088
4179.5			1.0
4180.4			1.0439127181463808
4181.3			1.0253174558837619
4182.2			0.9585030681359268
4183.1			0.9250687827736951
4184.0			0.9366335288220257
4184.9			0.9705230052533644
4185.8			1.0
4186.7			0.9778445912234276
4187.6			0.9141290548292457
4188.5			0.9100865555706527
4189.4			0.9633480471677813
4190.3			1.0005291547490867
4191.2			0.9932016805849109
4192.1			0.988685666868971
4193.0			1.0404113115948164
4193.9			1.0730523482384986
4194.8			1.0266901525020646
4195.7			0.9544492445185226
4196.6			0.9169083018414852
4197.5			0.9002224835947518
4198.4			0.8561090270121561
4199.3			0.8465114522202627
4200.2			0.8917998431545189
4201.1			0.9068469505552387
4202.0			0.8864925586996214
4202.9			0.8860888361419111
4203.8			0.9092454924909208
4204.7			0.914873237939006
4205.6			0.9217667768545912
4206.5			0.9429750537831053
4207.4			0.9636736111893022
4208.3			0.9775845684195237
4209.2			0.968649919019648
4210.1			0.9526291074827685
4211.0			0.9667964943711823
4211.9			0.9988587241086162
4212.8			1.0
4213.7			1.0051200284420398
4214.6			0.9699005881590714
4215.5			0.9071116909757042
4216.4			0.8834348113747329
4217.3			0.9371596219050761
4218.2			0.9863807790473414
4219.1			0.9992895272458978
4220.0			1.0
4220.9			1.0
4221.8			1.0
4222.7			0.9792514278977699
4223.6			0.9443364401938641
4224.5			0.8861776147278881
4225.4			0.7969389773849076
4226.3			0.7003980377480332
4227.2			0.6696070423644527
4228.1			0.7882393343826891
4229.0			0.9444134051918511
4229.9			1.002742671207838
4230.8			1.0
4231.7			1.0008364812219581
4232.6			0.9636786509905607
4233.5			0.9213801211233469
4234.4			0.9284064580992479
4235.3			0.9392761335909104
4236.2			0.9096574014291073
4237.1			0.9178998639647523
4238.0			0.9441487851178868
4238.9			0.9356796403968536
4239.8			0.9289522589366821
4240.7			0.970147161436628
4241.6			1.0268987400302845
4242.5			1.0427726832372384
4243.4			1.0272025049275235
4244.3			1.0
4245.2			1.0126750548348575
4246.1			0.9657897246079268
4247.0			0.9281886258922765
4247.9			0.9235015339551729
4248.8			0.9550804803759971
4249.7			0.9505139757651384
4250.6			0.928722598966175
4251.5			0.9679935051731163
4252.4			1.0367608680212668
4253.3			1.0420168413470399
4254.2			1.002729444613564
4255.1			1.0
4256.0			1.0143148664570436
4256.9			1.037012182951818
4257.8			1.0206275757960708
4258.7			0.9552587859919824
4259.6			0.8810612833738052
4260.5			0.8314575130075555
4261.4			0.8476811453172217
4262.3			0.9284536947145985
4263.2			0.987915536691039
4264.1			1.005630045742672
4265.0			1.0
4265.9			0.9954321482753271
4266.8			0.9851908471649821
4267.7			0.9569281301278787
4268.6			0.9346134986888336
4269.5			0.9199406555740225
4270.4			0.8825144660625749
4271.3			0.8189370924186691
4272.2			0.7935790987751945
4273.1			0.851392309040045
4274.0			0.8980164046024233
4274.9			0.8976593532107382
4275.8			0.9213845288396794
4276.7			0.9675212974762719
4277.6			0.9993249513520964
4278.5			1.0
4279.4			0.979876250300312
4280.3			0.9566918202131881
4281.2			0.9529705792247816
4282.1			0.9615563650531095
4283.0			0.9552739413577513
4283.9			0.957722848202505
4284.8			0.9514007321937656
4285.7			0.9212047297186357
4286.6			0.9087737734456083
4287.5			0.9104726528921835
4288.4			0.8826053826065472
4289.3			0.8230608952902534
4290.2			0.7840352723117742
4291.1			0.8215954587157707
4292.0			0.9012799556393875
4292.9			0.9623663814211216
4293.8			0.963286003693483
4294.7			0.9273559119296197
4295.6			0.9204007433749598
4296.5			0.9109673282448266
4297.4			0.882029176426682
4298.3			0.8390120547145911
4299.2			0.7555789696235631
4300.1			0.7023878943695174
4301.0			0.7257976772192039
4301.9			0.7577588023444729
4302.8			0.7669242314687373
4303.7			0.7920743675098427
4304.6			0.8240818273908916
4305.5			0.8223496672904278
4306.4			0.8074771506701544
4307.3			0.7784487284459027
4308.2			0.7299378947853491
4309.1			0.7314278910835207
4310.0			0.7882976452024784
4310.9			0.8531026111991912
4311.8			0.8942321754502772
4312.7			0.9092780128870437
4313.6			0.9109945947385204
4314.5			0.909879401899783
4315.4			0.9447821839428209
4316.3			1.0334807889336102
4317.2			1.0792984407678832
4318.1			1.0633523585591271
4319.0			1.0414793267257971
4319.9			1.0185170369270566
4320.8			0.9998422798470701
4321.7			1.0
4322.6			1.0044548770923554
4323.5			0.9569055662668222
4324.4			0.866848088501962
4325.3			0.788370269069421
4326.2			0.7739066872410593
4327.1			0.8629336695050791
4328.0			1.0
4328.9			1.0616692797044895
4329.8			1.0551072330181896
4330.7			1.0019664041763297
4331.6			0.9948335799264593
4332.5			1.0219466803698318
4333.4			1.0341990717620317
4334.3			1.031432759212716
4335.2			1.0111655437968208
4336.1			0.9701398680740568
4337.0			0.8784300772760862
4337.9			0.7725236005968255
4338.8			0.7054383611958449
4339.7			0.626135872170616
4340.6			0.5483785405154992
4341.5			0.6022499475526072
4342.4			0.7517779997940274
4343.3			0.8480268789979418
4344.2			0.8853915433501125
4345.1			0.9465009985488132
4346.0			1.0354470037525503
4346.9			1.0848777320474106
4347.8			1.1177603650823633
4348.7			1.0
4349.6			1.0126239822953675
4350.5			0.9725743828739377
4351.4			0.8765660638400091
4352.3			0.8417287470677344
4353.2			0.906013641547615
4354.1			0.981455590382457
4355.0			0.9999768830971617
4355.9			1.0
4356.8			1.0
4357.7			1.0
4358.6			1.0
4359.5			1.0
4360.4			1.0
4361.3			1.0
4362.2			1.0
4363.1			1.0
4364.0			1.0
4364.9			1.0
4365.8			1.0
4366.7			1.0
4367.6			1.0
4368.5			1.0
4369.4			1.0
4370.3			1.0
4371.2			1.0048873722816927
4372.1			1.0246100740903978
4373.0			1.012561389748341
4373.9			1.0
4374.8			0.9382010683590688
4375.7			0.950982593287005
4376.6			1.0208446851560362
4377.5			1.0867961046287278
4378.4			1.1127953758006384
4379.3			1.098850794924661
4380.2			1.0783879936076506
4381.1			1.0733626729256234
4382.0			1.0393602326954308
4382.9			0.9219140696623374
4383.8			0.7881836849292884
4384.7			0.7782065423043487
4385.6			0.8839979789983798
4386.5			0.9935949689909436
4387.4			1.0269547329179074
4388.3			1.0079921911026344
4389.2			1.0057245207134868
4390.1			1.0013318821310708
4391.0			0.9879898192526382
4391.9			1.0115778064096352
4392.8			1.0477627541202459
4393.7			1.0
4394.6			0.9623842739276278
4395.5			0.9422737490579072
4396.4			0.9909363636007584
4397.3			1.061989625166917
4398.2			1.0784044746307897
4399.1			1.0433881366002775
4400.0			0.983655671118005
4400.9			0.9419532179191437
4401.8			0.9787495400075682
4402.7			1.0433987286379487
4403.6			1.02653714765435
4404.5			0.9550272361663648
4405.4			0.9533682780746776
4406.3			1.0328130520100856
4407.2			1.0575643400752164
4408.1			1.0167347362446035
4409.0			1.0149210899500412
4409.9			1.0
4410.8			1.0294811874253689
4411.7			1.0430469265387097
4412.6			1.0543854228966798
4413.5			1.0350181324906396
4414.4			0.9576494604045981
4415.3			0.8794292198613038
4416.2			0.8743180346331303
4417.1			0.9096244098960794
4418.0			0.9246654045169774
4418.9			0.9580355878231748
4419.8			1.0007963080088094
4420.7			1.0
4421.6			1.0
4422.5			1.0
4423.4			1.0
4424.3			1.0
4425.2			1.0
4426.1			1.0
4427.0			1.0
4427.9			1.0201690948751636
4428.8			1.0526691132131718
4429.7			1.037204637995175
4430.6			0.9892951796474826
4431.5			0.985289367785024
4432.4			1.0091142138072562
4433.3			0.9926438937064372
4434.2			0.9529249662099596
4435.1			0.9310414664934399
4436.0			0.9510904805971403
4436.9			1.0
4437.8			1.0520572360384766
4438.7			1.0733497378403616
4439.6			1.077141094829083
4440.5			1.0554509536782437
4441.4			1.0032792110666569
4442.3			0.9459888908273664
4443.2			0.9075462822860774
4444.1			0.9324455090962309
4445.0			1.005390002982991
4445.9			1.0537628569160977
4446.8			1.031139017243428
4447.7			1.0069966000823967
4448.6			1.018670241652149
4449.5			1.0252140160699985
4450.4			0.99506971912816
4451.3			0.9882680196126559
4452.2			0.9978425532233207
4453.1			0.9898049300363337
4454.0			0.9387900796441861
4454.9			0.8652439083839594
4455.8			0.8334849200681255
4456.7			0.8699415623743098
4457.6			0.8953185072318357
4458.5			0.8890822883532511
4459.4			0.8883230563280986
4460.3			0.9034797236208014
4461.2			0.8977625068165721
4462.1			0.8706885736108602
4463.0			0.9117022416505756
4463.9			0.9581579851064941
4464.8			0.9442905479391744
4465.7			0.9330185379234665
4466.6			0.9365572148355744
4467.5			0.9284892595985866
4468.4			0.9196398484379741
4469.3			0.8877894577672362
4470.2			0.8847315677689439
4471.1			0.9201224951189668
4472.0			0.9587942339937173
4472.9			0.987954925570794
4473.8			1.0010351098666133
4474.7			1.0
4475.6			1.0
4476.5			1.0
4477.4			1.0
4478.3			1.0065407063998209
4479.2			0.9540883661349381
4480.1			0.8733928689348808
4481.0			0.8107200655180827
4481.9			0.8047023865055974
4482.8			0.8651671325638617
4483.7			0.9413260837146405
4484.6			0.9862405862857515
4485.5			1.0006015335313219
4486.4			1.0
4487.3			1.0
4488.2			1.0
4489.1			1.0
4490.0			1.0
4490.9			1.0
4491.8			1.0
4492.7			1.0
4493.6			1.0
4494.5			1.0
4495.4			1.0
4496.3			1.0
4497.2			1.0
4498.1			1.0
4499.0			1.0
4499.9			1.0
4500.8			1.0
4501.7			1.0
4502.6			1.0
4503.5			1.0
4504.4			1.0
4505.3			1.0
4506.2			1.0
4507.1			1.0
4508.0			1.0
4508.9			1.0
4509.8			1.0
4510.7			1.0
4511.6			1.0
4512.5			1.0
4513.4			1.0
4514.3			1.0
4515.2			1.0
4516.1			1.0
4517.0			1.0
4517.9			1.0
4518.8			1.0
4519.7			1.0
4520.6			1.010599650358428
4521.5			1.013602256333457
4522.4			0.9908034475685366
4523.3			0.9714965924338347
4524.2			0.984773193725068
4525.1			0.9818169949124091
4526.0			0.9528233104367733
4526.9			0.9334240091624331
4527.8			0.9268445706993208
4528.7			0.9149753116867284
4529.6			0.9191134396399281
4530.5			0.9524190195116036
4531.4			0.986245789666996
4532.3			0.9957794805897175
4533.2			0.9671991680704861
4534.1			0.930205869761223
4535.0			1.0
4535.9			1.0403927262098174
4536.8			1.1221457062238043
4537.7			1.1888469935103978
4538.6			1.18743565295333
4539.5			1.149142034701565
4540.4			1.112328350887523
4541.3			1.0939510118920064
4542.2			1.1078392939630624
4543.1			1.1309268539748485
4544.0			1.1198973156569123
4544.9			1.0798689875557854
4545.8			1.0671490983436238
4546.7			1.0793764192749893
4547.6			1.0670856969828462
4548.5			1.0336471785806793
4549.4			0.9726555329034609
4550.3			0.9688726958116317
4551.2			1.0370011039004399
4552.1			1.0638968953181898
4553.0			1.0503827920400928
4553.9			1.0306351659621464
4554.8			1.0038231464839782
4555.7			1.0075785799599395
4556.6			1.0364355447399762
4557.5			1.078987903288851
4558.4			1.0812687416862008
4559.3			1.0852320688148571
4560.2			1.0
4561.1			1.0175489013443195
4562.0			1.021895278320566
4562.9			0.9974969650822463
4563.8			0.948355534338787
4564.7			0.9081568070684781
4565.6			0.911920595222092
4566.5			0.942433786078564
4567.4			0.98132688661039
4568.3			0.9998619452694137
4569.2			1.0
4570.1			1.0
4571.0			1.0
4571.9			1.0
4572.8			1.0299891786233417
4573.7			1.0862166627125915
4574.6			1.0966865340429726
4575.5			1.0824394556691412
4576.4			1.072230141617791
4577.3			1.064357470141867
4578.2			1.0592969511747712
4579.1			1.0236248807379842
4580.0			0.9914583346449788
4580.9			0.9588224797066173
4581.8			0.9482094885640548
4582.7			0.9545338185012036
4583.6			0.9495741964111599
4584.5			0.9434264946474569
4585.4			0.9579176730845946
4586.3			0.9666835164516101
4587.2			0.9896100617046414
4588.1			1.012803385822838
4589.0			1.0237025749030817
4589.9			1.0236838188137831
4590.8			0.9993329890617029
4591.7			1.0
4592.6			1.0
4593.5			1.0
4594.4			1.0
4595.3			1.0
4596.2			1.0
4597.1			1.0
4598.0			1.0
4598.9			1.0
4599.8			1.0
4600.7			1.0
4601.6			1.0
4602.5			1.0
4603.4			1.0
4604.3			1.0
4605.2			1.0
4606.1			1.0
4607.0			1.0
4607.9			1.0
4608.8			1.0
4609.7			1.0
4610.6			1.0
4611.5			1.0
4612.4			1.0
4613.3			1.0
4614.2			1.0
4615.1			1.0
4616.0			1.0
4616.9			1.0
4617.8			1.0
4618.7			1.0
4619.6			1.0
4620.5			1.0
4621.4			1.0
4622.3			1.0
4623.2			1.0
4624.1			1.0
4625.0			1.0
4625.9			1.0
4626.8			1.0
4627.7			1.0
4628.6			1.0
4629.5			1.0
4630.4			1.0
4631.3			1.0
4632.2			1.0
4633.1			1.0
4634.0			1.0
4634.9			1.0
4635.8			1.0
4636.7			1.0
4637.6			0.9814700399830336
4638.5			0.9786591720701948
4639.4			0.9953704521766381
4640.3			1.002864494411734
4641.2			1.0173263696537211
4642.1			1.0310731224152543
4643.0			1.0173901632016502
4643.9			1.0006412018150068
4644.8			0.9945379248499553
4645.7			0.9742850841522238
4646.6			0.9370800771530682
4647.5			0.913217703255855
4648.4			0.9257790667919649
4649.3			0.9643458997239329
4650.2			1.0016744821009886
4651.1			1.018709069971167
4652.0			1.0262866999353932
4652.9			1.0357160455771441
4653.8			1.0250369183480064
4654.7			1.0
4655.6			0.9842559951589802
4656.5			0.9874862240539104
4657.4			1.0082813520183012
4658.3			1.0567887709815247
4659.2			1.096895529736828
4660.1			1.1004276404762379
4661.0			1.0779942173232928
4661.9			1.0471303578404665
4662.8			1.0182652866711166
4663.7			1.0108617676762364
4664.6			1.0220694627469016
4665.5			0.9990385285746594
4666.4			0.9249843087227503
4667.3			0.8664905029753687
4668.2			0.8834050468450301
4669.1			0.9481931974788118
4670.0			0.9995578114963548
4670.9			1.0238157661398455
4671.8			1.0304722912350504
4672.7			1.0121521534387354
4673.6			1.0084196079995364
4674.5			1.0412758356154812
4675.4			1.073045682309351
4676.3			1.0910115420677917
4677.2			1.0818897843857134
4678.1			1.0365241702300148
4679.0			1.0002608480920048
4679.9			1.0
4680.8			1.0
4681.7			1.0
4682.6			1.0
4683.5			1.0
4684.4			1.0
4685.3			1.0
4686.2			1.0
4687.1			1.0
4688.0			1.0
4688.9			1.0
4689.8			0.9882744211326582
4690.7			0.9798021967163033
4691.6			0.9736550568987916
4692.5			0.9814137071285042
4693.4			0.995566576070235
4694.3			1.0061175042051882
4695.2			1.012145871603788
4696.1			1.0172222098039676
4697.0			1.0038565762501637
4697.9			0.9640327490201992
4698.8			0.9282665102643859
4699.7			0.9302882397265204
4700.6			0.9396882295432841
4701.5			0.9259155642386055
4702.4			0.8979829831293035
4703.3			0.8842262156166312
4704.2			0.9117241060859105
4705.1			0.9562592330051909
4706.0			0.9700230833781358
4706.9			0.9460020140292963
4707.8			0.909928867310417
4708.7			0.9065696671783605
4709.6			0.9281449126789854
4710.5			0.9614676043107876
4711.4			0.9887876344717602
4712.3			0.9910387249860523
4713.2			0.972735600972445
4714.1			0.9430348297473375
4715.0			0.9354789736093988
4715.9			0.9742407675894207
4716.8			1.0
4717.7			1.0112569216090619
4718.6			1.0227227403111914
4719.5			1.0305654624508
4720.4			1.0281307652957434
4721.3			1.0209510358221578
4722.2			1.0139429054838267
4723.1			1.016785448946832
4724.0			1.0371240679141953
4724.9			1.0507763680348021
4725.8			1.040006590231318
4726.7			0.9955338256712235
4727.6			0.9518215783179224
4728.5			0.9327606381347532
4729.4			0.9337578518095355
4730.3			0.9356733919590139
4731.2			0.9424628231922527
4732.1			0.9662399225366873
4733.0			0.9965951903597718
4733.9			1.0061501050831978
4734.8			1.006753179350444
4735.7			1.000466870135929
4736.6			0.9684601775119052
4737.5			0.9701952935248955
4738.4			1.0093861302784992
4739.3			1.0253237381575917
4740.2			1.0102735632683078
4741.1			0.9995417482812871
4742.0			1.0
4742.9			1.0
4743.8			1.0
4744.7			1.0
4745.6			1.0
4746.5			1.0
4747.4			1.0
4748.3			1.0
4749.2			1.0
4750.1			1.0087827312217108
4751.0			1.0063413406384785
4751.9			0.9847592442328146
4752.8			0.9726947931767126
4753.7			0.9744087327172767
4754.6			0.9602839625688874
4755.5			0.9465411605115918
4756.4			0.942665299705817
4757.3			0.9606295122564278
4758.2			0.9936154532367905
4759.1			1.0122664335380005
4760.0			1.0236709523965806
4760.9			1.0031545008817004
4761.8			0.9416289334679441
4762.7			0.904648494680093
4763.6			0.9159770951157516
4764.5			0.9202034580899802
4765.4			0.9044360502294718
4766.3			0.9047368137203966
4767.2			0.9333421800678432
4768.1			0.9640074062970655
4769.0			0.9790577084328653
4769.9			0.9869048294627955
4770.8			0.9690758327872384
4771.7			0.9400080612675532
4772.6			0.9448743205224641
4773.5			0.9873872638068686
4774.4			1.010984479535389
4775.3			1.0
4776.2			0.9877920316087072
4777.1			1.0034073539835004
4778.0			1.0228441474739922
4778.9			1.0096165133931716
4779.8			0.9946977439522414
4780.7			1.0027944120226113
4781.6			1.0223338433082623
4782.5			0.9989103200482673
4783.4			0.9612124778857895
4784.3			0.9667291947426171
4785.2			0.9807953615430752
4786.1			0.9555829208919373
4787.0			0.9457815938247045
4787.9			0.9685493227756158
4788.8			0.9672270695903502
4789.7			0.9539215788305678
4790.6			0.9724158427409634
4791.5			0.9841260081202918
4792.4			0.9848149167537092
4793.3			1.0072871623546522
4794.2			1.0426617527457689
4795.1			1.0555146868376153
4796.0			1.0435634710919324
4796.9			1.0245343098066952
4797.8			1.0004439865341488
4798.7			1.0
4799.6			1.0
4800.5			1.0
4801.4			1.0
4802.3			1.0
4803.2			1.0
4804.1			1.0
4805.0			1.0
4805.9			1.0
4806.8			1.0
4807.7			1.0
4808.6			1.0
4809.5			1.0
4810.4			1.0
4811.3			1.0
4812.2			1.0
4813.1			1.0
4814.0			1.0
4814.9			1.0
4815.8			1.0
4816.7			1.0
4817.6			1.0
4818.5			1.0
4819.4			1.0
4820.3			1.0
4821.2			1.0
4822.1			1.0
4823.0			1.0
4823.9			1.0
4824.8			1.0
4825.7			1.0
4826.6			1.0
4827.5			1.0
4828.4			1.0
4829.3			1.0
4830.2			1.0
4831.1			1.0
4832.0			1.0
4832.9			1.0
4833.8			1.0
4834.7			1.0
4835.6			1.0
4836.5			1.0
4837.4			1.0
4838.3			1.0
4839.2			1.0
4840.1			1.0
4841.0			1.0
4841.9			1.0
4842.8			1.0
4843.7			1.0
4844.6			1.0
4845.5			1.0
4846.4			1.0
4847.3			1.0
4848.2			0.9744221013655096
4849.1			0.9623514575182639
4850.0			0.9834807999488484
4850.9			1.0023992510984392
4851.8			0.9899707695588674
4852.7			0.9714228481384569
4853.6			0.947157344816603
4854.5			0.8914580761091916
4855.4			0.8311403282197581
4856.3			0.8185913993580495
4857.2			0.8372903924456035
4858.1			0.8178914300577513
4859.0			0.743546457634846
4859.9			0.6291529375587197
4860.8			0.5162739858603624
4861.7			0.49794360870903154
4862.6			0.6048380688595774
4863.5			0.7287712257209139
4864.4			0.7996436950320669
4865.3			0.8448058693605702
4866.2			0.880636753347327
4867.1			0.9087280946295913
4868.0			0.9348400797320449
4868.9			0.9553032435797543
4869.8			0.9481518021122736
4870.7			0.903199402691079
4871.6			0.8708018000182066
4872.5			0.8991242798805259
4873.4			0.9562643169208477
4874.3			0.9879415397790606
4875.2			0.999783365895096
4876.1			1.0
4877.0			1.0
4877.9			1.0
4878.8			1.0
4879.7			1.0
4880.6			1.0
4881.5			1.0
4882.4			0.9897144985926886
4883.3			0.9882361015389788
4884.2			0.9719744095266615
4885.1			0.9423468201661597
4886.0			0.9274812023509262
4886.9			0.934525822341347
4887.8			0.9426668942095233
4888.7			0.9397187068822236
4889.6			0.9295865834769529
4890.5			0.9043563510875072
4891.4			0.8894854592885588
4892.3			0.9399376038538761
4893.2			1.009572814584882
4894.1			1.0438718883088336
4895.0			1.062419264404799
4895.9			1.0614696841653104
4896.8			1.0525675120386868
4897.7			1.051958836075124
4898.6			1.041395960322013
4899.5			1.0136841706855289
4900.4			0.9999854000375524
4901.3			1.0
4902.2			1.0
4903.1			1.0
4904.0			1.0
4904.9			1.0
4905.8			1.0338168010236133
4906.7			1.034930082932348
4907.6			1.0064539242744086
4908.5			0.9786683286596761
4909.4			1.0
4910.3			0.9505163553198784
4911.2			0.9534300161841758
4912.1			1.0048864161269337
4913.0			1.0468467082928845
4913.9			1.0543308438738153
4914.8			1.0654209026494128
4915.7			1.0752187944455605
4916.6			1.0387828058297512
4917.5			0.9766865717726889
4918.4			0.9124922965389803
4919.3			0.8758628757667373
4920.2			0.8779323557866127
4921.1			0.904692829176932
4922.0			0.9459597469008224
4922.9			0.9428053558735697
4923.8			0.9085103300476489
4924.7			0.9038881548545653
4925.6			0.9581194379448827
4926.5			0.9942400999356213
4927.4			0.9996930933738176
4928.3			0.9987013153262336
4929.2			1.0
4930.1			1.0
4931.0			0.992978263374393
4931.9			0.9895312549414006
4932.8			0.9509294667357504
4933.7			0.9123259535675763
4934.6			0.926231319781422
4935.5			0.9699236691724727
4936.4			0.964826672125954
4937.3			0.9298886220688003
4938.2			0.8903412477699592
4939.1			0.8820518603131615
4940.0			0.9275796964611762
4940.9			0.9970002861704087
4941.8			1.0200282461022243
4942.7			1.020223747130924
4943.6			1.0344487187715719
4944.5			1.0262929594992445
4945.4			0.9988206988707636
4946.3			0.985916677666344
4947.2			1.0012323165434107
4948.1			1.0
4949.0			1.0
4949.9			1.0
4950.8			1.0
4951.7			1.0
4952.6			1.0
4953.5			1.0
4954.4			1.0
4955.3			0.9908360693761105
4956.2			0.9463804754694003
4957.1			0.8614596927639019
4958.0			0.8427634151179129
4958.9			0.9349918251620998
4959.8			0.9983127464348905
4960.7			1.005166868647188
4961.6			1.0
4962.5			1.0
4963.4			1.0
4964.3			1.0
4965.2			1.0
4966.1			1.0
4967.0			1.0
4967.9			1.0
4968.8			1.0
4969.7			1.0
4970.6			1.0
4971.5			1.0
4972.4			1.0
4973.3			1.0
4974.2			1.0
4975.1			1.0
4976.0			0.9970962515509567
4976.9			0.9948920020759716
4977.8			0.9864662283642317
4978.7			0.9596380240051484
4979.6			0.946421599701549
4980.5			0.9474438895313917
4981.4			0.9234255079794744
4982.3			0.8692662604454938
4983.2			0.8345288471782698
4984.1			0.8548870772753692
4985.0			0.897220094326091
4985.9			0.9473591820343492
4986.8			1.0104271171548458
4987.7			1.0425515588219885
4988.6			1.0266841239036046
4989.5			1.0120441521950572
4990.4			1.0029511649823801
4991.3			1.0
4992.2			1.0
4993.1			1.0
4994.0			1.0
4994.9			1.0
4995.8			1.0
4996.7			1.0
4997.6			1.0
4998.5			0.9880509222597395
4999.4			0.9606907582394876
5000.3			0.938720952936697
5001.2			0.9310850535379612
5002.1			0.9396220541840159
5003.0			0.9657599901598631
5003.9			1.0
5004.8			0.9723896297188672
5005.7			0.9280109963404692
5006.6			0.9141480206024566
5007.5			0.9527320467912301
5008.4			1.010240579760708
5009.3			1.0374785101161743
5010.2			1.0230769896184548
5011.1			0.9934042221946712
5012.0			0.9538226663795657
5012.9			0.9178627713210387
5013.8			0.9168217448120877
5014.7			0.9339056731753848
5015.6			0.9604702862142199
5016.5			0.9584048323642522
5017.4			0.9082128112076999
5018.3			0.8757352136053528
5019.2			0.9045500328780872
5020.1			0.9561128460792009
5021.0			0.9678423487698469
5021.9			0.9568388504913107
5022.8			0.9527724134214433
5023.7			0.9753457153255883
5024.6			0.9916049384388554
5025.5			0.9848440467048329
5026.4			0.9639470320947806
5027.3			0.9380380661542929
5028.2			0.936860784788893
5029.1			0.9742842428363074
5030.0			0.989703460919836
5030.9			0.9829564960783251
5031.8			0.9995038187716675
5032.7			1.0
5033.6			1.0089015820880276
5034.5			0.9815037885560616
5035.4			0.9351241958458922
5036.3			0.9179210123666137
5037.2			0.9584093496803984
5038.1			0.971154655494754
5039.0			0.9302350208909919
5039.9			0.8926420384998123
5040.8			0.8523651481983684
5041.7			0.8558424005464695
5042.6			0.9428181385360971
5043.5			1.0274720155451833
5044.4			1.0498435666466666
5045.3			1.0704472185121408
5046.2			1.0912551180068875
5047.1			1.0765357998087561
5048.0			1.0276202568679844
5048.9			0.9953112776823071
5049.8			0.9995692439244267
5050.7			1.0
5051.6			1.0
5052.5			1.0
5053.4			1.0
5054.3			1.0
5055.2			1.0
5056.1			1.0
5057.0			1.0
5057.9			1.0
5058.8			1.0
5059.7			1.0
5060.6			1.0
5061.5			1.0
5062.4			1.0
5063.3			1.0
5064.2			1.0
5065.1			1.0
5066.0			1.0
5066.9			1.0
5067.8			1.0
5068.7			1.0
5069.6			1.0
5070.5			1.0
5071.4			1.0
5072.3			1.0
5073.2			1.0
5074.1			1.0129086511343128
5075.0			1.0010685847896845
5075.9			0.997216743453662
5076.8			1.0208284913111445
5077.7			1.0227419777395153
5078.6			0.9658526736176191
5079.5			0.8959268402182962
5080.4			0.8874720936399283
5081.3			0.9302672083689999
5082.2			0.959661309357566
5083.1			0.9553478092424124
5084.0			0.9538561914869851
5084.9			0.9809461397682546
5085.8			1.0077833013319735
5086.7			1.0012963247621816
5087.6			1.0
5088.5			1.0
5089.4			1.0
5090.3			1.0
5091.2			1.0
5092.1			1.0
5093.0			1.0
5093.9			1.0
5094.8			0.9963796502617834
5095.7			0.9788866843853752
5096.6			0.9458682045504372
5097.5			0.8986500699839658
5098.4			0.8613565680166487
5099.3			0.8575082488327856
5100.2			0.9056190371944134
5101.1			0.9726828927820893
5102.0			1.0045637350020673
5102.9			1.0074805680128012
5103.8			0.998558546284949
5104.7			1.0
5105.6			1.0
5106.5			1.0
5107.4			1.0
5108.3			1.0
5109.2			1.0
5110.1			1.0
5111.0			1.0
5111.9			1.0
5112.8			1.0
5113.7			1.0
5114.6			1.0
5115.5			1.0
5116.4			1.0
5117.3			1.0
5118.2			1.0
5119.1			1.0
5120.0			1.0
5120.9			1.0
5121.8			1.0
5122.7			1.0
5123.6			1.0
5124.5			1.0
5125.4			1.0
5126.3			1.0
5127.2			1.0
5128.1			1.0
5129.0			1.0
5129.9			1.0
5130.8			1.0
5131.7			1.0
5132.6			1.0
5133.5			1.0
5134.4			1.0
5135.3			1.0
5136.2			1.0
5137.1			1.0
5138.0			1.0
5138.9			1.0
5139.8			1.0
5140.7			1.0
5141.6			1.0
5142.5			1.0
5143.4			1.0
5144.3			1.0
5145.2			1.0
5146.1			1.0
5147.0			1.0
5147.9			1.0
5148.8			1.0
5149.7			1.0
5150.6			1.0
5151.5			1.0
5152.4			1.0
5153.3			1.0
5154.2			1.0
5155.1			1.0
5156.0			1.0
5156.9			1.0
5157.8			1.0
5158.7			0.995631671338938
5159.6			0.9976284582737116
5160.5			1.0003775973712525
5161.4			0.9771921515835481
5162.3			0.9452237175845764
5163.2			0.9512113118776027
5164.1			0.9692047701471133
5165.0			0.9376664636116672
5165.9			0.8671762527797675
5166.8			0.7892470609681097
5167.7			0.7392462559230852
5168.6			0.7659595565048621
5169.5			0.8414510183770744
5170.4			0.8933969132520566
5171.3			0.8507839049094488
5172.2			0.761520319994141
5173.1			0.7613459276952457
5174.0			0.8697359535738519
5174.9			0.9691038605983633
5175.8			0.9989666735082564
5176.7			0.9999816391242278
5177.6			1.0
5178.5			1.0
5179.4			1.0
5180.3			0.99364749545919
5181.2			0.9726025882845546
5182.1			0.8983033926350263
5183.0			0.7807866651358186
5183.9			0.7255999760616375
5184.8			0.8153746907398075
5185.7			0.942661405395026
5186.6			0.9997561168555354
5187.5			1.000343716302507
5188.4			1.0
5189.3			1.0
5190.2			1.0
5191.1			1.0
5192.0			1.0
5192.9			1.0
5193.8			1.0
5194.7			1.0
5195.6			1.0
5196.5			1.0
5197.4			1.0
5198.3			1.0
5199.2			1.0
5200.1			1.0
5201.0			1.0
5201.9			1.0
5202.8			1.0
5203.7			1.0
5204.6			1.0
5205.5			1.0
5206.4			1.0
5207.3			1.0
5208.2			1.0
5209.1			1.0
5210.0			1.0
5210.9			1.0
5211.8			1.0096514421441873
5212.7			1.0211693360664953
5213.6			1.0107746469241776
5214.5			0.9731850898991373
5215.4			0.9272091735870909
5216.3			0.9118505421539067
5217.2			0.9259402021208916
5218.1			0.9529112311739273
5219.0			0.9839855143029607
5219.9			0.9992837977534238
5220.8			0.9977230148682752
5221.7			1.0
5222.6			0.9929223387428312
5223.5			0.9826865880598483
5224.4			0.9617564077258046
5225.3			0.9122839555898287
5226.2			0.8472697069270048
5227.1			0.8246908424157227
5228.0			0.8804427325542369
5228.9			0.9529714551597273
5229.8			0.9822454630839662
5230.7			0.9966095548246604
5231.6			0.9986146776415413
5232.5			1.0
5233.4			1.0
5234.3			1.0
5235.2			1.0
5236.1			1.0
5237.0			1.0
5237.9			1.0
5238.8			1.0
5239.7			1.0
5240.6			1.0
5241.5			1.0
5242.4			1.0
5243.3			1.0
5244.2			1.0
5245.1			1.0
5246.0			1.0
5246.9			1.0
5247.8			1.0
5248.7			1.0
5249.6			1.0
5250.5			1.0
5251.4			1.0
5252.3			1.0
5253.2			1.0
5254.1			0.9763458767280448
5255.0			0.9599532844481482
5255.9			0.9740165368620822
5256.8			1.0083494204142367
5257.7			1.0246350283924124
5258.6			1.0271899061554495
5259.5			1.016568817976763
5260.4			0.9885480126107224
5261.3			0.9416484907047216
5262.2			0.8921146476356886
5263.1			0.8649042558588116
5264.0			0.845103563323753
5264.9			0.8243958992817932
5265.8			0.8209594311744305
5266.7			0.8550238608335812
5267.6			0.902177979801214
5268.5			0.8924878539227761
5269.4			0.8291622639325787
5270.3			0.8160788250351991
5271.2			0.8795561287515862
5272.1			0.9310629606479606
5273.0			0.9221374998573796
5273.9			0.8964658762201195
5274.8			0.8683835477221806
5275.7			0.8587900680584842
5276.6			0.9087894471374722
5277.5			0.9731922105518166
5278.4			0.9904482356777161
5279.3			0.9675873209347414
5280.2			0.9404440002703183
5281.1			0.9243480518373298
5282.0			0.9188360772345556
5282.9			0.9088422109160449
5283.8			0.8987868536854371
5284.7			0.9198798876729507
5285.6			0.9710806751563688
5286.5			0.9995819216118121
5287.4			1.0
5288.3			1.0
5289.2			1.0
5290.1			1.0
5291.0			1.0011496036807077
5291.9			0.9962820144779064
5292.8			0.9852586673964033
5293.7			0.9819412272469351
5294.6			0.9873646138741455
5295.5			0.9776698574951505
5296.4			0.9425319435750772
5297.3			0.8959746931841921
5298.2			0.8783932904111585
5299.1			0.9164078457506082
5300.0			0.9621394427052483
5300.9			0.9689072375526494
5301.8			0.9563054665259421
5302.7			0.9548426461372268
5303.6			0.9784108103585167
5304.5			1.0029559257206346
5305.4			1.0004149656568981
5306.3			1.0
5307.2			1.0
5308.1			1.0
5309.0			1.0
5309.9			1.0
5310.8			1.0
5311.7			1.0
5312.6			1.0
5313.5			1.0
5314.4			1.0
5315.3			1.0
5316.2			1.0
5317.1			1.0
5318.0			1.0
5318.9			1.0
5319.8			1.0
5320.7			1.0
5321.6			0.9946300527307074
5322.5			0.9840728705016548
5323.4			0.9567863694205228
5324.3			0.9285041770650988
5325.2			0.9363039416550569
5326.1			0.9578591689509598
5327.0			0.9305086203789411
5327.9			0.8645648720956355
5328.8			0.8456727734043027
5329.7			0.911503582216166
5330.6			0.9816904854489379
5331.5			1.0044732050084908
5332.4			0.9862281738327214
5333.3			0.9758604497166187
5334.2			0.9908135609594104
5335.1			1.006291411155213
5336.0			0.9995064531835172
5336.9			1.0
5337.8			1.0
5338.7			1.0
5339.6			1.0
5340.5			1.0
5341.4			1.0
5342.3			1.0
5343.2			1.0
5344.1			1.0
5345.0			1.0
5345.9			1.0
5346.8			1.0
5347.7			1.0
5348.6			1.0
5349.5			1.0
5350.4			1.0
5351.3			1.0
5352.2			1.0
5353.1			1.0
5354.0			1.0
5354.9			1.0
5355.8			1.0
5356.7			1.0
5357.6			1.0
5358.5			1.0
5359.4			1.0
5360.3			1.0033970820967988
5361.2			0.9847850368447089
5362.1			0.9554365336734459
5363.0			0.9395510735319402
5363.9			0.9388747000903788
5364.8			0.9311760847001846
5365.7			0.9317310939553333
5366.6			0.9528833709211967
5367.5			0.9506127370334494
5368.4			0.9452287192788045
5369.3			0.9357129501479201
5370.2			0.9076781274066739
5371.1			0.906738666449874
5372.0			0.9379992704212794
5372.9			0.9857623158414416
5373.8			1.0157926958576438
5374.7			1.0225361785528304
5375.6			1.033453183745183
5376.5			1.0306622944178427
5377.4			1.0280188079533066
5378.3			1.0241377997911425
5379.2			1.013243115656386
5380.1			0.995984566788251
5381.0			0.9947857764728127
5381.9			1.0017942679196483
5382.8			1.0
5383.7			1.0
5384.6			1.0
5385.5			1.0
5386.4			1.0
5387.3			1.0
5388.2			1.0
5389.1			1.0
5390.0			1.0
5390.9			1.0
5391.8			1.0
5392.7			1.0
5393.6			1.0
5394.5			1.0207521617969433
5395.4			1.018636273543965
5396.3			0.9888903500288659
5397.2			0.9643517644930721
5398.1			0.9751061940919207
5399.0			1.001545203752138
5399.9			1.0047670510868865
5400.8			1.005737230669623
5401.7			1.0206950618746085
5402.6			1.0112364643127694
5403.5			0.9616741993144065
5404.4			0.9168397611587359
5405.3			0.9190678509866128
5406.2			0.9582768933703758
5407.1			1.0016463030782963
5408.0			1.0164565252412732
5408.9			0.9909221546261272
5409.8			0.9582614306645814
5410.7			0.9636127161843625
5411.6			1.0081827209805994
5412.5			1.0392502801675572
5413.4			1.0259769374595011
5414.3			1.000013985323246
5415.2			1.0
5416.1			1.0
5417.0			1.0
5417.9			1.0
5418.8			1.0
5419.7			1.0
5420.6			1.0
5421.5			1.0
5422.4			1.0
5423.3			1.0
5424.2			1.0
5425.1			1.0
5426.0			1.0
5426.9			1.0
5427.8			1.0
5428.7			1.0
5429.6			1.0
5430.5			1.0
5431.4			1.0
5432.3			1.0
5433.2			1.0
5434.1			1.0
5435.0			1.0
5435.9			1.0
5436.8			1.0
5437.7			1.0
5438.6			1.0
5439.5			1.0
5440.4			1.0
5441.3			1.0
5442.2			1.0
5443.1			0.9961929485121237
5444.0			0.9719975781481233
5444.9			0.9346315492677122
5445.8			0.9004626403736082
5446.7			0.8962216302142663
5447.6			0.9366066468240588
5448.5			0.9870269823567942
5449.4			1.0039460367666657
5450.3			0.9999391525864835
5451.2			1.0
5452.1			1.0
5453.0			1.0
5453.9			1.0
5454.8			1.0
5455.7			1.0
5456.6			1.0
5457.5			1.0
5458.4			1.0
5459.3			1.0
5460.2			1.0
5461.1			1.0
5462.0			1.0
5462.9			1.0
5463.8			1.0
5464.7			1.0
5465.6			1.0
5466.5			1.0
5467.4			1.0
5468.3			1.0
5469.2			1.0
5470.1			1.0
5471.0			1.0032076084399788
5471.9			0.9999316219077491
5472.8			0.9845722444168474
5473.7			0.9812429785924889
5474.6			0.9878186026797993
5475.5			0.9555799723776766
5476.4			0.9056753003452339
5477.3			0.9154096116223807
5478.2			0.9790170464529914
5479.1			1.0206846572068458
5480.0			1.013807165805404
5480.9			0.9922863892909538
5481.8			0.9994695069514156
5482.7			1.0
5483.6			1.0
5484.5			1.0
5485.4			1.0
5486.3			1.0
5487.2			1.0
5488.1			1.0
5489.0			1.0
5489.9			1.0
5490.8			1.0
5491.7			1.0
5492.6			1.0
5493.5			1.0
5494.4			1.0
5495.3			1.0
5496.2			1.0
5497.1			1.0
5498.0			1.0
5498.9			1.0
5499.8			1.0
5500.7			1.0
5501.6			1.0
5502.5			1.0
5503.4			1.0
5504.3			1.0
5505.2			1.0
5506.1			1.0
5507.0			1.0
5507.9			1.0
5508.8			1.0
5509.7			1.0
5510.6			1.0
5511.5			1.0
5512.4			1.0
5513.3			1.0
5514.2			1.0
5515.1			1.0
5516.0			1.0
5516.9			1.0
5517.8			1.0
5518.7			1.0
5519.6			1.0
5520.5			1.0
5521.4			1.0
5522.3			1.0
5523.2			1.0047561773443348
5524.1			0.9988006941924863
5525.0			0.9795847920688667
5525.9			0.95628631833649
5526.8			0.9325569478828923
5527.7			0.9059942141641311
5528.6			0.9062043276508013
5529.5			0.9530113589343244
5530.4			0.9985400848954867
5531.3			1.0073106653387207
5532.2			1.0000300802388824
5533.1			1.0
5534.0			1.0
5534.9			1.0
5535.8			1.0
5536.7			1.0
5537.6			1.0
5538.5			1.0
5539.4			1.0
5540.3			1.0
5541.2			1.0
5542.1			1.0
5543.0			1.0
5543.9			1.0
5544.8			1.0
5545.7			1.0
5546.6			1.0
5547.5			1.0
5548.4			1.0
5549.3			1.0
5550.200000000001			1.0
5551.1			1.0
5552.0			1.0
5552.9			1.0
5553.8			1.0
5554.700000000001			1.0
5555.6			1.0
5556.5			1.0
5557.4			1.0
5558.3			1.0
5559.200000000001			1.0
5560.1			1.0
5561.0			1.0
5561.9			1.0
5562.8			1.0
5563.700000000001			1.0
5564.6			1.0
5565.5			1.0
5566.4			1.0
5567.3			1.0
5568.200000000001			1.0
5569.1			1.0
5570.0			1.0
5570.9			1.0
5571.8			1.0
5572.700000000001			1.0
5573.6			1.0
5574.5			1.0
5575.4			1.0
5576.3			1.0
5577.200000000001			1.0
5578.1			1.015428305581366
5579.0			1.0212168545496119
5579.9			1.0226099476496895
5580.8			1.013158045703768
5581.700000000001			0.998598844248269
5582.6			1.0060046611281788
5583.5			1.0271250899519417
5584.4			1.029231101195392
5585.3			1.0033565890813942
5586.200000000001			0.9606195931956268
5587.1			0.9291191389872755
5588.0			0.9245459220537057
5588.9			0.9340199436677957
5589.8			0.9566330693325379
5590.700000000001			0.9874018801901171
5591.6			1.0073769458029052
5592.5			1.00542396039959
5593.4			0.9818618887276297
5594.3			0.9663640576967258
5595.200000000001			0.9962235577298744
5596.1			1.0422780714697197
5597.0			1.0389010867315276
5597.9			0.9991675284926694
5598.8			1.0
5599.700000000001			1.0
5600.6			1.0
5601.5			1.0
5602.4			1.0
5603.3			1.0
5604.200000000001			1.0
5605.1			1.0
5606.0			1.0
5606.9			1.0
5607.8			1.0
5608.700000000001			1.0
5609.6			1.0
5610.5			1.0
5611.4			1.0
5612.3			1.0080612757171392
5613.200000000001			1.0049203162810891
5614.1			0.9612866164135832
5615.0			0.9041912385743405
5615.9			0.9031324069355248
5616.8			0.9554629730178816
5617.700000000001			0.9941286753659496
5618.6			1.000557364751733
5619.5			0.9998141324126748
5620.4			1.0
5621.3			1.0
5622.200000000001			1.0
5623.1			1.0
5624.0			1.0
5624.9			1.0
5625.8			1.0
5626.700000000001			1.0
5627.6			1.0
5628.5			1.0
5629.4			1.0
5630.3			1.0
5631.200000000001			1.0
5632.1			1.0
5633.0			1.0
5633.9			1.0
5634.8			1.0
5635.700000000001			1.0
5636.6			1.0
5637.5			1.0
5638.4			1.0
5639.3			1.0
5640.200000000001			1.0
5641.1			1.0
5642.0			1.0
5642.9			1.0
5643.8			1.0
5644.700000000001			1.0
5645.6			1.0
5646.5			1.0
5647.4			1.0141790389411331
5648.3			1.0113165833192976
5649.200000000001			0.9906462472452516
5650.1			0.9750961679931754
5651.0			0.9826760614866259
5651.9			0.9997867810423019
5652.8			1.0006578073944745
5653.700000000001			0.9781283397729771
5654.6			0.9507940584844277
5655.5			0.9567173652652671
5656.4			0.9808026166083872
5657.3			0.9580339428037239
5658.200000000001			0.9053785706263211
5659.1			0.9090512865429117
5660.0			0.964131518791365
5660.9			0.9916384632706072
5661.8			0.9778118830060579
5662.700000000001			0.9658824374537309
5663.6			0.9845576232074104
5664.5			1.0132870123382194
5665.4			1.0185361106336484
5666.3			1.002043215968414
5667.200000000001			0.9890834265368805
5668.1			0.9921928252729703
5669.0			1.0006962429775221
5669.9			1.0
5670.8			1.0
5671.700000000001			1.0
5672.6			1.0
5673.5			1.0
5674.4			1.0
5675.3			1.0
5676.200000000001			1.0
5677.1			1.0
5678.0			1.0
5678.9			1.0
5679.8			1.0
5680.700000000001			1.0
5681.6			1.0
5682.5			1.0
5683.4			1.0
5684.3			1.0
5685.200000000001			1.0
5686.1			1.0
5687.0			1.0
5687.9			1.0
5688.8			1.0
5689.700000000001			1.0
5690.6			1.0
5691.5			1.0
5692.4			1.0
5693.3			1.0
5694.200000000001			1.0
5695.1			1.0
5696.0			1.0
5696.9			1.0
5697.8			1.0
5698.700000000001			1.0
5699.6			1.0
5700.5			0.9848316683652645
5701.4			0.967471096958765
5702.3			0.9751196028335206
5703.200000000001			0.9980157991543191
5704.1			1.002127404025091
5705.0			0.977997715613195
5705.9			0.9524525468719821
5706.8			0.9483966334818543
5707.700000000001			0.9448706564779255
5708.6			0.9229899518289238
5709.5			0.9125854738204014
5710.4			0.9230328729001678
5711.3			0.9296124012733255
5712.200000000001			0.9437078987298807
5713.1			0.9767944817916882
5714.0			0.9922681650745583
5714.9			0.9860159954321887
5715.8			0.9931854463765234
5716.700000000001			1.007939478695489
5717.6			1.005161887143989
5718.5			1.000079865365631
5719.4			1.0
5720.3			1.0
5721.200000000001			1.0
5722.1			1.0
5723.0			1.0
5723.9			1.0
5724.8			1.0
5725.700000000001			1.0
5726.6			1.0
5727.5			1.0
5728.4			1.0
5729.3			1.0
5730.200000000001			1.0
5731.1			1.0
5732.0			1.0
5732.9			1.0
5733.8			1.0
5734.700000000001			1.0
5735.6			1.0
5736.5			1.0
5737.4			1.0
5738.3			1.0
5739.200000000001			1.0
5740.1			1.0
5741.0			1.0
5741.9			1.0
5742.8			1.0
5743.700000000001			1.0
5744.6			1.0
5745.5			1.0
5746.4			1.0
5747.3			1.0
5748.200000000001			1.0
5749.1			1.0
5750.0			1.0
5750.9			1.0
5751.8			1.0
5752.700000000001			1.0
5753.6			1.0
5754.5			1.0
5755.4			1.0
5756.3			1.0
5757.200000000001			1.0
5758.1			1.0
5759.0			1.0
5759.9			1.0
5760.8			1.0
5761.700000000001			1.0
5762.6			1.0
5763.5			1.0
5764.4			1.0
5765.3			1.0
5766.200000000001			1.0
5767.1			1.0
5768.0			1.0
5768.9			1.0
5769.8			1.0
5770.700000000001			1.0
5771.6			1.0
5772.5			1.0
5773.4			1.0
5774.3			1.0
5775.200000000001			1.0
5776.1			1.0
5777.0			1.0
5777.9			1.0
5778.8			1.0
5779.700000000001			1.0
5780.6			1.0
5781.5			1.0
5782.4			1.0
5783.3			1.0
5784.200000000001			1.0
5785.1			1.0
5786.0			1.0
5786.9			1.0
5787.8			1.0
5788.700000000001			1.0
5789.6			1.0
5790.5			1.0
5791.4			1.0
5792.3			1.0
5793.200000000001			1.0
5794.1			1.0
5795.0			1.0
5795.9			1.0
5796.8			1.0
5797.700000000001			1.0
5798.6			1.0
5799.5			1.0
5800.4			1.0
5801.3			1.0
5802.200000000001			1.0
5803.1			1.0
5804.0			1.0
5804.9			1.0
5805.8			1.0
5806.700000000001			1.0
5807.6			1.0
5808.5			1.0
5809.4			1.0
5810.3			1.0
5811.200000000001			1.0
5812.1			1.0
5813.0			1.0
5813.9			1.0
5814.8			1.0
5815.700000000001			1.0
5816.6			1.0
5817.5			1.0
5818.4			1.0
5819.3			1.0
5820.200000000001			1.0
5821.1			1.0
5822.0			1.0
5822.9			1.0
5823.8			1.0
5824.700000000001			1.0
5825.6			1.0
5826.5			1.0
5827.4			1.0
5828.3			1.0
5829.200000000001			1.0
5830.1			1.0
5831.0			1.0
5831.9			1.0
5832.8			1.0
5833.700000000001			1.0
5834.6			1.0
5835.5			1.0
5836.4			1.0
5837.3			1.0
5838.200000000001			1.0
5839.1			1.0
5840.0			1.0
5840.9			1.0
5841.8			1.0
5842.700000000001			1.0
5843.6			1.0
5844.5			1.0
5845.4			1.0
5846.3			1.0
5847.200000000001			1.0
5848.1			1.0
5849.0			1.0
5849.9			1.0
5850.8			1.0
5851.700000000001			1.0
5852.6			1.0
5853.5			1.0
5854.4			1.0
5855.3			1.0
5856.200000000001			1.0
5857.1			1.0
5858.0			1.0
5858.9			1.0
5859.8			1.0
5860.700000000001			1.0
5861.6			1.0
5862.5			1.0
5863.4			1.0
5864.3			1.0
5865.200000000001			1.0
5866.1			1.0
5867.0			1.0
5867.9			1.0
5868.8			1.0
5869.700000000001			1.0
5870.6			1.0
5871.5			1.0
5872.4			1.0
5873.3			1.0
5874.200000000001			1.0
5875.1			1.0
5876.0			1.0
5876.9			1.0
5877.8			1.0
5878.700000000001			1.0
5879.6			1.0
5880.5			1.0
5881.4			1.0
5882.3			1.0
5883.200000000001			1.0
5884.1			1.0
5885.0			1.0
5885.9			1.0
5886.8			1.005507146761269
5887.700000000001			0.9979613445185401
5888.6			0.9390476359911348
5889.5			0.8465928056541892
5890.4			0.8282167706734371
5891.3			0.9083590428809126
5892.200000000001			0.9782382059253217
5893.1			1.00252969043194
5894.0			1.0020438448201245
5894.9			1.0
5895.8			1.0
5896.700000000001			1.0
5897.6			1.0
5898.5			1.0
5899.4			1.0
5900.3			1.0
5901.200000000001			1.0
5902.1			1.0
5903.0			1.0
5903.9			1.0
5904.8			1.0
5905.700000000001			1.0
5906.6			1.0
5907.5			1.0
5908.4			1.0
5909.3			1.0
5910.200000000001			1.0
5911.1			1.0
5912.0			1.0
5912.9			1.0
5913.8			1.0
5914.700000000001			1.0
5915.6			1.0
5916.5			1.0
5917.4			1.0
5918.3			1.0
5919.200000000001			1.0
5920.1			1.0
5921.0			1.0
5921.9			1.0
5922.8			1.0
5923.700000000001			1.0
5924.6			1.0
5925.5			1.0
5926.4			1.0
5927.3			1.0
5928.200000000001			1.0
5929.1			1.0
5930.0			1.0
5930.9			1.0
5931.8			1.0
5932.700000000001			1.0
5933.6			1.0
5934.5			1.0
5935.4			1.0
5936.3			1.0
5937.200000000001			1.0
5938.1			1.0
5939.0			1.0
5939.9			1.0
5940.8			1.0
5941.700000000001			1.0
5942.6			1.0
5943.5			1.0
5944.4			1.0
5945.3			1.0
5946.200000000001			1.0
5947.1			1.0
5948.0			1.0
5948.9			1.0
5949.8			1.0
5950.700000000001			1.0
5951.6			1.0
5952.5			1.0
5953.4			1.0
5954.3			1.0
5955.200000000001			1.0
5956.1			1.0
5957.0			1.0
5957.9			1.0
5958.8			1.0
5959.700000000001			1.0
5960.6			1.0
5961.5			1.0
5962.4			1.0
5963.3			1.0
5964.200000000001			1.0
5965.1			1.0
5966.0			1.0
5966.9			1.0
5967.8			1.0
5968.700000000001			1.0
5969.6			1.0
5970.5			1.0
5971.4			1.0
5972.3			1.0
5973.200000000001			1.0
5974.1			1.0
5975.0			1.0
5975.9			1.0
5976.8			1.0
5977.700000000001			1.0
5978.6			1.0
5979.5			1.0
5980.4			1.0
5981.3			1.0
5982.200000000001			1.0
5983.1			1.0
5984.0			1.0
5984.9			1.0
5985.8			1.0
5986.700000000001			1.0
5987.6			1.0
5988.5			1.0
5989.4			1.0
5990.3			1.0
5991.200000000001			1.0
5992.1			1.0
5993.0			1.0
5993.9			1.0
5994.8			1.0
5995.700000000001			1.0
5996.6			1.0
5997.5			1.0
5998.4			1.0
5999.3			1.0
6000.200000000001			1.0
6001.1			1.0
6002.0			1.0
6002.9			1.0
6003.8			1.0
6004.700000000001			1.0
6005.6			1.0
6006.5			1.0
6007.4			1.0
6008.3			1.0
6009.200000000001			1.0
6010.1			1.0
6011.0			1.0
6011.9			1.0
6012.8			1.0
6013.700000000001			1.0
6014.6			1.0
6015.5			1.0
6016.4			1.0
6017.3			1.0
6018.200000000001			1.0
6019.1			1.0
6020.0			1.0
6020.9			1.0
6021.8			1.0
6022.700000000001			1.0
6023.6			1.0
6024.5			1.0
6025.4			1.0
6026.3			1.0
6027.200000000001			1.0
6028.1			1.0
6029.0			1.0
6029.9			1.0
6030.8			1.0
6031.700000000001			1.0
6032.6			1.0
6033.5			1.0
6034.4			1.0
6035.3			1.0
6036.200000000001			1.0
6037.1			1.0
6038.0			1.0
6038.9			1.0
6039.8			1.0
6040.700000000001			1.0
6041.6			1.0
6042.5			1.0
6043.4			1.0
6044.3			1.0
6045.200000000001			1.0
6046.1			1.0
6047.0			1.0
6047.9			1.0
6048.8			1.0
6049.700000000001			1.0
6050.6			1.0
6051.5			1.0
6052.4			1.0
6053.3			1.0
6054.200000000001			1.0
6055.1			1.0
6056.0			1.0
6056.9			1.0
6057.8			1.0
6058.700000000001			1.0
6059.6			1.0
6060.5			1.0
6061.4			1.0
6062.3			1.0
6063.200000000001			1.0
6064.1			1.0
6065.0			1.0
6065.9			1.0
6066.8			1.0
6067.700000000001			1.0
6068.6			1.0
6069.5			1.0
6070.4			1.0
6071.3			1.0
6072.200000000001			1.0
6073.1			1.0
6074.0			1.0
6074.9			1.0
6075.8			1.0
6076.700000000001			1.0
6077.6			1.0
6078.5			1.0
6079.4			1.0
6080.3			1.0
6081.200000000001			1.0
6082.1			1.0
6083.0			1.0
6083.9			1.0
6084.8			1.0
6085.700000000001			1.0
6086.6			1.0
6087.5			1.0
6088.4			1.0
6089.3			1.0
6090.200000000001			1.0
6091.1			1.0
6092.0			1.0
6092.9			1.0
6093.8			1.0
6094.700000000001			1.0
6095.6			1.0
6096.5			1.0
6097.4			1.0
6098.3			1.0
6099.200000000001			1.0
6100.1			1.0
6101.0			1.0
6101.9			1.0
6102.8			1.0
6103.700000000001			1.0
6104.6			1.0
6105.5			1.0
6106.4			1.0
6107.3			1.0
6108.200000000001			1.0
6109.1			1.0
6110.0			1.0
6110.9			1.0
6111.8			1.0
6112.700000000001			1.0
6113.6			1.0
6114.5			1.0
6115.4			1.0
6116.3			1.0
6117.200000000001			1.0
6118.1			1.0
6119.0			1.0
6119.9			1.0
6120.8			1.0
6121.700000000001			1.0
6122.6			1.0
6123.5			1.0
6124.4			1.0
6125.3			1.0
6126.200000000001			1.0
6127.1			1.0
6128.0			1.0
6128.9			1.0
6129.8			1.0
6130.700000000001			1.0
6131.6			1.0
6132.5			1.0
6133.4			1.0
6134.3			1.0
6135.200000000001			1.0
6136.1			1.0
6137.0			1.0
6137.9			1.0
6138.8			1.0
6139.700000000001			1.0
6140.6			1.0
6141.5			1.0
6142.4			1.0
6143.3			1.0
6144.200000000001			1.0
6145.1			1.0
6146.0			1.0
6146.9			1.0
6147.8			1.0
6148.700000000001			1.0
6149.6			1.0
6150.5			1.0
6151.4			1.0
6152.3			1.0
6153.200000000001			1.0
6154.1			1.0
6155.0			1.0
6155.9			1.0041988492330034
6156.8			1.0203634577080312
6157.700000000001			1.0244460267156745
6158.6			1.0286982968955123
6159.5			1.032082281370133
6160.4			1.005583834211809
6161.3			0.9546818044213508
6162.200000000001			0.9269699736099373
6163.1			0.9452526482454936
6164.0			0.9824751052862126
6164.9			1.0078485134018942
6165.8			1.0160948419477207
6166.700000000001			1.0215374456722512
6167.6			1.0249426495429095
6168.5			1.0000825780079976
6169.4			1.0
6170.3			1.0
6171.200000000001			1.0
6172.1			1.0
6173.0			1.0
6173.9			1.0
6174.8			1.0
6175.700000000001			1.0
6176.6			1.0
6177.5			1.0
6178.4			1.0
6179.3			1.0
6180.200000000001			1.0
6181.1			1.0
6182.0			1.0
6182.9			1.0
6183.8			1.0
6184.700000000001			1.0
6185.6			1.0
6186.5			1.0
6187.4			1.0
6188.3			1.0
6189.200000000001			1.0
6190.1			1.0
6191.0			1.0
6191.9			1.0
6192.8			1.0
6193.700000000001			1.0
6194.6			1.0
6195.5			1.0
6196.4			1.0
6197.3			1.0
6198.200000000001			1.0
6199.1			1.0
6200.0			1.0
6200.9			1.0
6201.8			1.0
6202.700000000001			1.0
6203.6			1.0
6204.5			1.0
6205.4			1.0
6206.3			1.0
6207.200000000001			1.0
6208.1			1.0
6209.0			1.0
6209.9			1.0
6210.8			1.0
6211.700000000001			1.0
6212.6			1.0
6213.5			1.0
6214.4			1.0
6215.3			1.0
6216.200000000001			1.0
6217.1			1.0
6218.0			1.0
6218.9			1.0
6219.8			1.0
6220.700000000001			1.0
6221.6			1.0
6222.5			1.0
6223.4			1.0
6224.3			1.0
6225.200000000001			1.0
6226.1			1.0
6227.0			1.0
6227.9			1.0
6228.8			1.0
6229.700000000001			1.0
6230.6			1.0
6231.5			1.0
6232.4			1.0
6233.3			1.0
6234.200000000001			1.0
6235.1			1.0
6236.0			1.0
6236.9			1.0
6237.8			1.0
6238.700000000001			1.0
6239.6			1.0
6240.5			1.0
6241.4			1.0
6242.3			1.0
6243.200000000001			1.0
6244.1			1.0
6245.0			1.0
6245.9			1.0
6246.8			1.0
6247.700000000001			1.0
6248.6			1.0
6249.5			1.0
6250.4			1.0
6251.3			1.0
6252.200000000001			1.0
6253.1			1.0
6254.0			1.0
6254.9			1.0
6255.8			1.0
6256.700000000001			1.0
6257.6			1.0
6258.5			1.0
6259.4			1.0
6260.3			1.0
6261.200000000001			1.0
6262.1			1.0
6263.0			1.0
6263.9			1.0
6264.8			1.0
6265.700000000001			1.0
6266.6			1.0
6267.5			1.0
6268.4			1.0
6269.3			1.0
6270.200000000001			1.0
6271.1			1.0
6272.0			1.0
6272.9			1.0
6273.8			1.0
6274.700000000001			1.0
6275.6			1.0
6276.5			1.0
6277.4			1.0
6278.3			1.0
6279.200000000001			1.0
6280.1			1.0
6281.0			1.0
6281.9			1.0
6282.8			1.0
6283.700000000001			1.0
6284.6			1.0
6285.5			1.0
6286.4			1.0
6287.3			1.0
6288.200000000001			1.0
6289.1			1.0
6290.0			1.0
6290.9			1.0
6291.8			1.0
6292.700000000001			1.0
6293.6			1.0
6294.5			1.0
6295.4			1.0
6296.3			1.0
6297.200000000001			1.0
6298.1			1.0
6299.0			1.0
6299.9			1.0
6300.8			1.0
6301.700000000001			1.0
6302.6			1.0
6303.5			1.0
6304.4			1.0
6305.3			1.0
6306.200000000001			1.0
6307.1			1.0
6308.0			1.0
6308.9			1.0
6309.8			1.0
6310.700000000001			1.0
6311.6			1.0
6312.5			1.0
6313.4			1.0
6314.3			1.0
6315.200000000001			1.0
6316.1			1.0
6317.0			1.0
6317.9			1.0
6318.8			1.0
6319.700000000001			1.0
6320.6			1.0
6321.5			1.0
6322.4			1.0
6323.3			1.0
6324.200000000001			1.0
6325.1			1.0
6326.0			1.0
6326.9			1.0
6327.8			1.0
6328.700000000001			1.0
6329.6			1.0
6330.5			1.0
6331.4			1.0
6332.3			1.0
6333.200000000001			1.0
6334.1			1.0
6335.0			1.0
6335.9			1.0
6336.8			1.0
6337.700000000001			1.0
6338.6			1.0
6339.5			1.0
6340.4			1.0
6341.3			1.0
6342.200000000001			1.0
6343.1			1.0
6344.0			1.0
6344.9			1.0
6345.8			1.0
6346.700000000001			1.0
6347.6			1.0
6348.5			1.0
6349.4			1.0
6350.3			1.0
6351.200000000001			1.0
6352.1			1.0
6353.0			1.0
6353.9			1.0
6354.8			1.0
6355.700000000001			1.0
6356.6			1.0
6357.5			1.0
6358.4			1.0
6359.3			1.0
6360.200000000001			1.0
6361.1			1.0
6362.0			1.0
6362.9			1.0
6363.8			1.0
6364.700000000001			1.0
6365.6			1.0
6366.5			1.0
6367.4			1.0
6368.3			1.0
6369.200000000001			1.0
6370.1			1.0
6371.0			1.0
6371.9			1.0
6372.8			1.0
6373.700000000001			1.0
6374.6			1.0
6375.5			1.0
6376.4			1.0
6377.3			1.0
6378.200000000001			1.0
6379.1			1.0
6380.0			1.0
6380.9			1.0
6381.8			1.0
6382.700000000001			1.0
6383.6			1.0
6384.5			1.0
6385.4			1.0
6386.3			1.0
6387.200000000001			1.0
6388.1			1.0
6389.0			1.0
6389.9			1.0
6390.8			1.0
6391.700000000001			1.0
6392.6			1.0
6393.5			1.0
6394.4			1.0
6395.3			1.0
6396.200000000001			1.0
6397.1			1.0
6398.0			1.0
6398.9			1.0
6399.8			1.0
6400.700000000001			1.0
6401.6			1.0
6402.5			1.0
6403.4			1.0
6404.3			1.0
6405.200000000001			1.0
6406.1			1.0
6407.0			1.0
6407.9			1.0
6408.8			1.0
6409.700000000001			1.0
6410.6			1.0
6411.5			1.0
6412.4			1.0
6413.3			1.0
6414.200000000001			1.0
6415.1			1.0
6416.0			1.0
6416.9			1.0
6417.8			1.0
6418.700000000001			1.0
6419.6			1.0
6420.5			1.0
6421.4			1.0
6422.3			1.0
6423.200000000001			1.0
6424.1			1.0
6425.0			1.0
6425.9			1.0
6426.8			1.0
6427.700000000001			1.0
6428.6			1.0
6429.5			1.0
6430.4			1.0
6431.3			1.0
6432.200000000001			1.0
6433.1			1.0
6434.0			1.0
6434.9			1.0
6435.8			1.0
6436.700000000001			1.0
6437.6			1.0
6438.5			1.0
6439.4			1.0
6440.3			1.0
6441.200000000001			1.0
6442.1			1.0
6443.0			1.0
6443.9			1.0
6444.8			1.0
6445.700000000001			1.0
6446.6			1.0
6447.5			1.0
6448.4			1.0
6449.3			1.0
6450.200000000001			1.0
6451.1			1.0
6452.0			1.0
6452.9			1.0
6453.8			1.0
6454.700000000001			1.0
6455.6			1.0
6456.5			1.0
6457.4			1.0
6458.3			1.0
6459.200000000001			1.0
6460.1			1.0
6461.0			1.0
6461.9			1.0
6462.8			1.0
6463.700000000001			1.0
6464.6			1.0
6465.5			1.0
6466.4			1.0
6467.3			1.0
6468.200000000001			1.0
6469.1			1.0
6470.0			1.0
6470.9			1.0
6471.8			1.0
6472.700000000001			1.0
6473.6			1.0
6474.5			1.0
6475.4			1.0
6476.3			1.0
6477.200000000001			1.0
6478.1			1.0
6479.0			1.0
6479.9			1.0
6480.8			1.0
6481.700000000001			1.0
6482.6			1.0
6483.5			1.0
6484.4			1.0
6485.3			1.0
6486.200000000001			1.0
6487.1			1.0
6488.0			1.0
6488.9			1.0
6489.8			1.0
6490.700000000001			1.0
6491.6			1.0
6492.5			1.0
6493.4			1.0
6494.3			1.0
6495.200000000001			1.0
6496.1			1.0
6497.0			1.0
6497.9			1.0
6498.8			1.0
6499.700000000001			1.0
6500.6			1.0
6501.5			1.0
6502.4			1.0
6503.3			1.0
6504.200000000001			1.0
6505.1			1.0
6506.0			1.0
6506.9			1.0
6507.8			1.0
6508.700000000001			1.0
6509.6			1.0
6510.5			1.0
6511.4			1.0
6512.3			1.0
6513.200000000001			1.0
6514.1			1.0
6515.0			1.0
6515.9			1.0
6516.8			1.0
6517.700000000001			1.0
6518.6			1.0
6519.5			1.0
6520.4			1.0
6521.3			1.0
6522.200000000001			1.0
6523.1			1.0
6524.0			1.0
6524.9			1.0
6525.8			1.0
6526.700000000001			1.0
6527.6			1.0
6528.5			1.0
6529.4			1.0
6530.3			1.0
6531.200000000001			1.0
6532.1			1.0
6533.0			1.0
6533.9			1.0
6534.8			1.0
6535.700000000001			1.0
6536.6			1.0
6537.5			1.0
6538.4			1.0
6539.3			1.0
6540.200000000001			1.0
6541.1			1.0
6542.0			1.0
6542.9			1.0
6543.8			1.0
6544.700000000001			1.0
6545.6			1.0
6546.5			1.0
6547.4			1.0
6548.3			1.0
6549.200000000001			1.0
6550.1			1.0
6551.0			1.0
6551.9			1.0
6552.8			1.0
6553.700000000001			1.0
6554.6			0.9798994870463306
6555.5			0.9615826147785521
6556.4			0.9520034249212592
6557.3			0.9447234741977838
6558.200000000001			0.9267765195348651
6559.1			0.8909443047370026
6560.0			0.8325015732938831
6560.9			0.7296276476960077
6561.8			0.5775712868943185
6562.700000000001			0.4863802117501333
6563.6			0.5676777300976399
6564.5			0.7330003060941089
6565.4			0.8449041581546828
6566.3			0.900143138129209
6567.200000000001			0.931212626434765
6568.1			0.9415625732623022
6569.0			0.9481189903597789
6569.9			0.9725887625699632
6570.8			1.0006809927223774
6571.700000000001			1.0
6572.6			1.0
6573.5			1.0
6574.4			1.0
6575.3			1.0
6576.200000000001			1.0
6577.1			1.0
6578.0			1.0
6578.9			1.0
6579.8			1.0
6580.700000000001			1.0
6581.6			1.0
6582.5			1.0
6583.4			1.0
6584.3			1.0
6585.200000000001			1.0
6586.1			1.0
6587.0			1.0
6587.9			1.0
6588.8			1.0
6589.700000000001			1.0
6590.6			1.0
6591.5			1.0
6592.4			1.0
6593.3			1.0
6594.200000000001			1.0
6595.1			1.0
6596.0			1.0
6596.9			1.0
6597.8			1.0
6598.700000000001			1.0
6599.6			1.0
6600.5			1.0
6601.4			1.0
6602.3			1.0
6603.200000000001			1.0
6604.1			1.0
6605.0			1.0
6605.9			1.0
6606.8			1.0
6607.700000000001			1.0
6608.6			1.0
6609.5			1.0
6610.4			1.0
6611.3			1.0
6612.200000000001			1.0
6613.1			1.0
6614.0			1.0
6614.9			1.0
6615.8			1.0
6616.700000000001			1.0
6617.6			1.0
6618.5			1.0
6619.4			1.0
6620.3			1.0
6621.200000000001			1.0
6622.1			1.0
6623.0			1.0
6623.9			1.0
6624.8			1.0
6625.700000000001			1.0
6626.6			1.0
6627.5			1.0
6628.4			1.0
6629.3			1.0
6630.200000000001			1.0
6631.1			1.0
6632.0			1.0
6632.9			1.0
6633.8			1.0
6634.700000000001			1.0
6635.6			1.0
6636.5			1.0
6637.4			1.0
6638.3			1.0
6639.200000000001			1.0
6640.1			1.0
6641.0			1.0
6641.9			1.0
6642.8			1.0
6643.700000000001			1.0
6644.6			1.0
6645.5			1.0
6646.4			1.0
6647.3			1.0
6648.200000000001			1.0
6649.1			1.0
6650.0			1.0
6650.9			1.0
6651.8			1.0
6652.700000000001			1.0
6653.6			1.0
6654.5			1.0
6655.4			1.0
6656.3			1.0
6657.200000000001			1.0
6658.1			1.0
6659.0			1.0
6659.9			1.0
6660.8			1.0
6661.700000000001			1.0
6662.6			1.0
6663.5			1.0
6664.4			1.0
6665.3			1.0
6666.200000000001			1.0
6667.1			1.0
6668.0			1.0
6668.9			1.0
6669.8			1.0
6670.700000000001			1.0
6671.6			1.0
6672.5			1.0
6673.4			1.0
6674.3			1.0
6675.200000000001			1.0
6676.1			1.0
6677.0			1.0
6677.9			1.0
6678.8			1.0
6679.700000000001			1.0
6680.6			1.0
6681.5			1.0
6682.4			1.0
6683.3			1.0
6684.200000000001			1.0
6685.1			1.0
6686.0			1.0
6686.9			1.0
6687.8			1.0
6688.700000000001			1.0
6689.6			1.0
6690.5			1.0
6691.4			1.0
6692.3			1.0
6693.200000000001			1.0
6694.1			1.0
6695.0			1.0
6695.9			1.0
6696.8			1.0
6697.700000000001			1.0
6698.6			1.0
6699.5			1.0
6700.4			1.0
6701.3			1.0
6702.200000000001			1.0
6703.1			1.0
6704.0			1.0
6704.9			1.0
6705.8			1.0
6706.700000000001			1.0
6707.6			1.0
6708.5			1.0
6709.4			1.0
6710.3			1.0
6711.200000000001			1.0
6712.1			1.0
6713.0			1.0
6713.9			1.0
6714.8			1.0
6715.700000000001			1.0
6716.6			1.0
6717.5			1.0
6718.4			1.0
6719.3			1.0
6720.200000000001			1.0
6721.1			1.0
6722.0			1.0
6722.9			1.0
6723.8			1.0
6724.700000000001			1.0
6725.6			1.0
6726.5			1.0
6727.4			1.0
6728.3			1.0
6729.200000000001			1.0
6730.1			1.0
6731.0			1.0
6731.9			1.0
6732.8			1.0
6733.700000000001			1.0
6734.6			1.0
6735.5			1.0
6736.4			1.0
6737.3			1.0
6738.200000000001			1.0
6739.1			1.0
6740.0			1.0
6740.9			1.0
6741.8			1.0
6742.700000000001			1.0
6743.6			1.0
6744.5			1.0
6745.4			1.0
6746.3			1.0
6747.200000000001			1.0
6748.1			1.0
6749.0			1.0
6749.9			1.0
6750.8			1.0
6751.700000000001			1.0
6752.6			1.0
6753.5			1.0
6754.4			1.0
6755.3			1.0
6756.200000000001			1.0
6757.1			1.0
6758.0			1.0
6758.9			1.0
6759.8			1.0
6760.700000000001			1.0
6761.6			1.0
6762.5			1.0
6763.4			1.0
6764.3			1.0
6765.200000000001			1.0
6766.1			1.0
6767.0			1.0
6767.9			1.0
6768.8			1.0
6769.700000000001			1.0
6770.6			1.0
6771.5			1.0
6772.4			1.0
6773.3			1.0
6774.200000000001			1.0
6775.1			1.0
6776.0			1.0
6776.9			1.0
6777.8			1.0
6778.700000000001			1.0
6779.6			1.0
6780.5			1.0
6781.4			1.0
6782.3			1.0
6783.200000000001			1.0
6784.1			1.0
6785.0			1.0
6785.9			1.0
6786.8			1.0
6787.700000000001			1.0
6788.6			1.0
6789.5			1.0
6790.4			1.0
6791.3			1.0
6792.200000000001			1.0
6793.1			1.0
6794.0			1.0
6794.9			1.0
6795.8			1.0
6796.700000000001			1.0
6797.6			1.0
6798.5			1.0
6799.4			1.0
6800.3			1.0
6801.200000000001			1.0
6802.1			1.0
6803.0			1.0
6803.9			1.0
6804.8			1.0
6805.700000000001			1.0
6806.6			1.0
6807.5			1.0
6808.4			1.0
6809.3			1.0
6810.200000000001			1.0
6811.1			1.0
6812.0			1.0
6812.9			1.0
6813.8			1.0
6814.700000000001			1.0
6815.6			1.0
6816.5			1.0
6817.4			1.0
6818.3			1.0
6819.200000000001			1.0
6820.1			1.0
6821.0			1.0
6821.9			1.0
6822.8			1.0
6823.700000000001			1.0
6824.6			1.0
6825.5			1.0
6826.4			1.0
6827.3			1.0
6828.200000000001			1.0
6829.1			1.0
6830.0			1.0
6830.9			1.0
6831.8			1.0
6832.700000000001			1.0
6833.6			1.0
6834.5			1.0
6835.4			1.0
6836.3			1.0
6837.200000000001			1.0
6838.1			1.0
6839.0			1.0
6839.9			1.0
6840.8			1.0
6841.700000000001			1.0
6842.6			1.0
6843.5			1.0
6844.4			1.0
6845.3			1.0
6846.200000000001			1.0
6847.1			1.0
6848.0			1.0
6848.9			1.0
6849.8			1.0
6850.700000000001			1.0
6851.6			1.0
6852.5			1.0
6853.4			1.0
6854.3			1.0
6855.200000000001			1.0
6856.1			1.0
6857.0			1.0
6857.9			1.0
6858.8			1.0
6859.700000000001			1.0
6860.6			1.0
6861.5			1.0
6862.4			1.0
6863.3			1.0
6864.200000000001			1.0
6865.1			1.0
6866.0			1.0
6866.9			1.0
6867.8			1.0
6868.700000000001			1.0
6869.6			1.0
6870.5			1.0
6871.4			1.0
6872.3			1.0
6873.200000000001			1.0
6874.1			1.0
6875.0			1.0
6875.9			1.0
6876.8			1.0
6877.700000000001			1.0
6878.6			1.0
6879.5			1.0
6880.4			1.0
6881.3			1.0
6882.200000000001			1.0
6883.1			1.0
6884.0			1.0
6884.9			1.0
6885.8			1.0
6886.700000000001			1.0
6887.6			1.0
6888.5			1.0
6889.4			1.0
6890.3			1.0
6891.200000000001			1.0
6892.1			1.0
6893.0			1.0
6893.9			1.0
6894.8			1.0
6895.700000000001			1.0
6896.6			1.0
6897.5			1.0
6898.4			1.0
6899.3			1.0
6900.200000000001			1.0
6901.1			1.0
6902.0			1.0
6902.9			1.0
6903.8			1.0
6904.700000000001			1.0
6905.6			1.0
6906.5			1.0
6907.4			1.0
6908.3			1.0
6909.200000000001			1.0
6910.1			1.0
6911.0			1.0
6911.9			1.0
6912.8			1.0
6913.700000000001			1.0
6914.6			1.0
6915.5			1.0
6916.4			1.0
6917.3			1.0
6918.200000000001			1.0
6919.1			1.0
6920.0			1.0
6920.9			1.0
6921.8			1.0
6922.700000000001			1.0
6923.6			1.0
6924.5			1.0
6925.4			1.0
6926.3			1.0
6927.200000000001			1.0
6928.1			1.0
6929.0			1.0
6929.9			1.0
6930.8			1.0
6931.700000000001			1.0
6932.6			1.0
6933.5			1.0
6934.4			1.0
6935.3			1.0
6936.200000000001			1.0
6937.1			1.0
6938.0			1.0
6938.9			1.0
6939.8			1.0
6940.700000000001			1.0
6941.6			1.0
6942.5			1.0
6943.4			1.0
6944.3			1.0
6945.200000000001			1.0
6946.1			1.0
6947.0			1.0
6947.9			1.0
6948.8			1.0
6949.700000000001			1.0
6950.6			1.0
6951.5			1.0
6952.4			1.0
6953.3			1.0
6954.200000000001			1.0
6955.1			1.0
6956.0			1.0
6956.9			1.0
6957.8			1.0
6958.700000000001			1.0
6959.6			1.0
6960.5			1.0
6961.4			1.0
6962.3			1.0
6963.200000000001			1.0
6964.1			1.0
6965.0			1.0
6965.9			1.0
6966.8			1.0
6967.700000000001			1.0
6968.6			1.0
6969.5			1.0
6970.4			1.0
6971.3			1.0
6972.200000000001			1.0
6973.1			1.0
6974.0			1.0
6974.9			1.0
6975.8			1.0
6976.700000000001			1.0
6977.6			1.0
6978.5			1.0
6979.4			1.0
6980.3			1.0
6981.200000000001			1.0
6982.1			1.0
6983.0			1.0
6983.9			1.0
6984.8			1.0
6985.700000000001			1.0
6986.6			1.0
6987.5			1.0
6988.4			1.0
6989.3			1.0
6990.200000000001			1.0
6991.1			1.0
6992.0			1.0
6992.9			1.0
6993.8			1.0
6994.700000000001			1.0
6995.6			1.0
6996.5			1.0
6997.4			1.0
6998.3			1.0
6999.200000000001			1.0
7000.1			1.0
7001.0			1.0
7001.9			1.0
7002.8			1.0
7003.700000000001			1.0
7004.6			1.0
7005.5			1.0
7006.4			1.0
7007.3			1.0
7008.200000000001			1.0
7009.1			1.0
7010.0			1.0
7010.9			1.0
7011.8			1.0
7012.700000000001			1.0
7013.6			1.0
7014.5			1.0
7015.4			1.0
7016.3			1.0
7017.200000000001			1.0
7018.1			1.0
7019.0			1.0
7019.9			1.0
7020.8			1.0
7021.700000000001			1.0
7022.6			1.0
7023.5			1.0
7024.4			1.0
7025.3			1.0
7026.200000000001			1.0
7027.1			1.0
7028.0			1.0
7028.9			1.0
7029.8			1.0
7030.700000000001			1.0
7031.6			1.0
7032.5			1.0
7033.4			1.0
7034.3			1.0
7035.200000000001			1.0
7036.1			1.0
7037.0			1.0
7037.9			1.0
7038.8			1.0
7039.700000000001			1.0
7040.6			1.0
7041.5			1.0
7042.4			1.0
7043.3			1.0
7044.200000000001			1.0
7045.1			1.0
7046.0			1.0
7046.9			1.0
7047.8			1.0
7048.700000000001			1.0
7049.6			1.0
7050.5			1.0
7051.4			1.0
7052.3			1.0
7053.200000000001			1.0
7054.1			1.0
7055.0			1.0
7055.9			1.0
7056.8			1.0
7057.700000000001			1.0
7058.6			1.0
7059.5			1.0
7060.4			1.0
7061.3			1.0
7062.200000000001			1.0
7063.1			1.0
7064.0			1.0
7064.9			1.0
7065.8			1.0
7066.700000000001			1.0
7067.6			1.0
7068.5			1.0
7069.4			1.0
7070.3			1.0
7071.200000000001			1.0
7072.1			1.0
7073.0			1.0
7073.9			1.0
7074.8			1.0
7075.700000000001			1.0
7076.6			1.0
7077.5			1.0
7078.4			1.0
7079.3			1.0
7080.200000000001			1.0
7081.1			1.0
7082.0			1.0
7082.9			1.0
7083.8			1.0
7084.700000000001			1.0
7085.6			1.0
7086.5			1.0
7087.4			1.0
7088.3			1.0
7089.200000000001			1.0
7090.1			1.0
7091.0			1.0
7091.9			1.0
7092.8			1.0
7093.700000000001			1.0
7094.6			1.0
7095.5			1.0
7096.4			1.0
7097.3			1.0
7098.200000000001			1.0
7099.1			1.0
7100.0			1.0
7100.9			1.0
7101.8			1.0
7102.700000000001			1.0
7103.6			1.0
7104.5			1.0
7105.4			1.0
7106.3			1.0
7107.200000000001			1.0
7108.1			1.0
7109.0			1.0
7109.9			1.0
7110.8			1.0
7111.700000000001			1.0
7112.6			1.0
7113.5			1.0
7114.4			1.0
7115.3			1.0
7116.200000000001			1.0
7117.1			1.0
7118.0			1.0
7118.9			1.0
7119.8			1.0
7120.700000000001			1.0
7121.6			1.0
7122.5			1.0
7123.4			1.0
7124.3			1.0
7125.200000000001			1.0
7126.1			1.0
7127.0			1.0
7127.9			1.0
7128.8			1.0
7129.700000000001			1.0
7130.6			1.0
7131.5			1.0
7132.4			1.0
7133.3			1.0
7134.200000000001			1.0
7135.1			1.0
7136.0			1.0
7136.9			1.0
7137.8			1.0
7138.700000000001			1.0
7139.6			1.0
7140.5			1.0
7141.4			1.0
7142.3			1.0
7143.200000000001			1.0
7144.1			1.0
7145.0			1.0
7145.9			1.0
7146.8			1.0
7147.700000000001			1.0
7148.6			1.0
7149.5			1.0
7150.4			1.0
7151.3			1.0
7152.200000000001			1.0
7153.1			1.0
7154.0			1.0
7154.9			1.0
7155.8			1.0
7156.700000000001			1.0
7157.6			1.0
7158.5			1.0
7159.4			1.0
7160.3			1.0
7161.200000000001			1.0
7162.1			1.0
7163.0			1.0
7163.9			1.0
7164.8			1.0
7165.700000000001			1.0
7166.6			1.0
7167.5			1.0
7168.4			1.0
7169.3			1.0
7170.200000000001			1.0
7171.1			1.0
7172.0			1.0
7172.9			1.0
7173.8			1.0
7174.700000000001			1.0
7175.6			1.0
7176.5			1.0
7177.4			1.0
7178.3			1.0
7179.200000000001			1.0
7180.1			1.0
7181.0			1.0
7181.9			1.0
7182.8			1.0
7183.700000000001			1.0
7184.6			1.0
7185.5			1.0
7186.4			1.0
7187.3			1.0
7188.200000000001			1.0
7189.1			1.0
7190.0			1.0
7190.9			1.0
7191.8			1.0
7192.700000000001			1.0
7193.6			1.0
7194.5			1.0
7195.4			1.0
7196.3			1.0
7197.200000000001			1.0
7198.1			1.0
7199.0			1.0
7199.9			1.0
7200.8			1.0
7201.700000000001			1.0
7202.6			1.0
7203.5			1.0
7204.4			1.0
7205.3			1.0
7206.200000000001			1.0
7207.1			1.0
7208.0			1.0
7208.9			1.0
7209.8			1.0
7210.700000000001			1.0
7211.6			1.0
7212.5			1.0
7213.4			1.0
7214.3			1.0
7215.200000000001			1.0
7216.1			1.0
7217.0			1.0
7217.9			1.0
7218.8			1.0
7219.700000000001			1.0
7220.6			1.0
7221.5			1.0
7222.4			1.0
7223.3			1.0
7224.200000000001			1.0
7225.1			1.0
7226.0			1.0
7226.9			1.0
7227.8			1.0
7228.700000000001			1.0
7229.6			1.0
7230.5			1.0
7231.4			1.0
7232.3			1.0
7233.200000000001			1.0
7234.1			1.0
7235.0			1.0
7235.9			1.0
7236.8			1.0
7237.700000000001			1.0
7238.6			1.0
7239.5			1.0
7240.4			1.0
7241.3			1.0
7242.200000000001			1.0
7243.1			1.0
7244.0			1.0
7244.9			1.0
7245.8			1.0
7246.700000000001			1.0
7247.6			1.0
7248.5			1.0
7249.4			1.0
7250.3			1.0
7251.200000000001			1.0
7252.1			1.0
7253.0			1.0
7253.9			1.0
7254.8			1.0
7255.700000000001			1.0
7256.6			1.0
7257.5			1.0
7258.4			1.0
7259.3			1.0
7260.200000000001			1.0
7261.1			1.0
7262.0			1.0
7262.9			1.0
7263.8			1.0
7264.700000000001			1.0
7265.6			1.0
7266.5			1.0
7267.4			1.0
7268.3			1.0
7269.200000000001			1.0
7270.1			1.0
7271.0			1.0
7271.9			1.0
7272.8			1.0
7273.700000000001			1.0
7274.6			1.0
7275.5			1.0
7276.4			1.0
7277.3			1.0
7278.200000000001			1.0
7279.1			1.0
7280.0			1.0
7280.9			1.0
7281.8			1.0
7282.700000000001			1.0
7283.6			1.0
7284.5			1.0
7285.4			1.0
7286.3			1.0
7287.200000000001			1.0
7288.1			1.0
7289.0			1.0
7289.9			1.0
7290.8			1.0
7291.700000000001			1.0
7292.6			1.0
7293.5			1.0
7294.4			1.0
7295.3			1.0
7296.200000000001			1.0
7297.1			1.0
7298.0			1.0
7298.9			1.0
7299.8			1.0
7300.700000000001			1.0
7301.6			1.0
7302.5			1.0
7303.4			1.0
7304.3			1.0
7305.200000000001			1.0
7306.1			1.0
7307.0			1.0
7307.9			1.0
7308.8			1.0
7309.700000000001			1.0
7310.6			1.0
7311.5			1.0
7312.4			1.0
7313.3			1.0
7314.200000000001			1.0
7315.1			1.0
7316.0			1.0
7316.9			1.0
7317.8			1.0
7318.700000000001			1.0
7319.6			1.0
7320.5			1.0
7321.4			1.0
7322.3			1.0
7323.200000000001			1.0
7324.1			1.0
7325.0			1.0
7325.9			1.0
7326.8			1.0
7327.700000000001			1.0
7328.6			1.0
7329.5			1.0
7330.4			1.0
7331.3			1.0
7332.200000000001			1.0
7333.1			1.0
7334.0			1.0
7334.9			1.0
7335.8			1.0
7336.700000000001			1.0
7337.6			1.0
7338.5			1.000895921770466
7339.4			1.0061534067087772
7340.3			1.0152945267066082
7341.200000000001			1.0205566635632102
7342.1			1.025311138166722
7343.0			1.0349634861286512
7343.9			1.0467693050214646
7344.8			1.05892779337363
7345.700000000001			1.0736986886310986
7346.6			1.089063953521226
7347.5			1.1094057088744809
7348.4			1.1312367346340408
7349.3			1.1386699345361218
7350.200000000001			1.1257657022346936
7351.1			1.113441620034325
7352.0			1.1255713496863498
7352.9			1.1521731446146406
7353.8			1.173043384765137
7354.700000000001			1.1795419390887998
7355.6			1.1845901745414098
7356.5			1.2063980110375914
7357.4			1.2370823948125738
7358.3			1.2660864337168665
7359.200000000001			1.2888833381210454
7360.1			1.2923740979072518
7361.0			1.2821912093816499
7361.9			1.278295077035088
7362.8			1.294038035479539
7363.700000000001			1.3164543574595229
7364.6			1.3337407227543485
7365.5			1.3465558359487844
7366.4			1.3579377428275563
7367.3			1.3728155191598668
7368.200000000001			1.3927452948743857
7369.1			1.4132814707065107
7370.0			1.4293281846226618
7370.9			1.4359417631243947
7371.8			1.4379240199074663
7372.700000000001			1.4410062870903346
7373.6			1.4517464632426225
7374.5			1.4677549646958878
7375.4			1.4848076837556077
7376.3			1.512230828114352
7377.200000000001			1.5433440607597162
7378.1			1.577078045915599
7379.0			1.6161373477793792
7379.9			1.6452894899016837
7380.8			1.6507848229986712
7381.700000000001			1.6457568776673417
7382.6			1.6622179664206154
7383.5			1.7008068639402933
7384.4			1.7138911028230879
7385.3			1.6883714160241667
7386.200000000001			1.672537401105301
7387.1			1.6961446623464553
7388.0			1.7357398322331448
7388.9			1.779264762463922
7389.8			1.8514872620340324
7390.700000000001			1.9439533100382809
7391.6			2.000479335166629
7392.5			2.0101596917456117
7393.4			2.026731104577693
7394.3			2.0835758359351355
7395.200000000001			2.164518300336039
7396.1			2.238979982112347
7397.0			2.3110485163802417
7397.9			2.379468831596409
7398.8			2.429713127869986
7399.700000000001			2.47198548511381
7400.6			2.5406037541487905
7401.5			2.644290118152211
7402.4			2.752387987924638
7403.3			2.8340184485138233
7404.200000000001			2.8874931982141545
7405.1			2.953155189122984
7406.0			3.075554959278961
7406.9			1.0
7407.8			1.1125315644322888
7408.700000000001			1.2568561165977354
7409.6			1.485250546867299
7410.5			1.8425476842594695
7411.4			2.5504226252221947
7412.3			1.7789677481267594
7413.200000000001			8.59786046449323e-05
7414.1			0.00021844828609725984
7415.0			-0.00040398889669795247
7415.9			7.570125262488036e-05
7416.8			7.921212295033204e-05
7417.700000000001			8.306448503824617e-05
7418.6			8.731070967260579e-05
7419.5			9.201445325125699e-05
7420.4			9.725387087048589e-05
7421.3			0.00010312599343276063
7422.200000000001			0.00010975279237242477
7423.1			0.00011728974324480531
7424.0			0.00012593817796585432
7424.9			0.0001359635368815876
7425.8			0.00014772309262236393
7426.700000000001			0.00016170942322092283
7427.6			0.00017862116401563054
7428.5			0.00019948334064487797
7429.4			1.0
