3500.0			1.0
3500.9			1.0
3501.8			1.0
3502.7			1.0
3503.6			1.0
3504.5			1.0
3505.4			1.0
3506.3			1.0
3507.2			1.0
3508.1			1.0
3509.0			1.0
3509.9			1.0
3510.8			1.0
3511.7			1.0
3512.6			1.0
3513.5			1.0
3514.4			1.0
3515.3			1.0
3516.2			1.0
3517.1			1.0
3518.0			1.0
3518.9			1.0
3519.8			1.0
3520.7			1.0
3521.6			1.0
3522.5			1.0
3523.4			1.0
3524.3			1.0
3525.2			1.0
3526.1			1.0
3527.0			1.0
3527.9			1.0
3528.8			1.0
3529.7			1.0
3530.6			1.0
3531.5			1.0
3532.4			1.0
3533.3			1.0
3534.2			1.0
3535.1			1.0
3536.0			1.0
3536.9			1.0
3537.8			1.0
3538.7			1.0
3539.6			1.0
3540.5			1.0
3541.4			1.0
3542.3			1.0
3543.2			1.0
3544.1			1.0
3545.0			1.0
3545.9			1.0
3546.8			1.0
3547.7			1.0
3548.6			1.0
3549.5			1.0
3550.4			1.0
3551.3			1.0
3552.2			1.0
3553.1			1.0
3554.0			1.0
3554.9			1.0
3555.8			1.0
3556.7			1.0
3557.6			1.0
3558.5			1.0
3559.4			1.0
3560.3			1.0
3561.2			1.0
3562.1			1.0
3563.0			1.0
3563.9			1.0
3564.8			1.0
3565.7			1.0
3566.6			1.0
3567.5			1.0
3568.4			1.0
3569.3			1.0
3570.2			1.0
3571.1			1.0
3572.0			1.0
3572.9			1.0
3573.8			1.0
3574.7			1.0
3575.6			1.0
3576.5			1.0
3577.4			1.0
3578.3			1.0
3579.2			1.0
3580.1			1.0
3581.0			1.0
3581.9			1.0
3582.8			1.0
3583.7			1.0
3584.6			1.0
3585.5			1.0
3586.4			1.0
3587.3			1.0
3588.2			1.0
3589.1			1.0
3590.0			1.0
3590.9			1.0
3591.8			1.0
3592.7			1.0
3593.6			1.0
3594.5			1.0
3595.4			1.0
3596.3			1.0
3597.2			1.0
3598.1			1.0
3599.0			1.0
3599.9			1.0
3600.8			1.0
3601.7			1.0
3602.6			1.0
3603.5			1.0
3604.4			1.0
3605.3			1.0
3606.2			1.0
3607.1			1.0
3608.0			1.0
3608.9			1.0
3609.8			1.0
3610.7			1.0
3611.6			1.0
3612.5			1.0
3613.4			1.0
3614.3			1.0
3615.2			1.0
3616.1			1.0
3617.0			1.0
3617.9			1.0
3618.8			1.0
3619.7			1.0
3620.6			1.0
3621.5			1.0
3622.4			1.0
3623.3			1.0
3624.2			1.0
3625.1			1.0
3626.0			1.0
3626.9			1.0
3627.8			1.0
3628.7			1.0
3629.6			1.0
3630.5			1.0
3631.4			1.0
3632.3			1.0
3633.2			1.0
3634.1			1.0
3635.0			1.0
3635.9			1.0
3636.8			1.0
3637.7			1.0
3638.6			1.0
3639.5			1.0
3640.4			1.0
3641.3			1.0
3642.2			1.0
3643.1			1.0
3644.0			1.0
3644.9			1.0
3645.8			1.0
3646.7			1.0
3647.6			1.0
3648.5			1.0
3649.4			1.0
3650.3			1.0
3651.2			1.0
3652.1			1.0
3653.0			1.0
3653.9			1.0
3654.8			1.0
3655.7			1.0
3656.6			1.0
3657.5			1.0
3658.4			1.0
3659.3			1.0
3660.2			1.0
3661.1			1.0
3662.0			1.0
3662.9			1.0
3663.8			1.0
3664.7			1.0
3665.6			1.0
3666.5			1.0
3667.4			1.0
3668.3			1.0
3669.2			1.0
3670.1			1.0
3671.0			1.0
3671.9			1.0
3672.8			1.0
3673.7			1.0
3674.6			1.0
3675.5			1.0
3676.4			1.0
3677.3			1.0
3678.2			1.0
3679.1			1.0
3680.0			1.0
3680.9			1.0
3681.8			1.0
3682.7			1.0
3683.6			1.0
3684.5			1.0
3685.4			1.0
3686.3			1.0
3687.2			1.0
3688.1			1.0
3689.0			1.0
3689.9			1.0
3690.8			1.0
3691.7			1.0
3692.6			1.0
3693.5			1.0
3694.4			1.0
3695.3			1.0
3696.2			1.0
3697.1			1.0
3698.0			1.0
3698.9			1.0
3699.8			1.0
3700.7			1.0
3701.6			1.0
3702.5			1.0
3703.4			1.0
3704.3			1.0
3705.2			1.0
3706.1			1.0
3707.0			1.0
3707.9			1.0
3708.8			1.0
3709.7			1.0
3710.6			1.0
3711.5			1.0
3712.4			1.0
3713.3			1.0
3714.2			1.0
3715.1			1.0
3716.0			1.0
3716.9			1.0
3717.8			1.0
3718.7			1.0
3719.6			1.0
3720.5			1.0
3721.4			1.0
3722.3			1.0
3723.2			1.0
3724.1			1.0
3725.0			1.0
3725.9			1.0
3726.8			1.0
3727.7			1.0
3728.6			1.0
3729.5			1.0
3730.4			1.0
3731.3			1.0
3732.2			1.0
3733.1			1.0
3734.0			1.0
3734.9			1.0
3735.8			1.0
3736.7			1.0
3737.6			1.0
3738.5			1.0
3739.4			1.0
3740.3			1.0
3741.2			1.0
3742.1			1.0
3743.0			1.0
3743.9			1.0
3744.8			1.0
3745.7			1.0
3746.6			1.0
3747.5			1.0
3748.4			1.0
3749.3			1.0
3750.2			1.0
3751.1			1.0
3752.0			1.0
3752.9			1.0
3753.8			1.0
3754.7			1.0
3755.6			1.0
3756.5			1.0
3757.4			1.0
3758.3			1.0
3759.2			1.0
3760.1			1.0
3761.0			1.0
3761.9			1.0
3762.8			1.0
3763.7			1.0
3764.6			1.0
3765.5			1.0
3766.4			1.0
3767.3			1.0
3768.2			1.0
3769.1			1.0
3770.0			1.0
3770.9			1.0
3771.8			1.0
3772.7			1.0
3773.6			1.0
3774.5			1.0
3775.4			1.0
3776.3			1.0
3777.2			1.0
3778.1			1.0
3779.0			1.0
3779.9			1.0
3780.8			1.0
3781.7			1.0
3782.6			1.0
3783.5			1.0
3784.4			1.0
3785.3			1.0
3786.2			1.0
3787.1			1.0
3788.0			1.0
3788.9			1.0
3789.8			1.0
3790.7			1.0
3791.6			1.0
3792.5			1.0
3793.4			1.0
3794.3			1.0
3795.2			1.0
3796.1			1.0
3797.0			1.0
3797.9			1.0
3798.8			1.0
3799.7			1.0
3800.6			1.0
3801.5			1.0
3802.4			1.0
3803.3			1.0
3804.2			1.0
3805.1			1.0
3806.0			1.0
3806.9			1.0
3807.8			1.0
3808.7			1.0
3809.6			1.0
3810.5			1.0
3811.4			1.0
3812.3			1.0
3813.2			1.0
3814.1			1.0
3815.0			1.0
3815.9			1.0
3816.8			1.0
3817.7			1.0
3818.6			1.0
3819.5			1.0
3820.4			1.0
3821.3			1.0
3822.2			1.0
3823.1			1.0
3824.0			1.0
3824.9			1.0
3825.8			1.0
3826.7			1.0
3827.6			1.0
3828.5			1.0
3829.4			1.0
3830.3			1.0
3831.2			1.0
3832.1			1.0
3833.0			1.0
3833.9			1.0
3834.8			1.0
3835.7			1.0
3836.6			1.0
3837.5			1.0
3838.4			1.0
3839.3			1.0
3840.2			1.0
3841.1			1.0
3842.0			1.0
3842.9			1.0
3843.8			1.0
3844.7			1.0
3845.6			1.0
3846.5			1.0
3847.4			1.0
3848.3			1.0
3849.2			1.0
3850.1			1.0
3851.0			1.0
3851.9			1.0
3852.8			1.0
3853.7			1.0
3854.6			1.0
3855.5			1.0
3856.4			1.0
3857.3			1.0
3858.2			1.0
3859.1			1.0
3860.0			1.0
3860.9			1.0
3861.8			1.0
3862.7			1.0
3863.6			1.0
3864.5			1.0
3865.4			1.0
3866.3			1.0
3867.2			1.0
3868.1			1.0
3869.0			1.0
3869.9			1.0
3870.8			1.0
3871.7			1.0
3872.6			1.0
3873.5			1.0
3874.4			1.0
3875.3			1.0
3876.2			1.0
3877.1			1.0
3878.0			1.0
3878.9			1.0
3879.8			1.0
3880.7			1.0
3881.6			1.0
3882.5			1.0
3883.4			1.0
3884.3			1.0
3885.2			1.0
3886.1			1.0
3887.0			1.0
3887.9			1.0
3888.8			1.0
3889.7			1.0
3890.6			1.0
3891.5			1.0
3892.4			1.0
3893.3			1.0
3894.2			1.0
3895.1			1.0
3896.0			1.0
3896.9			1.0
3897.8			1.0
3898.7			1.0
3899.6			1.0
3900.5			1.0
3901.4			1.0
3902.3			1.0
3903.2			1.0
3904.1			1.0
3905.0			1.0
3905.9			1.0
3906.8			1.0
3907.7			1.0
3908.6			1.0
3909.5			1.0
3910.4			1.0
3911.3			1.0
3912.2			1.0
3913.1			1.0
3914.0			1.0
3914.9			1.0
3915.8			1.0
3916.7			1.0
3917.6			1.0
3918.5			1.0
3919.4			1.0
3920.3			1.0
3921.2			1.0
3922.1			1.0
3923.0			1.0
3923.9			1.0
3924.8			1.0
3925.7			1.0
3926.6			1.0
3927.5			1.0
3928.4			1.0
3929.3			1.0
3930.2			1.0
3931.1			1.0
3932.0			1.0
3932.9			1.0
3933.8			1.0
3934.7			1.0
3935.6			1.0
3936.5			1.0
3937.4			1.0
3938.3			1.0
3939.2			1.0
3940.1			1.0
3941.0			1.0
3941.9			1.0
3942.8			1.0
3943.7			1.0
3944.6			1.0
3945.5			1.0
3946.4			1.0
3947.3			1.0
3948.2			1.0
3949.1			1.0
3950.0			1.0
3950.9			1.0
3951.8			1.0
3952.7			1.0
3953.6			1.0
3954.5			1.0
3955.4			1.0
3956.3			1.0
3957.2			1.0
3958.1			1.0
3959.0			1.0
3959.9			1.0
3960.8			1.0
3961.7			1.0
3962.6			1.0
3963.5			1.0
3964.4			1.0
3965.3			1.0
3966.2			1.0
3967.1			1.0
3968.0			1.0
3968.9			1.0
3969.8			1.0
3970.7			1.0
3971.6			1.0
3972.5			1.0
3973.4			1.0
3974.3			1.0
3975.2			1.0
3976.1			1.0
3977.0			1.0
3977.9			1.0
3978.8			1.0
3979.7			1.0
3980.6			1.0
3981.5			1.0
3982.4			1.0
3983.3			1.0
3984.2			1.0
3985.1			1.0
3986.0			1.0
3986.9			1.0
3987.8			1.0
3988.7			1.0
3989.6			1.0
3990.5			1.0
3991.4			1.0
3992.3			1.0
3993.2			1.0
3994.1			1.0
3995.0			1.0
3995.9			1.0
3996.8			1.0
3997.7			1.0
3998.6			1.0
3999.5			1.0
4000.4			1.0
4001.3			1.0
4002.2			1.0
4003.1			1.0
4004.0			1.0
4004.9			1.0
4005.8			1.0
4006.7			1.0
4007.6			1.0
4008.5			1.0
4009.4			1.0
4010.3			1.0
4011.2			1.0
4012.1			1.0
4013.0			1.0
4013.9			1.0
4014.8			1.0
4015.7			1.0
4016.6			1.0
4017.5			1.0
4018.4			1.0
4019.3			1.0
4020.2			1.0
4021.1			1.0
4022.0			1.0
4022.9			1.0
4023.8			1.0
4024.7			1.0
4025.6			1.0574814101929688
4026.5			1.1165746494745963
4027.4			1.1410373004195273
4028.3			1.1373465801198572
4029.2			1.0669750277175085
4030.1			0.9227722823158243
4031.0			0.8065243789276574
4031.9			0.7793488618843898
4032.8			0.7997638261517076
4033.7			0.8328479454765971
4034.6			0.8719463525803038
4035.5			0.9134567713258408
4036.4			0.9556275523211346
4037.3			0.9883211989315884
4038.2			0.9888591840515419
4039.1			1.0
4040.0			1.0
4040.9			0.9591937254250177
4041.8			0.9829372678709957
4042.7			0.9985821919218704
4043.6			0.9184388949476064
4044.5			0.7632248880745325
4045.4			0.6662658924775516
4046.3			0.7413772941029387
4047.2			0.9097910609876465
4048.1			1.004592535657978
4049.0			1.0071182086818897
4049.9			0.9991736133230039
4050.8			1.0
4051.7			1.0
4052.6			1.0
4053.5			1.0
4054.4			1.0
4055.3			1.0
4056.2			1.0
4057.1			1.0
4058.0			0.9785992082800866
4058.9			0.9997844625578725
4059.8			1.0529570886718673
4060.7			1.0878744666982447
4061.6			1.0348627048954615
4062.5			0.8808108531516935
4063.4			0.7543167847891461
4064.3			0.7834849217360327
4065.2			0.8834257376942962
4066.1			0.9067233855504959
4067.0			0.8902873781254771
4067.9			0.9279354231123402
4068.8			1.0023277234363022
4069.7			1.0
4070.6			1.0
4071.5			0.8980773100020009
4072.4			0.9088537674172097
4073.3			0.9779713391785066
4074.2			0.9884831405909004
4075.1			0.9207121048611915
4076.0			0.8135345291689597
4076.9			0.733390196432079
4077.8			0.744327739474383
4078.7			0.8307247083274987
4079.6			0.9280350438709706
4080.5			1.0043428361789388
4081.4			1.0353514424887402
4082.3			0.9968717710493181
4083.2			1.0
4084.1			1.0
4085.0			1.0
4085.9			1.0
4086.8			1.0
4087.7			1.0
4088.6			1.0
4089.5			1.0
4090.4			1.0
4091.3			1.0
4092.2			0.9895900895839617
4093.1			1.0294355652766163
4094.0			1.0622787134242353
4094.9			1.0069185232729398
4095.8			0.9192270337793341
4096.7			0.907259241978742
4097.6			0.9560435939172318
4098.5			0.9833576147696207
4099.4			0.9460807837686867
4100.3			0.8290747164394738
4101.2			0.7199065377763952
4102.1			0.7490027499708803
4103.0			0.8764301697752656
4103.9			0.9811111590555521
4104.8			1.043197205924165
4105.7			1.084039708940029
4106.6			1.1004997615468093
4107.5			1.104658031013684
4108.4			1.0832178387461553
4109.3			1.0251575383617695
4110.2			0.9955761813771489
4111.1			1.0
4112.0			1.0
4112.9			1.0
4113.8			1.0
4114.7			1.0
4115.6			1.0
4116.5			1.0
4117.4			1.0
4118.3			1.0
4119.2			1.0
4120.1			1.0
4121.0			1.0
4121.9			1.0
4122.8			1.0
4123.7			1.0
4124.6			1.0
4125.5			1.0304814117749703
4126.4			1.0047414198509967
4127.3			0.9572494222069157
4128.2			0.9244894701812659
4129.1			0.9138533668732981
4130.0			0.9243379438484799
4130.9			0.9293422808167289
4131.8			0.8952128420482722
4132.7			0.8513030798950033
4133.6			0.8451745987337512
4134.5			0.9052641539250513
4135.4			1.0166314933403833
4136.3			1.1005973303933392
4137.2			1.141513927924572
4138.1			1.0
4139.0			1.0183881548493907
4139.9			1.0042255284805062
4140.8			0.9490344019949257
4141.7			0.8344832847777561
4142.6			0.7048826612288853
4143.5			0.668278488028728
4144.4			0.7646243720944388
4145.3			0.9019393119779967
4146.2			0.9837452096073979
4147.1			1.0094395903740547
4148.0			1.0019941421396161
4148.9			1.0
4149.8			1.0
4150.7			1.0
4151.6			1.0
4152.5			1.0
4153.4			1.0
4154.3			1.0
4155.2			1.0
4156.1			1.0
4157.0			1.0
4157.9			1.0
4158.8			1.0
4159.7			1.0
4160.6			1.0
4161.5			1.0
4162.4			1.0
4163.3			1.0
4164.2			1.0
4165.1			0.9992131730950278
4166.0			1.0307145591025288
4166.9			1.023290068292668
4167.8			1.0015579475151526
4168.7			1.0086944256618677
4169.6			1.02159190227855
4170.5			0.9875028523119864
4171.4			0.883308410928862
4172.3			0.7802186349113679
4173.2			0.7679528721076995
4174.1			0.8337827675280197
4175.0			0.9063417522383695
4175.9			0.9415458992000396
4176.8			0.9292607960740413
4177.7			0.9073656611572292
4178.6			0.9420485854775517
4179.5			1.016381265961928
4180.4			1.040666594937684
4181.3			1.0001065714488817
4182.2			1.0
4183.1			1.0
4184.0			1.0
4184.9			1.0
4185.8			1.0
4186.7			0.9378986044651825
4187.6			0.9149044156800347
4188.5			0.9573009045956762
4189.4			0.9820989175021388
4190.3			0.9487249436569586
4191.2			0.9290327867246734
4192.1			0.988345901248232
4193.0			1.0755058785795153
4193.9			1.090941229117006
4194.8			1.0182649429894768
4195.7			0.9393112964441745
4196.6			0.8951584788005273
4197.5			0.8490112167293937
4198.4			0.8142580984622944
4199.3			0.8337807765620403
4200.2			0.866037119092292
4201.1			0.8581493309779972
4202.0			0.844792445425328
4202.9			0.8603726913979214
4203.8			0.8603764115006158
4204.7			0.8439077862617959
4205.6			0.8650894676860713
4206.5			0.9318421372398528
4207.4			1.0091837244453141
4208.3			1.0444206132216742
4209.2			1.0260701924704634
4210.1			1.0003264410177009
4211.0			1.0
4211.9			1.0
4212.8			1.0
4213.7			1.0
4214.6			1.0
4215.5			1.0
4216.4			1.0
4217.3			1.0
4218.2			1.0
4219.1			1.0
4220.0			1.0
4220.9			1.02035611037054
4221.8			0.9862834129816689
4222.7			0.917484947404507
4223.6			0.8613747306353833
4224.5			0.7929377547044003
4225.4			0.6718000120590165
4226.3			0.5694803705870755
4227.2			0.6291757351043963
4228.1			0.8215501404655133
4229.0			0.9615939752625968
4229.9			1.0065252294981109
4230.8			1.023580814977484
4231.7			1.002770382149642
4232.6			1.0
4233.5			1.0
4234.4			1.0
4235.3			1.0
4236.2			1.0
4237.1			1.0
4238.0			1.0
4238.9			1.0
4239.8			1.0
4240.7			1.0
4241.6			1.0
4242.5			1.0
4243.4			1.0
4244.3			1.0
4245.2			1.0
4246.1			1.0
4247.0			1.0
4247.9			1.0
4248.8			1.0
4249.7			1.0
4250.6			1.0
4251.5			1.0
4252.4			1.0
4253.3			1.0
4254.2			1.0
4255.1			1.0
4256.0			1.0
4256.9			1.0
4257.8			1.0
4258.7			1.0
4259.6			1.0
4260.5			1.0
4261.4			1.0
4262.3			1.0
4263.2			1.0
4264.1			1.0
4265.0			1.0300818189663965
4265.9			1.0345629497753976
4266.8			0.9836569160452794
4267.7			0.9364193435655045
4268.6			0.9376494187090165
4269.5			0.9217156924117277
4270.4			0.824054072303892
4271.3			0.7257147289762063
4272.2			0.7349594190605322
4273.1			0.785217702691365
4274.0			0.7923238292657825
4274.9			0.8162986438584409
4275.8			0.8940683382269811
4276.7			1.0
4277.6			1.0362801792498013
4278.5			1.0147022030773363
4279.4			0.9277819466788679
4280.3			0.8683569275690696
4281.2			0.8920632495773779
4282.1			0.9415189953958069
4283.0			0.9876225281120289
4283.9			0.9935297938109249
4284.8			0.9244113567215367
4285.7			0.8575103196258889
4286.6			0.8613789748498313
4287.5			0.8856262444188518
4288.4			0.8406399446891432
4289.3			0.7495836074613618
4290.2			0.7253749010070271
4291.1			0.8019105083368185
4292.0			0.9140839230653035
4292.9			0.9729936527491414
4293.8			0.9513277207424014
4294.7			0.9208983589436224
4295.6			0.9152938729134306
4296.5			0.8964407594258352
4297.4			0.8477207429091209
4298.3			0.7628581264411083
4299.2			0.6779684242140392
4300.1			0.671788125394056
4301.0			0.7216396107578016
4301.9			0.7376833288580041
4302.8			0.7365350607043731
4303.7			0.7559591615978112
4304.6			0.7711092336797649
4305.5			0.7743510411907725
4306.4			0.7562436446413873
4307.3			0.6955366613300858
4308.2			0.6441273048285681
4309.1			0.6604683087196845
4310.0			0.719649602151612
4310.9			0.7795025333134128
4311.8			0.8312938212182202
4312.7			0.874661813838581
4313.6			0.8974197953872557
4314.5			0.9548662820187295
4315.4			1.1110031933180975
4316.3			1.2746464353175357
4317.2			1.3363012533080387
4318.1			1.3268540687433859
4319.0			1.0
4319.9			0.9817062473738188
4320.8			0.957813737966999
4321.7			0.9315349388582524
4322.6			0.8781571123337748
4323.5			0.8029602520374121
4324.4			0.732527080662476
4325.3			0.6955416644800111
4326.2			0.7491849175820811
4327.1			0.8875901464455741
4328.0			1.0041409931737026
4328.9			1.0308178337140534
4329.8			1.00220389620331
4330.7			0.9968622255108605
4331.6			1.3021167971600183
4332.5			1.3308230760625832
4333.4			1.0
4334.3			1.0282326426310076
4335.2			1.0660473258596925
4336.1			1.0159074655812945
4337.0			0.8882369993414329
4337.9			0.800918674471007
4338.8			0.7505747800888599
4339.7			0.6788069857378474
4340.6			0.6750174760560365
4341.5			0.8040103492325983
4342.4			0.933191747773342
4343.3			0.9642496982523511
4344.2			0.9771819421956921
4345.1			1.0205920138338818
4346.0			1.0290583050653015
4346.9			1.0
4347.8			1.0103163338488426
4348.7			1.06039590234786
4349.6			1.0457303354534815
4350.5			0.9230221677954698
4351.4			0.8028235831118478
4352.3			0.8128078439543477
4353.2			0.917628331512958
4354.1			0.9865232523911198
4355.0			0.9992513300272649
4355.9			1.0
4356.8			1.0
4357.7			1.0
4358.6			1.0
4359.5			1.0
4360.4			1.0
4361.3			1.0
4362.2			1.0
4363.1			1.0
4364.0			1.0
4364.9			1.0
4365.8			1.0
4366.7			1.0
4367.6			1.0
4368.5			1.0
4369.4			1.0
4370.3			1.0
4371.2			1.0017144438996197
4372.1			0.9909581656280784
4373.0			0.9338083994586323
4373.9			0.8499607923138695
4374.8			0.8103476044328481
4375.7			0.8517923031750427
4376.6			0.9367879867302085
4377.5			0.9993597559613953
4378.4			1.0
4379.3			0.9935968739032937
4380.2			1.0109176566252862
4381.1			1.0081530962627019
4382.0			0.9030584377698353
4382.9			0.7348660576202886
4383.8			0.6503304484422341
4384.7			0.7210584337372865
4385.6			0.8712702328773588
4386.5			0.97825063283311
4387.4			1.0088535900675835
4388.3			0.9983351826984307
4389.2			1.0
4390.1			1.0
4391.0			1.0
4391.9			1.0
4392.8			1.0
4393.7			1.0
4394.6			1.0
4395.5			1.0
4396.4			1.0
4397.3			1.0
4398.2			0.9749865149356755
4399.1			0.9080229833721303
4400.0			0.8435853764111501
4400.9			0.8581676783488765
4401.8			0.945119408982427
4402.7			0.9799267337040056
4403.6			0.8902301410893361
4404.5			0.7947535329615941
4405.4			0.8228709925175967
4406.3			0.8871593076158922
4407.2			0.8589342645214286
4408.1			0.7959777805951888
4409.0			0.8217154939394852
4409.9			0.9245371221014479
4410.8			1.0
4411.7			1.0297305750510175
4412.6			1.0447795120552548
4413.5			1.0037330809774436
4414.4			0.9065738030097222
4415.3			0.853462041527371
4416.2			0.8793237313363692
4417.1			0.9159099337504601
4418.0			0.9528336996795649
4418.9			1.0002301800373115
4419.8			1.0
4420.7			1.0
4421.6			1.0
4422.5			1.0
4423.4			1.0
4424.3			1.0
4425.2			1.0
4426.1			1.0
4427.0			1.0
4427.9			1.0
4428.8			1.0
4429.7			1.0
4430.6			1.0
4431.5			1.0343947889743075
4432.4			1.029629593867591
4433.3			0.9557454237400145
4434.2			0.8597093148957586
4435.1			0.815456200942559
4436.0			0.863932095548458
4436.9			0.9505227135134146
4437.8			0.9988919771171093
4438.7			1.0002949037772253
4439.6			1.0
4440.5			1.0
4441.4			1.0
4442.3			1.0
4443.2			1.0
4444.1			1.0
4445.0			1.0
4445.9			1.0
4446.8			1.0
4447.7			1.0
4448.6			1.0
4449.5			1.0
4450.4			1.0
4451.3			1.0
4452.2			1.0
4453.1			1.0
4454.0			1.0
4454.9			1.0
4455.8			1.0
4456.7			1.0
4457.6			1.0
4458.5			1.0
4459.4			1.0
4460.3			1.0
4461.2			1.0
4462.1			1.0
4463.0			1.0
4463.9			1.0
4464.8			1.0
4465.7			1.0
4466.6			1.0
4467.5			1.0
4468.4			1.0
4469.3			1.0
4470.2			1.0
4471.1			1.0
4472.0			1.0
4472.9			1.0
4473.8			1.0
4474.7			1.0
4475.6			1.0
4476.5			1.0
4477.4			1.0
4478.3			1.0
4479.2			1.0
4480.1			1.0
4481.0			1.0
4481.9			1.0
4482.8			1.0
4483.7			1.0
4484.6			1.0
4485.5			1.0
4486.4			1.0
4487.3			1.0
4488.2			1.0
4489.1			1.0
4490.0			1.0
4490.9			1.0
4491.8			1.0
4492.7			1.0
4493.6			1.0
4494.5			1.0
4495.4			1.0
4496.3			1.0
4497.2			1.0
4498.1			1.0
4499.0			1.0
4499.9			1.0
4500.8			1.0
4501.7			1.0
4502.6			1.0
4503.5			1.0
4504.4			1.0
4505.3			1.0
4506.2			1.0
4507.1			1.0
4508.0			1.0
4508.9			1.0
4509.8			1.0
4510.7			1.0
4511.6			1.0
4512.5			1.0
4513.4			1.0
4514.3			1.0
4515.2			1.0
4516.1			1.0
4517.0			1.0
4517.9			1.0
4518.8			1.0
4519.7			1.0405203902973525
4520.6			1.0724855004291076
4521.5			1.0454699561900282
4522.4			0.9832503921789059
4523.3			0.9659493144900584
4524.2			0.987631800285531
4525.1			0.9867351915335206
4526.0			0.9608553986518794
4526.9			0.932910220528913
4527.8			0.9044143906525374
4528.7			0.8944736150682185
4529.6			0.9134471627166293
4530.5			0.9419335651916119
4531.4			0.9754716388699132
4532.3			0.9888104360832767
4533.2			0.9543918299915114
4534.1			0.8990317848418076
4535.0			0.873406805356329
4535.9			0.9235844805557144
4536.8			1.0267779871782128
4537.7			1.092743351858885
4538.6			1.0891845466970644
4539.5			1.054647657094794
4540.4			1.029694151301626
4541.3			1.0
4542.2			1.0188840173503086
4543.1			1.012057625527282
4544.0			0.9700398126527128
4544.9			0.9420331493095897
4545.8			0.9559611728907145
4546.7			0.9823418288769508
4547.6			0.9765121737589529
4548.5			0.9295390938848958
4549.4			0.9049763459586728
4550.3			0.9402139027667388
4551.2			0.9697451096322862
4552.1			0.9540831001521372
4553.0			0.9196957055361432
4553.9			0.8876706825898092
4554.8			0.8782594951505005
4555.7			0.9119016199569779
4556.6			0.9730755823807132
4557.5			1.017338909992086
4558.4			1.0284352468230873
4559.3			1.0200227493967873
4560.2			1.0108978189273248
4561.1			1.0070392788221463
4562.0			0.9868767681210675
4562.9			0.9477234798117894
4563.8			0.9186154932661378
4564.7			0.9120886638597541
4565.6			0.9306652095018324
4566.5			0.9708376803674394
4567.4			1.0018326588265467
4568.3			1.0
4569.2			1.0
4570.1			1.0
4571.0			1.0
4571.9			1.0
4572.8			1.0
4573.7			1.0
4574.6			1.0
4575.5			1.0
4576.4			1.0
4577.3			1.0
4578.2			1.0
4579.1			1.0
4580.0			1.0
4580.9			1.0
4581.8			1.0
4582.7			1.0
4583.6			1.0
4584.5			1.0
4585.4			1.0
4586.3			1.0
4587.2			1.0
4588.1			1.0
4589.0			1.0
4589.9			1.0
4590.8			1.0
4591.7			1.0
4592.6			1.0
4593.5			1.0
4594.4			1.0
4595.3			1.0
4596.2			1.0
4597.1			1.0
4598.0			1.0
4598.9			1.0
4599.8			1.0
4600.7			1.0
4601.6			1.0
4602.5			1.0
4603.4			1.0
4604.3			1.0
4605.2			1.0
4606.1			1.0
4607.0			1.0
4607.9			1.0
4608.8			1.0
4609.7			1.0
4610.6			1.0
4611.5			1.0
4612.4			1.0
4613.3			1.0
4614.2			1.0
4615.1			1.0
4616.0			1.0
4616.9			1.0
4617.8			1.0
4618.7			1.0
4619.6			1.0
4620.5			1.0
4621.4			1.0
4622.3			1.0
4623.2			1.0
4624.1			1.0
4625.0			1.0
4625.9			1.0
4626.8			1.0
4627.7			1.0
4628.6			1.0
4629.5			1.0
4630.4			1.0
4631.3			1.0
4632.2			1.0
4633.1			1.0
4634.0			1.0
4634.9			1.0
4635.8			1.0
4636.7			1.0
4637.6			1.0
4638.5			1.0
4639.4			1.0
4640.3			1.0
4641.2			1.0
4642.1			1.0
4643.0			1.0
4643.9			1.0
4644.8			1.0
4645.7			1.0
4646.6			1.0
4647.5			1.0
4648.4			1.0
4649.3			1.0
4650.2			1.0
4651.1			1.0
4652.0			1.0
4652.9			1.0
4653.8			1.0
4654.7			1.0
4655.6			1.0
4656.5			1.0
4657.4			1.0
4658.3			1.0600115407218205
4659.2			1.099801731222478
4660.1			1.1015634974600184
4661.0			1.0748672287416774
4661.9			1.0389206550972276
4662.8			1.0169115985586226
4663.7			1.0212288313494966
4664.6			1.0311251653108424
4665.5			1.0098949070805099
4666.4			0.9460557072218643
4667.3			0.8847132564298017
4668.2			0.8762492509604634
4669.1			0.9061232825720122
4670.0			0.9476792565120365
4670.9			0.9917212502874334
4671.8			1.0133129790621587
4672.7			1.0007308865143192
4673.6			0.9803823716083553
4674.5			0.9830868814199634
4675.4			1.0105764405883149
4676.3			1.0339431734541684
4677.2			1.028987215353607
4678.1			1.0008906495046157
4679.0			1.0
4679.9			1.0
4680.8			1.0
4681.7			1.0
4682.6			1.0
4683.5			1.0
4684.4			1.0
4685.3			1.0
4686.2			1.0
4687.1			1.0
4688.0			1.0
4688.9			1.0
4689.8			1.0
4690.7			1.0
4691.6			1.0
4692.5			1.0
4693.4			1.0
4694.3			1.0
4695.2			1.0191806802927836
4696.1			1.026582275764887
4697.0			1.003655961356238
4697.9			0.9595902074028458
4698.8			0.9356632913802453
4699.7			0.9491028223834026
4700.6			0.9661211166637836
4701.5			0.9608648923585107
4702.4			0.93860501294489
4703.3			0.9245065319302708
4704.2			0.9368558409620644
4705.1			0.9552436500960068
4706.0			0.9445313160711405
4706.9			0.9087063033781505
4707.8			0.8815273271308386
4708.7			0.8776258922520643
4709.6			0.8982075927033305
4710.5			0.9447158029212293
4711.4			0.9918443178371812
4712.3			1.0073573089641543
4713.2			0.9884130286884465
4714.1			0.9563025865772653
4715.0			0.9437670183125735
4715.9			0.9665846474386861
4716.8			0.9962762039342277
4717.7			1.00572024009728
4718.6			1.0027144258074592
4719.5			1.0012956483511426
4720.4			1.0052314648971723
4721.3			1.0053534150225585
4722.2			1.0000867245217278
4723.1			1.0
4724.0			1.0
4724.9			1.0
4725.8			1.0
4726.7			1.0
4727.6			1.0
4728.5			1.0
4729.4			1.0
4730.3			1.0
4731.2			1.0
4732.1			1.0
4733.0			1.0
4733.9			1.0
4734.8			1.0
4735.7			1.0
4736.6			1.0
4737.5			1.0
4738.4			1.0
4739.3			1.0
4740.2			1.0
4741.1			1.0
4742.0			1.0
4742.9			1.0
4743.8			1.0
4744.7			1.0
4745.6			1.0
4746.5			1.0
4747.4			1.0
4748.3			1.0
4749.2			1.0
4750.1			1.0
4751.0			1.0
4751.9			1.0
4752.8			1.0
4753.7			1.0
4754.6			1.0
4755.5			1.0
4756.4			1.0
4757.3			1.0
4758.2			1.0
4759.1			1.0
4760.0			1.0
4760.9			1.0
4761.8			1.0
4762.7			1.0
4763.6			1.0
4764.5			1.0
4765.4			1.0
4766.3			1.0
4767.2			1.0
4768.1			1.0
4769.0			1.0
4769.9			1.0
4770.8			1.0
4771.7			1.0
4772.6			1.0
4773.5			1.0
4774.4			1.0
4775.3			1.0
4776.2			1.0
4777.1			1.0
4778.0			1.0
4778.9			1.0
4779.8			1.0
4780.7			1.0
4781.6			1.0
4782.5			1.0
4783.4			1.0
4784.3			1.0
4785.2			1.0
4786.1			1.0
4787.0			1.0
4787.9			1.0
4788.8			1.0
4789.7			1.0
4790.6			1.0
4791.5			1.0
4792.4			1.0
4793.3			1.0
4794.2			1.0
4795.1			1.0
4796.0			1.0
4796.9			1.0
4797.8			1.0
4798.7			1.0
4799.6			1.0
4800.5			1.0
4801.4			1.0
4802.3			1.0
4803.2			1.0
4804.1			1.0
4805.0			1.0
4805.9			1.0
4806.8			1.0
4807.7			1.0
4808.6			1.0
4809.5			1.0
4810.4			1.0
4811.3			1.0
4812.2			1.0
4813.1			1.0
4814.0			1.0
4814.9			1.0
4815.8			1.0
4816.7			1.0
4817.6			1.0
4818.5			1.0
4819.4			1.0
4820.3			1.0
4821.2			1.0
4822.1			1.0
4823.0			1.0
4823.9			1.0
4824.8			1.0
4825.7			1.0
4826.6			1.0
4827.5			1.0
4828.4			1.0
4829.3			1.0
4830.2			1.0
4831.1			1.0
4832.0			1.0
4832.9			1.0
4833.8			1.0
4834.7			1.0
4835.6			1.0
4836.5			1.0
4837.4			1.0
4838.3			1.0
4839.2			1.0
4840.1			1.0
4841.0			1.0
4841.9			1.0
4842.8			1.0
4843.7			1.0
4844.6			1.0
4845.5			1.0
4846.4			1.0
4847.3			1.0
4848.2			1.0
4849.1			1.0
4850.0			1.0
4850.9			1.0
4851.8			1.0
4852.7			1.0
4853.6			1.0
4854.5			1.0
4855.4			1.0
4856.3			1.0
4857.2			1.0461265321518558
4858.1			1.0385295631873044
4859.0			0.9672244096840282
4859.9			0.8362221588365542
4860.8			0.707325717290893
4861.7			0.7238913662399286
4862.6			0.8763182031907881
4863.5			0.9808065168657762
4864.4			0.9984064737115678
4865.3			1.0
4866.2			1.0
4867.1			1.0
4868.0			1.0
4868.9			1.0
4869.8			1.0
4870.7			1.0
4871.6			1.0
4872.5			1.0
4873.4			1.0
4874.3			1.0
4875.2			1.0
4876.1			1.0
4877.0			1.0
4877.9			1.0
4878.8			1.0295557258724175
4879.7			1.05501639151451
4880.6			1.0262363265462158
4881.5			0.980703743840574
4882.4			0.982507774603182
4883.3			1.004842909950108
4884.2			0.9976459484939222
4885.1			0.9744303888335948
4886.0			0.9666337702662319
4886.9			0.9767293424241701
4887.8			0.9757867967220459
4888.7			0.9595341418641763
4889.6			0.9355212305081623
4890.5			0.907151618874267
4891.4			0.913979056403478
4892.3			0.9773343567574617
4893.2			1.038811727596671
4894.1			1.0682009501626177
4895.0			1.0804253956199648
4895.9			1.078901814327507
4896.8			1.074337005523859
4897.7			1.0685286066401074
4898.6			1.0416250611046576
4899.5			1.0000736378654584
4900.4			0.9906558727465691
4901.3			1.006006639092217
4902.2			0.9985799685234057
4903.1			1.0
4904.0			1.0
4904.9			1.0
4905.8			1.0
4906.7			1.0
4907.6			1.0
4908.5			1.0
4909.4			1.0
4910.3			1.0
4911.2			1.0
4912.1			1.0319900627926113
4913.0			1.0370738188502417
4913.9			1.0375755880933757
4914.8			1.0552203073028186
4915.7			1.0668722670515747
4916.6			1.048519340865461
4917.5			1.0014279980817788
4918.4			0.9422985169995017
4919.3			0.8869763484397047
4920.2			0.8537042530649589
4921.1			0.8671341923964638
4922.0			0.9206086101812692
4922.9			0.9491354361685307
4923.8			0.9317966690973722
4924.7			0.9289403233092277
4925.6			0.9626196702308859
4926.5			0.9909371485155185
4927.4			0.9971722627255224
4928.3			1.002518314221752
4929.2			1.0
4930.1			1.0
4931.0			1.003308791870888
4931.9			0.9866969872763448
4932.8			0.9293503529428719
4933.7			0.8805517590324047
4934.6			0.9030595486976714
4935.5			0.9539283362467172
4936.4			0.9607778750930733
4937.3			0.9233035431289521
4938.2			0.8722997095983018
4939.1			0.8594924437036731
4940.0			0.9101263023368571
4940.9			0.9736923482041884
4941.8			0.993498997845673
4942.7			0.9916929743639599
4943.6			1.0014296720110236
4944.5			1.0051142973456015
4945.4			0.9907542856930173
4946.3			0.9841195015649797
4947.2			1.0001255137894831
4948.1			1.0
4949.0			1.0
4949.9			1.0
4950.8			1.0
4951.7			1.0
4952.6			1.0
4953.5			1.0
4954.4			1.0134846464417993
4955.3			1.0041062516255537
4956.2			0.9392311882772438
4957.1			0.8615732550556375
4958.0			0.8647699108675044
4958.9			0.9402022604469181
4959.8			0.9997845256207681
4960.7			1.0
4961.6			1.0
4962.5			1.0
4963.4			1.0
4964.3			1.0
4965.2			1.0
4966.1			1.0
4967.0			1.0
4967.9			1.0
4968.8			1.0
4969.7			1.0
4970.6			1.0
4971.5			1.0
4972.4			1.0
4973.3			1.0
4974.2			1.0
4975.1			1.0
4976.0			0.9927214399493162
4976.9			0.9846982839511801
4977.8			0.973444628102237
4978.7			0.9667091203123872
4979.6			0.9642775783782935
4980.5			0.944206474786932
4981.4			0.9040982145822895
4982.3			0.8758005662185621
4983.2			0.8789304820165266
4984.1			0.8936782788235311
4985.0			0.9091809608139573
4985.9			0.9410603570767069
4986.8			0.994192615863484
4987.7			1.0219768507300337
4988.6			0.9996869478681847
4989.5			1.0
4990.4			1.0
4991.3			1.0
4992.2			1.0
4993.1			1.0
4994.0			1.0
4994.9			1.0
4995.8			1.0
4996.7			1.0
4997.6			1.0
4998.5			1.0
4999.4			1.0
5000.3			0.9961948560272603
5001.2			1.0096263450167713
5002.1			1.0213091372626153
5003.0			1.030932291730486
5003.9			1.0280515017542342
5004.8			0.9960300446229109
5005.7			0.9547354441993653
5006.6			0.9576124690794275
5007.5			1.0102225999031271
5008.4			1.058930097926585
5009.3			1.0654157759578655
5010.2			1.0453240545510885
5011.1			1.0086839160035856
5012.0			0.9588859734584565
5012.9			0.922180781012189
5013.8			0.9060843872486369
5014.7			0.9267012036548069
5015.6			0.9757140212478524
5016.5			0.9984276435326518
5017.4			0.9877466217824106
5018.3			0.9798376337864604
5019.2			0.9991041705570666
5020.1			1.0221974061839667
5021.0			1.0211879678793012
5021.9			0.9993620981365501
5022.8			0.9941248196459517
5023.7			1.0155421569786947
5024.6			1.0281820927293797
5025.5			1.0293459858955387
5026.4			1.0197023412803161
5027.3			1.000193448301388
5028.2			1.0
5029.1			1.0
5030.0			1.0
5030.9			1.0
5031.8			1.0
5032.7			1.023226389509042
5033.6			1.0226930486019745
5034.5			0.9870246978865269
5035.4			0.9355115912959141
5036.3			0.9213592914810099
5037.2			0.9504607599598233
5038.1			0.9534018178765434
5039.0			0.9097504552781506
5039.9			0.8474386839495668
5040.8			0.8038357048764836
5041.7			0.8396535027064663
5042.6			0.9372604634426666
5043.5			1.0
5044.4			1.0218092558399896
5045.3			1.0454061959537733
5046.2			1.057663509769273
5047.1			1.0366799091376475
5048.0			0.9882835957261451
5048.9			0.9443044169779942
5049.8			0.9242571656484759
5050.7			0.9192540344591394
5051.6			0.9188448651305069
5052.5			0.9426668558685531
5053.4			0.9795817159838326
5054.3			0.9976895873214907
5055.2			1.00023716902227
5056.1			1.0
5057.0			1.0
5057.9			1.0
5058.8			1.0
5059.7			1.0
5060.6			1.0
5061.5			1.0
5062.4			1.0
5063.3			1.0
5064.2			1.0
5065.1			1.0
5066.0			1.0
5066.9			1.0
5067.8			1.0
5068.7			1.0
5069.6			1.0
5070.5			1.0
5071.4			1.0
5072.3			1.0
5073.2			1.0095259380761397
5074.1			1.0208534161704217
5075.0			1.0114800486319806
5075.9			1.0090608360997628
5076.8			1.018651539419402
5077.7			1.0003458471431326
5078.6			0.9240459450152219
5079.5			0.8524813139957144
5080.4			0.867145405764369
5081.3			0.926554010308559
5082.2			0.9474910483572042
5083.1			0.9359976576900381
5084.0			0.9486910299482373
5084.9			0.9859707421169468
5085.8			1.0005090139400055
5086.7			1.0
5087.6			1.0
5088.5			1.0
5089.4			1.0
5090.3			1.0
5091.2			1.0
5092.1			1.0
5093.0			1.0
5093.9			1.0
5094.8			1.0
5095.7			1.0
5096.6			1.0
5097.5			0.9582668477003483
5098.4			0.9241425736357546
5099.3			0.9283437650704546
5100.2			0.9732864993292015
5101.1			1.0095999481786564
5102.0			1.008013604480029
5102.9			0.9920820169185339
5103.8			0.9849144213005281
5104.7			0.9783631874681469
5105.6			0.9605186477259604
5106.5			0.9217491746768065
5107.4			0.8926506541162798
5108.3			0.9080154909842444
5109.2			0.9190902816003303
5110.1			0.9076252013549165
5111.0			0.9276159908496245
5111.9			1.0
5112.8			1.0135012898070759
5113.7			1.0118811194037607
5114.6			1.012951967697141
5115.5			1.0199366007036723
5116.4			1.0329923090056474
5117.3			1.0446768617027435
5118.2			1.0458060039151698
5119.1			1.0380648069976404
5120.0			1.0257981403270475
5120.9			1.0067933285500696
5121.8			0.9759789823635681
5122.7			1.0
5123.6			0.9638432901799378
5124.5			0.9805436301486259
5125.4			1.008128481917733
5126.3			1.0051320196474327
5127.2			0.9834595858110374
5128.1			0.978937906985452
5129.0			0.9891639459172926
5129.9			0.9969033768545945
5130.8			1.0039366702591432
5131.7			1.0121895493249595
5132.6			1.0222782664831223
5133.5			1.0348086070555376
5134.4			1.0572392706534084
5135.3			1.0643243504460553
5136.2			1.0274758952485423
5137.1			0.9843785980841724
5138.0			0.9625700539068083
5138.9			0.9419119017722264
5139.8			0.9553865915014725
5140.7			0.9815639670276716
5141.6			0.9473216329472366
5142.5			0.9010941028490141
5143.4			0.9230856484447134
5144.3			0.9691109093347214
5145.2			0.9767728488568206
5146.1			0.9638039706340051
5147.0			0.9523224549408255
5147.9			0.959782028123174
5148.8			0.9860651406648681
5149.7			0.9815423401578046
5150.6			0.9327650590179902
5151.5			0.8942082565582686
5152.4			0.9039654965431903
5153.3			0.9366695951150723
5154.2			0.9582399961464603
5155.1			0.976895811922749
5156.0			0.9989025106179387
5156.9			1.0183577082908395
5157.8			1.0
5158.7			0.99442758852652
5159.6			0.9967345773760874
5160.5			1.0014474756884162
5161.4			0.9882700744621642
5162.3			0.9762448854600254
5163.2			0.9855531395433508
5164.1			0.9756145669995961
5165.0			0.9189783635781992
5165.9			0.8284429990039294
5166.8			0.7445123102793544
5167.7			0.720412981635323
5168.6			0.7697128850994822
5169.5			0.8578117881151418
5170.4			0.900062977369749
5171.3			0.8359666452954927
5172.2			0.7478654854014153
5173.1			0.7611403426390393
5174.0			0.8683798060377235
5174.9			0.9614623538770348
5175.8			0.9918234723357188
5176.7			0.9996634126815976
5177.6			1.0
5178.5			1.0
5179.4			1.0
5180.3			0.9935425230587124
5181.2			0.9780853035499948
5182.1			0.9054824447656381
5183.0			0.7914639196028401
5183.9			0.7716514795549536
5184.8			0.8737145002441783
5185.7			0.972484788604944
5186.6			1.0111980211606666
5187.5			1.0012664842664747
5188.4			1.0
5189.3			1.0
5190.2			1.0
5191.1			1.0
5192.0			1.0
5192.9			1.0
5193.8			1.0
5194.7			1.0
5195.6			1.0
5196.5			1.0
5197.4			1.0
5198.3			0.9945676202158542
5199.2			1.005079803182823
5200.1			1.0193794111126002
5201.0			1.0132403902316183
5201.9			0.9956125461166797
5202.8			0.9847904366149479
5203.7			0.9540688791820834
5204.6			0.8987969008653741
5205.5			0.8751644422033155
5206.4			0.898551412094183
5207.3			0.9070862138046357
5208.2			0.8795026420212348
5209.1			0.8814975089907764
5210.0			0.9072282025248394
5210.9			0.936412597378184
5211.8			0.9711683813244664
5212.7			1.0007109684347477
5213.6			1.0
5214.5			1.0
5215.4			1.0
5216.3			1.0
5217.2			1.0
5218.1			1.0
5219.0			1.0
5219.9			1.0
5220.8			1.0
5221.7			1.0060414182898068
5222.6			0.9960281558748932
5223.5			0.9679858861855054
5224.4			0.9193093713530789
5225.3			0.8574862242116701
5226.2			0.7991088230533817
5227.1			0.808603386874072
5228.0			0.8951762886721115
5228.9			0.9611120655243425
5229.8			0.9806652929126051
5230.7			1.000269222768862
5231.6			1.0
5232.5			1.0
5233.4			1.0
5234.3			1.0
5235.2			1.0
5236.1			1.0
5237.0			1.0
5237.9			1.0
5238.8			1.0
5239.7			1.0
5240.6			1.0124862170448092
5241.5			1.0147666104217632
5242.4			1.0042592970638329
5243.3			1.00739452962889
5244.2			1.0251826955007206
5245.1			1.025148808891626
5246.0			0.9728463635460869
5246.9			0.9106396941081509
5247.8			0.9128394296000958
5248.7			0.9354271670785368
5249.6			0.906163616363886
5250.5			0.8785866383334131
5251.4			0.9065108785571562
5252.3			0.9404379377151015
5253.2			0.9509906691685266
5254.1			1.0
5255.0			0.9844074997752418
5255.9			1.021740762661411
5256.8			1.077774044194095
5257.7			1.1043022822163011
5258.6			1.1090545838446086
5259.5			1.0971561395903071
5260.4			1.069399491604117
5261.3			1.019307403708681
5262.2			0.9647373284322798
5263.1			0.9281715781562853
5264.0			0.9062345372044324
5264.9			0.8918545242219436
5265.8			0.8958796655242105
5266.7			0.9521115858266184
5267.6			0.9987471875463159
5268.5			0.9366171756205539
5269.4			0.8324927638134688
5270.3			0.8515894451607982
5271.2			0.9690323075859372
5272.1			1.0254428141621394
5273.0			1.0056964830530262
5273.9			1.0014522458669728
5274.8			1.003011317630876
5275.7			1.0021053653875234
5276.6			1.0415897436607262
5277.5			1.0948858762845424
5278.4			1.0
5279.3			0.9898872489429545
5280.2			0.9645042337806042
5281.1			0.9375738277105469
5282.0			0.9186582989833187
5282.9			0.9012829893866953
5283.8			0.9008101459755163
5284.7			0.9461598076879816
5285.6			0.9974424210634636
5286.5			1.0161598271133347
5287.4			1.0093710928564679
5288.3			0.9991907611848674
5289.2			1.0
5290.1			1.0089357315720244
5291.0			1.0080564154955054
5291.9			0.9938725499900605
5292.8			0.9801766891578986
5293.7			0.9853870753969243
5294.6			0.9861388096793582
5295.5			0.9571472678877809
5296.4			0.9025911296218984
5297.3			0.853232565254139
5298.2			0.8587157757168087
5299.1			0.9138504438479633
5300.0			0.9422812379142301
5300.9			0.928977992371632
5301.8			0.9208116794230963
5302.7			0.937373636623247
5303.6			0.9736077527772778
5304.5			1.0003119973580121
5305.4			1.0
5306.3			1.0
5307.2			1.0
5308.1			1.0
5309.0			1.0
5309.9			1.0
5310.8			1.0
5311.7			1.0
5312.6			1.0
5313.5			1.0
5314.4			1.0
5315.3			1.0
5316.2			1.0
5317.1			1.0
5318.0			1.0
5318.9			1.0
5319.8			1.0
5320.7			1.0
5321.6			1.0
5322.5			1.0
5323.4			1.0
5324.3			0.9932246992086691
5325.2			1.0121381605668922
5326.1			1.006663625602825
5327.0			0.9196178958802032
5327.9			0.8090479707641255
5328.8			0.823586510816765
5329.7			0.9281972891034111
5330.6			0.9968627641917387
5331.5			1.0008747660112245
5332.4			1.0
5333.3			1.0
5334.2			1.0
5335.1			1.0
5336.0			1.0
5336.9			1.0
5337.8			1.0099072046163744
5338.7			1.0007806196926414
5339.6			0.9542257084492434
5340.5			0.9160821692200113
5341.4			0.9373720994717523
5342.3			0.9822826710272295
5343.2			1.002562450885444
5344.1			1.0
5345.0			1.0
5345.9			1.0
5346.8			1.0
5347.7			1.0
5348.6			1.0
5349.5			1.0
5350.4			1.0
5351.3			1.0
5352.2			1.0
5353.1			1.0
5354.0			1.0
5354.9			1.0
5355.8			1.0
5356.7			1.0
5357.6			1.0
5358.5			1.0
5359.4			1.0
5360.3			0.9905154146334466
5361.2			0.9710262972520104
5362.1			0.9558718536970321
5363.0			0.9577894439345921
5363.9			0.955322637661697
5364.8			0.940988306184741
5365.7			0.9459707974601264
5366.6			0.9557669905365189
5367.5			0.9586001956846577
5368.4			0.9595195902474241
5369.3			0.933483387578838
5370.2			0.8906244081208383
5371.1			0.8659695706417775
5372.0			0.9074205469405343
5372.9			0.9754946476214593
5373.8			1.0138450249163111
5374.7			1.0312574213617325
5375.6			1.035244829686293
5376.5			1.0323997879178695
5377.4			1.0326450578338764
5378.3			1.0299870352633873
5379.2			1.0186406544807767
5380.1			1.0017136735345644
5381.0			0.9957093266850755
5381.9			1.0002159137450795
5382.8			1.0
5383.7			1.0
5384.6			1.0
5385.5			1.0
5386.4			1.0
5387.3			1.0
5388.2			1.0
5389.1			1.0
5390.0			1.0
5390.9			1.0
5391.8			1.0
5392.7			1.0
5393.6			1.0
5394.5			1.0
5395.4			1.0
5396.3			1.0
5397.2			0.9790008688220657
5398.1			1.0220498377912892
5399.0			1.06504136719449
5399.9			1.0694440410473995
5400.8			1.0639460226254294
5401.7			1.06869170834137
5402.6			1.053441373227464
5403.5			1.0030204267014255
5404.4			0.9507175788823613
5405.3			0.9231912087099069
5406.2			0.9419379374542826
5407.1			0.9849412272977074
5408.0			0.997382176580481
5408.9			0.9655865479077563
5409.8			0.9374113379204121
5410.7			0.9544492787442014
5411.6			0.99146690051195
5412.5			1.0105336395684446
5413.4			1.0025427012989718
5414.3			1.0
5415.2			1.0
5416.1			1.0
5417.0			1.0
5417.9			1.0
5418.8			1.0
5419.7			1.0
5420.6			1.0
5421.5			1.0129377606815835
5422.4			1.0107477866111327
5423.3			0.9791799054870082
5424.2			0.9566767094180453
5425.1			0.9718044831451709
5426.0			1.000288517899817
5426.9			1.0199407068723048
5427.8			1.007569740750044
5428.7			0.9457652974341062
5429.6			0.9059549919107568
5430.5			0.9348856605165956
5431.4			0.9651681596341568
5432.3			0.9545770477539978
5433.2			0.9321757110302242
5434.1			0.9114683830296046
5435.0			0.9121664613849141
5435.9			0.933355221058284
5436.8			0.9660659809682645
5437.7			1.0007465229123362
5438.6			1.0
5439.5			1.0
5440.4			1.0
5441.3			1.0
5442.2			1.0
5443.1			0.9996747739344397
5444.0			0.9816746754169573
5444.9			0.945274826865756
5445.8			0.8927368670418265
5446.7			0.8638744685280317
5447.6			0.9102349768190349
5448.5			0.9741264810431604
5449.4			0.9997119632755936
5450.3			1.0001018529946966
5451.2			1.0
5452.1			1.0
5453.0			0.9906677195308827
5453.9			0.9573854376138073
5454.8			0.8985043525119012
5455.7			0.8841943249347718
5456.6			0.937313855665529
5457.5			0.9863043411589869
5458.4			1.000476268436483
5459.3			1.0
5460.2			1.0
5461.1			1.0
5462.0			1.0
5462.9			1.0
5463.8			1.0
5464.7			1.0
5465.6			1.0
5466.5			1.0
5467.4			1.0
5468.3			1.0
5469.2			1.0
5470.1			1.0
5471.0			1.002067893680346
5471.9			1.0043690092110784
5472.8			0.9945797727940917
5473.7			0.988365952896198
5474.6			0.9905700177276517
5475.5			0.9582286534791996
5476.4			0.9167372923429814
5477.3			0.9387558866017941
5478.2			1.004464756436458
5479.1			1.0449543969199904
5480.0			1.0348984249075948
5480.9			1.0068534199138042
5481.8			0.9993970342803014
5482.7			1.0
5483.6			1.0
5484.5			1.0
5485.4			1.0
5486.3			1.0
5487.2			1.0
5488.1			1.0
5489.0			1.0
5489.9			1.0
5490.8			1.0
5491.7			1.0
5492.6			1.0
5493.5			1.0
5494.4			1.0
5495.3			1.0
5496.2			1.0
5497.1			1.0
5498.0			1.0
5498.9			1.0
5499.8			1.0
5500.7			1.0
5501.6			1.0
5502.5			1.0
5503.4			1.0
5504.3			1.0
5505.2			1.0
5506.1			1.0
5507.0			1.0
5507.9			1.0
5508.8			1.0
5509.7			1.0
5510.6			1.0
5511.5			1.0
5512.4			1.0
5513.3			1.0
5514.2			1.0
5515.1			1.0
5516.0			1.0
5516.9			1.0
5517.8			1.0
5518.7			1.0
5519.6			1.0
5520.5			1.0
5521.4			1.0
5522.3			1.0
5523.2			1.0
5524.1			1.0
5525.0			1.0
5525.9			1.0
5526.8			1.0
5527.7			1.0
5528.6			1.0
5529.5			1.0
5530.4			1.0
5531.3			1.0
5532.2			1.0
5533.1			1.0
5534.0			1.0
5534.9			1.0
5535.8			1.0
5536.7			1.0
5537.6			1.0
5538.5			1.0
5539.4			1.0
5540.3			1.0
5541.2			1.0
5542.1			1.0
5543.0			1.0
5543.9			1.0
5544.8			1.0
5545.7			1.0
5546.6			1.0
5547.5			1.0
5548.4			1.0
5549.3			1.0
5550.200000000001			1.0
5551.1			1.0
5552.0			1.0
5552.9			1.0
5553.8			1.0
5554.700000000001			1.0
5555.6			1.0
5556.5			1.0
5557.4			1.0
5558.3			1.0
5559.200000000001			1.0
5560.1			1.0
5561.0			1.0
5561.9			1.0
5562.8			1.0
5563.700000000001			1.0
5564.6			1.0
5565.5			1.0
5566.4			1.0
5567.3			1.0
5568.200000000001			1.0
5569.1			1.0
5570.0			1.0
5570.9			1.0
5571.8			1.0
5572.700000000001			1.0
5573.6			1.0
5574.5			1.0
5575.4			1.0
5576.3			1.0
5577.200000000001			1.0
5578.1			1.0017821979085366
5579.0			1.005270021309364
5579.9			1.0149938316274998
5580.8			1.010607421753542
5581.700000000001			1.0047510433166715
5582.6			1.0155675947376688
5583.5			1.0245361341791013
5584.4			1.0228501959121878
5585.3			1.0024787373061352
5586.200000000001			0.9640082972207119
5587.1			0.9316092210143095
5588.0			0.9226597644755385
5588.9			0.9377510669913639
5589.8			0.9626458283011112
5590.700000000001			0.9836428916914977
5591.6			0.9924191147674974
5592.5			0.9937401969427629
5593.4			0.9857002213204855
5594.3			0.980057467641054
5595.200000000001			1.0025846645424832
5596.1			1.0303994522953066
5597.0			1.024866938669876
5597.9			0.9999198690379054
5598.8			1.0
5599.700000000001			1.0
5600.6			1.0
5601.5			1.0
5602.4			1.0
5603.3			1.0
5604.200000000001			1.0
5605.1			1.0
5606.0			1.0
5606.9			1.0
5607.8			1.0
5608.700000000001			1.0
5609.6			1.0
5610.5			1.0
5611.4			1.0064059474859768
5612.3			1.0093257716317066
5613.200000000001			0.9992093642032175
5614.1			0.9606205230502692
5615.0			0.9131923483646004
5615.9			0.9172884297295336
5616.8			0.9629528256180374
5617.700000000001			0.9952647423157585
5618.6			0.9999602238861766
5619.5			1.0
5620.4			1.0
5621.3			1.0
5622.200000000001			1.0
5623.1			1.0
5624.0			1.0
5624.9			1.0
5625.8			1.0
5626.700000000001			1.0
5627.6			1.0
5628.5			1.0
5629.4			1.0
5630.3			1.0
5631.200000000001			1.0
5632.1			1.0
5633.0			1.0
5633.9			1.0
5634.8			1.0
5635.700000000001			1.0
5636.6			1.0
5637.5			1.0
5638.4			1.0
5639.3			1.0
5640.200000000001			1.0
5641.1			1.0
5642.0			1.0
5642.9			1.0
5643.8			1.0
5644.700000000001			1.0
5645.6			1.0
5646.5			1.0
5647.4			1.0
5648.3			1.0
5649.200000000001			1.0
5650.1			1.0
5651.0			1.0
5651.9			1.0
5652.8			1.0
5653.700000000001			1.0
5654.6			0.9923497583098645
5655.5			0.9935011353349514
5656.4			0.9841123849153274
5657.3			0.9327541656563857
5658.200000000001			0.8927430900531844
5659.1			0.9263170257400832
5660.0			0.9898224803306767
5660.9			1.012553681546822
5661.8			0.9965273876834562
5662.700000000001			1.0
5663.6			1.0
5664.5			1.0
5665.4			1.0
5666.3			1.0
5667.200000000001			1.0
5668.1			1.0
5669.0			1.0
5669.9			1.0
5670.8			1.0
5671.700000000001			1.0
5672.6			1.0
5673.5			1.0
5674.4			1.0
5675.3			1.0
5676.200000000001			1.0
5677.1			1.0
5678.0			1.0
5678.9			1.0
5679.8			1.0
5680.700000000001			1.0
5681.6			1.0
5682.5			1.0
5683.4			1.0
5684.3			1.0
5685.200000000001			1.0
5686.1			1.0
5687.0			1.0
5687.9			1.0
5688.8			1.0
5689.700000000001			1.0
5690.6			1.0
5691.5			1.0
5692.4			1.0
5693.3			1.0
5694.200000000001			1.0
5695.1			1.0
5696.0			1.0
5696.9			1.0
5697.8			1.0
5698.700000000001			1.0
5699.6			1.0
5700.5			1.0
5701.4			0.9806927448774307
5702.3			0.9856823745693686
5703.200000000001			1.0026680876584186
5704.1			1.0094976289221498
5705.0			0.9997701825527742
5705.9			0.983549775401791
5706.8			0.9711701140781256
5707.700000000001			0.9534233818231057
5708.6			0.9256920146672241
5709.5			0.912399652333488
5710.4			0.9192560854538877
5711.3			0.9254389695262013
5712.200000000001			0.945734119062004
5713.1			0.9808310856062259
5714.0			0.9977838760930227
5714.9			0.9989705677157954
5715.8			1.0006073214236615
5716.700000000001			1.0011547487050767
5717.6			0.9992433876715819
5718.5			1.0
5719.4			1.0
5720.3			1.0
5721.200000000001			1.0
5722.1			1.0
5723.0			1.0
5723.9			1.0
5724.8			1.0
5725.700000000001			1.0
5726.6			1.0
5727.5			1.0
5728.4			1.0
5729.3			1.0
5730.200000000001			1.0
5731.1			1.0
5732.0			1.0
5732.9			1.0
5733.8			1.0
5734.700000000001			1.0
5735.6			1.0
5736.5			1.0
5737.4			1.0
5738.3			1.0
5739.200000000001			1.0
5740.1			1.0
5741.0			1.0
5741.9			1.0
5742.8			1.0
5743.700000000001			1.0
5744.6			1.0
5745.5			1.0
5746.4			1.0
5747.3			1.0
5748.200000000001			1.0
5749.1			1.0
5750.0			1.0
5750.9			1.0
5751.8			1.0
5752.700000000001			1.0
5753.6			1.0
5754.5			1.0
5755.4			1.0
5756.3			1.0
5757.200000000001			1.0
5758.1			1.0
5759.0			1.0
5759.9			1.0
5760.8			1.0
5761.700000000001			1.0
5762.6			1.0
5763.5			1.0
5764.4			1.0
5765.3			1.0
5766.200000000001			1.0
5767.1			1.0
5768.0			1.0
5768.9			1.0
5769.8			1.0
5770.700000000001			1.0
5771.6			1.0
5772.5			1.0
5773.4			1.0
5774.3			1.0
5775.200000000001			1.0
5776.1			1.0
5777.0			1.0
5777.9			1.0
5778.8			1.0
5779.700000000001			1.0
5780.6			1.0
5781.5			1.0
5782.4			1.0
5783.3			1.0
5784.200000000001			1.0
5785.1			1.0
5786.0			1.0
5786.9			1.0
5787.8			1.0
5788.700000000001			1.0
5789.6			1.0
5790.5			1.0
5791.4			1.0
5792.3			1.0
5793.200000000001			1.0
5794.1			1.0
5795.0			1.0
5795.9			1.0
5796.8			1.0
5797.700000000001			1.0
5798.6			1.0
5799.5			1.0
5800.4			1.0
5801.3			1.0
5802.200000000001			1.0
5803.1			1.0
5804.0			1.0
5804.9			1.0
5805.8			1.0
5806.700000000001			1.0
5807.6			1.0
5808.5			1.0
5809.4			1.0
5810.3			1.0
5811.200000000001			1.0
5812.1			1.0
5813.0			1.0
5813.9			1.0
5814.8			1.0
5815.700000000001			1.0
5816.6			1.0
5817.5			1.0
5818.4			1.0
5819.3			1.0
5820.200000000001			1.0
5821.1			1.0
5822.0			1.0
5822.9			1.0
5823.8			1.0
5824.700000000001			1.0
5825.6			1.0
5826.5			1.0
5827.4			1.0
5828.3			1.0
5829.200000000001			1.0
5830.1			1.0
5831.0			1.0
5831.9			1.0
5832.8			1.0
5833.700000000001			1.0
5834.6			1.0
5835.5			1.0
5836.4			1.0
5837.3			1.0
5838.200000000001			1.0
5839.1			1.0
5840.0			1.0
5840.9			1.0
5841.8			1.0
5842.700000000001			1.0
5843.6			1.0
5844.5			1.0
5845.4			1.0
5846.3			1.0
5847.200000000001			1.0
5848.1			1.0
5849.0			1.0
5849.9			1.0
5850.8			1.0
5851.700000000001			1.0
5852.6			1.0
5853.5			1.0
5854.4			1.0
5855.3			1.0
5856.200000000001			1.0
5857.1			1.0
5858.0			1.0
5858.9			1.0
5859.8			1.0
5860.700000000001			1.0
5861.6			1.0
5862.5			1.0
5863.4			1.0
5864.3			1.0
5865.200000000001			1.0
5866.1			1.0
5867.0			1.0
5867.9			1.0
5868.8			1.0
5869.700000000001			1.0
5870.6			1.0
5871.5			1.0
5872.4			1.0
5873.3			1.0
5874.200000000001			1.0
5875.1			1.0
5876.0			1.0
5876.9			1.0
5877.8			1.0
5878.700000000001			1.0
5879.6			1.0
5880.5			1.0
5881.4			1.0
5882.3			1.0
5883.200000000001			1.0
5884.1			1.0
5885.0			1.0
5885.9			1.011113738020439
5886.8			1.0141306063658933
5887.700000000001			0.9973233711812265
5888.6			0.9464765943592741
5889.5			0.8918456099518536
5890.4			0.892836169443249
5891.3			0.9332127312411862
5892.200000000001			0.9561095207679446
5893.1			0.9570013882715511
5894.0			0.9379555741962351
5894.9			0.8961662612342677
5895.8			0.8809169581112858
5896.700000000001			0.9240964014520638
5897.6			0.9733406257015519
5898.5			0.9846971512696345
5899.4			0.9792732243134358
5900.3			0.9793780364109465
5901.200000000001			0.9857286723892906
5902.1			0.9925192272429393
5903.0			0.9970364942914066
5903.9			1.0004136889429576
5904.8			0.9994443095062834
5905.700000000001			1.0000722451800876
5906.6			1.0
5907.5			1.0
5908.4			1.0
5909.3			1.0
5910.200000000001			1.0
5911.1			1.0
5912.0			1.0
5912.9			1.0
5913.8			1.0
5914.700000000001			1.0
5915.6			1.0
5916.5			1.0
5917.4			1.0
5918.3			1.0
5919.200000000001			1.0
5920.1			1.0
5921.0			1.0
5921.9			1.0
5922.8			1.0
5923.700000000001			1.0
5924.6			1.0
5925.5			1.0
5926.4			1.0
5927.3			1.0
5928.200000000001			1.0
5929.1			1.0
5930.0			1.0
5930.9			1.0
5931.8			1.0
5932.700000000001			1.0
5933.6			1.0
5934.5			1.0
5935.4			1.0
5936.3			1.0
5937.200000000001			1.0
5938.1			1.0
5939.0			1.0
5939.9			1.0
5940.8			1.0
5941.700000000001			1.0
5942.6			1.0
5943.5			1.0
5944.4			1.0
5945.3			1.0
5946.200000000001			1.0
5947.1			1.0
5948.0			1.0
5948.9			1.0
5949.8			1.0
5950.700000000001			1.0
5951.6			1.0
5952.5			1.0
5953.4			1.0
5954.3			1.0
5955.200000000001			1.0
5956.1			1.0
5957.0			1.0
5957.9			1.0
5958.8			1.0
5959.700000000001			1.0
5960.6			1.0
5961.5			1.0
5962.4			1.0
5963.3			1.0
5964.200000000001			1.0
5965.1			1.0
5966.0			1.0
5966.9			1.0
5967.8			1.0
5968.700000000001			1.0
5969.6			1.0
5970.5			1.0
5971.4			1.0
5972.3			1.0
5973.200000000001			1.0
5974.1			1.0
5975.0			1.0
5975.9			1.0
5976.8			1.0
5977.700000000001			1.0
5978.6			1.0
5979.5			1.0
5980.4			1.0
5981.3			1.0
5982.200000000001			1.0
5983.1			1.0
5984.0			1.0
5984.9			1.0
5985.8			1.0
5986.700000000001			1.0
5987.6			1.0
5988.5			1.0
5989.4			1.0
5990.3			1.0
5991.200000000001			1.0
5992.1			1.0
5993.0			1.0
5993.9			1.0
5994.8			1.0
5995.700000000001			1.0
5996.6			1.0
5997.5			1.0
5998.4			1.0
5999.3			1.0
6000.200000000001			1.0
6001.1			1.0
6002.0			1.0
6002.9			1.0
6003.8			1.0
6004.700000000001			1.0
6005.6			1.0
6006.5			1.0
6007.4			1.0
6008.3			1.0
6009.200000000001			1.0
6010.1			1.0
6011.0			1.0
6011.9			1.0
6012.8			1.0
6013.700000000001			1.0
6014.6			1.0
6015.5			1.0
6016.4			1.0
6017.3			1.0
6018.200000000001			1.0
6019.1			1.0
6020.0			1.0
6020.9			1.0
6021.8			1.0
6022.700000000001			1.0
6023.6			1.0
6024.5			1.0
6025.4			1.0
6026.3			1.0
6027.200000000001			1.0
6028.1			1.0
6029.0			1.0
6029.9			1.0
6030.8			1.0
6031.700000000001			1.0
6032.6			1.0
6033.5			1.0
6034.4			1.0
6035.3			1.0
6036.200000000001			1.0
6037.1			1.0
6038.0			1.0
6038.9			1.0
6039.8			1.0
6040.700000000001			1.0
6041.6			1.0
6042.5			1.0
6043.4			1.0
6044.3			1.0
6045.200000000001			1.0
6046.1			1.0
6047.0			1.0
6047.9			1.0
6048.8			1.0
6049.700000000001			1.0
6050.6			1.0
6051.5			1.0
6052.4			1.0
6053.3			1.0
6054.200000000001			1.0
6055.1			1.0
6056.0			1.0
6056.9			1.0
6057.8			1.0
6058.700000000001			1.0
6059.6			1.0
6060.5			1.0
6061.4			1.0
6062.3			1.0
6063.200000000001			1.0
6064.1			1.0
6065.0			1.0
6065.9			1.0
6066.8			1.0
6067.700000000001			1.0
6068.6			1.0
6069.5			1.0
6070.4			1.0
6071.3			1.0
6072.200000000001			1.0
6073.1			1.0
6074.0			1.0
6074.9			1.0
6075.8			1.0
6076.700000000001			1.0
6077.6			1.0
6078.5			1.0
6079.4			1.0
6080.3			1.0
6081.200000000001			1.0
6082.1			1.0
6083.0			1.0
6083.9			1.0
6084.8			1.0
6085.700000000001			1.0
6086.6			1.0
6087.5			1.0
6088.4			1.0
6089.3			1.0
6090.200000000001			1.0
6091.1			1.0
6092.0			1.0
6092.9			1.0
6093.8			1.0
6094.700000000001			1.0
6095.6			1.0
6096.5			1.0
6097.4			1.0
6098.3			1.0
6099.200000000001			1.0021431970953296
6100.1			0.9979939529207994
6101.0			0.9726840672014472
6101.9			0.9334916906550784
6102.8			0.9222994843101853
6103.700000000001			0.9559269123683156
6104.6			0.9917647378971698
6105.5			1.004427088563953
6106.4			1.0005203495152446
6107.3			1.0
6108.200000000001			1.0
6109.1			1.0
6110.0			1.0
6110.9			1.0
6111.8			1.0
6112.700000000001			1.0
6113.6			1.0
6114.5			1.0
6115.4			1.0
6116.3			1.0
6117.200000000001			1.0
6118.1			1.0
6119.0			1.0
6119.9			1.0
6120.8			1.0
6121.700000000001			1.0
6122.6			1.0
6123.5			1.0
6124.4			1.0
6125.3			1.0
6126.200000000001			1.0
6127.1			1.0
6128.0			1.0
6128.9			1.0
6129.8			1.0
6130.700000000001			1.0
6131.6			1.0
6132.5			1.0066546864326844
6133.4			1.0089387679210764
6134.3			0.9987548550373103
6135.200000000001			0.9610635745409357
6136.1			0.9005531876816188
6137.0			0.8762509049612217
6137.9			0.9260441083388047
6138.8			0.9989595275771661
6139.700000000001			1.031691340992216
6140.6			1.0191846902706132
6141.5			1.0037602173458842
6142.4			1.0
6143.3			1.0
6144.200000000001			1.0
6145.1			1.0
6146.0			1.0
6146.9			1.0
6147.8			1.0
6148.700000000001			1.0
6149.6			1.0
6150.5			1.0
6151.4			1.0
6152.3			1.0
6153.200000000001			1.0
6154.1			1.0
6155.0			1.0
6155.9			1.0
6156.8			0.9947327833160534
6157.700000000001			0.9933841445928017
6158.6			0.9989775185446921
6159.5			1.0005195426139981
6160.4			0.9815131474233717
6161.3			0.9458581506525342
6162.200000000001			0.9283671128904839
6163.1			0.9445063212458913
6164.0			0.9732588567868556
6164.9			0.9899177696205108
6165.8			0.995106060225992
6166.700000000001			1.003311373701575
6167.6			0.9987837486189232
6168.5			1.0
6169.4			1.0
6170.3			1.0
6171.200000000001			1.0
6172.1			1.0
6173.0			1.0
6173.9			1.0
6174.8			1.0
6175.700000000001			1.0
6176.6			1.0
6177.5			1.0
6178.4			1.0
6179.3			1.0
6180.200000000001			1.0
6181.1			1.0
6182.0			1.0
6182.9			1.0
6183.8			1.0
6184.700000000001			1.0
6185.6			1.0
6186.5			0.9888977922393082
6187.4			0.9798152157866676
6188.3			0.9779006793212834
6189.200000000001			0.9707707565115657
6190.1			0.9381283029637368
6191.0			0.9047377419790966
6191.9			0.9187027788569635
6192.8			0.9640719009720772
6193.700000000001			0.9921166821654978
6194.6			0.9970568992814717
6195.5			0.9999661878296118
6196.4			1.0
6197.3			1.0
6198.200000000001			1.0
6199.1			1.0
6200.0			1.0
6200.9			1.0
6201.8			1.0
6202.700000000001			1.0
6203.6			1.0
6204.5			1.0
6205.4			1.0
6206.3			1.0
6207.200000000001			1.0
6208.1			1.0
6209.0			1.0
6209.9			1.0
6210.8			1.0
6211.700000000001			1.0
6212.6			1.0
6213.5			1.0
6214.4			1.0
6215.3			1.0
6216.200000000001			1.0
6217.1			1.0
6218.0			1.0
6218.9			1.0
6219.8			1.0
6220.700000000001			1.0
6221.6			1.0
6222.5			1.0
6223.4			1.0
6224.3			1.0
6225.200000000001			1.0
6226.1			1.0005825939983233
6227.0			0.9966351768723942
6227.9			0.9868719738856692
6228.8			0.9629474248223641
6229.700000000001			0.9291345574010836
6230.6			0.9123881553104034
6231.5			0.9235941803617754
6232.4			0.9448557094672366
6233.3			0.9662861972636619
6234.200000000001			0.9878812718908605
6235.1			1.0005838519848225
6236.0			1.0
6236.9			1.0
6237.8			1.0
6238.700000000001			1.0
6239.6			1.0
6240.5			1.0
6241.4			1.0
6242.3			0.994828374003926
6243.200000000001			0.9932188054737371
6244.1			0.9961238958029148
6245.0			0.9864744361366721
6245.9			0.9753218343062304
6246.8			0.9870207977285747
6247.700000000001			1.013048587638231
6248.6			1.032033381283646
6249.5			1.0356163941223369
6250.4			1.0180011144609586
6251.3			0.9823912548838757
6252.200000000001			0.9526149770804511
6253.1			0.946042981923115
6254.0			0.9557181204598105
6254.9			0.963425497056649
6255.8			0.957882813276026
6256.700000000001			0.947157878880902
6257.6			0.9414423578642692
6258.5			0.9485418309702177
6259.4			0.9683159144979989
6260.3			0.9807030670696311
6261.200000000001			0.9836488467325943
6262.1			0.9935183768428475
6263.0			1.000089002042677
6263.9			0.9864194428586567
6264.8			0.9706081067881425
6265.700000000001			0.9787415120796888
6266.6			0.9999168984301582
6267.5			1.0084360868396576
6268.4			0.9981605527146086
6269.3			0.981583177983172
6270.200000000001			0.9773075431031354
6271.1			0.9880353629666055
6272.0			0.9990307425294481
6272.9			1.0001997169254961
6273.8			1.0
6274.700000000001			1.0
6275.6			1.0
6276.5			1.0
6277.4			1.0
6278.3			1.0
6279.200000000001			1.0
6280.1			1.0
6281.0			1.0
6281.9			1.0
6282.8			1.0
6283.700000000001			1.0
6284.6			1.0
6285.5			1.0
6286.4			1.0
6287.3			1.0
6288.200000000001			1.0
6289.1			1.0
6290.0			1.0
6290.9			1.0
6291.8			1.0
6292.700000000001			1.0
6293.6			1.0
6294.5			1.0
6295.4			1.0
6296.3			1.0
6297.200000000001			1.0
6298.1			1.0
6299.0			1.0
6299.9			1.0
6300.8			1.0
6301.700000000001			1.0
6302.6			1.0
6303.5			1.0
6304.4			1.0
6305.3			1.0
6306.200000000001			1.0
6307.1			1.0
6308.0			1.0
6308.9			1.0
6309.8			1.0
6310.700000000001			1.0
6311.6			1.0
6312.5			1.0
6313.4			1.0
6314.3			1.0
6315.200000000001			1.0
6316.1			1.0
6317.0			1.0
6317.9			1.0
6318.8			1.0
6319.700000000001			1.0
6320.6			1.0
6321.5			1.0
6322.4			1.0
6323.3			1.0
6324.200000000001			1.0
6325.1			1.0
6326.0			1.0
6326.9			1.0
6327.8			1.0
6328.700000000001			1.0
6329.6			1.0
6330.5			1.0
6331.4			1.0
6332.3			1.0
6333.200000000001			1.0
6334.1			1.0
6335.0			1.0
6335.9			1.0
6336.8			1.0
6337.700000000001			1.0
6338.6			1.0
6339.5			1.0
6340.4			1.0
6341.3			1.0
6342.200000000001			1.0
6343.1			1.0
6344.0			1.0
6344.9			1.0
6345.8			1.0
6346.700000000001			1.0
6347.6			1.0
6348.5			1.0
6349.4			1.0
6350.3			1.0
6351.200000000001			1.0
6352.1			1.0
6353.0			1.0
6353.9			1.0
6354.8			1.0
6355.700000000001			1.0
6356.6			1.0
6357.5			1.0
6358.4			1.0
6359.3			1.0
6360.200000000001			1.0
6361.1			1.0
6362.0			1.0
6362.9			1.0
6363.8			1.0
6364.700000000001			1.0
6365.6			1.0
6366.5			1.0
6367.4			1.0
6368.3			1.0
6369.200000000001			1.0
6370.1			1.0
6371.0			1.0
6371.9			1.0
6372.8			1.0
6373.700000000001			1.0
6374.6			1.0
6375.5			1.0
6376.4			1.0
6377.3			1.0
6378.200000000001			1.0
6379.1			1.0
6380.0			1.0
6380.9			1.0
6381.8			1.0
6382.700000000001			1.0
6383.6			1.0
6384.5			1.0
6385.4			1.0
6386.3			1.0
6387.200000000001			1.0
6388.1			1.0
6389.0			1.0
6389.9			1.0
6390.8			1.0
6391.700000000001			1.0
6392.6			1.0
6393.5			1.0
6394.4			1.0
6395.3			1.0
6396.200000000001			1.0
6397.1			0.9985214414569007
6398.0			0.9767788263126089
6398.9			0.9308683453079853
6399.8			0.903911172756333
6400.700000000001			0.9311714486060854
6401.6			0.97597642174885
6402.5			0.9997603297797494
6403.4			1.0
6404.3			1.0
6405.200000000001			1.0
6406.1			1.0
6407.0			1.0
6407.9			1.0
6408.8			1.0
6409.700000000001			1.0
6410.6			1.0
6411.5			1.0
6412.4			1.0
6413.3			1.0
6414.200000000001			1.0
6415.1			1.0
6416.0			1.0
6416.9			1.0
6417.8			1.0
6418.700000000001			1.0
6419.6			1.0
6420.5			1.0
6421.4			1.0
6422.3			1.0
6423.200000000001			1.0
6424.1			1.0
6425.0			1.0
6425.9			1.0
6426.8			1.0
6427.700000000001			1.0
6428.6			1.0
6429.5			1.0
6430.4			1.0
6431.3			1.0
6432.200000000001			1.0
6433.1			1.0
6434.0			1.0
6434.9			1.0
6435.8			1.0
6436.700000000001			1.0
6437.6			1.0
6438.5			1.0
6439.4			1.0
6440.3			1.0
6441.200000000001			1.0
6442.1			1.0
6443.0			1.0
6443.9			1.0
6444.8			1.0
6445.700000000001			1.0
6446.6			1.0
6447.5			1.0
6448.4			1.0
6449.3			1.0
6450.200000000001			1.0
6451.1			1.0
6452.0			1.0
6452.9			1.0
6453.8			1.0
6454.700000000001			1.0
6455.6			1.0
6456.5			1.0
6457.4			1.0
6458.3			1.0
6459.200000000001			1.0
6460.1			1.0
6461.0			1.0
6461.9			1.0
6462.8			1.0
6463.700000000001			1.0
6464.6			1.0
6465.5			1.0
6466.4			1.0
6467.3			1.0
6468.200000000001			1.0
6469.1			1.0
6470.0			1.0
6470.9			1.0
6471.8			1.0
6472.700000000001			1.0
6473.6			1.0
6474.5			1.0
6475.4			1.0
6476.3			1.0
6477.200000000001			1.0
6478.1			1.0
6479.0			1.0
6479.9			1.0
6480.8			1.0
6481.700000000001			1.0
6482.6			1.0
6483.5			1.0
6484.4			1.0
6485.3			1.0
6486.200000000001			1.0
6487.1			1.0009215847671562
6488.0			0.9982161625884031
6488.9			0.9933399574691997
6489.8			0.9860584529650623
6490.700000000001			0.9759812783958111
6491.6			0.9635833450898882
6492.5			0.9393621011553629
6493.4			0.901058872553507
6494.3			0.8736567048877429
6495.200000000001			0.868808914508793
6496.1			0.8787723164633878
6497.0			0.8954929330613833
6497.9			0.9052970641906066
6498.8			0.9135943154347103
6499.700000000001			0.9368042051652724
6500.6			0.967029587944669
6501.5			0.9873054185943665
6502.4			0.9954353133175773
6503.3			0.9998446625430766
6504.200000000001			1.0
6505.1			1.0
6506.0			1.0
6506.9			1.0
6507.8			1.0
6508.700000000001			1.0
6509.6			1.0
6510.5			1.0
6511.4			1.0
6512.3			1.0
6513.200000000001			1.0
6514.1			1.0
6515.0			1.0
6515.9			1.0
6516.8			1.0
6517.700000000001			1.0
6518.6			1.0
6519.5			1.0
6520.4			1.0
6521.3			1.0
6522.200000000001			1.0
6523.1			1.0
6524.0			1.0
6524.9			1.0
6525.8			1.0
6526.700000000001			1.0
6527.6			1.0
6528.5			1.0
6529.4			1.0
6530.3			1.0
6531.200000000001			1.0
6532.1			1.0
6533.0			1.0
6533.9			1.0
6534.8			1.0
6535.700000000001			1.0
6536.6			1.0
6537.5			1.0
6538.4			1.0
6539.3			1.0
6540.200000000001			1.0
6541.1			1.0
6542.0			1.0
6542.9			1.0
6543.8			1.0
6544.700000000001			1.0
6545.6			1.0
6546.5			1.0
6547.4			1.0
6548.3			1.0
6549.200000000001			1.0
6550.1			1.0
6551.0			1.0
6551.9			1.0
6552.8			1.0
6553.700000000001			1.0
6554.6			1.0
6555.5			1.0
6556.4			1.0
6557.3			1.0
6558.200000000001			1.0
6559.1			0.9898553541180475
6560.0			0.9527754603933011
6560.9			0.8284795378822989
6561.8			0.6640437547303207
6562.700000000001			0.6291195921766318
6563.6			0.7597013672107902
6564.5			0.9099204578168191
6565.4			0.9832737440044909
6566.3			1.0009480681560048
6567.200000000001			1.0
6568.1			1.0
6569.0			1.0
6569.9			1.0
6570.8			1.0
6571.700000000001			1.0
6572.6			1.0
6573.5			1.0
6574.4			1.0
6575.3			1.0
6576.200000000001			1.0
6577.1			1.0
6578.0			1.0
6578.9			1.0
6579.8			1.0
6580.700000000001			1.0
6581.6			1.0
6582.5			1.0
6583.4			1.0
6584.3			1.0
6585.200000000001			1.0
6586.1			1.0
6587.0			1.0
6587.9			1.0
6588.8			1.0069992702266144
6589.700000000001			1.0082172561165268
6590.6			0.9912929060214541
6591.5			0.9537735706617982
6592.4			0.9203859810972504
6593.3			0.924027489675299
6594.200000000001			0.959529543831397
6595.1			0.990382774669253
6596.0			1.0000021215569586
6596.9			1.0
6597.8			1.0
6598.700000000001			1.0
6599.6			1.0
6600.5			1.0
6601.4			1.0
6602.3			1.0
6603.200000000001			1.0
6604.1			1.0
6605.0			1.0
6605.9			1.0
6606.8			1.0
6607.700000000001			1.0
6608.6			1.0
6609.5			1.0
6610.4			1.0
6611.3			1.0
6612.200000000001			1.0
6613.1			1.0
6614.0			1.0
6614.9			1.0
6615.8			1.0
6616.700000000001			1.0
6617.6			1.0
6618.5			1.0
6619.4			1.0
6620.3			1.0
6621.200000000001			1.0
6622.1			1.0
6623.0			1.0
6623.9			1.0
6624.8			1.0
6625.700000000001			1.0
6626.6			1.0
6627.5			1.0
6628.4			1.0
6629.3			1.0
6630.200000000001			1.0
6631.1			1.0
6632.0			1.0
6632.9			1.0
6633.8			1.0
6634.700000000001			1.0
6635.6			1.0
6636.5			1.0
6637.4			1.0
6638.3			1.0
6639.200000000001			1.0
6640.1			1.0
6641.0			1.0
6641.9			1.0
6642.8			1.0
6643.700000000001			1.0
6644.6			1.0
6645.5			1.0
6646.4			1.0
6647.3			1.0
6648.200000000001			1.0
6649.1			1.0
6650.0			1.0
6650.9			1.0
6651.8			1.0
6652.700000000001			1.0
6653.6			1.0
6654.5			1.0
6655.4			1.0
6656.3			1.0
6657.200000000001			1.0
6658.1			1.0
6659.0			1.0
6659.9			1.0
6660.8			1.0
6661.700000000001			1.0
6662.6			1.0
6663.5			1.0
6664.4			1.0
6665.3			1.0
6666.200000000001			1.0
6667.1			1.0
6668.0			1.0
6668.9			1.0
6669.8			1.0
6670.700000000001			1.0
6671.6			1.0
6672.5			1.0
6673.4			1.0
6674.3			1.0
6675.200000000001			1.0
6676.1			1.0
6677.0			1.0
6677.9			1.0
6678.8			1.0
6679.700000000001			1.0
6680.6			1.0
6681.5			1.0
6682.4			1.0
6683.3			1.0
6684.200000000001			1.0
6685.1			1.0
6686.0			1.0
6686.9			1.0
6687.8			1.0
6688.700000000001			1.0
6689.6			1.0
6690.5			1.0
6691.4			1.0
6692.3			1.0
6693.200000000001			1.0
6694.1			1.0
6695.0			1.0
6695.9			1.0
6696.8			1.0
6697.700000000001			1.0
6698.6			1.0
6699.5			1.0
6700.4			1.0
6701.3			1.0
6702.200000000001			1.0
6703.1			1.0
6704.0			1.0
6704.9			1.0
6705.8			1.0
6706.700000000001			1.0
6707.6			1.0
6708.5			1.0
6709.4			1.0
6710.3			1.0
6711.200000000001			1.0
6712.1			1.0
6713.0			1.0
6713.9			1.0
6714.8			1.0
6715.700000000001			1.0
6716.6			1.0
6717.5			1.0
6718.4			1.0
6719.3			1.0
6720.200000000001			1.0
6721.1			1.0
6722.0			1.0
6722.9			1.0
6723.8			1.0
6724.700000000001			1.0
6725.6			1.0
6726.5			1.0
6727.4			1.0
6728.3			1.0
6729.200000000001			1.0
6730.1			1.0
6731.0			1.0
6731.9			1.0
6732.8			1.0
6733.700000000001			1.0
6734.6			1.0
6735.5			1.0
6736.4			1.0
6737.3			1.0
6738.200000000001			1.0
6739.1			1.0
6740.0			1.0
6740.9			1.0
6741.8			1.0
6742.700000000001			1.0
6743.6			1.0
6744.5			1.0
6745.4			1.0
6746.3			1.0
6747.200000000001			1.0
6748.1			1.0
6749.0			1.0
6749.9			1.0
6750.8			1.0
6751.700000000001			1.0
6752.6			1.0
6753.5			1.0
6754.4			1.0
6755.3			1.0
6756.200000000001			1.0
6757.1			1.0
6758.0			1.0
6758.9			1.0
6759.8			1.0
6760.700000000001			1.0
6761.6			1.0
6762.5			1.0
6763.4			1.0
6764.3			1.0
6765.200000000001			1.0
6766.1			1.0
6767.0			1.0
6767.9			1.0
6768.8			1.0
6769.700000000001			1.0
6770.6			1.0
6771.5			1.0
6772.4			1.0
6773.3			1.0
6774.200000000001			1.0
6775.1			1.0
6776.0			1.0
6776.9			1.0
6777.8			1.0
6778.700000000001			1.0
6779.6			1.0
6780.5			1.0
6781.4			1.0
6782.3			1.0
6783.200000000001			1.0
6784.1			1.0
6785.0			1.0
6785.9			1.0
6786.8			1.0
6787.700000000001			1.0
6788.6			1.0
6789.5			1.0
6790.4			1.0
6791.3			1.0
6792.200000000001			1.0
6793.1			1.0
6794.0			1.0
6794.9			1.0
6795.8			1.0
6796.700000000001			1.0
6797.6			1.0
6798.5			1.0
6799.4			1.0
6800.3			1.0
6801.200000000001			1.0
6802.1			1.0
6803.0			1.0
6803.9			1.0
6804.8			1.0
6805.700000000001			1.0
6806.6			1.0
6807.5			1.0
6808.4			1.0
6809.3			1.0
6810.200000000001			1.0
6811.1			1.0
6812.0			1.0
6812.9			1.0
6813.8			1.0
6814.700000000001			1.0
6815.6			1.0
6816.5			1.0
6817.4			1.0
6818.3			1.0
6819.200000000001			1.0
6820.1			1.0
6821.0			1.0
6821.9			1.0
6822.8			1.0
6823.700000000001			1.0
6824.6			1.0
6825.5			1.0
6826.4			1.0
6827.3			1.0
6828.200000000001			1.0
6829.1			1.0
6830.0			1.0
6830.9			1.0
6831.8			1.0
6832.700000000001			1.0
6833.6			1.0
6834.5			1.0
6835.4			1.0
6836.3			1.0
6837.200000000001			1.0
6838.1			1.0
6839.0			1.0
6839.9			1.0
6840.8			1.0
6841.700000000001			1.0
6842.6			1.0
6843.5			1.0
6844.4			1.0
6845.3			1.0
6846.200000000001			1.0
6847.1			1.0
6848.0			1.0
6848.9			1.0
6849.8			1.0
6850.700000000001			1.0
6851.6			1.0
6852.5			1.0
6853.4			1.0
6854.3			1.0
6855.200000000001			1.0
6856.1			1.0
6857.0			1.0
6857.9			1.0
6858.8			1.0
6859.700000000001			1.0
6860.6			1.0
6861.5			1.0
6862.4			1.0
6863.3			1.0
6864.200000000001			1.0
6865.1			1.0
6866.0			1.0
6866.9			1.0
6867.8			1.0
6868.700000000001			1.0
6869.6			1.0
6870.5			1.0
6871.4			1.0
6872.3			1.0
6873.200000000001			1.0
6874.1			1.0
6875.0			1.0
6875.9			1.0
6876.8			1.0
6877.700000000001			1.0
6878.6			1.0
6879.5			1.0
6880.4			1.0
6881.3			1.0
6882.200000000001			1.0
6883.1			1.0
6884.0			1.0
6884.9			1.0
6885.8			1.0
6886.700000000001			1.0
6887.6			1.0
6888.5			1.0
6889.4			1.0
6890.3			1.0
6891.200000000001			1.0
6892.1			1.0
6893.0			1.0
6893.9			1.0
6894.8			1.0
6895.700000000001			1.0
6896.6			1.0
6897.5			1.0
6898.4			1.0
6899.3			1.0
6900.200000000001			1.0
6901.1			1.0
6902.0			1.0
6902.9			1.0
6903.8			1.0
6904.700000000001			1.0
6905.6			1.0
6906.5			1.0
6907.4			1.0
6908.3			1.0
6909.200000000001			1.0
6910.1			1.0
6911.0			1.0
6911.9			1.0
6912.8			1.0
6913.700000000001			1.0
6914.6			1.0
6915.5			1.0
6916.4			1.0
6917.3			1.0
6918.200000000001			1.0
6919.1			1.0
6920.0			1.0
6920.9			1.0
6921.8			1.0
6922.700000000001			1.0
6923.6			1.0
6924.5			1.0
6925.4			1.0
6926.3			1.0
6927.200000000001			1.0
6928.1			1.0
6929.0			1.0
6929.9			1.0
6930.8			1.0
6931.700000000001			1.0
6932.6			1.0
6933.5			1.0
6934.4			1.0
6935.3			1.0
6936.200000000001			1.0
6937.1			1.0
6938.0			1.0
6938.9			1.0
6939.8			1.0
6940.700000000001			1.0
6941.6			1.0
6942.5			1.0
6943.4			1.0
6944.3			1.0
6945.200000000001			1.0
6946.1			1.0
6947.0			1.0
6947.9			1.0
6948.8			1.0
6949.700000000001			1.0
6950.6			1.0
6951.5			1.0
6952.4			1.0
6953.3			1.0
6954.200000000001			1.0
6955.1			1.0
6956.0			1.0
6956.9			1.0
6957.8			1.0
6958.700000000001			1.0
6959.6			1.0
6960.5			1.0
6961.4			1.0
6962.3			1.0
6963.200000000001			1.0
6964.1			1.0
6965.0			1.0
6965.9			1.0
6966.8			1.0
6967.700000000001			1.0
6968.6			1.0
6969.5			1.0
6970.4			1.0
6971.3			1.0
6972.200000000001			1.0
6973.1			1.0
6974.0			1.0
6974.9			1.0
6975.8			1.0
6976.700000000001			1.0
6977.6			1.0
6978.5			1.0
6979.4			1.0
6980.3			1.0
6981.200000000001			1.0
6982.1			1.0
6983.0			1.0
6983.9			1.0
6984.8			1.0
6985.700000000001			1.0
6986.6			1.0
6987.5			1.0
6988.4			1.0
6989.3			1.0
6990.200000000001			1.0
6991.1			1.0
6992.0			1.0
6992.9			1.0
6993.8			1.0
6994.700000000001			1.0
6995.6			1.0
6996.5			1.0
6997.4			1.0
6998.3			1.0
6999.200000000001			1.0
7000.1			1.0
7001.0			1.0
7001.9			1.0
7002.8			1.0
7003.700000000001			1.0
7004.6			1.0
7005.5			1.0
7006.4			1.0
7007.3			1.0
7008.200000000001			1.0
7009.1			1.0
7010.0			1.0
7010.9			1.0
7011.8			1.0
7012.700000000001			1.0
7013.6			1.0
7014.5			1.0
7015.4			1.0
7016.3			1.0
7017.200000000001			1.0
7018.1			1.0
7019.0			1.0
7019.9			1.0
7020.8			1.0
7021.700000000001			1.0
7022.6			1.0
7023.5			1.0
7024.4			1.0
7025.3			1.0
7026.200000000001			1.0
7027.1			1.0
7028.0			1.0
7028.9			1.0
7029.8			1.0
7030.700000000001			1.0
7031.6			1.0
7032.5			1.0
7033.4			1.0
7034.3			1.0
7035.200000000001			1.0
7036.1			1.0
7037.0			1.0
7037.9			1.0
7038.8			1.0
7039.700000000001			1.0
7040.6			1.0
7041.5			1.0
7042.4			1.0
7043.3			1.0
7044.200000000001			1.0
7045.1			1.0
7046.0			1.0
7046.9			1.0
7047.8			1.0
7048.700000000001			1.0
7049.6			1.0
7050.5			1.0
7051.4			1.0
7052.3			1.0
7053.200000000001			1.0
7054.1			1.0
7055.0			1.0
7055.9			1.0
7056.8			1.0
7057.700000000001			1.0
7058.6			1.0
7059.5			1.0
7060.4			1.0
7061.3			1.0
7062.200000000001			1.0
7063.1			1.0
7064.0			1.0
7064.9			1.0
7065.8			1.0
7066.700000000001			1.0
7067.6			1.0
7068.5			1.0
7069.4			1.0
7070.3			1.0
7071.200000000001			1.0
7072.1			1.0
7073.0			1.0
7073.9			1.0002147897738596
7074.8			1.0019263688171072
7075.700000000001			1.0026573702520012
7076.6			1.0012321448852062
7077.5			0.9972806271145755
7078.4			0.9938843234846718
7079.3			0.9918855132142385
7080.200000000001			0.9894189363820816
7081.1			0.9825275229804985
7082.0			0.9692333484746124
7082.9			0.9489324402550935
7083.8			0.9332605892849493
7084.700000000001			0.9331750947279638
7085.6			0.9449664006942626
7086.5			0.9532705585645886
7087.4			0.9515472871779375
7088.3			0.9425197373959645
7089.200000000001			0.9325616706324275
7090.1			0.9301544930729524
7091.0			0.9329131436183318
7091.9			0.9338453729950434
7092.8			0.9309143746914544
7093.700000000001			0.9271576691207105
7094.6			0.9250709865536483
7095.5			0.9246444904077051
7096.4			0.9294256869146437
7097.3			0.9601286027858414
7098.200000000001			0.986093346158059
7099.1			0.9886441882766247
7100.0			0.987025148089983
7100.9			0.9853742871598103
7101.8			0.9864908705412802
7102.700000000001			0.9896689078356649
7103.6			0.9932918088936319
7104.5			0.9945703350922758
7105.4			0.9926535688414243
7106.3			0.9906357859506175
7107.200000000001			0.989799933834772
7108.1			0.986308491058988
7109.0			0.9766383371501066
7109.9			0.969874463183692
7110.8			0.9737850513002736
7111.700000000001			0.9838660571454204
7112.6			0.9924913287712085
7113.5			0.9966267943588416
7114.4			0.9984131574665248
7115.3			0.9991071443321695
7116.200000000001			0.9999340675204494
7117.1			0.9997115306512255
7118.0			1.0
7118.9			1.0
7119.8			1.0
7120.700000000001			1.0
7121.6			1.0
7122.5			1.0
7123.4			1.0
7124.3			1.0
7125.200000000001			1.0
7126.1			1.0
7127.0			1.0
7127.9			1.0
7128.8			1.0
7129.700000000001			1.0
7130.6			1.0
7131.5			1.0
7132.4			1.0
7133.3			1.0
7134.200000000001			1.0
7135.1			1.0
7136.0			1.0
7136.9			1.0
7137.8			1.0
7138.700000000001			1.0
7139.6			1.0
7140.5			1.0
7141.4			1.0
7142.3			1.0
7143.200000000001			1.0
7144.1			1.0
7145.0			1.0
7145.9			1.0
7146.8			1.0
7147.700000000001			1.0
7148.6			1.0
7149.5			1.0
7150.4			1.0
7151.3			1.0
7152.200000000001			1.0
7153.1			1.0
7154.0			1.0
7154.9			1.0
7155.8			1.0
7156.700000000001			1.0
7157.6			1.0
7158.5			1.0
7159.4			1.0
7160.3			1.0
7161.200000000001			1.0
7162.1			1.0
7163.0			1.0
7163.9			1.0
7164.8			1.0
7165.700000000001			1.0
7166.6			1.0
7167.5			1.0
7168.4			1.0
7169.3			1.0
7170.200000000001			1.0
7171.1			1.0
7172.0			1.0
7172.9			1.0
7173.8			1.0
7174.700000000001			1.0
7175.6			1.0
7176.5			1.0
7177.4			1.0
7178.3			1.0
7179.200000000001			1.0
7180.1			1.0
7181.0			1.0
7181.9			1.0
7182.8			1.0
7183.700000000001			1.0
7184.6			1.0
7185.5			1.0
7186.4			1.0
7187.3			1.0
7188.200000000001			1.0
7189.1			1.0
7190.0			1.0
7190.9			1.0
7191.8			1.0
7192.700000000001			1.0
7193.6			1.0
7194.5			1.0
7195.4			1.0
7196.3			1.0
7197.200000000001			1.0
7198.1			1.0
7199.0			1.0
7199.9			1.0
7200.8			1.0
7201.700000000001			1.0
7202.6			1.0
7203.5			1.0
7204.4			1.0
7205.3			1.0
7206.200000000001			1.0
7207.1			1.0
7208.0			1.0
7208.9			1.0
7209.8			1.0
7210.700000000001			1.0
7211.6			1.0
7212.5			1.0
7213.4			1.0
7214.3			1.0
7215.200000000001			1.0
7216.1			1.0
7217.0			1.0
7217.9			1.0
7218.8			1.0
7219.700000000001			1.0
7220.6			1.0
7221.5			1.0
7222.4			1.0
7223.3			1.0
7224.200000000001			1.0
7225.1			1.0
7226.0			1.0
7226.9			1.0
7227.8			1.0
7228.700000000001			1.0
7229.6			1.0
7230.5			1.0
7231.4			1.0
7232.3			1.0
7233.200000000001			1.0
7234.1			1.0
7235.0			1.0
7235.9			1.0
7236.8			1.0
7237.700000000001			1.0
7238.6			1.0
7239.5			1.0
7240.4			1.0
7241.3			1.0
7242.200000000001			1.0
7243.1			1.0
7244.0			1.0
7244.9			1.0
7245.8			1.0
7246.700000000001			1.0
7247.6			1.0
7248.5			1.0
7249.4			1.0
7250.3			1.0
7251.200000000001			1.0
7252.1			1.0
7253.0			1.0
7253.9			1.0
7254.8			1.0
7255.700000000001			1.0
7256.6			1.0
7257.5			1.0
7258.4			1.0
7259.3			1.0
7260.200000000001			1.0
7261.1			1.0
7262.0			1.0
7262.9			1.0
7263.8			1.0
7264.700000000001			1.0
7265.6			1.0
7266.5			1.0
7267.4			1.0
7268.3			1.0
7269.200000000001			1.0
7270.1			1.0
7271.0			1.0
7271.9			1.0
7272.8			1.0
7273.700000000001			1.0
7274.6			1.0
7275.5			1.0
7276.4			1.0
7277.3			1.0
7278.200000000001			1.0
7279.1			1.0
7280.0			1.0
7280.9			1.0
7281.8			1.0
7282.700000000001			1.0
7283.6			1.0
7284.5			1.0
7285.4			1.0
7286.3			1.0
7287.200000000001			1.0
7288.1			1.0
7289.0			1.0
7289.9			1.0
7290.8			1.0
7291.700000000001			1.0
7292.6			1.0
7293.5			1.0
7294.4			1.0
7295.3			1.0
7296.200000000001			1.0
7297.1			1.0
7298.0			1.0
7298.9			1.0
7299.8			1.0
7300.700000000001			1.0
7301.6			1.0
7302.5			1.0
7303.4			1.0
7304.3			1.0
7305.200000000001			1.0
7306.1			1.0
7307.0			1.0
7307.9			1.0
7308.8			1.0
7309.700000000001			1.0
7310.6			1.0
7311.5			1.0
7312.4			1.0
7313.3			1.0
7314.200000000001			1.0
7315.1			1.0
7316.0			1.0
7316.9			1.0
7317.8			1.0
7318.700000000001			1.0
7319.6			1.0
7320.5			1.0
7321.4			1.0
7322.3			1.0
7323.200000000001			1.0
7324.1			1.0
7325.0			1.0
7325.9			1.0
7326.8			1.0
7327.700000000001			1.0
7328.6			1.0
7329.5			1.0
7330.4			1.0
7331.3			1.0
7332.200000000001			1.0
7333.1			1.0
7334.0			1.0
7334.9			1.0
7335.8			1.0
7336.700000000001			1.0
7337.6			1.0
7338.5			1.0
7339.4			1.0
7340.3			1.0
7341.200000000001			1.0
7342.1			1.0
7343.0			1.0
7343.9			1.0
7344.8			1.0
7345.700000000001			1.0
7346.6			1.0
7347.5			1.0
7348.4			1.0
7349.3			1.0
7350.200000000001			1.0
7351.1			1.0
7352.0			1.0
7352.9			1.0
7353.8			1.0
7354.700000000001			1.0
7355.6			1.0
7356.5			1.0
7357.4			1.0
7358.3			1.0
7359.200000000001			1.0
7360.1			1.0
7361.0			1.0
7361.9			1.0
7362.8			1.0
7363.700000000001			1.0
7364.6			1.0
7365.5			1.0
7366.4			1.0
7367.3			1.0
7368.200000000001			1.0
7369.1			1.0
7370.0			1.0
7370.9			1.0
7371.8			1.0
7372.700000000001			1.0
7373.6			1.0
7374.5			1.0
7375.4			1.0
7376.3			1.0
7377.200000000001			1.0
7378.1			1.0
7379.0			1.0
7379.9			1.0
7380.8			1.0
7381.700000000001			1.0
7382.6			1.0
7383.5			1.0
7384.4			1.0
7385.3			1.0
7386.200000000001			1.0
7387.1			1.0
7388.0			1.0
7388.9			1.0
7389.8			1.0
7390.700000000001			1.0
7391.6			1.0
7392.5			1.0
7393.4			1.0
7394.3			1.0
7395.200000000001			1.0
7396.1			1.0
7397.0			1.0
7397.9			1.0
7398.8			1.0
7399.700000000001			1.0
7400.6			1.0
7401.5			1.0
7402.4			1.0
7403.3			1.0
7404.200000000001			1.0
7405.1			1.0
7406.0			1.0
7406.9			1.0
7407.8			1.0
7408.700000000001			1.0
7409.6			1.0
7410.5			1.0
7411.4			1.0
7412.3			1.0
7413.200000000001			1.0
7414.1			1.0
7415.0			1.0
7415.9			1.0
7416.8			1.0
7417.700000000001			1.0
7418.6			1.0
7419.5			1.0
7420.4			1.0
7421.3			1.0
7422.200000000001			1.0
7423.1			1.0
7424.0			1.0
7424.9			1.0
7425.8			1.0
7426.700000000001			1.0
7427.6			1.0
7428.5			1.0
7429.4			1.0
