3500.0			1.0
3500.9			1.0
3501.8			1.0
3502.7			1.0
3503.6			1.0
3504.5			1.0
3505.4			1.0
3506.3			1.0
3507.2			1.0
3508.1			1.0
3509.0			1.0
3509.9			1.0
3510.8			1.0
3511.7			1.0
3512.6			1.0
3513.5			1.0
3514.4			1.0
3515.3			1.0
3516.2			1.0
3517.1			1.0
3518.0			1.0
3518.9			1.0
3519.8			1.0
3520.7			1.0
3521.6			1.0
3522.5			1.0
3523.4			1.0
3524.3			1.0
3525.2			1.0
3526.1			1.0
3527.0			1.0
3527.9			1.0
3528.8			1.0
3529.7			1.0
3530.6			1.0
3531.5			1.0
3532.4			1.0
3533.3			1.0
3534.2			1.0
3535.1			1.0
3536.0			1.0
3536.9			1.0
3537.8			1.0
3538.7			1.0
3539.6			1.0
3540.5			1.0
3541.4			1.0
3542.3			1.0
3543.2			1.0
3544.1			1.0
3545.0			1.0
3545.9			1.0
3546.8			1.0
3547.7			1.0
3548.6			1.0
3549.5			1.0
3550.4			1.0
3551.3			1.0
3552.2			1.0
3553.1			1.0
3554.0			1.0
3554.9			1.0
3555.8			1.0
3556.7			1.0
3557.6			1.0
3558.5			1.0
3559.4			1.0
3560.3			1.0
3561.2			1.0
3562.1			1.0
3563.0			1.0
3563.9			1.0
3564.8			1.0
3565.7			1.0
3566.6			1.0
3567.5			1.0
3568.4			1.0
3569.3			1.0
3570.2			1.0
3571.1			1.0
3572.0			1.0
3572.9			1.0
3573.8			1.0
3574.7			1.0
3575.6			1.0
3576.5			1.0
3577.4			1.0
3578.3			1.0
3579.2			1.0
3580.1			1.0
3581.0			1.0
3581.9			1.0
3582.8			1.0
3583.7			1.0
3584.6			1.0
3585.5			1.0
3586.4			1.0
3587.3			1.0
3588.2			1.0
3589.1			1.0
3590.0			1.0
3590.9			1.0
3591.8			1.0
3592.7			1.0
3593.6			1.0
3594.5			1.0
3595.4			1.0
3596.3			1.0
3597.2			1.0
3598.1			1.0
3599.0			1.0
3599.9			1.0
3600.8			1.0
3601.7			1.0
3602.6			1.0
3603.5			1.0
3604.4			1.0
3605.3			1.0
3606.2			1.0
3607.1			1.0
3608.0			1.0
3608.9			1.0
3609.8			1.0
3610.7			1.0
3611.6			1.0
3612.5			1.0
3613.4			1.0
3614.3			1.0
3615.2			1.0
3616.1			1.0
3617.0			1.0
3617.9			1.0
3618.8			1.0
3619.7			1.0
3620.6			1.0
3621.5			1.0
3622.4			1.0
3623.3			1.0
3624.2			1.0
3625.1			1.0
3626.0			1.0
3626.9			1.0
3627.8			1.0
3628.7			1.0
3629.6			1.0
3630.5			1.0
3631.4			1.0
3632.3			1.0
3633.2			1.0
3634.1			1.0
3635.0			1.0
3635.9			1.0
3636.8			1.0
3637.7			1.0
3638.6			1.0
3639.5			1.0
3640.4			1.0
3641.3			1.0
3642.2			1.0
3643.1			1.0
3644.0			1.0
3644.9			1.0
3645.8			1.0
3646.7			1.0
3647.6			1.0
3648.5			1.0
3649.4			1.0
3650.3			1.0
3651.2			1.0
3652.1			1.0
3653.0			1.0
3653.9			1.0
3654.8			1.0
3655.7			1.0
3656.6			1.0
3657.5			1.0
3658.4			1.0
3659.3			1.0
3660.2			1.0
3661.1			1.0
3662.0			1.0
3662.9			1.0
3663.8			1.0
3664.7			1.0
3665.6			1.0
3666.5			1.0
3667.4			1.0
3668.3			1.0
3669.2			1.0
3670.1			1.0
3671.0			1.0
3671.9			1.0
3672.8			1.0
3673.7			1.0
3674.6			1.0
3675.5			1.0
3676.4			1.0
3677.3			1.0
3678.2			1.0
3679.1			1.0
3680.0			1.0
3680.9			1.0
3681.8			1.0
3682.7			1.0
3683.6			1.0
3684.5			1.0
3685.4			1.0
3686.3			1.0
3687.2			1.0
3688.1			1.0
3689.0			1.0
3689.9			1.0
3690.8			1.0
3691.7			1.0
3692.6			1.0
3693.5			1.0
3694.4			1.0
3695.3			1.0
3696.2			1.0
3697.1			1.0
3698.0			1.0
3698.9			1.0
3699.8			1.0
3700.7			1.0
3701.6			1.0
3702.5			1.0
3703.4			1.0
3704.3			1.0
3705.2			1.0
3706.1			1.0
3707.0			1.0
3707.9			1.0
3708.8			1.0
3709.7			1.0
3710.6			1.0
3711.5			1.0
3712.4			1.0
3713.3			1.0
3714.2			1.0
3715.1			1.0
3716.0			1.0
3716.9			1.0
3717.8			1.0
3718.7			1.0
3719.6			1.0
3720.5			1.0
3721.4			1.0
3722.3			1.0
3723.2			1.0
3724.1			1.0
3725.0			1.0
3725.9			1.0
3726.8			1.0
3727.7			1.0
3728.6			1.0
3729.5			1.0
3730.4			1.0
3731.3			1.0
3732.2			1.0
3733.1			1.0
3734.0			1.0
3734.9			1.0
3735.8			1.0
3736.7			1.0
3737.6			1.0
3738.5			1.0
3739.4			1.0
3740.3			1.0
3741.2			1.0
3742.1			1.0
3743.0			1.0
3743.9			1.0
3744.8			1.0
3745.7			1.0
3746.6			1.0
3747.5			1.0
3748.4			1.0
3749.3			1.0
3750.2			1.0
3751.1			1.0
3752.0			1.0
3752.9			1.0
3753.8			1.0
3754.7			1.0
3755.6			1.0
3756.5			1.0
3757.4			1.0
3758.3			1.0
3759.2			1.0
3760.1			1.0
3761.0			1.0
3761.9			1.0
3762.8			1.0
3763.7			1.0
3764.6			1.0
3765.5			1.0
3766.4			1.0
3767.3			1.0
3768.2			1.0
3769.1			1.0
3770.0			1.0
3770.9			1.0
3771.8			1.0
3772.7			1.0
3773.6			1.0
3774.5			1.0
3775.4			1.0
3776.3			1.0
3777.2			1.0
3778.1			1.0
3779.0			1.0
3779.9			1.0
3780.8			1.0
3781.7			1.0
3782.6			1.0
3783.5			1.0
3784.4			1.0
3785.3			1.0
3786.2			1.0
3787.1			1.0
3788.0			1.0
3788.9			1.0
3789.8			1.0
3790.7			1.0
3791.6			1.0
3792.5			1.0
3793.4			1.0
3794.3			1.0
3795.2			1.0
3796.1			1.0
3797.0			1.0
3797.9			1.0
3798.8			1.0
3799.7			1.0
3800.6			1.0
3801.5			1.0
3802.4			1.0
3803.3			1.0
3804.2			1.0
3805.1			1.0
3806.0			1.0
3806.9			1.0
3807.8			1.0
3808.7			1.0
3809.6			1.0
3810.5			1.0
3811.4			1.0
3812.3			1.0
3813.2			1.0
3814.1			1.0
3815.0			1.0
3815.9			1.0
3816.8			1.0
3817.7			1.0
3818.6			1.0
3819.5			1.0
3820.4			1.0
3821.3			1.0
3822.2			1.0
3823.1			1.0
3824.0			1.0
3824.9			1.0
3825.8			1.0
3826.7			1.0
3827.6			1.0
3828.5			1.0
3829.4			1.0
3830.3			1.0
3831.2			1.0
3832.1			1.0
3833.0			1.0
3833.9			1.0
3834.8			1.0
3835.7			1.0
3836.6			1.0
3837.5			1.0
3838.4			1.0
3839.3			1.0
3840.2			1.0
3841.1			1.0
3842.0			1.0
3842.9			1.0
3843.8			1.0
3844.7			1.0
3845.6			1.0
3846.5			1.0
3847.4			1.0
3848.3			1.0
3849.2			1.0
3850.1			1.0
3851.0			1.0
3851.9			1.0
3852.8			1.0
3853.7			1.0
3854.6			1.0
3855.5			1.0
3856.4			1.0
3857.3			1.0
3858.2			1.0
3859.1			1.0
3860.0			1.0
3860.9			1.0
3861.8			1.0
3862.7			1.0
3863.6			1.0
3864.5			1.0
3865.4			1.0
3866.3			1.0
3867.2			1.0
3868.1			1.0
3869.0			1.0
3869.9			1.0
3870.8			1.0
3871.7			1.0
3872.6			1.0
3873.5			1.0
3874.4			1.0
3875.3			1.0
3876.2			1.0
3877.1			1.0
3878.0			1.0
3878.9			1.0
3879.8			1.0
3880.7			1.0
3881.6			1.0
3882.5			1.0
3883.4			1.0
3884.3			1.0
3885.2			1.0
3886.1			1.0
3887.0			1.0
3887.9			1.0
3888.8			1.0
3889.7			1.0
3890.6			1.0
3891.5			1.0
3892.4			1.0
3893.3			1.0
3894.2			1.0
3895.1			1.0
3896.0			1.0
3896.9			1.0
3897.8			1.0
3898.7			1.0
3899.6			1.0
3900.5			1.0
3901.4			1.0
3902.3			1.0
3903.2			1.0
3904.1			1.0
3905.0			1.0
3905.9			1.0
3906.8			1.0
3907.7			1.0
3908.6			1.0
3909.5			1.0
3910.4			1.0
3911.3			1.0
3912.2			1.0
3913.1			1.0
3914.0			1.0
3914.9			1.0
3915.8			1.0
3916.7			1.0
3917.6			1.0
3918.5			1.0
3919.4			1.0
3920.3			1.0
3921.2			1.0
3922.1			1.0
3923.0			1.0
3923.9			1.0
3924.8			1.0
3925.7			1.0
3926.6			1.0
3927.5			1.0
3928.4			1.0
3929.3			1.0
3930.2			1.0
3931.1			1.0
3932.0			1.0
3932.9			1.0
3933.8			1.0
3934.7			1.0
3935.6			1.0
3936.5			1.0
3937.4			1.0
3938.3			1.0
3939.2			1.0
3940.1			1.0
3941.0			1.0
3941.9			1.0
3942.8			1.0
3943.7			1.0
3944.6			1.0
3945.5			1.0
3946.4			1.0
3947.3			1.0
3948.2			1.0
3949.1			1.0
3950.0			1.0
3950.9			1.0
3951.8			1.0
3952.7			1.0
3953.6			1.0
3954.5			1.0
3955.4			1.0
3956.3			1.0
3957.2			1.0
3958.1			1.0
3959.0			1.0
3959.9			1.0
3960.8			1.0
3961.7			1.0
3962.6			1.0
3963.5			1.0
3964.4			1.0
3965.3			1.0
3966.2			1.0
3967.1			1.0
3968.0			1.0
3968.9			1.0
3969.8			1.0
3970.7			1.0
3971.6			1.0
3972.5			1.0
3973.4			1.0
3974.3			1.0
3975.2			1.0
3976.1			1.0
3977.0			1.0
3977.9			1.0
3978.8			1.0
3979.7			1.0
3980.6			1.0
3981.5			1.0
3982.4			1.0
3983.3			1.0
3984.2			1.0
3985.1			1.0
3986.0			1.0
3986.9			1.0
3987.8			1.0
3988.7			1.0
3989.6			1.0
3990.5			1.0
3991.4			1.0
3992.3			1.0
3993.2			1.0
3994.1			1.0
3995.0			1.0
3995.9			1.0
3996.8			1.0
3997.7			1.0
3998.6			1.0
3999.5			1.0
4000.4			1.0
4001.3			1.0
4002.2			1.0254694130260311
4003.1			1.0436784674770043
4004.0			0.9678676828494635
4004.9			0.828221222409579
4005.8			0.7708946343338141
4006.7			0.8384986664062687
4007.6			0.9364092447558665
4008.5			0.9882735811390304
4009.4			0.9997866270887231
4010.3			1.0
4011.2			1.0
4012.1			1.0
4013.0			1.0
4013.9			1.0
4014.8			1.0
4015.7			1.0
4016.6			1.0
4017.5			1.0
4018.4			1.0
4019.3			1.0
4020.2			1.0
4021.1			1.0
4022.0			1.0
4022.9			1.0
4023.8			1.0
4024.7			1.0
4025.6			1.026456201297464
4026.5			1.0773698335658493
4027.4			1.1131844810460556
4028.3			1.1210672854939823
4029.2			1.053976001258194
4030.1			0.9163161007041072
4031.0			0.8186157621501587
4031.9			0.795043234478085
4032.8			0.7897269705300374
4033.7			0.8002347601417691
4034.6			0.8347299099851881
4035.5			0.8825919793134885
4036.4			0.9460654704076072
4037.3			1.0011334378400674
4038.2			1.003733426071733
4039.1			1.0
4040.0			1.0
4040.9			1.0
4041.8			1.0463895243885584
4042.7			1.0578309091006934
4043.6			0.9533798824535135
4044.5			0.7763779709213818
4045.4			0.6518909545004603
4046.3			0.7073620484232468
4047.2			0.8802917636216621
4048.1			0.988152118837055
4049.0			1.0009317078828093
4049.9			1.0
4050.8			1.0
4051.7			1.0
4052.6			1.0
4053.5			1.0
4054.4			1.0
4055.3			1.0
4056.2			1.0
4057.1			1.0
4058.0			0.9605276651555847
4058.9			0.997529893138751
4059.8			1.085829294364888
4060.7			1.1300662337127965
4061.6			1.0590899302398546
4062.5			0.8932282551128552
4063.4			0.7683573041773101
4064.3			0.8077934787514227
4065.2			0.9167140713520701
4066.1			0.9309993428994592
4067.0			0.892588754765478
4067.9			0.9244994159676361
4068.8			1.0096358768641522
4069.7			1.0
4070.6			1.0
4071.5			1.0
4072.4			1.0248659572495098
4073.3			1.1178193977139133
4074.2			1.1036426493359017
4075.1			0.9833198666990431
4076.0			0.8418684695360612
4076.9			0.7403698185701337
4077.8			0.7282049457968338
4078.7			0.799857812756986
4079.6			0.8994406856393754
4080.5			0.9806546711651286
4081.4			1.0001169903833826
4082.3			1.0
4083.2			1.0
4084.1			1.0
4085.0			1.0
4085.9			1.0
4086.8			1.0
4087.7			1.0
4088.6			1.0
4089.5			1.0
4090.4			0.97197597393739
4091.3			0.948010244785998
4092.2			0.9373702772517502
4093.1			0.9594691533476941
4094.0			0.9755731178058299
4094.9			0.9293087814149981
4095.8			0.8642658444495098
4096.7			0.8486032772922061
4097.6			0.87821590613596
4098.5			0.9057190718508819
4099.4			0.8792882409391698
4100.3			0.7857486737846185
4101.2			0.7026609958325879
4102.1			0.7189007978854668
4103.0			0.805734542607676
4103.9			0.8848992181525384
4104.8			0.9481617787482767
4105.7			1.0065951611579245
4106.6			1.0435261846024722
4107.5			1.0499379216337503
4108.4			1.026653395596502
4109.3			0.985490675807426
4110.2			0.9598991003033585
4111.1			0.9671852252026986
4112.0			1.002991317536618
4112.9			1.0
4113.8			1.0
4114.7			1.0
4115.6			1.0
4116.5			1.0
4117.4			1.0
4118.3			1.0
4119.2			1.0
4120.1			1.0
4121.0			1.0
4121.9			1.0
4122.8			1.0
4123.7			1.0133990736546512
4124.6			1.0570807626665142
4125.5			1.0694981528379022
4126.4			1.039333369507183
4127.3			1.0011454983137353
4128.2			0.9799377659368266
4129.1			0.9770198301105097
4130.0			0.9844876711089784
4130.9			0.9713576047221302
4131.8			0.9092835465597735
4132.7			0.8658597995762385
4133.6			0.878416381915855
4134.5			0.9343100661070565
4135.4			1.0323960380908037
4136.3			1.0964189198096517
4137.2			1.0942132430572309
4138.1			1.0
4139.0			1.0275252893131854
4139.9			1.031374362606763
4140.8			1.0034957022214193
4141.7			0.919446576260033
4142.6			0.793029506885117
4143.5			0.7367489035422684
4144.4			0.8150451492734658
4145.3			0.9299805199029826
4146.2			0.9822514680305096
4147.1			0.9982277434770629
4148.0			1.0007937062514545
4148.9			1.0
4149.8			1.0
4150.7			1.0
4151.6			1.0
4152.5			1.0
4153.4			1.0
4154.3			1.0
4155.2			1.0
4156.1			1.0
4157.0			1.0
4157.9			1.0
4158.8			1.0
4159.7			1.0
4160.6			0.9791729990889855
4161.5			0.9872459587748871
4162.4			1.029041000666982
4163.3			1.0274078294624096
4164.2			0.9931455125373292
4165.1			0.9791044493576396
4166.0			0.9569002176947453
4166.9			0.9107390249448407
4167.8			0.9076038157521716
4168.7			0.9646223827748556
4169.6			1.0056820024665725
4170.5			0.9851686031480642
4171.4			0.9001042872509161
4172.3			0.8002031578733979
4173.2			0.7703914394079332
4174.1			0.8160906077289988
4175.0			0.8721192315074595
4175.9			0.8913459488344095
4176.8			0.8666739399466787
4177.7			0.8348992176845267
4178.6			0.8447557704239842
4179.5			0.8818221656555905
4180.4			0.8965732105956199
4181.3			0.8842534119104637
4182.2			0.8810132968710004
4183.1			0.9069044070229346
4184.0			0.9613075897124053
4184.9			1.015047617070586
4185.8			1.0
4186.7			0.9207382391549476
4187.6			0.8854140069806212
4188.5			0.9282903751360702
4189.4			0.9706828294877696
4190.3			0.9621585690313368
4191.2			0.9391656527515726
4192.1			0.9592114660027679
4193.0			1.0046626179003144
4193.9			0.9986876261009636
4194.8			0.9188232968852713
4195.7			0.8272415304499056
4196.6			0.7899833394092662
4197.5			0.8024507248730188
4198.4			0.8340388767281995
4199.3			0.8784462321719751
4200.2			0.9015112555390703
4201.1			0.8739245582341542
4202.0			0.8471476926683266
4202.9			0.8703208589392295
4203.8			0.9032765395457015
4204.7			0.9183529760650068
4205.6			0.9506686254675398
4206.5			1.000466047151012
4207.4			1.0
4208.3			1.0
4209.2			1.0
4210.1			1.0
4211.0			1.0
4211.9			1.0
4212.8			0.9795964166306826
4213.7			0.906980199850367
4214.6			0.8016899343202744
4215.5			0.746206325499244
4216.4			0.8156104901762812
4217.3			0.9396217820312125
4218.2			1.0097808557941985
4219.1			1.0
4220.0			1.0
4220.9			1.0207417428213164
4221.8			0.9968482358388016
4222.7			0.9253338409035767
4223.6			0.850441313588878
4224.5			0.7746543800865822
4225.4			0.6619709826259899
4226.3			1.0
4227.2			1.0236243601898427
4228.1			1.29533631608626
4229.0			1.5065302507402447
4229.9			1.545176860959554
4230.8			1.5110406710119266
4231.7			1.417740402243756
4232.6			1.2828641363095319
4233.5			1.2103080470999088
4234.4			1.1838187118713366
4235.3			1.0976259897690277
4236.2			0.998406463054296
4237.1			0.9772631093970116
4238.0			0.9914827822467638
4238.9			0.9867471684775945
4239.8			0.9889230628216777
4240.7			1.0179091184584348
4241.6			1.0151491922083238
4242.5			0.9645509891936368
4243.4			0.9507384585856221
4244.3			1.0
4245.2			1.0328838697895966
4246.1			0.9964396457211171
4247.0			0.9328488147651646
4247.9			0.8936663145595799
4248.8			0.8838435925800505
4249.7			0.8780348339427313
4250.6			0.9059803905009122
4251.5			0.9930102509389895
4252.4			1.056784298646115
4253.3			1.0427175533487008
4254.2			0.9886964715757546
4255.1			1.0
4256.0			1.0455076253384663
4256.9			1.105516532863852
4257.8			1.0591624636068357
4258.7			0.934978855490549
4259.6			0.8313653277298266
4260.5			0.7813876407814458
4261.4			0.8218292553800733
4262.3			0.9248857327446275
4263.2			1.0
4264.1			1.0207296112981208
4265.0			1.0297463559086901
4265.9			1.0391987802276097
4266.8			1.0013435213759223
4267.7			0.9365635786169891
4268.6			0.9061990482678817
4269.5			0.8781693356254454
4270.4			0.7957644418841321
4271.3			0.701219028740526
4272.2			0.7023109240871946
4273.1			0.7625867821657593
4274.0			0.7758508528491365
4274.9			0.7871458120524948
4275.8			0.8598518935617501
4276.7			1.0
4277.6			1.0559732164473448
4278.5			1.0510914595625185
4279.4			0.9622215118010207
4280.3			0.8736516876741313
4281.2			0.8900185529236544
4282.1			0.9576794088112883
4283.0			1.0
4283.9			0.9988374074894074
4284.8			0.9298760103896293
4285.7			0.8740441526908962
4286.6			0.9005223247800745
4287.5			0.9493918720450365
4288.4			1.0
4289.3			0.8981136881428213
4290.2			0.8491824582897064
4291.1			0.8984018759237344
4292.0			0.9979291141056534
4292.9			1.0706881662391325
4293.8			1.055036153135702
4294.7			0.9955451171993002
4295.6			0.9560653957367283
4296.5			0.9081870366819097
4297.4			0.8366870048780812
4298.3			0.746075568290831
4299.2			0.6460072196069795
4300.1			0.6092252333582181
4301.0			0.645413017708495
4301.9			0.6682629094567543
4302.8			0.6571801806638979
4303.7			0.6581425807137475
4304.6			0.6680423466414798
4305.5			0.6706084195827894
4306.4			0.6552238469214229
4307.3			0.599810342458823
4308.2			0.5395615914277191
4309.1			0.5318832255457272
4310.0			0.5648363351419449
4310.9			0.6059633904506129
4311.8			0.6513720708434604
4312.7			0.7109075432361374
4313.6			0.7739942580126727
4314.5			0.8483580743046296
4315.4			0.9689617536719225
4316.3			1.0923790720346158
4317.2			1.1403381115152613
4318.1			1.1248586785321881
4319.0			1.0
4319.9			0.9768621616608164
4320.8			0.9425288915289447
4321.7			0.9079876867849059
4322.6			0.8375564308169109
4323.5			0.7231631314174217
4324.4			0.624962249344593
4325.3			0.594433534084378
4326.2			0.6714763306939269
4327.1			0.8379577453320465
4328.0			0.9932732681597481
4328.9			1.0561007272747711
4329.8			1.0318512680268765
4330.7			1.0011657928611652
4331.6			1.0
4332.5			1.0235975211278063
4333.4			1.038793761591338
4334.3			1.0644614638784204
4335.2			1.0869063742076135
4336.1			1.0397288111215055
4337.0			0.9126070252773395
4337.9			0.7962847739139586
4338.8			0.7262905139074439
4339.7			0.670212637749235
4340.6			0.6748000566672276
4341.5			0.7830985801173426
4342.4			0.8961519541336155
4343.3			0.9256358745987716
4344.2			0.9403495814774684
4345.1			0.9931978641112309
4346.0			1.0
4346.9			0.9818468165819654
4347.8			0.9938150706162114
4348.7			1.0518137134402297
4349.6			1.0584296621998261
4350.5			0.9449164787170183
4351.4			0.8045094170382909
4352.3			0.7786405079772816
4353.2			0.8623603877632543
4354.1			0.9331890081942587
4355.0			0.9523640385705829
4355.9			0.9797509117654095
4356.8			1.0188462891132686
4357.7			1.000371932302707
4358.6			1.0
4359.5			1.0
4360.4			1.0
4361.3			1.0
4362.2			1.0
4363.1			1.0
4364.0			1.0
4364.9			1.0
4365.8			1.0
4366.7			1.0
4367.6			1.0
4368.5			1.0
4369.4			1.0236756594849414
4370.3			1.0205073389431467
4371.2			1.014440117047218
4372.1			1.0079553111680133
4373.0			0.9573814580710797
4373.9			0.8762367458796565
4374.8			0.8316418896635861
4375.7			0.8695238244526577
4376.6			0.9589471299710746
4377.5			1.031346172198631
4378.4			1.0500203433260897
4379.3			1.0265714457429813
4380.2			1.0097924282508064
4381.1			0.9912584347663419
4382.0			0.8885060310075507
4382.9			0.6977499660014124
4383.8			0.5748837079128946
4384.7			0.6256080353456085
4385.6			0.7800540432260732
4386.5			0.897750710741294
4387.4			0.9202977447877478
4388.3			0.9023034718327071
4389.2			0.8766467141070926
4390.1			0.8475809133695729
4391.0			0.8509797142530965
4391.9			0.8965078645060649
4392.8			0.9290909972554858
4393.7			0.9080828781740153
4394.6			0.8698526820314018
4395.5			0.8798385741260997
4396.4			0.9552543562292704
4397.3			1.0
4398.2			0.9874532665271661
4399.1			0.9226414993314225
4400.0			0.8466932273900842
4400.9			0.8359997877428194
4401.8			0.9125833784966634
4402.7			0.9558177671482738
4403.6			0.8680262301583829
4404.5			0.7593719451399619
4405.4			0.776092798722221
4406.3			0.8614338371267892
4407.2			0.8767737887698175
4408.1			0.8365020225051366
4409.0			0.8487838771202219
4409.9			1.0
4410.8			1.0663336961534564
4411.7			1.0988866518830538
4412.6			1.1059330851715568
4413.5			1.0517311936050995
4414.4			0.9314922659529257
4415.3			0.8484116484372689
4416.2			0.8639428183989992
4417.1			0.905960153083062
4418.0			0.9406489408632469
4418.9			0.9801969776309426
4419.8			0.9973642168560912
4420.7			1.0
4421.6			1.0
4422.5			1.0
4423.4			1.0
4424.3			1.0
4425.2			1.0
4426.1			0.9948070063125799
4427.0			0.9996677222115129
4427.9			1.0160683715231789
4428.8			1.0119031621163568
4429.7			0.9655919915870406
4430.6			0.9426457950547468
4431.5			0.9861814204143386
4432.4			1.02267996551233
4433.3			0.9967237303511616
4434.2			0.9346481560544824
4435.1			0.8955653818174744
4436.0			0.9240514854420339
4436.9			1.0111359561350508
4437.8			1.0957322790506923
4438.7			1.1363985446543183
4439.6			1.1219484796199417
4440.5			1.0650520904373624
4441.4			1.0
4442.3			0.9467764536719282
4443.2			0.9376060448970099
4444.1			0.9912365661736559
4445.0			1.0751037654818136
4445.9			1.1155363926713573
4446.8			1.098968829823179
4447.7			1.0945963847657754
4448.6			1.1112990598090409
4449.5			1.0921018981180308
4450.4			1.0561683106191064
4451.3			1.0583951040516
4452.2			1.0746324591616225
4453.1			1.048607467712012
4454.0			0.977848800250588
4454.9			0.915047871059024
4455.8			0.9094576753171701
4456.7			0.9405299585117417
4457.6			0.9536438698035734
4458.5			0.9388474581891112
4459.4			0.9282351604424753
4460.3			0.9186019168276377
4461.2			0.891562974511165
4462.1			0.9013196382877502
4463.0			0.9749271785440289
4463.9			1.035109512470818
4464.8			1.0434530252756344
4465.7			1.038587720934534
4466.6			1.038273478774872
4467.5			1.030794873736713
4468.4			1.0015387171233672
4469.3			0.9720840699829265
4470.2			0.9838658338064312
4471.1			1.0302613274299233
4472.0			1.0794627840935662
4472.9			1.1209189622353932
4473.8			1.1472509580541692
4474.7			1.1468266249100267
4475.6			1.0
4476.5			1.0180122212966356
4477.4			1.0362377353734737
4478.3			1.0
4479.2			0.9369760476987353
4480.1			0.8634048502722054
4481.0			0.8212027886549047
4481.9			0.8313383957940291
4482.8			0.8911609310891349
4483.7			0.9659950109879064
4484.6			1.0172450131348978
4485.5			1.0358507651432152
4486.4			1.0307057779860036
4487.3			0.9973733402418393
4488.2			0.9378100429064098
4489.1			0.8865962574551944
4490.0			0.8829600830807033
4490.9			0.9301713610768352
4491.8			0.9874629112413511
4492.7			0.9987835111211802
4493.6			0.9544783534766389
4494.5			0.9079770526369053
4495.4			0.9019442457285257
4496.3			0.9298637706264027
4497.2			0.9784704249523049
4498.1			1.025081796800058
4499.0			1.045974008933553
4499.9			1.0365555944017306
4500.8			1.002753488349314
4501.7			1.0
4502.6			1.0
4503.5			1.0
4504.4			1.0
4505.3			1.0
4506.2			1.0
4507.1			1.0
4508.0			1.0
4508.9			1.0
4509.8			1.0
4510.7			1.0
4511.6			1.0
4512.5			1.0
4513.4			0.9659317907270205
4514.3			0.9501682321168929
4515.2			0.9632414413314208
4516.1			0.9834261856650655
4517.0			0.9705724954826886
4517.9			0.9465968986798647
4518.8			0.9612598693243075
4519.7			1.000468081966857
4520.6			1.0360893177900299
4521.5			1.0338017374489905
4522.4			0.9846240006082547
4523.3			0.9589701344955223
4524.2			0.9627673218041711
4525.1			0.9448417136587305
4526.0			0.905997603141777
4526.9			0.8700028140135625
4527.8			0.8464712055019253
4528.7			0.8344566742251758
4529.6			0.8539760829251953
4530.5			0.883243273653535
4531.4			0.9156605414711234
4532.3			0.9448984572930508
4533.2			0.9252882761096667
4534.1			0.8767755285247248
4535.0			1.0
4535.9			1.0391198142748392
4536.8			1.1505731626631142
4537.7			1.2213909693484266
4538.6			1.205203287109295
4539.5			1.1519530826899487
4540.4			1.103265230702452
4541.3			1.0876884385033951
4542.2			1.1128113066636993
4543.1			1.128371537712665
4544.0			1.0922529162353216
4544.9			1.0485979968007828
4545.8			1.0483088176305877
4546.7			1.0615293859644803
4547.6			1.0548233501498916
4548.5			1.012001640909948
4549.4			0.9618513772517544
4550.3			0.9784080253288111
4551.2			1.0188693565844513
4552.1			1.0108806320179358
4553.0			0.9806387600354457
4553.9			0.95621970667866
4554.8			0.9414802841248866
4555.7			0.9562947315316483
4556.6			1.0055099842866477
4557.5			1.046497101733363
4558.4			1.0542818131035827
4559.3			1.0492670573792169
4560.2			1.0
4561.1			1.0047446107397136
4562.0			1.0064684128589267
4562.9			0.9724806670272373
4563.8			0.9136909025110442
4564.7			0.8681855544448462
4565.6			0.86804694594262
4566.5			0.923905038351739
4567.4			0.9820890398338324
4568.3			0.9999477823509292
4569.2			1.0
4570.1			1.0
4571.0			1.0
4571.9			0.9693397866532356
4572.8			1.022194121294398
4573.7			1.071053889206384
4574.6			1.0615282462406126
4575.5			1.0454502447842633
4576.4			1.0480729481437872
4577.3			1.0458735611228869
4578.2			1.0172167322448473
4579.1			1.0
4580.0			0.9458192708014839
4580.9			0.9245062800278098
4581.8			0.9455929039115168
4582.7			0.9693351059705765
4583.6			0.9707534101101384
4584.5			0.9698254458319773
4585.4			0.9654787533641158
4586.3			0.9690293296516013
4587.2			1.0041710033398503
4588.1			1.0487946984042793
4589.0			1.074265436774764
4589.9			1.0661165345950503
4590.8			1.0253618806911637
4591.7			0.9779707164253122
4592.6			0.958568213895594
4593.5			0.9631150901167798
4594.4			0.9589727868547566
4595.3			0.9453776669336434
4596.2			0.9431241984550022
4597.1			0.9548624731108928
4598.0			0.9751946604751848
4598.9			0.9930968949461136
4599.8			0.97290115171639
4600.7			0.9425814204427149
4601.6			0.9550937213711693
4602.5			0.9802422312870156
4603.4			0.9880103006965387
4604.3			0.9814148539377613
4605.2			0.9705544193749182
4606.1			0.9800397568941446
4607.0			1.0116805967566886
4607.9			1.0513026183194516
4608.8			1.081080809521265
4609.7			1.0727598524831148
4610.6			1.038450627517579
4611.5			1.012249952404837
4612.4			0.9992147674139731
4613.3			1.0
4614.2			1.0
4615.1			1.0
4616.0			1.0
4616.9			1.0
4617.8			1.0
4618.7			1.0
4619.6			1.0
4620.5			1.0
4621.4			1.0
4622.3			1.0
4623.2			1.0
4624.1			1.0
4625.0			1.0
4625.9			1.0
4626.8			1.0
4627.7			1.0
4628.6			1.0
4629.5			1.0
4630.4			1.0
4631.3			1.0
4632.2			1.0
4633.1			1.0
4634.0			1.0
4634.9			1.0
4635.8			1.0
4636.7			1.0
4637.6			0.9796075978645036
4638.5			0.9722189083537114
4639.4			0.9729024841378073
4640.3			0.9913433911420635
4641.2			1.0306493028613846
4642.1			1.0507810542686906
4643.0			1.0381105635094663
4643.9			1.018510961491115
4644.8			0.9947282146513775
4645.7			0.9535311171992015
4646.6			0.9140000313695176
4647.5			0.9049018390042969
4648.4			0.928784162434968
4649.3			0.9705451435141826
4650.2			1.0091086150866637
4651.1			1.0273872800205146
4652.0			1.0384316432304346
4652.9			1.0
4653.8			0.976362498750766
4654.7			0.9358396582224203
4655.6			0.9181396903984619
4656.5			0.9284182946241684
4657.4			0.9732669512660389
4658.3			1.0416084319252172
4659.2			1.0913509439215747
4660.1			1.096239407993574
4661.0			1.062954771856869
4661.9			1.0127131556927864
4662.8			0.9743114774332083
4663.7			0.972714163685712
4664.6			0.9883885063244516
4665.5			0.9643779344931641
4666.4			0.887283351700354
4667.3			0.8251268460484927
4668.2			0.8419945747926297
4669.1			0.9123269040188653
4670.0			0.9829617536238342
4670.9			1.0367340504508191
4671.8			1.057244584672635
4672.7			1.0421902630523767
4673.6			1.0260316665336313
4674.5			1.0
4675.4			1.0320166353039686
4676.3			1.063328558644345
4677.2			1.0590185977558022
4678.1			1.0180761037458275
4679.0			0.9729647829893902
4679.9			0.9432381460710969
4680.8			0.9269799410252222
4681.7			0.9309201430105902
4682.6			0.9640780595323449
4683.5			1.0028747960723614
4684.4			1.0166301557444268
4685.3			1.0103765216216676
4686.2			0.9997248224501183
4687.1			1.0
4688.0			1.0
4688.9			1.0
4689.8			0.9955632631656981
4690.7			0.9839523975593358
4691.6			0.9849200550329864
4692.5			1.0021838802148686
4693.4			1.0205248471803556
4694.3			1.0403170366969818
4695.2			1.0631256829611866
4696.1			1.0727886031914944
4697.0			1.048978033581199
4697.9			0.9961769335663966
4698.8			0.9594709079291467
4699.7			0.9675063450445943
4700.6			0.9822300758957792
4701.5			0.9766786199206338
4702.4			0.95991093728352
4703.3			0.9550225993094753
4704.2			0.9779186290171341
4705.1			1.0064010159165462
4706.0			1.012974593397959
4706.9			0.9906221820385447
4707.8			0.9592965607145174
4708.7			0.9436726722936642
4709.6			0.9608606832950609
4710.5			1.0102898778793241
4711.4			1.0530494955780292
4712.3			1.0578086690125106
4713.2			1.0325370783037409
4714.1			0.9969558798879096
4715.0			0.9962924978173264
4715.9			1.0417422475749458
4716.8			1.086565113825096
4717.7			1.1051561082111372
4718.6			1.1180540044089253
4719.5			1.0
4720.4			1.0016162810501563
4721.3			0.989359425083416
4722.2			0.9789146944574906
4723.1			0.989447311688291
4724.0			1.0176668284063535
4724.9			1.0368073702049965
4725.8			1.0229508632312856
4726.7			0.968666213434083
4727.6			0.9096823733727065
4728.5			0.8945458814103928
4729.4			0.912899483544751
4730.3			0.9296253012422061
4731.2			0.9471135164205128
4732.1			0.9815744436010347
4733.0			1.0092532596686292
4733.9			1.0279738521762607
4734.8			1.045973120845474
4735.7			1.031114676718526
4736.6			1.0018035901599267
4737.5			1.0
4738.4			1.0
4739.3			1.0
4740.2			1.0
4741.1			1.0
4742.0			1.0
4742.9			1.0
4743.8			1.0
4744.7			1.0
4745.6			1.0
4746.5			1.0
4747.4			1.0
4748.3			1.0
4749.2			1.0
4750.1			1.0
4751.0			1.0
4751.9			1.0
4752.8			1.0
4753.7			1.0
4754.6			1.0
4755.5			1.0
4756.4			1.0
4757.3			1.0
4758.2			1.020612150623685
4759.1			1.0456435764282415
4760.0			1.0585361280140662
4760.9			1.0301039962615681
4761.8			0.9723657087050227
4762.7			0.9396407232312588
4763.6			0.9407315942797648
4764.5			0.9350976673162427
4765.4			0.9201446580307201
4766.3			0.9268749083083018
4767.2			0.9625767122652054
4768.1			0.9959247406905716
4769.0			1.0268816678950177
4769.9			1.0528804302429493
4770.8			1.034593529309947
4771.7			1.000231281343982
4772.6			1.0000767330077105
4773.5			1.0
4774.4			1.0
4775.3			1.0
4776.2			0.9894331217678354
4777.1			1.0024091385359664
4778.0			1.0151485328410843
4778.9			1.0026603492576873
4779.8			0.9862829357212847
4780.7			0.9896700152383511
4781.6			0.9975854539082274
4782.5			0.9810820401167663
4783.4			0.9599079980369446
4784.3			0.9716520621917101
4785.2			0.9716416664383384
4786.1			0.9328593215751423
4787.0			0.9230685801150663
4787.9			0.9483980466689264
4788.8			0.9471728352106795
4789.7			0.9403244204613328
4790.6			0.9549488679508105
4791.5			0.9658479589660502
4792.4			0.979716713821098
4793.3			1.014648610038978
4794.2			1.0
4795.1			1.019317074959131
4796.0			1.0119508245770676
4796.9			0.9901534824936095
4797.8			0.9578033703130675
4798.7			0.9244199542615349
4799.6			0.9168088411529578
4800.5			0.9411839974034669
4801.4			0.9862388243828887
4802.3			1.0203363220323878
4803.2			1.0221445784853231
4804.1			1.0026377161913442
4805.0			1.0
4805.9			1.0
4806.8			1.0
4807.7			1.0
4808.6			1.0
4809.5			1.0
4810.4			1.0
4811.3			1.0
4812.2			1.0
4813.1			1.0
4814.0			1.0
4814.9			1.0
4815.8			1.0
4816.7			1.0
4817.6			1.0
4818.5			1.0
4819.4			1.0
4820.3			1.0
4821.2			1.0
4822.1			1.0
4823.0			1.0
4823.9			1.0
4824.8			1.0
4825.7			1.0
4826.6			1.0
4827.5			1.0
4828.4			1.0
4829.3			1.0
4830.2			1.0
4831.1			1.0
4832.0			1.0
4832.9			1.0
4833.8			1.017956417966465
4834.7			1.0223656568754087
4835.6			1.016577670046502
4836.5			1.0157449144299495
4837.4			1.0152234434773748
4838.3			0.9887959926435881
4839.2			0.9481355461671038
4840.1			0.9282117926163501
4841.0			0.9423143687916153
4841.9			0.9602330492985424
4842.8			0.9511147041667329
4843.7			0.9449509349811239
4844.6			0.9708579732585066
4845.5			1.0001685112254102
4846.4			1.0
4847.3			0.9781679743076201
4848.2			0.9436329083236028
4849.1			0.9407427434084457
4850.0			0.9763818811803834
4850.9			0.997683622864198
4851.8			0.9907831602274315
4852.7			0.9909006995294913
4853.6			0.9806438268368434
4854.5			0.9275447956627796
4855.4			0.8769119389089315
4856.3			0.8944590349074916
4857.2			0.9461042858475183
4858.1			0.9514179511393667
4859.0			0.8921211086323642
4859.9			0.7844647544866786
4860.8			0.6795289384239075
4861.7			0.6740269328391549
4862.6			0.7809158759760622
4863.5			0.8739611468379649
4864.4			0.909784507737115
4865.3			0.9397525619591838
4866.2			0.9686977973310765
4867.1			1.0
4868.0			1.0024579125220099
4868.9			1.0115584963932038
4869.8			0.9946572239355445
4870.7			0.9296525407189263
4871.6			0.8857475513995876
4872.5			0.917078987717351
4873.4			0.9735510582993075
4874.3			0.9979727853394746
4875.2			1.0017314729842333
4876.1			1.0029614881224376
4877.0			1.0
4877.9			1.0
4878.8			1.0
4879.7			1.031134129421722
4880.6			1.0089002258369022
4881.5			0.9611473801190773
4882.4			0.9541295825329629
4883.3			0.9714216474788394
4884.2			0.9582669447318647
4885.1			0.9224171474738624
4886.0			0.9000525509862953
4886.9			0.9062389762981571
4887.8			0.9239583657321427
4888.7			0.9299285040788601
4889.6			0.9131101505094618
4890.5			0.8762537581540233
4891.4			0.8695770502716232
4892.3			0.9361062071258347
4893.2			1.0186017091302106
4894.1			1.0667855813441591
4895.0			1.0857750265218489
4895.9			1.08380669994884
4896.8			1.076892549727971
4897.7			1.0729950340016698
4898.6			1.053928969774296
4899.5			1.0163596155772319
4900.4			1.0009649576687243
4901.3			1.019365203982718
4902.2			1.0231720095324657
4903.1			1.0004729180365182
4904.0			1.0
4904.9			1.0251576260724595
4905.8			1.0532028035703664
4906.7			1.0506849147739121
4907.6			1.0171213773583672
4908.5			0.9732937228960117
4909.4			0.9257224570836717
4910.3			1.0
4911.2			1.002848839944046
4912.1			1.0362989809907215
4913.0			1.0604373864240744
4913.9			1.0733233385843424
4914.8			1.0948537592698764
4915.7			1.1074225974168992
4916.6			1.0768227605130407
4917.5			1.0023418528645447
4918.4			0.9173000424501728
4919.3			0.8560557816326203
4920.2			0.8318498781765621
4921.1			0.8557217613768007
4922.0			0.9097874784150527
4922.9			0.9346171666391005
4923.8			0.9164002397145435
4924.7			0.9085339483973855
4925.6			0.9418203035367314
4926.5			0.9750837282974897
4927.4			0.9801350189592242
4928.3			0.9843844047991333
4929.2			0.9945829879643625
4930.1			1.0
4931.0			0.9988287036056307
4931.9			0.9859415166154063
4932.8			0.9328666410776536
4933.7			0.8846177290547936
4934.6			0.9041950095392132
4935.5			0.9488335311363274
4936.4			0.9451760328813179
4937.3			0.8956503820433508
4938.2			0.848748003439692
4939.1			0.8483511229137315
4940.0			0.9063270320052571
4940.9			0.9766471324376295
4941.8			1.0078966594679497
4942.7			1.0154606520812615
4943.6			1.0255484627747466
4944.5			1.018919659622696
4945.4			0.9898837834830241
4946.3			0.978558757858044
4947.2			1.0006540849574914
4948.1			1.0
4949.0			1.0
4949.9			1.0
4950.8			1.0
4951.7			1.0
4952.6			1.0
4953.5			1.0
4954.4			1.0
4955.3			0.9927819747229939
4956.2			0.9297462825233612
4957.1			0.8373718434455172
4958.0			0.824744900545568
4958.9			0.9091038221675404
4959.8			0.9866761997046031
4960.7			1.0021473047861282
4961.6			1.0
4962.5			1.0
4963.4			1.0
4964.3			1.0
4965.2			1.0
4966.1			1.0
4967.0			1.0
4967.9			1.0
4968.8			1.0
4969.7			1.0
4970.6			1.0
4971.5			1.0
4972.4			1.0
4973.3			1.0
4974.2			1.010763229658099
4975.1			1.0083385467026302
4976.0			0.9951881230629464
4976.9			0.9799555736220888
4977.8			0.9584869043884835
4978.7			0.9435470679489548
4979.6			0.9482783865914565
4980.5			0.9467880654580402
4981.4			0.9099616869099622
4982.3			0.8578836599619513
4983.2			0.8392767490554793
4984.1			0.860667851271388
4985.0			0.8921083729482012
4985.9			0.9306269298346765
4986.8			0.9817275706461621
4987.7			1.0181850306496094
4988.6			1.0248911866135684
4989.5			1.0165071653225584
4990.4			0.9973212820190476
4991.3			0.9878010772629627
4992.2			1.0012970311285823
4993.1			1.0
4994.0			1.0
4994.9			1.0
4995.8			1.010142525770846
4996.7			1.0037816970292217
4997.6			0.9973485906647132
4998.5			0.9810600625339622
4999.4			0.9515592618445946
5000.3			0.934418939222387
5001.2			0.9362073386579908
5002.1			0.9441152624537346
5003.0			0.951684815633009
5003.9			0.9482021797074477
5004.8			0.9197280122568355
5005.7			0.8814417798535706
5006.6			0.8833948241379687
5007.5			0.9364548616015173
5008.4			0.9921053791008686
5009.3			1.0036368773241309
5010.2			0.9809166728306791
5011.1			0.9429352807663747
5012.0			0.8947217724963168
5012.9			0.8595948629387685
5013.8			0.8526829111803899
5014.7			0.8771895780680302
5015.6			0.9142982929101756
5016.5			0.9221539879555302
5017.4			0.8939792369539865
5018.3			0.8777481859177766
5019.2			0.9061848478105372
5020.1			0.9409315802157009
5021.0			0.9398262505417014
5021.9			0.9185702646598405
5022.8			0.9212042883147317
5023.7			0.9471777862177412
5024.6			0.9614474848326002
5025.5			0.9586483994685377
5026.4			0.9387321632498619
5027.3			0.9126406026419379
5028.2			0.9235535947932151
5029.1			0.9610020580857391
5030.0			0.9780537969834087
5030.9			0.9816567751233473
5031.8			1.0
5032.7			1.0334681028418966
5033.6			1.0476414137491101
5034.5			1.013588119465527
5035.4			0.9497337290457771
5036.3			0.92530200506369
5037.2			0.9520932479058483
5038.1			0.9612665084559736
5039.0			0.9246575732177547
5039.9			0.8627345031419591
5040.8			0.8090134530557425
5041.7			0.8335187262242275
5042.6			0.9390901997331156
5043.5			1.0306613103888638
5044.4			1.0751962592802506
5045.3			1.1074272710689517
5046.2			1.1261551054309926
5047.1			1.100425165058702
5048.0			1.0385243263137334
5048.9			0.9996102536117278
5049.8			1.0
5050.7			1.0
5051.6			1.0
5052.5			1.0
5053.4			1.0
5054.3			1.0
5055.2			1.0
5056.1			1.0
5057.0			1.0
5057.9			1.0
5058.8			1.0
5059.7			1.0
5060.6			1.0
5061.5			1.0
5062.4			1.0
5063.3			1.0
5064.2			1.0
5065.1			1.0
5066.0			1.0157705402334913
5066.9			1.0394784257078618
5067.8			1.035919780004044
5068.7			1.0373977619438424
5069.6			1.0642013584551238
5070.5			1.0745089842493394
5071.4			1.0372511678603007
5072.3			0.9990885318703564
5073.2			1.0069686151874082
5074.1			1.0241206585201372
5075.0			1.015257019448626
5075.9			1.0112178854416014
5076.8			1.0282877470929537
5077.7			1.0193940223291387
5078.6			0.9451534452086024
5079.5			0.8615325504069741
5080.4			0.8520667717441521
5081.3			0.9048036711338957
5082.2			0.9446993430951893
5083.1			0.9471553623333815
5084.0			0.9539773899181401
5084.9			0.9807748200686107
5085.8			0.996279652258055
5086.7			0.9885757354800221
5087.6			0.9753329852369059
5088.5			0.9737078252607007
5089.4			0.9802290570506701
5090.3			0.9806081115163421
5091.2			0.9810275723827938
5092.1			0.9929278011323021
5093.0			1.0069253374893534
5093.9			1.0
5094.8			0.9981843290637875
5095.7			0.9832200838232663
5096.6			0.9489262912878847
5097.5			0.9004318395608379
5098.4			0.8595174923381953
5099.3			0.86299597800854
5100.2			0.9258649604232276
5101.1			0.9985213796866397
5102.0			1.0269267819576298
5102.9			1.0153907026349553
5103.8			1.0012252162407853
5104.7			1.0
5105.6			1.0
5106.5			1.0
5107.4			1.0
5108.3			1.0
5109.2			1.0
5110.1			1.0
5111.0			1.0
5111.9			1.0
5112.8			1.0139451040970675
5113.7			1.0094246242494627
5114.6			1.0037187977920372
5115.5			1.008239195071616
5116.4			1.0288888511915424
5117.3			1.050352328226616
5118.2			1.0581647458613817
5119.1			1.0516225523695617
5120.0			1.030942981285474
5120.9			1.003427166054443
5121.8			1.0
5122.7			0.9648052839805816
5123.6			0.935254479976396
5124.5			0.9314802414438667
5125.4			0.9428787803522888
5126.3			0.9538252761982625
5127.2			0.9583345445603584
5128.1			0.9562002003586095
5129.0			0.9522358949307184
5129.9			0.958703332459209
5130.8			0.9698720609783742
5131.7			0.9762928416933688
5132.6			0.9876656766369214
5133.5			1.006039543720209
5134.4			1.0326308640824513
5135.3			1.04274689165586
5136.2			1.010620246450164
5137.1			0.9697763819308404
5138.0			0.9515943124601296
5138.9			0.9417796158949547
5139.8			0.9555640823697136
5140.7			0.9824924875973603
5141.6			0.9600611669410694
5142.5			0.9210189813332411
5143.4			0.9368591350884168
5144.3			0.9733618094876008
5145.2			0.9737950418494273
5146.1			0.9530551576376934
5147.0			0.937017353819689
5147.9			0.9418560903696735
5148.8			0.9719696430243729
5149.7			0.9909642717732812
5150.6			0.9733280630542167
5151.5			0.9506525542162788
5152.4			0.9475253570844083
5153.3			0.9546306942723107
5154.2			0.9658628573289009
5155.1			0.9854373755387317
5156.0			1.009350159007537
5156.9			1.0
5157.8			1.010144238123533
5158.7			1.0101354501488167
5159.6			1.0137692227823039
5160.5			1.0137875050538931
5161.4			0.9920835786381168
5162.3			0.9679873391797152
5163.2			0.9606299820431433
5164.1			0.9395861494479638
5165.0			0.8861290390612092
5165.9			0.8079874287173522
5166.8			0.7216658424240756
5167.7			0.6838009098207033
5168.6			0.7337843626272242
5169.5			0.8298119661885766
5170.4			0.8762299038867629
5171.3			0.8039892445791357
5172.2			0.69515779407783
5173.1			0.6963068996332884
5174.0			0.8224533383519718
5174.9			0.9481453141809559
5175.8			0.991802835282856
5176.7			0.992126335386968
5177.6			0.9999011414412551
5178.5			1.0
5179.4			1.0009204933143026
5180.3			0.9963730584995019
5181.2			0.9676036019094669
5182.1			0.8663734001919808
5183.0			0.7222254845863557
5183.9			0.6773173722602761
5184.8			0.7908567212385487
5185.7			0.936599171136938
5186.6			1.0077901801165943
5187.5			1.009745844387248
5188.4			0.9996801524938895
5189.3			1.0
5190.2			1.0
5191.1			1.0
5192.0			1.0
5192.9			1.0
5193.8			1.0
5194.7			1.0
5195.6			1.0
5196.5			1.0
5197.4			1.0
5198.3			1.0216685079318633
5199.2			1.0419307628731502
5200.1			1.0507438391861008
5201.0			1.0412652274822947
5201.9			1.027088891731355
5202.8			1.01886305875261
5203.7			0.9961613770950963
5204.6			0.9436977118545858
5205.5			0.9057710196028069
5206.4			0.9110426277602821
5207.3			0.9188794187718091
5208.2			0.9009125477279717
5209.1			0.9058838339543607
5210.0			0.9396282689735308
5210.9			0.9644174995858772
5211.8			1.0
5212.7			1.017542687693562
5213.6			1.0164286576635415
5214.5			0.9813240448201802
5215.4			0.9324384491253646
5216.3			0.9095795501101811
5217.2			0.9233908653354179
5218.1			0.9576752937741573
5219.0			0.9880055704097024
5219.9			1.000683882345986
5220.8			1.0
5221.7			1.0
5222.6			0.988740044657845
5223.5			0.9612146173806767
5224.4			0.9195531992957305
5225.3			0.8646511448133919
5226.2			0.8096964811251972
5227.1			0.8066839812067054
5228.0			0.8789831346412772
5228.9			0.9550207427190082
5229.8			0.987543026194846
5230.7			1.0014247767378013
5231.6			0.998921418365739
5232.5			1.0
5233.4			1.0
5234.3			1.0
5235.2			1.0
5236.1			1.0
5237.0			1.0
5237.9			1.0
5238.8			1.0
5239.7			1.0007563609846828
5240.6			1.0074235742310003
5241.5			1.0078441793154358
5242.4			0.9951379612141945
5243.3			0.9949988989756123
5244.2			1.0195413370145316
5245.1			1.0365320324770646
5246.0			1.0095951799542522
5246.9			0.9616507242119701
5247.8			0.9474353287562421
5248.7			0.9588569612950125
5249.6			0.9484161882456508
5250.5			0.9362173462454518
5251.4			0.955439678178965
5252.3			0.9851646253453864
5253.2			0.9946658740414087
5254.1			1.0
5255.0			0.9739360109921658
5255.9			0.9926946166523327
5256.8			1.045326846288111
5257.7			1.0814517186067318
5258.6			1.0901678161969253
5259.5			1.0765467897780545
5260.4			1.0423629043918594
5261.3			0.9876433985938409
5262.2			0.9255653152250594
5263.1			0.8776316273183513
5264.0			0.8445269424830193
5264.9			0.8176487920911806
5265.8			0.8117736160709983
5266.7			0.8579996826378943
5267.6			0.909724183612226
5268.5			0.8783970017752528
5269.4			0.7986910523014018
5270.3			0.7963151957914056
5271.2			0.8849939566843689
5272.1			0.9521637958515369
5273.0			0.9497525170856783
5273.9			0.9252776556004234
5274.8			0.9049116087252418
5275.7			0.9047047333500254
5276.6			0.9530315005083044
5277.5			1.0
5278.4			1.0225312857568833
5279.3			1.0003157430474667
5280.2			0.9608672459848865
5281.1			0.9313614525194268
5282.0			0.9138682044267223
5282.9			0.8936792033909573
5283.8			0.8834414570910892
5284.7			0.9198065765062909
5285.6			0.9839672009208871
5286.5			1.0205892754342025
5287.4			1.0164806746305353
5288.3			0.9991139935122697
5289.2			1.0
5290.1			1.0164587975974424
5291.0			1.0229467544820579
5291.9			1.0102297685858395
5292.8			0.989416568804315
5293.7			0.9794122208307793
5294.6			0.9796646587374981
5295.5			0.9635847180893736
5296.4			0.9143976763593112
5297.3			0.8582736585369706
5298.2			0.8480171290570799
5299.1			0.8943336564528565
5300.0			0.9390843909529859
5300.9			0.9407912556927092
5301.8			0.9303766078118099
5302.7			0.9447671574842119
5303.6			0.9826830157399556
5304.5			1.01389999713559
5305.4			1.018436290964701
5306.3			1.0000361103424373
5307.2			1.0
5308.1			1.0
5309.0			1.0
5309.9			1.0
5310.8			1.0
5311.7			1.0
5312.6			1.0
5313.5			1.0
5314.4			1.0
5315.3			1.0
5316.2			1.0
5317.1			1.0
5318.0			1.0
5318.9			1.0
5319.8			1.0
5320.7			1.0
5321.6			0.9954830521599098
5322.5			0.9839495392457598
5323.4			0.9580837058798741
5324.3			0.9374849269974607
5325.2			0.9459162855438056
5326.1			0.9472083864472518
5327.0			0.8887965282201746
5327.9			0.7991260797533236
5328.8			0.7842715658919844
5329.7			0.8685475555152044
5330.6			0.9546314263585653
5331.5			0.978702152416752
5332.4			0.9619368584520527
5333.3			0.960965237007789
5334.2			0.9886161271000311
5335.1			1.0075017947216256
5336.0			1.0
5336.9			0.9861052565517094
5337.8			0.9832019921081039
5338.7			0.9742991958368071
5339.6			0.9369101296179626
5340.5			0.9011535079129354
5341.4			0.9159282677187499
5342.3			0.9627079390694793
5343.2			0.9934404023107893
5344.1			0.9997909746897492
5345.0			1.0
5345.9			1.0
5346.8			1.0
5347.7			1.0
5348.6			1.0
5349.5			1.0
5350.4			1.0
5351.3			1.0
5352.2			1.0
5353.1			1.0
5354.0			1.0
5354.9			1.0
5355.8			1.0
5356.7			1.0
5357.6			1.0
5358.5			1.0
5359.4			1.0
5360.3			0.9924392777302455
5361.2			0.9727481097817251
5362.1			0.953398154173668
5363.0			0.9493557664435592
5363.9			0.9499024521440741
5364.8			0.9411991526637206
5365.7			0.9411514834550432
5366.6			0.9528094846815188
5367.5			0.9565719367845729
5368.4			0.9482163752252573
5369.3			0.9213471044219376
5370.2			0.8830122114931995
5371.1			0.868612479797368
5372.0			0.9050005502013726
5372.9			0.9698747224414126
5373.8			1.0160029441593308
5374.7			1.0368719719707635
5375.6			1.0406319388821044
5376.5			1.0312832559756062
5377.4			1.021121368028489
5378.3			1.0172312230639469
5379.2			1.0123984359626814
5380.1			1.0041846979066305
5381.0			1.0
5381.9			0.9977560393509707
5382.8			0.9934818877858574
5383.7			1.0018712876116664
5384.6			1.0244173689972929
5385.5			1.035408180603836
5386.4			1.029282232410131
5387.3			1.0213864406103776
5388.2			1.013278555816197
5389.1			0.9987832040962377
5390.0			0.9835303947842289
5390.9			0.9746722161278221
5391.8			0.9713110045176032
5392.7			0.9692921135183563
5393.6			0.9677939375163732
5394.5			0.9702105350783978
5395.4			0.9662418939472207
5396.3			0.9416943213907556
5397.2			0.9220945629232281
5398.1			0.9437316674308243
5399.0			0.9796345723459641
5399.9			0.9908583381645402
5400.8			0.9935298920500357
5401.7			1.0072456871986715
5402.6			1.004047297097012
5403.5			0.9623230094902261
5404.4			0.9097359094961647
5405.3			0.8843089216857083
5406.2			0.8999430233611057
5407.1			0.9416449422580947
5408.0			0.9715457505089572
5408.9			0.9646122000089492
5409.8			0.9436330225168386
5410.7			0.9547452432028221
5411.6			0.9983094239987795
5412.5			1.0326040713560223
5413.4			1.0336165411006046
5414.3			1.018201497899846
5415.2			1.0169857925411194
5416.1			1.0381003571556822
5417.0			1.0571174305997235
5417.9			1.055810806151157
5418.8			1.0375202626236053
5419.7			1.0
5420.6			0.9875449587643046
5421.5			0.9977670784411508
5422.4			1.0054563562842396
5423.3			0.9816543066884279
5424.2			0.9537606961196701
5425.1			0.9667649287458601
5426.0			1.0094356127725201
5426.9			1.036179390319632
5427.8			1.0149091487889326
5428.7			0.9501266957610247
5429.6			0.9022550568725567
5430.5			0.9190803299788428
5431.4			0.9556944481695671
5432.3			0.9523131760316972
5433.2			0.9236277685301695
5434.1			0.9018496560389385
5435.0			0.8944139876367896
5435.9			0.902211572054555
5436.8			0.9287672217502133
5437.7			0.9690163152632616
5438.6			1.0005881757186066
5439.5			1.0
5440.4			1.0
5441.3			1.0
5442.2			1.0
5443.1			0.995757918933205
5444.0			0.9750338555522662
5444.9			0.9346038068253166
5445.8			0.886689973387765
5446.7			0.8627976077499687
5447.6			0.8925073951245391
5448.5			0.9518381109262192
5449.4			0.9915476454834689
5450.3			1.0004910014304464
5451.2			1.0
5452.1			0.9893831980717476
5453.0			0.9748260417553403
5453.9			0.9415488875341986
5454.8			0.8953293018630648
5455.7			0.8803379065209961
5456.6			0.9207209688025478
5457.5			0.9764212694255304
5458.4			1.0028716913127302
5459.3			1.0000828856101778
5460.2			1.0
5461.1			1.0
5462.0			1.0
5462.9			0.9714766573254773
5463.8			0.9827853497412619
5464.7			1.0189501897093207
5465.6			1.0355862005397622
5466.5			1.0295802918918697
5467.4			1.029895191648413
5468.3			1.0394461655629772
5469.2			1.036324870174708
5470.1			1.0221297349329779
5471.0			1.0144057312991892
5471.9			1.010902127521057
5472.8			0.998352459021338
5473.7			0.9897360082306679
5474.6			0.9855456971940106
5475.5			0.9524209788010031
5476.4			0.9032274555871286
5477.3			0.9028931969645707
5478.2			0.9592679983307005
5479.1			1.0044573951120492
5480.0			0.9933747481195616
5480.9			0.9546878843483163
5481.8			0.9391901829733114
5482.7			0.9577603621961637
5483.6			0.9921952009600544
5484.5			1.0273539436835495
5485.4			1.0408484403411824
5486.3			1.0196591364703051
5487.2			0.9868301323330265
5488.1			0.9753020033533215
5489.0			0.9867972345731311
5489.9			0.9998997257502792
5490.8			1.0
5491.7			1.0
5492.6			1.0
5493.5			1.0
5494.4			1.0
5495.3			1.0
5496.2			1.0
5497.1			1.0
5498.0			1.0
5498.9			1.0
5499.8			1.0
5500.7			1.0
5501.6			1.0
5502.5			1.0
5503.4			1.0
5504.3			1.0
5505.2			1.0
5506.1			1.0
5507.0			1.0
5507.9			1.0
5508.8			1.0
5509.7			1.0
5510.6			1.0
5511.5			1.0
5512.4			1.0
5513.3			1.0
5514.2			1.0
5515.1			1.0
5516.0			1.0
5516.9			1.0
5517.8			1.0
5518.7			1.0
5519.6			1.0
5520.5			1.0
5521.4			1.0
5522.3			0.9995966899674708
5523.2			1.0034883400133885
5524.1			1.001860956935794
5525.0			0.9879634790386012
5525.9			0.9678827347373498
5526.8			0.9460854675289468
5527.7			0.9257927144593238
5528.6			0.9280243263284677
5529.5			0.9616839246629417
5530.4			0.9971455317849218
5531.3			1.0101678862206525
5532.2			1.007294621112864
5533.1			1.001081237692172
5534.0			1.0
5534.9			1.0
5535.8			1.0
5536.7			1.0
5537.6			1.0
5538.5			1.0
5539.4			1.0
5540.3			1.0
5541.2			1.0
5542.1			1.0
5543.0			1.0
5543.9			1.0
5544.8			1.0
5545.7			1.0
5546.6			1.0
5547.5			1.0
5548.4			1.0
5549.3			1.0
5550.200000000001			1.0
5551.1			1.0
5552.0			1.0
5552.9			1.0
5553.8			1.0
5554.700000000001			1.0
5555.6			1.0
5556.5			1.0
5557.4			1.0
5558.3			1.0
5559.200000000001			1.0
5560.1			1.0
5561.0			1.0
5561.9			1.0
5562.8			1.0
5563.700000000001			1.0
5564.6			1.0
5565.5			1.0
5566.4			1.0
5567.3			1.0
5568.200000000001			1.0
5569.1			1.0
5570.0			1.0
5570.9			1.0
5571.8			1.0
5572.700000000001			1.0
5573.6			1.0
5574.5			1.0
5575.4			1.0
5576.3			1.0
5577.200000000001			1.0045428365346287
5578.1			1.0088086825749427
5579.0			1.0112006169574874
5579.9			1.0176989497688373
5580.8			1.0179530628475033
5581.700000000001			1.0141896037159843
5582.6			1.0177884806290063
5583.5			1.0242491011530128
5584.4			1.01900568329327
5585.3			0.997264052107436
5586.200000000001			0.9604731776522377
5587.1			0.9269613277379138
5588.0			0.913685411500312
5588.9			0.9233309208793553
5589.8			0.9489273863568977
5590.700000000001			0.9788082932694661
5591.6			0.995931335967678
5592.5			0.9953631231915364
5593.4			0.9819375007947606
5594.3			0.9788581808964115
5595.200000000001			1.0088740626584982
5596.1			1.044984806195082
5597.0			1.044800274456761
5597.9			1.0169440645971328
5598.8			0.9993062053740862
5599.700000000001			1.0
5600.6			1.0
5601.5			1.0
5602.4			1.0
5603.3			1.0
5604.200000000001			1.0
5605.1			1.0
5606.0			1.0
5606.9			1.0
5607.8			1.0
5608.700000000001			1.0
5609.6			1.0002356729652826
5610.5			1.0038596984961365
5611.4			1.010783878964817
5612.3			1.015203557846815
5613.200000000001			0.9968501235859852
5614.1			0.9440033198420713
5615.0			0.8913446564769639
5615.9			0.8891106516920706
5616.8			0.9305772243641363
5617.700000000001			0.9640779787869739
5618.6			0.9677174161692869
5619.5			0.963303633571818
5620.4			0.9740674068481343
5621.3			0.99491870767899
5622.200000000001			0.9996361988107654
5623.1			1.0
5624.0			1.0
5624.9			1.0
5625.8			1.0
5626.700000000001			1.0
5627.6			1.0
5628.5			1.0
5629.4			1.0
5630.3			1.0
5631.200000000001			1.0
5632.1			1.0
5633.0			1.0
5633.9			1.0
5634.8			1.0
5635.700000000001			1.0
5636.6			1.0
5637.5			1.0
5638.4			1.0
5639.3			1.0
5640.200000000001			1.0
5641.1			1.0
5642.0			1.0
5642.9			1.0
5643.8			1.0
5644.700000000001			1.0
5645.6			1.0
5646.5			1.0
5647.4			1.005935393863827
5648.3			0.9985388483002329
5649.200000000001			0.9846342829154087
5650.1			0.9807746072631688
5651.0			0.9929378805500846
5651.9			1.0078794306617793
5652.8			1.0061100502596094
5653.700000000001			0.9854785621526737
5654.6			0.9671144098155141
5655.5			0.972084755800083
5656.4			0.9750048590965295
5657.3			0.9412437910857114
5658.200000000001			0.9000745591502701
5659.1			0.9072795038050814
5660.0			0.9506482153222612
5660.9			0.974338622604684
5661.8			0.9659557905220026
5662.700000000001			0.9640908647961803
5663.6			0.9871389674221991
5664.5			1.0141816359181994
5665.4			1.0198171166379522
5666.3			1.006263552728996
5667.200000000001			0.9945699396141608
5668.1			0.9945714575614771
5669.0			1.0007809376037373
5669.9			1.0
5670.8			1.0
5671.700000000001			1.0
5672.6			1.0
5673.5			1.0
5674.4			1.0
5675.3			1.0
5676.200000000001			1.0
5677.1			1.0
5678.0			1.0
5678.9			1.0
5679.8			1.0
5680.700000000001			1.0
5681.6			1.0
5682.5			1.0
5683.4			1.0
5684.3			1.0
5685.200000000001			1.0
5686.1			1.0
5687.0			1.0
5687.9			1.0
5688.8			1.0
5689.700000000001			1.0
5690.6			1.0
5691.5			1.0081170082284352
5692.4			1.010244385257808
5693.3			1.0075673091372648
5694.200000000001			1.007029551213566
5695.1			1.0144005057663406
5696.0			1.021369288612109
5696.9			1.0124152735922323
5697.8			0.9916301847285092
5698.700000000001			0.9783530138947121
5699.6			0.9725512227121195
5700.5			0.9612732546958487
5701.4			0.9496830148336053
5702.3			0.9557505426509871
5703.200000000001			0.9756869094355307
5704.1			0.9840387116118205
5705.0			0.9697372620691596
5705.9			0.9489961803722414
5706.8			0.9345652772297969
5707.700000000001			0.9199140288005608
5708.6			0.9029986523062785
5709.5			0.8960881332625837
5710.4			0.8981639218170184
5711.3			0.9053651069341256
5712.200000000001			0.929047126703308
5713.1			0.9647404022273207
5714.0			0.9881265761680947
5714.9			0.9960032457712579
5715.8			1.0015170165909786
5716.700000000001			1.0045819255347663
5717.6			1.0024442053833604
5718.5			1.0043045743936219
5719.4			1.0109863778815853
5720.3			1.0160933254309703
5721.200000000001			1.0201374013972981
5722.1			1.0268333439122421
5723.0			1.0330174557359333
5723.9			1.036095182123907
5724.8			1.032594135829787
5725.700000000001			1.0195785684180458
5726.6			1.0036246716276456
5727.5			0.9999770010710552
5728.4			1.0
5729.3			1.0
5730.200000000001			1.0
5731.1			1.0
5732.0			1.0
5732.9			1.0
5733.8			1.0
5734.700000000001			1.0
5735.6			1.0
5736.5			1.0
5737.4			1.0
5738.3			1.0
5739.200000000001			1.0
5740.1			1.0
5741.0			1.0
5741.9			1.0
5742.8			1.0
5743.700000000001			1.0
5744.6			1.0
5745.5			1.0
5746.4			1.0
5747.3			1.0
5748.200000000001			1.0
5749.1			1.0132843817771542
5750.0			1.0293943441018973
5750.9			1.022244446712239
5751.8			0.9898651995751453
5752.700000000001			0.9512088496386832
5753.6			0.9300293056419405
5754.5			0.9375031610630554
5755.4			0.9644401889214116
5756.3			0.9893106892015364
5757.200000000001			1.0022930944001351
5758.1			1.000298550496659
5759.0			1.0
5759.9			1.0
5760.8			1.0
5761.700000000001			1.0
5762.6			1.0
5763.5			1.0
5764.4			1.0
5765.3			1.0
5766.200000000001			1.0045364752968955
5767.1			1.0011802455446355
5768.0			0.9967215908066559
5768.9			0.9937281812132069
5769.8			0.9917270193812233
5770.700000000001			0.9865466757799565
5771.6			0.9808075257750312
5772.5			0.9821540051964353
5773.4			0.985787653848239
5774.3			0.9832056379965746
5775.200000000001			0.984150800670244
5776.1			0.993937565697996
5777.0			1.0019372221191551
5777.9			1.000102751788253
5778.8			0.985096186481339
5779.700000000001			0.9559117138022379
5780.6			0.9220047700435632
5781.5			0.9065814372510572
5782.4			0.9151994858097952
5783.3			0.9265711673971312
5784.200000000001			0.9244609650093161
5785.1			0.9238143854552859
5786.0			0.9426120785603391
5786.9			0.9702485489822091
5787.8			0.9900715770082826
5788.700000000001			1.0002584256057399
5789.6			0.9961617087492285
5790.5			0.9827655215827164
5791.4			0.9782752490134239
5792.3			0.9856066854877711
5793.200000000001			0.9962028440297512
5794.1			1.0090565231103867
5795.0			1.019734177855063
5795.9			1.0173429156144762
5796.8			1.000900999205747
5797.700000000001			1.0
5798.6			1.0
5799.5			1.0
5800.4			1.0
5801.3			1.0
5802.200000000001			1.0
5803.1			1.0
5804.0			1.0
5804.9			1.0
5805.8			1.0
5806.700000000001			1.0
5807.6			1.0
5808.5			1.0
5809.4			1.0
5810.3			1.0
5811.200000000001			1.0
5812.1			1.0
5813.0			1.0
5813.9			1.0
5814.8			1.0
5815.700000000001			1.0
5816.6			1.0
5817.5			1.0
5818.4			1.0
5819.3			1.0
5820.200000000001			1.0
5821.1			1.0
5822.0			1.0
5822.9			1.0
5823.8			1.0
5824.700000000001			1.0
5825.6			1.0
5826.5			1.0
5827.4			1.0
5828.3			1.0
5829.200000000001			1.0
5830.1			1.0
5831.0			1.0
5831.9			1.0
5832.8			1.0
5833.700000000001			1.0
5834.6			1.0
5835.5			1.0
5836.4			1.0
5837.3			1.0
5838.200000000001			1.0
5839.1			1.0
5840.0			1.0
5840.9			1.0
5841.8			1.0
5842.700000000001			1.0
5843.6			1.0
5844.5			1.0
5845.4			1.0
5846.3			1.0
5847.200000000001			1.0
5848.1			1.0
5849.0			1.0
5849.9			1.0
5850.8			1.0
5851.700000000001			1.0
5852.6			1.0
5853.5			1.0
5854.4			1.0
5855.3			1.0
5856.200000000001			1.0
5857.1			1.0
5858.0			1.0
5858.9			1.0
5859.8			1.0
5860.700000000001			1.0
5861.6			1.0
5862.5			1.0
5863.4			1.0
5864.3			1.0
5865.200000000001			1.0
5866.1			1.0
5867.0			1.0
5867.9			1.0
5868.8			1.0
5869.700000000001			1.0
5870.6			1.0
5871.5			1.0
5872.4			1.0
5873.3			1.0
5874.200000000001			1.0
5875.1			1.0
5876.0			1.0
5876.9			1.0
5877.8			1.0
5878.700000000001			1.0
5879.6			1.0
5880.5			0.9981651548254236
5881.4			1.0024040213912773
5882.3			1.0030943369707597
5883.200000000001			0.9963320091066225
5884.1			0.9916724642657774
5885.0			0.9965803794395999
5885.9			1.0048600424094802
5886.8			1.002923360946825
5887.700000000001			0.9655910040448039
5888.6			0.8744921998956264
5889.5			0.7789406778351754
5890.4			0.7670002138951996
5891.3			0.8395488229111853
5892.200000000001			0.915564828549417
5893.1			0.9522975427216784
5894.0			0.9431194103975583
5894.9			0.8845130259090848
5895.8			0.833223626255588
5896.700000000001			0.8576433523346129
5897.6			0.9276520517505072
5898.5			0.972987967357005
5899.4			0.9872305234630299
5900.3			0.9996156874587271
5901.200000000001			1.0
5902.1			1.0
5903.0			1.0
5903.9			1.0
5904.8			1.0
5905.700000000001			1.0
5906.6			1.0
5907.5			1.0
5908.4			1.0
5909.3			1.0
5910.200000000001			1.0
5911.1			1.0
5912.0			1.0
5912.9			1.0
5913.8			1.0
5914.700000000001			1.0
5915.6			1.0
5916.5			1.0
5917.4			1.0
5918.3			1.0
5919.200000000001			1.0
5920.1			1.0
5921.0			1.0
5921.9			1.0
5922.8			1.0
5923.700000000001			1.0
5924.6			1.0
5925.5			1.0
5926.4			1.0
5927.3			1.0
5928.200000000001			1.0
5929.1			1.0
5930.0			1.0
5930.9			1.0
5931.8			1.0
5932.700000000001			1.0
5933.6			1.0
5934.5			1.0
5935.4			1.0
5936.3			1.0
5937.200000000001			1.0
5938.1			1.0
5939.0			1.0
5939.9			1.0
5940.8			1.0
5941.700000000001			1.0
5942.6			1.0
5943.5			1.0
5944.4			1.0
5945.3			1.0
5946.200000000001			1.0
5947.1			1.0
5948.0			1.0
5948.9			1.0
5949.8			1.0
5950.700000000001			1.0
5951.6			1.0
5952.5			1.0
5953.4			1.0
5954.3			1.0
5955.200000000001			1.0
5956.1			1.0
5957.0			1.0
5957.9			1.0
5958.8			1.0
5959.700000000001			1.0
5960.6			1.0
5961.5			1.0
5962.4			1.0
5963.3			1.0
5964.200000000001			1.0
5965.1			1.0
5966.0			1.0
5966.9			1.0
5967.8			1.0
5968.700000000001			1.0
5969.6			1.0
5970.5			1.0
5971.4			1.0
5972.3			1.0
5973.200000000001			1.0
5974.1			1.0
5975.0			1.0
5975.9			1.0
5976.8			1.0
5977.700000000001			1.0
5978.6			1.0
5979.5			1.0
5980.4			1.0
5981.3			1.0
5982.200000000001			1.0
5983.1			1.0
5984.0			1.0
5984.9			1.0
5985.8			1.0
5986.700000000001			1.0
5987.6			1.0
5988.5			1.0
5989.4			1.0
5990.3			1.0
5991.200000000001			1.0
5992.1			1.0
5993.0			1.0
5993.9			1.0
5994.8			1.0
5995.700000000001			1.0
5996.6			1.0
5997.5			1.0
5998.4			1.0
5999.3			1.0
6000.200000000001			1.0
6001.1			1.0
6002.0			1.0
6002.9			1.0
6003.8			1.0
6004.700000000001			1.0
6005.6			1.0
6006.5			1.0
6007.4			1.0
6008.3			1.0
6009.200000000001			1.0
6010.1			1.0
6011.0			1.0
6011.9			1.0
6012.8			1.0
6013.700000000001			1.0
6014.6			1.0
6015.5			1.0
6016.4			1.0
6017.3			1.0
6018.200000000001			1.0
6019.1			1.0
6020.0			1.0
6020.9			1.0
6021.8			1.0
6022.700000000001			1.0
6023.6			1.0
6024.5			1.0
6025.4			1.0
6026.3			1.0
6027.200000000001			1.0
6028.1			1.0
6029.0			1.0
6029.9			1.0
6030.8			1.0
6031.700000000001			1.0
6032.6			1.0
6033.5			1.0
6034.4			1.0
6035.3			1.0
6036.200000000001			1.0
6037.1			1.0
6038.0			1.0
6038.9			1.0
6039.8			1.0
6040.700000000001			1.0
6041.6			1.0
6042.5			1.0
6043.4			1.0
6044.3			1.0
6045.200000000001			1.0
6046.1			1.0
6047.0			1.0
6047.9			1.0
6048.8			1.0
6049.700000000001			1.0
6050.6			1.0
6051.5			1.0
6052.4			1.0
6053.3			1.0
6054.200000000001			1.0
6055.1			1.0
6056.0			1.0
6056.9			1.0
6057.8			1.0
6058.700000000001			1.0
6059.6			1.0
6060.5			1.0
6061.4			1.0
6062.3			1.0
6063.200000000001			1.0
6064.1			1.0
6065.0			1.0
6065.9			1.0
6066.8			1.0
6067.700000000001			1.0
6068.6			1.0
6069.5			1.0
6070.4			1.0
6071.3			1.0
6072.200000000001			1.0
6073.1			1.0
6074.0			1.0
6074.9			1.0
6075.8			1.0
6076.700000000001			1.0
6077.6			1.0
6078.5			1.0
6079.4			1.0
6080.3			1.0
6081.200000000001			1.0
6082.1			1.0
6083.0			1.0
6083.9			1.0
6084.8			1.0
6085.700000000001			1.0
6086.6			1.0
6087.5			1.0
6088.4			1.0
6089.3			1.0
6090.200000000001			1.0
6091.1			1.0
6092.0			1.0
6092.9			1.0
6093.8			1.0
6094.700000000001			1.0
6095.6			1.0
6096.5			1.0
6097.4			1.0
6098.3			1.0
6099.200000000001			1.0
6100.1			1.0
6101.0			1.0
6101.9			1.0
6102.8			1.0
6103.700000000001			1.0
6104.6			1.0
6105.5			1.0
6106.4			1.0
6107.3			1.0
6108.200000000001			1.0
6109.1			1.0
6110.0			1.0
6110.9			1.0
6111.8			1.0
6112.700000000001			1.0
6113.6			1.0
6114.5			1.0
6115.4			1.0
6116.3			1.0
6117.200000000001			1.0
6118.1			1.0
6119.0			1.0
6119.9			1.0
6120.8			1.0
6121.700000000001			1.0
6122.6			1.0
6123.5			1.0
6124.4			1.0
6125.3			1.0
6126.200000000001			1.0
6127.1			1.0
6128.0			1.0
6128.9			1.0
6129.8			1.0
6130.700000000001			1.0
6131.6			1.0
6132.5			1.0
6133.4			1.007911978857988
6134.3			1.0025036786104207
6135.200000000001			0.9695010376963612
6136.1			0.9129489004195371
6137.0			0.8779299961613996
6137.9			0.9060020693466928
6138.8			0.9714400291281993
6139.700000000001			1.011750731746766
6140.6			1.0009096071717132
6141.5			1.0
6142.4			1.0
6143.3			1.0
6144.200000000001			1.0
6145.1			1.0
6146.0			1.0
6146.9			1.0
6147.8			1.0
6148.700000000001			1.0
6149.6			1.0
6150.5			1.0
6151.4			1.0
6152.3			1.0
6153.200000000001			1.0
6154.1			1.0
6155.0			1.0
6155.9			1.0
6156.8			1.0100866059933868
6157.700000000001			1.0113225311610878
6158.6			1.0100239636927806
6159.5			0.9983121944256158
6160.4			0.9619835441178747
6161.3			0.9160577584392215
6162.200000000001			0.8953602230001764
6163.1			0.909492947188582
6164.0			0.9422594206651992
6164.9			0.9717320397172753
6165.8			0.9883639924431081
6166.700000000001			0.9997729557367804
6167.6			0.9999640300904405
6168.5			1.0
6169.4			1.0
6170.3			1.0
6171.200000000001			1.0
6172.1			1.0
6173.0			1.0
6173.9			1.0
6174.8			1.0
6175.700000000001			1.0
6176.6			1.0
6177.5			1.0
6178.4			1.0
6179.3			1.0
6180.200000000001			1.0
6181.1			1.0
6182.0			1.0
6182.9			1.0
6183.8			1.0
6184.700000000001			1.0
6185.6			1.0
6186.5			1.0
6187.4			1.0
6188.3			1.0
6189.200000000001			1.0
6190.1			1.0
6191.0			1.0
6191.9			1.0
6192.8			1.0
6193.700000000001			1.0
6194.6			1.0
6195.5			1.0
6196.4			1.0
6197.3			1.0
6198.200000000001			1.0
6199.1			1.0
6200.0			1.0
6200.9			1.0
6201.8			1.0
6202.700000000001			1.0
6203.6			1.0
6204.5			1.0
6205.4			1.0
6206.3			1.0
6207.200000000001			1.0
6208.1			1.0
6209.0			1.0
6209.9			1.0
6210.8			1.0
6211.700000000001			1.0
6212.6			1.0
6213.5			1.0
6214.4			1.0
6215.3			1.0
6216.200000000001			1.0
6217.1			1.0
6218.0			1.0
6218.9			1.0
6219.8			1.0
6220.700000000001			1.0
6221.6			1.0
6222.5			1.0
6223.4			1.0
6224.3			1.0
6225.200000000001			1.0
6226.1			1.0
6227.0			1.0
6227.9			1.0
6228.8			1.0
6229.700000000001			1.0
6230.6			1.0
6231.5			1.0
6232.4			1.0
6233.3			1.0
6234.200000000001			1.0
6235.1			1.0
6236.0			1.0
6236.9			1.0
6237.8			1.0
6238.700000000001			1.0
6239.6			1.0
6240.5			1.0
6241.4			1.0
6242.3			1.0
6243.200000000001			1.0
6244.1			1.0
6245.0			1.0
6245.9			1.0
6246.8			1.0
6247.700000000001			1.0
6248.6			1.0
6249.5			1.0
6250.4			1.0
6251.3			1.0
6252.200000000001			1.0
6253.1			1.0
6254.0			1.0
6254.9			1.0
6255.8			1.0
6256.700000000001			1.0
6257.6			1.0
6258.5			1.0
6259.4			1.0
6260.3			1.0
6261.200000000001			1.0
6262.1			1.0
6263.0			1.0
6263.9			1.0
6264.8			1.0
6265.700000000001			1.0
6266.6			1.0
6267.5			1.0
6268.4			1.0
6269.3			1.0
6270.200000000001			1.0
6271.1			1.0
6272.0			1.0
6272.9			1.0
6273.8			1.0
6274.700000000001			1.0
6275.6			1.0
6276.5			1.0
6277.4			1.0
6278.3			1.0
6279.200000000001			1.0
6280.1			1.0
6281.0			1.0
6281.9			1.0
6282.8			1.0
6283.700000000001			1.0
6284.6			1.0
6285.5			1.0
6286.4			1.0
6287.3			1.0
6288.200000000001			1.0
6289.1			1.0
6290.0			1.0
6290.9			1.0
6291.8			1.0
6292.700000000001			1.0
6293.6			1.0
6294.5			1.0
6295.4			1.0
6296.3			1.0
6297.200000000001			1.0
6298.1			1.0
6299.0			1.0
6299.9			1.0
6300.8			1.0
6301.700000000001			1.0
6302.6			1.0
6303.5			1.0
6304.4			1.0
6305.3			1.0
6306.200000000001			1.0
6307.1			1.0
6308.0			1.0
6308.9			1.0
6309.8			1.0
6310.700000000001			1.0
6311.6			1.0
6312.5			1.0
6313.4			1.0
6314.3			1.0
6315.200000000001			1.0
6316.1			1.0
6317.0			1.0
6317.9			1.0
6318.8			1.0
6319.700000000001			1.0
6320.6			1.0
6321.5			1.0
6322.4			1.0
6323.3			1.0
6324.200000000001			1.0
6325.1			1.0
6326.0			1.0
6326.9			1.0
6327.8			1.0
6328.700000000001			1.0
6329.6			1.0
6330.5			1.0
6331.4			1.0
6332.3			1.0
6333.200000000001			1.0
6334.1			1.0
6335.0			1.0
6335.9			1.0
6336.8			1.0
6337.700000000001			1.0
6338.6			1.0
6339.5			1.0
6340.4			1.0
6341.3			1.0
6342.200000000001			1.0
6343.1			1.0
6344.0			1.0
6344.9			1.0
6345.8			1.0
6346.700000000001			1.0
6347.6			1.0
6348.5			1.0
6349.4			1.0
6350.3			1.0
6351.200000000001			1.0
6352.1			1.0
6353.0			1.0
6353.9			1.0
6354.8			1.0
6355.700000000001			1.0
6356.6			1.0
6357.5			1.0
6358.4			1.0
6359.3			1.0
6360.200000000001			1.0
6361.1			1.0
6362.0			1.0
6362.9			1.0
6363.8			1.0
6364.700000000001			1.0
6365.6			1.0
6366.5			1.0
6367.4			1.0
6368.3			1.0
6369.200000000001			1.0
6370.1			1.0
6371.0			1.0
6371.9			1.0
6372.8			1.0
6373.700000000001			1.0
6374.6			1.0
6375.5			1.0
6376.4			1.0
6377.3			1.0
6378.200000000001			1.0
6379.1			1.0
6380.0			1.0
6380.9			1.0
6381.8			1.0
6382.700000000001			1.0
6383.6			1.0
6384.5			1.0
6385.4			1.0
6386.3			1.0
6387.200000000001			1.0
6388.1			1.0
6389.0			1.0
6389.9			1.0
6390.8			1.0
6391.700000000001			1.0
6392.6			1.0
6393.5			1.0
6394.4			1.0
6395.3			1.0
6396.200000000001			1.0
6397.1			1.0
6398.0			1.0
6398.9			1.0
6399.8			1.0
6400.700000000001			1.0
6401.6			1.0
6402.5			1.0
6403.4			1.0
6404.3			1.0
6405.200000000001			1.0
6406.1			1.0
6407.0			1.0
6407.9			1.0
6408.8			1.0
6409.700000000001			1.0
6410.6			1.0
6411.5			1.0
6412.4			1.0
6413.3			1.0
6414.200000000001			1.0
6415.1			1.0
6416.0			1.0
6416.9			1.0
6417.8			1.0
6418.700000000001			1.0
6419.6			1.0
6420.5			1.0
6421.4			1.0
6422.3			1.0
6423.200000000001			1.0
6424.1			1.0
6425.0			1.0
6425.9			1.0
6426.8			1.0
6427.700000000001			1.0
6428.6			1.0
6429.5			1.0
6430.4			1.0
6431.3			1.0
6432.200000000001			1.0
6433.1			1.0
6434.0			1.0
6434.9			1.0
6435.8			1.0
6436.700000000001			1.0
6437.6			1.0
6438.5			1.0
6439.4			1.0
6440.3			1.0
6441.200000000001			1.0
6442.1			1.0
6443.0			1.0
6443.9			1.0
6444.8			1.0
6445.700000000001			1.0
6446.6			1.0
6447.5			1.0
6448.4			1.0
6449.3			1.0
6450.200000000001			1.0
6451.1			1.0
6452.0			1.0
6452.9			1.0
6453.8			1.0
6454.700000000001			1.0
6455.6			1.0
6456.5			1.0
6457.4			1.0
6458.3			1.0
6459.200000000001			1.0
6460.1			1.0
6461.0			1.0
6461.9			1.0
6462.8			1.0
6463.700000000001			1.0
6464.6			1.0
6465.5			1.0
6466.4			1.0
6467.3			1.0
6468.200000000001			1.0
6469.1			1.0
6470.0			1.0
6470.9			1.0
6471.8			1.0
6472.700000000001			1.0
6473.6			1.0
6474.5			1.0
6475.4			1.0
6476.3			1.0
6477.200000000001			1.0
6478.1			1.0
6479.0			1.0
6479.9			1.0
6480.8			1.0
6481.700000000001			1.0
6482.6			1.0
6483.5			1.0
6484.4			1.0
6485.3			1.0
6486.200000000001			1.0
6487.1			1.0053954305467625
6488.0			1.0073506735120976
6488.9			1.0010332042491663
6489.8			0.9875457217373511
6490.700000000001			0.9748050407809546
6491.6			0.9637832395910165
6492.5			0.9404237896966939
6493.4			0.8985674831623935
6494.3			0.8606947951457941
6495.200000000001			0.851103602379608
6496.1			0.8713734236769666
6497.0			0.9057457702789978
6497.9			0.9314051071860593
6498.8			0.9431876205300463
6499.700000000001			0.9563399802703314
6500.6			0.9734988338063123
6501.5			0.985601284771287
6502.4			0.993342565501729
6503.3			1.0006907896028814
6504.200000000001			1.0
6505.1			1.0
6506.0			1.0
6506.9			1.0
6507.8			1.0
6508.700000000001			1.0
6509.6			1.0
6510.5			1.0
6511.4			1.0
6512.3			1.0
6513.200000000001			1.0
6514.1			1.0
6515.0			1.0
6515.9			1.0
6516.8			1.0
6517.700000000001			1.0
6518.6			1.0
6519.5			1.0
6520.4			1.0
6521.3			1.0
6522.200000000001			1.0
6523.1			1.0
6524.0			1.0
6524.9			1.0
6525.8			1.0
6526.700000000001			1.0
6527.6			1.0
6528.5			1.0
6529.4			1.0
6530.3			1.0
6531.200000000001			1.0
6532.1			1.0
6533.0			1.0
6533.9			1.0
6534.8			1.0
6535.700000000001			1.0
6536.6			1.0
6537.5			1.0
6538.4			1.0
6539.3			1.0
6540.200000000001			1.0
6541.1			1.0
6542.0			1.0
6542.9			1.0
6543.8			1.0
6544.700000000001			1.0
6545.6			1.0
6546.5			1.0
6547.4			1.0
6548.3			1.0
6549.200000000001			1.0
6550.1			1.0
6551.0			1.0
6551.9			1.0
6552.8			1.0
6553.700000000001			1.0
6554.6			1.0
6555.5			1.0
6556.4			1.0
6557.3			1.0
6558.200000000001			0.9928680972434097
6559.1			0.9706589824439613
6560.0			0.9187372755210084
6560.9			0.8076245620331338
6561.8			0.6673751889381991
6562.700000000001			0.6150038369161654
6563.6			0.707122917529226
6564.5			0.8548578616986319
6565.4			0.9560302043225332
6566.3			0.9962411157904804
6567.200000000001			1.0004303051726204
6568.1			1.0
6569.0			1.0
6569.9			1.0
6570.8			1.0
6571.700000000001			1.0
6572.6			1.0
6573.5			1.0
6574.4			1.0
6575.3			1.0
6576.200000000001			1.0
6577.1			1.0
6578.0			1.0
6578.9			1.0
6579.8			1.0
6580.700000000001			1.0
6581.6			1.0
6582.5			1.0
6583.4			1.0
6584.3			1.0
6585.200000000001			1.0
6586.1			1.0
6587.0			1.0
6587.9			1.0
6588.8			1.0
6589.700000000001			1.0
6590.6			1.0
6591.5			1.0
6592.4			1.0
6593.3			1.0
6594.200000000001			1.0
6595.1			1.0
6596.0			1.0
6596.9			1.0
6597.8			1.0
6598.700000000001			1.0
6599.6			1.0
6600.5			1.0
6601.4			1.0
6602.3			1.0
6603.200000000001			1.0
6604.1			1.0
6605.0			1.0
6605.9			1.0
6606.8			1.0
6607.700000000001			1.0
6608.6			1.0
6609.5			1.0
6610.4			1.0
6611.3			1.0
6612.200000000001			1.0
6613.1			1.0
6614.0			1.0
6614.9			1.0
6615.8			1.0
6616.700000000001			1.0
6617.6			1.0004961773454086
6618.5			1.005688786107095
6619.4			1.0148582455579807
6620.3			1.0220522311296147
6621.200000000001			1.0247654836948668
6622.1			1.0207403245209605
6623.0			1.0113189288688917
6623.9			1.0021041099650505
6624.8			1.0022865046841056
6625.700000000001			1.0
6626.6			1.0
6627.5			1.0
6628.4			1.0
6629.3			1.0
6630.200000000001			1.0
6631.1			1.0
6632.0			1.0
6632.9			1.0
6633.8			1.0
6634.700000000001			1.0
6635.6			1.0
6636.5			1.0
6637.4			1.0
6638.3			1.0
6639.200000000001			1.0
6640.1			1.0
6641.0			1.0
6641.9			1.0
6642.8			1.0
6643.700000000001			1.0
6644.6			1.0
6645.5			1.0
6646.4			1.0
6647.3			1.0
6648.200000000001			1.0
6649.1			1.0
6650.0			1.0
6650.9			1.0
6651.8			1.0
6652.700000000001			1.0
6653.6			1.0
6654.5			1.0
6655.4			1.0
6656.3			1.0
6657.200000000001			1.0
6658.1			1.0
6659.0			1.0
6659.9			1.0
6660.8			1.0
6661.700000000001			1.0
6662.6			1.0
6663.5			1.0
6664.4			1.0
6665.3			1.0
6666.200000000001			1.0
6667.1			1.0
6668.0			1.0
6668.9			1.0
6669.8			1.0
6670.700000000001			1.0
6671.6			1.0
6672.5			1.0
6673.4			1.0
6674.3			1.0
6675.200000000001			1.0
6676.1			1.0
6677.0			1.0
6677.9			1.0
6678.8			1.0
6679.700000000001			1.0
6680.6			1.0
6681.5			1.0
6682.4			1.0
6683.3			1.0
6684.200000000001			1.0
6685.1			1.0
6686.0			1.0
6686.9			1.0
6687.8			1.0
6688.700000000001			1.0
6689.6			1.0
6690.5			1.0
6691.4			1.0
6692.3			1.0
6693.200000000001			1.0
6694.1			1.0
6695.0			1.0
6695.9			1.0
6696.8			1.0
6697.700000000001			1.0
6698.6			1.0
6699.5			1.0
6700.4			1.0
6701.3			1.0
6702.200000000001			1.0
6703.1			1.0
6704.0			1.0
6704.9			1.0
6705.8			1.0
6706.700000000001			1.0
6707.6			1.0
6708.5			1.0
6709.4			1.0
6710.3			1.0
6711.200000000001			1.0
6712.1			1.0
6713.0			1.0
6713.9			1.0
6714.8			1.0
6715.700000000001			1.0
6716.6			1.0
6717.5			1.0
6718.4			1.0
6719.3			1.0
6720.200000000001			1.0
6721.1			1.0
6722.0			1.0
6722.9			1.0
6723.8			1.0
6724.700000000001			1.0
6725.6			1.0
6726.5			1.0
6727.4			1.0
6728.3			1.0
6729.200000000001			1.0
6730.1			1.0
6731.0			1.0
6731.9			1.0
6732.8			1.0
6733.700000000001			1.0
6734.6			1.0
6735.5			1.0
6736.4			1.0
6737.3			1.0
6738.200000000001			1.0
6739.1			1.0
6740.0			1.0
6740.9			1.0
6741.8			1.0
6742.700000000001			1.0
6743.6			1.0
6744.5			1.0
6745.4			1.0
6746.3			1.0
6747.200000000001			1.0
6748.1			1.0
6749.0			1.0
6749.9			1.0
6750.8			1.0
6751.700000000001			1.0
6752.6			1.0
6753.5			1.0
6754.4			1.0
6755.3			1.0
6756.200000000001			1.0
6757.1			1.0
6758.0			1.0
6758.9			1.0
6759.8			1.0
6760.700000000001			1.0
6761.6			1.0
6762.5			1.0
6763.4			1.0
6764.3			1.0
6765.200000000001			1.0
6766.1			1.0
6767.0			1.0
6767.9			1.0
6768.8			1.0
6769.700000000001			1.0
6770.6			1.0
6771.5			1.0
6772.4			1.0
6773.3			1.0
6774.200000000001			1.0
6775.1			1.0
6776.0			1.0
6776.9			1.0
6777.8			1.0
6778.700000000001			1.0
6779.6			1.0
6780.5			1.0
6781.4			1.0
6782.3			1.0
6783.200000000001			1.0
6784.1			1.0
6785.0			1.0
6785.9			1.0
6786.8			1.0
6787.700000000001			1.0
6788.6			1.0
6789.5			1.0
6790.4			1.0
6791.3			1.0
6792.200000000001			1.0
6793.1			1.0
6794.0			1.0
6794.9			1.0
6795.8			1.0
6796.700000000001			1.0
6797.6			1.0
6798.5			1.0
6799.4			1.0
6800.3			1.0
6801.200000000001			1.0
6802.1			1.0
6803.0			1.0
6803.9			1.0
6804.8			1.0
6805.700000000001			1.0
6806.6			1.0
6807.5			1.0
6808.4			1.0
6809.3			1.0
6810.200000000001			1.0
6811.1			1.0
6812.0			1.0
6812.9			1.0
6813.8			1.0
6814.700000000001			1.0
6815.6			1.0
6816.5			1.0
6817.4			1.0
6818.3			1.0
6819.200000000001			1.0
6820.1			1.0
6821.0			1.0
6821.9			1.0
6822.8			1.0
6823.700000000001			1.0
6824.6			1.0
6825.5			1.0
6826.4			1.0
6827.3			1.0
6828.200000000001			1.0
6829.1			1.0
6830.0			1.0
6830.9			1.0
6831.8			1.0
6832.700000000001			1.0
6833.6			1.0
6834.5			1.0
6835.4			1.0
6836.3			1.0
6837.200000000001			1.0
6838.1			1.0
6839.0			1.0
6839.9			1.0
6840.8			1.0
6841.700000000001			1.0
6842.6			1.0
6843.5			1.0
6844.4			1.0
6845.3			1.0
6846.200000000001			1.0
6847.1			1.0
6848.0			1.0
6848.9			1.0
6849.8			1.0
6850.700000000001			1.0
6851.6			1.0
6852.5			1.0
6853.4			1.0
6854.3			1.0
6855.200000000001			1.0
6856.1			1.0
6857.0			1.0
6857.9			1.0
6858.8			1.0
6859.700000000001			1.0
6860.6			1.0
6861.5			1.0
6862.4			1.0
6863.3			1.0
6864.200000000001			1.0
6865.1			1.0
6866.0			1.0
6866.9			1.0
6867.8			1.0
6868.700000000001			1.0
6869.6			1.0
6870.5			1.0
6871.4			1.0
6872.3			1.0
6873.200000000001			1.0
6874.1			1.0
6875.0			1.0
6875.9			1.0
6876.8			1.0
6877.700000000001			1.0
6878.6			1.0
6879.5			1.0
6880.4			1.0
6881.3			1.0
6882.200000000001			1.0
6883.1			1.0
6884.0			1.0
6884.9			1.0
6885.8			1.0
6886.700000000001			1.0
6887.6			1.0
6888.5			1.0
6889.4			1.0
6890.3			1.0
6891.200000000001			1.0
6892.1			1.0
6893.0			1.0
6893.9			1.0
6894.8			1.0
6895.700000000001			1.0
6896.6			1.0
6897.5			1.0
6898.4			1.0
6899.3			1.0
6900.200000000001			1.0
6901.1			1.0
6902.0			1.0
6902.9			1.0
6903.8			1.0
6904.700000000001			1.0
6905.6			1.0
6906.5			1.0
6907.4			1.0
6908.3			1.0
6909.200000000001			1.0
6910.1			1.0
6911.0			1.0
6911.9			1.0
6912.8			1.0
6913.700000000001			1.0
6914.6			1.0
6915.5			1.0
6916.4			1.0
6917.3			1.0
6918.200000000001			1.0
6919.1			1.0
6920.0			1.0
6920.9			1.0
6921.8			1.0
6922.700000000001			1.0
6923.6			1.0
6924.5			1.0
6925.4			1.0
6926.3			1.0
6927.200000000001			1.0
6928.1			1.0
6929.0			1.0
6929.9			1.0
6930.8			1.0
6931.700000000001			1.0
6932.6			1.0
6933.5			1.0
6934.4			1.0
6935.3			1.0
6936.200000000001			1.0
6937.1			1.0
6938.0			1.0
6938.9			1.0
6939.8			1.0
6940.700000000001			1.0
6941.6			1.0
6942.5			1.0
6943.4			1.0
6944.3			1.0
6945.200000000001			1.0
6946.1			1.0
6947.0			1.0
6947.9			1.0
6948.8			1.0
6949.700000000001			1.0
6950.6			1.0
6951.5			1.0
6952.4			1.0
6953.3			1.0
6954.200000000001			1.0
6955.1			1.0
6956.0			1.0
6956.9			1.0
6957.8			1.0
6958.700000000001			1.0
6959.6			1.0
6960.5			1.0
6961.4			1.0
6962.3			1.0
6963.200000000001			1.0
6964.1			1.0
6965.0			1.0
6965.9			1.0
6966.8			1.0
6967.700000000001			1.0
6968.6			1.0
6969.5			1.0
6970.4			1.0
6971.3			1.0
6972.200000000001			1.0
6973.1			1.0
6974.0			1.0
6974.9			1.0
6975.8			1.0
6976.700000000001			1.0
6977.6			1.0
6978.5			1.0
6979.4			1.0
6980.3			1.0
6981.200000000001			1.0
6982.1			1.0
6983.0			1.0
6983.9			1.0
6984.8			1.0
6985.700000000001			1.0
6986.6			1.0
6987.5			1.0
6988.4			1.0
6989.3			1.0
6990.200000000001			1.0
6991.1			1.0
6992.0			1.0
6992.9			1.0
6993.8			1.0
6994.700000000001			1.008246148489851
6995.6			1.0099041400647912
6996.5			1.0008892722697802
6997.4			0.9833510536684864
6998.3			0.9667960344173392
6999.200000000001			0.9623878639965785
7000.1			0.973905086440359
7001.0			0.9894370253784467
7001.9			0.989468169428746
7002.8			0.9730240751930878
7003.700000000001			0.9550353682116329
7004.6			0.9488147328457314
7005.5			0.9560547190468384
7006.4			0.9698404759198077
7007.3			0.9826421799715805
7008.200000000001			0.9873291606161377
7009.1			0.9847639071801618
7010.0			0.982520775094692
7010.9			0.9854295914967893
7011.8			0.9924732429561353
7012.700000000001			0.9970834985271368
7013.6			0.9856714251545989
7014.5			0.9534782410192888
7015.4			0.9230901014808358
7016.3			0.9296295544838268
7017.200000000001			0.9691017199321829
7018.1			1.007454323328829
7019.0			1.0
7019.9			1.0038049038416716
7020.8			0.9957845018277647
7021.700000000001			0.9752462154000224
7022.6			0.9543218935363008
7023.5			0.9475863435573502
7024.4			0.9546687523010896
7025.3			0.9648856055880927
7026.200000000001			0.9711883475942237
7027.1			0.9760729342375771
7028.0			0.9814722008279672
7028.9			0.9859854933629993
7029.8			0.9880991671009279
7030.700000000001			0.9857170465501459
7031.6			0.9806280409319904
7032.5			0.9747623191023068
7033.4			0.9672629663759158
7034.3			0.9643432976089855
7035.200000000001			0.9669083885620776
7036.1			0.9627664979315724
7037.0			0.9493128935802692
7037.9			0.9432949800710277
7038.8			0.96019947319168
7039.700000000001			0.9891400599594983
7040.6			1.0089189367642162
7041.5			1.0143901009106795
7042.4			1.008147594516459
7043.3			0.9974551637334168
7044.200000000001			0.991068824306525
7045.1			0.9942038388850002
7046.0			1.005019228819032
7046.9			1.0171849392712409
7047.8			1.0257996290606157
7048.700000000001			1.0259473821198062
7049.6			1.0177397297128443
7050.5			1.0001898972119574
7051.4			0.9791085293798102
7052.3			0.9706616426488507
7053.200000000001			0.9804833480624486
7054.1			0.9971307709873531
7055.0			1.007289790493701
7055.9			1.0093537565379027
7056.8			1.0056528866041132
7057.700000000001			0.9961372248925201
7058.6			0.982916843780312
7059.5			0.9765345851389958
7060.4			0.9794665412088348
7061.3			0.9861583915979041
7062.200000000001			0.9934633509870973
7063.1			1.004117692195146
7064.0			1.0081446554769091
7064.9			0.9953472462328284
7065.8			0.9699906694850109
7066.700000000001			0.9459339248084208
7067.6			0.9385212262756283
7068.5			0.9549099343366493
7069.4			0.9797291801045914
7070.3			0.994742076697305
7071.200000000001			0.9988514248726045
7072.1			0.9995245721606922
7073.0			0.999018414229607
7073.9			0.9966974777523304
7074.8			0.9961171133321961
7075.700000000001			0.9971211529889602
7076.6			0.9988537994912405
7077.5			1.000062896589772
7078.4			1.0
7079.3			1.0
7080.200000000001			1.0
7081.1			1.0
7082.0			1.0
7082.9			1.0
7083.8			1.0
7084.700000000001			1.0
7085.6			1.0
7086.5			1.0
7087.4			1.0
7088.3			1.0
7089.200000000001			1.0
7090.1			1.0
7091.0			1.0
7091.9			1.0
7092.8			1.0
7093.700000000001			1.0
7094.6			1.0
7095.5			1.0
7096.4			1.0
7097.3			1.0
7098.200000000001			1.0
7099.1			1.0
7100.0			1.0
7100.9			1.0
7101.8			1.0
7102.700000000001			1.0
7103.6			1.0
7104.5			1.0
7105.4			1.0
7106.3			1.0
7107.200000000001			1.0
7108.1			1.0
7109.0			1.0
7109.9			1.0
7110.8			1.0
7111.700000000001			1.0
7112.6			1.0
7113.5			1.0
7114.4			1.0
7115.3			1.0
7116.200000000001			1.0
7117.1			1.0
7118.0			1.0
7118.9			1.0
7119.8			1.0
7120.700000000001			1.0
7121.6			1.0
7122.5			1.0
7123.4			1.0
7124.3			1.0
7125.200000000001			1.0
7126.1			1.0
7127.0			1.0
7127.9			1.0
7128.8			1.0
7129.700000000001			1.0
7130.6			1.0
7131.5			1.0
7132.4			1.0
7133.3			1.0
7134.200000000001			1.0
7135.1			1.0
7136.0			1.0
7136.9			1.0
7137.8			1.0
7138.700000000001			1.0
7139.6			1.0
7140.5			1.0
7141.4			1.0
7142.3			1.0
7143.200000000001			1.0
7144.1			1.0
7145.0			1.0
7145.9			1.0
7146.8			1.0
7147.700000000001			1.0
7148.6			1.0
7149.5			1.0
7150.4			1.0
7151.3			1.0
7152.200000000001			1.0
7153.1			1.0
7154.0			1.0
7154.9			1.0
7155.8			1.0
7156.700000000001			1.0
7157.6			1.0
7158.5			1.0
7159.4			1.0
7160.3			1.0
7161.200000000001			1.0
7162.1			1.0
7163.0			1.0
7163.9			1.0
7164.8			1.0
7165.700000000001			1.0
7166.6			1.0
7167.5			1.0
7168.4			1.0
7169.3			1.0
7170.200000000001			1.0
7171.1			1.0
7172.0			1.0
7172.9			1.0
7173.8			1.0
7174.700000000001			1.0
7175.6			1.0
7176.5			1.0
7177.4			1.0
7178.3			1.0
7179.200000000001			1.0
7180.1			1.0
7181.0			1.0
7181.9			1.0
7182.8			1.0
7183.700000000001			1.0
7184.6			1.0
7185.5			1.0
7186.4			1.0
7187.3			1.0
7188.200000000001			1.0
7189.1			1.0
7190.0			1.0
7190.9			1.0
7191.8			1.0
7192.700000000001			1.0
7193.6			1.0
7194.5			1.0
7195.4			1.0
7196.3			1.0
7197.200000000001			1.0
7198.1			1.0
7199.0			1.0
7199.9			1.0
7200.8			1.0
7201.700000000001			1.0
7202.6			1.0
7203.5			1.0
7204.4			1.0
7205.3			1.0
7206.200000000001			1.0
7207.1			1.0
7208.0			1.0
7208.9			1.0
7209.8			1.0
7210.700000000001			1.0
7211.6			1.0
7212.5			1.0
7213.4			1.0
7214.3			1.0
7215.200000000001			1.0
7216.1			1.0
7217.0			1.0
7217.9			1.0
7218.8			1.0
7219.700000000001			1.0
7220.6			1.0
7221.5			1.0
7222.4			1.0
7223.3			1.0
7224.200000000001			1.0
7225.1			1.0
7226.0			1.0
7226.9			1.0
7227.8			1.0
7228.700000000001			1.0
7229.6			1.0
7230.5			1.0
7231.4			1.0
7232.3			1.0
7233.200000000001			1.0
7234.1			1.0
7235.0			1.0
7235.9			1.0
7236.8			1.0
7237.700000000001			1.0
7238.6			1.0
7239.5			1.0
7240.4			1.0
7241.3			1.0
7242.200000000001			1.0
7243.1			1.0
7244.0			1.0
7244.9			1.0
7245.8			1.0
7246.700000000001			1.0
7247.6			1.0
7248.5			1.0
7249.4			1.0
7250.3			1.0
7251.200000000001			1.0
7252.1			1.0
7253.0			1.0
7253.9			1.0
7254.8			1.0
7255.700000000001			1.0
7256.6			1.0
7257.5			1.0
7258.4			1.0
7259.3			1.0
7260.200000000001			1.0
7261.1			1.0
7262.0			1.0
7262.9			1.0
7263.8			1.0
7264.700000000001			1.0
7265.6			1.0
7266.5			1.0
7267.4			1.0
7268.3			1.0
7269.200000000001			1.0
7270.1			1.0
7271.0			1.0
7271.9			1.0
7272.8			1.0
7273.700000000001			1.0
7274.6			1.0
7275.5			1.0
7276.4			1.0
7277.3			1.0
7278.200000000001			1.0
7279.1			1.0
7280.0			1.0
7280.9			1.0
7281.8			1.0
7282.700000000001			1.0
7283.6			1.0
7284.5			1.0
7285.4			1.0
7286.3			1.0
7287.200000000001			1.0
7288.1			1.0
7289.0			1.0
7289.9			1.0
7290.8			1.0
7291.700000000001			1.0
7292.6			1.0
7293.5			1.0
7294.4			1.0
7295.3			1.0
7296.200000000001			1.0
7297.1			1.0
7298.0			1.0
7298.9			1.0
7299.8			1.0
7300.700000000001			1.0
7301.6			1.0
7302.5			1.0
7303.4			1.0
7304.3			1.0
7305.200000000001			1.0
7306.1			1.0
7307.0			1.0
7307.9			1.0
7308.8			1.0
7309.700000000001			1.0
7310.6			1.0
7311.5			1.0
7312.4			1.0
7313.3			1.0
7314.200000000001			1.0
7315.1			1.0
7316.0			1.0
7316.9			1.0
7317.8			1.0
7318.700000000001			1.0
7319.6			1.0
7320.5			1.0
7321.4			1.0
7322.3			1.0
7323.200000000001			1.0
7324.1			1.0
7325.0			1.0
7325.9			1.0
7326.8			1.0
7327.700000000001			1.0
7328.6			1.0
7329.5			1.0
7330.4			1.0
7331.3			1.0
7332.200000000001			1.0
7333.1			1.0
7334.0			1.0
7334.9			1.0
7335.8			1.0
7336.700000000001			1.0
7337.6			1.0
7338.5			1.0
7339.4			1.0
7340.3			1.0
7341.200000000001			1.0
7342.1			1.0
7343.0			1.0
7343.9			1.0
7344.8			1.0
7345.700000000001			1.0
7346.6			1.0
7347.5			1.0
7348.4			1.0
7349.3			1.0
7350.200000000001			1.0
7351.1			1.0
7352.0			1.0
7352.9			1.0
7353.8			1.0
7354.700000000001			1.0
7355.6			1.0
7356.5			1.0
7357.4			1.0
7358.3			1.0
7359.200000000001			1.0
7360.1			1.0
7361.0			1.0
7361.9			1.0
7362.8			1.0
7363.700000000001			1.0
7364.6			1.0
7365.5			1.0
7366.4			1.0
7367.3			1.0
7368.200000000001			1.0
7369.1			1.0
7370.0			1.0
7370.9			1.0
7371.8			1.0
7372.700000000001			1.0
7373.6			1.0
7374.5			1.0
7375.4			1.0
7376.3			1.0
7377.200000000001			1.0
7378.1			1.0
7379.0			1.0
7379.9			1.0
7380.8			1.0
7381.700000000001			1.0
7382.6			1.0
7383.5			1.0
7384.4			1.0
7385.3			1.0
7386.200000000001			1.0
7387.1			1.0
7388.0			1.0
7388.9			1.0
7389.8			1.0
7390.700000000001			1.0
7391.6			1.0
7392.5			1.0
7393.4			1.0
7394.3			1.0
7395.200000000001			1.0
7396.1			1.0
7397.0			1.0
7397.9			1.0
7398.8			1.0
7399.700000000001			1.0
7400.6			1.0
7401.5			1.0
7402.4			1.0
7403.3			1.0
7404.200000000001			1.0
7405.1			1.0
7406.0			1.0
7406.9			1.0
7407.8			1.0
7408.700000000001			1.0
7409.6			1.0
7410.5			1.0
7411.4			1.0
7412.3			1.0
7413.200000000001			1.0
7414.1			1.0
7415.0			1.0
7415.9			1.0
7416.8			1.0
7417.700000000001			1.0
7418.6			1.0
7419.5			1.0
7420.4			1.0
7421.3			1.0
7422.200000000001			1.0
7423.1			1.0
7424.0			1.0
7424.9			1.0
7425.8			1.0
7426.700000000001			1.0
7427.6			1.0
7428.5			1.0
7429.4			1.0
