3500.0			1.0
3500.9			1.0
3501.8			1.0
3502.7			1.0
3503.6			1.0
3504.5			1.0
3505.4			1.0
3506.3			1.0
3507.2			1.0
3508.1			1.0
3509.0			1.0
3509.9			1.0
3510.8			1.0
3511.7			1.0
3512.6			1.0
3513.5			1.0
3514.4			1.0
3515.3			1.0
3516.2			1.0
3517.1			1.0
3518.0			1.0
3518.9			1.0
3519.8			1.0
3520.7			1.0
3521.6			1.0
3522.5			1.0
3523.4			1.0
3524.3			1.0
3525.2			1.0
3526.1			1.0
3527.0			1.0
3527.9			1.0
3528.8			1.0
3529.7			1.0
3530.6			1.0
3531.5			1.0
3532.4			1.0
3533.3			1.0
3534.2			1.0
3535.1			1.0
3536.0			1.0
3536.9			1.0
3537.8			1.0
3538.7			1.0
3539.6			1.0
3540.5			1.0
3541.4			1.0
3542.3			1.0
3543.2			1.0
3544.1			1.0
3545.0			1.0
3545.9			1.0
3546.8			1.0
3547.7			1.0
3548.6			1.0
3549.5			1.0
3550.4			1.0
3551.3			1.0
3552.2			1.0
3553.1			1.0
3554.0			1.0
3554.9			1.0
3555.8			1.0
3556.7			1.0
3557.6			1.0
3558.5			1.0
3559.4			1.0
3560.3			1.0
3561.2			1.0
3562.1			1.0
3563.0			1.0
3563.9			1.0
3564.8			1.0
3565.7			1.0
3566.6			1.0
3567.5			1.0
3568.4			1.0
3569.3			1.0
3570.2			1.0
3571.1			1.0
3572.0			1.0
3572.9			1.0
3573.8			1.0
3574.7			1.0
3575.6			1.0
3576.5			1.0
3577.4			1.0
3578.3			1.0
3579.2			1.0
3580.1			1.0
3581.0			1.0
3581.9			1.0
3582.8			1.0
3583.7			1.0
3584.6			1.0
3585.5			1.0
3586.4			1.0
3587.3			1.0
3588.2			1.0
3589.1			1.0
3590.0			1.0
3590.9			1.0
3591.8			1.0
3592.7			1.0
3593.6			1.0
3594.5			1.0
3595.4			1.0
3596.3			1.0
3597.2			1.0
3598.1			1.0
3599.0			1.0
3599.9			1.0
3600.8			1.0
3601.7			1.0
3602.6			1.0
3603.5			1.0
3604.4			1.0
3605.3			1.0
3606.2			1.0
3607.1			1.0
3608.0			1.0
3608.9			1.0
3609.8			1.0
3610.7			1.0
3611.6			1.0
3612.5			1.0
3613.4			1.0
3614.3			1.0
3615.2			1.0
3616.1			1.0
3617.0			1.0
3617.9			1.0
3618.8			1.0
3619.7			1.0
3620.6			1.0
3621.5			1.0
3622.4			1.0
3623.3			1.0
3624.2			1.0
3625.1			1.0
3626.0			1.0
3626.9			1.0
3627.8			1.0
3628.7			1.0
3629.6			1.0
3630.5			1.0
3631.4			1.0
3632.3			1.0
3633.2			1.0
3634.1			1.0
3635.0			1.0
3635.9			1.0
3636.8			1.0
3637.7			1.0
3638.6			1.0
3639.5			1.0
3640.4			1.0
3641.3			1.0
3642.2			1.0
3643.1			1.0
3644.0			1.0
3644.9			1.0
3645.8			1.0
3646.7			1.0
3647.6			1.0
3648.5			1.0
3649.4			1.0
3650.3			1.0
3651.2			1.0
3652.1			1.0
3653.0			1.0
3653.9			1.0
3654.8			1.0
3655.7			1.0
3656.6			1.0
3657.5			1.0
3658.4			1.0
3659.3			1.0
3660.2			1.0
3661.1			1.0
3662.0			1.0
3662.9			1.0
3663.8			1.0
3664.7			1.0
3665.6			1.0
3666.5			1.0
3667.4			1.0
3668.3			1.0
3669.2			1.0
3670.1			1.0
3671.0			1.0
3671.9			1.0
3672.8			1.0
3673.7			1.0
3674.6			1.0
3675.5			1.0
3676.4			1.0
3677.3			1.0
3678.2			1.0
3679.1			1.0
3680.0			1.0
3680.9			1.0
3681.8			1.0
3682.7			1.0
3683.6			1.0
3684.5			1.0
3685.4			1.0
3686.3			1.0
3687.2			1.0
3688.1			1.0
3689.0			1.0
3689.9			1.0
3690.8			1.0
3691.7			1.0
3692.6			1.0
3693.5			1.0
3694.4			1.0
3695.3			1.0
3696.2			1.0
3697.1			1.0
3698.0			1.0
3698.9			1.0
3699.8			1.0
3700.7			1.0
3701.6			1.0
3702.5			1.0
3703.4			1.0
3704.3			1.0
3705.2			1.0
3706.1			1.0
3707.0			1.0
3707.9			1.0
3708.8			1.0
3709.7			1.0
3710.6			1.0
3711.5			1.0
3712.4			1.0
3713.3			1.0
3714.2			1.0
3715.1			1.0
3716.0			1.0
3716.9			1.0
3717.8			1.0
3718.7			1.0
3719.6			1.0
3720.5			1.0
3721.4			1.0
3722.3			1.0
3723.2			1.0
3724.1			1.0
3725.0			1.0
3725.9			1.0
3726.8			1.0
3727.7			1.0
3728.6			1.0
3729.5			1.0
3730.4			1.0
3731.3			1.0
3732.2			1.0
3733.1			1.0
3734.0			1.0
3734.9			1.0
3735.8			1.0
3736.7			1.0
3737.6			1.0
3738.5			1.0
3739.4			1.0
3740.3			1.0
3741.2			1.0
3742.1			1.0
3743.0			1.0
3743.9			1.0
3744.8			1.0
3745.7			1.0
3746.6			1.0
3747.5			1.0
3748.4			1.0
3749.3			1.0
3750.2			1.0
3751.1			1.0
3752.0			1.0
3752.9			1.0
3753.8			1.0
3754.7			1.0
3755.6			1.0
3756.5			1.0
3757.4			1.0
3758.3			1.0
3759.2			1.0
3760.1			1.0
3761.0			1.0
3761.9			1.0
3762.8			1.0
3763.7			1.0
3764.6			1.0
3765.5			1.0
3766.4			1.0
3767.3			1.0
3768.2			1.0
3769.1			1.0
3770.0			1.0
3770.9			1.0
3771.8			1.0
3772.7			1.0
3773.6			1.0
3774.5			1.0
3775.4			1.0
3776.3			1.0
3777.2			1.0
3778.1			1.0
3779.0			1.0
3779.9			1.0
3780.8			1.0
3781.7			1.0
3782.6			1.0
3783.5			1.0
3784.4			1.0
3785.3			1.0
3786.2			1.0
3787.1			1.0
3788.0			1.0
3788.9			1.0
3789.8			1.0
3790.7			1.0
3791.6			1.0
3792.5			1.0
3793.4			1.0
3794.3			1.0
3795.2			1.0
3796.1			1.0
3797.0			1.0
3797.9			1.0
3798.8			1.0
3799.7			1.0
3800.6			1.0
3801.5			1.0
3802.4			1.0
3803.3			1.0
3804.2			1.0
3805.1			1.0
3806.0			1.0
3806.9			1.0
3807.8			1.0
3808.7			1.0
3809.6			1.0
3810.5			1.0
3811.4			1.0
3812.3			1.0
3813.2			1.0
3814.1			1.0
3815.0			1.0
3815.9			1.0
3816.8			1.0
3817.7			1.0
3818.6			1.0
3819.5			1.0
3820.4			1.0
3821.3			1.0
3822.2			1.0
3823.1			1.0
3824.0			1.0
3824.9			1.0
3825.8			1.0
3826.7			1.0
3827.6			1.0
3828.5			1.0
3829.4			1.0
3830.3			1.0
3831.2			1.0
3832.1			1.0
3833.0			1.0
3833.9			1.0
3834.8			1.0
3835.7			1.0
3836.6			1.0
3837.5			1.0
3838.4			1.0
3839.3			1.0
3840.2			1.0
3841.1			1.0
3842.0			1.0
3842.9			1.0
3843.8			1.0
3844.7			1.0
3845.6			1.0
3846.5			1.0
3847.4			1.0
3848.3			1.0
3849.2			1.0
3850.1			1.0
3851.0			1.0
3851.9			1.0
3852.8			1.0
3853.7			1.0
3854.6			1.0
3855.5			1.0
3856.4			1.0
3857.3			1.0
3858.2			1.0
3859.1			1.0
3860.0			1.0
3860.9			1.0
3861.8			1.0
3862.7			1.0
3863.6			1.0
3864.5			1.0
3865.4			1.0
3866.3			1.0
3867.2			1.0
3868.1			1.0
3869.0			1.0
3869.9			1.0
3870.8			1.0
3871.7			1.0
3872.6			1.0
3873.5			1.0
3874.4			1.0
3875.3			1.0
3876.2			1.0
3877.1			1.0
3878.0			1.0
3878.9			1.0
3879.8			1.0
3880.7			1.0
3881.6			1.0
3882.5			1.0
3883.4			1.0
3884.3			1.0
3885.2			1.0
3886.1			1.0
3887.0			1.0
3887.9			1.0
3888.8			1.0
3889.7			1.0
3890.6			1.0
3891.5			1.0
3892.4			1.0
3893.3			1.0
3894.2			1.0
3895.1			1.0
3896.0			1.0
3896.9			1.0
3897.8			1.0
3898.7			1.0
3899.6			1.0
3900.5			1.0
3901.4			1.0
3902.3			1.0
3903.2			1.0
3904.1			1.0
3905.0			1.0
3905.9			1.0
3906.8			1.0
3907.7			1.0
3908.6			1.0
3909.5			1.0
3910.4			1.0
3911.3			1.0
3912.2			1.0
3913.1			1.0
3914.0			1.0
3914.9			1.0
3915.8			1.0
3916.7			1.0
3917.6			1.0
3918.5			1.0
3919.4			1.0
3920.3			1.0
3921.2			1.0
3922.1			1.0
3923.0			1.0
3923.9			1.0
3924.8			1.0
3925.7			1.0
3926.6			1.0
3927.5			1.0
3928.4			1.0
3929.3			1.0
3930.2			1.0
3931.1			1.0
3932.0			1.0
3932.9			1.0
3933.8			1.0
3934.7			1.0
3935.6			1.0
3936.5			1.0
3937.4			1.0
3938.3			1.0
3939.2			1.0
3940.1			1.0
3941.0			1.0
3941.9			1.0
3942.8			1.0
3943.7			1.0
3944.6			1.0
3945.5			1.0
3946.4			1.0
3947.3			1.0
3948.2			1.0
3949.1			1.0
3950.0			1.0
3950.9			1.0
3951.8			1.0
3952.7			1.0
3953.6			1.0
3954.5			1.0
3955.4			1.0
3956.3			1.0
3957.2			1.0
3958.1			1.0
3959.0			1.0
3959.9			1.0
3960.8			1.0
3961.7			1.0
3962.6			1.0
3963.5			1.0
3964.4			1.0
3965.3			1.0
3966.2			1.0
3967.1			1.0
3968.0			1.0
3968.9			1.0
3969.8			1.0
3970.7			1.0
3971.6			1.0
3972.5			1.0
3973.4			1.0
3974.3			1.0
3975.2			1.0
3976.1			1.0
3977.0			1.0
3977.9			1.0
3978.8			1.0
3979.7			1.0
3980.6			1.0
3981.5			1.0
3982.4			1.0
3983.3			1.0
3984.2			1.0
3985.1			1.0
3986.0			1.0
3986.9			1.0
3987.8			1.0
3988.7			1.0
3989.6			1.0
3990.5			1.0
3991.4			1.0
3992.3			1.0
3993.2			1.0
3994.1			1.0
3995.0			1.0
3995.9			1.0
3996.8			1.0
3997.7			1.0
3998.6			1.0
3999.5			1.0
4000.4			1.0
4001.3			1.0
4002.2			1.0136300339486228
4003.1			1.052342231619709
4004.0			1.001261934618111
4004.9			0.8598040222527312
4005.8			0.7794246333845811
4006.7			0.8432458921640108
4007.6			0.94586718892158
4008.5			0.9982231138660483
4009.4			0.9987790387288974
4010.3			1.0
4011.2			1.0
4012.1			1.0
4013.0			1.0
4013.9			1.0
4014.8			1.0
4015.7			1.0
4016.6			1.0
4017.5			1.0
4018.4			1.0
4019.3			1.0
4020.2			1.0
4021.1			1.0
4022.0			1.0
4022.9			1.0
4023.8			1.0
4024.7			0.9719050202397199
4025.6			0.9864890197386877
4026.5			1.0316281136042271
4027.4			1.059078022455395
4028.3			1.0518898255156142
4029.2			0.9976508092508023
4030.1			0.8932093713124885
4031.0			0.8169410923955669
4031.9			0.8129187818913785
4032.8			0.816155816624934
4033.7			0.8208366737368381
4034.6			0.8511023869321452
4035.5			0.8911361162331387
4036.4			0.9484721683766294
4037.3			1.0017303522132706
4038.2			1.0
4039.1			1.0
4040.0			1.0
4040.9			1.0
4041.8			1.0338784953508624
4042.7			1.0683601747069784
4043.6			0.9895618025112746
4044.5			0.8164643780456918
4045.4			0.673465042604588
4046.3			0.7088031829760683
4047.2			0.8892391848228958
4048.1			1.0017065551352804
4049.0			0.9970502553494904
4049.9			1.0
4050.8			1.0
4051.7			1.0
4052.6			1.0
4053.5			1.0
4054.4			1.0
4055.3			1.0
4056.2			1.0
4057.1			1.0
4058.0			0.9468419455560143
4058.9			0.970682644933138
4059.8			1.0494334578645714
4060.7			1.0965883346780296
4061.6			1.0469798818992728
4062.5			0.9044385383552694
4063.4			0.7809256618809132
4064.3			0.8132014291517884
4065.2			0.9198546672445368
4066.1			0.9277622469655441
4067.0			0.8889771473567305
4067.9			0.9293407650738282
4068.8			1.0069406335839317
4069.7			1.0
4070.6			1.0
4071.5			1.0
4072.4			1.0
4073.3			1.120824988239725
4074.2			1.142851175688729
4075.1			1.0606375838068356
4076.0			0.9431049787776459
4076.9			0.8369515517152116
4077.8			0.8132324251577984
4078.7			0.8698449388641298
4079.6			0.9458125482723919
4080.5			1.0160874145810879
4081.4			1.0415704882325783
4082.3			0.9955111025424752
4083.2			1.0
4084.1			1.0
4085.0			1.0
4085.9			1.0
4086.8			1.0
4087.7			1.0
4088.6			1.0
4089.5			1.0
4090.4			1.0
4091.3			1.0
4092.2			0.9766932228168461
4093.1			0.9854383474066913
4094.0			1.0109236006272335
4094.9			0.9751574510086769
4095.8			0.9075474613245224
4096.7			0.8781035655144394
4097.6			0.874730939036921
4098.5			0.8688165561371268
4099.4			0.8350746794921928
4100.3			0.7365434794992083
4101.2			0.6143194994786993
4102.1			0.5946028101594448
4103.0			0.7010206055847218
4103.9			0.820615389541591
4104.8			0.8968264271234928
4105.7			0.9509957983690777
4106.6			0.980386852322735
4107.5			0.9864247787630962
4108.4			0.9798452821877933
4109.3			0.9651889385459699
4110.2			0.9599809375933861
4111.1			0.9742814190833223
4112.0			1.0001185959244683
4112.9			1.0
4113.8			1.0
4114.7			1.0
4115.6			1.0
4116.5			1.0
4117.4			1.0
4118.3			1.0
4119.2			1.0
4120.1			1.0
4121.0			1.0
4121.9			1.0
4122.8			1.0
4123.7			1.020701155887224
4124.6			1.0454631391950961
4125.5			1.0340349476515198
4126.4			0.9970254575691772
4127.3			0.9674929177092709
4128.2			0.9599764992323443
4129.1			0.9783852811528659
4130.0			0.9920125615922148
4130.9			0.9639136406252354
4131.8			0.8998445987309343
4132.7			0.8614714550675772
4133.6			0.8762289446973184
4134.5			0.9210901564533562
4135.4			0.9964759963545141
4136.3			1.0438745039208819
4137.2			1.033353314613942
4138.1			1.0390881249055466
4139.0			1.0
4139.9			1.014048279796047
4140.8			1.007821473100953
4141.7			0.9577914319908217
4142.6			0.8561030982970331
4143.5			0.7912897660934789
4144.4			0.8490363226737433
4145.3			0.9542601365060536
4146.2			0.9963631517609719
4147.1			1.0004331048395994
4148.0			1.0
4148.9			0.9730627027207263
4149.8			0.9497004054175755
4150.7			0.9664014787750521
4151.6			0.9799247135113119
4152.5			0.9708574202411306
4153.4			0.9362859802248524
4154.3			0.8960143261129478
4155.2			0.904755927428784
4156.1			0.9147232423956042
4157.0			0.9138951033125876
4157.9			0.9469606039281934
4158.8			0.9842385379516836
4159.7			1.0000962088698429
4160.6			1.0
4161.5			1.0
4162.4			1.0
4163.3			1.0
4164.2			0.9866161788966232
4165.1			0.9870002464054262
4166.0			0.9806370863519013
4166.9			0.9311991294690142
4167.8			0.9081073983207248
4168.7			0.9659968126775845
4169.6			1.0130464788328934
4170.5			0.9858473024770406
4171.4			0.9020182800440275
4172.3			0.8225695947844349
4173.2			0.8226969157589421
4174.1			0.8855365597997811
4175.0			0.9454252887593723
4175.9			0.9777818534959947
4176.8			0.9743282416010143
4177.7			0.9540725107119057
4178.6			0.9805809084656948
4179.5			1.045743696360795
4180.4			1.084342273294508
4181.3			1.0522071022701518
4182.2			0.9958418947262175
4183.1			1.0
4184.0			1.0
4184.9			1.0441186172594612
4185.8			1.0
4186.7			0.9142298130030607
4187.6			0.853941362626077
4188.5			0.9046383007429931
4189.4			0.9843671627350423
4190.3			1.005123384829234
4191.2			0.9798304935528661
4192.1			0.9995910391236846
4193.0			1.0769505455989552
4193.9			1.0849199488350467
4194.8			1.0042486663566716
4195.7			0.9379534108227056
4196.6			0.9294716206175478
4197.5			0.9051009897777746
4198.4			0.8500377326013481
4199.3			0.8696884116061725
4200.2			0.922446824574649
4201.1			0.902248575532781
4202.0			0.873297253234829
4202.9			0.9124606101813716
4203.8			0.9619240164819775
4204.7			0.9718795376860981
4205.6			0.9828402109801312
4206.5			1.004713179892857
4207.4			1.0266352004216186
4208.3			1.0427973410227358
4209.2			1.0272953595318288
4210.1			1.000158479645044
4211.0			1.0
4211.9			1.0387777494441712
4212.8			1.0529588484375394
4213.7			1.0318168720363745
4214.6			0.9691229891509417
4215.5			0.8843294427943916
4216.4			0.8671169134930049
4217.3			0.9223596972881765
4218.2			0.9542513482558647
4219.1			0.9557633387318027
4220.0			0.974577615849417
4220.9			1.0
4221.8			0.9930173486785545
4222.7			0.9483089931153021
4223.6			0.8989936845478512
4224.5			0.837876297883035
4225.4			0.7330311073453764
4226.3			0.6153274707113231
4227.2			1.0
4228.1			1.2444075464810795
4229.0			1.4445634705765342
4229.9			1.4623762216542744
4230.8			1.4388598261379884
4231.7			1.3914390839939106
4232.6			1.2847721096555214
4233.5			1.2154953867458422
4234.4			1.203487197066968
4235.3			1.133676136456446
4236.2			1.038930219956797
4237.1			1.033232662601055
4238.0			1.0523429973316794
4238.9			1.0230077986949395
4239.8			1.003782566895965
4240.7			1.0385879112563763
4241.6			1.0559793890277087
4242.5			1.0035236111823655
4243.4			1.0
4244.3			1.0649980299048576
4245.2			1.09813345791846
4246.1			1.054553275524757
4247.0			0.9967221876921591
4247.9			0.9695242497377131
4248.8			0.9603649105288542
4249.7			0.9382583068295314
4250.6			0.9544303288037126
4251.5			1.060632041500297
4252.4			1.1470587087727377
4253.3			1.1137623519400925
4254.2			1.0292110737076374
4255.1			1.0035400450653165
4256.0			1.0
4256.9			1.059097428502692
4257.8			1.027490404758917
4258.7			0.929504808997597
4259.6			0.8399909349052278
4260.5			0.7928640617865617
4261.4			0.8384640814883432
4262.3			0.9475885107328743
4263.2			1.0
4264.1			1.0012759408449152
4265.0			1.0007070024545295
4265.9			1.0131846541166838
4266.8			0.9869487887820567
4267.7			0.9404753198087186
4268.6			0.9243762571868545
4269.5			0.9086399557474351
4270.4			0.8330254662297462
4271.3			0.7349664825650921
4272.2			0.7403322741452395
4273.1			0.8262795279357421
4274.0			0.8415551685441117
4274.9			0.8342015041918471
4275.8			0.8976854079226042
4276.7			0.9808493556785804
4277.6			1.0128710213971384
4278.5			1.000043408009241
4279.4			1.0
4280.3			1.0
4281.2			1.0
4282.1			1.0
4283.0			1.0
4283.9			1.0
4284.8			1.0
4285.7			1.0
4286.6			1.0
4287.5			1.0282863850049395
4288.4			0.9887406604972426
4289.3			0.8960546281280859
4290.2			0.8584335930964606
4291.1			0.9166497000735813
4292.0			1.0064902579267132
4292.9			1.060656428527229
4293.8			1.0356287589594806
4294.7			0.9809810079846734
4295.6			0.9644941875639446
4296.5			0.9305520817910959
4297.4			0.8648653070513308
4298.3			0.7897928632948851
4299.2			0.6909653710351205
4300.1			0.6503542675100176
4301.0			0.7024729857294257
4301.9			0.7297455290047158
4302.8			0.7151816358599928
4303.7			0.7320468345388349
4304.6			0.7598586066507408
4305.5			0.7517584565777814
4306.4			0.7343429466681015
4307.3			0.6780129584232717
4308.2			0.6096094858207168
4309.1			0.6198358796699153
4310.0			0.6702664438280913
4310.9			0.7044870608273872
4311.8			0.7423242610319591
4312.7			0.7945619973095941
4313.6			0.8506529511764516
4314.5			0.8950664763106807
4315.4			0.9789909797668387
4316.3			1.087839044432347
4317.2			1.1187393783047614
4318.1			1.0943123332444942
4319.0			1.0740798634638324
4319.9			1.0
4320.8			0.979957624820796
4321.7			0.9621801737031025
4322.6			0.9133695969138349
4323.5			0.7973772694609279
4324.4			0.7012971440295315
4325.3			0.6688023392111816
4326.2			0.7160579054678359
4327.1			0.8544662502030455
4328.0			0.9802415432871269
4328.9			1.023316374993088
4329.8			1.0012229320604722
4330.7			1.0
4331.6			1.0019333267685042
4332.5			1.0186881661940548
4333.4			1.0216319261784947
4334.3			1.0231565462127572
4335.2			1.0151073374564379
4336.1			0.9596587326736382
4337.0			0.8496423893042168
4337.9			0.7480853018246225
4338.8			0.6781703630826944
4339.7			0.5954017119133985
4340.6			0.5593938195082366
4341.5			0.6495470091203313
4342.4			0.7730603567289747
4343.3			0.8235081825592131
4344.2			0.84658493492868
4345.1			0.899724137263995
4346.0			0.9382972242547174
4346.9			0.936940199864336
4347.8			1.0
4348.7			1.0439480006933353
4349.6			1.0549737211520955
4350.5			0.9715807657526746
4351.4			0.8450453620410259
4352.3			0.8193467599931965
4353.2			0.9070480555918568
4354.1			0.9772017879163377
4355.0			0.9850833196207057
4355.9			0.9996521350723401
4356.8			1.0
4357.7			1.0
4358.6			1.0
4359.5			1.0
4360.4			1.0
4361.3			1.0
4362.2			1.0
4363.1			1.0
4364.0			1.0
4364.9			1.0
4365.8			1.0
4366.7			1.0
4367.6			1.0
4368.5			1.0
4369.4			1.0
4370.3			1.0
4371.2			0.9971811982556089
4372.1			1.0045649379567057
4373.0			1.0
4373.9			0.9275775159778612
4374.8			0.883457179491205
4375.7			0.9140597998005153
4376.6			0.988718363134344
4377.5			1.0452794878636011
4378.4			1.0562738683833186
4379.3			1.0421984227848629
4380.2			1.030590019082256
4381.1			1.0191823588494966
4382.0			0.9431177933792066
4382.9			0.7735251820292234
4383.8			0.6601661365339756
4384.7			0.7223876913704803
4385.6			0.8701298244005965
4386.5			0.9700817295182541
4387.4			0.9790861950145547
4388.3			0.9622731745197738
4389.2			0.9562594649448118
4390.1			0.948654458007541
4391.0			0.9571930148185891
4391.9			0.9979849779198378
4392.8			1.0262773322908578
4393.7			1.0000756756476499
4394.6			1.0
4395.5			1.0
4396.4			1.0
4397.3			1.0
4398.2			0.9911631931237831
4399.1			0.93816448283873
4400.0			0.8754995638769413
4400.9			0.8524646935728994
4401.8			0.9042667184846761
4402.7			0.9499275055550329
4403.6			0.8868784739100664
4404.5			0.7913686479200917
4405.4			0.8142286418441023
4406.3			0.9083734091516105
4407.2			0.9164528932895453
4408.1			0.8762193661096424
4409.0			0.8929943452907018
4409.9			1.0
4410.8			1.0341794727840403
4411.7			1.0450032853882198
4412.6			1.0517900696144
4413.5			1.0072639748985726
4414.4			0.9041848944486496
4415.3			0.8340706800741077
4416.2			0.8655301887772391
4417.1			0.9123221492694754
4418.0			0.9284087099338195
4418.9			0.9676367308135242
4419.8			0.9954160670434976
4420.7			1.0
4421.6			1.0
4422.5			1.0
4423.4			1.0
4424.3			1.0
4425.2			1.0
4426.1			1.0
4427.0			1.0123077153564426
4427.9			1.0346628893417371
4428.8			1.0579441847212299
4429.7			1.0314332868733473
4430.6			0.9947975103120021
4431.5			1.0138080034668489
4432.4			1.0463888598293531
4433.3			1.0211267709165208
4434.2			0.9683640303989729
4435.1			0.9381278103053032
4436.0			1.0
4436.9			1.0817868732843914
4437.8			1.1394238248187203
4438.7			1.1600083048459984
4439.6			1.1419808896825414
4440.5			1.0893054738931363
4441.4			1.0255143811293972
4442.3			0.9767481247007006
4443.2			0.9693996778191473
4444.1			1.020420376877533
4445.0			1.092751917577219
4445.9			1.116048378212187
4446.8			1.0785118282713315
4447.7			1.0547537577684751
4448.6			1.073116571904638
4449.5			1.0707237827753409
4450.4			1.0388686164208096
4451.3			1.0404697240175176
4452.2			1.0561301558719114
4453.1			1.027990956355093
4454.0			0.9506858441712402
4454.9			0.8781405502938512
4455.8			0.8777465471621271
4456.7			0.9204909075026991
4457.6			0.9255841904986233
4458.5			0.9111745260321824
4459.4			0.9136492645497502
4460.3			0.9239215036237023
4461.2			0.9048669768497566
4462.1			0.8969316579559753
4463.0			0.9475831255667845
4463.9			0.9860501638163598
4464.8			0.973906061936356
4465.7			0.9636837418253685
4466.6			0.966379207707511
4467.5			0.9620022981667942
4468.4			0.9399416104316357
4469.3			0.9066880401014206
4470.2			0.9118322337287569
4471.1			0.9487170135779102
4472.0			0.9827592061965812
4472.9			1.0025933689853705
4473.8			1.0
4474.7			1.0
4475.6			1.0
4476.5			1.0003949783989445
4477.4			1.027479646454465
4478.3			1.0262606069634073
4479.2			0.9710521869047959
4480.1			0.8932422031669042
4481.0			0.840237252155453
4481.9			0.8423308844614658
4482.8			0.8948561865608303
4483.7			0.9602278184450057
4484.6			1.0
4485.5			1.0146620667294084
4486.4			1.0261491519141817
4487.3			1.0161245219965551
4488.2			0.9740700512117698
4489.1			0.9339200137228416
4490.0			0.935049123594045
4490.9			0.9726444256053323
4491.8			1.025910657696338
4492.7			1.058941572844204
4493.6			1.0408187874920338
4494.5			1.0074726706248998
4495.4			1.0
4496.3			1.0
4497.2			1.0
4498.1			1.0
4499.0			1.0
4499.9			1.0
4500.8			1.0
4501.7			1.0
4502.6			1.0
4503.5			1.0
4504.4			1.0
4505.3			1.0
4506.2			1.0
4507.1			1.0
4508.0			1.0
4508.9			1.0
4509.8			1.0
4510.7			1.0
4511.6			1.0
4512.5			1.0
4513.4			1.0
4514.3			0.9861963697341639
4515.2			0.9917498212950745
4516.1			1.0073476674014135
4517.0			1.0001487206346675
4517.9			0.9822177253835324
4518.8			0.9941922507964881
4519.7			1.0160561276280924
4520.6			1.0229605051826938
4521.5			1.0149449860471926
4522.4			0.9848187928457941
4523.3			0.9705923118616198
4524.2			0.976105165665245
4525.1			0.9554111594390678
4526.0			0.9189961772026297
4526.9			0.8899135186203653
4527.8			0.8707470612536498
4528.7			0.8616629438049523
4529.6			0.8736703203869678
4530.5			0.894383133551841
4531.4			0.9182244278760805
4532.3			0.9364535179390313
4533.2			0.9089979494831127
4534.1			0.8690052821719302
4535.0			0.8625135011570642
4535.9			1.0
4536.8			1.080617644366985
4537.7			1.1351648243691104
4538.6			1.127038425383379
4539.5			1.0899254710204116
4540.4			1.0554796210620845
4541.3			1.0455688103585665
4542.2			1.0669910266632798
4543.1			1.0777469405477038
4544.0			1.0493222474238941
4544.9			1.0121722791715506
4545.8			1.0054767701539344
4546.7			1.0134227932945035
4547.6			1.0034078823752717
4548.5			0.9619445063588778
4549.4			0.9126280384580047
4550.3			0.9261524386567056
4551.2			0.9761373222948924
4552.1			0.9872457768419143
4553.0			0.9711785230360961
4553.9			0.9498570458520624
4554.8			0.929283576232618
4555.7			0.9310925068581302
4556.6			0.9627760364102123
4557.5			0.9993578891576498
4558.4			1.005232695274621
4559.3			1.0034461321661985
4560.2			1.0
4561.1			1.0037574041679729
4562.0			1.0082057170488448
4562.9			0.9860908751052166
4563.8			0.9395809538453297
4564.7			0.9073773210627427
4565.6			0.912283309560574
4566.5			0.951406637310288
4567.4			0.9904957824538181
4568.3			0.9999999922255075
4569.2			1.0
4570.1			1.0
4571.0			1.0
4571.9			0.9743395585561673
4572.8			1.0207090387810005
4573.7			1.0641333461438607
4574.6			1.05322996945068
4575.5			1.0433206362328906
4576.4			1.0512345716196931
4577.3			1.0523533981444586
4578.2			1.0319681447124325
4579.1			0.993699612101737
4580.0			0.9565616431388914
4580.9			0.9297069563084684
4581.8			0.932761421643775
4582.7			0.9472073993220848
4583.6			1.0
4584.5			0.9949689178785687
4585.4			0.9971588980321047
4586.3			0.9999209222181349
4587.2			1.0296190403331682
4588.1			1.0597733243619762
4589.0			1.0755578966213835
4589.9			1.0696740527651654
4590.8			1.035565964558366
4591.7			0.999130219099379
4592.6			0.9889850016201543
4593.5			1.012331537204219
4594.4			1.0227783023124002
4595.3			1.0013167186370924
4596.2			0.9893257457073483
4597.1			1.000198511810506
4598.0			1.0080909778958878
4598.9			1.014373065121685
4599.8			0.994749683177984
4600.7			0.9650825006654128
4601.6			0.983584514978997
4602.5			1.0072342417263247
4603.4			1.005680125058212
4604.3			1.0016817996736955
4605.2			0.9931001112527477
4606.1			1.006043306275205
4607.0			1.0232521644005044
4607.9			1.038484418859131
4608.8			1.061869723697152
4609.7			1.0601415804945615
4610.6			1.0284816711402032
4611.5			1.0048872634190096
4612.4			0.9999947684522207
4613.3			0.9983622983768999
4614.2			1.0088408062703835
4615.1			1.0261227389638423
4616.0			1.0081093708312108
4616.9			0.9987317736074792
4617.8			1.0
4618.7			1.0
4619.6			1.0
4620.5			1.0
4621.4			1.0
4622.3			1.0
4623.2			1.0
4624.1			1.0
4625.0			1.0
4625.9			1.0
4626.8			1.0
4627.7			1.0
4628.6			1.0
4629.5			1.0
4630.4			1.0
4631.3			1.0
4632.2			1.0
4633.1			1.0
4634.0			1.0
4634.9			1.0
4635.8			1.0
4636.7			1.0
4637.6			1.0
4638.5			0.9953877673249378
4639.4			1.004663934999743
4640.3			1.0151413945761827
4641.2			1.0402697819233655
4642.1			1.0569386986259168
4643.0			1.0462003710416876
4643.9			1.0259079591981883
4644.8			1.0151993956958534
4645.7			0.9895267232886293
4646.6			0.9478725279111928
4647.5			0.934602080911395
4648.4			0.9564249603967259
4649.3			0.9965833207375915
4650.2			1.0289225084665663
4651.1			1.035582639854867
4652.0			1.0388661192068052
4652.9			1.0449080309911565
4653.8			1.028067638617814
4654.7			0.9939918728754551
4655.6			0.9888380186356969
4656.5			0.9999649003144261
4657.4			1.0
4658.3			1.0
4659.2			1.0
4660.1			1.0004487945907248
4661.0			0.9829012587824276
4661.9			0.9600451073207609
4662.8			0.9443720737323558
4663.7			0.9444776765453498
4664.6			0.9519779849342753
4665.5			0.9298359236062842
4666.4			0.8573083257854969
4667.3			0.803753530910568
4668.2			0.8265781389214834
4669.1			0.8969706722587961
4670.0			0.9542881143720535
4670.9			0.9824810817557306
4671.8			0.986635986749614
4672.7			0.9695268470004846
4673.6			0.9683478977052596
4674.5			0.9973137906701611
4675.4			1.0
4676.3			1.0
4677.2			1.0
4678.1			1.0
4679.0			1.0
4679.9			1.0
4680.8			1.0
4681.7			1.0
4682.6			1.0
4683.5			1.0
4684.4			1.0
4685.3			1.0
4686.2			1.0
4687.1			1.0
4688.0			1.0
4688.9			1.0
4689.8			0.996149343669234
4690.7			0.9823169835844897
4691.6			0.9717250260713028
4692.5			0.9842029539367899
4693.4			1.0028389256273942
4694.3			1.0160440901235415
4695.2			1.024039749437098
4696.1			1.026142204410664
4697.0			1.0111013799665312
4697.9			0.9737328915996839
4698.8			0.9451416886934177
4699.7			0.9448848747739292
4700.6			0.9516568429340819
4701.5			0.9356159196329599
4702.4			0.9004119464249439
4703.3			0.8849292541359712
4704.2			0.9199269269410066
4705.1			0.9604545216119722
4706.0			0.9649503038942142
4706.9			0.9402115501127627
4707.8			0.9106930271254088
4708.7			0.9051068586311429
4709.6			0.9223392763963599
4710.5			0.956854762364836
4711.4			0.9849744573877942
4712.3			0.9820894003231869
4713.2			0.9584142664224204
4714.1			0.9298788862895404
4715.0			0.9288380904934675
4715.9			0.9673498724887261
4716.8			0.9990355179141523
4717.7			1.0
4718.6			1.0
4719.5			1.0
4720.4			1.0
4721.3			1.0
4722.2			0.9896995617556125
4723.1			0.9964447980959551
4724.0			1.0155172130413013
4724.9			1.0270532061847277
4725.8			1.0184316902289683
4726.7			0.9815026305381327
4727.6			0.9362128831788158
4728.5			0.9182995931204225
4729.4			0.9215455298332955
4730.3			0.9275291986704992
4731.2			0.9393265271247857
4732.1			0.9621149443138716
4733.0			0.9852816439228614
4733.9			0.9971294545337168
4734.8			1.0001277129427777
4735.7			1.0
4736.6			1.0
4737.5			1.0
4738.4			1.0
4739.3			1.0
4740.2			1.0
4741.1			1.0
4742.0			1.0
4742.9			1.0
4743.8			1.0
4744.7			1.0
4745.6			1.0
4746.5			1.0
4747.4			1.0
4748.3			1.0
4749.2			1.0
4750.1			1.0
4751.0			1.0
4751.9			1.0
4752.8			1.0
4753.7			1.0
4754.6			1.0
4755.5			1.0
4756.4			1.0010010034691663
4757.3			1.0113423861761377
4758.2			1.0300613226255289
4759.1			1.0453772826071333
4760.0			1.0480196680413303
4760.9			1.0203641534497045
4761.8			0.9680945173458001
4762.7			0.9409383641469813
4763.6			0.9438443221411983
4764.5			0.9377640343819309
4765.4			0.9227851884240006
4766.3			0.9211405251294216
4767.2			0.9428476801243083
4768.1			0.9619876382081485
4769.0			0.9782110246525486
4769.9			0.995612701387862
4770.8			0.97719310542799
4771.7			0.9467826285204375
4772.6			0.9469108364678496
4773.5			0.9739412970800817
4774.4			0.9973038423166654
4775.3			1.0
4776.2			0.990398823654474
4777.1			1.0012687253121668
4778.0			1.013860984006212
4778.9			1.0011807486158302
4779.8			0.9873243610766832
4780.7			0.9982762611043846
4781.6			1.0074401223939213
4782.5			0.9822218033046571
4783.4			0.9572503251215265
4784.3			0.9717845572877971
4785.2			0.9783220983491732
4786.1			0.9460763034917943
4787.0			0.9357434777815539
4787.9			0.9546831053552929
4788.8			0.9527734498160646
4789.7			0.9520103498048827
4790.6			0.9694754089874978
4791.5			0.9784511632135284
4792.4			0.9824187494635517
4793.3			1.0048163702864643
4794.2			1.0323322135513135
4795.1			1.042600505550009
4796.0			1.0381062831409136
4796.9			1.0241154468805822
4797.8			1.0001986593114094
4798.7			1.0
4799.6			1.0
4800.5			1.0
4801.4			1.0
4802.3			1.0
4803.2			1.0
4804.1			1.0
4805.0			1.0
4805.9			1.0
4806.8			1.0
4807.7			1.0
4808.6			1.0
4809.5			1.0
4810.4			1.0
4811.3			1.0
4812.2			1.0
4813.1			1.0
4814.0			1.0
4814.9			1.0
4815.8			1.0
4816.7			1.0
4817.6			1.0
4818.5			1.0
4819.4			1.0
4820.3			1.0
4821.2			1.0
4822.1			1.0
4823.0			1.0
4823.9			1.0
4824.8			1.0
4825.7			1.0
4826.6			1.0
4827.5			1.0
4828.4			1.0
4829.3			1.0
4830.2			1.0
4831.1			1.0
4832.0			1.0
4832.9			1.0
4833.8			1.0
4834.7			1.0
4835.6			1.0
4836.5			1.0
4837.4			1.0
4838.3			1.0
4839.2			1.0
4840.1			1.0
4841.0			1.0
4841.9			1.0
4842.8			1.0
4843.7			1.0
4844.6			1.0
4845.5			1.0
4846.4			1.0
4847.3			1.0
4848.2			1.0
4849.1			1.0
4850.0			1.0
4850.9			1.0197434159061973
4851.8			1.0111464050263803
4852.7			1.0022696476554143
4853.6			0.9887197068431111
4854.5			0.9458539180780582
4855.4			0.9011626424004561
4856.3			0.9031324747979245
4857.2			0.932274900436138
4858.1			0.9239347740459452
4859.0			0.8611221863966014
4859.9			0.7409031772757564
4860.8			0.615080653228774
4861.7			0.6012948575603128
4862.6			0.7331662047119326
4863.5			0.8580830095365329
4864.4			0.9208448359367594
4865.3			0.9677477422978015
4866.2			1.007409271230711
4867.1			1.0373308089725433
4868.0			1.0
4868.9			1.010955598527284
4869.8			0.991270455237318
4870.7			0.9227358483206365
4871.6			0.87165788903835
4872.5			0.9045254559117676
4873.4			0.9731450149796576
4874.3			1.0000036677181134
4875.2			1.0
4876.1			1.0
4877.0			1.0
4877.9			1.0
4878.8			1.0
4879.7			1.0
4880.6			1.0
4881.5			1.0
4882.4			1.0
4883.3			1.0137688844832833
4884.2			0.9957220758259727
4885.1			0.9624664342502828
4886.0			0.9409474192443401
4886.9			0.9461707452027055
4887.8			0.9566867224499371
4888.7			0.9548700899070126
4889.6			0.9337490489293976
4890.5			0.8884522590804398
4891.4			0.8568197978585608
4892.3			0.927007133599545
4893.2			1.0150485962000315
4894.1			1.0468905955996382
4895.0			1.0562223080946662
4895.9			1.0550150282030422
4896.8			1.0417153662675074
4897.7			1.0332406249877475
4898.6			1.02620655945311
4899.5			0.9998882018755876
4900.4			1.0
4901.3			1.0
4902.2			1.0
4903.1			1.0
4904.0			1.0
4904.9			1.0240836114068708
4905.8			1.0506284469295661
4906.7			1.0509895364742041
4907.6			1.021178772572419
4908.5			0.9907196596304197
4909.4			0.9484687076000787
4910.3			0.9016314157022648
4911.2			1.0
4912.1			1.0408803796171209
4913.0			1.0674698453376508
4913.9			1.076565072430037
4914.8			1.0922625263240517
4915.7			1.1026681880573792
4916.6			1.0723894550372803
4917.5			1.0071784962814863
4918.4			0.9245052276501343
4919.3			0.8649784868323674
4920.2			0.8512096602052959
4921.1			0.8845625239616278
4922.0			0.944765821847093
4922.9			0.9670287450657394
4923.8			0.9407802251680534
4924.7			0.9323830812435662
4925.6			0.9745101559853415
4926.5			1.0078634121292336
4927.4			1.0024651812120202
4928.3			0.9995553231999601
4929.2			1.0
4930.1			1.0
4931.0			1.0
4931.9			1.0
4932.8			1.0
4933.7			1.0
4934.6			1.0086301928331398
4935.5			1.0495377347883996
4936.4			1.0295796777753197
4937.3			0.9739110980303467
4938.2			0.9211941774949242
4939.1			0.8973589799562308
4940.0			0.9362367602115566
4940.9			0.9951098371314762
4941.8			1.0088216333818898
4942.7			1.0010106220752677
4943.6			1.0048428792821413
4944.5			1.0
4945.4			1.0
4946.3			1.0
4947.2			1.0
4948.1			1.0
4949.0			1.0
4949.9			1.0
4950.8			1.0
4951.7			1.0
4952.6			1.0
4953.5			1.0
4954.4			1.0
4955.3			0.9915586740726687
4956.2			0.9370442981418518
4957.1			0.8345593703616089
4958.0			0.8056070895558138
4958.9			0.9102238441295969
4959.8			0.9964005288707278
4960.7			1.0031536375263144
4961.6			1.0
4962.5			1.0
4963.4			1.0
4964.3			1.0
4965.2			1.0
4966.1			1.0
4967.0			1.0
4967.9			1.0
4968.8			1.0
4969.7			1.0
4970.6			1.0
4971.5			1.0
4972.4			1.0
4973.3			1.0
4974.2			1.0
4975.1			1.0
4976.0			0.9922653033139376
4976.9			0.988822503217964
4977.8			0.9731001709332705
4978.7			0.9499737723297108
4979.6			0.9511655701433693
4980.5			0.9544361964666062
4981.4			0.9329633749338386
4982.3			0.878121138868682
4983.2			0.8390924276854664
4984.1			0.8601208977556372
4985.0			0.913881875560056
4985.9			0.967369598799504
4986.8			1.0147692509841313
4987.7			1.040523797387956
4988.6			1.0362730474858226
4989.5			1.0222864840849524
4990.4			1.0017003827418975
4991.3			1.0
4992.2			1.0
4993.1			1.0
4994.0			1.0
4994.9			1.0
4995.8			1.0
4996.7			1.0
4997.6			0.9997513823360973
4998.5			0.9912519521011125
4999.4			0.964953410643443
5000.3			0.9491543581988301
5001.2			0.9416037348838965
5002.1			0.938122692489759
5003.0			0.9580492416755472
5003.9			0.979082792259851
5004.8			1.0
5005.7			0.9394552865502775
5006.6			0.9237628293653463
5007.5			0.9808672247256263
5008.4			1.048333203010592
5009.3			1.068778364947548
5010.2			1.0458298749822705
5011.1			1.0131463803120755
5012.0			0.9680495443896433
5012.9			0.9301031440349418
5013.8			0.9239630131243771
5014.7			0.9379551383379134
5015.6			0.9709833031958307
5016.5			0.9762042635150614
5017.4			0.9374926864858555
5018.3			0.9125297325542376
5019.2			0.9471018152649409
5020.1			0.9944488134040118
5021.0			0.9959792046115304
5021.9			0.9721933290088788
5022.8			0.9637034977973014
5023.7			0.9886800854104613
5024.6			1.0068622573943193
5025.5			1.0010478793668172
5026.4			0.9839927150664527
5027.3			0.9510668412023873
5028.2			0.9483371414704387
5029.1			0.9921272615051366
5030.0			1.0104471702223492
5030.9			1.0008862621516121
5031.8			1.0
5032.7			1.0
5033.6			1.0129153023199104
5034.5			0.9887853324844281
5035.4			0.932931886596011
5036.3			0.9095505395336572
5037.2			0.9406208065490149
5038.1			0.9562768176508032
5039.0			0.9306396083619073
5039.9			0.8896400445988101
5040.8			0.842368653884138
5041.7			0.8406413625333613
5042.6			0.9313420930323546
5043.5			1.0215405090030898
5044.4			1.0506089174026345
5045.3			1.068618365900182
5046.2			1.0873761611455293
5047.1			1.0720418165205414
5048.0			1.0233944681429836
5048.9			0.9915595550509995
5049.8			1.0008297071244783
5050.7			1.0
5051.6			1.0
5052.5			1.0
5053.4			1.0
5054.3			1.0
5055.2			1.0
5056.1			1.0
5057.0			1.0
5057.9			1.0
5058.8			1.0
5059.7			1.0
5060.6			1.0
5061.5			1.0
5062.4			1.0
5063.3			1.0
5064.2			1.0
5065.1			1.0
5066.0			1.0
5066.9			1.0
5067.8			1.0
5068.7			1.0
5069.6			1.0
5070.5			1.0
5071.4			1.0
5072.3			1.0
5073.2			1.0
5074.1			1.0153480129498262
5075.0			1.005503531244215
5075.9			1.008537205797994
5076.8			1.0273085735315943
5077.7			1.0226458698132033
5078.6			0.9616450216886681
5079.5			0.8857443722600771
5080.4			0.8739629974602156
5081.3			0.9213711938407998
5082.2			0.9586180402672495
5083.1			0.9530265498584704
5084.0			0.9503042884760098
5084.9			0.9813932151544987
5085.8			1.0090915021381772
5086.7			1.0023085555443398
5087.6			1.0
5088.5			1.0
5089.4			1.0
5090.3			1.0
5091.2			1.0
5092.1			1.0
5093.0			1.0
5093.9			1.0
5094.8			0.9970708082301912
5095.7			0.9843063553041709
5096.6			0.9527986768735031
5097.5			0.9082188889771728
5098.4			0.8712030391397678
5099.3			0.8645516821294107
5100.2			0.9175567900549454
5101.1			0.9885525265869214
5102.0			1.019442507780287
5102.9			1.0140332050087693
5103.8			1.0018891308478635
5104.7			1.0
5105.6			1.0
5106.5			1.0
5107.4			1.0
5108.3			1.0
5109.2			1.0
5110.1			1.0
5111.0			1.0
5111.9			1.0
5112.8			1.0
5113.7			1.0
5114.6			1.0
5115.5			1.0
5116.4			1.0
5117.3			1.0
5118.2			1.0
5119.1			1.0
5120.0			1.0
5120.9			1.0
5121.8			1.0
5122.7			1.0
5123.6			1.0
5124.5			1.0
5125.4			1.0
5126.3			1.0
5127.2			1.0
5128.1			1.0
5129.0			1.0
5129.9			1.0
5130.8			1.0
5131.7			1.0
5132.6			1.0
5133.5			1.0
5134.4			1.0146784988605215
5135.3			1.0403385256147197
5136.2			1.0248173392792725
5137.1			0.9822780712119425
5138.0			0.9588573854940985
5138.9			0.9395773629694554
5139.8			0.9436354992724084
5140.7			0.9852668239845401
5141.6			0.9772031388147057
5142.5			0.9309234556194853
5143.4			0.9499226757047871
5144.3			1.0025846243802707
5145.2			1.0080528959676456
5146.1			0.9822210604423828
5147.0			0.9621014157758637
5147.9			0.9566805012736224
5148.8			0.9817511720396687
5149.7			1.0128240229604388
5150.6			1.0000209499069217
5151.5			1.0
5152.4			1.0
5153.3			1.0
5154.2			1.0
5155.1			1.0
5156.0			1.0
5156.9			1.0
5157.8			1.0
5158.7			1.0
5159.6			1.0
5160.5			1.0
5161.4			1.0
5162.3			1.0
5163.2			1.0
5164.1			1.0071059222888261
5165.0			0.9673115386734678
5165.9			0.8963561801522331
5166.8			0.8023803185539619
5167.7			0.7503803339115995
5168.6			0.8030592697979091
5169.5			0.9092921516011987
5170.4			0.9726301675525243
5171.3			0.9022414678074053
5172.2			0.7588953275218062
5173.1			0.7500637495013643
5174.0			0.9124055906629537
5174.9			1.0702948264644796
5175.8			1.1235544605912533
5176.7			1.124914423051034
5177.6			1.1356733939128711
5178.5			1.146669912881382
5179.4			1.0
5180.3			0.9937201618237791
5181.2			0.965988712541872
5182.1			0.8695763624047306
5183.0			0.7095682403588017
5183.9			0.6385697982131673
5184.8			0.7581545555592943
5185.7			0.9191392909732418
5186.6			0.9948639254784704
5187.5			0.9995209823763288
5188.4			1.0
5189.3			1.0
5190.2			1.0
5191.1			1.0
5192.0			1.0
5192.9			1.0
5193.8			1.0
5194.7			1.0
5195.6			1.0
5196.5			1.0
5197.4			1.0
5198.3			1.0129746464273925
5199.2			1.0350793418338018
5200.1			1.0518631560428324
5201.0			1.0452164649496845
5201.9			1.0176362019728378
5202.8			1.0037977998625367
5203.7			0.9961134360259616
5204.6			0.955175370270618
5205.5			0.9193126995988546
5206.4			0.9280659084484909
5207.3			0.9435725825176531
5208.2			0.9166848251548521
5209.1			0.912360161849632
5210.0			0.9541519802089021
5210.9			0.9787862820055471
5211.8			1.0
5212.7			1.0156502079025196
5213.6			1.0111495247543745
5214.5			0.973411457090708
5215.4			0.9226693880433323
5216.3			0.9008365910813136
5217.2			0.9114193823269805
5218.1			0.9442197322720511
5219.0			0.9837570202030368
5219.9			1.0006149033134102
5220.8			1.0
5221.7			1.0
5222.6			0.9945973210627862
5223.5			0.9821790316130449
5224.4			0.9557021221161638
5225.3			0.9059073242448167
5226.2			0.841257873616837
5227.1			0.8171026988058989
5228.0			0.8798250516618283
5228.9			0.9573896255012099
5229.8			0.9871473826387701
5230.7			1.0046728784371295
5231.6			1.000521126853689
5232.5			1.0
5233.4			1.0
5234.3			1.0
5235.2			1.0
5236.1			1.0
5237.0			1.0
5237.9			1.0
5238.8			1.0
5239.7			1.0
5240.6			1.0
5241.5			1.0
5242.4			1.0
5243.3			1.0
5244.2			1.0
5245.1			1.0
5246.0			1.0
5246.9			1.0
5247.8			1.0
5248.7			1.0
5249.6			1.0
5250.5			1.0
5251.4			1.0
5252.3			1.0
5253.2			1.0
5254.1			1.0
5255.0			0.9808547340903477
5255.9			1.0018786355323066
5256.8			1.0399058428101413
5257.7			1.0554137068630864
5258.6			1.0570881877924692
5259.5			1.0502421661922499
5260.4			1.0240847002457332
5261.3			0.9734416423731352
5262.2			0.9207038372833365
5263.1			0.888076433385985
5264.0			0.8657999094897796
5264.9			0.8442091483803327
5265.8			0.8313334980289042
5266.7			0.8652709228392131
5267.6			0.9212835427751556
5268.5			0.8978640184431883
5269.4			0.8119098691147991
5270.3			0.8007263642648236
5271.2			0.8892833527929065
5272.1			0.951569682793786
5273.0			0.9445059426320724
5273.9			0.9309199573662843
5274.8			0.9106049493475601
5275.7			0.8944839143175473
5276.6			0.9450113735280562
5277.5			1.0
5278.4			1.015291182438601
5279.3			0.9979239597941124
5280.2			0.9693353484161442
5281.1			0.9436709903265376
5282.0			0.9286732210459855
5282.9			0.9114371837953845
5283.8			0.8929055271499792
5284.7			0.9256497450348694
5285.6			0.987679123470448
5286.5			1.0149337216418561
5287.4			1.0103610048179295
5288.3			0.9999288810502406
5289.2			0.9990035318481151
5290.1			1.0
5291.0			1.0
5291.9			0.9966467777844303
5292.8			0.9865376162985742
5293.7			0.9845324324962331
5294.6			0.9856340617168052
5295.5			0.9729454506363139
5296.4			0.9375798748085062
5297.3			0.8871243646218485
5298.2			0.8683847886388245
5299.1			0.9098000086564688
5300.0			0.9560974114074017
5300.9			0.9575712447499242
5301.8			0.9422272943892034
5302.7			0.9501265150807097
5303.6			0.9821605699473049
5304.5			0.9996480794822441
5305.4			1.0
5306.3			1.0
5307.2			1.0
5308.1			1.0
5309.0			1.0
5309.9			1.0
5310.8			1.0
5311.7			1.0
5312.6			1.0
5313.5			1.0
5314.4			1.0
5315.3			1.0
5316.2			1.0
5317.1			1.0
5318.0			1.0
5318.9			1.0
5319.8			1.0
5320.7			1.0
5321.6			0.9925617346723294
5322.5			0.9807928064393273
5323.4			0.9442872203208046
5324.3			0.9106059445122339
5325.2			0.9300069211212535
5326.1			0.9537596229162348
5327.0			0.9168441396229929
5327.9			0.8279905608510661
5328.8			0.8120446994760926
5329.7			0.9016496302157234
5330.6			0.9773892182003658
5331.5			0.9945801455655775
5332.4			0.9727519821703591
5333.3			0.9658718557726225
5334.2			0.9898257460697378
5335.1			1.0058173821029779
5336.0			1.0
5336.9			0.9848009309325796
5337.8			0.9820462898724553
5338.7			0.9775430737643566
5339.6			0.9387260707307757
5340.5			0.9046413403954096
5341.4			0.9278606855135458
5342.3			0.9732791444450241
5343.2			0.995122245761869
5344.1			1.0002872117021353
5345.0			1.0
5345.9			1.0
5346.8			1.0
5347.7			1.0
5348.6			1.0
5349.5			1.0
5350.4			1.0
5351.3			1.0
5352.2			1.0
5353.1			1.0
5354.0			1.0
5354.9			1.0
5355.8			1.0
5356.7			1.0
5357.6			1.0
5358.5			1.0
5359.4			1.0
5360.3			1.0
5361.2			0.9859032254288594
5362.1			0.9653690688843063
5363.0			0.9564305237773492
5363.9			0.9542341489715834
5364.8			0.9379469111001625
5365.7			0.9409382734531463
5366.6			0.9560112831742013
5367.5			0.9551280996775707
5368.4			0.9561722754611262
5369.3			0.9367620731096509
5370.2			0.8993568527614931
5371.1			0.8887919269186987
5372.0			0.9232679225894661
5372.9			0.9822615306175457
5373.8			1.0100432307281093
5374.7			1.0228535363910438
5375.6			1.031254937498289
5376.5			1.028875802693297
5377.4			1.0206360689041625
5378.3			1.0164528369173562
5379.2			1.0112297955346605
5380.1			1.001269820306334
5381.0			1.0010485469169232
5381.9			1.0
5382.8			1.0
5383.7			1.0
5384.6			1.0
5385.5			1.0
5386.4			1.0
5387.3			1.0
5388.2			1.0
5389.1			1.0
5390.0			1.0
5390.9			1.0
5391.8			1.0
5392.7			1.0
5393.6			1.0
5394.5			1.0
5395.4			1.0
5396.3			0.969974787516352
5397.2			0.9404834401895705
5398.1			0.9587745469224759
5399.0			0.9894427065157225
5399.9			0.9898881678699294
5400.8			0.9920667225172838
5401.7			1.0143845750409226
5402.6			1.0095167039232926
5403.5			0.9586381777781137
5404.4			0.9059528369816208
5405.3			0.8992106611137933
5406.2			0.9290331528733324
5407.1			0.9774260522673177
5408.0			1.0030293584309313
5408.9			0.9866774158289323
5409.8			0.951944455813688
5410.7			0.9515102521518055
5411.6			0.9945479072277661
5412.5			1.030744395225432
5413.4			1.0262225463754822
5414.3			0.9995349637935903
5415.2			1.0
5416.1			1.0
5417.0			1.0
5417.9			1.0
5418.8			1.0
5419.7			1.0
5420.6			0.9866783740082654
5421.5			0.9888328335035943
5422.4			0.9918868569510711
5423.3			0.9587459271431135
5424.2			0.924026892063287
5425.1			0.9495620820589086
5426.0			1.003119244394884
5426.9			1.0255081593382618
5427.8			1.0096129051573148
5428.7			0.9504870009686617
5429.6			0.9002978681675387
5430.5			0.9271680292004427
5431.4			0.9777746565740864
5432.3			0.9718220610244954
5433.2			0.9422130043264945
5434.1			0.9225732630929365
5435.0			0.9195728227608493
5435.9			0.9315110288337711
5436.8			0.950094630612999
5437.7			0.9777999096200428
5438.6			0.9987287398299056
5439.5			1.0
5440.4			1.0
5441.3			1.0
5442.2			1.0
5443.1			0.9978789055842783
5444.0			0.9764870533646959
5444.9			0.9374780687061712
5445.8			0.9032149891641257
5446.7			0.885528736546164
5447.6			0.9151245108226654
5448.5			0.9728313480804089
5449.4			0.9963445333347308
5450.3			0.9999829468526377
5451.2			1.0
5452.1			0.9933881542963677
5453.0			0.9830695045857567
5453.9			0.9578193773419915
5454.8			0.9071497425080021
5455.7			0.8817868251230644
5456.6			0.9296763310273456
5457.5			0.9826196086679742
5458.4			0.9998651209316809
5459.3			0.9994326212318402
5460.2			1.0
5461.1			1.0
5462.0			1.0
5462.9			1.0
5463.8			1.0
5464.7			1.0
5465.6			1.0
5466.5			1.0
5467.4			1.0
5468.3			1.0
5469.2			1.0
5470.1			1.0
5471.0			1.0
5471.9			1.0
5472.8			0.9850737383148528
5473.7			0.9769183750969872
5474.6			0.9814995234372049
5475.5			0.9522693154017418
5476.4			0.8934326059771537
5477.3			0.9024485004494419
5478.2			0.9708834148009914
5479.1			1.0076490406455618
5480.0			1.0015984948074272
5480.9			1.0
5481.8			1.0
5482.7			1.0
5483.6			1.0
5484.5			1.0
5485.4			1.0
5486.3			1.0
5487.2			1.0
5488.1			1.0
5489.0			1.0
5489.9			1.0
5490.8			1.0
5491.7			1.0
5492.6			1.0
5493.5			1.0
5494.4			1.0
5495.3			1.0
5496.2			1.0
5497.1			1.0
5498.0			1.0
5498.9			1.0
5499.8			1.0
5500.7			1.0
5501.6			1.0
5502.5			1.0
5503.4			1.0
5504.3			1.0
5505.2			1.0
5506.1			1.0
5507.0			1.0
5507.9			1.0
5508.8			1.0
5509.7			1.0
5510.6			1.0
5511.5			1.0
5512.4			1.0
5513.3			1.0
5514.2			1.0
5515.1			1.0
5516.0			1.0
5516.9			1.0
5517.8			1.0
5518.7			1.0
5519.6			1.0
5520.5			1.0
5521.4			1.0
5522.3			1.0
5523.2			1.0
5524.1			1.0
5525.0			1.0
5525.9			1.0
5526.8			1.0
5527.7			1.0
5528.6			1.0
5529.5			1.0
5530.4			1.0
5531.3			1.0
5532.2			1.0
5533.1			1.0
5534.0			1.0
5534.9			1.0
5535.8			1.0
5536.7			1.0
5537.6			1.0
5538.5			1.0
5539.4			1.0
5540.3			1.0
5541.2			1.0
5542.1			1.0
5543.0			1.0
5543.9			1.0
5544.8			1.0
5545.7			1.0
5546.6			1.0
5547.5			1.0
5548.4			1.0
5549.3			1.0
5550.200000000001			1.0
5551.1			1.0
5552.0			1.0
5552.9			1.0
5553.8			1.0
5554.700000000001			1.0
5555.6			1.0
5556.5			1.0
5557.4			1.0
5558.3			1.0
5559.200000000001			1.0
5560.1			1.0
5561.0			1.0
5561.9			1.0
5562.8			1.0
5563.700000000001			1.0
5564.6			1.0
5565.5			1.0
5566.4			1.0
5567.3			1.0
5568.200000000001			1.0
5569.1			1.0
5570.0			1.0
5570.9			1.0
5571.8			1.0
5572.700000000001			1.0
5573.6			1.0
5574.5			1.0
5575.4			1.0
5576.3			1.0
5577.200000000001			1.014592767387215
5578.1			1.0293942845701969
5579.0			1.0300183518426214
5579.9			1.0380534637220191
5580.8			1.0341362754571664
5581.700000000001			1.0155210708751992
5582.6			1.0195569953117216
5583.5			1.0392772828945631
5584.4			1.0427085467127826
5585.3			1.0196236959770493
5586.200000000001			0.9721095123733017
5587.1			0.9318892562148199
5588.0			0.9305252823462435
5588.9			0.945837410131848
5589.8			0.974116929172532
5590.700000000001			1.0149999494148807
5591.6			1.0373591387681884
5592.5			1.034056584977774
5593.4			1.0142212849414125
5594.3			0.9916944597476226
5595.200000000001			1.0172450063769736
5596.1			1.072049413296916
5597.0			1.0749281726572222
5597.9			1.0247482473811924
5598.8			1.001672905236066
5599.700000000001			1.0
5600.6			1.0
5601.5			1.0
5602.4			1.0
5603.3			1.0
5604.200000000001			1.0
5605.1			1.0
5606.0			1.0
5606.9			1.0
5607.8			1.0
5608.700000000001			1.0
5609.6			1.0
5610.5			1.0
5611.4			1.0
5612.3			1.0
5613.200000000001			1.001687770350119
5614.1			0.9620363463823414
5615.0			0.8824286097354441
5615.9			0.8638619453196537
5616.8			0.9386964604685207
5617.700000000001			0.9915156529428143
5618.6			0.9979713338762852
5619.5			1.0
5620.4			1.0
5621.3			1.0
5622.200000000001			1.0
5623.1			1.0
5624.0			1.0
5624.9			1.0
5625.8			1.0
5626.700000000001			1.0
5627.6			1.0
5628.5			1.0
5629.4			1.0
5630.3			1.0
5631.200000000001			1.0
5632.1			1.0
5633.0			1.0
5633.9			1.0
5634.8			1.0
5635.700000000001			1.0
5636.6			1.0
5637.5			1.0
5638.4			1.0
5639.3			1.0
5640.200000000001			1.0
5641.1			1.0
5642.0			1.0
5642.9			1.0
5643.8			1.0
5644.700000000001			1.0
5645.6			1.0
5646.5			1.0
5647.4			1.0
5648.3			1.0
5649.200000000001			0.9853263819254732
5650.1			0.9765023223090228
5651.0			0.9849365945056687
5651.9			0.9980824358604192
5652.8			0.998124080267259
5653.700000000001			0.9815332617867061
5654.6			0.9488691625641666
5655.5			0.9467048770118288
5656.4			0.9814911865736714
5657.3			0.9653394903071727
5658.200000000001			0.8998101541864486
5659.1			0.8975035593961653
5660.0			0.9650478798822504
5660.9			0.9869399425653685
5661.8			0.9640771824222844
5662.700000000001			0.9502140926713941
5663.6			0.9767812824466613
5664.5			1.004550212712049
5665.4			1.0102809263473704
5666.3			0.9979831744483539
5667.200000000001			0.9828275837901684
5668.1			0.9865423534690088
5669.0			1.0000816438264357
5669.9			1.0
5670.8			1.0
5671.700000000001			1.0
5672.6			1.0
5673.5			1.0
5674.4			1.0
5675.3			1.0
5676.200000000001			1.0
5677.1			1.0
5678.0			1.0
5678.9			1.0
5679.8			1.0
5680.700000000001			1.0
5681.6			1.0
5682.5			1.0
5683.4			1.0
5684.3			1.0
5685.200000000001			1.0
5686.1			1.0
5687.0			1.0
5687.9			1.0
5688.8			1.0
5689.700000000001			1.0
5690.6			1.0
5691.5			1.0
5692.4			1.0
5693.3			1.0
5694.200000000001			1.0
5695.1			1.0
5696.0			1.0
5696.9			1.0
5697.8			1.0
5698.700000000001			1.0
5699.6			1.0
5700.5			1.0
5701.4			0.9775735602181297
5702.3			0.988877511142812
5703.200000000001			1.011350620274695
5704.1			1.0163733295031585
5705.0			0.9994842483861489
5705.9			0.974065580947542
5706.8			0.9690674070351565
5707.700000000001			0.9624284782768332
5708.6			0.9294141314473188
5709.5			0.9149989002808703
5710.4			0.929616160526283
5711.3			0.9345090351776022
5712.200000000001			0.9429779716389647
5713.1			0.9902878827158762
5714.0			1.0081341201364418
5714.9			0.9938408229402788
5715.8			1.0007965897006632
5716.700000000001			1.0123176104498235
5717.6			1.0001170385588338
5718.5			1.0
5719.4			1.0
5720.3			1.0
5721.200000000001			1.0
5722.1			1.0
5723.0			1.0
5723.9			1.0
5724.8			1.0
5725.700000000001			1.0
5726.6			1.0
5727.5			1.0
5728.4			1.0
5729.3			1.0
5730.200000000001			1.0
5731.1			1.0
5732.0			1.0
5732.9			1.0
5733.8			1.0
5734.700000000001			1.0
5735.6			1.0
5736.5			1.0
5737.4			1.0
5738.3			1.0
5739.200000000001			1.0
5740.1			1.0
5741.0			1.0
5741.9			1.0
5742.8			1.0
5743.700000000001			1.0
5744.6			1.0
5745.5			1.0
5746.4			1.0
5747.3			1.0
5748.200000000001			1.0
5749.1			1.0
5750.0			1.0
5750.9			1.0
5751.8			1.0
5752.700000000001			1.0
5753.6			1.0
5754.5			1.0
5755.4			1.0
5756.3			1.0
5757.200000000001			1.0
5758.1			1.0
5759.0			1.0
5759.9			1.0
5760.8			1.0
5761.700000000001			1.0
5762.6			1.0
5763.5			1.0
5764.4			1.0
5765.3			1.0
5766.200000000001			1.0
5767.1			1.0
5768.0			1.0
5768.9			1.0
5769.8			1.0
5770.700000000001			1.0
5771.6			1.0
5772.5			1.0
5773.4			1.0
5774.3			1.0
5775.200000000001			1.0
5776.1			1.0
5777.0			1.0
5777.9			1.0
5778.8			1.0
5779.700000000001			1.0
5780.6			1.0
5781.5			1.0
5782.4			1.0
5783.3			1.0
5784.200000000001			1.0
5785.1			1.0
5786.0			1.0
5786.9			1.0
5787.8			1.0
5788.700000000001			1.0
5789.6			1.0
5790.5			1.0
5791.4			1.0
5792.3			1.0
5793.200000000001			1.0
5794.1			1.0
5795.0			1.0
5795.9			1.0
5796.8			1.0
5797.700000000001			1.0
5798.6			1.0
5799.5			1.0
5800.4			1.0
5801.3			1.0
5802.200000000001			1.0
5803.1			1.0
5804.0			1.0
5804.9			1.0
5805.8			1.0
5806.700000000001			1.0
5807.6			1.0
5808.5			1.0
5809.4			1.0
5810.3			1.0
5811.200000000001			1.0
5812.1			1.0
5813.0			1.0
5813.9			1.0
5814.8			1.0
5815.700000000001			1.0
5816.6			1.0
5817.5			1.0
5818.4			1.0
5819.3			1.0
5820.200000000001			1.0
5821.1			1.0
5822.0			1.0
5822.9			1.0
5823.8			1.0
5824.700000000001			1.0
5825.6			1.0
5826.5			1.0
5827.4			1.0
5828.3			1.0
5829.200000000001			1.0
5830.1			1.0
5831.0			1.0
5831.9			1.0
5832.8			1.0
5833.700000000001			1.0
5834.6			1.0
5835.5			1.0
5836.4			1.0
5837.3			1.0
5838.200000000001			1.0
5839.1			1.0
5840.0			1.0
5840.9			1.0
5841.8			1.0
5842.700000000001			1.0
5843.6			1.0
5844.5			1.0
5845.4			1.0
5846.3			1.0
5847.200000000001			1.0
5848.1			1.0
5849.0			1.0
5849.9			1.0
5850.8			1.0
5851.700000000001			1.0
5852.6			1.0
5853.5			1.0
5854.4			1.0
5855.3			1.0
5856.200000000001			1.0
5857.1			1.0
5858.0			1.0
5858.9			1.0
5859.8			1.0
5860.700000000001			1.0
5861.6			1.0
5862.5			1.0
5863.4			1.0
5864.3			1.0
5865.200000000001			1.0
5866.1			1.0
5867.0			1.0
5867.9			1.0
5868.8			1.0
5869.700000000001			1.0
5870.6			1.0
5871.5			1.0
5872.4			1.0
5873.3			1.0
5874.200000000001			1.0
5875.1			1.0
5876.0			1.0
5876.9			1.0
5877.8			1.0
5878.700000000001			1.0
5879.6			1.0
5880.5			1.0
5881.4			1.0
5882.3			1.0
5883.200000000001			1.0
5884.1			1.0
5885.0			1.0
5885.9			1.0
5886.8			1.0046208014205655
5887.700000000001			0.9865581815569466
5888.6			0.9206455208837865
5889.5			0.809366454063347
5890.4			0.7841295319965241
5891.3			0.8919362164648205
5892.200000000001			0.9759337966116933
5893.1			0.9946321101224013
5894.0			1.0040439653491158
5894.9			1.0
5895.8			1.0
5896.700000000001			1.0
5897.6			1.0
5898.5			1.0
5899.4			1.0
5900.3			1.0
5901.200000000001			1.0
5902.1			1.0
5903.0			1.0
5903.9			1.0
5904.8			1.0
5905.700000000001			1.0
5906.6			1.0
5907.5			1.0
5908.4			1.0
5909.3			1.0
5910.200000000001			1.0
5911.1			1.0
5912.0			1.0
5912.9			1.0
5913.8			1.0
5914.700000000001			1.0
5915.6			1.0
5916.5			1.0
5917.4			1.0
5918.3			1.0
5919.200000000001			1.0
5920.1			1.0
5921.0			1.0
5921.9			1.0
5922.8			1.0
5923.700000000001			1.0
5924.6			1.0
5925.5			1.0
5926.4			1.0
5927.3			1.0
5928.200000000001			1.0
5929.1			1.0
5930.0			1.0
5930.9			1.0
5931.8			1.0
5932.700000000001			1.0
5933.6			1.0
5934.5			1.0
5935.4			1.0
5936.3			1.0
5937.200000000001			1.0
5938.1			1.0
5939.0			1.0
5939.9			1.0
5940.8			1.0
5941.700000000001			1.0
5942.6			1.0
5943.5			1.0
5944.4			1.0
5945.3			1.0
5946.200000000001			1.0
5947.1			1.0
5948.0			1.0
5948.9			1.0
5949.8			1.0
5950.700000000001			1.0
5951.6			1.0
5952.5			1.0
5953.4			1.0
5954.3			1.0
5955.200000000001			1.0
5956.1			1.0
5957.0			1.0
5957.9			1.0
5958.8			1.0
5959.700000000001			1.0
5960.6			1.0
5961.5			1.0
5962.4			1.0
5963.3			1.0
5964.200000000001			1.0
5965.1			1.0
5966.0			1.0
5966.9			1.0
5967.8			1.0
5968.700000000001			1.0
5969.6			1.0
5970.5			1.0
5971.4			1.0
5972.3			1.0
5973.200000000001			1.0
5974.1			1.0
5975.0			1.0
5975.9			1.0
5976.8			1.0
5977.700000000001			1.0
5978.6			1.0
5979.5			1.0
5980.4			1.0
5981.3			1.0
5982.200000000001			1.0
5983.1			1.0
5984.0			1.0
5984.9			1.0
5985.8			1.0
5986.700000000001			1.0
5987.6			1.0
5988.5			1.0
5989.4			1.0
5990.3			1.0
5991.200000000001			1.0
5992.1			1.0
5993.0			1.0
5993.9			1.0
5994.8			1.0
5995.700000000001			1.0
5996.6			1.0
5997.5			1.0
5998.4			1.0
5999.3			1.0
6000.200000000001			1.0
6001.1			1.0
6002.0			1.0
6002.9			1.0
6003.8			1.0
6004.700000000001			1.0
6005.6			1.0
6006.5			1.0
6007.4			1.0
6008.3			1.0
6009.200000000001			1.0
6010.1			1.0
6011.0			1.0
6011.9			1.0
6012.8			1.0
6013.700000000001			1.0
6014.6			1.0
6015.5			1.0
6016.4			1.0
6017.3			1.0
6018.200000000001			1.0
6019.1			1.0
6020.0			1.0
6020.9			1.0
6021.8			1.0
6022.700000000001			1.0
6023.6			1.0
6024.5			1.0
6025.4			1.0
6026.3			1.0
6027.200000000001			1.0
6028.1			1.0
6029.0			1.0
6029.9			1.0
6030.8			1.0
6031.700000000001			1.0
6032.6			1.0
6033.5			1.0
6034.4			1.0
6035.3			1.0
6036.200000000001			1.0
6037.1			1.0
6038.0			1.0
6038.9			1.0
6039.8			1.0
6040.700000000001			1.0
6041.6			1.0
6042.5			1.0
6043.4			1.0
6044.3			1.0
6045.200000000001			1.0
6046.1			1.0
6047.0			1.0
6047.9			1.0
6048.8			1.0
6049.700000000001			1.0
6050.6			1.0
6051.5			1.0
6052.4			1.0
6053.3			1.0
6054.200000000001			1.0
6055.1			1.0
6056.0			1.0
6056.9			1.0
6057.8			1.0
6058.700000000001			1.0
6059.6			1.0
6060.5			1.0
6061.4			1.0
6062.3			1.0
6063.200000000001			1.0
6064.1			1.0
6065.0			1.0
6065.9			1.0
6066.8			1.0
6067.700000000001			1.0
6068.6			1.0
6069.5			1.0
6070.4			1.0
6071.3			1.0
6072.200000000001			1.0
6073.1			1.0
6074.0			1.0
6074.9			1.0
6075.8			1.0
6076.700000000001			1.0
6077.6			1.0
6078.5			1.0
6079.4			1.0
6080.3			1.0
6081.200000000001			1.0
6082.1			1.0
6083.0			1.0
6083.9			1.0
6084.8			1.0
6085.700000000001			1.0
6086.6			1.0
6087.5			1.0
6088.4			1.0
6089.3			1.0
6090.200000000001			1.0
6091.1			1.0
6092.0			1.0
6092.9			1.0
6093.8			1.0
6094.700000000001			1.0
6095.6			1.0
6096.5			1.0
6097.4			1.0
6098.3			1.0
6099.200000000001			1.0
6100.1			1.00216559228898
6101.0			0.9809633495930847
6101.9			0.9229345616225954
6102.8			0.8816435319248744
6103.700000000001			0.9186917643232685
6104.6			0.9810615062708903
6105.5			1.0000262685210903
6106.4			1.0
6107.3			1.0
6108.200000000001			1.0
6109.1			1.0
6110.0			1.0
6110.9			1.0
6111.8			1.0
6112.700000000001			1.0
6113.6			1.0
6114.5			1.0
6115.4			1.0
6116.3			1.0
6117.200000000001			1.0
6118.1			1.0
6119.0			1.0
6119.9			1.0
6120.8			1.0
6121.700000000001			1.0
6122.6			1.0
6123.5			1.0
6124.4			1.0
6125.3			1.0
6126.200000000001			1.0
6127.1			1.0
6128.0			1.0
6128.9			1.0
6129.8			1.0
6130.700000000001			1.0
6131.6			1.0
6132.5			1.0
6133.4			1.0
6134.3			1.0012696749902057
6135.200000000001			0.9797441763038589
6136.1			0.9267788981141848
6137.0			0.8742771971750715
6137.9			0.8887833802311563
6138.8			0.9556646231273933
6139.700000000001			0.9996915192905141
6140.6			1.0
6141.5			1.0
6142.4			1.0
6143.3			1.0
6144.200000000001			1.0
6145.1			1.0
6146.0			1.0
6146.9			1.0
6147.8			1.0
6148.700000000001			1.0
6149.6			1.0
6150.5			1.0
6151.4			1.0
6152.3			1.0
6153.200000000001			1.0
6154.1			1.0
6155.0			1.0
6155.9			1.0
6156.8			1.0
6157.700000000001			1.002664795841234
6158.6			1.0086027863955425
6159.5			1.0120267059207924
6160.4			0.9809161348416207
6161.3			0.9232180335611531
6162.200000000001			0.8929981582935789
6163.1			0.9189000796435526
6164.0			0.9634512262705822
6164.9			0.9921461652528711
6165.8			0.9981477858594288
6166.700000000001			0.9998256212376744
6167.6			1.0
6168.5			1.0
6169.4			1.0
6170.3			1.0
6171.200000000001			1.0
6172.1			1.0
6173.0			1.0
6173.9			1.0
6174.8			1.0
6175.700000000001			1.0
6176.6			1.0
6177.5			1.0
6178.4			1.0
6179.3			1.0
6180.200000000001			1.0
6181.1			1.0
6182.0			1.0
6182.9			1.0
6183.8			1.0
6184.700000000001			1.0
6185.6			1.0
6186.5			1.0
6187.4			1.0
6188.3			1.0
6189.200000000001			1.0
6190.1			1.0
6191.0			1.0
6191.9			1.0
6192.8			1.0
6193.700000000001			1.0
6194.6			1.0
6195.5			1.0
6196.4			1.0
6197.3			1.0
6198.200000000001			1.0
6199.1			1.0
6200.0			1.0
6200.9			1.0
6201.8			1.0
6202.700000000001			1.0
6203.6			1.0
6204.5			1.0
6205.4			1.0
6206.3			1.0
6207.200000000001			1.0
6208.1			1.0
6209.0			1.0
6209.9			1.0
6210.8			1.0
6211.700000000001			1.0
6212.6			1.0
6213.5			1.0
6214.4			1.0
6215.3			1.0
6216.200000000001			1.0
6217.1			1.0
6218.0			1.0
6218.9			1.0
6219.8			1.0
6220.700000000001			1.0
6221.6			1.0
6222.5			1.0
6223.4			1.0
6224.3			1.0
6225.200000000001			1.0
6226.1			1.0
6227.0			1.0
6227.9			1.0
6228.8			1.0
6229.700000000001			1.0
6230.6			1.0
6231.5			1.0
6232.4			1.0
6233.3			1.0
6234.200000000001			1.0
6235.1			1.0
6236.0			1.0
6236.9			1.0
6237.8			1.0
6238.700000000001			1.0
6239.6			1.0
6240.5			1.0
6241.4			1.0
6242.3			1.0
6243.200000000001			1.0
6244.1			1.0
6245.0			1.0
6245.9			1.0
6246.8			1.0
6247.700000000001			1.0
6248.6			1.0
6249.5			1.0
6250.4			1.0
6251.3			1.0
6252.200000000001			1.0
6253.1			1.0
6254.0			1.0
6254.9			1.0
6255.8			1.0
6256.700000000001			1.0
6257.6			1.0
6258.5			1.0
6259.4			1.0
6260.3			1.0
6261.200000000001			1.0
6262.1			1.0
6263.0			1.0
6263.9			1.0
6264.8			1.0
6265.700000000001			1.0
6266.6			1.0
6267.5			1.0
6268.4			1.0
6269.3			1.0
6270.200000000001			1.0
6271.1			1.0
6272.0			1.0
6272.9			1.0
6273.8			1.0
6274.700000000001			1.0
6275.6			1.0
6276.5			1.0
6277.4			1.0
6278.3			1.0
6279.200000000001			1.0
6280.1			1.0
6281.0			1.0
6281.9			1.0
6282.8			1.0
6283.700000000001			1.0
6284.6			1.0
6285.5			1.0
6286.4			1.0
6287.3			1.0
6288.200000000001			1.0
6289.1			1.0
6290.0			1.0
6290.9			1.0
6291.8			1.0
6292.700000000001			1.0
6293.6			1.0
6294.5			1.0
6295.4			1.0
6296.3			1.0
6297.200000000001			1.0
6298.1			1.0
6299.0			1.0
6299.9			1.0
6300.8			1.0
6301.700000000001			1.0
6302.6			1.0
6303.5			1.0
6304.4			1.0
6305.3			1.0
6306.200000000001			1.0
6307.1			1.0
6308.0			1.0
6308.9			1.0
6309.8			1.0
6310.700000000001			1.0
6311.6			1.0
6312.5			1.0
6313.4			1.0
6314.3			1.0
6315.200000000001			1.0
6316.1			1.0
6317.0			1.0
6317.9			1.0
6318.8			1.0
6319.700000000001			1.0
6320.6			1.0
6321.5			1.0
6322.4			1.0
6323.3			1.0
6324.200000000001			1.0
6325.1			1.0
6326.0			1.0
6326.9			1.0
6327.8			1.0
6328.700000000001			1.0
6329.6			1.0
6330.5			1.0
6331.4			1.0
6332.3			1.0
6333.200000000001			1.0
6334.1			1.0
6335.0			1.0
6335.9			1.0
6336.8			1.0
6337.700000000001			1.0
6338.6			1.0
6339.5			1.0
6340.4			1.0
6341.3			1.0
6342.200000000001			1.0
6343.1			1.0
6344.0			1.0
6344.9			1.0
6345.8			1.0
6346.700000000001			1.0
6347.6			1.0
6348.5			1.0
6349.4			1.0
6350.3			1.0
6351.200000000001			1.0
6352.1			1.0
6353.0			1.0
6353.9			1.0
6354.8			1.0
6355.700000000001			1.0
6356.6			1.0
6357.5			1.0
6358.4			1.0
6359.3			1.0
6360.200000000001			1.0
6361.1			1.0
6362.0			1.0
6362.9			1.0
6363.8			1.0
6364.700000000001			1.0
6365.6			1.0
6366.5			1.0
6367.4			1.0
6368.3			1.0
6369.200000000001			1.0
6370.1			1.0
6371.0			1.0
6371.9			1.0
6372.8			1.0
6373.700000000001			1.0
6374.6			1.0
6375.5			1.0
6376.4			1.0
6377.3			1.0
6378.200000000001			1.0
6379.1			1.0
6380.0			1.0
6380.9			1.0
6381.8			1.0
6382.700000000001			1.0
6383.6			1.0
6384.5			1.0
6385.4			1.0
6386.3			1.0
6387.200000000001			1.0
6388.1			1.0
6389.0			1.0
6389.9			1.0
6390.8			1.0
6391.700000000001			1.0
6392.6			1.0
6393.5			1.0
6394.4			1.0
6395.3			1.0
6396.200000000001			1.0
6397.1			1.0
6398.0			1.0
6398.9			1.0
6399.8			1.0
6400.700000000001			1.0
6401.6			1.0
6402.5			1.0
6403.4			1.0
6404.3			1.0
6405.200000000001			1.0
6406.1			1.0
6407.0			1.0
6407.9			1.0
6408.8			1.0
6409.700000000001			1.0
6410.6			1.0
6411.5			1.0
6412.4			1.0
6413.3			1.0
6414.200000000001			1.0
6415.1			1.0
6416.0			1.0
6416.9			1.0
6417.8			1.0
6418.700000000001			1.0
6419.6			1.0
6420.5			1.0
6421.4			1.0
6422.3			1.0
6423.200000000001			1.0
6424.1			1.0
6425.0			1.0
6425.9			1.0
6426.8			1.0
6427.700000000001			1.0
6428.6			1.0
6429.5			1.0
6430.4			1.0
6431.3			1.0
6432.200000000001			1.0
6433.1			1.0
6434.0			1.0
6434.9			1.0
6435.8			1.0
6436.700000000001			1.0
6437.6			1.0
6438.5			1.0
6439.4			1.0
6440.3			1.0
6441.200000000001			1.0
6442.1			1.0
6443.0			1.0
6443.9			1.0
6444.8			1.0
6445.700000000001			1.0
6446.6			1.0
6447.5			1.0
6448.4			1.0
6449.3			1.0
6450.200000000001			1.0
6451.1			1.0
6452.0			1.0
6452.9			1.0
6453.8			1.0
6454.700000000001			1.0
6455.6			1.0
6456.5			1.0
6457.4			1.0
6458.3			1.0
6459.200000000001			1.0
6460.1			1.0
6461.0			1.0
6461.9			1.0
6462.8			1.0
6463.700000000001			1.0
6464.6			1.0
6465.5			1.0
6466.4			1.0
6467.3			1.0
6468.200000000001			1.0
6469.1			1.0
6470.0			1.0
6470.9			1.0
6471.8			1.0
6472.700000000001			1.0
6473.6			1.0
6474.5			1.0
6475.4			1.0
6476.3			1.0
6477.200000000001			1.0
6478.1			1.0
6479.0			1.0
6479.9			1.0
6480.8			1.0
6481.700000000001			1.0
6482.6			1.0
6483.5			1.0
6484.4			1.0
6485.3			1.0
6486.200000000001			1.0
6487.1			1.0
6488.0			0.9984757855266023
6488.9			0.9972615910910296
6489.8			0.9918995840980858
6490.700000000001			0.9788067374640746
6491.6			0.9730612352313986
6492.5			0.9662074200942293
6493.4			0.9275314039420569
6494.3			0.8824332541576523
6495.200000000001			0.8734915571347756
6496.1			0.8870001986159672
6497.0			0.913680589211012
6497.9			0.9493996083427605
6498.8			0.957332261985882
6499.700000000001			0.9543846833315489
6500.6			0.9724499933123901
6501.5			0.990570523687841
6502.4			1.0000244149728796
6503.3			1.0
6504.200000000001			1.0
6505.1			1.0
6506.0			1.0
6506.9			1.0
6507.8			1.0
6508.700000000001			1.0
6509.6			1.0
6510.5			1.0
6511.4			1.0
6512.3			1.0
6513.200000000001			1.0
6514.1			1.0
6515.0			1.0
6515.9			1.0
6516.8			1.0
6517.700000000001			1.0
6518.6			1.0
6519.5			1.0
6520.4			1.0
6521.3			1.0
6522.200000000001			1.0
6523.1			1.0
6524.0			1.0
6524.9			1.0
6525.8			1.0
6526.700000000001			1.0
6527.6			1.0
6528.5			1.0
6529.4			1.0
6530.3			1.0
6531.200000000001			1.0
6532.1			1.0
6533.0			1.0
6533.9			1.0
6534.8			1.0
6535.700000000001			1.0
6536.6			1.0
6537.5			1.0
6538.4			1.0
6539.3			1.0
6540.200000000001			1.0
6541.1			1.0
6542.0			1.0
6542.9			1.0
6543.8			1.0
6544.700000000001			1.0
6545.6			1.0
6546.5			1.0
6547.4			1.0
6548.3			1.0
6549.200000000001			1.0
6550.1			1.0
6551.0			1.0
6551.9			1.0
6552.8			1.0
6553.700000000001			1.0
6554.6			1.0
6555.5			1.0
6556.4			1.0
6557.3			1.0013673757602926
6558.200000000001			0.9905521222956805
6559.1			0.9606952999876393
6560.0			0.9151384321130784
6560.9			0.8259691031011551
6561.8			0.6576504480269583
6562.700000000001			0.5301341605093215
6563.6			0.6077074945436745
6564.5			0.79632197459917
6565.4			0.9200848743763967
6566.3			0.9757219822005183
6567.200000000001			0.9991131604626501
6568.1			0.9999971189630916
6569.0			1.0
6569.9			1.0
6570.8			1.0
6571.700000000001			1.0
6572.6			1.0
6573.5			1.0
6574.4			1.0
6575.3			1.0
6576.200000000001			1.0
6577.1			1.0
6578.0			1.0
6578.9			1.0
6579.8			1.0
6580.700000000001			1.0
6581.6			1.0
6582.5			1.0
6583.4			1.0
6584.3			1.0
6585.200000000001			1.0
6586.1			1.0
6587.0			1.0
6587.9			1.0
6588.8			1.0
6589.700000000001			1.0
6590.6			1.0
6591.5			1.0
6592.4			1.0
6593.3			1.0
6594.200000000001			1.0
6595.1			1.0
6596.0			1.0
6596.9			1.0
6597.8			1.0
6598.700000000001			1.0
6599.6			1.0
6600.5			1.0
6601.4			1.0
6602.3			1.0
6603.200000000001			1.0
6604.1			1.0
6605.0			1.0
6605.9			1.0
6606.8			1.0
6607.700000000001			1.0
6608.6			1.0
6609.5			1.0
6610.4			1.0
6611.3			1.0
6612.200000000001			1.0
6613.1			1.0
6614.0			1.0
6614.9			1.0
6615.8			1.0
6616.700000000001			1.0
6617.6			1.0
6618.5			1.0
6619.4			1.0
6620.3			1.0
6621.200000000001			1.0
6622.1			1.0
6623.0			1.0
6623.9			1.0
6624.8			1.0
6625.700000000001			1.0
6626.6			1.0
6627.5			1.0
6628.4			1.0
6629.3			1.0
6630.200000000001			1.0
6631.1			1.0
6632.0			1.0
6632.9			1.0
6633.8			1.0
6634.700000000001			1.0
6635.6			1.0
6636.5			1.0
6637.4			1.0
6638.3			1.0
6639.200000000001			1.0
6640.1			1.0
6641.0			1.0
6641.9			1.0
6642.8			1.0
6643.700000000001			1.0
6644.6			1.0
6645.5			1.0
6646.4			1.0
6647.3			1.0
6648.200000000001			1.0
6649.1			1.0
6650.0			1.0
6650.9			1.0
6651.8			1.0
6652.700000000001			1.0
6653.6			1.0
6654.5			1.0
6655.4			1.0
6656.3			1.0
6657.200000000001			1.0
6658.1			1.0
6659.0			1.0
6659.9			1.0
6660.8			1.0
6661.700000000001			1.0
6662.6			1.0
6663.5			1.0
6664.4			1.0
6665.3			1.0
6666.200000000001			1.0
6667.1			1.0
6668.0			1.0
6668.9			1.0
6669.8			1.0
6670.700000000001			1.0
6671.6			1.0
6672.5			1.0
6673.4			1.0
6674.3			1.0
6675.200000000001			1.0
6676.1			1.0
6677.0			1.0
6677.9			1.0
6678.8			1.0
6679.700000000001			1.0
6680.6			1.0
6681.5			1.0
6682.4			1.0
6683.3			1.0
6684.200000000001			1.0
6685.1			1.0
6686.0			1.0
6686.9			1.0
6687.8			1.0
6688.700000000001			1.0
6689.6			1.0
6690.5			1.0
6691.4			1.0
6692.3			1.0
6693.200000000001			1.0
6694.1			1.0
6695.0			1.0
6695.9			1.0
6696.8			1.0
6697.700000000001			1.0
6698.6			1.0
6699.5			1.0
6700.4			1.0
6701.3			1.0
6702.200000000001			1.0
6703.1			1.0
6704.0			1.0
6704.9			1.0
6705.8			1.0
6706.700000000001			1.0
6707.6			1.0
6708.5			1.0
6709.4			1.0
6710.3			1.0
6711.200000000001			1.0
6712.1			1.0
6713.0			1.0
6713.9			1.0
6714.8			1.0
6715.700000000001			1.0
6716.6			1.0
6717.5			1.0
6718.4			1.0
6719.3			1.0
6720.200000000001			1.0
6721.1			1.0
6722.0			1.0
6722.9			1.0
6723.8			1.0
6724.700000000001			1.0
6725.6			1.0
6726.5			1.0
6727.4			1.0
6728.3			1.0
6729.200000000001			1.0
6730.1			1.0
6731.0			1.0
6731.9			1.0
6732.8			1.0
6733.700000000001			1.0
6734.6			1.0
6735.5			1.0
6736.4			1.0
6737.3			1.0
6738.200000000001			1.0
6739.1			1.0
6740.0			1.0
6740.9			1.0
6741.8			1.0
6742.700000000001			1.0
6743.6			1.0
6744.5			1.0
6745.4			1.0
6746.3			1.0
6747.200000000001			1.0
6748.1			1.0
6749.0			1.0
6749.9			1.0
6750.8			1.0
6751.700000000001			1.0
6752.6			1.0
6753.5			1.0
6754.4			1.0
6755.3			1.0
6756.200000000001			1.0
6757.1			1.0
6758.0			1.0
6758.9			1.0
6759.8			1.0
6760.700000000001			1.0
6761.6			1.0
6762.5			1.0
6763.4			1.0
6764.3			1.0
6765.200000000001			1.0
6766.1			1.0
6767.0			1.0
6767.9			1.0
6768.8			1.0
6769.700000000001			1.0
6770.6			1.0
6771.5			1.0
6772.4			1.0
6773.3			1.0
6774.200000000001			1.0
6775.1			1.0
6776.0			1.0
6776.9			1.0
6777.8			1.0
6778.700000000001			1.0
6779.6			1.0
6780.5			1.0
6781.4			1.0
6782.3			1.0
6783.200000000001			1.0
6784.1			1.0
6785.0			1.0
6785.9			1.0
6786.8			1.0
6787.700000000001			1.0
6788.6			1.0
6789.5			1.0
6790.4			1.0
6791.3			1.0
6792.200000000001			1.0
6793.1			1.0
6794.0			1.0
6794.9			1.0
6795.8			1.0
6796.700000000001			1.0
6797.6			1.0
6798.5			1.0
6799.4			1.0
6800.3			1.0
6801.200000000001			1.0
6802.1			1.0
6803.0			1.0
6803.9			1.0
6804.8			1.0
6805.700000000001			1.0
6806.6			1.0
6807.5			1.0
6808.4			1.0
6809.3			1.0
6810.200000000001			1.0
6811.1			1.0
6812.0			1.0
6812.9			1.0
6813.8			1.0
6814.700000000001			1.0
6815.6			1.0
6816.5			1.0
6817.4			1.0
6818.3			1.0
6819.200000000001			1.0
6820.1			1.0
6821.0			1.0
6821.9			1.0
6822.8			1.0
6823.700000000001			1.0
6824.6			1.0
6825.5			1.0
6826.4			1.0
6827.3			1.0
6828.200000000001			1.0
6829.1			1.0
6830.0			1.0
6830.9			1.0
6831.8			1.0
6832.700000000001			1.0
6833.6			1.0
6834.5			1.0
6835.4			1.0
6836.3			1.0
6837.200000000001			1.0
6838.1			1.0
6839.0			1.0
6839.9			1.0
6840.8			1.0
6841.700000000001			1.0
6842.6			1.0
6843.5			1.0
6844.4			1.0
6845.3			1.0
6846.200000000001			1.0
6847.1			1.0
6848.0			1.0
6848.9			1.0
6849.8			1.0
6850.700000000001			1.0
6851.6			1.0
6852.5			1.0
6853.4			1.0
6854.3			1.0
6855.200000000001			1.0
6856.1			1.0
6857.0			1.0
6857.9			1.0
6858.8			1.0
6859.700000000001			1.0
6860.6			1.0
6861.5			1.0
6862.4			1.0
6863.3			1.0
6864.200000000001			1.0
6865.1			1.0
6866.0			1.0
6866.9			1.0
6867.8			1.0
6868.700000000001			1.0
6869.6			1.0
6870.5			1.0
6871.4			1.0
6872.3			1.0
6873.200000000001			1.0
6874.1			1.0
6875.0			1.0
6875.9			1.0
6876.8			1.0
6877.700000000001			1.0
6878.6			1.0
6879.5			1.0
6880.4			1.0
6881.3			1.0
6882.200000000001			1.0
6883.1			1.0
6884.0			1.0
6884.9			1.0
6885.8			1.0
6886.700000000001			1.0
6887.6			1.0
6888.5			1.0
6889.4			1.0
6890.3			1.0
6891.200000000001			1.0
6892.1			1.0
6893.0			1.0
6893.9			1.0
6894.8			1.0
6895.700000000001			1.0
6896.6			1.0
6897.5			1.0
6898.4			1.0
6899.3			1.0
6900.200000000001			1.0
6901.1			1.0
6902.0			1.0
6902.9			1.0
6903.8			1.0
6904.700000000001			1.0
6905.6			1.0
6906.5			1.0
6907.4			1.0
6908.3			1.0
6909.200000000001			1.0
6910.1			1.0
6911.0			1.0
6911.9			1.0
6912.8			1.0
6913.700000000001			1.0
6914.6			1.0
6915.5			1.0
6916.4			1.0
6917.3			1.0
6918.200000000001			1.0
6919.1			1.0
6920.0			1.0
6920.9			1.0
6921.8			1.0
6922.700000000001			1.0
6923.6			1.0
6924.5			1.0
6925.4			1.0
6926.3			1.0
6927.200000000001			1.0
6928.1			1.0
6929.0			1.0
6929.9			1.0
6930.8			1.0
6931.700000000001			1.0
6932.6			1.0
6933.5			1.0
6934.4			1.0
6935.3			1.0
6936.200000000001			1.0
6937.1			1.0
6938.0			1.0
6938.9			1.0
6939.8			1.0
6940.700000000001			1.0
6941.6			1.0
6942.5			1.0
6943.4			1.0
6944.3			1.0
6945.200000000001			1.0
6946.1			1.0
6947.0			1.0
6947.9			1.0
6948.8			1.0
6949.700000000001			1.0
6950.6			1.0
6951.5			1.0
6952.4			1.0
6953.3			1.0
6954.200000000001			1.0
6955.1			1.0
6956.0			1.0
6956.9			1.0
6957.8			1.0
6958.700000000001			1.0
6959.6			1.0
6960.5			1.0
6961.4			1.0
6962.3			1.0
6963.200000000001			1.0
6964.1			1.0
6965.0			1.0
6965.9			1.0
6966.8			1.0
6967.700000000001			1.0
6968.6			1.0
6969.5			1.0
6970.4			1.0
6971.3			1.0
6972.200000000001			1.0
6973.1			1.0
6974.0			1.0
6974.9			1.0
6975.8			1.0
6976.700000000001			1.0
6977.6			1.0
6978.5			1.0
6979.4			1.0
6980.3			1.0
6981.200000000001			1.0
6982.1			1.0
6983.0			1.0
6983.9			1.0
6984.8			1.0
6985.700000000001			1.0
6986.6			1.0
6987.5			1.0
6988.4			1.0
6989.3			1.0
6990.200000000001			1.0
6991.1			1.0
6992.0			1.0
6992.9			1.0
6993.8			1.0
6994.700000000001			1.0
6995.6			1.0
6996.5			1.0
6997.4			1.0
6998.3			1.0
6999.200000000001			1.0
7000.1			1.0
7001.0			1.0
7001.9			1.0
7002.8			1.0
7003.700000000001			1.0
7004.6			1.0
7005.5			1.0
7006.4			1.0
7007.3			1.0
7008.200000000001			1.0
7009.1			1.0
7010.0			1.0
7010.9			1.0
7011.8			1.0
7012.700000000001			1.0
7013.6			1.0
7014.5			1.0
7015.4			1.0
7016.3			1.0
7017.200000000001			1.0
7018.1			1.0
7019.0			1.0
7019.9			1.0
7020.8			1.0
7021.700000000001			1.0
7022.6			1.0
7023.5			1.0
7024.4			1.0
7025.3			1.0
7026.200000000001			1.0
7027.1			1.0
7028.0			1.0
7028.9			1.0
7029.8			1.0
7030.700000000001			1.0
7031.6			1.0
7032.5			1.0
7033.4			1.0
7034.3			1.0
7035.200000000001			1.0
7036.1			1.0
7037.0			1.0
7037.9			1.0
7038.8			1.0
7039.700000000001			1.0
7040.6			1.0
7041.5			1.0
7042.4			1.0
7043.3			1.0
7044.200000000001			1.0
7045.1			1.0
7046.0			1.0
7046.9			1.0
7047.8			1.0
7048.700000000001			1.0
7049.6			1.0
7050.5			1.0
7051.4			1.0
7052.3			1.0
7053.200000000001			1.0
7054.1			1.0
7055.0			1.0
7055.9			1.0
7056.8			1.0
7057.700000000001			1.0
7058.6			1.0
7059.5			1.0
7060.4			1.0
7061.3			1.0
7062.200000000001			1.0
7063.1			1.0
7064.0			1.0
7064.9			1.0
7065.8			1.0
7066.700000000001			1.0
7067.6			1.0
7068.5			1.0
7069.4			1.0
7070.3			1.0
7071.200000000001			1.0
7072.1			1.0
7073.0			1.0
7073.9			1.0
7074.8			1.0
7075.700000000001			1.0
7076.6			1.0
7077.5			1.0
7078.4			1.0
7079.3			1.0
7080.200000000001			1.0
7081.1			1.0
7082.0			1.0
7082.9			1.0
7083.8			1.0
7084.700000000001			1.0
7085.6			1.0
7086.5			1.0
7087.4			1.0
7088.3			1.0
7089.200000000001			1.0
7090.1			1.0
7091.0			1.0
7091.9			1.0
7092.8			1.0
7093.700000000001			1.0
7094.6			1.0
7095.5			1.0
7096.4			1.0
7097.3			1.0
7098.200000000001			1.0
7099.1			1.0
7100.0			1.0
7100.9			1.0
7101.8			1.0
7102.700000000001			1.0
7103.6			1.0
7104.5			1.0
7105.4			1.0
7106.3			1.0
7107.200000000001			1.0
7108.1			1.0
7109.0			1.0
7109.9			1.0
7110.8			1.0
7111.700000000001			1.0
7112.6			1.0
7113.5			1.0
7114.4			1.0
7115.3			1.0
7116.200000000001			1.0
7117.1			1.0
7118.0			1.0
7118.9			1.0
7119.8			1.0
7120.700000000001			1.0
7121.6			1.0
7122.5			1.0
7123.4			1.0
7124.3			1.0
7125.200000000001			1.0
7126.1			1.0
7127.0			1.0
7127.9			1.0
7128.8			1.0
7129.700000000001			1.0
7130.6			1.0
7131.5			1.0
7132.4			1.0
7133.3			1.0
7134.200000000001			1.0
7135.1			1.0
7136.0			1.0
7136.9			1.0
7137.8			1.0
7138.700000000001			1.0
7139.6			1.0
7140.5			1.0
7141.4			1.0
7142.3			1.0
7143.200000000001			1.0
7144.1			1.0
7145.0			1.0
7145.9			1.0
7146.8			1.0
7147.700000000001			1.0
7148.6			1.0
7149.5			1.0
7150.4			1.0
7151.3			1.0
7152.200000000001			1.0
7153.1			1.0
7154.0			1.0
7154.9			1.0
7155.8			1.0
7156.700000000001			1.0
7157.6			1.0
7158.5			1.0
7159.4			1.0
7160.3			1.0
7161.200000000001			1.0
7162.1			1.0
7163.0			1.0
7163.9			1.0
7164.8			1.0
7165.700000000001			1.0
7166.6			1.0
7167.5			1.0
7168.4			1.0
7169.3			1.0
7170.200000000001			1.0
7171.1			1.0
7172.0			1.0
7172.9			1.0
7173.8			1.0
7174.700000000001			1.0
7175.6			1.0
7176.5			1.0
7177.4			1.0
7178.3			1.0
7179.200000000001			1.0
7180.1			1.0
7181.0			1.0
7181.9			1.0
7182.8			1.0
7183.700000000001			1.0
7184.6			1.0
7185.5			1.0
7186.4			1.0
7187.3			1.0
7188.200000000001			1.0
7189.1			1.0
7190.0			1.0
7190.9			1.0
7191.8			1.0
7192.700000000001			1.0
7193.6			1.0
7194.5			1.0
7195.4			1.0
7196.3			1.0
7197.200000000001			1.0
7198.1			1.0
7199.0			1.0
7199.9			1.0
7200.8			1.0
7201.700000000001			1.0
7202.6			1.0
7203.5			1.0
7204.4			1.0
7205.3			1.0
7206.200000000001			1.0
7207.1			1.0
7208.0			1.0
7208.9			1.0
7209.8			1.0
7210.700000000001			1.0
7211.6			1.0
7212.5			1.0
7213.4			1.0
7214.3			1.0
7215.200000000001			1.0
7216.1			1.0
7217.0			1.0
7217.9			1.0
7218.8			1.0
7219.700000000001			1.0
7220.6			1.0
7221.5			1.0
7222.4			1.0
7223.3			1.0
7224.200000000001			1.0
7225.1			1.0
7226.0			1.0
7226.9			1.0
7227.8			1.0
7228.700000000001			1.0
7229.6			1.0
7230.5			1.0
7231.4			1.0
7232.3			1.0
7233.200000000001			1.0
7234.1			1.0
7235.0			1.0
7235.9			1.0
7236.8			1.0
7237.700000000001			1.0
7238.6			1.0
7239.5			1.0
7240.4			1.0
7241.3			1.0
7242.200000000001			1.0
7243.1			1.0
7244.0			1.0
7244.9			1.0
7245.8			1.0
7246.700000000001			1.0
7247.6			1.0
7248.5			1.0
7249.4			1.0
7250.3			1.0
7251.200000000001			1.0
7252.1			1.0
7253.0			1.0
7253.9			1.0
7254.8			1.0
7255.700000000001			1.0
7256.6			1.0
7257.5			1.0
7258.4			1.0
7259.3			1.0
7260.200000000001			1.0
7261.1			1.0
7262.0			1.0
7262.9			1.0
7263.8			1.0
7264.700000000001			1.0
7265.6			1.0
7266.5			1.0
7267.4			1.0
7268.3			1.0
7269.200000000001			1.0
7270.1			1.0
7271.0			1.0
7271.9			1.0
7272.8			1.0
7273.700000000001			1.0
7274.6			1.0
7275.5			1.0
7276.4			1.0
7277.3			1.0
7278.200000000001			1.0
7279.1			1.0
7280.0			1.0
7280.9			1.0
7281.8			1.0
7282.700000000001			1.0
7283.6			1.0
7284.5			1.0
7285.4			1.0
7286.3			1.0
7287.200000000001			1.0
7288.1			1.0
7289.0			1.0
7289.9			1.0
7290.8			1.0
7291.700000000001			1.0
7292.6			1.0
7293.5			1.0
7294.4			1.0
7295.3			1.0
7296.200000000001			1.0
7297.1			1.0
7298.0			1.0
7298.9			1.0
7299.8			1.0
7300.700000000001			1.0
7301.6			1.0
7302.5			1.0
7303.4			1.0
7304.3			1.0
7305.200000000001			1.0
7306.1			1.0
7307.0			1.0
7307.9			1.0
7308.8			1.0
7309.700000000001			1.0
7310.6			1.0
7311.5			1.0
7312.4			1.0
7313.3			1.0
7314.200000000001			1.0
7315.1			1.0
7316.0			1.0
7316.9			1.0
7317.8			1.0
7318.700000000001			1.0
7319.6			1.0
7320.5			1.0
7321.4			1.0
7322.3			1.0
7323.200000000001			1.0
7324.1			1.0
7325.0			1.0
7325.9			1.0
7326.8			1.0
7327.700000000001			1.0
7328.6			1.0
7329.5			1.0
7330.4			1.0
7331.3			1.0
7332.200000000001			1.0
7333.1			1.0
7334.0			1.0
7334.9			1.0
7335.8			1.0
7336.700000000001			1.0
7337.6			1.0
7338.5			1.0
7339.4			1.0
7340.3			1.0
7341.200000000001			1.0
7342.1			1.0
7343.0			1.0
7343.9			1.0
7344.8			1.0
7345.700000000001			1.0
7346.6			1.0
7347.5			1.0
7348.4			1.0
7349.3			1.0
7350.200000000001			1.0
7351.1			1.0
7352.0			1.0
7352.9			1.0
7353.8			1.0
7354.700000000001			1.0
7355.6			1.0
7356.5			1.0
7357.4			1.0
7358.3			1.0
7359.200000000001			1.0
7360.1			1.0
7361.0			1.0
7361.9			1.0
7362.8			1.0
7363.700000000001			1.0
7364.6			1.0
7365.5			1.0
7366.4			1.0
7367.3			1.0
7368.200000000001			1.0
7369.1			1.0
7370.0			1.0
7370.9			1.0
7371.8			1.0
7372.700000000001			1.0
7373.6			1.0
7374.5			1.0
7375.4			1.0
7376.3			1.0
7377.200000000001			1.0
7378.1			1.0
7379.0			1.0
7379.9			1.0
7380.8			1.0
7381.700000000001			1.0
7382.6			1.0
7383.5			1.0
7384.4			1.0
7385.3			1.0
7386.200000000001			1.0
7387.1			1.0
7388.0			1.0
7388.9			1.0
7389.8			1.0
7390.700000000001			1.0
7391.6			1.0
7392.5			1.0
7393.4			1.0
7394.3			1.0
7395.200000000001			1.0
7396.1			1.0
7397.0			1.0
7397.9			1.0
7398.8			1.0
7399.700000000001			1.0
7400.6			1.0
7401.5			1.0
7402.4			1.0
7403.3			1.0
7404.200000000001			1.0
7405.1			1.0
7406.0			1.0
7406.9			1.0
7407.8			1.0
7408.700000000001			1.0
7409.6			1.0
7410.5			1.0
7411.4			1.0
7412.3			1.0
7413.200000000001			1.0
7414.1			1.0
7415.0			1.0
7415.9			1.0
7416.8			1.0
7417.700000000001			1.0
7418.6			1.0
7419.5			1.0
7420.4			1.0
7421.3			1.0
7422.200000000001			1.0
7423.1			1.0
7424.0			1.0
7424.9			1.0
7425.8			1.0
7426.700000000001			1.0
7427.6			1.0
7428.5			1.0
7429.4			1.0
