3500.0			1.0
3500.9			1.0
3501.8			1.0
3502.7			1.0
3503.6			1.0
3504.5			1.0
3505.4			1.0
3506.3			1.0
3507.2			1.0
3508.1			1.0
3509.0			1.0
3509.9			1.0
3510.8			1.0
3511.7			1.0
3512.6			1.0
3513.5			1.0
3514.4			1.0
3515.3			1.0
3516.2			1.0
3517.1			1.0
3518.0			1.0
3518.9			1.0
3519.8			1.0
3520.7			1.0
3521.6			1.0
3522.5			1.0
3523.4			1.0
3524.3			1.0
3525.2			1.0
3526.1			1.0
3527.0			1.0
3527.9			1.0
3528.8			1.0
3529.7			1.0
3530.6			1.0
3531.5			1.0
3532.4			1.0
3533.3			1.0
3534.2			1.0
3535.1			1.0
3536.0			1.0
3536.9			1.0
3537.8			1.0
3538.7			1.0
3539.6			1.0
3540.5			1.0
3541.4			1.0
3542.3			1.0
3543.2			1.0
3544.1			1.0
3545.0			1.0
3545.9			1.0
3546.8			1.0
3547.7			1.0
3548.6			1.0
3549.5			1.0
3550.4			1.0
3551.3			1.0
3552.2			1.0
3553.1			1.0
3554.0			1.0
3554.9			1.0
3555.8			1.0
3556.7			1.0
3557.6			1.0
3558.5			1.0
3559.4			1.0
3560.3			1.0
3561.2			1.0
3562.1			1.0
3563.0			1.0
3563.9			1.0
3564.8			1.0
3565.7			1.0
3566.6			1.0
3567.5			1.0
3568.4			1.0
3569.3			1.0
3570.2			1.0
3571.1			1.0
3572.0			1.0
3572.9			1.0
3573.8			1.0
3574.7			1.0
3575.6			1.0
3576.5			1.0
3577.4			1.0
3578.3			1.0
3579.2			1.0
3580.1			1.0
3581.0			1.0
3581.9			1.0
3582.8			1.0
3583.7			1.0
3584.6			1.0
3585.5			1.0
3586.4			1.0
3587.3			1.0
3588.2			1.0
3589.1			1.0
3590.0			1.0
3590.9			1.0
3591.8			1.0
3592.7			1.0
3593.6			1.0
3594.5			1.0
3595.4			1.0
3596.3			1.0
3597.2			1.0
3598.1			1.0
3599.0			1.0
3599.9			1.0
3600.8			1.0
3601.7			1.0
3602.6			1.0
3603.5			1.0
3604.4			1.0
3605.3			1.0
3606.2			1.0
3607.1			1.0
3608.0			1.0
3608.9			1.0
3609.8			1.0
3610.7			1.0
3611.6			1.0
3612.5			1.0
3613.4			1.0
3614.3			1.0
3615.2			1.0
3616.1			1.0
3617.0			1.0
3617.9			1.0
3618.8			1.0
3619.7			1.0
3620.6			1.0
3621.5			1.0
3622.4			1.0
3623.3			1.0
3624.2			1.0
3625.1			1.0
3626.0			1.0
3626.9			1.0
3627.8			1.0
3628.7			1.0
3629.6			1.0
3630.5			1.0
3631.4			1.0
3632.3			1.0
3633.2			1.0
3634.1			1.0
3635.0			1.0
3635.9			1.0
3636.8			1.0
3637.7			1.0
3638.6			1.0
3639.5			1.0
3640.4			1.0
3641.3			1.0
3642.2			1.0
3643.1			1.0
3644.0			1.0
3644.9			1.0
3645.8			1.0
3646.7			1.0
3647.6			1.0
3648.5			1.0
3649.4			1.0
3650.3			1.0
3651.2			1.0
3652.1			1.0
3653.0			1.0
3653.9			1.0
3654.8			1.0
3655.7			1.0
3656.6			1.0
3657.5			1.0
3658.4			1.0
3659.3			1.0
3660.2			1.0
3661.1			1.0
3662.0			1.0
3662.9			1.0
3663.8			1.0
3664.7			1.0
3665.6			1.0
3666.5			1.0
3667.4			1.0
3668.3			1.0
3669.2			1.0
3670.1			1.0
3671.0			1.0
3671.9			1.0
3672.8			1.0
3673.7			1.0
3674.6			1.0
3675.5			1.0
3676.4			1.0
3677.3			1.0
3678.2			1.0
3679.1			1.0
3680.0			1.0
3680.9			1.0
3681.8			1.0
3682.7			1.0
3683.6			1.0
3684.5			1.0
3685.4			1.0
3686.3			1.0
3687.2			1.0
3688.1			1.0
3689.0			1.0
3689.9			1.0
3690.8			1.0
3691.7			1.0
3692.6			1.0
3693.5			1.0
3694.4			1.0
3695.3			1.0
3696.2			1.0
3697.1			1.0
3698.0			1.0
3698.9			1.0
3699.8			1.0
3700.7			1.0
3701.6			1.0
3702.5			1.0
3703.4			1.0
3704.3			1.0
3705.2			1.0
3706.1			1.0
3707.0			1.0
3707.9			1.0
3708.8			1.0
3709.7			1.0
3710.6			1.0
3711.5			1.0
3712.4			1.0
3713.3			1.0
3714.2			1.0
3715.1			1.0
3716.0			1.0
3716.9			1.0
3717.8			1.0
3718.7			1.0
3719.6			1.0
3720.5			1.0
3721.4			1.0
3722.3			1.0
3723.2			1.0
3724.1			1.0
3725.0			1.0
3725.9			1.0
3726.8			1.0
3727.7			1.0
3728.6			1.0
3729.5			1.0
3730.4			1.0
3731.3			1.0
3732.2			1.0
3733.1			1.0
3734.0			1.0
3734.9			1.0
3735.8			1.0
3736.7			1.0
3737.6			1.0
3738.5			1.0
3739.4			1.0
3740.3			1.0
3741.2			1.0
3742.1			1.0
3743.0			1.0
3743.9			1.0
3744.8			1.0
3745.7			1.0
3746.6			1.0
3747.5			1.0
3748.4			1.0
3749.3			1.0
3750.2			1.0
3751.1			1.0
3752.0			1.0
3752.9			1.0
3753.8			1.0
3754.7			1.0
3755.6			1.0
3756.5			1.0
3757.4			1.0
3758.3			1.0
3759.2			1.0
3760.1			1.0
3761.0			1.0
3761.9			1.0
3762.8			1.0
3763.7			1.0
3764.6			1.0
3765.5			1.0
3766.4			1.0
3767.3			1.0
3768.2			1.0
3769.1			1.0
3770.0			1.0
3770.9			1.0
3771.8			1.0
3772.7			1.0
3773.6			1.0
3774.5			1.0
3775.4			1.0
3776.3			1.0
3777.2			1.0
3778.1			1.0
3779.0			1.0
3779.9			1.0
3780.8			1.0
3781.7			1.0
3782.6			1.0
3783.5			1.0
3784.4			1.0
3785.3			1.0
3786.2			1.0
3787.1			1.0
3788.0			1.0
3788.9			1.0
3789.8			1.0
3790.7			1.0
3791.6			1.0
3792.5			1.0
3793.4			1.0
3794.3			1.0
3795.2			1.0
3796.1			1.0
3797.0			1.0
3797.9			1.0
3798.8			1.0
3799.7			1.0
3800.6			1.0
3801.5			1.0
3802.4			1.0
3803.3			1.0
3804.2			1.0
3805.1			1.0
3806.0			1.0
3806.9			1.0
3807.8			1.0
3808.7			1.0
3809.6			1.0
3810.5			1.0
3811.4			1.0
3812.3			1.0
3813.2			1.0
3814.1			1.0
3815.0			1.0
3815.9			1.0
3816.8			1.0
3817.7			1.0
3818.6			1.0
3819.5			1.0
3820.4			1.0
3821.3			1.0
3822.2			1.0
3823.1			1.0
3824.0			1.0
3824.9			1.0
3825.8			1.0
3826.7			1.0
3827.6			1.0
3828.5			1.0
3829.4			1.0
3830.3			1.0
3831.2			1.0
3832.1			1.0
3833.0			1.0
3833.9			1.0
3834.8			1.0
3835.7			1.0
3836.6			1.0
3837.5			1.0
3838.4			1.0
3839.3			1.0
3840.2			1.0
3841.1			1.0
3842.0			1.0
3842.9			1.0
3843.8			1.0
3844.7			1.0
3845.6			1.0
3846.5			1.0
3847.4			1.0
3848.3			1.0
3849.2			1.0
3850.1			1.0
3851.0			1.0
3851.9			1.0
3852.8			1.0
3853.7			1.0
3854.6			1.0
3855.5			1.0
3856.4			1.0
3857.3			1.0
3858.2			1.0
3859.1			1.0
3860.0			1.0
3860.9			1.0
3861.8			1.0
3862.7			1.0
3863.6			1.0
3864.5			1.0
3865.4			1.0
3866.3			1.0
3867.2			1.0
3868.1			1.0
3869.0			1.0
3869.9			1.0
3870.8			1.0
3871.7			1.0
3872.6			1.0
3873.5			1.0
3874.4			1.0
3875.3			1.0
3876.2			1.0
3877.1			1.0
3878.0			1.0
3878.9			1.0
3879.8			1.0
3880.7			1.0
3881.6			1.0
3882.5			1.0
3883.4			1.0
3884.3			1.0
3885.2			1.0
3886.1			1.0
3887.0			1.0
3887.9			1.0
3888.8			1.0
3889.7			1.0
3890.6			1.0
3891.5			1.0
3892.4			1.0
3893.3			1.0
3894.2			1.0
3895.1			1.0
3896.0			1.0
3896.9			1.0
3897.8			1.0
3898.7			1.0
3899.6			1.0
3900.5			1.0
3901.4			1.0
3902.3			1.0
3903.2			1.0
3904.1			1.0
3905.0			1.0
3905.9			1.0
3906.8			1.0
3907.7			1.0
3908.6			1.0
3909.5			1.0
3910.4			1.0
3911.3			1.0
3912.2			1.0
3913.1			1.0
3914.0			1.0
3914.9			1.0
3915.8			1.0
3916.7			1.0
3917.6			1.0
3918.5			1.0
3919.4			1.0
3920.3			1.0
3921.2			1.0
3922.1			1.0
3923.0			1.0
3923.9			1.0
3924.8			1.0
3925.7			1.0
3926.6			1.0
3927.5			1.0
3928.4			1.0
3929.3			1.0
3930.2			1.0
3931.1			1.0
3932.0			1.0
3932.9			1.0
3933.8			1.0
3934.7			1.0
3935.6			1.0
3936.5			1.0
3937.4			1.0
3938.3			1.0
3939.2			1.0
3940.1			1.0
3941.0			1.0
3941.9			1.0
3942.8			1.0
3943.7			1.0
3944.6			1.0
3945.5			1.0
3946.4			1.0
3947.3			1.0
3948.2			1.0
3949.1			1.0
3950.0			1.0
3950.9			1.0
3951.8			1.0
3952.7			1.0
3953.6			1.0
3954.5			1.0
3955.4			1.0
3956.3			1.0
3957.2			1.0
3958.1			1.0
3959.0			1.0
3959.9			1.0
3960.8			1.0
3961.7			1.0
3962.6			1.0
3963.5			1.0
3964.4			1.0
3965.3			1.0
3966.2			1.0
3967.1			1.0
3968.0			1.0
3968.9			1.0
3969.8			1.0
3970.7			1.0
3971.6			1.0
3972.5			1.0
3973.4			1.0
3974.3			1.0
3975.2			1.0
3976.1			1.0
3977.0			1.0
3977.9			1.0
3978.8			1.0
3979.7			1.0
3980.6			1.0
3981.5			1.0
3982.4			1.0
3983.3			1.0
3984.2			1.0
3985.1			1.0
3986.0			1.0
3986.9			1.0
3987.8			1.0
3988.7			1.0
3989.6			1.0
3990.5			1.0
3991.4			1.0
3992.3			1.0
3993.2			1.0
3994.1			1.0
3995.0			1.0
3995.9			1.0
3996.8			1.0
3997.7			1.0
3998.6			1.0
3999.5			1.0
4000.4			1.0
4001.3			1.0
4002.2			1.0212028728090536
4003.1			1.0446356476359497
4004.0			0.9869052590780818
4004.9			0.866641655633983
4005.8			0.8106482800724735
4006.7			0.8656758201165604
4007.6			0.9531894548184339
4008.5			0.999313463151361
4009.4			0.9989069190279156
4010.3			1.0
4011.2			1.0
4012.1			1.0
4013.0			1.0
4013.9			1.0
4014.8			1.0
4015.7			1.0
4016.6			1.0
4017.5			1.0
4018.4			1.0
4019.3			1.0
4020.2			1.0
4021.1			1.0
4022.0			1.0
4022.9			1.0
4023.8			1.0
4024.7			1.0
4025.6			1.0114969999434458
4026.5			1.0461602031290391
4027.4			1.060887710752019
4028.3			1.0496457690797376
4029.2			1.0014694039381435
4030.1			0.9185650926418214
4031.0			0.8578541285033191
4031.9			0.8396157216164082
4032.8			0.8342984611373857
4033.7			0.8413100570071197
4034.6			0.8630907267501676
4035.5			0.8955169532328068
4036.4			0.9444654232986213
4037.3			0.989630857213875
4038.2			1.001019338547611
4039.1			1.0
4040.0			1.0
4040.9			1.0
4041.8			1.0267797954647928
4042.7			1.047507039779396
4043.6			0.9778331793151592
4044.5			0.8242310398025388
4045.4			0.7023000566215981
4046.3			0.7404479291040014
4047.2			0.8917743118798696
4048.1			0.9884287426703245
4049.0			1.000607358469007
4049.9			1.0
4050.8			1.0
4051.7			1.0
4052.6			1.0
4053.5			1.0
4054.4			1.0
4055.3			1.0
4056.2			1.0
4057.1			1.0
4058.0			0.9631303115401193
4058.9			0.988903097021489
4059.8			1.0545570542991551
4060.7			1.0915396495882361
4061.6			1.0416064214679237
4062.5			0.9126021688198573
4063.4			0.8081894126811715
4064.3			0.8311866603753225
4065.2			0.9135564741544953
4066.1			0.929726854008713
4067.0			0.9149479217382702
4067.9			0.950359871777191
4068.8			1.0052932687095701
4069.7			1.0
4070.6			1.0
4071.5			1.0
4072.4			1.0
4073.3			1.0884087662251865
4074.2			1.1071244509306275
4075.1			1.0480657449794852
4076.0			0.9595718076542203
4076.9			0.8750834988336756
4077.8			0.8498970014757387
4078.7			0.8924189694939247
4079.6			0.9597875287796761
4080.5			1.018021024086164
4081.4			1.0341113767364705
4082.3			0.9969843735536631
4083.2			1.0
4084.1			1.0
4085.0			1.0
4085.9			1.0
4086.8			1.0
4087.7			1.0
4088.6			1.0
4089.5			1.0
4090.4			1.0
4091.3			1.0
4092.2			0.9733821413379474
4093.1			0.9794752521401322
4094.0			0.9921409376668614
4094.9			0.9563842787406936
4095.8			0.9095503319951099
4096.7			0.8979794341484405
4097.6			0.898558978334527
4098.5			0.8850321525301327
4099.4			0.8398317714858365
4100.3			0.7427725169076985
4101.2			0.6357016921776601
4102.1			0.6171744423090807
4103.0			0.7064990536314115
4103.9			0.8171824640685112
4104.8			0.8918613577010006
4105.7			0.9394212212022489
4106.6			0.9632487455378174
4107.5			0.9654791466121637
4108.4			0.9614881922702229
4109.3			0.957627846570659
4110.2			0.9584679706801249
4111.1			0.9728381020777802
4112.0			0.9990718931077806
4112.9			1.0
4113.8			1.0
4114.7			1.0
4115.6			1.0
4116.5			1.0
4117.4			1.0
4118.3			1.0
4119.2			1.0
4120.1			1.0
4121.0			1.0
4121.9			1.0
4122.8			1.0
4123.7			1.0167971267409657
4124.6			1.041321331030927
4125.5			1.0375051050563182
4126.4			1.0060830352135042
4127.3			0.9750483362972282
4128.2			0.9627682580139592
4129.1			0.9755440787641096
4130.0			0.9926047692734331
4130.9			0.9709222112580623
4131.8			0.9131016722020089
4132.7			0.8811763832170902
4133.6			0.8935712480792931
4134.5			0.9347348348178455
4135.4			0.996531297720542
4136.3			1.0321427353895714
4137.2			1.0346823642540985
4138.1			1.0497737647346177
4139.0			1.0
4139.9			1.010269736352519
4140.8			0.9983724639363445
4141.7			0.9475624506123822
4142.6			0.8628570439184486
4143.5			0.8164573046357991
4144.4			0.8636910002421978
4145.3			0.9451234681370597
4146.2			0.9874843134979169
4147.1			0.9988039612302522
4148.0			1.0
4148.9			0.9723495649251178
4149.8			0.9545797005194302
4150.7			0.9746596077766138
4151.6			0.9884891093728405
4152.5			0.9694356070073479
4153.4			0.9288553015214611
4154.3			0.898934845525334
4155.2			0.9082645167595732
4156.1			0.9227118189613148
4157.0			0.9325599667120962
4157.9			0.95732628777386
4158.8			0.984032317636541
4159.7			0.9997781614232687
4160.6			1.0
4161.5			1.0
4162.4			1.0
4163.3			1.0
4164.2			0.9936780284924764
4165.1			0.9945385457619325
4166.0			0.9839279357793492
4166.9			0.9448966829416918
4167.8			0.9285189904210709
4168.7			0.9656098410607727
4169.6			0.9992662740413504
4170.5			0.9736593452538187
4171.4			0.9004687817392689
4172.3			0.8421477297059943
4173.2			0.8455118487388004
4174.1			0.8945352695551096
4175.0			0.9442057217061188
4175.9			0.9700142912650221
4176.8			0.9682939549691096
4177.7			0.9626883967053561
4178.6			0.9891002210995443
4179.5			1.0383190663490491
4180.4			1.0620148930820406
4181.3			1.0306653328818136
4182.2			0.9950121910061402
4183.1			1.0
4184.0			1.0
4184.9			1.0246939598556093
4185.8			1.0
4186.7			0.9337645691661783
4187.6			0.8946330118832448
4188.5			0.9369617617559479
4189.4			0.9994866239840061
4190.3			1.0129977132362185
4191.2			0.9939825880877903
4192.1			1.0159416485849915
4193.0			1.0758525523534037
4193.9			1.0799793299201605
4194.8			1.013946155544616
4195.7			0.9621304768609239
4196.6			0.9529731787001086
4197.5			0.9257792620458777
4198.4			0.8814846961791417
4199.3			0.8874015563982308
4200.2			0.9186249744084258
4201.1			0.9121617807681344
4202.0			0.8991651896351229
4202.9			0.925730678861567
4203.8			0.9625308711022134
4204.7			0.9772451351108509
4205.6			0.9870810173627489
4206.5			1.0057741071877002
4207.4			1.026535894928243
4208.3			1.033984117638576
4209.2			1.0157354172816009
4210.1			0.99969619020902
4211.0			1.0
4211.9			1.0314372202520372
4212.8			1.0445000188242801
4213.7			1.0274907332259853
4214.6			0.9739415739994134
4215.5			0.9087733579358199
4216.4			0.8935255555061463
4217.3			0.9240281960427223
4218.2			0.9468969629243463
4219.1			0.9619895097150067
4220.0			0.9853529808197077
4220.9			1.0
4221.8			0.9871638168919609
4222.7			0.9513268828157054
4223.6			0.9046999047167917
4224.5			0.8362031698568138
4225.4			0.7296063280957291
4226.3			0.6298451536778665
4227.2			1.0
4228.1			1.205291674368721
4229.0			1.3669567398550246
4229.9			1.397553988264407
4230.8			1.3796775942912247
4231.7			1.3322060530093356
4232.6			1.2507627380531658
4233.5			1.198980256848999
4234.4			1.179486243897704
4235.3			1.116420785580399
4236.2			1.0415431207251704
4237.1			1.0303166414305396
4238.0			1.0412271349509448
4238.9			1.021450867644775
4239.8			1.01028924748464
4240.7			1.0376175682787745
4241.6			1.0412228277581714
4242.5			0.9952281119557763
4243.4			0.979231576808952
4244.3			1.0
4245.2			1.0222336038054345
4246.1			0.9882156362245971
4247.0			0.9387798393951496
4247.9			0.9140779540455529
4248.8			0.9064166609310019
4249.7			0.8964272383915298
4250.6			0.9270615086429324
4251.5			1.017945830709373
4252.4			1.0808820119547038
4253.3			1.0537474446958388
4254.2			0.9930455841648962
4255.1			1.0
4256.0			1.0
4256.9			1.0490476451284496
4257.8			1.0189740777782408
4258.7			0.930954988149363
4259.6			0.8458898952310477
4260.5			0.8068988743291257
4261.4			0.8545152346646941
4262.3			0.9488417689664299
4263.2			1.0
4264.1			1.005211717221948
4265.0			1.0018748373746174
4265.9			1.0040909917094245
4266.8			0.9801103193985696
4267.7			0.9483822920740901
4268.6			0.937362596523745
4269.5			0.9117273215202665
4270.4			0.8319998446582497
4271.3			0.7526768060044793
4272.2			0.7671252059821517
4273.1			0.8260004818554861
4274.0			0.8334070828777624
4274.9			0.840756816531831
4275.8			0.9079730229449794
4276.7			1.0
4277.6			1.0379156120447797
4278.5			1.021797279324304
4279.4			0.956507814274728
4280.3			0.9106697480364343
4281.2			0.9337697303726629
4282.1			0.9725191193080762
4283.0			0.9981161024240968
4283.9			1.005422911986629
4284.8			0.9605668415111868
4285.7			0.9079537790055893
4286.6			0.9126474723685346
4287.5			0.9433274123922067
4288.4			0.9231739594679872
4289.3			0.8562819400690179
4290.2			0.8318593270906137
4291.1			0.8868177810717955
4292.0			0.9718145589592498
4292.9			1.0207100958680166
4293.8			1.0077240551981754
4294.7			0.9784858183665037
4295.6			0.9673660152154581
4296.5			0.937450027108613
4297.4			0.877952718626274
4298.3			0.8033357859886229
4299.2			0.7232152006849409
4300.1			0.6967407423991663
4301.0			0.7389515621444323
4301.9			0.7716570064836147
4302.8			0.7746387830059389
4303.7			0.798311235833295
4304.6			0.8318520831888242
4305.5			0.8432029560856841
4306.4			0.8251030758597196
4307.3			0.762216852247161
4308.2			0.704417753619041
4309.1			0.7183282091801809
4310.0			0.7698524652848138
4310.9			0.8132970018191881
4311.8			0.8609087247109721
4312.7			0.9301149989727052
4313.6			1.0048575859689697
4314.5			1.085082860937339
4315.4			1.206023761813458
4316.3			1.3317780568093351
4317.2			1.385038558132274
4318.1			1.376240898261797
4319.0			1.3616415711173708
4319.9			1.0
4320.8			0.9787522023006192
4321.7			0.9513290391758703
4322.6			0.887456033032511
4323.5			0.7845837335488315
4324.4			0.7058116048582799
4325.3			0.6899769089862848
4326.2			0.7514860035813158
4327.1			0.8711267211914058
4328.0			0.9731450136219308
4328.9			1.0114363332162999
4329.8			0.9994247733764835
4330.7			1.0
4331.6			1.0066359518847563
4332.5			1.0175271002576363
4333.4			1.0138702463961686
4334.3			1.0102550136487658
4335.2			1.001575242845227
4336.1			0.9534626304886428
4337.0			0.8619535657268218
4337.9			0.7703566447728024
4338.8			0.6917859060492048
4339.7			0.6129484472523112
4340.6			0.5940829380927808
4341.5			0.6813453746351184
4342.4			0.7883426204424386
4343.3			0.8384124606663952
4344.2			0.872063490024403
4345.1			0.9199859209438479
4346.0			0.9484850124129286
4346.9			1.0
4347.8			1.010733999377769
4348.7			1.0430854345960154
4349.6			1.043175616784787
4350.5			0.9608213262795111
4351.4			0.8522006575530652
4352.3			0.8298708648638019
4353.2			0.8963652892825152
4354.1			0.9509793073970946
4355.0			0.9607099383718288
4355.9			0.973037905165073
4356.8			0.9985498393437551
4357.7			1.0
4358.6			1.0
4359.5			1.0
4360.4			1.0
4361.3			1.0
4362.2			1.0
4363.1			1.0
4364.0			1.0
4364.9			1.0
4365.8			1.0
4366.7			1.0
4367.6			1.0
4368.5			1.0
4369.4			1.0
4370.3			1.0
4371.2			0.9981027655347288
4372.1			0.9987127522191019
4373.0			1.0
4373.9			0.9439430904553241
4374.8			0.9076999423546059
4375.7			0.9322328715600584
4376.6			0.9945086486951116
4377.5			1.0441221466132766
4378.4			1.0582686263688224
4379.3			1.045298586659186
4380.2			1.0363618231848089
4381.1			1.0258824072576114
4382.0			0.9451673717677266
4382.9			0.791009164109774
4383.8			0.6983590276449181
4384.7			0.7568680128883738
4385.6			0.8896866560707933
4386.5			0.9776079595684408
4387.4			0.9880184490061212
4388.3			0.973301102758923
4389.2			0.9660214576135899
4390.1			0.9601322927002636
4391.0			0.9721941580761589
4391.9			1.005577767437617
4392.8			1.0233815457521527
4393.7			1.0001721050804653
4394.6			1.0
4395.5			1.0
4396.4			1.0
4397.3			1.0
4398.2			0.9944454931098452
4399.1			0.9461522232188212
4400.0			0.8901130632929504
4400.9			0.8773920733865029
4401.8			0.924729455608845
4402.7			0.9525667905925362
4403.6			0.8888005184607848
4404.5			0.814733677386944
4405.4			0.8388598344475128
4406.3			0.9112206535593501
4407.2			0.924136156067576
4408.1			0.8999986879309624
4409.0			0.9146662063320141
4409.9			1.0
4410.8			1.0322619483034368
4411.7			1.051711431380524
4412.6			1.0538171572305035
4413.5			1.0063458902421898
4414.4			0.9125150517678956
4415.3			0.8557419185110654
4416.2			0.8777540687525489
4417.1			0.9112190727422994
4418.0			0.9320687485666808
4418.9			0.9694614209007871
4419.8			0.9964576504390044
4420.7			1.0
4421.6			1.0
4422.5			1.0
4423.4			1.0
4424.3			1.0
4425.2			1.0
4426.1			1.0
4427.0			1.0
4427.9			1.0262035725355008
4428.8			1.04183418419282
4429.7			1.016645580534412
4430.6			0.9931305308763079
4431.5			1.0077236938940102
4432.4			1.0224841018505686
4433.3			0.9992224629614798
4434.2			0.9517836716014865
4435.1			1.0
4436.0			1.0281840309045875
4436.9			1.1027848073909174
4437.8			1.1592764881594966
4438.7			1.172361350529895
4439.6			1.1527246789553294
4440.5			1.110992382059295
4441.4			1.057114952177852
4442.3			1.0086223444346853
4443.2			0.9939677222368574
4444.1			1.0298063143969536
4445.0			1.0855905390847005
4445.9			1.1032480130984619
4446.8			1.0750877544690793
4447.7			1.0546048824159369
4448.6			1.063073793991171
4449.5			1.0594823990905846
4450.4			1.0387960099031608
4451.3			1.0383856609635023
4452.2			1.0477444874320787
4453.1			1.0183842734203288
4454.0			0.9482121866329851
4454.9			0.8926665616805723
4455.8			0.8941687318068405
4456.7			0.9253540269686437
4457.6			0.9348076652419787
4458.5			0.9232698823313057
4459.4			0.9226231233054322
4460.3			0.9246866410558661
4461.2			0.9102298783072548
4462.1			0.911434713673484
4463.0			0.947491618449113
4463.9			0.9721450209277178
4464.8			0.9683640563489812
4465.7			0.9629270334970289
4466.6			0.9623331572045137
4467.5			0.9551648114441901
4468.4			0.9293445752192722
4469.3			0.9019448595610504
4470.2			0.9102732293989464
4471.1			0.9450852221310134
4472.0			0.9724452590977871
4472.9			0.9876764639112575
4473.8			0.9965734900057293
4474.7			1.0
4475.6			1.0
4476.5			1.0004454568626573
4477.4			1.0200232669571543
4478.3			1.0171305845537002
4479.2			0.9727462440707144
4480.1			0.9099309508755897
4481.0			0.8664138983388026
4481.9			0.8669506853855078
4482.8			0.9075251810400612
4483.7			0.9562191989145409
4484.6			1.0
4485.5			1.0204615602497074
4486.4			1.0278862646504527
4487.3			1.012525460803835
4488.2			0.9734857602769453
4489.1			0.9425145640179522
4490.0			0.9463362887430119
4490.9			0.983133790844412
4491.8			1.028092278809798
4492.7			1.0464800400776721
4493.6			1.0270726396061531
4494.5			1.0036311042841117
4495.4			1.0
4496.3			1.0
4497.2			1.0
4498.1			1.0
4499.0			1.0
4499.9			1.0
4500.8			1.0
4501.7			1.0
4502.6			1.0
4503.5			1.0
4504.4			1.0
4505.3			1.0
4506.2			1.0
4507.1			1.0
4508.0			1.0
4508.9			1.0
4509.8			1.0
4510.7			1.0
4511.6			1.0
4512.5			1.0
4513.4			1.0
4514.3			1.0
4515.2			1.0
4516.1			1.0
4517.0			1.0
4517.9			1.0
4518.8			1.0
4519.7			1.0
4520.6			1.0136979237493287
4521.5			1.0105298687757294
4522.4			0.9913523382755667
4523.3			0.9869397974697194
4524.2			0.9920858237085395
4525.1			0.9732284682528742
4526.0			0.9442064143228401
4526.9			0.9272476621719619
4527.8			0.9148568209419982
4528.7			0.9100016639514387
4529.6			0.923963681927259
4530.5			0.9475746694214119
4531.4			0.9713597232624128
4532.3			0.981827573010705
4533.2			0.9603214603321777
4534.1			0.9290959736536841
4535.0			1.0
4535.9			1.0368289057851863
4536.8			1.109833750696606
4537.7			1.1599346210071282
4538.6			1.1545802466956847
4539.5			1.1214767259254945
4540.4			1.0942421977619485
4541.3			1.0887483251189896
4542.2			1.1017520198554636
4543.1			1.1051809160204262
4544.0			1.075781737001752
4544.9			1.0420818015606148
4545.8			1.0344580681476212
4546.7			1.038985070345897
4547.6			1.024775073550084
4548.5			0.9796268143052881
4549.4			0.947450839639588
4550.3			0.9694952864530894
4551.2			1.0065607910756411
4552.1			1.0115044070492034
4553.0			0.9945569351879131
4553.9			0.9747568906248275
4554.8			0.9588511731284072
4555.7			0.9625525239918579
4556.6			0.991120392581796
4557.5			1.017244930288591
4558.4			1.0214162983851518
4559.3			1.0206758248426808
4560.2			1.0257467315774003
4561.1			1.0319258678891952
4562.0			1.0268627950547589
4562.9			0.9960663900751962
4563.8			1.0
4564.7			1.0
4565.6			1.0
4566.5			1.0
4567.4			1.0
4568.3			1.0
4569.2			1.0
4570.1			1.0
4571.0			1.0
4571.9			1.0
4572.8			1.0
4573.7			1.0
4574.6			1.0
4575.5			1.0
4576.4			1.0
4577.3			1.0
4578.2			1.0
4579.1			1.0
4580.0			1.0
4580.9			1.0
4581.8			1.0
4582.7			1.0
4583.6			1.0
4584.5			1.0
4585.4			1.0
4586.3			1.0
4587.2			1.0
4588.1			1.0
4589.0			1.0
4589.9			1.0
4590.8			1.0
4591.7			1.0
4592.6			1.0
4593.5			1.0
4594.4			1.0
4595.3			1.0
4596.2			1.0
4597.1			1.0
4598.0			1.0
4598.9			1.0
4599.8			1.0
4600.7			1.0
4601.6			1.0
4602.5			1.0
4603.4			1.0
4604.3			1.0
4605.2			1.0
4606.1			1.0
4607.0			1.0
4607.9			1.0
4608.8			1.0
4609.7			1.0
4610.6			1.0
4611.5			1.0
4612.4			1.0
4613.3			1.0
4614.2			1.0
4615.1			1.0
4616.0			1.0
4616.9			1.0
4617.8			1.0
4618.7			1.0
4619.6			1.0
4620.5			1.0
4621.4			1.0
4622.3			1.0
4623.2			1.0
4624.1			1.0
4625.0			1.0
4625.9			1.0
4626.8			1.0
4627.7			1.0
4628.6			1.0
4629.5			1.0
4630.4			1.0
4631.3			1.0
4632.2			1.0
4633.1			1.0
4634.0			0.9982868788828894
4634.9			1.00445500808149
4635.8			1.0008149336020784
4636.7			0.9849014552333953
4637.6			0.9685224289615608
4638.5			0.9671341566444718
4639.4			0.9748468672624561
4640.3			0.9847098119494944
4641.2			1.0026991006291828
4642.1			1.0109289646312214
4643.0			1.0007255218272877
4643.9			0.9912388711231072
4644.8			0.9796232018267609
4645.7			0.9520398160754281
4646.6			0.9212754964211983
4647.5			0.9137940323336587
4648.4			0.9296250947320726
4649.3			0.9531027961811152
4650.2			0.9737655840510856
4651.1			0.9810437804157593
4652.0			0.983796546798872
4652.9			0.9823174363657687
4653.8			0.9617189085524201
4654.7			1.0
4655.6			0.9966451724347841
4656.5			1.0092123036561305
4657.4			1.033279867879124
4658.3			1.067512677065406
4659.2			1.0908373592524434
4660.1			1.0914116562339344
4661.0			1.07448011836686
4661.9			1.0501757243496757
4662.8			1.0314564534025747
4663.7			1.0278844715490085
4664.6			1.0298932398507104
4665.5			1.0071070802484126
4666.4			0.9483994600999164
4667.3			0.9007618425706156
4668.2			0.9106807690100924
4669.1			0.9602714362136061
4670.0			1.007293321325481
4670.9			1.0365549649686352
4671.8			1.039454639553919
4672.7			1.025490910056724
4673.6			1.0244123465105692
4674.5			1.0423554409946985
4675.4			1.0642572126945096
4676.3			1.074016940402081
4677.2			1.0598840403612884
4678.1			1.0264900209454841
4679.0			1.0000292086708256
4679.9			1.0
4680.8			1.0
4681.7			1.0
4682.6			1.0
4683.5			1.0
4684.4			1.0
4685.3			1.0
4686.2			1.0
4687.1			1.0
4688.0			1.0
4688.9			1.0
4689.8			1.0
4690.7			0.9899758180631562
4691.6			0.9892325570783588
4692.5			1.0047136558489222
4693.4			1.020105413673082
4694.3			1.0286527746214023
4695.2			1.0356805343218574
4696.1			1.0340364843331917
4697.0			1.0189318436373493
4697.9			0.992030397983496
4698.8			0.9690026313724683
4699.7			0.9671627508735279
4700.6			0.9705084842898511
4701.5			0.9497644792140453
4702.4			0.9170170444056305
4703.3			0.9110042733131726
4704.2			0.9460530963275087
4705.1			0.9860553048493486
4706.0			0.9901556648242587
4706.9			0.9659676148459351
4707.8			0.943323574170842
4708.7			0.9361905282259873
4709.6			0.9498554216025914
4710.5			0.9804855535606696
4711.4			1.0096015672270269
4712.3			1.0164046603044028
4713.2			0.9962299163921825
4714.1			0.9720921460126735
4715.0			0.9730126980550282
4715.9			0.999914485168827
4716.8			1.0
4717.7			1.0
4718.6			1.0
4719.5			1.0
4720.4			1.0
4721.3			1.0
4722.2			1.0
4723.1			1.0
4724.0			1.0
4724.9			1.0
4725.8			1.0
4726.7			1.0
4727.6			1.0
4728.5			1.0
4729.4			1.0
4730.3			1.0
4731.2			1.0
4732.1			1.0
4733.0			1.0
4733.9			1.0
4734.8			1.0
4735.7			1.0
4736.6			1.0
4737.5			1.0
4738.4			1.0
4739.3			1.0
4740.2			1.0
4741.1			1.0
4742.0			1.0
4742.9			1.0
4743.8			1.0
4744.7			1.0
4745.6			1.0
4746.5			1.0
4747.4			1.0
4748.3			1.0
4749.2			1.0
4750.1			1.0
4751.0			1.0
4751.9			1.0
4752.8			1.0
4753.7			1.0
4754.6			1.0
4755.5			1.0
4756.4			0.99570340868265
4757.3			1.0046004025276438
4758.2			1.0227842826612814
4759.1			1.0392233662826271
4760.0			1.0391684904698126
4760.9			1.0159719698233902
4761.8			0.9796002992674792
4762.7			0.9572533617705168
4763.6			0.9550872857459844
4764.5			0.9519712257567117
4765.4			0.9433256596685078
4766.3			0.9443670970316492
4767.2			0.9615779651139028
4768.1			0.9821111902421629
4769.0			0.9970810796489677
4769.9			1.0035149752782855
4770.8			0.9901655803263484
4771.7			0.9692338263775144
4772.6			0.9670672132854342
4773.5			0.9819848441002299
4774.4			0.999157178138126
4775.3			1.0
4776.2			1.0
4777.1			1.0
4778.0			1.0
4778.9			1.0
4779.8			1.0
4780.7			1.0
4781.6			1.0
4782.5			1.0
4783.4			1.0
4784.3			1.0
4785.2			1.0
4786.1			1.0
4787.0			1.0
4787.9			1.0
4788.8			1.0
4789.7			1.0
4790.6			1.0
4791.5			1.0
4792.4			1.0
4793.3			1.0
4794.2			1.0
4795.1			1.0
4796.0			1.0
4796.9			1.0
4797.8			1.0
4798.7			1.0
4799.6			1.0
4800.5			1.0
4801.4			1.0
4802.3			1.0
4803.2			1.0
4804.1			1.0
4805.0			1.0
4805.9			1.0
4806.8			1.0
4807.7			1.0
4808.6			1.0
4809.5			1.0
4810.4			1.0
4811.3			1.0
4812.2			1.0
4813.1			1.0
4814.0			1.0
4814.9			1.0
4815.8			1.0
4816.7			1.0
4817.6			1.0
4818.5			1.0
4819.4			1.0
4820.3			1.0
4821.2			1.0
4822.1			1.0
4823.0			1.0
4823.9			1.0
4824.8			1.0
4825.7			1.0
4826.6			1.0
4827.5			1.0
4828.4			1.0
4829.3			1.0
4830.2			1.0
4831.1			1.0
4832.0			1.0
4832.9			1.0
4833.8			1.0
4834.7			1.0
4835.6			1.0
4836.5			1.0
4837.4			1.0
4838.3			1.0
4839.2			1.0
4840.1			1.0
4841.0			1.0
4841.9			1.0
4842.8			1.0
4843.7			1.0
4844.6			1.0
4845.5			1.0
4846.4			1.0
4847.3			1.0
4848.2			1.0
4849.1			1.0
4850.0			1.0
4850.9			1.0123226097986926
4851.8			1.0090363904458146
4852.7			1.0061384066725303
4853.6			0.9950925768955952
4854.5			0.9587046346429673
4855.4			0.9207564631675119
4856.3			0.9190997750841263
4857.2			0.9361376793871127
4858.1			0.9247517473563176
4859.0			0.8615156866194498
4859.9			0.7489430013385316
4860.8			0.6362016704202974
4861.7			0.6273529637206389
4862.6			0.7424689984191511
4863.5			0.862434273802787
4864.4			0.9279917814088674
4865.3			0.9697978179034356
4866.2			1.0037000261935407
4867.1			1.0302186081337854
4868.0			1.0
4868.9			1.0083538973499409
4869.8			0.9873125768916889
4870.7			0.9297508407647412
4871.6			0.8932893490803261
4872.5			0.9230260408799403
4873.4			0.9752922594649378
4874.3			1.000275149232838
4875.2			1.0
4876.1			1.0
4877.0			1.0
4877.9			1.0
4878.8			1.0
4879.7			1.0
4880.6			1.0
4881.5			1.0
4882.4			1.0
4883.3			1.0109985455860644
4884.2			0.9974116336596934
4885.1			0.9688159415651145
4886.0			0.9530937648722783
4886.9			0.9550821098751116
4887.8			0.9615809614751125
4888.7			0.9575796747157307
4889.6			0.9337098437150348
4890.5			0.8915670920613014
4891.4			0.8778496705964536
4892.3			0.9301437843903868
4893.2			0.9994155294617673
4894.1			1.036382095673497
4895.0			1.0457787101759977
4895.9			1.0432129571428308
4896.8			1.0356597683499642
4897.7			1.0318304590118357
4898.6			1.0217444882407072
4899.5			0.9984702304526345
4900.4			1.0
4901.3			1.0
4902.2			1.0
4903.1			1.0
4904.0			1.0
4904.9			1.0193951205268248
4905.8			1.0424792435629893
4906.7			1.0372327058110307
4907.6			1.0153859022055496
4908.5			0.9885931446305185
4909.4			0.9521736454040464
4910.3			0.9218804765069881
4911.2			1.0
4912.1			1.0285215633855986
4913.0			1.049868394145152
4913.9			1.0618715355573118
4914.8			1.0764333681655764
4915.7			1.0807957182388905
4916.6			1.0551218428990465
4917.5			0.9971487529817856
4918.4			0.9279331843146763
4919.3			0.8775589073360139
4920.2			0.8633978999528962
4921.1			0.8944127600399218
4922.0			0.9435771620500206
4922.9			0.9615512550673913
4923.8			0.9463450332904895
4924.7			0.9469424272186799
4925.6			0.9792026900220093
4926.5			1.001892163782226
4927.4			0.9988741615940436
4928.3			0.9975133133525115
4929.2			1.0
4930.1			1.0
4931.0			0.9977116993153368
4931.9			0.987332300264648
4932.8			0.9517520761247708
4933.7			0.916786368449115
4934.6			0.9272869350612072
4935.5			0.9607277150124856
4936.4			0.9646538666505305
4937.3			0.9375551011361322
4938.2			0.9029005732465489
4939.1			0.894049321633705
4940.0			0.9328056550703969
4940.9			0.9857000398791442
4941.8			1.0080926075073031
4942.7			1.012308458006573
4943.6			1.0206337595996091
4944.5			1.0163998449191873
4945.4			0.9936387568125732
4946.3			0.9834974330758682
4947.2			1.0004185582086027
4948.1			1.0
4949.0			1.0
4949.9			1.0
4950.8			1.0
4951.7			1.0
4952.6			1.0
4953.5			1.0
4954.4			0.9999340019522753
4955.3			0.9902786044096694
4956.2			0.9368229749561663
4957.1			0.8538702409455142
4958.0			0.8437497102201058
4958.9			0.9242833029116526
4959.8			0.9919120176904839
4960.7			1.0044797750921046
4961.6			0.9975130518197088
4962.5			1.0
4963.4			1.0
4964.3			1.0
4965.2			1.0
4966.1			1.0
4967.0			1.0
4967.9			1.0
4968.8			1.0
4969.7			1.0
4970.6			1.0
4971.5			1.0
4972.4			1.0
4973.3			1.0
4974.2			1.0
4975.1			1.0
4976.0			1.0
4976.9			0.9902483462357846
4977.8			0.9804337128217455
4978.7			0.9699077496783961
4979.6			0.9655787147507064
4980.5			0.9597669098930023
4981.4			0.932936471802983
4982.3			0.8907009802163456
4983.2			0.8725073564149359
4984.1			0.8949435166755989
4985.0			0.9237064082346933
4985.9			0.9525058257233171
4986.8			0.9953245144805271
4987.7			1.0219086120085565
4988.6			1.016741525276411
4989.5			1.0016158765680143
4990.4			1.0
4991.3			1.0
4992.2			1.0
4993.1			1.0
4994.0			1.0
4994.9			1.0
4995.8			1.0
4996.7			1.0
4997.6			0.9957164736118292
4998.5			0.9824158386191438
4999.4			0.9621983098450884
5000.3			0.9502108112571653
5001.2			0.9491048967886985
5002.1			0.9538379584517349
5003.0			0.9689982294201032
5003.9			0.9805369225137408
5004.8			0.9595599610327121
5005.7			0.9182630925465894
5006.6			0.9107639629996417
5007.5			0.9577305278498024
5008.4			1.016311611389757
5009.3			1.0438588876739858
5010.2			1.0382719739694006
5011.1			1.010745909864969
5012.0			0.9724314388056444
5012.9			0.9460846128871494
5013.8			0.9434832247390027
5014.7			0.9660967744454626
5015.6			0.9993372670725433
5016.5			1.0
5017.4			1.0
5018.3			1.0
5019.2			1.0
5020.1			1.0
5021.0			1.0
5021.9			1.0
5022.8			1.0
5023.7			1.0
5024.6			1.0
5025.5			1.0
5026.4			1.0
5027.3			1.0
5028.2			1.0
5029.1			1.0
5030.0			1.0
5030.9			1.0
5031.8			1.0
5032.7			1.019119467456744
5033.6			1.0234118661240648
5034.5			0.9947125667991674
5035.4			0.9513713785750102
5036.3			0.9403357486614466
5037.2			0.9629059854853398
5038.1			0.9722150518247284
5039.0			0.9518121476033886
5039.9			0.9121260508735332
5040.8			0.8692079263964504
5041.7			0.8751823726344806
5042.6			0.9449071640343132
5043.5			1.012902868961168
5044.4			1.0454088910596973
5045.3			1.0652337282740005
5046.2			1.076339904946157
5047.1			1.0608095629316392
5048.0			1.0246861120421316
5048.9			0.9985174973020893
5049.8			1.0
5050.7			1.0
5051.6			1.0
5052.5			1.0
5053.4			1.0
5054.3			1.0
5055.2			1.0
5056.1			1.0
5057.0			1.0
5057.9			1.0
5058.8			1.0
5059.7			1.0
5060.6			1.0
5061.5			1.0
5062.4			1.0
5063.3			1.0
5064.2			1.0
5065.1			1.0
5066.0			1.0
5066.9			1.0
5067.8			1.0
5068.7			1.0
5069.6			1.0
5070.5			1.0
5071.4			1.0
5072.3			1.0
5073.2			1.0013827182806958
5074.1			1.010684848653345
5075.0			1.0070685439230231
5075.9			1.0090944527472807
5076.8			1.0242079000633497
5077.7			1.0163417437876774
5078.6			0.964640677820253
5079.5			0.9089494564129644
5080.4			0.9003122490045702
5081.3			0.9337194670162705
5082.2			0.9597343551987729
5083.1			0.9609034293293377
5084.0			0.9670071521985673
5084.9			0.994225966331571
5085.8			1.0153535406899643
5086.7			1.0106796313483746
5087.6			0.9991259693182967
5088.5			1.0
5089.4			1.0
5090.3			1.0
5091.2			1.0
5092.1			1.0
5093.0			1.0
5093.9			1.0
5094.8			0.9970616674852246
5095.7			0.9828861762188533
5096.6			0.9523514380413919
5097.5			0.9174304417735655
5098.4			0.890676292908189
5099.3			0.892859627996585
5100.2			0.936445006341483
5101.1			0.9889398745467363
5102.0			1.0137217287767553
5102.9			1.0112378008903333
5103.8			1.0001666450273672
5104.7			1.0
5105.6			1.0
5106.5			1.0
5107.4			1.0
5108.3			1.0
5109.2			1.0
5110.1			1.0
5111.0			1.0
5111.9			1.0
5112.8			1.0
5113.7			1.0
5114.6			1.0
5115.5			1.0
5116.4			1.0
5117.3			1.0
5118.2			1.0
5119.1			1.0
5120.0			1.0
5120.9			1.0
5121.8			1.0
5122.7			1.0
5123.6			1.0
5124.5			1.0
5125.4			1.0
5126.3			1.0
5127.2			1.0
5128.1			1.0
5129.0			1.0
5129.9			1.0
5130.8			1.0
5131.7			1.0
5132.6			1.0
5133.5			1.0
5134.4			1.0
5135.3			1.0
5136.2			1.0
5137.1			1.0
5138.0			1.0
5138.9			1.0
5139.8			1.0
5140.7			1.0
5141.6			1.0
5142.5			1.0
5143.4			1.0
5144.3			1.0
5145.2			1.0
5146.1			1.0
5147.0			1.0
5147.9			1.0
5148.8			1.0
5149.7			1.0
5150.6			1.0
5151.5			1.0
5152.4			1.0
5153.3			1.0
5154.2			1.0
5155.1			1.0
5156.0			1.0
5156.9			1.0
5157.8			1.0
5158.7			1.0
5159.6			1.0
5160.5			1.0
5161.4			1.0
5162.3			1.0
5163.2			1.0
5164.1			0.9996877924245992
5165.0			0.9647833662153162
5165.9			0.8905228365461533
5166.8			0.8019970799387162
5167.7			0.7639202638526943
5168.6			0.8147845436125456
5169.5			0.9128925565364413
5170.4			0.9593150255492823
5171.3			0.8841151719766053
5172.2			0.7663729116467844
5173.1			0.7640303584135022
5174.0			0.8987342892713335
5174.9			1.0460723308372557
5175.8			1.1152595363902444
5176.7			1.1310477157798322
5177.6			1.1456650354412088
5178.5			1.0
5179.4			0.9999785878097163
5180.3			0.9900420924885392
5181.2			0.9556959872409727
5182.1			0.8576416641394825
5183.0			0.7184979368557007
5183.9			0.6687991835236968
5184.8			0.7702195902127308
5185.7			0.9151211529823147
5186.6			0.9972795520117094
5187.5			1.0113655479927541
5188.4			1.0035006029390146
5189.3			1.0
5190.2			1.0
5191.1			1.0
5192.0			1.0
5192.9			1.0
5193.8			1.0
5194.7			1.0
5195.6			1.0
5196.5			1.0
5197.4			1.0
5198.3			1.0
5199.2			1.0
5200.1			1.0238823438793272
5201.0			1.0232730376828285
5201.9			1.008465736009783
5202.8			1.003178730539796
5203.7			0.9922142009253229
5204.6			0.9631301573326985
5205.5			0.944635417664581
5206.4			0.9579086464294424
5207.3			0.9671219872880211
5208.2			0.9536909823788529
5209.1			0.9640843180530593
5210.0			1.0044138606411575
5210.9			1.0372330039393172
5211.8			1.0607238721225363
5212.7			1.0806947507273852
5213.6			1.080820134889665
5214.5			1.0506916172631287
5215.4			1.0156463747944733
5216.3			1.002767017850122
5217.2			1.0
5218.1			1.0
5219.0			1.0
5219.9			1.0
5220.8			1.0
5221.7			1.0
5222.6			0.9987450275683433
5223.5			0.9869189661634883
5224.4			0.9626078457953482
5225.3			0.9207509926015125
5226.2			0.864260845898017
5227.1			0.8452175421635221
5228.0			0.8965739101798914
5228.9			0.9590786115000339
5229.8			0.9865839020040684
5230.7			1.0003744337969804
5231.6			0.9966909830210311
5232.5			1.0
5233.4			1.0
5234.3			1.0
5235.2			1.0
5236.1			1.0
5237.0			1.0
5237.9			1.0
5238.8			1.0
5239.7			1.0
5240.6			1.0
5241.5			1.0
5242.4			1.0
5243.3			1.0
5244.2			1.0
5245.1			1.0
5246.0			1.0
5246.9			1.0
5247.8			1.0
5248.7			1.0
5249.6			1.0
5250.5			1.0
5251.4			1.0
5252.3			1.0
5253.2			1.0
5254.1			1.0
5255.0			0.9898580865536055
5255.9			1.0104246861748973
5256.8			1.0395070125553545
5257.7			1.0542655858609895
5258.6			1.0558092533430232
5259.5			1.0467349171289664
5260.4			1.0212269132873704
5261.3			0.9768481986613472
5262.2			0.9327472879119976
5263.1			0.900442215413794
5264.0			0.8790773375603145
5264.9			0.8619233290214188
5265.8			0.8544588492775504
5266.7			0.8840993189029422
5267.6			0.9246713066909706
5268.5			0.9008632118022538
5269.4			0.831693323405222
5270.3			0.827109378988669
5271.2			0.8991023128953313
5272.1			0.9508964575392104
5273.0			0.9550221794733645
5273.9			0.9467195732609822
5274.8			0.9316722286690254
5275.7			0.9261761748841203
5276.6			0.9623319320270831
5277.5			1.0062934318562606
5278.4			1.0248809402317292
5279.3			1.0192333309687427
5280.2			0.9984679173570634
5281.1			0.9749037769856292
5282.0			0.9553684122888441
5282.9			0.9352833951481391
5283.8			0.926169666345854
5284.7			0.9542183227800839
5285.6			0.9999921015401635
5286.5			1.0
5287.4			1.0
5288.3			1.0
5289.2			1.0
5290.1			1.0
5291.0			1.0039072953923842
5291.9			0.9967513847272177
5292.8			0.9874858586786018
5293.7			0.9842010030131003
5294.6			0.9843666245870701
5295.5			0.9736916421209155
5296.4			0.9418933237780154
5297.3			0.8984721058279752
5298.2			0.8885148031783455
5299.1			0.9254050784052993
5300.0			0.9600077901908618
5300.9			0.9622818829683208
5301.8			0.949535973580607
5302.7			0.9512086266683745
5303.6			0.9754056185472507
5304.5			0.9970521390122878
5305.4			1.0001380556609
5306.3			1.0
5307.2			1.0
5308.1			1.0
5309.0			1.0
5309.9			1.0
5310.8			1.0
5311.7			1.0
5312.6			1.0
5313.5			1.0
5314.4			1.0
5315.3			1.0
5316.2			1.0
5317.1			1.0
5318.0			1.0
5318.9			1.0
5319.8			1.0
5320.7			1.0
5321.6			0.9913376805627019
5322.5			0.9782571272302327
5323.4			0.948845992187024
5324.3			0.9275102694185264
5325.2			0.9436369070566316
5326.1			0.9609056995685111
5327.0			0.9200636763896004
5327.9			0.8461973693077255
5328.8			0.8372500490489727
5329.7			0.9063133357205808
5330.6			0.9723458715857531
5331.5			0.9919462925609002
5332.4			0.9827662064818321
5333.3			0.9813351604207866
5334.2			0.9952154605202461
5335.1			1.0052038796346368
5336.0			0.9998404321665524
5336.9			1.0
5337.8			1.0
5338.7			1.0
5339.6			1.0
5340.5			1.0
5341.4			1.0
5342.3			1.0
5343.2			1.0
5344.1			1.0
5345.0			1.0
5345.9			1.0
5346.8			1.0
5347.7			1.0
5348.6			1.0
5349.5			1.0
5350.4			1.0
5351.3			1.0
5352.2			1.0
5353.1			1.0
5354.0			1.0
5354.9			1.0
5355.8			1.0
5356.7			1.0
5357.6			1.0
5358.5			1.0
5359.4			1.0
5360.3			1.0
5361.2			1.0
5362.1			0.9827348340004762
5363.0			0.9753419553401531
5363.9			0.9696324338817384
5364.8			0.9561516774477311
5365.7			0.9561966926454748
5366.6			0.9640353342116329
5367.5			0.9669061147906165
5368.4			0.9688146665739019
5369.3			0.9488638484523412
5370.2			0.914510009923419
5371.1			0.9015022343524691
5372.0			0.9286150680150925
5372.9			0.9724553441669609
5373.8			0.9998549381414334
5374.7			1.0173885353036245
5375.6			1.0256291947663234
5376.5			1.0219969973236116
5377.4			1.0141893021097572
5378.3			1.0097407718386895
5379.2			1.0056233878651397
5380.1			0.9991862878045391
5381.0			1.0
5381.9			1.0
5382.8			0.9878635917380583
5383.7			0.9934981631712521
5384.6			1.0193695684583817
5385.5			1.0337558273291862
5386.4			1.0314166964663563
5387.3			1.0259739105990333
5388.2			1.0185571583667727
5389.1			1.0070248989020782
5390.0			0.9950684797493597
5390.9			0.9838247544207614
5391.8			0.9742848986541304
5392.7			0.9684601948686947
5393.6			0.9738706774931399
5394.5			0.9886671483384941
5395.4			0.9894730210787405
5396.3			0.9616113914748465
5397.2			0.9379297160943633
5398.1			0.951683860641527
5399.0			0.9774264864509973
5399.9			0.9810636071106131
5400.8			0.9802427444382449
5401.7			0.9892654419038721
5402.6			0.9805899673208243
5403.5			0.9417477247279361
5404.4			0.9024621377296844
5405.3			0.893415098295497
5406.2			0.9196394379683319
5407.1			0.9581890636085625
5408.0			0.9754661323336943
5408.9			0.9606658561100893
5409.8			0.9354608889874377
5410.7			0.935572407504971
5411.6			0.9646114897396655
5412.5			0.9916179048646866
5413.4			0.9904400505594649
5414.3			0.9696903113412828
5415.2			0.962569120452422
5416.1			0.9814869759651585
5417.0			1.0003750126308817
5417.9			1.0019617304850215
5418.8			0.995538286937805
5419.7			0.9890512682411678
5420.6			0.9841969035680053
5421.5			0.986936919394019
5422.4			0.9857708921296197
5423.3			0.9593397593186611
5424.2			0.9379698765221351
5425.1			0.9562589061203924
5426.0			0.9939670076627214
5426.9			1.0141500096809055
5427.8			0.9996322098034398
5428.7			1.0
5429.6			1.0
5430.5			1.0
5431.4			1.0
5432.3			1.0
5433.2			1.0
5434.1			1.0
5435.0			1.0
5435.9			1.0
5436.8			1.0
5437.7			1.0
5438.6			1.0
5439.5			1.0
5440.4			1.0
5441.3			1.0
5442.2			1.0
5443.1			0.996754553870494
5444.0			0.9797848198526422
5444.9			0.950629798535678
5445.8			0.9122264577800789
5446.7			0.8941803594209223
5447.6			0.9213942552956611
5448.5			0.9672069792103765
5449.4			0.9953665944129435
5450.3			0.9999822943711933
5451.2			1.0
5452.1			0.9946984328651168
5453.0			0.9850101456830982
5453.9			0.9606259102828499
5454.8			0.9177639544190952
5455.7			0.9032928626994269
5456.6			0.9398360879218848
5457.5			0.9821574797011109
5458.4			1.0001224944435014
5459.3			0.9998039547588496
5460.2			1.0
5461.1			1.0
5462.0			1.0
5462.9			1.0
5463.8			1.0
5464.7			1.0
5465.6			1.0
5466.5			1.0
5467.4			1.0
5468.3			1.0
5469.2			1.0
5470.1			1.0
5471.0			1.0020313423349994
5471.9			1.0035893745646631
5472.8			0.9944981375399897
5473.7			0.9883022724324617
5474.6			0.9879324016850916
5475.5			0.961507017497583
5476.4			0.9242088481674697
5477.3			0.9325095959927059
5478.2			0.9823309033669829
5479.1			1.0172571743476726
5480.0			1.014665678368726
5480.9			0.997671979949768
5481.8			1.0002861432535006
5482.7			1.0
5483.6			1.0
5484.5			1.0
5485.4			1.0
5486.3			1.0
5487.2			1.0
5488.1			1.0
5489.0			1.0
5489.9			1.0
5490.8			1.0
5491.7			1.0
5492.6			1.0
5493.5			1.0
5494.4			1.0
5495.3			1.0
5496.2			1.0
5497.1			1.0
5498.0			1.0
5498.9			1.0
5499.8			1.0
5500.7			1.0
5501.6			1.0
5502.5			1.0
5503.4			1.0
5504.3			1.0
5505.2			1.0
5506.1			1.0
5507.0			1.0
5507.9			1.0
5508.8			1.0
5509.7			1.0
5510.6			1.0
5511.5			1.0
5512.4			1.0
5513.3			1.0
5514.2			1.0
5515.1			1.0
5516.0			1.0
5516.9			1.0
5517.8			1.0
5518.7			1.0
5519.6			1.0
5520.5			1.0
5521.4			1.0
5522.3			1.0
5523.2			1.0
5524.1			1.0
5525.0			1.0
5525.9			1.0
5526.8			1.0
5527.7			1.0
5528.6			1.0
5529.5			1.0
5530.4			1.0
5531.3			1.0
5532.2			1.0
5533.1			1.0
5534.0			1.0
5534.9			1.0
5535.8			1.0
5536.7			1.0
5537.6			1.0
5538.5			1.0
5539.4			1.0
5540.3			1.0
5541.2			1.0
5542.1			1.0
5543.0			1.0
5543.9			1.0
5544.8			1.0
5545.7			1.0
5546.6			1.0
5547.5			1.0
5548.4			1.0
5549.3			1.0
5550.200000000001			1.0
5551.1			1.0
5552.0			1.0
5552.9			1.0
5553.8			1.0
5554.700000000001			1.0
5555.6			1.0
5556.5			1.0
5557.4			1.0
5558.3			1.0
5559.200000000001			1.0
5560.1			1.0
5561.0			1.0
5561.9			1.0
5562.8			1.0
5563.700000000001			1.0
5564.6			1.0
5565.5			1.0
5566.4			1.0
5567.3			1.0
5568.200000000001			1.0
5569.1			1.0
5570.0			1.0
5570.9			1.0
5571.8			1.0
5572.700000000001			1.0
5573.6			1.0
5574.5			1.0
5575.4			1.0
5576.3			1.0
5577.200000000001			1.0128580426125275
5578.1			1.017437494399477
5579.0			1.0169802134708446
5579.9			1.0194694725292641
5580.8			1.0116927697114066
5581.700000000001			1.0034162194462146
5582.6			1.0126664095216347
5583.5			1.025417874659485
5584.4			1.0228123823835413
5585.3			0.9988576619987631
5586.200000000001			0.9605517451569844
5587.1			0.9351964746550147
5588.0			0.9356978414845196
5588.9			0.9519205118903433
5589.8			0.9779063570241971
5590.700000000001			1.0046348114850445
5591.6			1.014746665778007
5592.5			1.0113785623149865
5593.4			0.9959845411757614
5594.3			0.9874933926909083
5595.200000000001			1.0155286830008219
5596.1			1.045779475791091
5597.0			1.0346714785944986
5597.9			1.003869721773851
5598.8			0.9995323161538051
5599.700000000001			1.0
5600.6			1.0
5601.5			1.0
5602.4			1.0
5603.3			1.0
5604.200000000001			1.0
5605.1			1.0
5606.0			1.0
5606.9			1.0
5607.8			1.0
5608.700000000001			1.0
5609.6			1.0
5610.5			1.0
5611.4			1.0
5612.3			1.0017060582962551
5613.200000000001			0.9881519571809727
5614.1			0.9480156059798783
5615.0			0.9011919852932513
5615.9			0.9040166131299883
5616.8			0.9501797898463261
5617.700000000001			0.9870762720748659
5618.6			0.9963409999588962
5619.5			0.9997480409605495
5620.4			1.0
5621.3			1.0
5622.200000000001			1.0
5623.1			1.0
5624.0			1.0
5624.9			1.0
5625.8			1.0
5626.700000000001			1.0
5627.6			1.0
5628.5			1.0
5629.4			1.0
5630.3			1.0
5631.200000000001			1.0
5632.1			1.0
5633.0			1.0
5633.9			1.0
5634.8			1.0
5635.700000000001			1.0
5636.6			1.0
5637.5			1.0
5638.4			1.0
5639.3			1.0
5640.200000000001			1.0
5641.1			1.0
5642.0			1.0
5642.9			1.0
5643.8			1.0
5644.700000000001			1.0
5645.6			1.0
5646.5			1.0
5647.4			1.0
5648.3			1.0
5649.200000000001			1.0
5650.1			1.0
5651.0			1.0
5651.9			1.0
5652.8			1.0
5653.700000000001			1.0
5654.6			1.0
5655.5			1.0
5656.4			1.0
5657.3			1.0
5658.200000000001			1.0
5659.1			1.0
5660.0			1.0
5660.9			1.0
5661.8			1.0
5662.700000000001			1.0
5663.6			1.0
5664.5			1.0
5665.4			1.0
5666.3			1.0
5667.200000000001			1.0
5668.1			1.0
5669.0			1.0
5669.9			1.0
5670.8			1.0
5671.700000000001			1.0
5672.6			1.0
5673.5			1.0
5674.4			1.0
5675.3			1.0
5676.200000000001			1.0
5677.1			1.0
5678.0			1.0
5678.9			1.0
5679.8			1.0
5680.700000000001			1.0
5681.6			1.0
5682.5			1.0
5683.4			1.0
5684.3			1.0
5685.200000000001			1.0
5686.1			1.0
5687.0			1.0
5687.9			1.0
5688.8			1.0
5689.700000000001			1.0
5690.6			1.0
5691.5			1.0
5692.4			1.0
5693.3			1.0
5694.200000000001			1.0
5695.1			1.0
5696.0			1.0
5696.9			1.0
5697.8			1.0
5698.700000000001			1.0
5699.6			1.0
5700.5			1.0
5701.4			1.0
5702.3			1.0
5703.200000000001			1.0
5704.1			1.0
5705.0			1.0
5705.9			1.0
5706.8			1.0
5707.700000000001			1.0
5708.6			1.0
5709.5			1.0
5710.4			1.0
5711.3			1.0
5712.200000000001			1.0
5713.1			1.0
5714.0			1.0
5714.9			1.0
5715.8			1.0
5716.700000000001			1.0
5717.6			1.0
5718.5			1.0
5719.4			1.0
5720.3			1.0
5721.200000000001			1.0
5722.1			1.0
5723.0			1.0
5723.9			1.0
5724.8			1.0
5725.700000000001			1.0
5726.6			1.0
5727.5			1.0
5728.4			1.0
5729.3			1.0
5730.200000000001			1.0
5731.1			1.0
5732.0			1.0
5732.9			1.0
5733.8			1.0
5734.700000000001			1.0
5735.6			1.0
5736.5			1.0
5737.4			1.0
5738.3			1.0
5739.200000000001			1.0
5740.1			1.0
5741.0			1.0
5741.9			1.0
5742.8			1.0
5743.700000000001			1.0
5744.6			1.0
5745.5			1.0
5746.4			1.0
5747.3			1.0
5748.200000000001			1.0
5749.1			1.0
5750.0			1.0
5750.9			1.0
5751.8			1.0
5752.700000000001			1.0
5753.6			1.0
5754.5			1.0
5755.4			1.0
5756.3			1.0
5757.200000000001			1.0
5758.1			1.0
5759.0			1.0
5759.9			1.0
5760.8			1.0
5761.700000000001			1.0
5762.6			1.0
5763.5			1.0
5764.4			1.0
5765.3			1.0
5766.200000000001			1.0
5767.1			1.0
5768.0			1.0
5768.9			1.0
5769.8			1.0
5770.700000000001			1.0
5771.6			1.0
5772.5			1.0
5773.4			1.0
5774.3			1.0
5775.200000000001			1.0
5776.1			1.0
5777.0			1.0
5777.9			1.0
5778.8			1.0
5779.700000000001			1.0
5780.6			1.0
5781.5			1.0
5782.4			1.0
5783.3			1.0
5784.200000000001			1.0
5785.1			1.0
5786.0			1.0
5786.9			1.0
5787.8			1.0
5788.700000000001			1.0
5789.6			1.0
5790.5			1.0
5791.4			1.0
5792.3			1.0
5793.200000000001			1.0
5794.1			1.0
5795.0			1.0
5795.9			1.0
5796.8			1.0
5797.700000000001			1.0
5798.6			1.0
5799.5			1.0
5800.4			1.0
5801.3			1.0
5802.200000000001			1.0
5803.1			1.0
5804.0			1.0
5804.9			1.0
5805.8			1.0
5806.700000000001			1.0
5807.6			1.0
5808.5			1.0
5809.4			1.0
5810.3			1.0
5811.200000000001			1.0
5812.1			1.0
5813.0			1.0
5813.9			1.0
5814.8			1.0
5815.700000000001			1.0
5816.6			1.0
5817.5			1.0
5818.4			1.0
5819.3			1.0
5820.200000000001			1.0
5821.1			1.0
5822.0			1.0
5822.9			1.0
5823.8			1.0
5824.700000000001			1.0
5825.6			1.0
5826.5			1.0
5827.4			1.0
5828.3			1.0
5829.200000000001			1.0
5830.1			1.0
5831.0			1.0
5831.9			1.0
5832.8			1.0
5833.700000000001			1.0
5834.6			1.0
5835.5			1.0
5836.4			1.0
5837.3			1.0
5838.200000000001			1.0
5839.1			1.0
5840.0			1.0
5840.9			1.0
5841.8			1.0
5842.700000000001			1.0
5843.6			1.0
5844.5			1.0
5845.4			1.0
5846.3			1.0
5847.200000000001			1.0
5848.1			1.0
5849.0			1.0
5849.9			1.0
5850.8			1.0
5851.700000000001			1.0
5852.6			1.0
5853.5			1.0
5854.4			1.0
5855.3			1.0
5856.200000000001			1.0
5857.1			1.0
5858.0			1.0
5858.9			1.0
5859.8			1.0
5860.700000000001			1.0
5861.6			1.0
5862.5			1.0
5863.4			1.0
5864.3			1.0
5865.200000000001			1.0
5866.1			1.0
5867.0			1.0
5867.9			1.0
5868.8			1.0
5869.700000000001			1.0
5870.6			1.0
5871.5			1.0
5872.4			1.0
5873.3			1.0
5874.200000000001			1.0
5875.1			1.0
5876.0			1.0
5876.9			1.0
5877.8			1.0
5878.700000000001			1.0
5879.6			1.0
5880.5			1.0
5881.4			1.0
5882.3			1.0
5883.200000000001			1.0
5884.1			1.0
5885.0			1.0
5885.9			1.0
5886.8			1.0054193312611501
5887.700000000001			0.986908175011617
5888.6			0.9186765841684678
5889.5			0.8344777848958582
5890.4			0.8323744714197338
5891.3			0.9097659269553575
5892.200000000001			0.9735009246852983
5893.1			1.0000871612438345
5894.0			0.9981410237787401
5894.9			1.0
5895.8			1.0
5896.700000000001			1.0
5897.6			1.0
5898.5			1.0
5899.4			1.0
5900.3			1.0
5901.200000000001			1.0
5902.1			1.0
5903.0			1.0
5903.9			1.0
5904.8			1.0
5905.700000000001			1.0
5906.6			1.0
5907.5			1.0
5908.4			1.0
5909.3			1.0
5910.200000000001			1.0
5911.1			1.0
5912.0			1.0
5912.9			1.0
5913.8			1.0
5914.700000000001			1.0
5915.6			1.0
5916.5			1.0
5917.4			1.0
5918.3			1.0
5919.200000000001			1.0
5920.1			1.0
5921.0			1.0
5921.9			1.0
5922.8			1.0
5923.700000000001			1.0
5924.6			1.0
5925.5			1.0
5926.4			1.0
5927.3			1.0
5928.200000000001			1.0
5929.1			1.0
5930.0			1.0
5930.9			1.0
5931.8			1.0
5932.700000000001			1.0
5933.6			1.0
5934.5			1.0
5935.4			1.0
5936.3			1.0
5937.200000000001			1.0
5938.1			1.0
5939.0			1.0
5939.9			1.0
5940.8			1.0
5941.700000000001			1.0
5942.6			1.0
5943.5			1.0
5944.4			1.0
5945.3			1.0
5946.200000000001			1.0
5947.1			1.0
5948.0			1.0
5948.9			1.0
5949.8			1.0
5950.700000000001			1.0
5951.6			1.0
5952.5			1.0
5953.4			1.0
5954.3			1.0
5955.200000000001			1.0
5956.1			1.0
5957.0			1.0
5957.9			1.0
5958.8			1.0
5959.700000000001			1.0
5960.6			1.0
5961.5			1.0
5962.4			1.0
5963.3			1.0
5964.200000000001			1.0
5965.1			1.0
5966.0			1.0
5966.9			1.0
5967.8			1.0
5968.700000000001			1.0
5969.6			1.0
5970.5			1.0
5971.4			1.0
5972.3			1.0
5973.200000000001			1.0
5974.1			1.0
5975.0			1.0
5975.9			1.0
5976.8			1.0
5977.700000000001			1.0
5978.6			1.0
5979.5			1.0
5980.4			1.0
5981.3			1.0
5982.200000000001			1.0
5983.1			1.0
5984.0			1.0
5984.9			1.0
5985.8			1.0
5986.700000000001			1.0
5987.6			1.0
5988.5			1.0
5989.4			1.0
5990.3			1.0
5991.200000000001			1.0
5992.1			1.0
5993.0			1.0
5993.9			1.0
5994.8			1.0
5995.700000000001			1.0
5996.6			1.0
5997.5			1.0
5998.4			1.0
5999.3			1.0
6000.200000000001			1.0
6001.1			1.0
6002.0			1.0
6002.9			1.0
6003.8			1.0
6004.700000000001			1.0
6005.6			1.0
6006.5			1.0
6007.4			1.0
6008.3			1.0
6009.200000000001			1.0
6010.1			1.0
6011.0			1.0
6011.9			1.0
6012.8			1.0
6013.700000000001			1.0
6014.6			1.0
6015.5			1.0
6016.4			1.0
6017.3			1.0
6018.200000000001			1.0
6019.1			1.0
6020.0			1.0
6020.9			1.0
6021.8			1.0
6022.700000000001			1.0
6023.6			1.0
6024.5			1.0
6025.4			1.0
6026.3			1.0
6027.200000000001			1.0
6028.1			1.0
6029.0			1.0
6029.9			1.0
6030.8			1.0
6031.700000000001			1.0
6032.6			1.0
6033.5			1.0
6034.4			1.0
6035.3			1.0
6036.200000000001			1.0
6037.1			1.0
6038.0			1.0
6038.9			1.0
6039.8			1.0
6040.700000000001			1.0
6041.6			1.0
6042.5			1.0
6043.4			1.0
6044.3			1.0
6045.200000000001			1.0
6046.1			1.0
6047.0			1.0
6047.9			1.0
6048.8			1.0
6049.700000000001			1.0
6050.6			1.0
6051.5			1.0
6052.4			1.0
6053.3			1.0
6054.200000000001			1.0
6055.1			1.0
6056.0			1.0
6056.9			1.0
6057.8			1.0
6058.700000000001			1.0
6059.6			1.0
6060.5			1.0
6061.4			1.0
6062.3			1.0
6063.200000000001			1.0
6064.1			1.0
6065.0			1.0
6065.9			1.0
6066.8			1.0
6067.700000000001			1.0
6068.6			1.0
6069.5			1.0
6070.4			1.0
6071.3			1.0
6072.200000000001			1.0
6073.1			1.0
6074.0			1.0
6074.9			1.0
6075.8			1.0
6076.700000000001			1.0
6077.6			1.0
6078.5			1.0
6079.4			1.0
6080.3			1.0
6081.200000000001			1.0
6082.1			1.0
6083.0			1.0
6083.9			1.0
6084.8			1.0
6085.700000000001			1.0
6086.6			1.0
6087.5			1.0
6088.4			1.0
6089.3			1.0
6090.200000000001			1.0
6091.1			1.0
6092.0			1.0
6092.9			1.0
6093.8			1.0
6094.700000000001			1.0
6095.6			1.0
6096.5			1.0
6097.4			1.0
6098.3			1.0
6099.200000000001			1.0
6100.1			1.0
6101.0			1.0
6101.9			1.0
6102.8			1.0
6103.700000000001			1.0
6104.6			1.0
6105.5			1.0
6106.4			1.0
6107.3			1.0
6108.200000000001			1.0
6109.1			1.0
6110.0			1.0
6110.9			1.0
6111.8			1.0
6112.700000000001			1.0
6113.6			1.0
6114.5			1.0
6115.4			1.0
6116.3			1.0
6117.200000000001			1.0
6118.1			1.0
6119.0			1.0
6119.9			1.0
6120.8			1.0
6121.700000000001			1.0
6122.6			1.0
6123.5			1.0
6124.4			1.0
6125.3			1.0
6126.200000000001			1.0
6127.1			1.0
6128.0			1.0
6128.9			1.0
6129.8			1.0
6130.700000000001			1.0
6131.6			1.0
6132.5			1.0
6133.4			1.0
6134.3			1.0
6135.200000000001			1.0
6136.1			1.0
6137.0			1.0
6137.9			1.0
6138.8			1.0
6139.700000000001			1.0
6140.6			1.0
6141.5			1.0
6142.4			1.0
6143.3			1.0
6144.200000000001			1.0
6145.1			1.0
6146.0			1.0
6146.9			1.0
6147.8			1.0
6148.700000000001			1.0
6149.6			1.0
6150.5			1.0
6151.4			1.003403774314424
6152.3			1.0060214155173723
6153.200000000001			1.0048764796090162
6154.1			0.9946020953138645
6155.0			0.9872967129586226
6155.9			0.9943580550730313
6156.8			1.0018614774891703
6157.700000000001			1.0023764348952118
6158.6			1.0029973100645098
6159.5			0.9966952313977674
6160.4			0.9674231606503576
6161.3			0.9231375781481375
6162.200000000001			0.8978246130921206
6163.1			0.9121478749202563
6164.0			0.9498660343128378
6164.9			0.9757393165004509
6165.8			0.9795345529269998
6166.700000000001			0.983965470222551
6167.6			0.9856404655216079
6168.5			0.9638753336641809
6169.4			0.942461381287766
6170.3			0.9538584887583736
6171.200000000001			0.9829240321209354
6172.1			0.9979049383477588
6173.0			0.9996430954415174
6173.9			1.0
6174.8			1.0
6175.700000000001			1.0
6176.6			1.0
6177.5			1.0
6178.4			1.0
6179.3			1.0
6180.200000000001			1.0
6181.1			1.0
6182.0			1.0
6182.9			1.0
6183.8			1.0
6184.700000000001			1.0
6185.6			1.0
6186.5			1.0
6187.4			1.0
6188.3			1.0
6189.200000000001			1.0
6190.1			1.0
6191.0			1.0
6191.9			1.0
6192.8			1.0
6193.700000000001			1.0
6194.6			1.0
6195.5			1.0
6196.4			1.0
6197.3			1.0
6198.200000000001			1.0
6199.1			1.0
6200.0			1.0
6200.9			1.0
6201.8			1.0
6202.700000000001			1.0
6203.6			1.0
6204.5			1.0
6205.4			1.0
6206.3			1.0
6207.200000000001			1.0
6208.1			1.0
6209.0			1.0
6209.9			1.0
6210.8			1.0
6211.700000000001			1.0
6212.6			1.0
6213.5			1.0
6214.4			1.0
6215.3			1.0
6216.200000000001			1.0
6217.1			1.0
6218.0			1.0
6218.9			1.0
6219.8			1.0
6220.700000000001			1.0
6221.6			1.0
6222.5			1.0
6223.4			1.0
6224.3			1.0
6225.200000000001			1.0
6226.1			1.0
6227.0			1.0
6227.9			1.0
6228.8			1.0
6229.700000000001			1.0
6230.6			1.0
6231.5			1.0
6232.4			1.0
6233.3			1.0
6234.200000000001			1.0
6235.1			1.0
6236.0			1.0
6236.9			1.0
6237.8			1.0
6238.700000000001			1.0
6239.6			1.0
6240.5			1.0
6241.4			1.0
6242.3			1.0
6243.200000000001			1.0
6244.1			1.0
6245.0			1.0
6245.9			1.0
6246.8			1.0
6247.700000000001			1.0
6248.6			1.0
6249.5			1.0
6250.4			1.0
6251.3			1.0
6252.200000000001			1.0
6253.1			1.0
6254.0			1.0
6254.9			1.0
6255.8			1.0
6256.700000000001			1.0
6257.6			1.0
6258.5			1.0
6259.4			1.0
6260.3			1.0
6261.200000000001			1.0
6262.1			1.0
6263.0			1.0
6263.9			1.0
6264.8			1.0
6265.700000000001			1.0
6266.6			1.0
6267.5			1.0
6268.4			1.0
6269.3			1.0
6270.200000000001			1.0
6271.1			1.0
6272.0			1.0
6272.9			1.0
6273.8			1.0
6274.700000000001			1.0
6275.6			1.0
6276.5			1.0
6277.4			1.0
6278.3			1.0
6279.200000000001			1.0
6280.1			1.0
6281.0			1.0
6281.9			1.0
6282.8			1.0
6283.700000000001			1.0
6284.6			1.0
6285.5			1.0
6286.4			1.0
6287.3			1.0
6288.200000000001			1.0
6289.1			1.0
6290.0			1.0
6290.9			1.0
6291.8			1.0
6292.700000000001			1.0
6293.6			1.0
6294.5			1.0
6295.4			1.0
6296.3			1.0
6297.200000000001			1.0
6298.1			1.0
6299.0			1.0
6299.9			1.0
6300.8			1.0
6301.700000000001			1.0
6302.6			1.0
6303.5			1.0
6304.4			1.0
6305.3			1.0
6306.200000000001			1.0
6307.1			1.0
6308.0			1.0
6308.9			1.0
6309.8			1.0
6310.700000000001			1.0
6311.6			1.0
6312.5			1.0
6313.4			1.0
6314.3			1.0
6315.200000000001			1.0
6316.1			1.0
6317.0			1.0
6317.9			1.0
6318.8			1.0
6319.700000000001			1.0
6320.6			1.0
6321.5			1.0
6322.4			1.0
6323.3			1.0
6324.200000000001			1.0
6325.1			1.0
6326.0			1.0
6326.9			1.0
6327.8			1.0
6328.700000000001			1.0
6329.6			1.0
6330.5			1.0
6331.4			1.0
6332.3			1.0
6333.200000000001			1.0
6334.1			1.0
6335.0			1.0
6335.9			1.0
6336.8			1.0
6337.700000000001			1.0
6338.6			1.0
6339.5			1.0
6340.4			1.0
6341.3			1.0
6342.200000000001			1.0
6343.1			1.0
6344.0			1.0
6344.9			1.0
6345.8			1.0
6346.700000000001			1.0
6347.6			1.0
6348.5			1.0
6349.4			1.0
6350.3			1.0
6351.200000000001			1.0
6352.1			1.0
6353.0			1.0
6353.9			1.0
6354.8			1.0
6355.700000000001			1.0
6356.6			1.0
6357.5			1.0
6358.4			1.0
6359.3			1.0
6360.200000000001			1.0
6361.1			1.0
6362.0			1.0
6362.9			1.0
6363.8			1.0
6364.700000000001			1.0
6365.6			1.0
6366.5			1.0
6367.4			1.0
6368.3			1.0
6369.200000000001			1.0
6370.1			1.0
6371.0			1.0
6371.9			1.0
6372.8			1.0
6373.700000000001			1.0
6374.6			1.0
6375.5			1.0
6376.4			1.0
6377.3			1.0
6378.200000000001			1.0
6379.1			1.0
6380.0			1.0
6380.9			1.0
6381.8			1.0
6382.700000000001			1.0
6383.6			1.0
6384.5			1.0
6385.4			1.0
6386.3			1.0
6387.200000000001			1.0
6388.1			1.0
6389.0			1.0
6389.9			1.0
6390.8			1.0
6391.700000000001			1.0
6392.6			1.0
6393.5			1.0
6394.4			1.0
6395.3			1.0
6396.200000000001			1.0
6397.1			1.0
6398.0			1.0
6398.9			1.0
6399.8			1.0
6400.700000000001			1.0
6401.6			1.0
6402.5			1.0
6403.4			1.0
6404.3			1.0
6405.200000000001			1.0
6406.1			1.0
6407.0			1.0
6407.9			1.0
6408.8			1.0
6409.700000000001			1.0
6410.6			1.0
6411.5			1.0
6412.4			1.0
6413.3			1.0
6414.200000000001			1.0
6415.1			1.0
6416.0			1.0
6416.9			1.0
6417.8			1.0
6418.700000000001			1.0
6419.6			1.0
6420.5			1.0
6421.4			1.0
6422.3			1.0
6423.200000000001			1.0
6424.1			1.0
6425.0			1.0
6425.9			1.0
6426.8			1.0
6427.700000000001			1.0
6428.6			1.0
6429.5			1.0
6430.4			1.0
6431.3			1.0
6432.200000000001			1.0
6433.1			1.0
6434.0			1.0
6434.9			1.0
6435.8			1.0
6436.700000000001			1.0
6437.6			1.0
6438.5			1.0
6439.4			1.0
6440.3			1.0
6441.200000000001			1.0
6442.1			1.0
6443.0			1.0
6443.9			1.0
6444.8			1.0
6445.700000000001			1.0
6446.6			1.0
6447.5			1.0
6448.4			1.0
6449.3			1.0
6450.200000000001			1.0
6451.1			1.0
6452.0			1.0
6452.9			1.0
6453.8			1.0
6454.700000000001			1.0
6455.6			1.0
6456.5			1.0
6457.4			1.0
6458.3			1.0
6459.200000000001			1.0
6460.1			1.0
6461.0			1.0
6461.9			1.0
6462.8			1.0
6463.700000000001			1.0
6464.6			1.0
6465.5			1.0
6466.4			1.0
6467.3			1.0
6468.200000000001			1.0
6469.1			1.0
6470.0			1.0
6470.9			1.0
6471.8			1.0
6472.700000000001			1.0
6473.6			1.0
6474.5			1.0
6475.4			1.0
6476.3			1.0
6477.200000000001			1.0
6478.1			1.0
6479.0			1.0
6479.9			1.0
6480.8			1.0
6481.700000000001			1.0
6482.6			1.0
6483.5			1.0
6484.4			1.0
6485.3			1.0
6486.200000000001			1.0
6487.1			1.0
6488.0			1.0
6488.9			1.0
6489.8			1.0
6490.700000000001			1.0
6491.6			1.0
6492.5			1.0
6493.4			1.0
6494.3			1.0
6495.200000000001			1.0
6496.1			1.0
6497.0			1.0
6497.9			1.0
6498.8			1.0
6499.700000000001			1.0
6500.6			1.0
6501.5			1.0
6502.4			1.0
6503.3			1.0
6504.200000000001			1.0
6505.1			1.0
6506.0			1.0
6506.9			1.0
6507.8			1.0
6508.700000000001			1.0
6509.6			1.0
6510.5			1.0
6511.4			1.0
6512.3			1.0
6513.200000000001			1.0
6514.1			1.0
6515.0			1.0
6515.9			1.0
6516.8			1.0
6517.700000000001			1.0
6518.6			1.0
6519.5			1.0
6520.4			1.0
6521.3			1.0
6522.200000000001			1.0
6523.1			1.0
6524.0			1.0
6524.9			1.0
6525.8			1.0
6526.700000000001			1.0
6527.6			1.0
6528.5			1.0
6529.4			1.0
6530.3			1.0
6531.200000000001			1.0
6532.1			1.0
6533.0			1.0
6533.9			1.0
6534.8			1.0
6535.700000000001			1.0
6536.6			1.0
6537.5			1.0
6538.4			1.0
6539.3			1.0
6540.200000000001			1.0
6541.1			1.0
6542.0			1.0
6542.9			1.0
6543.8			1.0
6544.700000000001			1.0
6545.6			1.0
6546.5			1.0
6547.4			1.0
6548.3			1.0
6549.200000000001			1.0
6550.1			1.0
6551.0			1.0
6551.9			1.0
6552.8			1.0
6553.700000000001			1.0
6554.6			1.0
6555.5			1.0
6556.4			0.9934349011889627
6557.3			0.9868052986869972
6558.200000000001			0.9694719865534136
6559.1			0.9398788982936042
6560.0			0.8889007618559278
6560.9			0.7881669577903838
6561.8			0.6477981495723419
6562.700000000001			0.5768772239825433
6563.6			0.6580212917974503
6564.5			0.811899236438453
6565.4			0.9216512611490557
6566.3			0.9691284003602785
6567.200000000001			0.9854990638339899
6568.1			0.9911303222302259
6569.0			1.0003534871538948
6569.9			1.0
6570.8			1.0
6571.700000000001			1.0
6572.6			1.0
6573.5			1.0
6574.4			1.0
6575.3			1.0
6576.200000000001			1.0
6577.1			1.0
6578.0			1.0
6578.9			1.0
6579.8			1.0
6580.700000000001			1.0
6581.6			1.0
6582.5			1.0
6583.4			1.0
6584.3			1.0
6585.200000000001			1.0
6586.1			1.0
6587.0			1.0
6587.9			1.0
6588.8			1.0
6589.700000000001			1.0
6590.6			1.0
6591.5			1.0
6592.4			1.0
6593.3			1.0
6594.200000000001			1.0
6595.1			1.0
6596.0			1.0
6596.9			1.0
6597.8			1.0
6598.700000000001			1.0
6599.6			1.0
6600.5			1.0
6601.4			1.0
6602.3			1.0
6603.200000000001			1.0
6604.1			1.0
6605.0			1.0
6605.9			1.0
6606.8			1.0
6607.700000000001			1.0
6608.6			1.0
6609.5			1.0
6610.4			1.0
6611.3			1.0
6612.200000000001			1.0
6613.1			1.0
6614.0			1.0
6614.9			1.0
6615.8			1.0
6616.700000000001			1.0
6617.6			1.0
6618.5			1.0
6619.4			1.0
6620.3			1.0
6621.200000000001			1.0
6622.1			1.0
6623.0			1.0
6623.9			1.0
6624.8			1.0
6625.700000000001			1.0
6626.6			1.0
6627.5			1.0
6628.4			1.0
6629.3			1.0
6630.200000000001			1.0
6631.1			1.0
6632.0			1.0
6632.9			1.0
6633.8			1.0
6634.700000000001			1.0
6635.6			1.0
6636.5			1.0
6637.4			1.0
6638.3			1.0
6639.200000000001			1.0
6640.1			1.0
6641.0			1.0
6641.9			1.0
6642.8			1.0
6643.700000000001			1.0
6644.6			1.0
6645.5			1.0
6646.4			1.0
6647.3			1.0
6648.200000000001			1.0
6649.1			1.0
6650.0			1.0
6650.9			1.0
6651.8			1.0
6652.700000000001			1.0
6653.6			1.0
6654.5			1.0
6655.4			1.0
6656.3			1.0
6657.200000000001			1.0
6658.1			1.0
6659.0			1.0
6659.9			1.0
6660.8			1.0
6661.700000000001			1.0
6662.6			1.0
6663.5			1.0
6664.4			1.0
6665.3			1.0
6666.200000000001			1.0
6667.1			1.0
6668.0			1.0
6668.9			1.0
6669.8			1.0
6670.700000000001			1.0
6671.6			1.0
6672.5			1.0
6673.4			1.0
6674.3			1.0
6675.200000000001			1.0
6676.1			1.0
6677.0			1.0
6677.9			1.0
6678.8			1.0
6679.700000000001			1.0
6680.6			1.0
6681.5			1.0
6682.4			1.0
6683.3			1.0
6684.200000000001			1.0
6685.1			1.0
6686.0			1.0
6686.9			1.0
6687.8			1.0
6688.700000000001			1.0
6689.6			1.0
6690.5			1.0
6691.4			1.0
6692.3			1.0
6693.200000000001			1.0
6694.1			1.0
6695.0			1.0
6695.9			1.0
6696.8			1.0
6697.700000000001			1.0
6698.6			1.0
6699.5			1.0
6700.4			1.0
6701.3			1.0
6702.200000000001			1.0
6703.1			1.0
6704.0			1.0
6704.9			1.0
6705.8			1.0
6706.700000000001			1.0
6707.6			1.0
6708.5			1.0
6709.4			1.0
6710.3			1.0
6711.200000000001			1.0
6712.1			1.0
6713.0			1.0
6713.9			1.0
6714.8			1.0
6715.700000000001			1.0
6716.6			1.0
6717.5			1.0
6718.4			1.0
6719.3			1.0
6720.200000000001			1.0
6721.1			1.0
6722.0			1.0
6722.9			1.0
6723.8			1.0
6724.700000000001			1.0
6725.6			1.0
6726.5			1.0
6727.4			1.0
6728.3			1.0
6729.200000000001			1.0
6730.1			1.0
6731.0			1.0
6731.9			1.0
6732.8			1.0
6733.700000000001			1.0
6734.6			1.0
6735.5			1.0
6736.4			1.0
6737.3			1.0
6738.200000000001			1.0
6739.1			1.0
6740.0			1.0
6740.9			1.0
6741.8			1.0
6742.700000000001			1.0
6743.6			1.0
6744.5			1.0
6745.4			1.0
6746.3			1.0
6747.200000000001			1.0
6748.1			1.0
6749.0			1.0
6749.9			1.0
6750.8			1.0
6751.700000000001			1.0
6752.6			1.0
6753.5			1.0
6754.4			1.0
6755.3			1.0
6756.200000000001			1.0
6757.1			1.0
6758.0			1.0
6758.9			1.0
6759.8			1.0
6760.700000000001			1.0
6761.6			1.0
6762.5			1.0
6763.4			1.0
6764.3			1.0
6765.200000000001			1.0
6766.1			1.0
6767.0			1.0
6767.9			1.0
6768.8			1.0
6769.700000000001			1.0
6770.6			1.0
6771.5			1.0
6772.4			1.0
6773.3			1.0
6774.200000000001			1.0
6775.1			1.0
6776.0			1.0
6776.9			1.0
6777.8			1.0
6778.700000000001			1.0
6779.6			1.0
6780.5			1.0
6781.4			1.0
6782.3			1.0
6783.200000000001			1.0
6784.1			1.0
6785.0			1.0
6785.9			1.0
6786.8			1.0
6787.700000000001			1.0
6788.6			1.0
6789.5			1.0
6790.4			1.0
6791.3			1.0
6792.200000000001			1.0
6793.1			1.0
6794.0			1.0
6794.9			1.0
6795.8			1.0
6796.700000000001			1.0
6797.6			1.0
6798.5			1.0
6799.4			1.0
6800.3			1.0
6801.200000000001			1.0
6802.1			1.0
6803.0			1.0
6803.9			1.0
6804.8			1.0
6805.700000000001			1.0
6806.6			1.0
6807.5			1.0
6808.4			1.0
6809.3			1.0
6810.200000000001			1.0
6811.1			1.0
6812.0			1.0
6812.9			1.0
6813.8			1.0
6814.700000000001			1.0
6815.6			1.0
6816.5			1.0
6817.4			1.0
6818.3			1.0
6819.200000000001			1.0
6820.1			1.0
6821.0			1.0
6821.9			1.0
6822.8			1.0
6823.700000000001			1.0
6824.6			1.0
6825.5			1.0
6826.4			1.0
6827.3			1.0
6828.200000000001			1.0
6829.1			1.0
6830.0			1.0
6830.9			1.0
6831.8			1.0
6832.700000000001			1.0
6833.6			1.0
6834.5			1.0
6835.4			1.0
6836.3			1.0
6837.200000000001			1.0
6838.1			1.0
6839.0			1.0
6839.9			1.0
6840.8			1.0
6841.700000000001			1.0
6842.6			1.0
6843.5			1.0
6844.4			1.0
6845.3			1.0
6846.200000000001			1.0
6847.1			1.0
6848.0			1.0
6848.9			1.0
6849.8			1.0
6850.700000000001			1.0
6851.6			1.0
6852.5			1.0
6853.4			1.0
6854.3			1.0
6855.200000000001			1.0
6856.1			1.0
6857.0			1.0
6857.9			1.0
6858.8			1.0
6859.700000000001			1.0
6860.6			1.0
6861.5			1.0
6862.4			1.0
6863.3			1.0
6864.200000000001			1.0
6865.1			1.0
6866.0			1.0
6866.9			1.0
6867.8			1.0
6868.700000000001			1.0
6869.6			1.0
6870.5			1.0
6871.4			1.0
6872.3			1.0
6873.200000000001			1.0
6874.1			1.0
6875.0			1.0
6875.9			1.0
6876.8			1.0
6877.700000000001			1.0
6878.6			1.0
6879.5			1.0
6880.4			1.0
6881.3			1.0
6882.200000000001			1.0
6883.1			1.0
6884.0			1.0
6884.9			1.0
6885.8			1.0
6886.700000000001			1.0
6887.6			1.0
6888.5			1.0
6889.4			1.0
6890.3			1.0
6891.200000000001			1.0
6892.1			1.0
6893.0			1.0
6893.9			1.0
6894.8			1.0
6895.700000000001			1.0
6896.6			1.0
6897.5			1.0
6898.4			1.0
6899.3			1.0
6900.200000000001			1.0
6901.1			1.0
6902.0			1.0
6902.9			1.0
6903.8			1.0
6904.700000000001			1.0
6905.6			1.0
6906.5			1.0
6907.4			1.0
6908.3			1.0
6909.200000000001			1.0
6910.1			1.0
6911.0			1.0
6911.9			1.0
6912.8			1.0
6913.700000000001			1.0
6914.6			1.0
6915.5			1.0
6916.4			1.0
6917.3			1.0
6918.200000000001			1.0
6919.1			1.0
6920.0			1.0
6920.9			1.0
6921.8			1.0
6922.700000000001			1.0
6923.6			1.0
6924.5			1.0
6925.4			1.0
6926.3			1.0
6927.200000000001			1.0
6928.1			1.0
6929.0			1.0
6929.9			1.0
6930.8			1.0
6931.700000000001			1.0
6932.6			1.0
6933.5			1.0
6934.4			1.0
6935.3			1.0
6936.200000000001			1.0
6937.1			1.0
6938.0			1.0
6938.9			1.0
6939.8			1.0
6940.700000000001			1.0
6941.6			1.0
6942.5			1.0
6943.4			1.0
6944.3			1.0
6945.200000000001			1.0
6946.1			1.0
6947.0			1.0
6947.9			1.0
6948.8			1.0
6949.700000000001			1.0
6950.6			1.0
6951.5			1.0
6952.4			1.0
6953.3			1.0
6954.200000000001			1.0
6955.1			1.0
6956.0			1.0
6956.9			1.0
6957.8			1.0
6958.700000000001			1.0
6959.6			1.0
6960.5			1.0
6961.4			1.0
6962.3			1.0
6963.200000000001			1.0
6964.1			1.0
6965.0			1.0
6965.9			1.0
6966.8			1.0
6967.700000000001			1.0
6968.6			1.0
6969.5			1.0
6970.4			1.0
6971.3			1.0
6972.200000000001			1.0
6973.1			1.0
6974.0			1.0
6974.9			1.0
6975.8			1.0
6976.700000000001			1.0
6977.6			1.0
6978.5			1.0
6979.4			1.0
6980.3			1.0
6981.200000000001			1.0
6982.1			1.0
6983.0			1.0
6983.9			1.0
6984.8			1.0
6985.700000000001			1.0
6986.6			1.0
6987.5			1.0
6988.4			1.0
6989.3			1.0
6990.200000000001			1.0
6991.1			1.0
6992.0			1.0
6992.9			1.0
6993.8			1.0
6994.700000000001			1.0
6995.6			1.0
6996.5			1.0
6997.4			1.0
6998.3			1.0
6999.200000000001			1.0
7000.1			1.0
7001.0			1.0
7001.9			1.0
7002.8			1.0
7003.700000000001			1.0
7004.6			1.0
7005.5			1.0
7006.4			1.0
7007.3			1.0
7008.200000000001			1.0
7009.1			1.0
7010.0			1.0
7010.9			1.0
7011.8			1.0
7012.700000000001			1.0
7013.6			1.0
7014.5			1.0
7015.4			1.0
7016.3			1.0
7017.200000000001			1.0
7018.1			1.0
7019.0			1.0
7019.9			1.0
7020.8			1.0
7021.700000000001			1.0
7022.6			1.0
7023.5			1.0
7024.4			1.0
7025.3			1.0
7026.200000000001			1.0
7027.1			1.0
7028.0			1.0
7028.9			1.0
7029.8			1.0
7030.700000000001			1.0
7031.6			1.0
7032.5			1.0
7033.4			1.0
7034.3			1.0
7035.200000000001			1.0
7036.1			1.0
7037.0			1.0
7037.9			1.0
7038.8			1.0
7039.700000000001			1.0
7040.6			1.0
7041.5			1.0
7042.4			1.0
7043.3			1.0
7044.200000000001			1.0
7045.1			1.0
7046.0			1.0
7046.9			1.0
7047.8			1.0
7048.700000000001			1.0
7049.6			1.0
7050.5			1.0
7051.4			1.0
7052.3			1.0
7053.200000000001			1.0
7054.1			1.0
7055.0			1.0
7055.9			1.0
7056.8			1.0
7057.700000000001			1.0
7058.6			1.0
7059.5			1.0
7060.4			1.0
7061.3			1.0
7062.200000000001			1.0
7063.1			1.0
7064.0			1.0
7064.9			1.0
7065.8			1.0
7066.700000000001			1.0
7067.6			1.0
7068.5			1.0
7069.4			1.0
7070.3			1.0
7071.200000000001			1.0
7072.1			1.0
7073.0			1.0
7073.9			1.0
7074.8			1.0
7075.700000000001			1.0
7076.6			1.0
7077.5			1.0
7078.4			1.0
7079.3			1.0
7080.200000000001			1.0
7081.1			1.0
7082.0			1.0
7082.9			1.0
7083.8			1.0
7084.700000000001			1.0
7085.6			1.0
7086.5			1.0
7087.4			1.0
7088.3			1.0
7089.200000000001			1.0
7090.1			1.0
7091.0			1.0
7091.9			1.0
7092.8			1.0
7093.700000000001			1.0
7094.6			1.0
7095.5			1.0
7096.4			1.0
7097.3			1.0
7098.200000000001			1.0
7099.1			1.0
7100.0			1.0
7100.9			1.0
7101.8			1.0
7102.700000000001			1.0
7103.6			1.0
7104.5			1.0
7105.4			1.0
7106.3			1.0
7107.200000000001			1.0
7108.1			1.0
7109.0			1.0
7109.9			1.0
7110.8			1.0
7111.700000000001			1.0
7112.6			1.0
7113.5			1.0
7114.4			1.0
7115.3			1.0
7116.200000000001			1.0
7117.1			1.0
7118.0			1.0
7118.9			1.0
7119.8			1.0
7120.700000000001			1.0
7121.6			1.0
7122.5			1.0
7123.4			1.0
7124.3			1.0
7125.200000000001			1.0
7126.1			1.0
7127.0			1.0
7127.9			1.0
7128.8			1.0
7129.700000000001			1.0
7130.6			1.0
7131.5			1.0
7132.4			1.0
7133.3			1.0
7134.200000000001			1.0
7135.1			1.0
7136.0			1.0
7136.9			1.0
7137.8			1.0
7138.700000000001			1.0
7139.6			1.0
7140.5			1.0
7141.4			1.0
7142.3			1.0
7143.200000000001			1.0
7144.1			1.0
7145.0			1.0
7145.9			1.0
7146.8			1.0
7147.700000000001			1.0
7148.6			1.0
7149.5			1.0
7150.4			1.0
7151.3			1.0
7152.200000000001			1.0
7153.1			1.0
7154.0			1.0
7154.9			1.0
7155.8			1.0
7156.700000000001			1.0
7157.6			1.0
7158.5			1.0
7159.4			1.0
7160.3			1.0
7161.200000000001			1.0
7162.1			1.0
7163.0			1.0
7163.9			1.0
7164.8			1.0
7165.700000000001			1.0
7166.6			1.0
7167.5			1.0
7168.4			1.0
7169.3			1.0
7170.200000000001			1.0
7171.1			1.0
7172.0			1.0
7172.9			1.0
7173.8			1.0
7174.700000000001			1.0
7175.6			1.0
7176.5			1.0
7177.4			1.0
7178.3			1.0
7179.200000000001			1.0
7180.1			1.0
7181.0			1.0
7181.9			1.0
7182.8			1.0
7183.700000000001			1.0
7184.6			1.0
7185.5			1.0
7186.4			1.0
7187.3			1.0
7188.200000000001			1.0
7189.1			1.0
7190.0			1.0
7190.9			1.0
7191.8			1.0
7192.700000000001			1.0
7193.6			1.0
7194.5			1.0
7195.4			1.0
7196.3			1.0
7197.200000000001			1.0
7198.1			1.0
7199.0			1.0
7199.9			1.0
7200.8			1.0
7201.700000000001			1.0
7202.6			1.0
7203.5			1.0
7204.4			1.0
7205.3			1.0
7206.200000000001			1.0
7207.1			1.0
7208.0			1.0
7208.9			1.0
7209.8			1.0
7210.700000000001			1.0
7211.6			1.0
7212.5			1.0
7213.4			1.0
7214.3			1.0
7215.200000000001			1.0
7216.1			1.0
7217.0			1.0
7217.9			1.0
7218.8			1.0
7219.700000000001			1.0
7220.6			1.0
7221.5			1.0
7222.4			1.0
7223.3			1.0
7224.200000000001			1.0
7225.1			1.0
7226.0			1.0
7226.9			1.0
7227.8			1.0
7228.700000000001			1.0
7229.6			1.0
7230.5			1.0
7231.4			1.0
7232.3			1.0
7233.200000000001			1.0
7234.1			1.0
7235.0			1.0
7235.9			1.0
7236.8			1.0
7237.700000000001			1.0
7238.6			1.0
7239.5			1.0
7240.4			1.0
7241.3			1.0
7242.200000000001			1.0
7243.1			1.0
7244.0			1.0
7244.9			1.0
7245.8			1.0
7246.700000000001			1.0
7247.6			1.0
7248.5			1.0
7249.4			1.0
7250.3			1.0
7251.200000000001			1.0
7252.1			1.0
7253.0			1.0
7253.9			1.0
7254.8			1.0
7255.700000000001			1.0
7256.6			1.0
7257.5			1.0
7258.4			1.0
7259.3			1.0
7260.200000000001			1.0
7261.1			1.0
7262.0			1.0
7262.9			1.0
7263.8			1.0
7264.700000000001			1.0
7265.6			1.0
7266.5			1.0
7267.4			1.0
7268.3			1.0
7269.200000000001			1.0
7270.1			1.0
7271.0			1.0
7271.9			1.0
7272.8			1.0
7273.700000000001			1.0
7274.6			1.0
7275.5			1.0
7276.4			1.0
7277.3			1.0
7278.200000000001			1.0
7279.1			1.0
7280.0			1.0
7280.9			1.0
7281.8			1.0
7282.700000000001			1.0
7283.6			1.0
7284.5			1.0
7285.4			1.0
7286.3			1.0
7287.200000000001			1.0
7288.1			1.0
7289.0			1.0
7289.9			1.0
7290.8			1.0
7291.700000000001			1.0
7292.6			1.0
7293.5			1.0
7294.4			1.0
7295.3			1.0
7296.200000000001			1.0
7297.1			1.0
7298.0			1.0
7298.9			1.0
7299.8			1.0
7300.700000000001			1.0
7301.6			1.0
7302.5			1.0
7303.4			1.0
7304.3			1.0
7305.200000000001			1.0
7306.1			1.0
7307.0			1.0
7307.9			1.0
7308.8			1.0
7309.700000000001			1.0
7310.6			1.0
7311.5			1.0
7312.4			1.0
7313.3			1.0
7314.200000000001			1.0
7315.1			1.0
7316.0			1.0
7316.9			1.0
7317.8			1.0
7318.700000000001			1.0
7319.6			1.0
7320.5			1.0
7321.4			1.0
7322.3			1.0
7323.200000000001			1.0
7324.1			1.0
7325.0			1.0
7325.9			1.0
7326.8			1.0
7327.700000000001			1.0
7328.6			1.0
7329.5			1.0
7330.4			1.0
7331.3			1.0
7332.200000000001			1.0
7333.1			1.0
7334.0			1.0
7334.9			1.0
7335.8			1.0
7336.700000000001			1.0
7337.6			1.0
7338.5			1.0
7339.4			1.0
7340.3			1.0
7341.200000000001			1.0
7342.1			1.0
7343.0			1.0
7343.9			1.0
7344.8			1.0
7345.700000000001			1.0
7346.6			1.0
7347.5			1.0
7348.4			1.0
7349.3			1.0
7350.200000000001			1.0
7351.1			1.0
7352.0			1.0
7352.9			1.0
7353.8			1.0
7354.700000000001			1.0
7355.6			1.0
7356.5			1.0
7357.4			1.0
7358.3			1.0
7359.200000000001			1.0
7360.1			1.0
7361.0			1.0
7361.9			1.0
7362.8			1.0
7363.700000000001			1.0
7364.6			1.0
7365.5			1.0
7366.4			1.0
7367.3			1.0
7368.200000000001			1.0
7369.1			1.0
7370.0			1.0
7370.9			1.0
7371.8			1.0
7372.700000000001			1.0
7373.6			1.0
7374.5			1.0
7375.4			1.0
7376.3			1.0
7377.200000000001			1.0
7378.1			1.0
7379.0			1.0
7379.9			1.0
7380.8			1.0
7381.700000000001			1.0
7382.6			1.0
7383.5			1.0
7384.4			1.0
7385.3			1.0
7386.200000000001			1.0
7387.1			1.0
7388.0			1.0
7388.9			1.0
7389.8			1.0
7390.700000000001			1.0
7391.6			1.0
7392.5			1.0
7393.4			1.0
7394.3			1.0
7395.200000000001			1.0
7396.1			1.0
7397.0			1.0
7397.9			1.0
7398.8			1.0
7399.700000000001			1.0
7400.6			1.0
7401.5			1.0
7402.4			1.0
7403.3			1.0
7404.200000000001			1.0
7405.1			1.0
7406.0			1.0
7406.9			1.0
7407.8			1.0
7408.700000000001			1.0
7409.6			1.0
7410.5			1.0
7411.4			1.0
7412.3			1.0
7413.200000000001			1.0
7414.1			1.0
7415.0			1.0
7415.9			1.0
7416.8			1.0
7417.700000000001			1.0
7418.6			1.0
7419.5			1.0
7420.4			1.0
7421.3			1.0
7422.200000000001			1.0
7423.1			1.0
7424.0			1.0
7424.9			1.0
7425.8			1.0
7426.700000000001			1.0
7427.6			1.0
7428.5			1.0
7429.4			1.0
