3500.0			1.0
3500.9			1.0
3501.8			1.0
3502.7			1.0
3503.6			1.0
3504.5			1.0
3505.4			1.0
3506.3			1.0
3507.2			1.0
3508.1			1.0
3509.0			1.0
3509.9			1.0
3510.8			1.0
3511.7			1.0
3512.6			1.0
3513.5			1.0
3514.4			1.0
3515.3			1.0
3516.2			1.0
3517.1			1.0
3518.0			1.0
3518.9			1.0
3519.8			1.0
3520.7			1.0
3521.6			1.0
3522.5			1.0
3523.4			1.0
3524.3			1.0
3525.2			1.0
3526.1			1.0
3527.0			1.0
3527.9			1.0
3528.8			1.0
3529.7			1.0
3530.6			1.0
3531.5			1.0
3532.4			1.0
3533.3			1.0
3534.2			1.0
3535.1			1.0
3536.0			1.0
3536.9			1.0
3537.8			1.0
3538.7			1.0
3539.6			1.0
3540.5			1.0
3541.4			1.0
3542.3			1.0
3543.2			1.0
3544.1			1.0
3545.0			1.0
3545.9			1.0
3546.8			1.0
3547.7			1.0
3548.6			1.0
3549.5			1.0
3550.4			1.0
3551.3			1.0
3552.2			1.0
3553.1			1.0
3554.0			1.0
3554.9			1.0
3555.8			1.0
3556.7			1.0
3557.6			1.0
3558.5			1.0
3559.4			1.0
3560.3			1.0
3561.2			1.0
3562.1			1.0
3563.0			1.0
3563.9			1.0
3564.8			1.0
3565.7			1.0
3566.6			1.0
3567.5			1.0
3568.4			1.0
3569.3			1.0
3570.2			1.0
3571.1			1.0
3572.0			1.0
3572.9			1.0
3573.8			1.0
3574.7			1.0
3575.6			1.0
3576.5			1.0
3577.4			1.0
3578.3			1.0
3579.2			1.0
3580.1			1.0
3581.0			1.0
3581.9			1.0
3582.8			1.0
3583.7			1.0
3584.6			1.0
3585.5			1.0
3586.4			1.0
3587.3			1.0
3588.2			1.0
3589.1			1.0
3590.0			1.0
3590.9			1.0
3591.8			1.0
3592.7			1.0
3593.6			1.0
3594.5			1.0
3595.4			1.0
3596.3			1.0
3597.2			1.0
3598.1			1.0
3599.0			1.0
3599.9			1.0
3600.8			1.0
3601.7			1.0
3602.6			1.0
3603.5			1.0
3604.4			1.0
3605.3			1.0
3606.2			1.0
3607.1			1.0
3608.0			1.0
3608.9			1.0
3609.8			1.0
3610.7			1.0
3611.6			1.0
3612.5			1.0
3613.4			1.0
3614.3			1.0
3615.2			1.0
3616.1			1.0
3617.0			1.0
3617.9			1.0
3618.8			1.0
3619.7			1.0
3620.6			1.0
3621.5			1.0
3622.4			1.0
3623.3			1.0
3624.2			1.0
3625.1			1.0
3626.0			1.0
3626.9			1.0
3627.8			1.0
3628.7			1.0
3629.6			1.0
3630.5			1.0
3631.4			1.0
3632.3			1.0
3633.2			1.0
3634.1			1.0
3635.0			1.0
3635.9			1.0
3636.8			1.0
3637.7			1.0
3638.6			1.0
3639.5			1.0
3640.4			1.0
3641.3			1.0
3642.2			1.0
3643.1			1.0
3644.0			1.0
3644.9			1.0
3645.8			1.0
3646.7			1.0
3647.6			1.0
3648.5			1.0
3649.4			1.0
3650.3			1.0
3651.2			1.0
3652.1			1.0
3653.0			1.0
3653.9			1.0
3654.8			1.0
3655.7			1.0
3656.6			1.0
3657.5			1.0
3658.4			1.0
3659.3			1.0
3660.2			1.0
3661.1			1.0
3662.0			1.0
3662.9			1.0
3663.8			1.0
3664.7			1.0
3665.6			1.0
3666.5			1.0
3667.4			1.0
3668.3			1.0
3669.2			1.0
3670.1			1.0
3671.0			1.0
3671.9			1.0
3672.8			1.0
3673.7			1.0
3674.6			1.0
3675.5			1.0
3676.4			1.0
3677.3			1.0
3678.2			1.0
3679.1			1.0
3680.0			1.0
3680.9			1.0
3681.8			1.0
3682.7			1.0
3683.6			1.0
3684.5			1.0
3685.4			1.0
3686.3			1.0
3687.2			1.0
3688.1			1.0
3689.0			1.0
3689.9			1.0
3690.8			1.0
3691.7			1.0
3692.6			1.0
3693.5			1.0
3694.4			1.0
3695.3			1.0
3696.2			1.0
3697.1			1.0
3698.0			1.0
3698.9			1.0
3699.8			1.0
3700.7			1.0
3701.6			1.0
3702.5			1.0
3703.4			1.0
3704.3			1.0
3705.2			1.0
3706.1			1.0
3707.0			1.0
3707.9			1.0
3708.8			1.0
3709.7			1.0
3710.6			1.0
3711.5			1.0
3712.4			1.0
3713.3			1.0
3714.2			1.0
3715.1			1.0
3716.0			1.0
3716.9			1.0
3717.8			1.0
3718.7			1.0
3719.6			1.0
3720.5			1.0
3721.4			1.0
3722.3			1.0
3723.2			1.0
3724.1			1.0
3725.0			1.0
3725.9			1.0
3726.8			1.0
3727.7			1.0
3728.6			1.0
3729.5			1.0
3730.4			1.0
3731.3			1.0
3732.2			1.0
3733.1			1.0
3734.0			1.0
3734.9			1.0
3735.8			1.0
3736.7			1.0
3737.6			1.0
3738.5			1.0
3739.4			1.0
3740.3			1.0
3741.2			1.0
3742.1			1.0
3743.0			1.0
3743.9			1.0
3744.8			1.0
3745.7			1.0
3746.6			1.0
3747.5			1.0
3748.4			1.0
3749.3			1.0
3750.2			1.0
3751.1			1.0
3752.0			1.0
3752.9			1.0
3753.8			1.0
3754.7			1.0
3755.6			1.0
3756.5			1.0
3757.4			1.0
3758.3			1.0
3759.2			1.0
3760.1			1.0
3761.0			1.0
3761.9			1.0
3762.8			1.0
3763.7			1.0
3764.6			1.0
3765.5			1.0
3766.4			1.0
3767.3			1.0
3768.2			1.0
3769.1			1.0
3770.0			1.0
3770.9			1.0
3771.8			1.0
3772.7			1.0
3773.6			1.0
3774.5			1.0
3775.4			1.0
3776.3			1.0
3777.2			1.0
3778.1			1.0
3779.0			1.0
3779.9			1.0
3780.8			1.0
3781.7			1.0
3782.6			1.0
3783.5			1.0
3784.4			1.0
3785.3			1.0
3786.2			1.0
3787.1			1.0
3788.0			1.0
3788.9			1.0
3789.8			1.0
3790.7			1.0
3791.6			1.0
3792.5			1.0
3793.4			1.0
3794.3			1.0
3795.2			1.0
3796.1			1.0
3797.0			1.0
3797.9			1.0
3798.8			1.0
3799.7			1.0
3800.6			1.0
3801.5			1.0
3802.4			1.0
3803.3			1.0
3804.2			1.0
3805.1			1.0
3806.0			1.0
3806.9			1.0
3807.8			1.0
3808.7			1.0
3809.6			1.0
3810.5			1.0
3811.4			1.0
3812.3			1.0
3813.2			1.0
3814.1			1.0
3815.0			1.0
3815.9			1.0
3816.8			1.0
3817.7			1.0
3818.6			1.0
3819.5			1.0
3820.4			1.0
3821.3			1.0
3822.2			1.0
3823.1			1.0
3824.0			1.0
3824.9			1.0
3825.8			1.0
3826.7			1.0
3827.6			1.0
3828.5			1.0
3829.4			1.0
3830.3			1.0
3831.2			1.0
3832.1			1.0
3833.0			1.0
3833.9			1.0
3834.8			1.0
3835.7			1.0
3836.6			1.0
3837.5			1.0
3838.4			1.0
3839.3			1.0
3840.2			1.0
3841.1			1.0
3842.0			1.0
3842.9			1.0
3843.8			1.0
3844.7			1.0
3845.6			1.0
3846.5			1.0
3847.4			1.0
3848.3			1.0
3849.2			1.0
3850.1			1.0
3851.0			1.0
3851.9			1.0
3852.8			1.0
3853.7			1.0
3854.6			1.0
3855.5			1.0
3856.4			1.0
3857.3			1.0
3858.2			1.0
3859.1			1.0
3860.0			1.0
3860.9			1.0
3861.8			1.0
3862.7			1.0
3863.6			1.0
3864.5			1.0
3865.4			1.0
3866.3			1.0
3867.2			1.0
3868.1			1.0
3869.0			1.0
3869.9			1.0
3870.8			1.0
3871.7			1.0
3872.6			1.0
3873.5			1.0
3874.4			1.0
3875.3			1.0
3876.2			1.0
3877.1			1.0
3878.0			1.0
3878.9			1.0
3879.8			1.0
3880.7			1.0
3881.6			1.0
3882.5			1.0
3883.4			1.0
3884.3			1.0
3885.2			1.0
3886.1			1.0
3887.0			1.0
3887.9			1.0
3888.8			1.0
3889.7			1.0
3890.6			1.0
3891.5			1.0
3892.4			1.0
3893.3			1.0
3894.2			1.0
3895.1			1.0
3896.0			1.0
3896.9			1.0
3897.8			1.0
3898.7			1.0
3899.6			1.0
3900.5			1.0
3901.4			1.0
3902.3			1.0
3903.2			1.0
3904.1			1.0
3905.0			1.0
3905.9			1.0
3906.8			1.0
3907.7			1.0
3908.6			1.0
3909.5			1.0
3910.4			1.0
3911.3			1.0
3912.2			1.0
3913.1			1.0
3914.0			1.0
3914.9			1.0
3915.8			1.0
3916.7			1.0
3917.6			1.0
3918.5			1.0
3919.4			1.0
3920.3			1.0
3921.2			1.0
3922.1			1.0
3923.0			1.0
3923.9			1.0
3924.8			1.0
3925.7			1.0
3926.6			1.0
3927.5			1.0
3928.4			1.0
3929.3			1.0
3930.2			1.0
3931.1			1.0
3932.0			1.0
3932.9			1.0
3933.8			1.0
3934.7			1.0
3935.6			1.0
3936.5			1.0
3937.4			1.0
3938.3			1.0
3939.2			1.0
3940.1			1.0
3941.0			1.0
3941.9			1.0
3942.8			1.0
3943.7			1.0
3944.6			1.0
3945.5			1.0
3946.4			1.0
3947.3			1.0
3948.2			1.0
3949.1			1.0
3950.0			1.0
3950.9			1.0
3951.8			1.0
3952.7			1.0
3953.6			1.0
3954.5			1.0
3955.4			1.0
3956.3			1.0
3957.2			1.0
3958.1			1.0
3959.0			1.0
3959.9			1.0
3960.8			1.0
3961.7			1.0
3962.6			1.0
3963.5			1.0
3964.4			1.0
3965.3			1.0
3966.2			1.0
3967.1			1.0
3968.0			1.0
3968.9			1.0
3969.8			1.0
3970.7			1.0
3971.6			1.0
3972.5			1.0
3973.4			1.0
3974.3			1.0
3975.2			1.0
3976.1			1.0
3977.0			1.0
3977.9			1.0
3978.8			1.0
3979.7			1.0
3980.6			1.0
3981.5			1.0
3982.4			1.0
3983.3			1.0
3984.2			1.0
3985.1			1.0
3986.0			1.0
3986.9			1.0
3987.8			1.0
3988.7			1.0
3989.6			1.0
3990.5			1.0
3991.4			1.0
3992.3			1.0
3993.2			1.0
3994.1			1.0
3995.0			1.0
3995.9			1.0
3996.8			1.0
3997.7			1.0
3998.6			1.0
3999.5			1.0
4000.4			1.0
4001.3			1.0
4002.2			1.0332750145731022
4003.1			1.0529588693041232
4004.0			0.94859394789935
4004.9			0.7644405780337027
4005.8			0.6840485217962794
4006.7			0.7721854892055958
4007.6			0.9220096589142623
4008.5			1.000899378640721
4009.4			1.0004850170780943
4010.3			1.0
4011.2			1.0
4012.1			1.0
4013.0			1.0
4013.9			1.0
4014.8			1.0
4015.7			1.0
4016.6			1.0
4017.5			1.0
4018.4			1.0
4019.3			1.0
4020.2			1.0
4021.1			1.0
4022.0			1.0
4022.9			1.0
4023.8			1.0
4024.7			1.0
4025.6			1.0
4026.5			1.0
4027.4			1.0474980842729849
4028.3			1.0651632887058369
4029.2			0.96800765014214
4030.1			0.7616223250367351
4031.0			0.6102664316392078
4031.9			0.5663108568666685
4032.8			0.5414666514201706
4033.7			0.5325258210975782
4034.6			0.5994148440698919
4035.5			0.7529113479389815
4036.4			0.9411857973096297
4037.3			1.0803336343924954
4038.2			1.123685611649289
4039.1			1.0843317156122967
4040.0			1.0
4040.9			0.9396085460431584
4041.8			0.9468113240126337
4042.7			0.9358063115034674
4043.6			0.8017205880197077
4044.5			0.5751847941422733
4045.4			0.3996072651315462
4046.3			0.3973098173201065
4047.2			0.5524899424773415
4048.1			0.7398362239961794
4049.0			0.8769172199699936
4049.9			0.972865628504713
4050.8			1.021523274622482
4051.7			1.0014882703652173
4052.6			1.0
4053.5			1.0
4054.4			1.0
4055.3			1.0
4056.2			1.0
4057.1			0.9449171506144022
4058.0			0.8781383412804215
4058.9			0.8997699347927555
4059.8			0.9887237352436822
4060.7			1.0253475070456715
4061.6			0.9131166162225176
4062.5			0.686368399034552
4063.4			0.5173308251020614
4064.3			0.5573828233744176
4065.2			0.7289192152191031
4066.1			0.8361753529411915
4067.0			0.8668868064334047
4067.9			0.9355888141004878
4068.8			1.028702788333239
4069.7			1.000164912184534
4070.6			1.0
4071.5			1.0
4072.4			1.0
4073.3			1.0
4074.2			1.0
4075.1			0.9989988087869743
4076.0			0.8999278802641894
4076.9			0.7915240810162175
4077.8			0.7557167224208905
4078.7			0.799895337799488
4079.6			0.899255708319597
4080.5			1.0140475699458427
4081.4			1.0
4082.3			1.0
4083.2			0.931407722418589
4084.1			0.8835483133679111
4085.0			0.8901323508065347
4085.9			0.9541328052424719
4086.8			1.0626205257282857
4087.7			1.173139134929665
4088.6			1.2188731895842926
4089.5			1.185642137235373
4090.4			1.1298910992364237
4091.3			1.0796023095331893
4092.2			1.057261294829849
4093.1			1.1036949933821074
4094.0			1.1290687684054366
4094.9			1.032010994401412
4095.8			0.9017662823822246
4096.7			0.8543949301892149
4097.6			0.8706809433320847
4098.5			0.9024345583315829
4099.4			0.8977856818266094
4100.3			0.8177450168322237
4101.2			0.7479883973887972
4102.1			0.779404126039592
4103.0			0.8619976789047935
4103.9			0.9150485648046556
4104.8			0.9586073269716079
4105.7			1.0121901384896776
4106.6			1.036995796827317
4107.5			1.0275054985193675
4108.4			1.0145409347084982
4109.3			1.002939391768983
4110.2			0.9828342764549308
4111.1			0.9636660377222298
4112.0			0.9765118727116214
4112.9			1.034644700785533
4113.8			1.0912347155685074
4114.7			1.108259132563077
4115.6			1.1230799954719495
4116.5			1.146723604142368
4117.4			1.1140507932276096
4118.3			1.0291641248531476
4119.2			1.0017686615822339
4120.1			1.0
4121.0			1.0
4121.9			1.0
4122.8			1.0
4123.7			1.0
4124.6			1.0
4125.5			1.0
4126.4			1.0
4127.3			0.9440444620699091
4128.2			0.9253672161369111
4129.1			0.9338877022783452
4130.0			0.9106427857223142
4130.9			0.8121168783088338
4131.8			0.6845381895641698
4132.7			0.6315470084303387
4133.6			1.0
4134.5			1.1059869096228163
4135.4			1.2682150129532976
4136.3			1.3725350564390553
4137.2			1.3774352685272326
4138.1			1.3723082713204096
4139.0			1.3712383345449872
4139.9			1.3565839822002645
4140.8			1.292998656836132
4141.7			1.086820512866093
4142.6			0.7867812466780301
4143.5			0.6175898649372844
4144.4			0.6857998599505747
4145.3			0.8753159366484222
4146.2			1.017961374676987
4147.1			1.0680334590249527
4148.0			1.0684021781768922
4148.9			1.0
4149.8			0.9942264249035125
4150.7			1.0158403796150437
4151.6			1.0236459391486912
4152.5			0.9879912194069405
4153.4			0.9100176227568005
4154.3			0.8560028880469873
4155.2			0.8732035465994513
4156.1			0.9044742465934262
4157.0			0.9299003968402985
4157.9			0.9653097323664851
4158.8			0.9973347866214864
4159.7			1.0
4160.6			1.0
4161.5			1.0
4162.4			1.0
4163.3			1.0
4164.2			1.0
4165.1			0.9298228231370765
4166.0			0.8921192012285446
4166.9			0.849343219598686
4167.8			0.8343039030060307
4168.7			0.8773016376434306
4169.6			0.9256891678298498
4170.5			0.9139750063159492
4171.4			0.8137291217926212
4172.3			0.7101246224889086
4173.2			0.7141288668757306
4174.1			0.7696854919164239
4175.0			0.7927174605842382
4175.9			0.8122320504543048
4176.8			0.8336945265307035
4177.7			0.8584219953358825
4178.6			0.927561166269545
4179.5			1.0
4180.4			0.9811460118612932
4181.3			0.884063055692035
4182.2			0.8285083485982585
4183.1			0.8555064419644512
4184.0			0.9138790343405943
4184.9			0.950664283768773
4185.8			0.8942567645226454
4186.7			0.7462642890867033
4187.6			0.6766974823627621
4188.5			1.0
4189.4			1.1590083054248819
4190.3			1.1599795747582664
4191.2			1.0715243386263116
4192.1			1.100078506747456
4193.0			1.2210978646009898
4193.9			1.2407580490007533
4194.8			1.1231458544698172
4195.7			1.0032306016632102
4196.6			0.9324104827105839
4197.5			0.8337251148365431
4198.4			0.7308513248939116
4199.3			0.7290486841851922
4200.2			0.7706195142201748
4201.1			0.7377111365135568
4202.0			0.6991803167212503
4202.9			0.7622045052434342
4203.8			0.8681078483493159
4204.7			0.940254408351811
4205.6			0.9840166972409792
4206.5			1.0036026503392912
4207.4			1.0
4208.3			0.9957878874012472
4209.2			0.9396152619242315
4210.1			0.8839659453918454
4211.0			0.9194325137012378
4211.9			0.9931285814649742
4212.8			1.0085485471513829
4213.7			0.9660729690735695
4214.6			0.8774069009878664
4215.5			0.7783172771523629
4216.4			0.763074679893174
4217.3			0.833881985153873
4218.2			0.9026891395265958
4219.1			0.9379268609804168
4220.0			0.9589316990298844
4220.9			0.9428078856733063
4221.8			0.8638404937744938
4222.7			0.7545605393198253
4223.6			0.6441553821254544
4224.5			0.5149048886892084
4225.4			0.36528371913129404
4226.3			0.2517398804973946
4227.2			0.25353543662192607
4228.1			0.3771284379854132
4229.0			0.5429668787602178
4229.9			0.6929944874219635
4230.8			1.0
4231.7			1.0424053357624279
4232.6			0.9911656106727502
4233.5			0.9353394096742333
4234.4			0.9053122720559654
4235.3			0.8502818995159921
4236.2			0.8182579489877512
4237.1			0.8702371187325668
4238.0			0.9343866729280633
4238.9			0.9406849701578727
4239.8			0.9437392882010317
4240.7			1.0047871430401192
4241.6			0.9170622915450175
4242.5			0.918381670009707
4243.4			0.9398990465535256
4244.3			1.0
4245.2			1.0273377112431394
4246.1			0.9730923116654376
4247.0			0.8779565232976514
4247.9			0.8132391105047017
4248.8			0.7557253575833933
4249.7			0.6487294300439843
4250.6			0.5905947091884406
4251.5			0.6791141646985329
4252.4			0.7682952244829886
4253.3			0.6904814618664225
4254.2			0.562504467351068
4255.1			0.6036145587669092
4256.0			0.8033731078359361
4256.9			0.9687099599065472
4257.8			0.9719118852715203
4258.7			0.8492013363276572
4259.6			0.6939916783215778
4260.5			0.6149571090027659
4261.4			0.6958957279040971
4262.3			0.8710348045301712
4263.2			1.0013198242055898
4264.1			1.0
4265.0			1.0274075946695347
4265.9			1.0338174898201657
4266.8			0.9902156854820234
4267.7			0.9318422489256667
4268.6			0.893209483325534
4269.5			0.818473866324235
4270.4			0.6544229192168448
4271.3			0.4938475666963989
4272.2			0.4791572360601885
4273.1			0.545662898587222
4274.0			0.5421593874230718
4274.9			0.5461568952383015
4275.8			0.6892112027911432
4276.7			0.8910721314360388
4277.6			1.0342404831226806
4278.5			1.0
4279.4			0.9250357830199345
4280.3			0.8295968486819986
4281.2			0.7989167570277927
4282.1			0.7957428135172219
4283.0			0.8304588537831905
4283.9			0.891290394202514
4284.8			0.8840878535638872
4285.7			0.8360390646842677
4286.6			0.829010035386122
4287.5			0.8288630197310306
4288.4			0.7370480359251016
4289.3			0.5849335661804431
4290.2			0.5365084293489534
4291.1			0.6419337374866614
4292.0			0.7896839734113316
4292.9			0.8431990387557732
4293.8			0.7872764509467919
4294.7			0.7665026038596171
4295.6			0.8291114053111941
4296.5			0.8517107550340104
4297.4			0.785166659984199
4298.3			0.6618207462670606
4299.2			0.5463905724103928
4300.1			0.5282224647440877
4301.0			0.5866567754684323
4301.9			0.6212900479096839
4302.8			0.6306945510373376
4303.7			0.6608103124422828
4304.6			0.6793213836381068
4305.5			0.6419482844940765
4306.4			0.555441614761804
4307.3			0.46141821097556324
4308.2			0.42236389137413566
4309.1			0.47035350955404426
4310.0			0.5601939426855963
4310.9			0.6363748184958252
4311.8			0.6998713474618744
4312.7			0.7716901488226962
4313.6			0.8296265729811093
4314.5			0.8857141899899318
4315.4			1.0177927536097027
4316.3			1.1848777382639963
4317.2			1.2412907962735873
4318.1			1.1933077867458597
4319.0			1.0
4319.9			1.005978535947354
4320.8			0.9962307026224879
4321.7			0.9550583727764965
4322.6			0.8568417949109337
4323.5			0.7040374371289619
4324.4			0.5479014419334911
4325.3			0.4457153706627646
4326.2			0.47653432602088225
4327.1			0.6550324413632711
4328.0			0.8600252167695553
4328.9			0.9726618541683993
4329.8			0.9978727873097414
4330.7			1.0
4331.6			1.013382324644971
4332.5			1.0293255629279543
4333.4			1.0324010221645412
4334.3			1.0450883242725808
4335.2			1.058260741928515
4336.1			0.9910356373487873
4337.0			0.8527756017864448
4337.9			0.7636698076355366
4338.8			0.737079218280014
4339.7			0.7153834297958047
4340.6			0.7390213688313734
4341.5			0.8419858505727612
4342.4			0.9259971752200066
4343.3			0.9250866193184735
4344.2			0.9207160449080094
4345.1			0.9663110167313353
4346.0			1.0
4346.9			0.9894147317872518
4347.8			0.9981408531550023
4348.7			1.0569261292282695
4349.6			1.0681399488099028
4350.5			0.9415269958766664
4351.4			0.7570645989085432
4352.3			0.6920660523643657
4353.2			0.780510401910631
4354.1			0.8777566818695068
4355.0			0.9029752665783847
4355.9			0.9267529963459208
4356.8			0.9847130078778435
4357.7			1.000005155364704
4358.6			1.0
4359.5			1.0
4360.4			1.0
4361.3			1.0
4362.2			1.0
4363.1			1.0
4364.0			1.0
4364.9			1.0
4365.8			1.0
4366.7			1.0
4367.6			1.0
4368.5			1.0
4369.4			1.0
4370.3			1.0
4371.2			1.0
4372.1			1.0
4373.0			1.0
4373.9			0.9376541361701203
4374.8			0.853782113962273
4375.7			0.8153453545876096
4376.6			0.8802276253199189
4377.5			0.9803488879317036
4378.4			1.0151242924286645
4379.3			0.985124242424466
4380.2			0.9323253853293065
4381.1			0.8430196406734403
4382.0			0.6753034202543436
4382.9			0.475990644807238
4383.8			0.38413209288010425
4384.7			0.48376795438087583
4385.6			0.7019435513594123
4386.5			0.8687993635844384
4387.4			0.9132998216400567
4388.3			0.9033043554174095
4389.2			0.8949659716942998
4390.1			0.9026277266983502
4391.0			0.9360155359372102
4391.9			0.9873856773292798
4392.8			1.0201879445324769
4393.7			1.0007315993572041
4394.6			1.0
4395.5			1.0
4396.4			1.078701168427766
4397.3			1.1358709902213167
4398.2			1.1220508972908338
4399.1			1.0449141548145853
4400.0			0.9480247384654271
4400.9			0.9039429238611576
4401.8			0.9176382015002544
4402.7			0.8698524815474664
4403.6			0.6903480769939763
4404.5			0.5231687212614953
4405.4			0.5394963323835321
4406.3			0.6742455313342586
4407.2			0.7564305903344541
4408.1			0.7833888596542488
4409.0			0.8587655106742548
4409.9			0.9644667389454359
4410.8			1.0
4411.7			1.011337491041543
4412.6			0.990644602961258
4413.5			0.8880479437355593
4414.4			0.7195748857248426
4415.3			0.6336044636550563
4416.2			0.7028974931971576
4417.1			0.8302052408519287
4418.0			0.9294720292825261
4418.9			1.0
4419.8			1.0392516407966363
4420.7			1.0062924112402734
4421.6			0.9210103820106673
4422.5			0.8621009887157067
4423.4			0.8708202197971647
4424.3			0.8874221216971389
4425.2			0.8538291351131049
4426.1			0.8089165728979072
4427.0			0.818344446066196
4427.9			0.8925850618322243
4428.8			0.9495869028682948
4429.7			1.0
4430.6			0.9687649254906073
4431.5			1.0088637909191183
4432.4			1.0200372216453868
4433.3			0.9263289225137735
4434.2			0.7788156583139276
4435.1			0.692632223088517
4436.0			0.7413728638281847
4436.9			0.8680895934572065
4437.8			0.9701653944613488
4438.7			1.0117080266849923
4439.6			0.9929302297867061
4440.5			1.0
4441.4			1.0
4442.3			1.0
4443.2			1.0
4444.1			1.1016391766683624
4445.0			1.2146276142126553
4445.9			1.2342444935217596
4446.8			1.1606916983456719
4447.7			1.1164794388695156
4448.6			1.1451182902277353
4449.5			1.165049932933595
4450.4			1.1430431657345732
4451.3			1.125799406048604
4452.2			1.104595995422498
4453.1			1.013813944324101
4454.0			0.8542041173687679
4454.9			0.7414125086106467
4455.8			0.7644060824548281
4456.7			0.8490112112607465
4457.6			0.8802232835222675
4458.5			0.8601729356239542
4459.4			0.8532470172520129
4460.3			0.8440615180601062
4461.2			0.8101585583483899
4462.1			0.8373338914832626
4463.0			0.9523962743197814
4463.9			1.0385406473135845
4464.8			1.035557607964029
4465.7			0.9968542195369887
4466.6			1.0
4467.5			1.0
4468.4			1.0
4469.3			1.0
4470.2			1.0
4471.1			1.0
4472.0			1.0
4472.9			1.0
4473.8			1.0
4474.7			1.0
4475.6			1.0
4476.5			1.0
4477.4			1.061635471269241
4478.3			1.0688519843552864
4479.2			0.9993269038402139
4480.1			0.9083612064863867
4481.0			0.8352635690956578
4481.9			0.7985530862957482
4482.8			0.836551995031974
4483.7			0.9227943777955241
4484.6			0.9796271142252752
4485.5			0.9970703917005537
4486.4			0.9989895786741367
4487.3			1.0
4488.2			1.0
4489.1			1.0
4490.0			1.0
4490.9			1.0435288730358356
4491.8			1.1014599923820656
4492.7			1.0914058242156162
4493.6			0.9927638163730401
4494.5			0.8963261600228042
4495.4			0.8769034826821133
4496.3			0.9077206103455804
4497.2			0.9530369230109502
4498.1			0.9898322153643332
4499.0			1.0054671226840801
4499.9			0.9959470266061484
4500.8			1.0
4501.7			1.0
4502.6			1.0
4503.5			1.0
4504.4			1.0
4505.3			1.0
4506.2			1.0
4507.1			1.0
4508.0			1.0
4508.9			1.0
4509.8			1.0155405952644165
4510.7			1.0214047484210584
4511.6			1.0054346215999939
4512.5			0.9869585374842345
4513.4			0.9821203998911806
4514.3			0.9911714499095271
4515.2			1.0229653956033065
4516.1			1.05177590485165
4517.0			1.0374048639500557
4517.9			1.0159837249316868
4518.8			1.0459075251641052
4519.7			1.1104601910116976
4520.6			1.0
4521.5			0.9877972261960222
4522.4			0.9437590899887749
4523.3			0.9241811218331423
4524.2			0.920239883188399
4525.1			0.8885429226899261
4526.0			0.8274240191011999
4526.9			0.761658853238175
4527.8			0.7204012699826687
4528.7			0.7250206993452952
4529.6			0.7656664901684102
4530.5			0.8034491124067011
4531.4			0.8348945953783564
4532.3			0.8585888432622618
4533.2			0.8379157269298654
4534.1			0.7789098796961226
4535.0			0.7398902149333321
4535.9			0.8006296593976736
4536.8			0.9524281989163071
4537.7			1.0650360228144495
4538.6			1.077976830346156
4539.5			1.0393378471791497
4540.4			1.0023362665067068
4541.3			1.0
4542.2			1.0345242805303454
4543.1			1.0531412878903124
4544.0			1.0178540429653258
4544.9			0.9668353407825986
4545.8			0.9523851824828331
4546.7			0.9646983452267438
4547.6			0.9613522667838177
4548.5			0.9307417308609752
4549.4			0.9159857015298629
4550.3			0.9504246013592965
4551.2			0.982438694998881
4552.1			0.9650312842507842
4553.0			0.9246504175529493
4553.9			0.8918802970435276
4554.8			0.8794892085131351
4555.7			0.9049500181065493
4556.6			0.9642308503205175
4557.5			1.0209829486012638
4558.4			1.041418919062152
4559.3			1.02952704149138
4560.2			1.0175914798666394
4561.1			1.020920527080075
4562.0			1.0176211065409086
4562.9			0.9856409375009645
4563.8			0.9371519300013116
4564.7			0.9035568372224845
4565.6			0.9113713777630993
4566.5			0.9566494343737055
4567.4			1.0
4568.3			1.0160443974028066
4569.2			0.9991438667222412
4570.1			0.948783998499984
4571.0			1.0
4571.9			1.0002303646842337
4572.8			1.058128164141766
4573.7			1.094423659102628
4574.6			1.091324322239686
4575.5			1.0800897623259997
4576.4			1.0722627051546945
4577.3			1.056608845753118
4578.2			1.0193634436028358
4579.1			0.9622200344405447
4580.0			0.9032634510545297
4580.9			0.8867599417430478
4581.8			0.9349205444888065
4582.7			1.0
4583.6			1.0080597881231823
4584.5			0.9597866176080146
4585.4			0.9057520088800031
4586.3			0.9123692354101641
4587.2			0.9825122750126817
4588.1			1.0508591672116014
4589.0			1.0736561662824702
4589.9			1.051358292817371
4590.8			1.0018348955228706
4591.7			0.9567119286427562
4592.6			0.9455166118519538
4593.5			0.958784331853725
4594.4			0.9668339000960716
4595.3			0.9671244947662815
4596.2			0.9701933609443997
4597.1			0.9683118109966422
4598.0			0.9730943033413164
4598.9			0.976486414606841
4599.8			0.950298757814341
4600.7			0.9246067428221665
4601.6			0.9261202997439177
4602.5			0.9346746950363193
4603.4			0.9452295176628803
4604.3			0.9535206546177678
4605.2			0.9573314840046763
4606.1			0.9610393483221067
4607.0			0.9720574920797723
4607.9			1.0129387152627318
4608.8			1.059415867971545
4609.7			1.0618247153748372
4610.6			1.027061868460261
4611.5			1.0003200826345648
4612.4			0.9828296176768208
4613.3			0.9754176991149985
4614.2			0.9977919013617448
4615.1			1.0105964738489437
4616.0			0.9967309879182847
4616.9			0.9976261263843907
4617.8			1.0002063555761853
4618.7			1.0
4619.6			1.0
4620.5			1.0
4621.4			1.0
4622.3			1.0
4623.2			1.0
4624.1			1.0
4625.0			1.0
4625.9			1.0
4626.8			1.0
4627.7			1.0
4628.6			1.0
4629.5			1.0
4630.4			1.0
4631.3			1.0
4632.2			1.0
4633.1			1.0
4634.0			0.9962040971410976
4634.9			0.9989079245213929
4635.8			0.9867671635981908
4636.7			0.9487506905558755
4637.6			0.9099288094707609
4638.5			0.8980589568208022
4639.4			0.899887281684363
4640.3			0.9269463231166717
4641.2			0.978712498944413
4642.1			1.0039497068032222
4643.0			0.9891095439278089
4643.9			0.9662023151505236
4644.8			0.9252085079528908
4645.7			0.8533706316819387
4646.6			0.8096365483768316
4647.5			0.825481213046949
4648.4			0.8645621812693133
4649.3			0.8980404347930203
4650.2			0.9138782383235671
4651.1			0.9056180341158871
4652.0			0.9016180125962177
4652.9			0.9058635610557396
4653.8			0.8806220596954927
4654.7			0.85017094216296
4655.6			0.8532076486624428
4656.5			0.8794415074294996
4657.4			0.9231661617813837
4658.3			0.9719512467377848
4659.2			0.9993451760043794
4660.1			1.0
4661.0			0.9795784319994272
4661.9			0.955737208865558
4662.8			0.9345234384590522
4663.7			0.9224675582052781
4664.6			1.0
4665.5			0.9708410127181308
4666.4			0.8874514190794506
4667.3			0.8075728799224511
4668.2			0.8192432880573371
4669.1			0.9173641234533084
4670.0			1.0158827795042584
4670.9			1.0600632796917833
4671.8			1.0530777692841287
4672.7			1.0232877944903576
4673.6			1.0065914545982217
4674.5			1.0164313153798554
4675.4			1.051744369803922
4676.3			1.0870862323762305
4677.2			1.076987592969653
4678.1			1.0220575579825046
4679.0			0.9805532182097791
4679.9			0.9753304337028034
4680.8			0.97322215616794
4681.7			0.9703887927602387
4682.6			0.9917226856340005
4683.5			1.025116868580629
4684.4			1.0379054703555317
4685.3			1.035037034425213
4686.2			1.0330010308391209
4687.1			1.0276291651033878
4688.0			1.022135756691752
4688.9			1.0241973246569913
4689.8			1.0
4690.7			0.9809484381500253
4691.6			0.9818535278354272
4692.5			1.0065737252400022
4693.4			1.0243008666649893
4694.3			1.0363212043575702
4695.2			1.0573292855971568
4696.1			1.0663914114647592
4697.0			1.0333176905092707
4697.9			0.971769936076493
4698.8			0.9374571107905683
4699.7			0.9451793799117351
4700.6			0.9478001784847474
4701.5			0.9027290601550992
4702.4			0.835680162153752
4703.3			0.8318744982505113
4704.2			0.9039893546128813
4705.1			0.965652189926308
4706.0			0.9591858409660933
4706.9			0.9150511638484109
4707.8			0.8926899368716636
4708.7			0.8958891774745619
4709.6			0.9109821513458376
4710.5			0.9550604262173162
4711.4			1.0124303835679709
4712.3			1.0342423559562375
4713.2			1.0021899519536341
4714.1			0.9542044861933064
4715.0			0.9526099563226845
4715.9			1.0007149328222735
4716.8			1.0
4717.7			1.0
4718.6			1.0
4719.5			1.0
4720.4			1.0
4721.3			0.9856252501520504
4722.2			0.9664063208463636
4723.1			0.9648045695846834
4724.0			0.9927193052141982
4724.9			1.0
4725.8			0.9774042554801728
4726.7			0.9148156516675188
4727.6			0.8679506664176446
4728.5			0.86073765168246
4729.4			0.8709954227019904
4730.3			0.8844562826198598
4731.2			0.9062583625390827
4732.1			0.9272490807115191
4733.0			0.9337049146008735
4733.9			0.9434299263713658
4734.8			0.950269439817709
4735.7			0.9127223327608712
4736.6			0.8706640161973037
4737.5			0.8939442557334406
4738.4			0.9492882269615287
4739.3			0.9624554958406849
4740.2			0.9347388236217975
4741.1			0.9207879760474028
4742.0			0.9401800227437116
4742.9			0.9643628003336101
4743.8			0.9710659511287235
4744.7			0.9639100430419152
4745.6			0.9676847107942119
4746.5			0.9860551178108028
4747.4			0.9908626712564215
4748.3			0.98585774061243
4749.2			0.9906882652746027
4750.1			0.9953706522262276
4751.0			0.9877760622098265
4751.9			0.9683021140802447
4752.8			0.9340996213535474
4753.7			0.9032810068958517
4754.6			0.9030400673889869
4755.5			0.9151490853867491
4756.4			0.9209972590206522
4757.3			0.9293473092739032
4758.2			0.9429180222669797
4759.1			0.9616720300368227
4760.0			0.9720360412592776
4760.9			0.9505331456635328
4761.8			0.9142212165185549
4762.7			0.9049423735804113
4763.6			0.9153538746772402
4764.5			0.9066287820417152
4765.4			0.8746440310767268
4766.3			0.8596074507492377
4767.2			0.8786985913525722
4768.1			0.9127872261883646
4769.0			0.947474410628188
4769.9			0.9603565716301322
4770.8			1.0
4771.7			0.9663997789475249
4772.6			0.966480024018981
4773.5			1.0000851684023346
4774.4			1.0230029840912418
4775.3			1.0110269239760257
4776.2			0.9950986792326465
4777.1			0.9938647765070433
4778.0			0.9889195941035026
4778.9			0.9717762463185222
4779.8			0.9582899841776746
4780.7			0.9524537380159396
4781.6			0.932071163824737
4782.5			0.8910804930850409
4783.4			0.8794601879670638
4784.3			0.9190302075928278
4785.2			0.9402690364581883
4786.1			0.9170808475316572
4787.0			0.9067049056162879
4787.9			0.9124587270184886
4788.8			0.9024789782348566
4789.7			0.8993854819607293
4790.6			0.9230802479569228
4791.5			0.9460635490487813
4792.4			0.9573276498587022
4793.3			0.9746994189704061
4794.2			0.9940683858046166
4795.1			0.9990580547118539
4796.0			1.044023570562796
4796.9			1.0320955580356148
4797.8			1.0084780254943215
4798.7			0.9809536377275901
4799.6			0.9615460857880395
4800.5			0.9702280824750077
4801.4			1.0061604694186996
4802.3			1.0384006483396757
4803.2			1.048912647887158
4804.1			1.038083497487687
4805.0			1.0191795615186916
4805.9			1.0101441286871016
4806.8			1.000188069391407
4807.7			1.0
4808.6			1.0
4809.5			1.0
4810.4			1.0
4811.3			1.0
4812.2			1.0
4813.1			1.0
4814.0			1.0
4814.9			1.0
4815.8			1.0
4816.7			1.0
4817.6			1.0
4818.5			1.0
4819.4			1.0
4820.3			0.9953493411270753
4821.2			0.9890253948831141
4822.1			0.9531634573991582
4823.0			0.8902803099474583
4823.9			0.8819334822224995
4824.8			0.9419660348170701
4825.7			0.9995384234001476
4826.6			1.0159221207770484
4827.5			1.0002144153346517
4828.4			1.0
4829.3			1.0
4830.2			1.0
4831.1			1.0
4832.0			1.0
4832.9			1.0
4833.8			1.0
4834.7			1.0
4835.6			1.0
4836.5			1.0
4837.4			1.0
4838.3			1.0
4839.2			1.0
4840.1			1.0
4841.0			1.0
4841.9			1.0
4842.8			1.0
4843.7			1.0
4844.6			1.0
4845.5			1.0
4846.4			1.0
4847.3			1.0
4848.2			1.0
4849.1			1.0
4850.0			1.0
4850.9			1.0
4851.8			1.0
4852.7			1.0
4853.6			1.0
4854.5			1.0
4855.4			1.0
4856.3			1.0
4857.2			1.0407198513189755
4858.1			1.0260192326873208
4859.0			0.9406129826181163
4859.9			0.8266702619682811
4860.8			0.7551984063515426
4861.7			0.7877942227023638
4862.6			0.8921335222394473
4863.5			0.9655099057495943
4864.4			0.9991536022607755
4865.3			1.0
4866.2			1.0
4867.1			1.0
4868.0			0.9989127272794442
4868.9			0.993554924749177
4869.8			0.9251200774059669
4870.7			0.7938736372768649
4871.6			0.7260101299842534
4872.5			0.8050802626702037
4873.4			0.9337399727119056
4874.3			0.9930248755486298
4875.2			0.999960805231589
4876.1			1.0
4877.0			1.0
4877.9			1.0
4878.8			1.0
4879.7			1.0
4880.6			1.0
4881.5			1.0
4882.4			1.0
4883.3			1.0242810828187772
4884.2			1.0022970280642434
4885.1			0.9437532929754204
4886.0			0.908697088349927
4886.9			0.9135096679237861
4887.8			0.9245077092945715
4888.7			0.9065846158109679
4889.6			0.8312495402652613
4890.5			0.7203317928348832
4891.4			0.7003845543523629
4892.3			0.825163288772111
4893.2			0.9723000353642564
4894.1			1.0493261898639086
4895.0			1.0738658134107502
4895.9			1.072720359481751
4896.8			1.0633684123244314
4897.7			1.05225689784448
4898.6			1.02862666648942
4899.5			1.0017370187026622
4900.4			1.0
4901.3			1.0
4902.2			1.0
4903.1			1.0
4904.0			1.0
4904.9			1.047318648493907
4905.8			1.0903946632834685
4906.7			1.0902052617600042
4907.6			1.0563497575501084
4908.5			1.006868424860951
4909.4			0.9500030549167845
4910.3			0.9222320864230198
4911.2			0.9445402975652217
4912.1			0.9733734127799211
4913.0			0.9743494320881841
4913.9			0.9734589094396778
4914.8			1.0
4915.7			1.024726612127698
4916.6			1.0016127188277586
4917.5			0.9075165893132888
4918.4			0.7628028133294242
4919.3			0.6435434517469667
4920.2			0.6281398221504341
4921.1			0.7330546036981
4922.0			0.8870718966663564
4922.9			0.9847617675981083
4923.8			0.995586556761165
4924.7			0.992067138700663
4925.6			1.0
4926.5			1.0
4927.4			1.0
4928.3			1.0
4929.2			1.0
4930.1			1.0
4931.0			0.9936551437396667
4931.9			0.9671284890145317
4932.8			0.9046826732033033
4933.7			0.8620325327834948
4934.6			0.886163962784514
4935.5			0.9304687916031311
4936.4			0.9308065841930397
4937.3			0.8730723889462125
4938.2			0.7981429865825843
4939.1			0.7868334759718999
4940.0			0.8632863611749907
4940.9			0.9446175947990848
4941.8			0.9763493311621824
4942.7			0.9969036030501334
4943.6			1.020630796921078
4944.5			1.0083798753133455
4945.4			0.9659964840595222
4946.3			0.9571189860565374
4947.2			0.9989913356977752
4948.1			1.0
4949.0			1.0
4949.9			1.0
4950.8			1.0
4951.7			1.0
4952.6			1.0
4953.5			0.9851270901517577
4954.4			0.9719715693936831
4955.3			0.9215266213738951
4956.2			0.7857925970263326
4957.1			0.6448756491789701
4958.0			0.6603174233223736
4958.9			1.0
4959.8			1.150490674924304
4960.7			1.1832806643414484
4961.6			1.1565510492967586
4962.5			1.1345817057544774
4963.4			1.1185181403542794
4964.3			1.074925833043222
4965.2			1.014344217456361
4966.1			0.9796781962296911
4967.0			0.9696894715961598
4967.9			0.9618137900777083
4968.8			0.9554306628952338
4969.7			0.9555377549956106
4970.6			0.9722890194319922
4971.5			1.0003220520732237
4972.4			1.0061966807940215
4973.3			1.0
4974.2			1.0
4975.1			1.0
4976.0			1.0
4976.9			1.0
4977.8			0.9639769975905496
4978.7			0.9435405079941649
4979.6			0.9552289866847345
4980.5			0.9332686445495749
4981.4			0.8426002240816793
4982.3			0.7608930813981772
4983.2			0.7624981385895611
4984.1			0.8147513743002317
4985.0			0.8618251459535657
4985.9			0.9175376863147359
4986.8			0.9864951941904873
4987.7			1.0174999804160236
4988.6			1.0000580943092374
4989.5			1.0
4990.4			1.0
4991.3			1.0
4992.2			1.0
4993.1			1.0
4994.0			1.0
4994.9			1.0
4995.8			1.0
4996.7			1.0
4997.6			1.0
4998.5			1.0
4999.4			1.0
5000.3			1.0
5001.2			1.0
5002.1			1.0215911389275452
5003.0			1.0635023318244554
5003.9			1.0777833561220824
5004.8			1.0039267687564593
5005.7			0.8913486093546823
5006.6			0.8646512616684159
5007.5			0.9338844508226897
5008.4			1.0117679059365738
5009.3			1.0517360072621054
5010.2			1.0495435596539107
5011.1			0.9968891362026124
5012.0			1.0
5012.9			1.0
5013.8			1.0
5014.7			1.0
5015.6			1.0
5016.5			1.0
5017.4			1.0
5018.3			1.0
5019.2			1.0232116568508316
5020.1			1.0183363025144763
5021.0			0.9663371256657339
5021.9			0.899269824947465
5022.8			0.8984393581384016
5023.7			0.959654687934344
5024.6			0.9980254424878336
5025.5			1.0
5026.4			1.0
5027.3			1.0
5028.2			1.0
5029.1			1.0
5030.0			1.0
5030.9			1.0
5031.8			1.0216825633142559
5032.7			1.0445727896653854
5033.6			1.0483302943466957
5034.5			0.996228941233808
5035.4			0.9199993482250276
5036.3			0.9154488995747108
5037.2			0.9756276754375843
5038.1			0.9935859652996196
5039.0			0.9393120017796422
5039.9			0.8559758600633646
5040.8			0.7969505195229257
5041.7			0.8335571376373495
5042.6			0.9443939797774353
5043.5			1.0388621353114158
5044.4			1.0
5045.3			1.0506687317653503
5046.2			1.0825227484190891
5047.1			1.060918183257624
5048.0			0.9842022086840712
5048.9			0.890822838203114
5049.8			0.8451948130763342
5050.7			0.870070903294219
5051.6			0.9257918052249127
5052.5			0.974403509570804
5053.4			0.9972317737514178
5054.3			0.9999236017836247
5055.2			1.0
5056.1			1.0
5057.0			1.0
5057.9			1.0
5058.8			0.9909226833434107
5059.7			0.984280635839084
5060.6			0.9953747304114624
5061.5			0.9960876443993456
5062.4			0.9866894585308716
5063.3			0.9539781413799148
5064.2			0.8862713768611015
5065.1			0.8539449663665383
5066.0			0.8861089939990446
5066.9			0.9020178509823524
5067.8			0.8740669112728309
5068.7			0.8701334681950078
5069.6			0.9153481541479392
5070.5			0.9411528602800922
5071.4			0.9066923440641944
5072.3			0.883222345914185
5073.2			0.9174939210458765
5074.1			0.9547963221680791
5075.0			0.9426572673232688
5075.9			0.9092362697675141
5076.8			0.9208211484774466
5077.7			0.9496213798488233
5078.6			0.905942202738027
5079.5			0.831356571011586
5080.4			1.0
5081.3			1.028620422055486
5082.2			1.0297282589459462
5083.1			1.0286440065677052
5084.0			1.0646410759970983
5084.9			1.1194250107514128
5085.8			1.1648941466349894
5086.7			1.171300495747066
5087.6			1.1452698733492854
5088.5			1.1244009669572608
5089.4			1.118196970442602
5090.3			1.109544070884383
5091.2			1.1133984282820286
5092.1			1.1566313217575244
5093.0			1.1992243886043619
5093.9			1.1752185767934482
5094.8			1.0910050195042817
5095.7			1.0223194511570097
5096.6			1.0226897252561824
5097.5			1.0298875037134052
5098.4			0.973404353733112
5099.3			0.9296366724978482
5100.2			0.9528473142614967
5101.1			0.995610167985637
5102.0			1.0254176562862831
5102.9			1.0293925289873107
5103.8			1.0047449383711942
5104.7			0.9777401929363628
5105.6			0.9609021692609304
5106.5			0.9253699091169483
5107.4			0.9006176329528137
5108.3			0.9262225075737948
5109.2			0.9417845210172496
5110.1			0.9230500239696267
5111.0			0.9289561148555803
5111.9			0.955069736521767
5112.8			0.9671733646793655
5113.7			0.9908934478503977
5114.6			1.0170322967164194
5115.5			1.0
5116.4			0.9855882930455144
5117.3			1.0104659596092116
5118.2			1.0
5119.1			0.9801272410351434
5120.0			0.9441489078015197
5120.9			0.9182846469451386
5121.8			0.92359262786116
5122.7			0.9007777997302268
5123.6			0.8336494468497397
5124.5			0.7994477447104249
5125.4			0.8208271563310761
5126.3			0.8545689516562402
5127.2			0.8768729925061827
5128.1			0.8823450108285759
5129.0			0.8531673855417098
5129.9			0.8325023901276287
5130.8			0.8789089419167194
5131.7			0.9458180086443804
5132.6			0.9530384409575346
5133.5			0.9106924744370628
5134.4			0.9073773451107507
5135.3			0.942417129443248
5136.2			0.9433925713762488
5137.1			0.9091639113781939
5138.0			0.8494154776425485
5138.9			0.7870192327442461
5139.8			0.8141910621470949
5140.7			0.8961242751007625
5141.6			0.8977592950335397
5142.5			0.8538180235901687
5143.4			0.8695546110615517
5144.3			0.9080930668994395
5145.2			0.8939355387391419
5146.1			0.8580512907988692
5147.0			0.8548214978033756
5147.9			0.8823466992530553
5148.8			1.0
5149.7			0.9767428376531679
5150.6			0.9461697578215874
5151.5			0.936116647261917
5152.4			0.9196277647852763
5153.3			0.8922497306132483
5154.2			0.8939097064514154
5155.1			0.9494959064286012
5156.0			1.0166729378667152
5156.9			1.06475960242535
5157.8			1.09533208856627
5158.7			1.086738580856474
5159.6			1.0732655765510999
5160.5			1.08690424139536
5161.4			1.0626878779536233
5162.3			0.9922972762193946
5163.2			0.9681019605267452
5164.1			0.9683049148147653
5165.0			0.8745283574101748
5165.9			0.6924605466539278
5166.8			0.536434473475034
5167.7			0.5022914275992234
5168.6			0.599440045929112
5169.5			0.7159528070482418
5170.4			0.7153900539052542
5171.3			0.5835981092743201
5172.2			0.44788999846294403
5173.1			0.4455904605590501
5174.0			0.5805359121395217
5174.9			0.7430993884187432
5175.8			0.8488950499605609
5176.7			0.8879871379496374
5177.6			0.888267804147937
5178.5			0.8745912155020988
5179.4			0.840347365937069
5180.3			0.769475972669947
5181.2			0.6609733636912889
5182.1			0.5342738272862778
5183.0			0.42714410245224127
5183.9			0.41450329588332635
5184.8			0.5377346641436584
5185.7			0.7252194693332391
5186.6			0.8703100431763348
5187.5			0.9307434465834322
5188.4			0.9492750214307017
5189.3			0.9819196743183366
5190.2			0.9821863842993072
5191.1			0.887434569933764
5192.0			0.7903809982514378
5192.9			0.8117898790705946
5193.8			0.8959284697585198
5194.7			0.9231305069991612
5195.6			0.9222786744003191
5196.5			0.9658540574683843
5197.4			1.0180027718246802
5198.3			1.0368249210319356
5199.2			1.0
5200.1			1.006204820436184
5201.0			0.9827119232640221
5201.9			0.9417391474297023
5202.8			0.9012450765362803
5203.7			0.8293985461647305
5204.6			0.7220101628456921
5205.5			0.6580871647093252
5206.4			0.6646920716600568
5207.3			0.6677159581094838
5208.2			0.6319550176976765
5209.1			0.6393914983374005
5210.0			0.7378699607080601
5210.9			0.8947775683858037
5211.8			1.0560314491711373
5212.7			1.1544463002957073
5213.6			1.1641001969142692
5214.5			1.1040936101874335
5215.4			1.029456801803056
5216.3			1.0023423332485255
5217.2			0.9366561388450967
5218.1			1.0012514518748072
5219.0			1.0
5219.9			1.0
5220.8			1.0
5221.7			1.0112178507337803
5222.6			1.0023992687312389
5223.5			0.9685484224832774
5224.4			0.9204631167992796
5225.3			0.8648494980710114
5226.2			0.7905884295558028
5227.1			0.7606855963029407
5228.0			0.8600123979788572
5228.9			1.0044459852625183
5229.8			1.0866520690293364
5230.7			1.1202871110918182
5231.6			1.0883359022397177
5232.5			1.0055674034402973
5233.4			1.0
5234.3			1.0
5235.2			1.0
5236.1			1.0
5237.0			1.0
5237.9			1.0
5238.8			1.0
5239.7			1.0
5240.6			1.0041442221919312
5241.5			0.9986475243655675
5242.4			0.9815266341266172
5243.3			0.9790719191563628
5244.2			1.0067612134406045
5245.1			1.0226202246772105
5246.0			0.9849392045848538
5246.9			0.9270631435866441
5247.8			0.9189095933581115
5248.7			0.946793046099327
5249.6			0.9404457594006334
5250.5			0.9129666329236892
5251.4			0.9192476325709207
5252.3			0.9457201139618028
5253.2			0.9552991522620257
5254.1			0.9404009278618393
5255.0			1.0
5255.9			1.0348835166728658
5256.8			1.0972048804327565
5257.7			1.1353442242572984
5258.6			1.1462009154144777
5259.5			1.1350592683370735
5260.4			1.0903194253545458
5261.3			1.013022894027256
5262.2			0.9272597751862398
5263.1			0.8650055299514272
5264.0			0.8311679283163412
5264.9			0.7982317598844298
5265.8			0.771341758781739
5266.7			0.805943161462052
5267.6			0.8534993551130998
5268.5			0.7720746489981659
5269.4			0.6200523055515483
5270.3			0.6246560726956271
5271.2			0.8061653584661331
5272.1			0.9641107001877324
5273.0			1.0165417722327588
5273.9			1.0328520917718431
5274.8			1.0391782106911986
5275.7			1.0507563778108318
5276.6			1.115480359635082
5277.5			1.0
5278.4			1.02786900973454
5279.3			1.011035563829818
5280.2			0.9603456525722223
5281.1			0.8949444123068384
5282.0			0.8350325920836013
5282.9			0.7965200462062161
5283.8			0.8019454677491274
5284.7			0.8706568617298426
5285.6			0.9585183380978151
5286.5			1.004209083194962
5287.4			1.001311082476642
5288.3			1.0
5289.2			1.0
5290.1			1.0
5291.0			1.0015114710663433
5291.9			0.9922603949839314
5292.8			0.9838509383831073
5293.7			0.9820203683100983
5294.6			0.975499087892815
5295.5			0.9348770337300915
5296.4			0.8513958774370775
5297.3			0.7689528013368988
5298.2			0.7565968752052263
5299.1			0.8267639553478431
5300.0			0.8969871067155377
5300.9			0.8994878625823178
5301.8			0.8753760217280038
5302.7			0.8914692784358748
5303.6			0.946385382806782
5304.5			0.9917261622431814
5305.4			1.0000344810309918
5306.3			1.0
5307.2			1.0
5308.1			1.0
5309.0			1.0
5309.9			1.0
5310.8			1.0
5311.7			1.0
5312.6			1.0
5313.5			1.0
5314.4			1.0
5315.3			1.0
5316.2			1.0
5317.1			1.0
5318.0			1.0
5318.9			1.0
5319.8			1.0
5320.7			1.0
5321.6			0.9906409190529417
5322.5			0.952192954184109
5323.4			0.869735095440373
5324.3			0.8202941473220884
5325.2			0.8590880382559078
5326.1			0.8776455386157863
5327.0			0.7629980304102179
5327.9			0.6096876501445094
5328.8			0.602993045801302
5329.7			0.7488322395376712
5330.6			0.8988928887876724
5331.5			0.958593882983802
5332.4			0.9518761478027825
5333.3			0.9541044478609217
5334.2			0.9886848533311993
5335.1			1.011342887930863
5336.0			1.0
5336.9			0.991150975520439
5337.8			0.9891579456987847
5338.7			0.9528629667485965
5339.6			0.8682444806914401
5340.5			0.8119299393630376
5341.4			0.8511277980742622
5342.3			0.9380370564500324
5343.2			0.9940119330028421
5344.1			0.9993445499933676
5345.0			1.0
5345.9			1.0
5346.8			1.0
5347.7			1.0
5348.6			1.0
5349.5			1.0
5350.4			1.0
5351.3			1.0
5352.2			1.0
5353.1			1.0
5354.0			1.0
5354.9			1.0
5355.8			1.0
5356.7			1.0
5357.6			1.0
5358.5			1.0
5359.4			1.0
5360.3			1.0
5361.2			1.0
5362.1			0.9849130961395806
5363.0			0.9706275312083946
5363.9			0.9416850427219179
5364.8			0.9083603594347126
5365.7			0.9039813130700918
5366.6			0.9158200403744443
5367.5			0.9203702745442113
5368.4			0.910572609593614
5369.3			0.8533838559617609
5370.2			0.7456319334897615
5371.1			0.6688907550669825
5372.0			0.7134749552748876
5372.9			0.8427512102763758
5373.8			0.9472237054866254
5374.7			0.9973734210106076
5375.6			1.0124953804643506
5376.5			1.0035426539128423
5377.4			0.9970862683385562
5378.3			1.0032693305556541
5379.2			1.003881384260435
5380.1			1.0
5381.0			0.9934526555337163
5381.9			0.9613308423775005
5382.8			0.9109519956645042
5383.7			0.9038423571545616
5384.6			0.9495241439372414
5385.5			0.9902594714009985
5386.4			0.9999847645667077
5387.3			1.0
5388.2			1.0
5389.1			1.0
5390.0			1.0
5390.9			1.0
5391.8			1.0
5392.7			1.0
5393.6			1.0
5394.5			1.0
5395.4			1.0
5396.3			0.9158385567956215
5397.2			0.8521353996573526
5398.1			0.9088972978568146
5399.0			0.997859065196122
5399.9			1.0196705438540274
5400.8			1.0217547056515766
5401.7			1.0456683553413033
5402.6			1.0355111205334744
5403.5			0.9524613816180438
5404.4			0.8368524355327164
5405.3			0.7598262078662905
5406.2			0.7864165293880807
5407.1			0.894524109524628
5408.0			0.9639517147689032
5408.9			0.9301121238748511
5409.8			0.8689694411202786
5410.7			0.8783914893897319
5411.6			0.9501098011089119
5412.5			1.0168093609571038
5413.4			1.0338966252502537
5414.3			0.9970198852150881
5415.2			1.0
5416.1			1.0
5417.0			1.0
5417.9			1.0
5418.8			1.0
5419.7			1.0
5420.6			1.0
5421.5			1.0135809922183432
5422.4			1.0096126738185778
5423.3			0.9550033396237122
5424.2			0.9179291251225699
5425.1			0.9533011906807043
5426.0			1.0137281133180582
5426.9			1.0449077549917858
5427.8			1.0037744648718436
5428.7			0.8768541689364
5429.6			0.7855659443028536
5430.5			0.8358976800701454
5431.4			0.9293325533143812
5432.3			0.9434822303533049
5433.2			0.887761640033557
5434.1			0.8291902893939
5435.0			0.8336829184621547
5435.9			0.894622667810723
5436.8			0.9582277611652388
5437.7			1.0005500561212717
5438.6			1.0
5439.5			1.0
5440.4			1.0
5441.3			1.0
5442.2			1.0
5443.1			0.9943957586594107
5444.0			0.9569529824765071
5444.9			0.8827065943338732
5445.8			0.7855379804844934
5446.7			0.730215985164144
5447.6			0.7919419676634653
5448.5			0.9099871853119276
5449.4			0.9827657865801556
5450.3			0.9998812116312088
5451.2			1.0
5452.1			1.0
5453.0			0.9829723155432935
5453.9			0.9235363011455571
5454.8			0.821773848097473
5455.7			0.7812303040051072
5456.6			0.8578157678770006
5457.5			0.9551897746703899
5458.4			1.001254543910262
5459.3			1.0
5460.2			1.0
5461.1			1.0
5462.0			1.0
5462.9			1.0
5463.8			1.0
5464.7			1.0
5465.6			1.0
5466.5			1.0
5467.4			1.0
5468.3			1.0
5469.2			1.0
5470.1			1.0
5471.0			1.0043189598464093
5471.9			1.0240046748586362
5472.8			1.0151149029892925
5473.7			0.9973756296584505
5474.6			0.9935817072872701
5475.5			0.9506494518956895
5476.4			0.8845011650047322
5477.3			0.9024438816606162
5478.2			0.995902771387935
5479.1			1.0654410155408807
5480.0			1.055050847850155
5480.9			1.0050535211185654
5481.8			0.9977307979390613
5482.7			1.0
5483.6			1.0
5484.5			1.0
5485.4			1.0
5486.3			1.0
5487.2			1.0
5488.1			1.0
5489.0			1.0
5489.9			1.0
5490.8			1.0
5491.7			1.0
5492.6			1.0
5493.5			1.0
5494.4			1.0
5495.3			1.0
5496.2			1.0
5497.1			1.0
5498.0			1.0
5498.9			1.0
5499.8			1.0
5500.7			1.0
5501.6			1.0
5502.5			1.0
5503.4			1.0
5504.3			1.0
5505.2			1.0
5506.1			0.9433142349931252
5507.0			0.9466899865412587
5507.9			1.0029852134636124
5508.8			1.0313305465437852
5509.7			1.0223000782643166
5510.6			0.990182032923158
5511.5			0.9352057957891559
5512.4			0.8886762934725305
5513.3			0.8870691796473386
5514.2			0.912412082825963
5515.1			0.9392334907006831
5516.0			0.9540822182292917
5516.9			0.9657052773533377
5517.8			0.9862797003257611
5518.7			0.9968981646140121
5519.6			1.0
5520.5			1.0
5521.4			1.0
5522.3			1.0
5523.2			1.0
5524.1			1.0
5525.0			0.9900723370145722
5525.9			0.9693086651034181
5526.8			0.9168831798640148
5527.7			0.8413252072392643
5528.6			0.8369878489107463
5529.5			0.9264739285135902
5530.4			1.001355149358169
5531.3			1.0118678391184162
5532.2			1.0000630974400653
5533.1			1.0
5534.0			1.0
5534.9			1.0
5535.8			1.0
5536.7			1.0
5537.6			1.0
5538.5			1.0
5539.4			1.0
5540.3			1.0
5541.2			1.0
5542.1			1.0
5543.0			1.0
5543.9			1.0
5544.8			1.0
5545.7			1.0
5546.6			1.0
5547.5			1.0
5548.4			1.0
5549.3			1.0
5550.200000000001			1.0
5551.1			1.0
5552.0			1.0
5552.9			1.0
5553.8			1.0
5554.700000000001			1.0
5555.6			1.0
5556.5			1.0
5557.4			1.0
5558.3			1.0
5559.200000000001			1.0147890850741768
5560.1			1.0219621418569378
5561.0			1.0140015687007695
5561.9			0.9977748510945882
5562.8			0.9871742714937223
5563.700000000001			0.9888891599832454
5564.6			0.9889298135105683
5565.5			0.9840049293375372
5566.4			0.9910146788460573
5567.3			1.0048535099243747
5568.200000000001			0.9933658133623078
5569.1			0.9680028972151726
5570.0			0.9883820869385439
5570.9			1.0223133359532346
5571.8			0.9848271470628894
5572.700000000001			0.9507434001358096
5573.6			1.0042499080614962
5574.5			1.0676409012178298
5575.4			1.0726750083213608
5576.3			1.0735718260716136
5577.200000000001			1.1113989740919876
5578.1			1.143309706083213
5579.0			1.1573152759189829
5579.9			1.0
5580.8			0.9877034878139663
5581.700000000001			0.9716973933574126
5582.6			0.9897035745022644
5583.5			1.0147300783073099
5584.4			1.005743180396168
5585.3			0.9426760090711236
5586.200000000001			0.8513627071523675
5587.1			0.8117302168645891
5588.0			0.8256246002597698
5588.9			0.862005966965338
5589.8			0.9291371259310072
5590.700000000001			1.0034496127764954
5591.6			1.0406648036292736
5592.5			1.0399930799210566
5593.4			0.9999857538317444
5594.3			1.0
5595.200000000001			1.0
5596.1			1.0503412970462105
5597.0			1.028939190005529
5597.9			0.9689962664564501
5598.8			0.956454397897328
5599.700000000001			0.9678317743486694
5600.6			0.943604169543912
5601.5			0.899079927019431
5602.4			0.8736573990066591
5603.3			0.9071460445007624
5604.200000000001			0.9749972566501783
5605.1			1.0215258422426547
5606.0			1.0346707453341002
5606.9			1.02426826767246
5607.8			1.006886113733787
5608.700000000001			0.996012181719208
5609.6			1.0
5610.5			1.0
5611.4			1.0
5612.3			1.0074910902029897
5613.200000000001			0.9881304083692519
5614.1			0.895343832533651
5615.0			0.7762301653068294
5615.9			0.7762065584517008
5616.8			0.8810386921108901
5617.700000000001			0.9616062204983293
5618.6			0.9893588445467411
5619.5			0.9953102994470697
5620.4			1.0
5621.3			1.0
5622.200000000001			1.0088275564824505
5623.1			0.9712851501927892
5624.0			0.8982640957129921
5624.9			0.8942448612235653
5625.8			0.9548013019582363
5626.700000000001			0.9915011412594817
5627.6			0.9998608940793108
5628.5			1.0
5629.4			1.0
5630.3			1.0
5631.200000000001			1.0
5632.1			1.0
5633.0			1.0
5633.9			1.0
5634.8			1.0
5635.700000000001			1.0
5636.6			1.0
5637.5			1.0
5638.4			1.0
5639.3			1.0
5640.200000000001			1.0
5641.1			1.0
5642.0			1.0
5642.9			1.0
5643.8			1.0
5644.700000000001			1.0
5645.6			1.0
5646.5			1.0
5647.4			1.0
5648.3			1.0
5649.200000000001			1.0
5650.1			1.0
5651.0			1.0116818820159743
5651.9			1.0240454255318365
5652.8			1.0240553661915213
5653.700000000001			1.0054122710804343
5654.6			0.9776920488644819
5655.5			0.9764697017464258
5656.4			0.9809292679197125
5657.3			0.9326479109758815
5658.200000000001			0.8612020265388035
5659.1			0.8696283974950487
5660.0			0.9355824884943615
5660.9			0.9565692888261246
5661.8			0.9208334469729038
5662.700000000001			0.9127271592461689
5663.6			0.9473893307126654
5664.5			0.9806760384760882
5665.4			0.9987620615342832
5666.3			1.0
5667.200000000001			1.0
5668.1			1.0
5669.0			1.0
5669.9			1.0
5670.8			1.0
5671.700000000001			1.0
5672.6			1.0
5673.5			1.0
5674.4			1.0
5675.3			1.0
5676.200000000001			1.0
5677.1			1.0
5678.0			1.0
5678.9			1.0
5679.8			1.0
5680.700000000001			1.0
5681.6			1.0
5682.5			1.0
5683.4			1.0
5684.3			1.0
5685.200000000001			1.0
5686.1			1.0
5687.0			1.0
5687.9			1.0
5688.8			1.0
5689.700000000001			1.0
5690.6			1.0
5691.5			1.0
5692.4			1.0
5693.3			1.0
5694.200000000001			1.0
5695.1			1.0
5696.0			1.0
5696.9			1.0
5697.8			1.0
5698.700000000001			1.0
5699.6			1.0
5700.5			0.9857948414828208
5701.4			0.965443307444972
5702.3			0.9759051859251315
5703.200000000001			0.9989464202471301
5704.1			1.0093700744461716
5705.0			0.9950811159824994
5705.9			0.9648154935493874
5706.8			0.9492041592027506
5707.700000000001			0.9337354068354228
5708.6			0.9020259963059989
5709.5			0.8836766983557657
5710.4			0.8851897419109247
5711.3			0.8878093203110461
5712.200000000001			0.9153148045319691
5713.1			0.9657205201589285
5714.0			0.9887054078836963
5714.9			0.9890502521107287
5715.8			0.995820038836486
5716.700000000001			0.9966747362069568
5717.6			0.9918439661432663
5718.5			0.999166882929651
5719.4			1.0
5720.3			1.0
5721.200000000001			1.0
5722.1			1.0
5723.0			1.0
5723.9			1.0
5724.8			1.0
5725.700000000001			1.0
5726.6			1.0
5727.5			1.0
5728.4			1.0
5729.3			1.0
5730.200000000001			1.0
5731.1			1.0
5732.0			1.0
5732.9			1.0
5733.8			1.0
5734.700000000001			1.0
5735.6			1.0
5736.5			1.0
5737.4			1.0
5738.3			1.0
5739.200000000001			1.0
5740.1			1.0
5741.0			1.0
5741.9			1.0
5742.8			1.0
5743.700000000001			1.0
5744.6			1.0
5745.5			1.0
5746.4			1.0
5747.3			1.0
5748.200000000001			1.0
5749.1			1.0
5750.0			1.0
5750.9			1.0
5751.8			1.0
5752.700000000001			1.0
5753.6			1.0
5754.5			1.0
5755.4			1.0
5756.3			1.0
5757.200000000001			1.0
5758.1			1.0
5759.0			1.0
5759.9			1.0
5760.8			1.0
5761.700000000001			1.0
5762.6			1.0
5763.5			1.0
5764.4			1.0
5765.3			1.0
5766.200000000001			1.0
5767.1			1.0
5768.0			1.0
5768.9			1.0
5769.8			1.0
5770.700000000001			1.0
5771.6			0.9860453504194107
5772.5			0.9828267430660282
5773.4			0.9835661176292477
5774.3			0.9743004518575828
5775.200000000001			0.973608206278606
5776.1			0.9895845803598794
5777.0			1.001592350517153
5777.9			1.0002500550013282
5778.8			0.9904169325238019
5779.700000000001			0.9605579631521866
5780.6			0.9232578265749259
5781.5			0.9077931529927656
5782.4			0.9157508261002839
5783.3			0.9218137011429439
5784.200000000001			0.911940680247431
5785.1			0.90614530191938
5786.0			0.9310956555928245
5786.9			0.9636457407592949
5787.8			0.978330694569835
5788.700000000001			0.9859913487122033
5789.6			0.9807936302999215
5790.5			0.9574771025421894
5791.4			0.961906367670951
5792.3			0.9911680352973232
5793.200000000001			1.0096823086242113
5794.1			1.018386933386019
5795.0			1.0225037260524474
5795.9			1.0192931265984546
5796.8			1.0059704606912332
5797.700000000001			0.9911720446487148
5798.6			0.9997213624962988
5799.5			1.0
5800.4			1.0
5801.3			1.0
5802.200000000001			1.0
5803.1			1.0
5804.0			1.0
5804.9			1.0
5805.8			1.0
5806.700000000001			1.0
5807.6			1.0
5808.5			1.0
5809.4			1.0
5810.3			1.0
5811.200000000001			1.0
5812.1			1.0
5813.0			1.0
5813.9			1.0
5814.8			1.0
5815.700000000001			1.0
5816.6			1.0
5817.5			1.0
5818.4			1.0
5819.3			1.0
5820.200000000001			1.0
5821.1			1.0
5822.0			1.0
5822.9			1.0
5823.8			1.0
5824.700000000001			1.0
5825.6			1.0
5826.5			1.0
5827.4			1.0
5828.3			1.0
5829.200000000001			1.0
5830.1			1.0
5831.0			1.0
5831.9			1.0
5832.8			1.0
5833.700000000001			1.0
5834.6			1.0
5835.5			1.0
5836.4			1.0
5837.3			1.0
5838.200000000001			1.0
5839.1			1.0
5840.0			1.0
5840.9			1.0
5841.8			1.0
5842.700000000001			1.0
5843.6			1.0
5844.5			1.0
5845.4			1.0
5846.3			1.0
5847.200000000001			1.0
5848.1			1.0
5849.0			1.0
5849.9			1.0
5850.8			1.0
5851.700000000001			1.0
5852.6			0.9833467496653779
5853.5			0.9786718970647725
5854.4			0.9935058495427321
5855.3			0.998077255412071
5856.200000000001			0.9582110028006465
5857.1			0.8974745829331857
5858.0			0.9039586720504583
5858.9			0.9520835571850165
5859.8			0.9907454929559788
5860.700000000001			1.0144293455635178
5861.6			1.0009964702970693
5862.5			1.0
5863.4			1.0
5864.3			1.0
5865.200000000001			1.0
5866.1			1.0
5867.0			1.0
5867.9			1.0
5868.8			1.0
5869.700000000001			1.0
5870.6			1.0
5871.5			1.0
5872.4			1.0
5873.3			1.0
5874.200000000001			1.0
5875.1			1.0
5876.0			1.0
5876.9			1.0
5877.8			1.0
5878.700000000001			1.0
5879.6			0.990938212577974
5880.5			0.9858985015489975
5881.4			0.9922770062601488
5882.3			0.9924047420215119
5883.200000000001			0.9662918407972406
5884.1			0.9458524618145482
5885.0			0.9475145512104762
5885.9			0.9473661258630164
5886.8			0.9148943776187339
5887.700000000001			0.8200559073655451
5888.6			0.6374908608821349
5889.5			0.4519251534207368
5890.4			0.4386585168656465
5891.3			0.5941951456842388
5892.200000000001			0.7476562780157576
5893.1			0.8189460661730927
5894.0			0.7873319154679751
5894.9			0.6354411399324008
5895.8			0.51251914534077
5896.700000000001			0.5846274989082156
5897.6			0.7573710162699964
5898.5			0.8749839292813638
5899.4			0.9284316870431739
5900.3			0.9745745864795076
5901.200000000001			1.0003197387874256
5902.1			1.0
5903.0			1.0
5903.9			1.0
5904.8			1.0
5905.700000000001			1.0
5906.6			1.0
5907.5			1.0
5908.4			1.0
5909.3			1.0
5910.200000000001			1.0
5911.1			1.0
5912.0			1.0
5912.9			1.0
5913.8			1.0
5914.700000000001			1.0
5915.6			1.0
5916.5			1.0
5917.4			1.0
5918.3			1.0
5919.200000000001			1.0
5920.1			1.0
5921.0			1.0
5921.9			1.0
5922.8			1.0
5923.700000000001			1.0
5924.6			1.0
5925.5			1.0
5926.4			1.0
5927.3			1.0
5928.200000000001			1.0
5929.1			1.0
5930.0			1.0
5930.9			1.0
5931.8			1.0
5932.700000000001			1.0
5933.6			1.0
5934.5			1.0
5935.4			1.0
5936.3			1.0
5937.200000000001			1.0
5938.1			1.0
5939.0			1.0
5939.9			1.0
5940.8			1.0
5941.700000000001			1.0
5942.6			1.0
5943.5			1.0
5944.4			1.0
5945.3			1.0
5946.200000000001			1.0
5947.1			1.0
5948.0			1.0
5948.9			1.0
5949.8			1.0
5950.700000000001			1.0
5951.6			1.0
5952.5			1.0
5953.4			1.0
5954.3			1.0
5955.200000000001			1.0
5956.1			1.0
5957.0			1.0
5957.9			1.0
5958.8			1.0
5959.700000000001			1.0
5960.6			1.0
5961.5			1.0
5962.4			1.0
5963.3			1.0
5964.200000000001			1.0
5965.1			1.0
5966.0			1.0
5966.9			1.0
5967.8			1.0
5968.700000000001			1.0
5969.6			1.0
5970.5			1.0
5971.4			1.0
5972.3			1.0
5973.200000000001			1.0
5974.1			1.0
5975.0			1.0
5975.9			1.0
5976.8			1.0
5977.700000000001			1.0
5978.6			1.0
5979.5			1.0
5980.4			1.0
5981.3			1.0
5982.200000000001			1.0
5983.1			1.0
5984.0			1.0
5984.9			1.0
5985.8			1.0
5986.700000000001			1.0
5987.6			1.0
5988.5			1.0
5989.4			1.0
5990.3			1.0
5991.200000000001			1.0
5992.1			1.0
5993.0			1.0
5993.9			1.0
5994.8			1.0
5995.700000000001			1.0
5996.6			1.0
5997.5			1.0
5998.4			1.0
5999.3			1.0
6000.200000000001			1.0
6001.1			1.0
6002.0			1.0
6002.9			1.0
6003.8			1.0
6004.700000000001			1.0
6005.6			1.0
6006.5			1.0
6007.4			0.9656639639929299
6008.3			0.9374290243280884
6009.200000000001			0.961915610978034
6010.1			1.0054420252610499
6011.0			1.0195208888066518
6011.9			0.9983292432407005
6012.8			0.9659697060226257
6013.700000000001			0.9614339262569608
6014.6			0.9898542551531783
6015.5			0.9930098202136523
6016.4			0.9644226578173556
6017.3			0.9668017163673529
6018.200000000001			0.9914809486173102
6019.1			0.9847467198726929
6020.0			0.946564210078146
6020.9			0.927812245772192
6021.8			0.9359341233002723
6022.700000000001			0.9530836134352036
6023.6			0.9524317636855044
6024.5			0.9556715395417715
6025.4			0.9804459564665149
6026.3			0.9922749151865544
6027.200000000001			0.9900869340290462
6028.1			0.9998859664463378
6029.0			1.0117952362182485
6029.9			1.0060082404242188
6030.8			0.9986869783379082
6031.700000000001			0.9984560297221986
6032.6			1.0000115808655519
6033.5			1.0001126031487722
6034.4			1.000118110278866
6035.3			1.0
6036.200000000001			1.0
6037.1			1.0
6038.0			1.0
6038.9			1.0
6039.8			1.0
6040.700000000001			1.0
6041.6			1.0
6042.5			1.0
6043.4			1.0
6044.3			1.0
6045.200000000001			1.0
6046.1			1.0
6047.0			1.0
6047.9			1.0
6048.8			1.0
6049.700000000001			1.0
6050.6			1.0
6051.5			1.0
6052.4			1.0
6053.3			1.0
6054.200000000001			1.0
6055.1			1.0
6056.0			1.0
6056.9			1.0
6057.8			1.0
6058.700000000001			1.0
6059.6			1.0
6060.5			0.9963256430769919
6061.4			0.9878022616444385
6062.3			0.978970791923234
6063.200000000001			0.9704498476599547
6064.1			0.9420447941126513
6065.0			0.9020570202785297
6065.9			0.909425434072795
6066.8			0.9527211785790453
6067.700000000001			0.9790685347889472
6068.6			0.9917688571132582
6069.5			0.9995246066468786
6070.4			1.0
6071.3			1.0
6072.200000000001			1.0
6073.1			1.0
6074.0			1.0
6074.9			1.0
6075.8			1.0
6076.700000000001			1.0
6077.6			1.0
6078.5			1.0
6079.4			1.0
6080.3			1.0
6081.200000000001			1.0
6082.1			1.0
6083.0			1.0
6083.9			1.0
6084.8			1.0
6085.700000000001			1.0
6086.6			1.0
6087.5			1.0
6088.4			1.0
6089.3			1.0
6090.200000000001			1.0
6091.1			1.0
6092.0			1.0
6092.9			1.0
6093.8			1.0
6094.700000000001			1.0
6095.6			1.0
6096.5			1.0
6097.4			1.0
6098.3			1.0
6099.200000000001			1.0
6100.1			1.0005416870381727
6101.0			0.9620768973559828
6101.9			0.8690195510602852
6102.8			0.8200702604660183
6103.700000000001			0.8836214974064746
6104.6			0.966104691106185
6105.5			0.9997948800731755
6106.4			1.0
6107.3			1.0
6108.200000000001			1.0
6109.1			1.0
6110.0			1.0
6110.9			1.0
6111.8			1.0
6112.700000000001			1.0
6113.6			1.0
6114.5			1.0
6115.4			1.0
6116.3			1.0
6117.200000000001			1.0
6118.1			1.0
6119.0			0.9974403705649129
6119.9			0.9830925881774087
6120.8			0.9248063111626315
6121.700000000001			0.8241189041119973
6122.6			0.8041339177444283
6123.5			0.8973989400549962
6124.4			0.9809033031798036
6125.3			1.0034436505319386
6126.200000000001			1.0014425539168323
6127.1			1.0
6128.0			1.0
6128.9			1.0
6129.8			1.0
6130.700000000001			1.0
6131.6			1.0
6132.5			1.0
6133.4			1.0078019680091708
6134.3			0.9994624305053413
6135.200000000001			0.9550222341321712
6136.1			0.8695364551380148
6137.0			0.8078826162687853
6137.9			0.8508412128126911
6138.8			0.9513692903477748
6139.700000000001			1.013032750450278
6140.6			1.0030454602600032
6141.5			1.0
6142.4			1.0
6143.3			1.0
6144.200000000001			1.0
6145.1			1.0
6146.0			1.0
6146.9			1.0
6147.8			1.0
6148.700000000001			1.0
6149.6			1.0
6150.5			1.0
6151.4			1.0
6152.3			1.0
6153.200000000001			1.0
6154.1			1.0
6155.0			1.0
6155.9			1.0
6156.8			1.0
6157.700000000001			0.9977207010974587
6158.6			1.0064789518475155
6159.5			0.9970527329842914
6160.4			0.9126013462754984
6161.3			0.7730717654833124
6162.200000000001			0.7046765381039514
6163.1			0.7687227884807497
6164.0			0.8873511692955731
6164.9			0.9704001955933739
6165.8			0.9922072284964203
6166.700000000001			1.0029408322007596
6167.6			1.0
6168.5			1.0
6169.4			1.0
6170.3			1.0
6171.200000000001			1.0
6172.1			1.0
6173.0			1.0
6173.9			1.0
6174.8			1.0
6175.700000000001			1.0
6176.6			1.0
6177.5			1.0
6178.4			1.0
6179.3			1.0
6180.200000000001			1.0
6181.1			1.0
6182.0			1.0
6182.9			1.0
6183.8			1.0
6184.700000000001			1.0
6185.6			1.0
6186.5			1.0
6187.4			1.0
6188.3			1.0
6189.200000000001			1.0062579620223875
6190.1			0.969804962284287
6191.0			0.8976983699235646
6191.9			0.8879533658774035
6192.8			0.9490529540599766
6193.700000000001			0.992866665068391
6194.6			1.002092059461595
6195.5			1.0
6196.4			1.0
6197.3			1.0
6198.200000000001			1.0
6199.1			1.0
6200.0			1.0
6200.9			1.0
6201.8			1.0
6202.700000000001			1.0
6203.6			1.0
6204.5			1.0
6205.4			1.0
6206.3			1.0
6207.200000000001			1.0
6208.1			1.0
6209.0			1.0
6209.9			1.0
6210.8			1.0
6211.700000000001			1.0
6212.6			1.0
6213.5			1.0
6214.4			1.0
6215.3			1.0
6216.200000000001			1.0
6217.1			1.0
6218.0			1.0
6218.9			1.0
6219.8			1.0
6220.700000000001			1.0
6221.6			1.0
6222.5			1.0
6223.4			1.0
6224.3			1.0
6225.200000000001			1.0
6226.1			1.0030469077254351
6227.0			1.000045818280282
6227.9			0.9941737078432985
6228.8			0.970702483144258
6229.700000000001			0.912296926832584
6230.6			0.8649022007362005
6231.5			0.8722085420098888
6232.4			0.9059220131313528
6233.3			0.9440058690263864
6234.200000000001			0.9818776557746964
6235.1			0.9995750188927615
6236.0			1.0
6236.9			1.0
6237.8			1.0
6238.700000000001			1.0
6239.6			1.0
6240.5			1.0
6241.4			1.0
6242.3			1.0
6243.200000000001			1.0
6244.1			1.0
6245.0			1.0
6245.9			1.0
6246.8			1.0
6247.700000000001			1.0478883411843405
6248.6			1.0724645393646142
6249.5			1.0711430312125603
6250.4			1.058112707862906
6251.3			1.0103474839010478
6252.200000000001			0.9565790522498688
6253.1			0.9419729293225628
6254.0			0.9624426077504665
6254.9			0.9856360905026579
6255.8			0.9803208735521615
6256.700000000001			0.9593147817566461
6257.6			0.9314571163390082
6258.5			0.9191869406633967
6259.4			0.9490189342113265
6260.3			0.9773850835047371
6261.200000000001			0.9902467850465975
6262.1			1.0147566838846955
6263.0			1.0297081552447043
6263.9			1.0149093851229039
6264.8			0.9901870482812714
6265.700000000001			0.9874743765686661
6266.6			1.0081156536572555
6267.5			1.0242610861628572
6268.4			1.0186911703669248
6269.3			0.9996953033310629
6270.200000000001			1.0
6271.1			1.0
6272.0			1.0
6272.9			1.0
6273.8			1.0
6274.700000000001			1.0
6275.6			1.0
6276.5			1.0
6277.4			1.0
6278.3			1.0
6279.200000000001			1.0
6280.1			1.0
6281.0			1.0
6281.9			1.0
6282.8			1.0
6283.700000000001			1.0
6284.6			1.0
6285.5			1.0
6286.4			1.0
6287.3			1.0
6288.200000000001			1.0
6289.1			1.0
6290.0			1.0
6290.9			1.0
6291.8			1.0
6292.700000000001			1.0
6293.6			1.0
6294.5			1.0
6295.4			1.0
6296.3			1.0
6297.200000000001			1.0
6298.1			1.003902723381948
6299.0			1.033291224555435
6299.9			1.0285987862791373
6300.8			0.9683238816549474
6301.700000000001			0.9150265658123439
6302.6			0.9376330406003107
6303.5			0.9963827844102741
6304.4			1.0150942852731129
6305.3			0.9982628578333338
6306.200000000001			1.0
6307.1			1.0
6308.0			1.0
6308.9			1.0
6309.8			1.0
6310.700000000001			1.0
6311.6			0.9914896185200615
6312.5			0.9992680288092056
6313.4			0.9999751976565241
6314.3			0.968493645234097
6315.200000000001			0.9446172462199092
6316.1			0.9603816663171196
6317.0			0.9558780573271786
6317.9			0.9209181276717016
6318.8			0.92025419239934
6319.700000000001			0.9608755472929494
6320.6			0.9957928218675474
6321.5			0.9911277606524542
6322.4			0.9701225091114711
6323.3			0.9762999851464403
6324.200000000001			1.0003056444708702
6325.1			1.0
6326.0			1.0
6326.9			1.0
6327.8			1.0
6328.700000000001			1.0
6329.6			1.0
6330.5			1.0
6331.4			1.0173202899596554
6332.3			1.0295914162860007
6333.200000000001			1.0264501418936607
6334.1			0.9989549277815415
6335.0			0.9460223868183522
6335.9			0.9004715518804376
6336.8			0.9073266506566469
6337.700000000001			0.9441581571288605
6338.6			0.9657559688367149
6339.5			0.9839610791386562
6340.4			0.9993718692485067
6341.3			1.0
6342.200000000001			1.0
6343.1			1.0
6344.0			1.0
6344.9			1.0
6345.8			1.0
6346.700000000001			1.0
6347.6			1.0
6348.5			1.0
6349.4			1.0
6350.3			1.0
6351.200000000001			1.0
6352.1			1.0
6353.0			1.0
6353.9			1.0
6354.8			1.0
6355.700000000001			1.0
6356.6			1.0
6357.5			1.0
6358.4			1.0
6359.3			1.0
6360.200000000001			1.0
6361.1			1.0
6362.0			1.0
6362.9			1.0
6363.8			1.0
6364.700000000001			1.0
6365.6			1.0
6366.5			1.0
6367.4			1.0
6368.3			1.0
6369.200000000001			1.0
6370.1			1.0
6371.0			1.0
6371.9			1.0
6372.8			1.0
6373.700000000001			1.0
6374.6			1.0
6375.5			1.0
6376.4			1.0
6377.3			1.0
6378.200000000001			1.0
6379.1			1.0
6380.0			1.0
6380.9			1.0
6381.8			1.0
6382.700000000001			1.0
6383.6			1.0
6384.5			1.0
6385.4			1.0
6386.3			1.0
6387.200000000001			1.0
6388.1			1.0
6389.0			1.0
6389.9			1.0
6390.8			1.0
6391.700000000001			1.0
6392.6			1.0
6393.5			1.0
6394.4			1.0
6395.3			1.0
6396.200000000001			1.0193632248107019
6397.1			1.0229629806162577
6398.0			1.0103185775558452
6398.9			0.9378233494073707
6399.8			0.8571484752147747
6400.700000000001			0.8792086305676209
6401.6			0.9577935920002378
6402.5			0.9943449940873836
6403.4			0.9947929949040605
6404.3			1.0
6405.200000000001			1.0
6406.1			1.0
6407.0			1.0
6407.9			1.0
6408.8			1.0156361793810404
6409.700000000001			1.0280627742362203
6410.6			0.9789979849188807
6411.5			0.9329961337874019
6412.4			0.9569198757698169
6413.3			0.9960087400480138
6414.200000000001			1.0031514314257064
6415.1			1.0
6416.0			1.0
6416.9			1.0
6417.8			1.0
6418.700000000001			1.0
6419.6			1.0
6420.5			1.0
6421.4			1.0
6422.3			1.0
6423.200000000001			1.0
6424.1			1.0
6425.0			1.0
6425.9			1.0
6426.8			1.0
6427.700000000001			1.0
6428.6			1.0
6429.5			1.0
6430.4			1.0
6431.3			1.0
6432.200000000001			1.0
6433.1			1.0
6434.0			1.0
6434.9			1.0
6435.8			0.995530657034825
6436.700000000001			0.9837784970565335
6437.6			0.938808101041378
6438.5			0.865765763724655
6439.4			0.8552632779549241
6440.3			0.9179701388899909
6441.200000000001			0.9721953075720879
6442.1			0.9941798090967988
6443.0			1.000075279688797
6443.9			1.0
6444.8			1.0
6445.700000000001			1.0
6446.6			1.0
6447.5			0.9960787997811968
6448.4			0.9613031942727549
6449.3			0.9015724374598806
6450.200000000001			0.8866186352665285
6451.1			0.9355643170136378
6452.0			0.982418051995203
6452.9			1.0002888172922824
6453.8			1.0
6454.700000000001			1.0
6455.6			1.0
6456.5			1.0
6457.4			1.0
6458.3			1.0
6459.200000000001			1.0
6460.1			0.998063473767212
6461.0			0.9529828129942622
6461.9			0.8692374035150225
6462.8			0.8430655599367483
6463.700000000001			0.9064835858282977
6464.6			0.9708251174559178
6465.5			0.9989162275140082
6466.4			1.0
6467.3			1.0
6468.200000000001			1.0
6469.1			1.0
6470.0			1.0
6470.9			1.0
6471.8			1.0
6472.700000000001			1.0
6473.6			1.0
6474.5			1.0
6475.4			1.0
6476.3			1.0
6477.200000000001			1.0
6478.1			1.0
6479.0			1.0
6479.9			1.0
6480.8			1.0
6481.700000000001			1.0
6482.6			1.0
6483.5			1.0
6484.4			1.0
6485.3			1.0
6486.200000000001			1.0
6487.1			1.0
6488.0			1.000717123505868
6488.9			0.9979416608907714
6489.8			0.9921171486210578
6490.700000000001			0.9884705988681785
6491.6			0.9790161333056083
6492.5			0.9394816665846529
6493.4			0.8612509738075057
6494.3			0.7942782867059606
6495.200000000001			0.7944698887506081
6496.1			0.8482002916479464
6497.0			0.9035695687666713
6497.9			0.9330697762948597
6498.8			0.9269257022970271
6499.700000000001			0.9310014732078309
6500.6			0.9642706090115924
6501.5			0.9899799072357846
6502.4			0.9998643547342388
6503.3			1.0
6504.200000000001			1.0
6505.1			1.0
6506.0			1.0
6506.9			1.0
6507.8			1.0
6508.700000000001			1.0
6509.6			1.0
6510.5			1.0
6511.4			1.0
6512.3			1.0
6513.200000000001			1.0
6514.1			1.0
6515.0			1.0
6515.9			1.0
6516.8			1.0
6517.700000000001			1.0
6518.6			1.0
6519.5			1.0
6520.4			1.0
6521.3			1.0
6522.200000000001			1.0
6523.1			1.0
6524.0			1.0
6524.9			1.0
6525.8			1.0
6526.700000000001			1.0
6527.6			1.0
6528.5			1.0
6529.4			1.0
6530.3			1.0
6531.200000000001			1.0
6532.1			1.0
6533.0			0.9969925538650826
6533.9			0.9903858044169751
6534.8			0.9945777597134736
6535.700000000001			1.0112276883518345
6536.6			1.0154267382145163
6537.5			1.0000980081210686
6538.4			0.991260352626172
6539.3			0.9961229975664937
6540.200000000001			0.9974745398442912
6541.1			1.0
6542.0			1.0
6542.9			1.0
6543.8			1.0
6544.700000000001			1.0
6545.6			1.0
6546.5			1.0
6547.4			1.0
6548.3			1.0
6549.200000000001			1.0
6550.1			1.0
6551.0			1.0
6551.9			1.0
6552.8			1.0
6553.700000000001			1.0
6554.6			1.0
6555.5			1.0
6556.4			1.0
6557.3			1.0
6558.200000000001			1.0
6559.1			1.0
6560.0			0.9836705298725548
6560.9			0.9166966758011794
6561.8			0.7654758521579764
6562.700000000001			0.6434060099638614
6563.6			0.7229378875596955
6564.5			0.885335068701126
6565.4			0.9729479457204165
6566.3			0.9984621694847466
6567.200000000001			0.9993376096332193
6568.1			0.9819641899605115
6569.0			0.960833520786597
6569.9			0.9662306541611991
6570.8			0.9858522827453281
6571.700000000001			0.9838990435286349
6572.6			0.9618784392968366
6573.5			0.9458276438266963
6574.4			0.9385731720811584
6575.3			1.0
6576.200000000001			1.0365243093131176
6577.1			1.061124722521686
6578.0			1.063119362340593
6578.9			1.0644990668796335
6579.8			1.0573841463978162
6580.700000000001			1.038517219575939
6581.6			1.038430073371452
6582.5			1.0498972379301708
6583.4			1.0565396722512919
6584.3			1.059010917361556
6585.200000000001			1.0486234248450208
6586.1			1.03302284581905
6587.0			1.0417224211355203
6587.9			1.0561725844710799
6588.8			1.0586856408935428
6589.700000000001			1.0560335697670828
6590.6			1.0483752268122382
6591.5			1.0081766307451188
6592.4			0.9404137128507106
6593.3			0.9080898809954974
6594.200000000001			0.9542951472414105
6595.1			1.01471161134349
6596.0			1.0354171162197328
6596.9			1.025552246112173
6597.8			1.0118660344811192
6598.700000000001			1.0064336887999445
6599.6			1.0242003834369813
6600.5			1.0444632643197327
6601.4			1.0483910443820668
6602.3			1.0517754504118362
6603.200000000001			1.0519007359932309
6604.1			1.040273761489323
6605.0			1.0341234725852042
6605.9			1.0347757502161137
6606.8			1.033479591095798
6607.700000000001			1.0186731416080685
6608.6			0.9930760910542458
6609.5			0.9924121662215243
6610.4			1.0254063844447694
6611.3			1.0427561847939275
6612.200000000001			1.0380923429780624
6613.1			1.03536242258294
6614.0			1.0423926219675521
6614.9			1.0495945196090755
6615.8			1.0483612395486674
6616.700000000001			1.0451581280125186
6617.6			1.0463120223623745
6618.5			1.0497367233361132
6619.4			1.0463989902934456
6620.3			1.0456366374445172
6621.200000000001			1.0
6622.1			0.9984873153418341
6623.0			0.9955661885873645
6623.9			0.9822679907373283
6624.8			0.9708764044884037
6625.700000000001			0.983476952855376
6626.6			0.9986164934145138
6627.5			0.9953979294379162
6628.4			0.9875939861159717
6629.3			0.9826640436583838
6630.200000000001			0.9837757889592602
6631.1			0.9842240239019103
6632.0			0.9699901861004996
6632.9			0.950938233027713
6633.8			0.9425709033844188
6634.700000000001			0.9595259466432465
6635.6			0.9756319977232443
6636.5			0.9890957752673086
6637.4			1.0024814426365654
6638.3			1.00433134023465
6639.200000000001			0.9963606866986733
6640.1			0.9982608495924582
6641.0			0.9992282469416027
6641.9			0.9941775642103324
6642.8			0.9656009891734656
6643.700000000001			0.9515799928702223
6644.6			0.9701157657241155
6645.5			0.9907137416423418
6646.4			1.0020293546953551
6647.3			1.0013382522161245
6648.200000000001			0.9995467952925495
6649.1			1.0014074560094233
6650.0			1.005850001833542
6650.9			1.009824273029792
6651.8			1.0104426016577541
6652.700000000001			1.0044378314117641
6653.6			1.0020672076412118
6654.5			1.006109144127516
6655.4			1.003074544446915
6656.3			0.9998569686709062
6657.200000000001			1.0032560345207189
6658.1			1.009558846746017
6659.0			1.0079775103809567
6659.9			0.9986992231621651
6660.8			0.992247790433717
6661.700000000001			0.9837044627054574
6662.6			0.9557384519241569
6663.5			0.9405681298100597
6664.4			0.9668659323886712
6665.3			0.9868824040337274
6666.200000000001			0.9870075700319118
6667.1			0.9846763519516892
6668.0			0.9898216921700459
6668.9			1.0033938317457827
6669.8			1.00465153294122
6670.700000000001			1.0066968797007734
6671.6			1.0073871873747493
6672.5			1.0169956464922947
6673.4			1.0172985584684877
6674.3			1.00767455914442
6675.200000000001			1.0049306641817966
6676.1			0.9938455821849457
6677.0			0.9433633513738469
6677.9			0.898469740205933
6678.8			0.9303387769771743
6679.700000000001			0.9888945443143757
6680.6			1.0075617905439207
6681.5			1.010553751270005
6682.4			1.0
6683.3			0.9979412536365952
6684.200000000001			0.9913924378620603
6685.1			0.98759314937297
6686.0			0.985313336260294
6686.9			0.983745150177795
6687.8			0.9885086908135502
6688.700000000001			0.9862338567973404
6689.6			0.9804105782534265
6690.5			0.9905808160646115
6691.4			0.9961368758441532
6692.3			0.9901287185589488
6693.200000000001			0.9868505603659296
6694.1			0.9915788257221314
6695.0			0.9907049701026376
6695.9			0.9684374089648172
6696.8			0.968195651351851
6697.700000000001			0.9805310948223288
6698.6			0.9775967909643066
6699.5			0.9858505936891983
6700.4			0.9958694677739334
6701.3			0.9885429265098682
6702.200000000001			0.980872647064238
6703.1			0.9792098637954288
6704.0			0.978583513968229
6704.9			0.97852385348702
6705.8			0.98262399052652
6706.700000000001			0.9919175021329213
6707.6			0.9980100062483483
6708.5			1.0047721149617916
6709.4			1.0050060751955154
6710.3			0.9894388690231457
6711.200000000001			0.9851394594442238
6712.1			0.9872929607243738
6713.0			0.9824482630922243
6713.9			0.9743941070305225
6714.8			0.9721423299666466
6715.700000000001			0.9702620384012295
6716.6			0.9443727375435699
6717.5			0.9096976079828663
6718.4			0.9377764018091609
6719.3			0.9867848957653751
6720.200000000001			1.0001610399292273
6721.1			0.99002605684258
6722.0			0.9891004239368202
6722.9			0.9922389039956898
6723.8			0.992344113094035
6724.700000000001			0.989139452924937
6725.6			0.9829572863548894
6726.5			0.9765052243769715
6727.4			0.9851952295039186
6728.3			1.0016089686672538
6729.200000000001			1.005224777931337
6730.1			0.9996391664130756
6731.0			0.9971461588693361
6731.9			0.9953190788727969
6732.8			0.9917168121556106
6733.700000000001			0.9913497183778913
6734.6			0.999742137487588
6735.5			1.0075104435786373
6736.4			0.9996399531911151
6737.3			0.9939516963513029
6738.200000000001			0.9946027890974266
6739.1			0.9894582141324008
6740.0			0.9928406643811731
6740.9			1.001411054035715
6741.8			0.9925766659882094
6742.700000000001			0.9696701676255378
6743.6			0.9690705363586911
6744.5			0.9817748554393773
6745.4			0.9916343032124924
6746.3			0.9966861876366103
6747.200000000001			0.9918247676397108
6748.1			0.9939043304317798
6749.0			0.9832825761890694
6749.9			0.9606320568266917
6750.8			0.9669295630660281
6751.700000000001			0.9825362121773674
6752.6			0.9758272869071897
6753.5			0.9751157701028985
6754.4			0.9866418216446018
6755.3			0.9903934845399417
6756.200000000001			0.9929831517720417
6757.1			1.008059570905518
6758.0			1.0181839099726415
6758.9			1.0127061352249698
6759.8			0.998791836207299
6760.700000000001			0.9939776817697116
6761.6			1.0012415043441507
6762.5			1.0090486146325708
6763.4			1.004385454697345
6764.3			0.9973983129443031
6765.200000000001			0.9967320745157211
6766.1			0.9925449267447154
6767.0			0.976737943195752
6767.9			0.9722599062682425
6768.8			0.9868257507259666
6769.700000000001			0.9995148059644531
6770.6			0.9938089896519083
6771.5			0.9804413999489492
6772.4			0.9809906923079922
6773.3			0.9925899903573723
6774.200000000001			1.0066477366346027
6775.1			1.0130969880763456
6776.0			1.0069575110168603
6776.9			0.9967699995032184
6777.8			1.0019469332984965
6778.700000000001			1.0023021937737677
6779.6			0.9956078424760791
6780.5			1.0042046782095566
6781.4			1.0043362229293509
6782.3			0.9887345459277158
6783.200000000001			0.9768170449222043
6784.1			0.9815036881715863
6785.0			0.9858915385200537
6785.9			0.982320404525942
6786.8			0.9798740065638085
6787.700000000001			0.9856976658624329
6788.6			0.9871042439553019
6789.5			0.9864199440083403
6790.4			0.9928677269142031
6791.3			0.9971881911714473
6792.200000000001			0.9947517898441657
6793.1			0.9944090885054697
6794.0			0.9984696762102021
6794.9			1.0120628849101825
6795.8			1.0257657960817887
6796.700000000001			1.0156438886052521
6797.6			0.9973804611182173
6798.5			0.9928952353183249
6799.4			0.999474995753521
6800.3			0.9975568750496735
6801.200000000001			1.000892586536538
6802.1			1.002039430611379
6803.0			0.9947919809327368
6803.9			0.9873263382995676
6804.8			0.9834371826500296
6805.700000000001			0.9804908411260465
6806.6			0.9785840517150373
6807.5			0.9839432508815835
6808.4			0.992773211722381
6809.3			0.988248739217799
6810.200000000001			0.9758990742857206
6811.1			0.9757562603221511
6812.0			0.9840877976963769
6812.9			0.991698246370755
6813.8			0.9859575664225022
6814.700000000001			0.979182160114734
6815.6			0.9854689977096536
6816.5			0.9978690834632279
6817.4			1.0041403671442708
6818.3			0.9981327513370398
6819.200000000001			0.9881871753379382
6820.1			0.9832576235975711
6821.0			0.9856362186234747
6821.9			0.9890502010590003
6822.8			0.9956866043586702
6823.700000000001			1.000236374290922
6824.6			0.9990370422205035
6825.5			1.0026730724401722
6826.4			1.0090102352804815
6827.3			1.0016148637764617
6828.200000000001			0.9821963085236805
6829.1			0.9785539522727944
6830.0			0.9947406984350969
6830.9			1.0095255222211734
6831.8			1.0090455140273271
6832.700000000001			0.9999080594052882
6833.6			1.0
6834.5			1.0
6835.4			1.0
6836.3			1.0
6837.200000000001			1.0
6838.1			1.0
6839.0			1.0
6839.9			1.0
6840.8			1.0
6841.700000000001			1.0
6842.6			1.0
6843.5			1.0
6844.4			1.0
6845.3			1.0
6846.200000000001			1.0
6847.1			1.0
6848.0			1.0
6848.9			1.0
6849.8			1.0
6850.700000000001			1.0
6851.6			1.0
6852.5			1.0
6853.4			1.0
6854.3			1.0
6855.200000000001			1.0
6856.1			1.0
6857.0			1.0
6857.9			1.0
6858.8			1.0
6859.700000000001			1.0
6860.6			1.0
6861.5			1.0
6862.4			1.0
6863.3			1.0
6864.200000000001			1.0
6865.1			1.0
6866.0			1.0
6866.9			1.0
6867.8			1.0
6868.700000000001			1.0
6869.6			1.0
6870.5			1.0
6871.4			1.0
6872.3			1.0
6873.200000000001			1.0
6874.1			1.0
6875.0			1.0
6875.9			1.0
6876.8			1.0
6877.700000000001			1.0
6878.6			1.0
6879.5			1.0
6880.4			1.0
6881.3			1.0
6882.200000000001			1.0
6883.1			1.0
6884.0			1.0
6884.9			1.0
6885.8			1.0
6886.700000000001			1.0
6887.6			1.0
6888.5			1.0
6889.4			1.0
6890.3			1.0
6891.200000000001			1.0
6892.1			1.0
6893.0			1.0
6893.9			1.0
6894.8			1.0
6895.700000000001			1.0
6896.6			1.0
6897.5			1.0
6898.4			1.0
6899.3			1.0
6900.200000000001			1.0
6901.1			1.0
6902.0			1.0
6902.9			1.0
6903.8			1.0
6904.700000000001			1.0
6905.6			1.0
6906.5			1.0
6907.4			1.0
6908.3			1.0
6909.200000000001			1.0
6910.1			1.0
6911.0			1.0
6911.9			1.0
6912.8			1.0
6913.700000000001			1.0
6914.6			1.0
6915.5			1.0
6916.4			1.0
6917.3			1.0
6918.200000000001			1.0
6919.1			1.0
6920.0			1.0
6920.9			1.0
6921.8			1.0
6922.700000000001			1.0
6923.6			1.0
6924.5			1.0
6925.4			1.0
6926.3			1.0
6927.200000000001			1.0
6928.1			1.0
6929.0			1.0
6929.9			1.0
6930.8			1.0
6931.700000000001			1.0
6932.6			1.0
6933.5			1.0
6934.4			1.0
6935.3			1.0
6936.200000000001			1.0
6937.1			1.0
6938.0			1.0
6938.9			1.0
6939.8			1.0
6940.700000000001			1.0
6941.6			1.0
6942.5			1.0
6943.4			1.0
6944.3			1.0
6945.200000000001			1.0
6946.1			1.0
6947.0			1.0
6947.9			1.0
6948.8			1.0
6949.700000000001			1.0
6950.6			1.0
6951.5			1.0
6952.4			1.0
6953.3			1.0
6954.200000000001			1.0
6955.1			1.0
6956.0			1.0
6956.9			1.0
6957.8			1.0
6958.700000000001			1.0
6959.6			1.0
6960.5			1.0
6961.4			1.0
6962.3			1.0
6963.200000000001			1.0
6964.1			1.0
6965.0			1.0
6965.9			1.0
6966.8			1.0
6967.700000000001			1.0
6968.6			1.0
6969.5			1.0
6970.4			0.9958882873149001
6971.3			0.9791901185048965
6972.200000000001			0.9753278475000836
6973.1			0.9797736874574919
6974.0			0.9800902834743059
6974.9			0.977911906473498
6975.8			0.9719564117222317
6976.700000000001			0.9514718555393691
6977.6			0.9229198616470363
6978.5			0.8891107637544652
6979.4			0.8998796058501126
6980.3			0.9418425382813966
6981.200000000001			0.9724841985538565
6982.1			0.9796486481515
6983.0			0.9854635811035375
6983.9			0.9952532488673664
6984.8			0.9986909318269187
6985.700000000001			1.003810175065747
6986.6			0.9989005188655262
6987.5			0.9910994367688218
6988.4			0.9788514413591008
6989.3			0.9767676492044335
6990.200000000001			0.9972222922550045
6991.1			1.0070560187293802
6992.0			1.0052663722600936
6992.9			0.9965120383709136
6993.8			0.9976196830638205
6994.700000000001			0.9970463208472837
6995.6			1.002369061809638
6996.5			1.0099359393392127
6997.4			1.0063833892468768
6998.3			0.9936585157551832
6999.200000000001			0.9867719367573051
7000.1			0.9731241609798008
7001.0			0.9795861651876171
7001.9			0.9978226463132609
7002.8			1.0017445820952824
7003.700000000001			0.9911127276743226
7004.6			0.9819364884475491
7005.5			0.9751190523067377
7006.4			0.9794529170767368
7007.3			0.977848241324277
7008.200000000001			0.9773649901928184
7009.1			0.9873887914719266
7010.0			0.9912206891225466
7010.9			0.9855879441461813
7011.8			0.9888658793477195
7012.700000000001			0.9944080611916717
7013.6			0.9876985395650237
7014.5			0.9810198576376219
7015.4			0.958485793282197
7016.3			0.9184956344767151
7017.200000000001			0.9365574198672983
7018.1			0.9756094362751287
7019.0			1.0001427294744354
7019.9			1.0086735401811726
7020.8			0.9964204352129751
7021.700000000001			0.9861120824522828
7022.6			0.957982129078998
7023.5			0.9430297104479808
7024.4			0.9405113747924426
7025.3			0.9525772658403298
7026.200000000001			0.9637719271175136
7027.1			0.9714780624404408
7028.0			0.9783683696332767
7028.9			0.9746611895744005
7029.8			0.9759538151729453
7030.700000000001			0.9753936601817437
7031.6			0.966079974098494
7032.5			0.9642127914157562
7033.4			0.9714484252286746
7034.3			0.9634665495752501
7035.200000000001			0.9612835973521074
7036.1			0.9703527432750954
7037.0			0.9728653721751699
7037.9			0.9501021522113243
7038.8			0.9354470101376667
7039.700000000001			0.9633323249181308
7040.6			0.9898647836668722
7041.5			1.00287090310513
7042.4			1.0082072389225043
7043.3			1.0
7044.200000000001			0.9903005778394097
7045.1			0.9907299078254134
7046.0			0.9850452144572075
7046.9			0.9863471508730578
7047.8			0.9893413066378214
7048.700000000001			0.9862085618697245
7049.6			0.9941694787044154
7050.5			0.9953558413117779
7051.4			0.9849939604643796
7052.3			0.9687121402884676
7053.200000000001			0.960006296048605
7054.1			0.9676030821515081
7055.0			0.966251692778684
7055.9			0.9720316137731622
7056.8			0.9786406877842339
7057.700000000001			0.9792187781707498
7058.6			0.9721248281165858
7059.5			0.9645718232326379
7060.4			0.964327623745405
7061.3			0.9723148597996306
7062.200000000001			0.9853949883108343
7063.1			0.9938994339757546
7064.0			1.004700853174106
7064.9			1.0146135677354862
7065.8			1.0139039968801604
7066.700000000001			1.0018737479770787
7067.6			0.9723955493423734
7068.5			0.9514842619481407
7069.4			0.960889960979475
7070.3			0.9803779657313628
7071.200000000001			0.9857034419956071
7072.1			0.9821363568018469
7073.0			0.9822731678880785
7073.9			0.9837765353041531
7074.8			0.9867174501680792
7075.700000000001			0.9835316725485468
7076.6			0.9829850303050477
7077.5			0.984073775925879
7078.4			0.9765371869832106
7079.3			0.9781589999322847
7080.200000000001			0.9786696327336751
7081.1			0.9774121417183808
7082.0			0.9722972976208668
7082.9			0.9601774851810452
7083.8			0.941705780447162
7084.700000000001			0.9218984641803348
7085.6			0.9241535744660273
7086.5			0.9408405107183265
7087.4			0.9486314538861437
7088.3			0.958350735480258
7089.200000000001			0.9639677367729695
7090.1			0.9434400175417019
7091.0			0.9413899340388909
7091.9			0.9540209968010608
7092.8			0.958894292325191
7093.700000000001			0.9583789405407249
7094.6			1.0
7095.5			0.9999678137659749
7096.4			1.0009601653034836
7097.3			1.0091177063844292
7098.200000000001			1.0144127750507874
7099.1			1.0020744071410408
7100.0			1.005414803337442
7100.9			1.023037891134043
7101.8			1.0214578110390817
7102.700000000001			1.0137675497834326
7103.6			1.019653212893181
7104.5			1.0263151742851548
7105.4			1.0194924735716309
7106.3			1.0140075538640005
7107.200000000001			1.011465809491753
7108.1			1.0145096400075162
7109.0			1.0244923500470908
7109.9			1.0194971892026656
7110.8			1.009750299245059
7111.700000000001			1.007765860698062
7112.6			1.0115563980659863
7113.5			1.0239344517778983
7114.4			1.035967967527796
7115.3			1.0395005571918734
7116.200000000001			1.0338382932305266
7117.1			1.0287374123819446
7118.0			1.0316083771766351
7118.9			1.033689688390358
7119.8			1.0368443994506127
7120.700000000001			1.03863375561803
7121.6			1.0096380313874695
7122.5			0.9854952958504941
7123.4			1.0134147871037102
7124.3			1.0503224891295224
7125.200000000001			1.0516821519661819
7126.1			1.0428064812620412
7127.0			1.047687478112191
7127.9			1.0457842035626461
7128.8			1.044064930232049
7129.700000000001			1.0261360071532943
7130.6			0.9948819156738546
7131.5			0.9940509607285907
7132.4			1.018312474462094
7133.3			1.0337829065064714
7134.200000000001			1.0440181899354963
7135.1			1.054793621049226
7136.0			1.0536937140477876
7136.9			1.053724624371569
7137.8			1.0561085716469054
7138.700000000001			1.0460466589085444
7139.6			1.039240287175618
7140.5			1.0458205176823552
7141.4			1.0516066242740003
7142.3			1.0426473796968447
7143.200000000001			1.0369467014258438
7144.1			1.0365436552689942
7145.0			1.030986076210757
7145.9			1.0334240999695297
7146.8			1.0199174719013866
7147.700000000001			0.9518888855999362
7148.6			0.9174828852141035
7149.5			0.9680455115743287
7150.4			1.0124681738314898
7151.3			1.0203901837036051
7152.200000000001			1.0224342604502623
7153.1			1.0235921265314385
7154.0			1.0307455082229502
7154.9			1.0362193863931946
7155.8			1.04313260196868
7156.700000000001			1.0590446741103816
7157.6			1.0658679879915935
7158.5			1.066887779943104
7159.4			1.0615078926375987
7160.3			1.0480946170055823
7161.200000000001			1.042953347063209
7162.1			1.0480262361759152
7163.0			1.0404167874983314
7163.9			0.9998489290669685
7164.8			0.9688106493031375
7165.700000000001			0.987491083523045
7166.6			1.0268090333278135
7167.5			1.0585214534026666
7168.4			1.0682781953273377
7169.3			1.0666627805171212
7170.200000000001			1.0673148241137735
7171.1			1.062813287445296
7172.0			1.050204618259146
7172.9			1.0565299478850556
7173.8			1.0713149515854268
7174.700000000001			1.0592089131560602
7175.6			1.0292545858485698
7176.5			1.0119458354981483
7177.4			1.0274233696419202
7178.3			1.052926221367475
7179.200000000001			1.0447709475252749
7180.1			1.004318235272272
7181.0			0.9750680807070758
7181.9			0.9858625061229407
7182.8			1.0065729392403224
7183.700000000001			1.0285584532883791
7184.6			1.057548545741653
7185.5			1.0590421189357437
7186.4			1.014304829921413
7187.3			0.9674335314295284
7188.200000000001			0.9637244947889899
7189.1			0.9752946831002608
7190.0			0.9787772813610945
7190.9			1.0077497063647793
7191.8			1.0450812654989983
7192.700000000001			1.043045614840163
7193.6			1.032450938645866
7194.5			1.0361894426513962
7195.4			1.038945919573667
7196.3			1.033173290024686
7197.200000000001			1.0331503890574256
7198.1			1.052979563778295
7199.0			1.0602812118104852
7199.9			1.0476173664427217
7200.8			1.0485491243335985
7201.700000000001			1.0306609072680257
7202.6			0.9913868898040504
7203.5			1.002485904837157
7204.4			1.0466811788716837
7205.3			1.0589763277505673
7206.200000000001			1.0327701001728666
7207.1			0.9791196716838487
7208.0			0.9496645167275132
7208.9			0.9646204015216728
7209.8			0.9948148412073268
7210.700000000001			1.028807660992694
7211.6			1.0526078865288007
7212.5			1.0565838276439683
7213.4			1.0534179225169298
7214.3			1.0528520538496318
7215.200000000001			1.0431083853327492
7216.1			1.0263067515939797
7217.0			1.0345876399526963
7217.9			1.0603566875732104
7218.8			1.066078494802176
7219.700000000001			1.0516631001040684
7220.6			1.0357159889392746
7221.5			1.0263580446370348
7222.4			1.0209900679800448
7223.3			1.0168727884263753
7224.200000000001			1.0298670999694093
7225.1			1.050038451753206
7226.0			1.053415210397242
7226.9			1.0519180384584643
7227.8			1.0603289435060788
7228.700000000001			1.0522723211768399
7229.6			1.041747583715142
7230.5			1.0490131173801132
7231.4			1.0561854983521448
7232.3			1.0659608818620774
7233.200000000001			1.0809308677181846
7234.1			1.0836632432919007
7235.0			1.0867238493410387
7235.9			1.0896735363568653
7236.8			1.0806417432446531
7237.700000000001			1.0684005621058237
7238.6			1.0525517537650382
7239.5			1.0282938140516409
7240.4			1.0395324657733531
7241.3			1.0730464420444918
7242.200000000001			1.0669272750729442
7243.1			1.0467537593619285
7244.0			1.0440047739531688
7244.9			1.0272923235971296
7245.8			1.0254431758554157
7246.700000000001			1.0401382212505985
7247.6			1.0538262705911838
7248.5			1.0656308687703302
7249.4			1.0706053994732303
7250.3			1.0642499839271888
7251.200000000001			1.045744072544569
7252.1			1.0350218516563097
7253.0			1.0607516276343028
7253.9			1.0839021431297493
7254.8			1.0750881205804352
7255.700000000001			1.0591136778488064
7256.6			1.054772260560201
7257.5			1.070977219472023
7258.4			1.0848787155615438
7259.3			1.0
7260.200000000001			0.9871668908342409
7261.1			0.9630674830274246
7262.0			0.9448647272694749
7262.9			0.961079415083485
7263.8			0.986309890187747
7264.700000000001			0.9981915899665302
7265.6			1.0071915809072232
7266.5			1.013107506956241
7267.4			1.0121763262909318
7268.3			1.0093592545883927
7269.200000000001			1.0099177764571305
7270.1			1.0129941182277329
7271.0			1.0112708945412778
7271.9			0.9985808845687982
7272.8			1.0100788515560397
7273.700000000001			1.0322280068646439
7274.6			1.0283948026201866
7275.5			1.0254124841368697
7276.4			1.0308914239880682
7277.3			1.0488218303147325
7278.200000000001			1.0676110957623421
7279.1			1.067131695947336
7280.0			1.0657050601491405
7280.9			1.0728974573372596
7281.8			1.0734945519694898
7282.700000000001			1.0600605329078332
7283.6			1.046482456641973
7284.5			1.0425103305823555
7285.4			1.0454205648072041
7286.3			1.0526294831896612
7287.200000000001			1.0783227326282914
7288.1			1.0846329274283222
7289.0			1.0470539579355174
7289.9			1.039038022910854
7290.8			1.0749010566050432
7291.700000000001			1.0843840061593741
7292.6			1.066536185284368
7293.5			1.0579599971998452
7294.4			1.0742222986451189
7295.3			1.102540737988352
7296.200000000001			1.121480148412956
7297.1			1.1273434148099768
7298.0			1.125724895745809
7298.9			1.1130737772859758
7299.8			1.1073907262875913
7300.700000000001			1.1118201742776403
7301.6			1.1131046985429953
7302.5			1.1126248122184972
7303.4			1.1211746447858923
7304.3			1.1340501949950814
7305.200000000001			1.1380574261884948
7306.1			1.1219457558634494
7307.0			1.0928327658800303
7307.9			1.0775721441148651
7308.8			1.0979208044977882
7309.700000000001			1.1299286417988617
7310.6			1.1251869451754328
7311.5			1.1105897776404943
7312.4			1.1226897645987715
7313.3			1.1525262255777904
7314.200000000001			1.162549322944503
7315.1			1.1656304554925363
7316.0			1.1718473166051504
7316.9			1.17220507050377
7317.8			1.180830279094843
7318.700000000001			1.194504715657653
7319.6			1.1996473231128144
7320.5			1.1972013505490202
7321.4			1.2153804088037037
7322.3			1.244532053310753
7323.200000000001			1.264320749134984
7324.1			1.2624014211178065
7325.0			1.2255584399595574
7325.9			1.1629149229252493
7326.8			1.153513956620862
7327.700000000001			1.208581674160784
7328.6			1.2617754930924556
7329.5			1.2803180919480799
7330.4			1.280851932347005
7331.3			1.282572765485874
7332.200000000001			1.2872159968348162
7333.1			1.2971635250516342
7334.0			1.3057394088004866
7334.9			1.3068313197451642
7335.8			1.3062526008918802
7336.700000000001			1.310067419485339
7337.6			1.307572009257396
7338.5			1.3097487887309769
7339.4			1.3182998567757982
7340.3			1.321991945531797
7341.200000000001			1.3309497676168751
7342.1			1.3397737237182312
7343.0			1.3389295409019726
7343.9			1.3149286739953645
7344.8			1.2882065399115037
7345.700000000001			1.302514725305916
7346.6			1.3370789006814539
7347.5			1.3624644105148436
7348.4			1.3762192723645148
7349.3			1.3845742538726067
7350.200000000001			1.3785402527177197
7351.1			1.363901554921533
7352.0			1.362298245928884
7352.9			1.3790947433476521
7353.8			1.4017903548680184
7354.700000000001			1.3992578168638292
7355.6			1.3574539329332254
7356.5			1.3338208542503713
7357.4			1.3472119135513956
7358.3			1.380793410208286
7359.200000000001			1.424167728650547
7360.1			1.4480109925549252
7361.0			1.44017113003553
7361.9			1.4127975105559765
7362.8			1.3966436997535119
7363.700000000001			1.4011461179028555
7364.6			1.4125047536873796
7365.5			1.4320163001752029
7366.4			1.4439009060219632
7367.3			1.4481461715507036
7368.200000000001			1.4651198029679047
7369.1			1.4829704062955613
7370.0			1.4827484789882275
7370.9			1.482833110901506
7371.8			1.4918332913855432
7372.700000000001			1.4862498878233923
7373.6			1.4778124165305744
7374.5			1.4816044263378088
7375.4			1.4826356289848612
7376.3			1.4791711098358262
7377.200000000001			1.491794146146274
7378.1			1.5117027655837045
7379.0			1.5299530397901022
7379.9			1.536700317265398
7380.8			1.526683211094717
7381.700000000001			1.5108191798277144
7382.6			1.5082948938134864
7383.5			1.5212903341620512
7384.4			1.5261943121097599
7385.3			1.506784188974659
7386.200000000001			1.47590881094872
7387.1			1.4600457219766991
7388.0			1.4562153565103004
7388.9			1.4380998611439548
7389.8			1.4493284489311073
7390.700000000001			1.5227636531779665
7391.6			1.5866745707148144
7392.5			1.5970816692515108
7393.4			1.5746930499829341
7394.3			1.5703175295463272
7395.200000000001			1.6077054958491315
7396.1			1.6362782106879727
7397.0			1.6607280012684849
7397.9			1.6797837950210366
7398.8			1.6720290477902466
7399.700000000001			1.6393647191449072
7400.6			1.6279153062627458
7401.5			1.677954174181448
7402.4			1.7466050670371636
7403.3			1.7800804631352596
7404.200000000001			1.7816002255362342
7405.1			1.779414750830804
7406.0			1.7825464906721828
7406.9			1.8097697130291512
7407.8			1.8417778946349976
7408.700000000001			1.8305346301829948
7409.6			1.7990905810046856
7410.5			1.7898113098229849
7411.4			1.8061286671190784
7412.3			1.9774206222657185
7413.200000000001			0.8605678011890943
7414.1			2.031452880695666e-05
7415.0			2.043732606671616e-05
7415.9			2.0561616924681362e-05
7416.8			2.0687428797818833e-05
7417.700000000001			2.0814789778259146e-05
7418.6			2.0943728654208635e-05
7419.5			2.1074274931643287e-05
7420.4			2.1206458856819027e-05
7421.3			2.1340311439634484e-05
7422.200000000001			2.147586447788421e-05
7423.1			2.161315058244206e-05
7424.0			2.175220320341679e-05
7424.9			2.1893056657323796e-05
7425.8			2.2035746155319445e-05
7426.700000000001			2.218030783254674e-05
7427.6			2.2326778778643762e-05
7428.5			2.247519706946891e-05
7429.4			1.0
