3500.0			1.0
3500.9			1.0
3501.8			1.0
3502.7			1.0
3503.6			1.0
3504.5			1.0
3505.4			1.0
3506.3			1.0
3507.2			1.0
3508.1			1.0
3509.0			1.0
3509.9			1.0
3510.8			1.0
3511.7			1.0
3512.6			1.0
3513.5			1.0
3514.4			1.0
3515.3			1.0
3516.2			1.0
3517.1			1.0
3518.0			1.0
3518.9			1.0
3519.8			1.0
3520.7			1.0
3521.6			1.0
3522.5			1.0
3523.4			1.0
3524.3			1.0
3525.2			1.0
3526.1			1.0
3527.0			1.0
3527.9			1.0
3528.8			1.0
3529.7			1.0
3530.6			1.0
3531.5			1.0
3532.4			1.0
3533.3			1.0
3534.2			1.0
3535.1			1.0
3536.0			1.0
3536.9			1.0
3537.8			1.0
3538.7			1.0
3539.6			1.0
3540.5			1.0
3541.4			1.0
3542.3			1.0
3543.2			1.0
3544.1			1.0
3545.0			1.0
3545.9			1.0
3546.8			1.0
3547.7			1.0
3548.6			1.0
3549.5			1.0
3550.4			1.0
3551.3			1.0
3552.2			1.0
3553.1			1.0
3554.0			1.0
3554.9			1.0
3555.8			1.0
3556.7			1.0
3557.6			1.0
3558.5			1.0
3559.4			1.0
3560.3			1.0
3561.2			1.0
3562.1			1.0
3563.0			1.0
3563.9			1.0
3564.8			1.0
3565.7			1.0
3566.6			1.0
3567.5			1.0
3568.4			1.0
3569.3			1.0
3570.2			1.0
3571.1			1.0
3572.0			1.0
3572.9			1.0
3573.8			1.0
3574.7			1.0
3575.6			1.0
3576.5			1.0
3577.4			1.0
3578.3			1.0
3579.2			1.0
3580.1			1.0
3581.0			1.0
3581.9			1.0
3582.8			1.0
3583.7			1.0
3584.6			1.0
3585.5			1.0
3586.4			1.0
3587.3			1.0
3588.2			1.0
3589.1			1.0
3590.0			1.0
3590.9			1.0
3591.8			1.0
3592.7			1.0
3593.6			1.0
3594.5			1.0
3595.4			1.0
3596.3			1.0
3597.2			1.0
3598.1			1.0
3599.0			1.0
3599.9			1.0
3600.8			1.0
3601.7			1.0
3602.6			1.0
3603.5			1.0
3604.4			1.0
3605.3			1.0
3606.2			1.0
3607.1			1.0
3608.0			1.0
3608.9			1.0
3609.8			1.0
3610.7			1.0
3611.6			1.0
3612.5			1.0
3613.4			1.0
3614.3			1.0
3615.2			1.0
3616.1			1.0
3617.0			1.0
3617.9			1.0
3618.8			1.0
3619.7			1.0
3620.6			1.0
3621.5			1.0
3622.4			1.0
3623.3			1.0
3624.2			1.0
3625.1			1.0
3626.0			1.0
3626.9			1.0
3627.8			1.0
3628.7			1.0
3629.6			1.0
3630.5			1.0
3631.4			1.0
3632.3			1.0
3633.2			1.0
3634.1			1.0
3635.0			1.0
3635.9			1.0
3636.8			1.0
3637.7			1.0
3638.6			1.0
3639.5			1.0
3640.4			1.0
3641.3			1.0
3642.2			1.0
3643.1			1.0
3644.0			1.0
3644.9			1.0
3645.8			1.0
3646.7			1.0
3647.6			1.0
3648.5			1.0
3649.4			1.0
3650.3			1.0
3651.2			1.0
3652.1			1.0
3653.0			1.0
3653.9			1.0
3654.8			1.0
3655.7			1.0
3656.6			1.0
3657.5			1.0
3658.4			1.0
3659.3			1.0
3660.2			1.0
3661.1			1.0
3662.0			1.0
3662.9			1.0
3663.8			1.0
3664.7			1.0
3665.6			1.0
3666.5			1.0
3667.4			1.0
3668.3			1.0
3669.2			1.0
3670.1			1.0
3671.0			1.0
3671.9			1.0
3672.8			1.0
3673.7			1.0
3674.6			1.0
3675.5			1.0
3676.4			1.0
3677.3			1.0
3678.2			1.0
3679.1			1.0
3680.0			1.0
3680.9			1.0
3681.8			1.0
3682.7			1.0
3683.6			1.0
3684.5			1.0
3685.4			1.0
3686.3			1.0
3687.2			1.0
3688.1			1.0
3689.0			1.0
3689.9			1.0
3690.8			1.0
3691.7			1.0
3692.6			1.0
3693.5			1.0
3694.4			1.0
3695.3			1.0
3696.2			1.0
3697.1			1.0
3698.0			1.0
3698.9			1.0
3699.8			1.0
3700.7			1.0
3701.6			1.0
3702.5			1.0
3703.4			1.0
3704.3			1.0
3705.2			1.0
3706.1			1.0
3707.0			1.0
3707.9			1.0
3708.8			1.0
3709.7			1.0
3710.6			1.0
3711.5			1.0
3712.4			1.0
3713.3			1.0
3714.2			1.0
3715.1			1.0
3716.0			1.0
3716.9			1.0
3717.8			1.0
3718.7			1.0
3719.6			1.0
3720.5			1.0
3721.4			1.0
3722.3			1.0
3723.2			1.0
3724.1			1.0
3725.0			1.0
3725.9			1.0
3726.8			1.0
3727.7			1.0
3728.6			1.0
3729.5			1.0
3730.4			1.0
3731.3			1.0
3732.2			1.0
3733.1			1.0
3734.0			1.0
3734.9			1.0
3735.8			1.0
3736.7			1.0
3737.6			1.0
3738.5			1.0
3739.4			1.0
3740.3			1.0
3741.2			1.0
3742.1			1.0
3743.0			1.0
3743.9			1.0
3744.8			1.0
3745.7			1.0
3746.6			1.0
3747.5			1.0
3748.4			1.0
3749.3			1.0
3750.2			1.0
3751.1			1.0
3752.0			1.0
3752.9			1.0
3753.8			1.0
3754.7			1.0
3755.6			1.0
3756.5			1.0
3757.4			1.0
3758.3			1.0
3759.2			1.0
3760.1			1.0
3761.0			1.0
3761.9			1.0
3762.8			1.0
3763.7			1.0
3764.6			1.0
3765.5			1.0
3766.4			1.0
3767.3			1.0
3768.2			1.0
3769.1			1.0
3770.0			1.0
3770.9			1.0
3771.8			1.0
3772.7			1.0
3773.6			1.0
3774.5			1.0
3775.4			1.0
3776.3			1.0
3777.2			1.0
3778.1			1.0
3779.0			1.0
3779.9			1.0
3780.8			1.0
3781.7			1.0
3782.6			1.0
3783.5			1.0
3784.4			1.0
3785.3			1.0
3786.2			1.0
3787.1			1.0
3788.0			1.0
3788.9			1.0
3789.8			1.0
3790.7			1.0
3791.6			1.0
3792.5			1.0
3793.4			1.0
3794.3			1.0
3795.2			1.0
3796.1			1.0
3797.0			1.0
3797.9			1.0
3798.8			1.0
3799.7			1.0
3800.6			1.0
3801.5			1.0
3802.4			1.0
3803.3			1.0
3804.2			1.0
3805.1			1.0
3806.0			1.0
3806.9			1.0
3807.8			1.0
3808.7			1.0
3809.6			1.0
3810.5			1.0
3811.4			1.0
3812.3			1.0
3813.2			1.0
3814.1			1.0
3815.0			1.0
3815.9			1.0
3816.8			1.0
3817.7			1.0
3818.6			1.0
3819.5			1.0
3820.4			1.0
3821.3			1.0
3822.2			1.0
3823.1			1.0
3824.0			1.0
3824.9			1.0
3825.8			1.0
3826.7			1.0
3827.6			1.0
3828.5			1.0
3829.4			1.0
3830.3			1.0
3831.2			1.0
3832.1			1.0
3833.0			1.0
3833.9			1.0
3834.8			1.0
3835.7			1.0
3836.6			1.0
3837.5			1.0
3838.4			1.0
3839.3			1.0
3840.2			1.0
3841.1			1.0
3842.0			1.0
3842.9			1.0
3843.8			1.0
3844.7			1.0
3845.6			1.0
3846.5			1.0
3847.4			1.0
3848.3			1.0
3849.2			1.0
3850.1			1.0
3851.0			1.0
3851.9			1.0
3852.8			1.0
3853.7			1.0
3854.6			1.0
3855.5			1.0
3856.4			1.0
3857.3			1.0
3858.2			1.0
3859.1			1.0
3860.0			1.0
3860.9			1.0
3861.8			1.0
3862.7			1.0
3863.6			1.0
3864.5			1.0
3865.4			1.0
3866.3			1.0
3867.2			1.0
3868.1			1.0
3869.0			1.0
3869.9			1.0
3870.8			1.0
3871.7			1.0
3872.6			1.0
3873.5			1.0
3874.4			1.0
3875.3			1.0
3876.2			1.0
3877.1			1.0
3878.0			1.0
3878.9			1.0
3879.8			1.0
3880.7			1.0
3881.6			1.0
3882.5			1.0
3883.4			1.0
3884.3			1.0
3885.2			1.0
3886.1			1.0
3887.0			1.0
3887.9			1.0
3888.8			1.0
3889.7			1.0
3890.6			1.0
3891.5			1.0
3892.4			1.0
3893.3			1.0
3894.2			1.0
3895.1			1.0
3896.0			1.0
3896.9			1.0
3897.8			1.0
3898.7			1.0
3899.6			1.0
3900.5			1.0
3901.4			1.0
3902.3			1.0
3903.2			1.0
3904.1			1.0
3905.0			1.0
3905.9			1.0
3906.8			1.0
3907.7			1.0
3908.6			1.0
3909.5			1.0
3910.4			1.0
3911.3			1.0
3912.2			1.0
3913.1			1.0
3914.0			1.0
3914.9			1.0
3915.8			1.0
3916.7			1.0
3917.6			1.0
3918.5			1.0
3919.4			1.0
3920.3			1.0
3921.2			1.0
3922.1			1.0
3923.0			1.0
3923.9			1.0
3924.8			1.0
3925.7			1.0
3926.6			1.0
3927.5			1.0
3928.4			1.0
3929.3			1.0
3930.2			1.0
3931.1			1.0
3932.0			1.0
3932.9			1.0
3933.8			1.0
3934.7			1.0
3935.6			1.0
3936.5			1.0
3937.4			1.0
3938.3			1.0
3939.2			1.0
3940.1			1.0
3941.0			1.0
3941.9			1.0
3942.8			1.0
3943.7			1.0
3944.6			1.0
3945.5			1.0
3946.4			1.0
3947.3			1.0
3948.2			1.0
3949.1			1.0
3950.0			1.0
3950.9			1.0
3951.8			1.0
3952.7			1.0
3953.6			1.0
3954.5			1.0
3955.4			1.0
3956.3			1.0
3957.2			1.0
3958.1			1.0
3959.0			1.0
3959.9			1.0
3960.8			1.0
3961.7			1.0
3962.6			1.0
3963.5			1.0
3964.4			1.0
3965.3			1.0
3966.2			1.0
3967.1			1.0
3968.0			1.0
3968.9			1.0
3969.8			1.0
3970.7			1.0
3971.6			1.0
3972.5			1.0
3973.4			1.0
3974.3			1.0
3975.2			1.0
3976.1			1.0
3977.0			1.0
3977.9			1.0
3978.8			1.0
3979.7			1.0
3980.6			1.0
3981.5			1.0
3982.4			1.0
3983.3			1.0
3984.2			1.0
3985.1			1.0
3986.0			1.0
3986.9			1.0
3987.8			1.0
3988.7			1.0
3989.6			1.0
3990.5			1.0
3991.4			1.0
3992.3			1.0
3993.2			1.0
3994.1			1.0
3995.0			1.0
3995.9			1.0
3996.8			1.0
3997.7			1.0
3998.6			1.0
3999.5			1.0
4000.4			1.0
4001.3			1.0
4002.2			1.0324120860413815
4003.1			1.0519082585151973
4004.0			0.958636495805686
4004.9			0.7880735531028343
4005.8			0.7092529595271616
4006.7			0.78796156243858
4007.6			0.9175170961193916
4008.5			0.9904192418091701
4009.4			1.0001077586032414
4010.3			1.0
4011.2			1.0
4012.1			1.0
4013.0			1.0
4013.9			1.0
4014.8			1.0
4015.7			1.0
4016.6			1.0
4017.5			1.0
4018.4			1.0
4019.3			1.0
4020.2			1.0
4021.1			1.0
4022.0			1.0
4022.9			1.0
4023.8			1.0
4024.7			1.0
4025.6			1.0
4026.5			1.0
4027.4			1.043310780134408
4028.3			1.0638182251705217
4029.2			0.9869097795321712
4030.1			0.8171154851099798
4031.0			0.692645785898962
4031.9			0.660163126912993
4032.8			0.6373589830637467
4033.7			0.630212493461617
4034.6			0.6945646056432506
4035.5			0.821369771326084
4036.4			0.9695299550349789
4037.3			1.0819705213837632
4038.2			1.1117070838726304
4039.1			1.0
4040.0			0.936455593513945
4040.9			0.9058813379682509
4041.8			0.9302670073553341
4042.7			0.9296109059828523
4043.6			0.8027659042145233
4044.5			0.5900679091344477
4045.4			0.4359733839846346
4046.3			0.4531426988561603
4047.2			0.6198991978713122
4048.1			0.7943876193467005
4049.0			0.8987379459759767
4049.9			0.9664950646219029
4050.8			1.000153217155369
4051.7			1.0
4052.6			1.0
4053.5			1.0
4054.4			1.0
4055.3			1.0
4056.2			1.0
4057.1			0.9388204112459548
4058.0			0.8725686349069549
4058.9			0.9028065770500213
4059.8			1.002447529040657
4060.7			1.041564786408136
4061.6			0.9394444710142317
4062.5			0.7389260819724036
4063.4			0.5935019929380074
4064.3			0.6274668880231229
4065.2			0.7658126093257301
4066.1			0.8429822116050071
4067.0			0.8598109055468978
4067.9			0.9236006474617527
4068.8			1.0170327891925344
4069.7			1.0024082742112461
4070.6			1.0
4071.5			1.0
4072.4			1.0
4073.3			1.0
4074.2			1.0851809464889697
4075.1			1.0305565579291551
4076.0			0.9024799797789099
4076.9			0.789397000006119
4077.8			0.7611010074210643
4078.7			0.8082364443126681
4079.6			0.8850606637742671
4080.5			0.9567168847955863
4081.4			0.9754074518584424
4082.3			1.0
4083.2			1.0
4084.1			1.0
4085.0			1.0
4085.9			1.0
4086.8			1.0
4087.7			1.0
4088.6			1.0
4089.5			1.0
4090.4			1.0
4091.3			0.9732710224668999
4092.2			0.9662817183526867
4093.1			0.9934307078155719
4094.0			1.0082684566318112
4094.9			0.9471345887955098
4095.8			0.862503211911781
4096.7			0.83089460464986
4097.6			0.8499796872955907
4098.5			0.8830889940390083
4099.4			0.8803049407654896
4100.3			0.8125169392043787
4101.2			0.7473636623937494
4102.1			0.769705153365849
4103.0			0.8483302394184098
4103.9			0.9074564123132538
4104.8			0.9564995593853752
4105.7			1.0201186967023068
4106.6			1.0581049640303963
4107.5			1.0543381840354644
4108.4			1.0402909403552318
4109.3			1.023620110050025
4110.2			1.0053837824853242
4111.1			0.9987531687859255
4112.0			1.0
4112.9			1.0
4113.8			1.0513335065814111
4114.7			1.0640028594567217
4115.6			1.0649920700497544
4116.5			1.0653399753721793
4117.4			1.0231858801367735
4118.3			0.9381157441664477
4119.2			0.8982748540384203
4120.1			0.9358139596686383
4121.0			0.9671708283050776
4121.9			0.9528216395164125
4122.8			0.9356359684318213
4123.7			0.9600248446353852
4124.6			1.0031224602880149
4125.5			1.0
4126.4			0.9517826148013263
4127.3			0.9129020736979099
4128.2			0.9031240679107821
4129.1			0.9130826933150812
4130.0			0.9033048360047593
4130.9			0.8352560749831119
4131.8			0.7316201130749821
4132.7			0.6818974965572902
4133.6			0.7092255332863966
4134.5			0.7783041173346401
4135.4			0.8828535097188546
4136.3			0.9612899558245891
4137.2			1.0
4138.1			1.0160204771973957
4139.0			1.0453697844437178
4139.9			1.0590493651894688
4140.8			1.0325274396378488
4141.7			0.9214773507219597
4142.6			0.7439444161104503
4143.5			0.6338756906834
4144.4			1.0
4145.3			1.1840721152265714
4146.2			1.3054437712748928
4147.1			1.321729434558649
4148.0			1.279543122518387
4148.9			1.205401680492113
4149.8			1.1420977560771384
4150.7			1.123133759420857
4151.6			1.1111743720585958
4152.5			1.0680583747008556
4153.4			0.9949450662799245
4154.3			0.928386075700865
4155.2			0.9081804164386653
4156.1			0.9057106836888641
4157.0			0.9017569608984368
4157.9			0.9212812171847865
4158.8			0.9560084768888912
4159.7			0.9756537149048904
4160.6			0.974193036897217
4161.5			0.9835794332447269
4162.4			1.008448694034579
4163.3			0.9967638325983919
4164.2			1.0
4165.1			1.0
4166.0			0.9523790353578688
4166.9			0.8935778886181431
4167.8			0.8850117947101567
4168.7			0.9436077841371894
4169.6			0.9956648367540285
4170.5			0.9790366094856808
4171.4			0.8911483304553376
4172.3			0.8038118610524654
4173.2			0.7954235789914554
4174.1			0.8369974179705486
4175.0			0.8624686850153984
4175.9			0.8679263994640494
4176.8			0.8677941373266685
4177.7			0.8751543209858118
4178.6			0.9072176717549455
4179.5			0.9410147837368316
4180.4			0.9268638925747466
4181.3			0.8677902000127307
4182.2			0.8304624132570706
4183.1			0.8534663628167605
4184.0			0.9146839214473813
4184.9			0.9595620751418968
4185.8			0.9121836428547307
4186.7			0.7827663615934047
4187.6			0.7141165209122455
4188.5			1.0
4189.4			1.1280710461652665
4190.3			1.1462215241800389
4191.2			1.0881616280923327
4192.1			1.1048016590273462
4193.0			1.1822016939206923
4193.9			1.1677268637409184
4194.8			1.041355185589404
4195.7			0.9184328515193115
4196.6			0.8544315735426964
4197.5			0.8061430476413071
4198.4			0.7661453350007627
4199.3			0.7847977047132807
4200.2			0.8166403162693435
4201.1			0.7838948557136469
4202.0			0.7530823753808613
4202.9			0.8081852442996625
4203.8			0.8927257593792787
4204.7			0.9490725997403859
4205.6			0.983031571493406
4206.5			0.9935560693021787
4207.4			0.9933798660033459
4208.3			1.0598996053044152
4209.2			0.9998726353756756
4210.1			1.0
4211.0			1.0
4211.9			1.0543728113240367
4212.8			1.059701898189396
4213.7			0.9931223654637714
4214.6			0.8789682385921622
4215.5			0.7830660460647367
4216.4			0.8034036049648979
4217.3			0.9090113130757994
4218.2			0.9804965045194793
4219.1			1.0
4220.0			1.0297268217141253
4220.9			1.0383750098856426
4221.8			0.986872736262067
4222.7			0.899097694695284
4223.6			0.8019721802150953
4224.5			0.6754177169141659
4225.4			0.5156402291350196
4226.3			0.3867498492736802
4227.2			0.4050730243495929
4228.1			1.0
4229.0			1.2986333346838919
4229.9			1.4595771235580908
4230.8			1.5268427336081851
4231.7			1.4910662432923838
4232.6			1.3458077533779418
4233.5			1.2135592913206419
4234.4			1.1439754472641515
4235.3			1.049755303890773
4236.2			0.9627251630068645
4237.1			0.9679937240460273
4238.0			0.9965373881300316
4238.9			0.9849883919975282
4239.8			0.9864625969141902
4240.7			1.0330705980381043
4241.6			1.0
4242.5			0.9963349817802353
4243.4			1.013926519582744
4244.3			1.0889798197212874
4245.2			1.1351953335479197
4246.1			1.0940105712301094
4247.0			1.0001524638266508
4247.9			0.9121593070272054
4248.8			0.8349064190402028
4249.7			0.7491668356712413
4250.6			0.7295933078793264
4251.5			0.8411412691558049
4252.4			0.9499365537669013
4253.3			0.9031818628111118
4254.2			0.7882063420639096
4255.1			0.8040374671307275
4256.0			1.0
4256.9			1.1335105881397805
4257.8			1.1049508414505285
4258.7			0.9442829423736924
4259.6			0.7616154027212423
4260.5			0.6644285417520648
4261.4			0.7244253620914555
4262.3			0.8831175045739976
4263.2			0.9949545614527352
4264.1			1.0
4265.0			1.014610153200166
4265.9			1.0288179733276943
4266.8			1.0037919121371415
4267.7			0.9488600507764006
4268.6			0.8976774455742393
4269.5			0.8156998343603677
4270.4			0.672233571874986
4271.3			0.5463274295452427
4272.2			0.5399788085106084
4273.1			0.6060083709863016
4274.0			0.6318284927854193
4274.9			0.6567446804572141
4275.8			0.7769551269390709
4276.7			0.9497131575035255
4277.6			1.0697615779145664
4278.5			1.0
4279.4			0.9184962677933316
4280.3			0.8365936434771291
4281.2			0.8230630210152574
4282.1			0.8477731921543304
4283.0			0.8838182613816042
4283.9			0.9086250731592284
4284.8			0.8783177649941227
4285.7			0.8288535475956141
4286.6			0.8333764743509928
4287.5			0.8541208398272296
4288.4			0.7935393144651413
4289.3			0.680343083044912
4290.2			0.6437803633829519
4291.1			0.7197393830350178
4292.0			0.8301971110373886
4292.9			0.8741854137376047
4293.8			0.8325849429340303
4294.7			0.80305762807985
4295.6			0.824675863049212
4296.5			0.8183205459903565
4297.4			0.7489688670907341
4298.3			0.6401013644140434
4299.2			0.5360397951129338
4300.1			0.5113422002968239
4301.0			0.5629498060887453
4301.9			0.6018509884577253
4302.8			0.6069198631484675
4303.7			0.6184477592023985
4304.6			0.6268619837464632
4305.5			0.6084872574641629
4306.4			0.5571052469838339
4307.3			0.4810702408730404
4308.2			0.43448927369455487
4309.1			0.457670844490758
4310.0			0.5183447800730391
4310.9			0.5746847169486299
4311.8			0.6320856759131065
4312.7			0.7124755904267652
4313.6			0.7970981190936188
4314.5			0.8836887970189384
4315.4			1.0238447861218387
4316.3			1.1762089364369432
4317.2			1.233158456174885
4318.1			1.2027199097871295
4319.0			1.0
4319.9			0.9972367160736203
4320.8			0.9822414538152564
4321.7			0.945602906820131
4322.6			0.8462074875821768
4323.5			0.685686517625465
4324.4			0.5394268694194227
4325.3			0.464845067382153
4326.2			0.5163774500503835
4327.1			0.6929862810864519
4328.0			0.8872862638624913
4328.9			0.9955695005274624
4329.8			1.0096708642441954
4330.7			1.0
4331.6			1.0116255961744776
4332.5			1.0262045993477769
4333.4			1.036366413531237
4334.3			1.0572399889260964
4335.2			1.0693091360017841
4336.1			1.0124650926766745
4337.0			0.8833449509550483
4337.9			0.7763287102924534
4338.8			0.7261232178882867
4339.7			0.6922380435441737
4340.6			0.7012703039473123
4341.5			0.7903140210973654
4342.4			0.8852787837033133
4343.3			0.9118722975898915
4344.2			0.9214349815439856
4345.1			1.0
4346.0			1.0272843335334647
4346.9			1.0224635707509497
4347.8			1.0468989788222478
4348.7			1.1138411054567285
4349.6			1.1286725884737228
4350.5			1.0064449817917323
4351.4			0.8244841760201683
4352.3			0.7525171814795801
4353.2			0.8289620830043416
4354.1			0.9227293248339108
4355.0			0.9553700232762176
4355.9			0.9846711540256858
4356.8			1.0378420938847854
4357.7			1.0493106067338627
4358.6			1.002425274514651
4359.5			1.0
4360.4			1.0
4361.3			1.0
4362.2			1.0
4363.1			1.0
4364.0			1.0
4364.9			1.0
4365.8			1.0
4366.7			1.0
4367.6			1.0
4368.5			1.0
4369.4			1.0
4370.3			1.0
4371.2			1.0
4372.1			0.9955238440066231
4373.0			0.9608810388627684
4373.9			0.893574498390661
4374.8			0.8357143596167705
4375.7			0.8336596014473131
4376.6			0.8997406055430293
4377.5			0.9894201661877503
4378.4			1.0392676381345267
4379.3			1.027800508191695
4380.2			0.9769562543232904
4381.1			0.8923163675408544
4382.0			0.7394793751382276
4382.9			0.5448118871860184
4383.8			0.4458536428329989
4384.7			0.5353750545567388
4385.6			0.7363051385980407
4386.5			0.8923672537420028
4387.4			0.9381256934647951
4388.3			0.9231727657578734
4389.2			0.9009400870136498
4390.1			0.8967818794056638
4391.0			0.9267077699699445
4391.9			0.9758610622230667
4392.8			1.0057436872112755
4393.7			0.9967433744486188
4394.6			1.0
4395.5			1.017440367444818
4396.4			1.0890699098724859
4397.3			1.151398807188056
4398.2			1.1454726989439152
4399.1			1.0700959722665677
4400.0			0.9730308143857302
4400.9			0.9310617178135159
4401.8			0.9574514206261819
4402.7			0.9339513625406052
4403.6			0.7811952117718769
4404.5			0.6277246647792306
4405.4			0.6373391485209178
4406.3			0.7577302416711259
4407.2			0.8335296846103301
4408.1			0.8586034333292831
4409.0			0.9208383363551659
4409.9			1.01291779215733
4410.8			1.0
4411.7			1.0269815945243252
4412.6			1.020269149118473
4413.5			0.9311988206588321
4414.4			0.7782193383137995
4415.3			0.6943847266626166
4416.2			0.7469125538751971
4417.1			0.853304743822755
4418.0			0.9399694113436776
4418.9			1.0
4419.8			1.0289611406476695
4420.7			0.9969423090014572
4421.6			0.9126039841902122
4422.5			0.8498789744828158
4423.4			0.8552408912859913
4424.3			0.8776921700442265
4425.2			0.8696411994107457
4426.1			0.850791581686639
4427.0			0.862638134274705
4427.9			0.9146258806432687
4428.8			0.9436159640624349
4429.7			0.9055148878001448
4430.6			0.8768744497065448
4431.5			0.9120008202846709
4432.4			0.9359655545635478
4433.3			0.8848995665571339
4434.2			0.7929948143760875
4435.1			0.7418558451208566
4436.0			0.784797506838541
4436.9			0.8897807832111616
4437.8			0.9824415174227792
4438.7			1.027142999459454
4439.6			1.0169407601812674
4440.5			0.9592062110016628
4441.4			0.8831216275647369
4442.3			0.833063856746866
4443.2			1.0
4444.1			1.0898046147265266
4445.0			1.1920140037529556
4445.9			1.2166173653800105
4446.8			1.1586737804919944
4447.7			1.123242236801064
4448.6			1.1476659957689224
4449.5			1.1569938465088159
4450.4			1.1341803588017554
4451.3			1.122954972575017
4452.2			1.1095665136266524
4453.1			1.0424865463870288
4454.0			0.91795603181436
4454.9			0.8174856197445487
4455.8			0.8245552850988321
4456.7			0.8870159468296047
4457.6			0.9080960414157285
4458.5			0.8831361719960087
4459.4			0.8702807546814686
4460.3			0.8670239305271298
4461.2			0.8392767695928691
4462.1			0.8503839755784425
4463.0			0.942677140213612
4463.9			1.0208080854992152
4464.8			1.0247566603344802
4465.7			0.999300642128685
4466.6			1.0
4467.5			1.0
4468.4			1.0
4469.3			1.0
4470.2			1.0
4471.1			1.0
4472.0			1.0
4472.9			1.0
4473.8			1.0
4474.7			1.0
4475.6			1.0
4476.5			1.0
4477.4			1.0476719828879322
4478.3			1.0500533391303146
4479.2			0.9836985490392279
4480.1			0.8948681262975808
4481.0			0.8309755552527844
4481.9			0.8095942052811356
4482.8			0.8489587229537152
4483.7			0.9238457382064788
4484.6			0.9788088998360271
4485.5			1.001929957580036
4486.4			0.9993650400594131
4487.3			1.0
4488.2			1.0
4489.1			1.0
4490.0			1.0
4490.9			1.030233182703691
4491.8			1.07563987827441
4492.7			1.070773634654554
4493.6			0.9916237143740965
4494.5			0.9050198189211913
4495.4			0.8881045975423066
4496.3			0.9258392874817817
4497.2			0.9717584908239608
4498.1			1.0034694842039904
4499.0			1.0171186229927724
4499.9			1.0050980460412924
4500.8			1.0
4501.7			1.0
4502.6			1.0
4503.5			1.0
4504.4			1.0
4505.3			1.0
4506.2			1.0
4507.1			1.0
4508.0			1.0
4508.9			1.0
4509.8			1.0
4510.7			1.0
4511.6			1.0
4512.5			1.0
4513.4			1.0
4514.3			1.0
4515.2			1.0
4516.1			1.0195856446145308
4517.0			1.0104015952058423
4517.9			0.99669155400327
4518.8			1.0193309576557694
4519.7			1.0613368825411684
4520.6			1.0869177432589805
4521.5			1.0784729528119608
4522.4			1.043126035437899
4523.3			1.016808352220616
4524.2			0.9998863133069056
4525.1			0.9617574729413746
4526.0			0.9041433614760456
4526.9			0.8470604070778717
4527.8			0.802187881246325
4528.7			0.7896082519232196
4529.6			0.8154839845337386
4530.5			0.8520926341535775
4531.4			0.892820883808111
4532.3			0.9275691330153424
4533.2			0.918445451087581
4534.1			0.8733888113963837
4535.0			0.8434176329640235
4535.9			1.0
4536.8			1.112835711226377
4537.7			1.1969194422309877
4538.6			1.1908098203495487
4539.5			1.1319509067863671
4540.4			1.0778695758008954
4541.3			1.0665534189515462
4542.2			1.094768230417894
4543.1			1.113899765049199
4544.0			1.0896907148274246
4544.9			1.0463530098371594
4545.8			1.0225009121570814
4546.7			1.0179447391503667
4547.6			1.0085584781127024
4548.5			0.978063436367501
4549.4			0.951574395425375
4550.3			0.96560353512047
4551.2			0.9925167997883775
4552.1			0.9927949787183463
4553.0			0.9724776913502252
4553.9			0.9424901646502365
4554.8			0.9169153643841723
4555.7			0.9217482307832666
4556.6			0.9634702925857889
4557.5			1.0082771485218578
4558.4			1.0274516182539772
4559.3			1.0204907034270037
4560.2			1.0
4561.1			1.006802205166921
4562.0			1.009181152327678
4562.9			0.9765934417939236
4563.8			0.9204967981577543
4564.7			0.8775468380578095
4565.6			0.8805455635884101
4566.5			0.9331211902258972
4567.4			0.9860639576852283
4568.3			1.0000036147947446
4569.2			1.0
4570.1			1.0
4571.0			1.0
4571.9			0.9896451375595687
4572.8			1.038721369536954
4573.7			1.0766935469035588
4574.6			1.0710770855978196
4575.5			1.0565457008443233
4576.4			1.0521432880163641
4577.3			1.045286558840192
4578.2			1.0
4579.1			0.9479995416422806
4580.0			0.8906572563274585
4580.9			0.8711037662234093
4581.8			0.9056737843480583
4582.7			0.9522674395708122
4583.6			0.962537992448085
4584.5			0.9369155891981358
4585.4			0.902481461081053
4586.3			0.9031562300371649
4587.2			0.957268666013
4588.1			1.0226811853294164
4589.0			1.0567051912438397
4589.9			1.0465247774602369
4590.8			1.002849188016147
4591.7			0.9571364503179147
4592.6			0.9435227338762014
4593.5			0.9538910072512256
4594.4			0.9516066769559016
4595.3			0.9393477705979898
4596.2			0.9371567941401954
4597.1			0.9400399116903647
4598.0			0.9530352752873317
4598.9			0.9694982937122648
4599.8			0.9560008512164377
4600.7			0.9414168410742987
4601.6			0.953661143790909
4602.5			0.9641533419767653
4603.4			0.9652602108913363
4604.3			0.9583861632395704
4605.2			0.9521202462756789
4606.1			0.9719041005451451
4607.0			1.0074017420628034
4607.9			1.0504723662195987
4608.8			1.0899610683981205
4609.7			1.0887973620911415
4610.6			1.0485294821524311
4611.5			1.0172272383851788
4612.4			1.0048806075221974
4613.3			1.0007112413700192
4614.2			1.0
4615.1			1.0
4616.0			1.0
4616.9			1.0
4617.8			1.0
4618.7			1.0
4619.6			1.0
4620.5			1.0
4621.4			1.0
4622.3			1.0
4623.2			1.0
4624.1			1.0
4625.0			1.0
4625.9			1.0
4626.8			1.0
4627.7			1.0
4628.6			1.0
4629.5			1.0
4630.4			1.0
4631.3			1.0
4632.2			1.0
4633.1			0.9642486091947758
4634.0			0.9610199315329695
4634.9			0.9772655090955051
4635.8			0.9771811976944453
4636.7			0.9425925589776034
4637.6			0.9007085671398833
4638.5			0.8900979074240427
4639.4			0.8976550663197923
4640.3			0.9204656729490208
4641.2			0.9630567270843996
4642.1			0.9851896138808289
4643.0			0.9680375606469512
4643.9			0.9412273120474337
4644.8			0.9145268416476459
4645.7			0.8697905751927181
4646.6			0.8267463054846712
4647.5			0.8211320353118187
4648.4			0.8486224106634528
4649.3			0.8923423108274805
4650.2			0.9356233500461708
4651.1			0.9581757928828818
4652.0			0.9694957642586011
4652.9			0.9741665459388476
4653.8			0.9477470875025531
4654.7			0.9156445238669175
4655.6			0.9160799184116593
4656.5			0.9392793618634897
4657.4			0.9808334854644271
4658.3			1.0
4659.2			1.0335244906756487
4660.1			1.0343670072469937
4661.0			1.008277349252592
4661.9			0.9750984947831278
4662.8			0.9423354831904833
4663.7			0.9237513334564763
4664.6			0.921149777959894
4665.5			0.8874748504132045
4666.4			0.8048981003624498
4667.3			0.7378943305698267
4668.2			0.7600097548896755
4669.1			0.8559225228973565
4670.0			0.9505785875691042
4670.9			0.9953991512063094
4671.8			0.9851598971519588
4672.7			1.0
4673.6			0.98529606029171
4674.5			1.003238021270781
4675.4			1.0383037887583968
4676.3			1.0607779884847786
4677.2			1.036993192241265
4678.1			0.9814470843993985
4679.0			0.9459966434220108
4679.9			0.9393824152325223
4680.8			0.9381933563916669
4681.7			0.9440141889479567
4682.6			0.9702312774414817
4683.5			0.9986236233344888
4684.4			1.0044717348414318
4685.3			1.0013627385877075
4686.2			0.9988904607331437
4687.1			1.0
4688.0			1.0
4688.9			1.0
4689.8			1.0
4690.7			0.9833837652633818
4691.6			0.9778655650126373
4692.5			0.9921456168865496
4693.4			1.0071235533253364
4694.3			1.0220300107629474
4695.2			1.0430623549046418
4696.1			1.0527022689468586
4697.0			1.0268930695224392
4697.9			0.9716455248241697
4698.8			0.9343248338595651
4699.7			0.93822328084474
4700.6			0.9423775505035932
4701.5			0.9085344371939825
4702.4			0.8533930108504418
4703.3			0.8457108279048111
4704.2			0.9086381796232081
4705.1			0.9675790395883813
4706.0			0.9676662900093559
4706.9			0.9340177418813287
4707.8			0.9144354177865947
4708.7			0.9191382124938335
4709.6			0.9390782483710455
4710.5			0.9788222855822123
4711.4			1.0163174143072278
4712.3			1.016382277096057
4713.2			0.9765147054627423
4714.1			0.931516191761117
4715.0			0.9397083048471755
4715.9			1.0
4716.8			1.0464228122573194
4717.7			1.0601458749619137
4718.6			1.074813149243746
4719.5			1.0943471487110583
4720.4			1.0955843054942438
4721.3			1.073849766217818
4722.2			1.048141051797618
4723.1			1.0455537685288248
4724.0			1.0692796262035458
4724.9			1.0885457616800096
4725.8			1.0661024789251716
4726.7			0.996987448675005
4727.6			0.9303395321825461
4728.5			0.9044492815163513
4729.4			0.9025990370691083
4730.3			0.9090663764583009
4731.2			0.9341747658704432
4732.1			0.9686570352327366
4733.0			0.9863067620267905
4733.9			0.9916900353006282
4734.8			0.9868207577671111
4735.7			0.9466889287136291
4736.6			0.9082798854706836
4737.5			0.9385667624051806
4738.4			1.0015119051174193
4739.3			1.020040783203082
4740.2			0.9951481677691134
4741.1			0.9808906604561093
4742.0			0.9990297104212449
4742.9			1.0
4743.8			1.0
4744.7			1.0
4745.6			1.0
4746.5			1.0
4747.4			1.0
4748.3			1.0
4749.2			1.0
4750.1			1.0
4751.0			1.0
4751.9			1.0
4752.8			1.0
4753.7			1.0
4754.6			1.0
4755.5			1.0
4756.4			1.0
4757.3			1.0
4758.2			1.0
4759.1			1.0216727081801629
4760.0			1.0299834501387315
4760.9			1.0030660083305103
4761.8			0.9588998775344096
4762.7			0.9420665462129939
4763.6			0.9446203570311207
4764.5			0.9256264764447869
4765.4			0.888352315639598
4766.3			0.880321927736841
4767.2			0.9101311492668426
4768.1			0.9520338739364106
4769.0			0.9959510649174514
4769.9			1.0167742016427563
4770.8			0.992842284236989
4771.7			1.0
4772.6			0.9995531142694113
4773.5			1.033976528859132
4774.4			1.0657946655521287
4775.3			1.0608795817516214
4776.2			1.0426969221228426
4777.1			1.0453035046408155
4778.0			1.0495062607726868
4778.9			1.0350601573614582
4779.8			1.0172904716049325
4780.7			1.0086927084055026
4781.6			0.9899207533850881
4782.5			0.9455407887691978
4783.4			0.9192238172622774
4784.3			0.9409322308735621
4785.2			0.948723883904526
4786.1			0.9225918089800247
4787.0			0.9147809032031669
4787.9			0.9260417298269591
4788.8			0.9212206785947709
4789.7			0.9128381976342385
4790.6			0.9209854802339782
4791.5			0.9321732599125679
4792.4			0.9454679802734874
4793.3			0.974114890889865
4794.2			1.0
4795.1			1.0117576650864564
4796.0			1.0022160620389893
4796.9			0.9867208854110434
4797.8			0.9645947320877556
4798.7			0.9366894817758261
4799.6			0.9189655000200839
4800.5			0.930304366939572
4801.4			0.9681224253993026
4802.3			1.0046824857519479
4803.2			1.0173442969544841
4804.1			0.9990744375352307
4805.0			1.0
4805.9			1.0
4806.8			1.0
4807.7			1.0
4808.6			1.0
4809.5			1.0
4810.4			1.0
4811.3			1.0
4812.2			1.0
4813.1			1.0
4814.0			1.0
4814.9			1.0
4815.8			1.0
4816.7			1.0
4817.6			1.0
4818.5			1.0
4819.4			1.0
4820.3			1.0
4821.2			0.9878975697449971
4822.1			0.9537390741078211
4823.0			0.8967908555337653
4823.9			0.8852505361539765
4824.8			0.9357244563521786
4825.7			0.9861393955197958
4826.6			0.9990429956071064
4827.5			1.0
4828.4			1.0
4829.3			1.0
4830.2			1.0
4831.1			1.0
4832.0			1.0
4832.9			1.0
4833.8			1.0
4834.7			1.0
4835.6			1.0
4836.5			1.0031903522529353
4837.4			0.999404864266843
4838.3			0.9745048518340709
4839.2			0.9459501798783305
4840.1			0.9391659411151351
4841.0			0.9567189795743467
4841.9			0.965210770100346
4842.8			0.9541858905611054
4843.7			0.9652514521713793
4844.6			1.0075979320895228
4845.5			1.0425368923237601
4846.4			1.0465085107084902
4847.3			1.0243831834729753
4848.2			0.9968192348432768
4849.1			1.000587789354001
4850.0			1.0322926573138334
4850.9			1.042439391254637
4851.8			1.033146577455589
4852.7			1.0321681299577117
4853.6			1.0155291120467929
4854.5			0.9620228233488283
4855.4			0.9196995012947781
4856.3			0.9356565400299283
4857.2			0.9701059555535727
4858.1			0.9590562714522899
4859.0			0.8868218621147066
4859.9			0.784921341946582
4860.8			0.7030922984172673
4861.7			0.716086101023565
4862.6			0.814198832872804
4863.5			0.8954827060667961
4864.4			0.9427368926557133
4865.3			0.9825638872830935
4866.2			1.0094288080356686
4867.1			1.0110994550244758
4868.0			1.0
4868.9			1.0022329095778475
4869.8			0.9494914846238757
4870.7			0.8254064504238738
4871.6			0.7560592609734154
4872.5			0.8260529051488623
4873.4			0.943734779533296
4874.3			0.9984989862362164
4875.2			1.0128909460743065
4876.1			1.0290158349258614
4877.0			1.029731449761439
4877.9			1.0157770531528703
4878.8			1.0585878445351906
4879.7			1.1171860623857828
4880.6			1.1009551372748598
4881.5			1.0535988452518172
4882.4			1.0
4883.3			1.0242588736720382
4884.2			0.995181444125729
4885.1			0.93042633250631
4886.0			0.8933159201029507
4886.9			0.9013727672802616
4887.8			0.9169671135792968
4888.7			0.906751641904428
4889.6			0.8500730568118484
4890.5			0.7480513466180402
4891.4			0.7170822453668965
4892.3			0.8300900680941304
4893.2			0.9750973203010214
4894.1			1.0566445239987063
4895.0			1.0808748622673179
4895.9			1.0734150736395305
4896.8			1.0580134593007222
4897.7			1.0476269053829976
4898.6			1.0274223174238584
4899.5			0.9982381034045189
4900.4			1.0
4901.3			1.0
4902.2			1.0
4903.1			1.0
4904.0			1.0
4904.9			1.0445093731056532
4905.8			1.0827620327326386
4906.7			1.0759876754535127
4907.6			1.0380150717831054
4908.5			0.9898888441054179
4909.4			0.9318501018342245
4910.3			0.8937661410316835
4911.2			0.9046634973711232
4912.1			1.0
4913.0			1.0281795185246072
4913.9			1.0520393420608964
4914.8			1.0767249042507308
4915.7			1.0780453151658718
4916.6			1.0333273331452388
4917.5			0.9334523428012306
4918.4			0.7950108546692165
4919.3			0.6833668289697306
4920.2			0.6593010030380558
4921.1			0.7388180135128315
4922.0			0.861365647296918
4922.9			0.9319452309549764
4923.8			0.9312036218287396
4924.7			0.9208993803852237
4925.6			0.9509539510304561
4926.5			0.9883848462624266
4927.4			1.0006411662736467
4928.3			1.0
4929.2			1.0
4930.1			1.0
4931.0			1.0
4931.9			1.0
4932.8			1.0
4933.7			1.0
4934.6			1.0156902565510184
4935.5			1.0407853481021627
4936.4			1.0062144078228161
4937.3			0.9223646946705338
4938.2			0.8398957939588819
4939.1			0.8257285028224269
4940.0			0.893036172232952
4940.9			0.9674653713237552
4941.8			0.9927436545840218
4942.7			0.9995330389878275
4943.6			1.0046487836560583
4944.5			1.0
4945.4			1.0
4946.3			1.0
4947.2			1.0
4948.1			1.0
4949.0			1.0
4949.9			1.0
4950.8			1.0
4951.7			1.0
4952.6			1.0
4953.5			1.0
4954.4			0.9890494144453759
4955.3			0.9482619516091637
4956.2			0.8365204532261292
4957.1			0.7004094954291441
4958.0			0.6942739420435243
4958.9			0.8325537045571411
4959.8			0.9620456268605928
4960.7			1.005409991040213
4961.6			0.9998144811380428
4962.5			1.0
4963.4			1.0
4964.3			1.0
4965.2			1.0
4966.1			1.0
4967.0			1.0
4967.9			1.0
4968.8			1.0
4969.7			1.0
4970.6			1.0
4971.5			1.0
4972.4			1.0
4973.3			1.0
4974.2			1.0
4975.1			1.0
4976.0			0.9931760035629685
4976.9			0.9820097043750246
4977.8			0.9501570432577092
4978.7			0.9191196838099063
4979.6			0.9199586672737404
4980.5			0.9231315003857007
4981.4			0.876987159503197
4982.3			0.7995605683353559
4983.2			0.7671916046385895
4984.1			0.7984823751053447
4985.0			0.8507787367948624
4985.9			0.9165276299887984
4986.8			0.991307526883205
4987.7			1.0326020423773732
4988.6			1.0322590120491435
4989.5			1.0184161089778052
4990.4			0.9964086830675917
4991.3			1.0
4992.2			1.0
4993.1			1.0
4994.0			1.0
4994.9			1.0
4995.8			1.0
4996.7			1.0
4997.6			0.9935818751875819
4998.5			0.9720877575577216
4999.4			0.934725262250017
5000.3			0.9104576921174894
5001.2			0.9028594347606411
5002.1			0.9116296744186526
5003.0			0.943093811062164
5003.9			0.9585720680366099
5004.8			0.9116061358508181
5005.7			0.8394376481153727
5006.6			0.838690019119741
5007.5			0.9282251214025481
5008.4			1.0250955346859045
5009.3			1.0691351506482707
5010.2			1.065979975992323
5011.1			1.025176464785607
5012.0			0.9664881350661357
5012.9			0.9297641568104296
5013.8			0.9202100562954686
5014.7			0.9441436500963198
5015.6			0.9977275371302353
5016.5			1.0
5017.4			1.0
5018.3			1.0
5019.2			1.0
5020.1			1.0
5021.0			1.0
5021.9			1.0
5022.8			1.0
5023.7			1.0
5024.6			1.0
5025.5			1.0
5026.4			1.0
5027.3			1.0
5028.2			1.0
5029.1			1.0
5030.0			1.0
5030.9			1.0
5031.8			1.0
5032.7			1.0273663943572695
5033.6			1.0357956325634585
5034.5			0.9932738671381517
5035.4			0.9233200123317592
5036.3			0.906273904779173
5037.2			0.9480740573053081
5038.1			0.9662251327431503
5039.0			0.9274398905142623
5039.9			0.8554161221570773
5040.8			0.7929008857791028
5041.7			0.8181305224868812
5042.6			1.0
5043.5			1.0885475257863169
5044.4			1.1323759756402023
5045.3			1.160244384986413
5046.2			1.1625515694842974
5047.1			1.1110751253611781
5048.0			1.0183062011599997
5048.9			0.9421388537396975
5049.8			0.9181384366893847
5050.7			0.9258488507559035
5051.6			0.9401473683015844
5052.5			0.9631042669223332
5053.4			0.992538928902263
5054.3			1.011705296857354
5055.2			1.0123184801890543
5056.1			1.000895587027715
5057.0			1.0
5057.9			1.0
5058.8			1.0
5059.7			1.0
5060.6			1.0
5061.5			1.0
5062.4			1.0
5063.3			1.0
5064.2			1.0
5065.1			1.0
5066.0			1.0166034237097363
5066.9			1.0300213211474072
5067.8			1.0089477054039853
5068.7			1.0039039735919517
5069.6			1.0425904815934603
5070.5			1.0656571387245646
5071.4			1.0304662362558825
5072.3			0.9932508551798668
5073.2			1.0032532662794413
5074.1			1.018923283452836
5075.0			1.0083929146725963
5075.9			1.0031417359646706
5076.8			1.0205162640110113
5077.7			1.0123079426663601
5078.6			0.9372159589080138
5079.5			0.853726276267415
5080.4			0.8438218040373607
5081.3			0.8878230132546067
5082.2			0.9144805661678506
5083.1			0.9146913317009344
5084.0			0.9317755660609043
5084.9			0.9717310029755303
5085.8			1.0019594091607846
5086.7			1.0056709882095158
5087.6			0.994998882580231
5088.5			0.990280924152031
5089.4			0.9924708880420249
5090.3			0.9887708177964832
5091.2			0.9917017104987311
5092.1			1.0172983511049078
5093.0			1.0436298380343576
5093.9			1.0
5094.8			0.9732169612634508
5095.7			0.9398807518269267
5096.6			0.9132968132968363
5097.5			0.8792887610317266
5098.4			0.8415405376408839
5099.3			0.8448958726391871
5100.2			0.9054280766290144
5101.1			0.9746876482951895
5102.0			1.0089543174907336
5102.9			1.0069228320808454
5103.8			0.9928454659838045
5104.7			1.0
5105.6			1.0
5106.5			1.0
5107.4			1.0
5108.3			1.0
5109.2			1.0
5110.1			1.0
5111.0			1.0
5111.9			1.0
5112.8			1.0
5113.7			1.0
5114.6			1.0
5115.5			1.0
5116.4			1.0080000526355584
5117.3			1.029101992958396
5118.2			1.038344722349096
5119.1			1.0
5120.0			0.9744739713520201
5120.9			0.9485829256767564
5121.8			0.930640756003408
5122.7			0.9007918511541798
5123.6			0.8599907518460055
5124.5			0.8420369958332786
5125.4			0.8537651721067275
5126.3			0.8746368732395792
5127.2			0.8901220351970283
5128.1			0.8937029441751931
5129.0			0.8883957202001335
5129.9			0.8962241117670443
5130.8			0.9261185766468784
5131.7			0.9543575247627909
5132.6			0.9501705092379468
5133.5			0.929615194007507
5134.4			0.9394738520824708
5135.3			0.9650746223211243
5136.2			0.9535985376782189
5137.1			0.9090631368362911
5138.0			0.8547727673390398
5138.9			0.8165240986241054
5139.8			0.8431573159187777
5140.7			0.9004939282178732
5141.6			0.899740823628688
5142.5			0.8723999503659231
5143.4			0.8969780568013109
5144.3			0.9356328957503234
5145.2			0.9299434009328668
5146.1			0.90236541096507
5147.0			0.8873736749550326
5147.9			0.8938472474020875
5148.8			0.9141181116696481
5149.7			0.9221872919223291
5150.6			0.9131206310488605
5151.5			0.906873850014814
5152.4			0.9041277869829575
5153.3			0.8970778298002894
5154.2			0.9008978457455867
5155.1			0.924258492129731
5156.0			0.956319148370816
5156.9			1.0
5157.8			1.0156537897345759
5158.7			1.0115612175283983
5159.6			1.0122573279305231
5160.5			1.0134250871452388
5161.4			0.9798793971561454
5162.3			0.9317324804108811
5163.2			0.9093855925579397
5164.1			0.8807959156503369
5165.0			0.8013404018827075
5165.9			0.6803413669558706
5166.8			0.569098665550556
5167.7			0.5440846960875974
5168.6			0.6308617988364484
5169.5			0.7443950559689045
5170.4			0.754197818011504
5171.3			0.6329048750748322
5172.2			0.5061017067607072
5173.1			0.516986763645728
5174.0			0.6681247551791665
5174.9			0.8392753253519993
5175.8			0.9367638516045383
5176.7			0.9709836595531894
5177.6			0.9862488443545213
5178.5			0.9906421777078684
5179.4			0.9675910711051301
5180.3			0.9040074419441544
5181.2			0.7955696783556527
5182.1			0.6462995403762128
5183.0			0.5098921469415978
5183.9			0.48897581874080603
5184.8			0.6155155438006851
5185.7			0.8031551626845517
5186.6			0.9469674430509569
5187.5			1.0057600958221842
5188.4			1.0272293552912568
5189.3			1.0620175860226408
5190.2			1.0582830503978238
5191.1			0.9672745714773164
5192.0			0.8874444816888537
5192.9			0.9187316457764012
5193.8			0.993073252681227
5194.7			1.0140285666975692
5195.6			1.0158936900343967
5196.5			1.0520772708132826
5197.4			1.1000455690092164
5198.3			1.1338124288429061
5199.2			1.1625749479132437
5200.1			1.0
5201.0			0.9929896671382756
5201.9			0.9694881215874221
5202.8			0.9439222143120067
5203.7			0.8932283376095336
5204.6			0.8180519074449175
5205.5			0.7744607209368535
5206.4			0.7820341429138462
5207.3			0.7821757519223687
5208.2			0.7625049582576056
5209.1			0.7899550810703699
5210.0			0.8769933861529631
5210.9			0.981960562330401
5211.8			1.0720248173511295
5212.7			1.1234520628730913
5213.6			1.1160087618710157
5214.5			1.0560537141691875
5215.4			0.9952497329627085
5216.3			1.0
5217.2			1.0
5218.1			1.0
5219.0			1.0
5219.9			1.0
5220.8			1.0
5221.7			1.0026994567066227
5222.6			0.9924527400231482
5223.5			0.9664411564186673
5224.4			0.9239386807070982
5225.3			0.8636263981555827
5226.2			0.7942955586470171
5227.1			0.7848176895038584
5228.0			0.878699991863393
5228.9			0.9948428399059089
5229.8			1.0647948183165687
5230.7			1.0970891175386397
5231.6			1.0723044674377533
5232.5			1.00504378639453
5233.4			1.0
5234.3			1.0
5235.2			1.0
5236.1			1.0
5237.0			1.0
5237.9			1.0
5238.8			1.0
5239.7			1.0
5240.6			1.0
5241.5			1.0
5242.4			1.0
5243.3			1.0
5244.2			1.0
5245.1			1.0289874799594827
5246.0			1.0134125187473702
5246.9			0.977982569529858
5247.8			0.9769754214625892
5248.7			0.9995588948918488
5249.6			0.999921597276782
5250.5			0.9953177088931032
5251.4			1.0214211396613062
5252.3			1.0607077829382219
5253.2			1.0791706347501546
5254.1			1.0
5255.0			0.9858094820461663
5255.9			1.022654374537708
5256.8			1.084878246170985
5257.7			1.1260832215646042
5258.6			1.1375907859210856
5259.5			1.1242860765676035
5260.4			1.0824599633942544
5261.3			1.0087503802726867
5262.2			0.9270343496496555
5263.1			0.8700665063902006
5264.0			0.8402078934509775
5264.9			0.8069977403115712
5265.8			0.7830092000320986
5266.7			0.8199505327903235
5267.6			0.861060772029095
5268.5			0.7937448551453
5269.4			0.6790799773852906
5270.3			0.691786890321021
5271.2			0.8379713183371248
5272.1			0.9637858631798867
5273.0			1.0093969556079736
5273.9			1.0186907998561905
5274.8			1.0111756634418085
5275.7			1.0216160394633558
5276.6			1.085571609121496
5277.5			1.0
5278.4			1.022077018259891
5279.3			0.9996161840164454
5280.2			0.9503510691722116
5281.1			0.8941040001415934
5282.0			0.8481196508972256
5282.9			0.8169428590224879
5283.8			0.8218938187780078
5284.7			0.8823850931965824
5285.6			0.9624387974818494
5286.5			1.0056712043980918
5287.4			1.0025382583873728
5288.3			1.0
5289.2			1.0
5290.1			1.0183975368714515
5291.0			1.020732580056627
5291.9			1.0044455384246906
5292.8			0.9859426429634578
5293.7			0.9796464341433183
5294.6			0.975194427573768
5295.5			0.9452933167679547
5296.4			0.8805034460533157
5297.3			0.8122409155322882
5298.2			0.8009783633380809
5299.1			0.8554581765111086
5300.0			0.9059168710194644
5300.9			0.9069892437724333
5301.8			0.8918263422603993
5302.7			0.9111633402217554
5303.6			0.9611051969340833
5304.5			1.0037000869595887
5305.4			1.0153472521831193
5306.3			0.9998933391056243
5307.2			1.0
5308.1			1.0
5309.0			1.0
5309.9			1.0
5310.8			1.0
5311.7			1.0
5312.6			1.0
5313.5			1.0
5314.4			1.0
5315.3			1.0
5316.2			1.0
5317.1			1.0
5318.0			1.0
5318.9			1.0
5319.8			0.993354979992662
5320.7			0.9816467812933185
5321.6			0.9682420279525941
5322.5			0.931725299414308
5323.4			0.8643180302422395
5324.3			0.8261610546806093
5325.2			0.851027406657546
5326.1			0.8582236013389791
5327.0			0.7704026956507691
5327.9			0.6600911055759865
5328.8			0.6639027881123567
5329.7			0.7845167774194872
5330.6			0.9047908160187961
5331.5			0.9494739716228664
5332.4			0.9429580878576732
5333.3			0.9472947468141542
5334.2			0.9780878345217354
5335.1			1.0016022394543305
5336.0			1.0
5336.9			0.9958156932519149
5337.8			0.989595049244032
5338.7			0.9511974944882302
5339.6			0.8762745928530355
5340.5			0.8298828662153397
5341.4			0.8641760220577289
5342.3			0.9371960039910412
5343.2			0.9857840589847494
5344.1			0.9975457885682483
5345.0			1.0
5345.9			1.0
5346.8			1.0
5347.7			1.0
5348.6			1.0
5349.5			1.0
5350.4			1.0
5351.3			1.0
5352.2			1.0
5353.1			1.0
5354.0			1.0
5354.9			1.0
5355.8			1.0
5356.7			1.0
5357.6			1.0
5358.5			1.0
5359.4			1.0
5360.3			1.0
5361.2			1.0
5362.1			0.9792049712117814
5363.0			0.9651142240759664
5363.9			0.9427607707111778
5364.8			0.9178354300788918
5365.7			0.9121612781722247
5366.6			0.916482397237704
5367.5			0.9168764037708432
5368.4			0.9062434489955133
5369.3			0.8598761252682626
5370.2			0.7845871944369374
5371.1			0.7441897013147949
5372.0			0.7917266601233688
5372.9			0.8934763905004178
5373.8			0.9763303150519717
5374.7			1.0163681618501834
5375.6			1.0255051068329923
5376.5			1.013075564394644
5377.4			0.9992488989095366
5378.3			0.9992105836272672
5379.2			1.0031853403845146
5380.1			1.0003382502956637
5381.0			1.0
5381.9			1.0
5382.8			1.0
5383.7			1.0
5384.6			1.0
5385.5			1.0
5386.4			1.0
5387.3			1.0
5388.2			1.0
5389.1			1.0
5390.0			1.0
5390.9			1.0
5391.8			1.0
5392.7			1.0
5393.6			1.0
5394.5			1.0
5395.4			1.0
5396.3			0.9450031875080073
5397.2			0.9041616370625235
5398.1			0.9353284293989774
5399.0			0.9899597036321128
5399.9			1.0110947594116149
5400.8			1.019894601199239
5401.7			1.0393320906336623
5402.6			1.0283120433142443
5403.5			0.9541473756078714
5404.4			0.8575369784680401
5405.3			0.8054616187464405
5406.2			0.8330674839614944
5407.1			0.9144002122386602
5408.0			0.970962600779977
5408.9			0.9545498068939352
5409.8			0.9122021727508742
5410.7			0.9198609120976206
5411.6			0.9776233436472381
5412.5			1.0296043650907714
5413.4			1.03330000395366
5414.3			1.0000711947830745
5415.2			1.0
5416.1			1.0
5417.0			1.0
5417.9			1.0
5418.8			1.0
5419.7			1.0
5420.6			0.9804484577202037
5421.5			0.9867313351005917
5422.4			0.9794827271420256
5423.3			0.9335163045389336
5424.2			0.9015768295033538
5425.1			0.9333309007282414
5426.0			0.9968500392477322
5426.9			1.0304946922647098
5427.8			0.9933860096835853
5428.7			0.8954997250875719
5429.6			0.8270977228221088
5430.5			0.8533789518690612
5431.4			0.911460834907132
5432.3			0.9164785681789483
5433.2			0.8749631721367281
5434.1			0.8354242143349616
5435.0			0.8328784286901807
5435.9			0.8690514597948436
5436.8			0.9205127368258649
5437.7			0.9675058404331083
5438.6			0.9990427330976642
5439.5			1.0
5440.4			1.0
5441.3			1.0
5442.2			1.0
5443.1			0.9908005237565709
5444.0			0.9581803293112657
5444.9			0.8977155064094473
5445.8			0.8240634328350418
5446.7			0.787053682783982
5447.6			0.8320411304257717
5448.5			0.9223637791073359
5449.4			0.9852315058901466
5450.3			1.000728112161039
5451.2			1.0
5452.1			0.9880914560759979
5453.0			0.9702694621188673
5453.9			0.925202488075123
5454.8			0.8563471643265359
5455.7			0.8260579300099148
5456.6			0.8742392232333543
5457.5			0.9509305523865332
5458.4			0.9956377013420619
5459.3			1.0000058139015349
5460.2			1.0
5461.1			1.0
5462.0			1.0
5462.9			1.0
5463.8			1.0
5464.7			1.0487412583294247
5465.6			1.0731894719432904
5466.5			1.0745003149877814
5467.4			1.083884722906239
5468.3			1.095777956222587
5469.2			1.0851244885785076
5470.1			1.0626765570321828
5471.0			1.0575266014860178
5471.9			1.0609359071627806
5472.8			1.0481137613187992
5473.7			1.0342099131033533
5474.6			1.0233142058938367
5475.5			0.9768211427923513
5476.4			0.9119740399671086
5477.3			0.9120726840464198
5478.2			0.9843685131057184
5479.1			1.0433677243893975
5480.0			1.032965220120114
5480.9			0.9865819815928705
5481.8			0.9690529770054717
5482.7			0.9929086927730768
5483.6			1.035494355872361
5484.5			1.0755319136222388
5485.4			1.088645987856868
5486.3			1.0593952761127432
5487.2			1.0141809548741147
5488.1			0.9992910351122182
5489.0			1.0
5489.9			1.0
5490.8			1.0
5491.7			1.0
5492.6			1.0
5493.5			1.0
5494.4			1.0
5495.3			1.0
5496.2			1.0
5497.1			1.0
5498.0			1.0
5498.9			1.0
5499.8			1.0
5500.7			1.0
5501.6			1.0
5502.5			1.0
5503.4			1.0
5504.3			1.0
5505.2			1.0
5506.1			1.0
5507.0			0.9980053506090936
5507.9			1.028849780926598
5508.8			1.0475196744745763
5509.7			1.039505882825045
5510.6			1.0145457738163135
5511.5			0.9736467388766987
5512.4			0.9337597478266195
5513.3			0.9221368989773725
5514.2			0.9374865104639335
5515.1			0.9589552140055883
5516.0			0.9707525514146903
5516.9			0.9791457277608862
5517.8			0.9942984934447836
5518.7			1.005995149782171
5519.6			1.003967629382827
5520.5			1.0
5521.4			1.0
5522.3			1.0
5523.2			1.0
5524.1			0.9984180681601978
5525.0			0.9908861947303174
5525.9			0.9739913578058972
5526.8			0.9301070335484568
5527.7			0.8707690335041965
5528.6			0.857393568698571
5529.5			0.9109408155933564
5530.4			0.9745996738098801
5531.3			1.002771605408457
5532.2			1.003793065583579
5533.1			1.0012000230590665
5534.0			1.0
5534.9			1.0
5535.8			1.0
5536.7			1.0
5537.6			1.0
5538.5			1.0
5539.4			1.0
5540.3			1.0
5541.2			1.0
5542.1			1.0
5543.0			1.0
5543.9			1.0
5544.8			1.0
5545.7			1.0
5546.6			1.0
5547.5			1.0
5548.4			1.0
5549.3			1.0
5550.200000000001			1.0
5551.1			1.0
5552.0			1.0
5552.9			1.0
5553.8			1.0
5554.700000000001			1.0
5555.6			1.0
5556.5			1.0
5557.4			1.0
5558.3			1.0
5559.200000000001			1.0
5560.1			1.001272651118431
5561.0			0.9967230751573899
5561.9			0.9824593113341588
5562.8			0.9678684745591111
5563.700000000001			0.9710466915514884
5564.6			0.9785003746362364
5565.5			0.9736328377718371
5566.4			0.9723179067850196
5567.3			0.977434768191587
5568.200000000001			0.965838844984384
5569.1			0.9437418145772314
5570.0			0.9532044763742723
5570.9			0.9784183851928606
5571.8			0.9621033173099303
5572.700000000001			0.9342038831618258
5573.6			0.9622631923319622
5574.5			1.0124920506707449
5575.4			1.0
5576.3			0.9941619085836452
5577.200000000001			1.0040531471572662
5578.1			1.020358898975171
5579.0			1.0320264138262556
5579.9			1.0371604199991378
5580.8			1.0262297081345415
5581.700000000001			1.011922536320369
5582.6			1.0165159178593228
5583.5			1.0273266314091267
5584.4			1.0103876141963797
5585.3			0.9510004269288638
5586.200000000001			0.8749365423977662
5587.1			0.8320679472694209
5588.0			0.8379714960955047
5588.9			0.8710425900747104
5589.8			0.9175382860869825
5590.700000000001			0.9676928555845922
5591.6			1.0022427235313573
5592.5			1.00323204822194
5593.4			0.9754239628992607
5594.3			0.95853361319853
5595.200000000001			0.9903910194537239
5596.1			1.0
5597.0			0.9962692819736949
5597.9			0.9540914052210774
5598.8			0.9284662219711047
5599.700000000001			0.9289712607041901
5600.6			0.9198813278733876
5601.5			0.8905576634712359
5602.4			0.8704516813267258
5603.3			0.8947259870349541
5604.200000000001			0.9525142958515248
5605.1			0.9996969203382373
5606.0			1.01677733497408
5606.9			1.0136972870418208
5607.8			1.0028842956214097
5608.700000000001			1.0
5609.6			1.0
5610.5			1.0
5611.4			1.0121015093749073
5612.3			1.0166047157065057
5613.200000000001			0.991448358246569
5614.1			0.9161296208521916
5615.0			0.82722319114188
5615.9			0.8092914487530561
5616.8			0.8752691531280231
5617.700000000001			0.9497487906622065
5618.6			0.9826406405539111
5619.5			0.9887602566395144
5620.4			1.0
5621.3			1.0156007289462106
5622.200000000001			1.020630924370445
5623.1			0.9852486932903052
5624.0			0.9234701750075018
5624.9			0.895210943380075
5625.8			0.922074870934204
5626.700000000001			0.9611217974083736
5627.6			0.9830912489481154
5628.5			0.9995345570608254
5629.4			1.0
5630.3			1.0
5631.200000000001			1.0
5632.1			1.0
5633.0			1.0
5633.9			1.0
5634.8			1.0
5635.700000000001			1.0
5636.6			1.0
5637.5			1.0
5638.4			1.0
5639.3			1.0
5640.200000000001			1.0
5641.1			1.0
5642.0			1.0
5642.9			1.0
5643.8			1.0
5644.700000000001			1.0
5645.6			1.0
5646.5			1.0
5647.4			1.0
5648.3			1.0
5649.200000000001			0.9855857597496639
5650.1			0.9790622746193918
5651.0			0.9870687848691073
5651.9			1.0025640920603667
5652.8			1.005602179122521
5653.700000000001			0.9845655117180081
5654.6			0.9617101601209789
5655.5			0.9651110179580862
5656.4			0.9761044758959324
5657.3			0.9479857032859696
5658.200000000001			0.8976044517205344
5659.1			0.8886004174539726
5660.0			0.9256720282731988
5660.9			0.9507587920131971
5661.8			0.9425334841377214
5662.700000000001			0.938030154762921
5663.6			0.9605809095234478
5664.5			0.9930457280364975
5665.4			1.0094397574820726
5666.3			1.0020514327949668
5667.200000000001			0.9898171547298852
5668.1			0.9923039531257368
5669.0			0.9999353505907684
5669.9			1.0
5670.8			1.0
5671.700000000001			1.0
5672.6			1.0
5673.5			1.0
5674.4			1.0
5675.3			1.0
5676.200000000001			1.0
5677.1			1.0
5678.0			1.0
5678.9			1.0
5679.8			1.0
5680.700000000001			1.0
5681.6			1.0
5682.5			1.0
5683.4			1.0
5684.3			1.0
5685.200000000001			1.0
5686.1			1.0
5687.0			1.0
5687.9			1.0
5688.8			1.0
5689.700000000001			1.0
5690.6			1.0
5691.5			1.0
5692.4			1.0
5693.3			1.0
5694.200000000001			0.9942997258383142
5695.1			0.9971557567871794
5696.0			1.0064197716071095
5696.9			1.001790482059042
5697.8			0.9799084227777941
5698.700000000001			0.9648664250453457
5699.6			0.9613048668533946
5700.5			0.9514405965287854
5701.4			0.9415957681588778
5702.3			0.9484535796984934
5703.200000000001			0.9687547197940334
5704.1			0.9784423256203074
5705.0			0.9630024358089656
5705.9			0.9361586226202164
5706.8			0.9182519759750111
5707.700000000001			0.9050445547173527
5708.6			0.8883319266151886
5709.5			0.8772140579675444
5710.4			0.8761728686669985
5711.3			0.882531262017547
5712.200000000001			0.9090866149852851
5713.1			0.9502494299016574
5714.0			0.9769158279671637
5714.9			0.9872990551942686
5715.8			0.9970280765932378
5716.700000000001			1.0037400141770583
5717.6			1.0029373616437567
5718.5			1.0047525250956688
5719.4			1.0123460536278033
5720.3			1.0186803303158634
5721.200000000001			1.0242177390193754
5722.1			1.0290501417029236
5723.0			1.030760280893478
5723.9			1.0308810012603424
5724.8			1.0287582938791118
5725.700000000001			1.0168751230953161
5726.6			0.9998760232219356
5727.5			1.0
5728.4			1.0
5729.3			1.0
5730.200000000001			1.0
5731.1			1.0
5732.0			1.0
5732.9			1.0
5733.8			1.0
5734.700000000001			1.0
5735.6			1.0
5736.5			1.0
5737.4			1.0
5738.3			1.0
5739.200000000001			1.0
5740.1			1.0
5741.0			1.0
5741.9			1.0
5742.8			1.0
5743.700000000001			1.0
5744.6			1.0
5745.5			1.0
5746.4			1.0
5747.3			1.0
5748.200000000001			1.0
5749.1			1.0
5750.0			1.019315655785805
5750.9			1.0152225593474713
5751.8			0.9806024783854531
5752.700000000001			0.9355772285186759
5753.6			0.9116243693418874
5754.5			0.9282019443273704
5755.4			0.9671565567021535
5756.3			0.9945296113002873
5757.200000000001			1.001617535610308
5758.1			1.0
5759.0			1.0
5759.9			1.0
5760.8			1.0
5761.700000000001			1.0
5762.6			1.0
5763.5			1.0
5764.4			1.0
5765.3			1.0
5766.200000000001			1.0
5767.1			1.0
5768.0			1.0
5768.9			1.0
5769.8			1.0
5770.700000000001			1.0
5771.6			1.0
5772.5			1.0
5773.4			1.0
5774.3			1.0
5775.200000000001			1.0
5776.1			1.0119111618276024
5777.0			1.0206081622249088
5777.9			1.0212311085736252
5778.8			1.0099872284616616
5779.700000000001			0.9791898314120222
5780.6			0.9388596227018446
5781.5			0.9148406177237524
5782.4			0.9177662944616569
5783.3			0.926862432532925
5784.200000000001			0.9196408508759402
5785.1			0.9087476271733544
5786.0			0.9230125399835998
5786.9			0.9566160504802378
5787.8			0.983974072275619
5788.700000000001			0.9959864186999472
5789.6			0.988373415772618
5790.5			0.9693761859950714
5791.4			0.9649462437805039
5792.3			0.977063377757616
5793.200000000001			0.989585431868703
5794.1			1.0000886612528197
5795.0			1.0
5795.9			1.0
5796.8			1.0
5797.700000000001			1.0
5798.6			1.0
5799.5			1.0
5800.4			1.0
5801.3			1.0
5802.200000000001			1.0
5803.1			1.0
5804.0			1.0
5804.9			1.0
5805.8			1.0
5806.700000000001			1.0
5807.6			1.0
5808.5			1.0
5809.4			1.0
5810.3			1.0
5811.200000000001			1.0
5812.1			1.0
5813.0			1.0
5813.9			1.0
5814.8			1.0
5815.700000000001			1.0
5816.6			1.0
5817.5			1.0
5818.4			1.0
5819.3			1.0
5820.200000000001			1.0
5821.1			1.0
5822.0			1.0
5822.9			1.0
5823.8			1.0
5824.700000000001			1.0
5825.6			1.0
5826.5			1.0
5827.4			1.0
5828.3			1.0
5829.200000000001			1.0
5830.1			1.0
5831.0			1.0
5831.9			1.0
5832.8			1.0
5833.700000000001			1.0
5834.6			1.0
5835.5			1.0
5836.4			1.0
5837.3			1.0
5838.200000000001			1.0
5839.1			1.0
5840.0			1.0
5840.9			1.0
5841.8			1.0
5842.700000000001			1.0
5843.6			1.0
5844.5			1.0
5845.4			1.0
5846.3			1.0
5847.200000000001			1.0
5848.1			1.000837265316882
5849.0			1.0101488995130397
5849.9			1.022070673133518
5850.8			1.0239108106463548
5851.700000000001			1.0105184691852773
5852.6			0.991147838399068
5853.5			0.9822050558042527
5854.4			0.9841408762872071
5855.3			0.9807085824160799
5856.200000000001			0.9566099425208754
5857.1			0.9216909091304969
5858.0			0.9118816635699177
5858.9			0.9357843775152707
5859.8			0.9695250229747522
5860.700000000001			0.991927833162414
5861.6			0.9957868838524907
5862.5			0.9945118506035105
5863.4			1.0081849088262453
5864.3			1.0253720739008914
5865.200000000001			1.0232604995202181
5866.1			1.0030192376460594
5867.0			0.9909353810572581
5867.9			1.0001681595104612
5868.8			1.0
5869.700000000001			1.0
5870.6			1.0
5871.5			1.0
5872.4			1.0
5873.3			1.0
5874.200000000001			1.0
5875.1			1.0
5876.0			1.0
5876.9			1.0
5877.8			1.0
5878.700000000001			1.0
5879.6			0.9942177485900618
5880.5			0.9905891536499333
5881.4			0.990356478400591
5882.3			0.9883257647110915
5883.200000000001			0.9760434920095497
5884.1			0.965683629252925
5885.0			0.9691178843324458
5885.9			0.973236918785773
5886.8			0.9522014254652675
5887.700000000001			0.8806683744644522
5888.6			0.7422170441627656
5889.5			0.5939734235100834
5890.4			0.5547461334092567
5891.3			0.6497474708845445
5892.200000000001			0.7782061745875887
5893.1			0.8530761536220302
5894.0			0.8427418648020077
5894.9			0.7468531452096197
5895.8			0.6533844959179462
5896.700000000001			0.6757800134512474
5897.6			0.794592859309015
5898.5			0.9008326233877623
5899.4			0.9544860444538746
5900.3			0.9813024661703992
5901.200000000001			1.0006108641155627
5902.1			1.0
5903.0			1.0
5903.9			1.0
5904.8			1.0
5905.700000000001			1.0
5906.6			1.0
5907.5			1.0
5908.4			1.0
5909.3			1.0
5910.200000000001			1.0
5911.1			1.0
5912.0			1.0
5912.9			1.0
5913.8			1.0
5914.700000000001			1.0
5915.6			1.0
5916.5			1.0
5917.4			1.0
5918.3			1.0
5919.200000000001			1.0
5920.1			1.0
5921.0			1.0
5921.9			1.0
5922.8			1.0
5923.700000000001			1.0
5924.6			1.0
5925.5			1.0
5926.4			1.0
5927.3			1.0
5928.200000000001			1.0
5929.1			1.0
5930.0			1.0
5930.9			1.0
5931.8			1.0
5932.700000000001			1.0
5933.6			1.0
5934.5			1.0
5935.4			1.0
5936.3			1.0
5937.200000000001			1.0
5938.1			1.0
5939.0			1.0
5939.9			1.0
5940.8			1.0
5941.700000000001			1.0
5942.6			1.0
5943.5			1.0
5944.4			1.0
5945.3			1.0
5946.200000000001			1.0
5947.1			1.0
5948.0			1.0
5948.9			1.0
5949.8			1.0
5950.700000000001			1.0
5951.6			1.0
5952.5			1.0
5953.4			1.0
5954.3			1.0
5955.200000000001			1.0
5956.1			1.0
5957.0			1.0
5957.9			1.0
5958.8			1.0
5959.700000000001			1.0
5960.6			1.0
5961.5			1.0
5962.4			1.0
5963.3			1.0
5964.200000000001			1.0
5965.1			1.0
5966.0			1.0
5966.9			1.0
5967.8			1.0
5968.700000000001			1.0
5969.6			1.0
5970.5			1.0
5971.4			1.0
5972.3			1.0
5973.200000000001			1.0
5974.1			1.0
5975.0			1.0
5975.9			1.0
5976.8			1.0
5977.700000000001			1.0
5978.6			1.0
5979.5			1.0
5980.4			1.0
5981.3			1.0
5982.200000000001			1.0
5983.1			1.0
5984.0			1.0
5984.9			1.0
5985.8			1.0
5986.700000000001			1.0
5987.6			1.0
5988.5			1.0
5989.4			1.0
5990.3			1.0
5991.200000000001			1.0
5992.1			1.0
5993.0			1.0
5993.9			1.0
5994.8			1.0
5995.700000000001			1.0
5996.6			1.0
5997.5			1.0
5998.4			1.0
5999.3			1.0
6000.200000000001			1.0
6001.1			1.0
6002.0			1.0
6002.9			1.0
6003.8			1.0
6004.700000000001			1.020906894489293
6005.6			1.0284002500777467
6006.5			1.011892593422242
6007.4			0.977035100583606
6008.3			0.9550612908673428
6009.200000000001			0.9759905029698492
6010.1			1.0170187422082086
6011.0			1.0349093922692867
6011.9			1.019975795469137
6012.8			0.9905607175261419
6013.700000000001			0.9787947030081823
6014.6			0.989418710645435
6015.5			0.9926436424517542
6016.4			0.9808019605564074
6017.3			0.9791786162736111
6018.200000000001			0.9890386476315989
6019.1			0.9803050760458693
6020.0			0.9520070344888389
6020.9			0.9324120833469292
6021.8			0.9349681909963498
6022.700000000001			0.945397831484994
6023.6			0.9497144178764523
6024.5			0.9611289297652013
6025.4			0.9818909970375937
6026.3			0.9896383254686293
6027.200000000001			0.9886333804878569
6028.1			0.994957889274141
6029.0			1.0031224551038822
6029.9			1.0086050442330148
6030.8			1.0155918689712944
6031.700000000001			1.0231167015880267
6032.6			1.023321437423679
6033.5			1.0165657156613144
6034.4			1.0098301964971566
6035.3			1.0050027700752675
6036.200000000001			1.0012213643016952
6037.1			0.9993053178282874
6038.0			1.0
6038.9			1.0
6039.8			1.0
6040.700000000001			1.0
6041.6			1.0
6042.5			1.0
6043.4			1.0
6044.3			1.0
6045.200000000001			1.0
6046.1			1.0
6047.0			1.0
6047.9			1.0
6048.8			1.0
6049.700000000001			1.0
6050.6			1.0
6051.5			1.0
6052.4			1.0
6053.3			1.0
6054.200000000001			1.0
6055.1			1.0
6056.0			1.0
6056.9			1.0
6057.8			1.0
6058.700000000001			1.0
6059.6			1.0
6060.5			1.0
6061.4			1.0
6062.3			1.0
6063.200000000001			1.0
6064.1			1.0
6065.0			1.0
6065.9			1.0
6066.8			1.0
6067.700000000001			1.0
6068.6			1.0
6069.5			1.0
6070.4			1.0
6071.3			1.0
6072.200000000001			1.0
6073.1			1.0
6074.0			1.0
6074.9			1.0
6075.8			1.0
6076.700000000001			1.0
6077.6			1.0
6078.5			1.0
6079.4			1.0
6080.3			1.0
6081.200000000001			1.0
6082.1			1.0
6083.0			1.0
6083.9			1.0
6084.8			1.0
6085.700000000001			1.0
6086.6			1.0
6087.5			1.0
6088.4			1.0
6089.3			1.0
6090.200000000001			1.0
6091.1			1.0
6092.0			1.0
6092.9			1.0
6093.8			1.0
6094.700000000001			1.0
6095.6			1.0
6096.5			1.0
6097.4			1.0
6098.3			1.0
6099.200000000001			1.0
6100.1			1.003169095631341
6101.0			0.9708294957974954
6101.9			0.9005417498720997
6102.8			0.8573911873184217
6103.700000000001			0.892548134558697
6104.6			0.961010528895266
6105.5			1.000157813276302
6106.4			1.0
6107.3			1.0
6108.200000000001			1.0
6109.1			1.0
6110.0			1.0
6110.9			1.0
6111.8			1.0
6112.700000000001			1.0
6113.6			1.0
6114.5			1.0
6115.4			1.0
6116.3			1.0
6117.200000000001			1.0
6118.1			1.0
6119.0			0.998864188716043
6119.9			0.9831117243843422
6120.8			0.9453204284634711
6121.700000000001			0.8907117366783751
6122.6			0.8740873097146691
6123.5			0.9194422896451364
6124.4			0.9743504644498411
6125.3			0.9981343918077746
6126.200000000001			1.0000014650421527
6127.1			1.0
6128.0			1.0
6128.9			1.0
6129.8			1.0
6130.700000000001			1.0
6131.6			1.0
6132.5			1.0
6133.4			1.0097038215489802
6134.3			1.0034588082219447
6135.200000000001			0.9646974366193206
6136.1			0.8933686664769558
6137.0			0.8369411292662174
6137.9			0.8520357454298905
6138.8			0.9228806161111841
6139.700000000001			0.984731226610729
6140.6			1.0004139274248507
6141.5			1.0
6142.4			1.0
6143.3			1.0
6144.200000000001			1.0
6145.1			1.0
6146.0			1.0
6146.9			1.0
6147.8			1.0
6148.700000000001			1.0
6149.6			1.0
6150.5			1.0
6151.4			1.0
6152.3			1.0
6153.200000000001			1.0
6154.1			1.0
6155.0			1.0
6155.9			1.0
6156.8			1.0
6157.700000000001			1.0040550075894918
6158.6			1.007900367748586
6159.5			0.9956651100873931
6160.4			0.9371320448270131
6161.3			0.8461353482337933
6162.200000000001			0.7893264386587044
6163.1			0.8113811589741204
6164.0			0.8854062791234388
6164.9			0.9522515571217592
6165.8			0.9830390692206088
6166.700000000001			0.9989337236400897
6167.6			1.0
6168.5			1.0
6169.4			1.0
6170.3			1.0
6171.200000000001			1.0
6172.1			1.0
6173.0			1.0
6173.9			1.0
6174.8			1.0
6175.700000000001			1.0
6176.6			1.0
6177.5			1.0
6178.4			1.0
6179.3			1.0
6180.200000000001			1.0
6181.1			1.0
6182.0			1.0
6182.9			1.0
6183.8			1.0
6184.700000000001			0.9983040762668275
6185.6			0.9901849066624834
6186.5			0.9743809985624833
6187.4			0.9650662839976661
6188.3			0.9698433822989951
6189.200000000001			0.9765517608781578
6190.1			0.9592321409004126
6191.0			0.9222178976814116
6191.9			0.915231773062264
6192.8			0.9562577500331377
6193.700000000001			1.0010840808344577
6194.6			1.0204981309741301
6195.5			1.0263559775258408
6196.4			1.0344727524661927
6197.3			1.0385644734713484
6198.200000000001			1.0261939639513658
6199.1			1.0023785231959463
6200.0			1.0
6200.9			1.0
6201.8			1.0
6202.700000000001			1.0
6203.6			1.0
6204.5			1.0
6205.4			1.0
6206.3			1.0
6207.200000000001			1.0
6208.1			1.0
6209.0			1.0
6209.9			1.0
6210.8			1.0
6211.700000000001			1.0
6212.6			1.0
6213.5			1.0
6214.4			1.0
6215.3			1.0
6216.200000000001			1.0
6217.1			1.0
6218.0			1.0
6218.9			1.0
6219.8			1.0
6220.700000000001			1.0
6221.6			1.0
6222.5			1.0
6223.4			1.0
6224.3			1.0
6225.200000000001			1.0
6226.1			0.9944913777901867
6227.0			0.9929435573140161
6227.9			0.9958940562609809
6228.8			0.9784662058104175
6229.700000000001			0.9316058580473776
6230.6			0.8926830936192034
6231.5			0.8936879776888751
6232.4			0.9203037171495356
6233.3			0.9518248411368231
6234.200000000001			0.9828358408810111
6235.1			0.999804946053138
6236.0			1.0
6236.9			1.0
6237.8			1.0
6238.700000000001			1.0
6239.6			1.0
6240.5			1.0
6241.4			1.0
6242.3			0.9835356602842518
6243.200000000001			0.9617371771242863
6244.1			0.9550578555954006
6245.0			0.9550351845963074
6245.9			0.9532262709422199
6246.8			0.9668864184527795
6247.700000000001			0.9969097857802924
6248.6			1.02033482454781
6249.5			1.0274351281371634
6250.4			1.0165608118802458
6251.3			0.9802022564715596
6252.200000000001			0.9365154973135269
6253.1			0.9154584027876095
6254.0			0.9252503643196364
6254.9			0.9450995808053463
6255.8			0.9511062622113697
6256.700000000001			0.9442067527403207
6257.6			0.9328528548830463
6258.5			0.9301806607949435
6259.4			0.9447511325870517
6260.3			0.9623020722995843
6261.200000000001			0.9761547558613023
6262.1			0.9925642709386606
6263.0			1.0056465168780622
6263.9			0.999420016602503
6264.8			1.0
6265.700000000001			1.0
6266.6			1.0
6267.5			1.0
6268.4			1.0
6269.3			1.0
6270.200000000001			1.0
6271.1			1.0
6272.0			1.0
6272.9			1.0
6273.8			1.0
6274.700000000001			1.0
6275.6			1.0
6276.5			1.0
6277.4			1.0
6278.3			1.0
6279.200000000001			1.0
6280.1			1.0
6281.0			1.0
6281.9			1.0
6282.8			1.0
6283.700000000001			1.0
6284.6			1.0
6285.5			1.0
6286.4			1.0
6287.3			1.0
6288.200000000001			1.0
6289.1			1.0
6290.0			1.0
6290.9			1.0
6291.8			1.0
6292.700000000001			1.0
6293.6			1.0
6294.5			1.0
6295.4			1.0
6296.3			1.0
6297.200000000001			1.0
6298.1			0.9965309544695433
6299.0			1.0071140273743218
6299.9			0.9996652328635792
6300.8			0.9585313647925832
6301.700000000001			0.9200049741166463
6302.6			0.9241498414211656
6303.5			0.9586449972022839
6304.4			0.988884209432683
6305.3			1.002247831412414
6306.200000000001			1.0
6307.1			1.0
6308.0			1.0
6308.9			1.0
6309.8			1.0
6310.700000000001			1.0
6311.6			0.9939138804355001
6312.5			0.9946852053989752
6313.4			0.9892028736040067
6314.3			0.9629114451199688
6315.200000000001			0.9405476535164877
6316.1			0.9402858361753773
6317.0			0.93472582155452
6317.9			0.9138435256911253
6318.8			0.9108095308492148
6319.700000000001			0.9409590344167912
6320.6			0.9742716626787123
6321.5			0.9796097041915132
6322.4			0.9714729323378507
6323.3			0.9781058473761662
6324.200000000001			0.9973922751970558
6325.1			1.0067769840446548
6326.0			1.0002577412701676
6326.9			1.0
6327.8			1.0
6328.700000000001			1.0
6329.6			1.0
6330.5			0.9940110376698862
6331.4			1.0027444218433061
6332.3			1.0198137385971724
6333.200000000001			1.0260309610542364
6334.1			1.005590093535843
6335.0			0.9639711560814823
6335.9			0.9290704094696607
6336.8			0.9277957169426795
6337.700000000001			0.9512420301186785
6338.6			0.971342195525039
6339.5			0.9851914179731288
6340.4			1.0036629715375165
6341.3			1.0190495773255297
6342.200000000001			1.0171477819700587
6343.1			0.9984527847320861
6344.0			1.0
6344.9			1.0
6345.8			1.0
6346.700000000001			1.0
6347.6			1.0
6348.5			1.0
6349.4			1.0
6350.3			1.0
6351.200000000001			1.0
6352.1			1.0
6353.0			1.0
6353.9			1.0
6354.8			1.0
6355.700000000001			1.0
6356.6			1.0
6357.5			1.0
6358.4			1.0
6359.3			1.0
6360.200000000001			1.0
6361.1			1.0
6362.0			1.0
6362.9			1.0
6363.8			1.0
6364.700000000001			1.0
6365.6			1.0
6366.5			1.0
6367.4			1.0
6368.3			1.0
6369.200000000001			1.0
6370.1			1.0
6371.0			1.0
6371.9			1.0
6372.8			1.0
6373.700000000001			1.0
6374.6			1.0
6375.5			1.0
6376.4			1.0
6377.3			1.0
6378.200000000001			1.0
6379.1			1.0
6380.0			1.0
6380.9			1.0
6381.8			1.0
6382.700000000001			1.0
6383.6			1.0
6384.5			1.0
6385.4			1.0
6386.3			1.0
6387.200000000001			1.0
6388.1			1.0
6389.0			1.0
6389.9			1.0
6390.8			1.0
6391.700000000001			1.0
6392.6			1.0
6393.5			1.0
6394.4			1.0
6395.3			1.0
6396.200000000001			1.0269237714745314
6397.1			1.0300786535910538
6398.0			1.000740050664705
6398.9			0.937126593533612
6399.8			0.8839087913967021
6400.700000000001			0.8925433980331583
6401.6			0.9456736155893585
6402.5			0.9874815118137373
6403.4			0.997985765999146
6404.3			1.0
6405.200000000001			1.0
6406.1			1.0
6407.0			1.0
6407.9			1.0
6408.8			1.0
6409.700000000001			1.0
6410.6			1.0
6411.5			1.0
6412.4			1.0
6413.3			1.0
6414.200000000001			1.0
6415.1			1.0
6416.0			1.0
6416.9			1.0
6417.8			1.0
6418.700000000001			1.0
6419.6			1.0
6420.5			1.0
6421.4			1.0
6422.3			1.0
6423.200000000001			1.0
6424.1			1.0
6425.0			1.0
6425.9			1.0
6426.8			1.0
6427.700000000001			1.0
6428.6			1.0
6429.5			1.0
6430.4			1.0
6431.3			1.0
6432.200000000001			1.0
6433.1			1.0
6434.0			1.0
6434.9			1.0
6435.8			0.9994777348589271
6436.700000000001			0.9869501543091019
6437.6			0.9504411700100551
6438.5			0.9088833190127148
6439.4			0.9045634977093002
6440.3			0.9422139380914084
6441.200000000001			0.9833843077765783
6442.1			1.000522319723136
6443.0			0.9999764816158275
6443.9			1.0
6444.8			1.0
6445.700000000001			1.0
6446.6			1.0043261848573029
6447.5			0.9907661881198708
6448.4			0.9485248525864315
6449.3			0.8995799591882178
6450.200000000001			0.8891974230721129
6451.1			0.9265691897663628
6452.0			0.9752809114358755
6452.9			1.0026218724145608
6453.8			1.0007204223485782
6454.700000000001			1.0
6455.6			0.9915280325112629
6456.5			1.0064278444853694
6457.4			1.0
6458.3			1.0154987746826896
6459.200000000001			1.0229536621554827
6460.1			1.0177103474685039
6461.0			0.9849353148122496
6461.9			0.9352046154480422
6462.8			0.9151648309562812
6463.700000000001			0.9421302941290063
6464.6			0.9845859756286751
6465.5			1.012638224356349
6466.4			1.022964061866109
6467.3			1.0200863548376642
6468.200000000001			1.0094348372003248
6469.1			0.9996053702367906
6470.0			0.9902548806526934
6470.9			0.9806006180119059
6471.8			0.9805308432904123
6472.700000000001			0.9958379742315338
6473.6			1.0067747710792267
6474.5			0.9980028417784099
6475.4			0.9860359024265211
6476.3			0.9907376240090567
6477.200000000001			1.007001961194162
6478.1			1.0214290815531364
6479.0			1.0280847651990255
6479.9			1.0236404608680665
6480.8			1.0
6481.700000000001			0.9709021414694339
6482.6			0.9588288459131578
6483.5			0.9756892551977305
6484.4			1.0052167161676095
6485.3			1.0258864590485903
6486.200000000001			1.0339144616533984
6487.1			1.0368700003714373
6488.0			1.0364751672254122
6488.9			1.0301644172910298
6489.8			1.01934706932235
6490.700000000001			1.00982227663402
6491.6			0.9973936360269228
6492.5			0.9653219150464578
6493.4			0.907249932824502
6494.3			0.8523779907652348
6495.200000000001			0.8402624086921628
6496.1			0.8734860521553077
6497.0			0.9215481701062104
6497.9			0.9513444876615617
6498.8			0.9607369962385339
6499.700000000001			0.9695549204611917
6500.6			0.9877333104716416
6501.5			1.0071807512738074
6502.4			1.017147716558486
6503.3			1.0193524618391778
6504.200000000001			1.0228092349440212
6505.1			1.0327758067285466
6506.0			1.0409934717307023
6506.9			1.0403989777950748
6507.8			1.035570255825542
6508.700000000001			1.0333714937453182
6509.6			1.034854948372783
6510.5			1.0372168551637209
6511.4			1.0412756969043389
6512.3			1.0443622772811145
6513.200000000001			1.0382052089285654
6514.1			1.0229029388637276
6515.0			1.007308121421962
6515.9			1.0010949232277888
6516.8			1.000259830400898
6517.700000000001			0.9972114540011808
6518.6			0.998293540108145
6519.5			1.0100017103530512
6520.4			1.0252202098886927
6521.3			1.0347305849330557
6522.200000000001			1.0403784144046266
6523.1			1.0484854485234796
6524.0			1.0553495693343906
6524.9			1.0517368822498663
6525.8			1.0371123704565857
6526.700000000001			1.0203365667130122
6527.6			1.0
6528.5			1.007772979525761
6529.4			1.0192478599927461
6530.3			1.020533980489453
6531.200000000001			1.0099563355745007
6532.1			0.9985185821796309
6533.0			0.9980506426866582
6533.9			1.009893756555044
6534.8			1.0241795041019643
6535.700000000001			1.0316387446705384
6536.6			1.0330089895289691
6537.5			1.0326204797197678
6538.4			1.0332135174665964
6539.3			1.0344602366697915
6540.200000000001			1.034481381746846
6541.1			1.0297972585379245
6542.0			1.0217625892312752
6542.9			1.014371158877064
6543.8			1.00706011882986
6544.700000000001			0.9908539509464895
6545.6			1.0
6546.5			0.9883980002921926
6547.4			1.0015607827264534
6548.3			1.027891691926164
6549.200000000001			1.0473652189480154
6550.1			1.0509572481272507
6551.0			1.044369836100663
6551.9			1.0341364940832394
6552.8			1.0234210276606233
6553.700000000001			1.0107526693800752
6554.6			0.9950791255348598
6555.5			0.9818107483397106
6556.4			0.9798334094732306
6557.3			0.9877714486180302
6558.200000000001			0.994472857199252
6559.1			0.9900424927628556
6560.0			0.9594373739340147
6560.9			0.8737736990660123
6561.8			0.7427885063256363
6562.700000000001			0.6617271804672371
6563.6			0.709930310765594
6564.5			0.8390475983259057
6565.4			0.947623918496586
6566.3			0.9972941695618804
6567.200000000001			1.002674679909637
6568.1			0.9882778289364536
6569.0			0.9788365165247143
6569.9			0.9893588796827534
6570.8			1.0065844172715877
6571.700000000001			1.0102807322919716
6572.6			0.9994199167914958
6573.5			0.984269050899882
6574.4			0.9775799522490723
6575.3			0.9907305294825496
6576.200000000001			1.0178803095041937
6577.1			1.0406292384571003
6578.0			1.0493638276085517
6578.9			1.0461674215598942
6579.8			1.035648971937904
6580.700000000001			1.02539562376823
6581.6			1.0218416799597858
6582.5			1.024817625133001
6583.4			1.031606611321872
6584.3			1.0361863349549623
6585.200000000001			1.0349631563771051
6586.1			1.0338486158353497
6587.0			1.0398500390552923
6587.9			1.0501705185100358
6588.8			1.0557726922829787
6589.700000000001			1.0524960705249164
6590.6			1.0359591515659163
6591.5			1.00012762402084
6592.4			0.9568235368993547
6593.3			0.9414913466088564
6594.200000000001			0.9696568614930314
6595.1			1.010039193899293
6596.0			1.0277017598053404
6596.9			1.0207171160942963
6597.8			1.0097303107913376
6598.700000000001			1.0136946594106826
6599.6			1.0315660738801746
6600.5			1.0474337574266417
6601.4			1.0540899836629816
6602.3			1.0556549754025841
6603.200000000001			1.0528186116340317
6604.1			1.0426793408225545
6605.0			1.031953832962272
6605.9			1.0278648489706201
6606.8			1.023239768306415
6607.700000000001			1.0081992583033301
6608.6			0.9912599825723458
6609.5			0.9951968938238015
6610.4			1.020390887874229
6611.3			1.040485812626579
6612.200000000001			1.0417170666375273
6613.1			1.0352820345837943
6614.0			1.0355011199959656
6614.9			1.0426888476010867
6615.8			1.0483664109257786
6616.700000000001			1.0484084207731372
6617.6			1.0461009073321295
6618.5			1.0467349066772738
6619.4			1.0500056346083448
6620.3			1.0543296694177502
6621.200000000001			1.0572764418165368
6622.1			1.0547886542197287
6623.0			1.0454832224120734
6623.9			1.0355229210493695
6624.8			1.0310622563672283
6625.700000000001			1.0313177655109103
6626.6			1.0302959938487166
6627.5			1.0266914223165435
6628.4			1.024167002425901
6629.3			1.02366842601393
6630.200000000001			1.0258058607393847
6631.1			1.024229990549248
6632.0			1.007242248987756
6632.9			0.9762976807595568
6633.8			0.9576564848180402
6634.700000000001			0.9708576777980383
6635.6			1.0028561406263183
6636.5			1.0282636167903993
6637.4			1.034553942017474
6638.3			1.0267573997311246
6639.200000000001			1.01863144707115
6640.1			1.0197959933541165
6641.0			1.0243271514683125
6641.9			1.0170083027832928
6642.8			0.9969399132009832
6643.700000000001			0.9878269755982987
6644.6			1.0003052655535933
6645.5			1.0165434815918888
6646.4			1.0220992039946608
6647.3			1.023657713451929
6648.200000000001			1.0300089154884293
6649.1			1.0372832674570442
6650.0			1.0366667580170057
6650.9			1.0308190524901597
6651.8			1.026732059375908
6652.700000000001			1.024065754648939
6653.6			1.0235095381575183
6654.5			1.025874759145762
6655.4			1.0296189552634367
6656.3			1.0345445192870677
6657.200000000001			1.0394071083175158
6658.1			1.0404546922777371
6659.0			1.035994476575444
6659.9			1.0303902890409549
6660.8			1.025826323145817
6661.700000000001			1.0149599968669054
6662.6			0.9927563392995709
6663.5			0.9780926397959837
6664.4			0.9876693372479532
6665.3			1.0094755480660709
6666.200000000001			1.0213984492137778
6667.1			1.0216788704324762
6668.0			1.019944951436853
6668.9			1.0233682896508356
6669.8			1.0298588115333926
6670.700000000001			1.0346876455244784
6671.6			1.0359827185864852
6672.5			1.0326078747217557
6673.4			1.0315228180792726
6674.3			1.0358752431668337
6675.200000000001			1.0337196604967847
6676.1			1.0089010481407579
6677.0			0.9679608430831276
6677.9			0.9446975711974248
6678.8			0.9630606436819154
6679.700000000001			1.0018355601409108
6680.6			1.0275495434267807
6681.5			1.035143273845591
6682.4			1.0352321032169656
6683.3			1.0358926176518928
6684.200000000001			1.035120057212851
6685.1			1.0317505079648415
6686.0			1.0272189811612131
6686.9			1.0249097781041356
6687.8			1.0256561761386236
6688.700000000001			1.0290023846374872
6689.6			1.0328478624461868
6690.5			1.034689730816174
6691.4			1.03253229779759
6692.3			1.0298690984847183
6693.200000000001			1.0319275922338336
6694.1			1.032503589866423
6695.0			1.0197404641221164
6695.9			1.000001054140903
6696.8			1.0
6697.700000000001			1.0
6698.6			1.0
6699.5			1.0
6700.4			1.0
6701.3			1.0
6702.200000000001			1.0
6703.1			1.0
6704.0			1.0
6704.9			1.0
6705.8			1.0
6706.700000000001			1.0
6707.6			1.0
6708.5			1.0
6709.4			1.0
6710.3			1.0
6711.200000000001			1.0
6712.1			1.0
6713.0			1.0
6713.9			1.0
6714.8			1.0
6715.700000000001			1.0
6716.6			1.0
6717.5			1.0
6718.4			1.0
6719.3			1.0
6720.200000000001			1.0
6721.1			1.0
6722.0			1.0
6722.9			1.0
6723.8			1.0
6724.700000000001			1.0
6725.6			1.0
6726.5			1.0
6727.4			1.0
6728.3			1.0
6729.200000000001			1.0
6730.1			1.0
6731.0			1.0
6731.9			1.0
6732.8			1.0
6733.700000000001			1.0
6734.6			1.0
6735.5			1.0
6736.4			1.0
6737.3			1.0
6738.200000000001			1.0
6739.1			1.0
6740.0			1.0
6740.9			1.0
6741.8			1.0
6742.700000000001			1.0
6743.6			1.0
6744.5			1.0
6745.4			1.0
6746.3			1.0
6747.200000000001			1.0
6748.1			1.0
6749.0			1.0
6749.9			1.0
6750.8			1.0
6751.700000000001			1.0
6752.6			1.0
6753.5			1.0
6754.4			1.0
6755.3			1.0
6756.200000000001			1.0
6757.1			1.0
6758.0			1.0
6758.9			1.0
6759.8			1.0
6760.700000000001			1.0
6761.6			1.0
6762.5			1.0
6763.4			1.0
6764.3			1.0
6765.200000000001			1.0
6766.1			1.0
6767.0			1.0
6767.9			1.0
6768.8			1.0
6769.700000000001			1.0
6770.6			1.0
6771.5			1.0
6772.4			1.0
6773.3			1.0
6774.200000000001			1.0
6775.1			1.0
6776.0			1.0
6776.9			1.0
6777.8			1.0
6778.700000000001			1.0
6779.6			1.0
6780.5			1.0
6781.4			1.0
6782.3			1.0
6783.200000000001			1.0
6784.1			1.0
6785.0			1.0
6785.9			1.0
6786.8			1.0
6787.700000000001			1.0
6788.6			1.0
6789.5			1.0
6790.4			1.0
6791.3			1.0
6792.200000000001			1.0
6793.1			1.0
6794.0			1.0
6794.9			1.0
6795.8			1.0
6796.700000000001			1.0
6797.6			1.0
6798.5			1.0
6799.4			1.0
6800.3			1.0
6801.200000000001			1.0
6802.1			1.0
6803.0			1.0
6803.9			1.0
6804.8			1.0
6805.700000000001			1.0
6806.6			1.0
6807.5			1.0
6808.4			1.0
6809.3			1.0
6810.200000000001			1.0
6811.1			1.0
6812.0			1.0
6812.9			1.0
6813.8			1.0
6814.700000000001			1.0
6815.6			1.0
6816.5			1.0
6817.4			1.0
6818.3			1.0
6819.200000000001			1.0
6820.1			1.0
6821.0			1.0
6821.9			1.0
6822.8			1.0
6823.700000000001			1.0
6824.6			1.0
6825.5			1.0
6826.4			1.0
6827.3			1.0
6828.200000000001			1.0
6829.1			1.0
6830.0			1.0
6830.9			1.0
6831.8			1.0
6832.700000000001			1.0
6833.6			1.0
6834.5			1.0
6835.4			1.0
6836.3			1.0
6837.200000000001			1.0
6838.1			1.0
6839.0			1.0
6839.9			1.0
6840.8			1.0
6841.700000000001			1.0
6842.6			1.0
6843.5			1.0
6844.4			1.0
6845.3			1.0
6846.200000000001			1.0
6847.1			1.0
6848.0			1.0
6848.9			1.0
6849.8			1.0
6850.700000000001			1.0
6851.6			1.0
6852.5			1.0
6853.4			1.0
6854.3			1.0
6855.200000000001			1.0
6856.1			1.0
6857.0			1.0
6857.9			1.0
6858.8			1.0
6859.700000000001			1.0
6860.6			1.0
6861.5			1.0
6862.4			1.0
6863.3			1.0
6864.200000000001			1.0
6865.1			1.0
6866.0			1.0
6866.9			1.0
6867.8			1.0
6868.700000000001			1.0
6869.6			1.0
6870.5			1.0
6871.4			1.0
6872.3			1.0
6873.200000000001			1.0
6874.1			1.0
6875.0			1.0
6875.9			1.0
6876.8			1.0
6877.700000000001			1.0
6878.6			1.0
6879.5			1.0
6880.4			1.0
6881.3			1.0
6882.200000000001			1.0
6883.1			1.0
6884.0			1.0
6884.9			1.0
6885.8			1.0
6886.700000000001			1.0
6887.6			1.0
6888.5			1.0
6889.4			1.0
6890.3			1.0
6891.200000000001			1.0
6892.1			1.0
6893.0			1.0
6893.9			1.0
6894.8			1.0
6895.700000000001			1.0
6896.6			1.0
6897.5			1.0
6898.4			1.0
6899.3			1.0
6900.200000000001			1.0
6901.1			1.0
6902.0			1.0
6902.9			1.0
6903.8			1.0
6904.700000000001			1.0
6905.6			1.0
6906.5			1.0
6907.4			1.0
6908.3			1.0
6909.200000000001			1.0
6910.1			1.0
6911.0			1.0
6911.9			1.0
6912.8			1.0
6913.700000000001			1.0
6914.6			1.0
6915.5			1.0
6916.4			1.0
6917.3			1.0
6918.200000000001			1.0
6919.1			1.0
6920.0			1.0
6920.9			1.0
6921.8			1.0
6922.700000000001			1.0
6923.6			1.0
6924.5			1.0
6925.4			1.0
6926.3			1.0
6927.200000000001			1.0
6928.1			1.0
6929.0			1.0
6929.9			1.0
6930.8			1.0
6931.700000000001			1.0
6932.6			1.0
6933.5			1.0
6934.4			1.0
6935.3			1.0
6936.200000000001			1.0
6937.1			1.0
6938.0			1.0
6938.9			1.0
6939.8			1.0
6940.700000000001			1.0
6941.6			1.0
6942.5			1.0
6943.4			1.0
6944.3			1.0
6945.200000000001			1.0
6946.1			1.0
6947.0			1.0
6947.9			1.0
6948.8			1.0
6949.700000000001			1.0
6950.6			1.0
6951.5			1.0
6952.4			1.0
6953.3			1.0
6954.200000000001			1.0
6955.1			1.0
6956.0			1.0
6956.9			1.0
6957.8			1.0
6958.700000000001			1.0
6959.6			1.0
6960.5			1.0
6961.4			1.0
6962.3			1.0
6963.200000000001			1.0
6964.1			1.0
6965.0			1.0
6965.9			1.0
6966.8			1.0
6967.700000000001			1.0
6968.6			1.0
6969.5			1.0
6970.4			1.0
6971.3			1.0
6972.200000000001			1.0
6973.1			1.0
6974.0			1.0
6974.9			1.0
6975.8			1.0
6976.700000000001			1.0
6977.6			1.0
6978.5			1.0
6979.4			1.0
6980.3			1.0
6981.200000000001			1.0
6982.1			1.0
6983.0			1.0
6983.9			1.0
6984.8			1.0
6985.700000000001			1.0
6986.6			1.0
6987.5			1.0
6988.4			1.0
6989.3			1.0
6990.200000000001			1.0
6991.1			1.0
6992.0			1.0
6992.9			1.0
6993.8			1.0
6994.700000000001			1.0
6995.6			1.0024743421842834
6996.5			1.003002048815194
6997.4			0.9967465033911794
6998.3			0.9837556361909131
6999.200000000001			0.9728314868175988
7000.1			0.9727361229558711
7001.0			0.9846612026020969
7001.9			0.9947607446009992
7002.8			0.9886683195307447
7003.700000000001			0.9733377107940075
7004.6			0.9632334598280716
7005.5			0.963818151544081
7006.4			0.9722908673138047
7007.3			0.981534822349743
7008.200000000001			0.9881787637564704
7009.1			0.9916161643904552
7010.0			0.9913145482529778
7010.9			0.9888259958176738
7011.8			0.990386815840429
7012.700000000001			0.9997455262369342
7013.6			1.0036698501009078
7014.5			0.9813039423453603
7015.4			0.9382377305815658
7016.3			0.9140387423779469
7017.200000000001			0.9337992687297088
7018.1			0.9775616377481481
7019.0			1.0146606316490128
7019.9			1.0337938623054383
7020.8			1.0336304316431095
7021.700000000001			1.0163946367143466
7022.6			0.9902579820664209
7023.5			0.9705621310949515
7024.4			0.9698738050781821
7025.3			0.9836092532269402
7026.200000000001			0.9989061335607742
7027.1			1.0118874675560783
7028.0			1.0207005862139251
7028.9			1.0225591951853295
7029.8			1.0223929265147111
7030.700000000001			1.0235015099809537
7031.6			1.023236235969243
7032.5			1.0220936577413322
7033.4			1.0185056499292464
7034.3			1.0122720275867834
7035.200000000001			1.011174091918084
7036.1			1.0107694157598486
7037.0			0.9995802805003848
7037.9			1.0
7038.8			1.0
7039.700000000001			1.0
7040.6			1.0
7041.5			1.0
7042.4			1.0
7043.3			1.0
7044.200000000001			1.0
7045.1			1.0
7046.0			1.0
7046.9			1.0
7047.8			1.0
7048.700000000001			1.0
7049.6			1.0
7050.5			1.0
7051.4			1.0
7052.3			1.0
7053.200000000001			1.0
7054.1			1.0
7055.0			1.0
7055.9			1.0
7056.8			1.0
7057.700000000001			1.0
7058.6			1.0
7059.5			1.0
7060.4			1.0
7061.3			1.0
7062.200000000001			1.0
7063.1			1.0
7064.0			1.0
7064.9			1.0
7065.8			1.0
7066.700000000001			1.0
7067.6			1.0
7068.5			1.0
7069.4			1.0
7070.3			1.0
7071.200000000001			1.0
7072.1			1.0
7073.0			1.0
7073.9			1.0
7074.8			1.0
7075.700000000001			1.0
7076.6			1.0
7077.5			1.0
7078.4			1.0
7079.3			1.0
7080.200000000001			1.0
7081.1			1.0
7082.0			1.0
7082.9			1.0
7083.8			1.0
7084.700000000001			1.0
7085.6			1.0
7086.5			1.0
7087.4			1.0
7088.3			1.0
7089.200000000001			1.0
7090.1			1.0
7091.0			1.0
7091.9			1.0
7092.8			1.0
7093.700000000001			1.0
7094.6			1.0
7095.5			1.0
7096.4			1.0
7097.3			1.0
7098.200000000001			1.0
7099.1			1.0
7100.0			1.0
7100.9			1.0
7101.8			1.0
7102.700000000001			1.0
7103.6			1.0
7104.5			1.0
7105.4			1.0
7106.3			1.0
7107.200000000001			1.0
7108.1			1.0
7109.0			1.0
7109.9			1.0
7110.8			1.0
7111.700000000001			1.0
7112.6			1.0
7113.5			1.0
7114.4			1.0
7115.3			1.0
7116.200000000001			1.0
7117.1			1.0
7118.0			1.0
7118.9			1.0
7119.8			1.0
7120.700000000001			1.0
7121.6			1.0
7122.5			1.0
7123.4			1.0
7124.3			1.0
7125.200000000001			1.0
7126.1			1.0
7127.0			1.0
7127.9			1.0
7128.8			1.0
7129.700000000001			1.0
7130.6			1.0
7131.5			1.0
7132.4			1.0
7133.3			1.0
7134.200000000001			1.0
7135.1			1.0
7136.0			1.0
7136.9			1.0
7137.8			1.0
7138.700000000001			1.0
7139.6			1.0
7140.5			1.0
7141.4			1.0
7142.3			1.0
7143.200000000001			1.0
7144.1			1.0
7145.0			1.0
7145.9			1.0
7146.8			1.0
7147.700000000001			1.0
7148.6			1.0
7149.5			1.0
7150.4			1.0
7151.3			1.0
7152.200000000001			1.0
7153.1			1.0
7154.0			1.0
7154.9			1.0
7155.8			1.0
7156.700000000001			1.0
7157.6			1.0
7158.5			1.0
7159.4			1.0
7160.3			1.0
7161.200000000001			1.0
7162.1			1.0
7163.0			1.0
7163.9			1.0
7164.8			1.0
7165.700000000001			1.0
7166.6			1.0
7167.5			1.0
7168.4			1.0
7169.3			1.0
7170.200000000001			1.0
7171.1			0.9971852317065922
7172.0			0.9985044040420628
7172.9			1.0081131543158983
7173.8			1.0105779066517622
7174.700000000001			0.9904783103534034
7175.6			0.9634022402317955
7176.5			0.9619353283497073
7177.4			0.9900597903345103
7178.3			1.0067603627959731
7179.200000000001			0.9901749533942452
7180.1			0.9551118642440768
7181.0			0.9337893348622652
7181.9			0.9385565195062637
7182.8			0.9563205434634658
7183.700000000001			0.9791913802751298
7184.6			0.9920370677715327
7185.5			0.9745574393620233
7186.4			0.939906524067636
7187.3			0.9180389042051506
7188.200000000001			0.9201163609746185
7189.1			0.9291061426005585
7190.0			0.9372197610752113
7190.9			0.9523866475648711
7191.8			0.9563635007942903
7192.700000000001			0.9439493679269224
7193.6			0.9425394805580496
7194.5			0.9540476260656983
7195.4			0.961053214287192
7196.3			0.9558591223421371
7197.200000000001			0.9605410023019468
7198.1			0.981504742244523
7199.0			0.9975204286626655
7199.9			1.012654693462644
7200.8			1.019938405763573
7201.700000000001			0.991576481358455
7202.6			0.9651370489548025
7203.5			0.9829808386329081
7204.4			1.0143869199429374
7205.3			1.0126429561832875
7206.200000000001			0.9753872356383745
7207.1			0.9334085789211428
7208.0			0.9211793729620124
7208.9			0.94030539332898
7209.8			0.9740526344990883
7210.700000000001			1.0023130363477124
7211.6			1.0142178075591728
7212.5			1.0104244342048019
7213.4			1.0039385068683344
7214.3			0.9998786785957194
7215.200000000001			0.9934136839439023
7216.1			0.9913037184448754
7217.0			1.002000908507022
7217.9			1.013665587205655
7218.8			1.0171662333364366
7219.700000000001			1.0124321837212154
7220.6			1.0036346176662179
7221.5			0.9979164371900887
7222.4			0.9964684650818263
7223.3			1.0023103527787232
7224.200000000001			1.0100873699613735
7225.1			1.0135702400027358
7226.0			1.0175338246787415
7226.9			1.0240422197517507
7227.8			1.0255584665061048
7228.700000000001			1.0179007558257502
7229.6			1.0127143725313397
7230.5			1.0121436210978114
7231.4			1.0160448656262917
7232.3			1.023450981916411
7233.200000000001			1.0244865353318777
7234.1			1.0227519274011059
7235.0			1.0215864527205873
7235.9			1.0222101783418265
7236.8			1.0208816785100416
7237.700000000001			1.0091148792842544
7238.6			0.9889647161336514
7239.5			0.9770722397100498
7240.4			0.9865283868426904
7241.3			0.9978962825200118
7242.200000000001			1.0019761530834985
7243.1			1.0026768619657023
7244.0			0.9918507699384458
7244.9			0.9793367516563124
7245.8			0.9823113852413422
7246.700000000001			0.9991864330098102
7247.6			1.0114651159914998
7248.5			1.0139180224604782
7249.4			1.004219382642323
7250.3			0.984988125843357
7251.200000000001			0.9749626971695389
7252.1			0.9888487903139724
7253.0			1.0151408091893468
7253.9			1.0253667499820562
7254.8			1.0167840304462972
7255.700000000001			1.0059312802196874
7256.6			1.0103246283188694
7257.5			1.0258349486726484
7258.4			1.0388798325935082
7259.3			1.0356927460739502
7260.200000000001			1.0077992509345308
7261.1			0.974552466420914
7262.0			0.9642364758172071
7262.9			0.9829330616388804
7263.8			1.0118812261785746
7264.700000000001			1.040756632446323
7265.6			1.0533916082883783
7266.5			1.0464931514698632
7267.4			1.0278762485952364
7268.3			1.0142907117246303
7269.200000000001			1.0118315321239224
7270.1			1.0161189936434112
7271.0			1.014822333344978
7271.9			1.014016263847952
7272.8			1.015212627598235
7273.700000000001			1.0044596040955498
7274.6			0.9837781850156586
7275.5			0.974230163347962
7276.4			0.9892966596948674
7277.3			1.0064295339742964
7278.200000000001			1.0092991242520883
7279.1			1.0100282843653745
7280.0			1.0190807408063651
7280.9			1.0143620850655866
7281.8			0.9904900022372767
7282.700000000001			0.9666842718097827
7283.6			0.9593675783754815
7284.5			0.9630678462930548
7285.4			0.9748502066138494
7286.3			0.9893627831166933
7287.200000000001			0.9938963401727182
7288.1			0.9719250442579437
7289.0			0.9466671639329507
7289.9			0.9447966927964873
7290.8			0.9557577244335522
7291.700000000001			0.954311352115555
7292.6			0.9462422827206836
7293.5			0.947108589245932
7294.4			0.9669481512692336
7295.3			0.9948479498260928
7296.200000000001			1.017019865345824
7297.1			1.0262192967740982
7298.0			1.0294064494132507
7298.9			1.0282985945262568
7299.8			1.0249273962727699
7300.700000000001			1.0190992154336775
7301.6			1.0169238943740486
7302.5			1.017090641710184
7303.4			1.0212672250009995
7304.3			1.027719875559492
7305.200000000001			1.0225869263674423
7306.1			1.0073084206302314
7307.0			0.9896246770713573
7307.9			0.9828461196154687
7308.8			0.9899147581292917
7309.700000000001			0.9945332248050068
7310.6			0.9840836679743271
7311.5			0.9777173902286673
7312.4			0.9877670117752251
7313.3			1.002875867163372
7314.200000000001			1.0077336643195582
7315.1			1.0024490038612655
7316.0			0.9920298642877421
7316.9			0.9887185117141086
7317.8			0.9963418601301419
7318.700000000001			1.0052690055004343
7319.6			1.004945532158086
7320.5			1.0001648432392845
7321.4			1.0029171289779886
7322.3			1.0098158940226094
7323.200000000001			1.0165717210128302
7324.1			1.0101910485187224
7325.0			0.9838364501529344
7325.9			0.9519986641286657
7326.8			0.9456864935436073
7327.700000000001			0.9662642539953888
7328.6			0.9883202778235043
7329.5			0.9968719152756049
7330.4			0.9966199411541459
7331.3			1.0004177545498527
7332.200000000001			1.007119167243441
7333.1			1.0119425563650246
7334.0			1.0116233191134325
7334.9			1.0131168879044106
7335.8			1.0205112257098117
7336.700000000001			1.0289310481963245
7337.6			1.035005601218322
7338.5			1.037038116750027
7339.4			1.0417777937876949
7340.3			1.0449259681172727
7341.200000000001			1.0426363071265214
7342.1			1.032907334010838
7343.0			1.0163258258655277
7343.9			1.0031310793734243
7344.8			0.9975351745169045
7345.700000000001			1.0004364952942268
7346.6			1.0104863399517177
7347.5			1.0226931005020607
7348.4			1.0296161796307894
7349.3			1.020702130394355
7350.200000000001			1.0007717329262196
7351.1			0.9841441926975494
7352.0			0.9850470821494393
7352.9			0.998208049447247
7353.8			1.0017240807479888
7354.700000000001			0.9841761837944218
7355.6			0.9587713053718009
7356.5			0.952152913088541
7357.4			0.967139685782542
7358.3			0.9867272560740654
7359.200000000001			1.0015179173473396
7360.1			1.0000770763283546
7361.0			1.0
7361.9			1.0
7362.8			1.0
7363.700000000001			1.0
7364.6			1.0
7365.5			1.0
7366.4			1.0
7367.3			1.0
7368.200000000001			1.0
7369.1			1.0
7370.0			1.0
7370.9			1.0
7371.8			1.0
7372.700000000001			1.0
7373.6			1.0
7374.5			1.0
7375.4			1.0
7376.3			1.0
7377.200000000001			1.0
7378.1			1.0
7379.0			1.0
7379.9			1.0
7380.8			1.0
7381.700000000001			1.0
7382.6			1.0
7383.5			1.0
7384.4			1.0
7385.3			1.0
7386.200000000001			1.0
7387.1			1.0
7388.0			1.0
7388.9			1.0
7389.8			1.0
7390.700000000001			1.0
7391.6			1.0
7392.5			1.0
7393.4			1.0
7394.3			1.0
7395.200000000001			1.0
7396.1			1.0
7397.0			1.0
7397.9			1.0
7398.8			1.0
7399.700000000001			1.0
7400.6			1.0
7401.5			1.0
7402.4			1.0
7403.3			1.0
7404.200000000001			1.0
7405.1			1.0
7406.0			1.0
7406.9			1.0
7407.8			1.0
7408.700000000001			1.0
7409.6			1.0
7410.5			1.0
7411.4			1.0
7412.3			1.0
7413.200000000001			1.0
7414.1			1.0
7415.0			1.0
7415.9			1.0
7416.8			1.0
7417.700000000001			1.0
7418.6			1.0
7419.5			1.0
7420.4			1.0
7421.3			1.0
7422.200000000001			1.0
7423.1			1.0
7424.0			1.0
7424.9			1.0
7425.8			1.0
7426.700000000001			1.0
7427.6			1.0
7428.5			1.0
7429.4			1.0
