3500.0			1.0
3500.9			1.0
3501.8			1.0
3502.7			1.0
3503.6			1.0
3504.5			1.0
3505.4			1.0
3506.3			1.0
3507.2			1.0
3508.1			1.0
3509.0			1.0
3509.9			1.0
3510.8			1.0
3511.7			1.0
3512.6			1.0
3513.5			1.0
3514.4			1.0
3515.3			1.0
3516.2			1.0
3517.1			1.0
3518.0			1.0
3518.9			1.0
3519.8			1.0
3520.7			1.0
3521.6			1.0
3522.5			1.0
3523.4			1.0
3524.3			1.0
3525.2			1.0
3526.1			1.0
3527.0			1.0
3527.9			1.0
3528.8			1.0
3529.7			1.0
3530.6			1.0
3531.5			1.0
3532.4			1.0
3533.3			1.0
3534.2			1.0
3535.1			1.0
3536.0			1.0
3536.9			1.0
3537.8			1.0
3538.7			1.0
3539.6			1.0
3540.5			1.0
3541.4			1.0
3542.3			1.0
3543.2			1.0
3544.1			1.0
3545.0			1.0
3545.9			1.0
3546.8			1.0
3547.7			1.0
3548.6			1.0
3549.5			1.0
3550.4			1.0
3551.3			1.0
3552.2			1.0
3553.1			1.0
3554.0			1.0
3554.9			1.0
3555.8			1.0
3556.7			1.0
3557.6			1.0
3558.5			1.0
3559.4			1.0
3560.3			1.0
3561.2			1.0
3562.1			1.0
3563.0			1.0
3563.9			1.0
3564.8			1.0
3565.7			1.0
3566.6			1.0
3567.5			1.0
3568.4			1.0
3569.3			1.0
3570.2			1.0
3571.1			1.0
3572.0			1.0
3572.9			1.0
3573.8			1.0
3574.7			1.0
3575.6			1.0
3576.5			1.0
3577.4			1.0
3578.3			1.0
3579.2			1.0
3580.1			1.0
3581.0			1.0
3581.9			1.0
3582.8			1.0
3583.7			1.0
3584.6			1.0
3585.5			1.0
3586.4			1.0
3587.3			1.0
3588.2			1.0
3589.1			1.0
3590.0			1.0
3590.9			1.0
3591.8			1.0
3592.7			1.0
3593.6			1.0
3594.5			1.0
3595.4			1.0
3596.3			1.0
3597.2			1.0
3598.1			1.0
3599.0			1.0
3599.9			1.0
3600.8			1.0
3601.7			1.0
3602.6			1.0
3603.5			1.0
3604.4			1.0
3605.3			1.0
3606.2			1.0
3607.1			1.0
3608.0			1.0
3608.9			1.0
3609.8			1.0
3610.7			1.0
3611.6			1.0
3612.5			1.0
3613.4			1.0
3614.3			1.0
3615.2			1.0
3616.1			1.0
3617.0			1.0
3617.9			1.0
3618.8			1.0
3619.7			1.0
3620.6			1.0
3621.5			1.0
3622.4			1.0
3623.3			1.0
3624.2			1.0
3625.1			1.0
3626.0			1.0
3626.9			1.0
3627.8			1.0
3628.7			1.0
3629.6			1.0
3630.5			1.0
3631.4			1.0
3632.3			1.0
3633.2			1.0
3634.1			1.0
3635.0			1.0
3635.9			1.0
3636.8			1.0
3637.7			1.0
3638.6			1.0
3639.5			1.0
3640.4			1.0
3641.3			1.0
3642.2			1.0
3643.1			1.0
3644.0			1.0
3644.9			1.0
3645.8			1.0
3646.7			1.0
3647.6			1.0
3648.5			1.0
3649.4			1.0
3650.3			1.0
3651.2			1.0
3652.1			1.0
3653.0			1.0
3653.9			1.0
3654.8			1.0
3655.7			1.0
3656.6			1.0
3657.5			1.0
3658.4			1.0
3659.3			1.0
3660.2			1.0
3661.1			1.0
3662.0			1.0
3662.9			1.0
3663.8			1.0
3664.7			1.0
3665.6			1.0
3666.5			1.0
3667.4			1.0
3668.3			1.0
3669.2			1.0
3670.1			1.0
3671.0			1.0
3671.9			1.0
3672.8			1.0
3673.7			1.0
3674.6			1.0
3675.5			1.0
3676.4			1.0
3677.3			1.0
3678.2			1.0
3679.1			1.0
3680.0			1.0
3680.9			1.0
3681.8			1.0
3682.7			1.0
3683.6			1.0
3684.5			1.0
3685.4			1.0
3686.3			1.0
3687.2			1.0
3688.1			1.0
3689.0			1.0
3689.9			1.0
3690.8			1.0
3691.7			1.0
3692.6			1.0
3693.5			1.0
3694.4			1.0
3695.3			1.0
3696.2			1.0
3697.1			1.0
3698.0			1.0
3698.9			1.0
3699.8			1.0
3700.7			1.0
3701.6			1.0
3702.5			1.0
3703.4			1.0
3704.3			1.0
3705.2			1.0
3706.1			1.0
3707.0			1.0
3707.9			1.0
3708.8			1.0
3709.7			1.0
3710.6			1.0
3711.5			1.0
3712.4			1.0
3713.3			1.0
3714.2			1.0
3715.1			1.0
3716.0			1.0
3716.9			1.0
3717.8			1.0
3718.7			1.0
3719.6			1.0
3720.5			1.0
3721.4			1.0
3722.3			1.0
3723.2			1.0
3724.1			1.0
3725.0			1.0
3725.9			1.0
3726.8			1.0
3727.7			1.0
3728.6			1.0
3729.5			1.0
3730.4			1.0
3731.3			1.0
3732.2			1.0
3733.1			1.0
3734.0			1.0
3734.9			1.0
3735.8			1.0
3736.7			1.0
3737.6			1.0
3738.5			1.0
3739.4			1.0
3740.3			1.0
3741.2			1.0
3742.1			1.0
3743.0			1.0
3743.9			1.0
3744.8			1.0
3745.7			1.0
3746.6			1.0
3747.5			1.0
3748.4			1.0
3749.3			1.0
3750.2			1.0
3751.1			1.0
3752.0			1.0
3752.9			1.0
3753.8			1.0
3754.7			1.0
3755.6			1.0
3756.5			1.0
3757.4			1.0
3758.3			1.0
3759.2			1.0
3760.1			1.0
3761.0			1.0
3761.9			1.0
3762.8			1.0
3763.7			1.0
3764.6			1.0
3765.5			1.0
3766.4			1.0
3767.3			1.0
3768.2			1.0
3769.1			1.0
3770.0			1.0
3770.9			1.0
3771.8			1.0
3772.7			1.0
3773.6			1.0
3774.5			1.0
3775.4			1.0
3776.3			1.0
3777.2			1.0
3778.1			1.0
3779.0			1.0
3779.9			1.0
3780.8			1.0
3781.7			1.0
3782.6			1.0
3783.5			1.0
3784.4			1.0
3785.3			1.0
3786.2			1.0
3787.1			1.0
3788.0			1.0
3788.9			1.0
3789.8			1.0
3790.7			1.0
3791.6			1.0
3792.5			1.0
3793.4			1.0
3794.3			1.0
3795.2			1.0
3796.1			1.0
3797.0			1.0
3797.9			1.0
3798.8			1.0
3799.7			1.0
3800.6			1.0
3801.5			1.0
3802.4			1.0
3803.3			1.0
3804.2			1.0
3805.1			1.0
3806.0			1.0
3806.9			1.0
3807.8			1.0
3808.7			1.0
3809.6			1.0
3810.5			1.0
3811.4			1.0
3812.3			1.0
3813.2			1.0
3814.1			1.0
3815.0			1.0
3815.9			1.0
3816.8			1.0
3817.7			1.0
3818.6			1.0
3819.5			1.0
3820.4			1.0
3821.3			1.0
3822.2			1.0
3823.1			1.0
3824.0			1.0
3824.9			1.0
3825.8			1.0
3826.7			1.0
3827.6			1.0
3828.5			1.0
3829.4			1.0
3830.3			1.0
3831.2			1.0
3832.1			1.0
3833.0			1.0
3833.9			1.0
3834.8			1.0
3835.7			1.0
3836.6			1.0
3837.5			1.0
3838.4			1.0
3839.3			1.0
3840.2			1.0
3841.1			1.0
3842.0			1.0
3842.9			1.0
3843.8			1.0
3844.7			1.0
3845.6			1.0
3846.5			1.0
3847.4			1.0
3848.3			1.0
3849.2			1.0
3850.1			1.0
3851.0			1.0
3851.9			1.0
3852.8			1.0
3853.7			1.0
3854.6			1.0
3855.5			1.0
3856.4			1.0
3857.3			1.0
3858.2			1.0
3859.1			1.0
3860.0			1.0
3860.9			1.0
3861.8			1.0
3862.7			1.0
3863.6			1.0
3864.5			1.0
3865.4			1.0
3866.3			1.0
3867.2			1.0
3868.1			1.0
3869.0			1.0
3869.9			1.0
3870.8			1.0
3871.7			1.0
3872.6			1.0
3873.5			1.0
3874.4			1.0
3875.3			1.0
3876.2			1.0
3877.1			1.0
3878.0			1.0
3878.9			1.0
3879.8			1.0
3880.7			1.0
3881.6			1.0
3882.5			1.0
3883.4			1.0
3884.3			1.0
3885.2			1.0
3886.1			1.0
3887.0			1.0
3887.9			1.0
3888.8			1.0
3889.7			1.0
3890.6			1.0
3891.5			1.0
3892.4			1.0
3893.3			1.0
3894.2			1.0
3895.1			1.0
3896.0			1.0
3896.9			1.0
3897.8			1.0
3898.7			1.0
3899.6			1.0
3900.5			1.0
3901.4			1.0
3902.3			1.0
3903.2			1.0
3904.1			1.0
3905.0			1.0
3905.9			1.0
3906.8			1.0
3907.7			1.0
3908.6			1.0
3909.5			1.0
3910.4			1.0
3911.3			1.0
3912.2			1.0
3913.1			1.0
3914.0			1.0
3914.9			1.0
3915.8			1.0
3916.7			1.0
3917.6			1.0
3918.5			1.0
3919.4			1.0
3920.3			1.0
3921.2			1.0
3922.1			1.0
3923.0			1.0
3923.9			1.0
3924.8			1.0
3925.7			1.0
3926.6			1.0
3927.5			1.0
3928.4			1.0
3929.3			1.0
3930.2			1.0
3931.1			1.0
3932.0			1.0
3932.9			1.0
3933.8			1.0
3934.7			1.0
3935.6			1.0
3936.5			1.0
3937.4			1.0
3938.3			1.0
3939.2			1.0
3940.1			1.0
3941.0			1.0
3941.9			1.0
3942.8			1.0
3943.7			1.0
3944.6			1.0
3945.5			1.0
3946.4			1.0
3947.3			1.0
3948.2			1.0
3949.1			1.0
3950.0			1.0
3950.9			1.0
3951.8			1.0
3952.7			1.0
3953.6			1.0
3954.5			1.0
3955.4			1.0
3956.3			1.0
3957.2			1.0
3958.1			1.0
3959.0			1.0
3959.9			1.0
3960.8			1.0
3961.7			1.0
3962.6			1.0
3963.5			1.0
3964.4			1.0
3965.3			1.0
3966.2			1.0
3967.1			1.0
3968.0			1.0
3968.9			1.0
3969.8			1.0
3970.7			1.0
3971.6			1.0
3972.5			1.0
3973.4			1.0
3974.3			1.0
3975.2			1.0
3976.1			1.0
3977.0			1.0
3977.9			1.0
3978.8			1.0
3979.7			1.0
3980.6			1.0
3981.5			1.0
3982.4			1.0
3983.3			1.0
3984.2			1.0
3985.1			1.0
3986.0			1.0
3986.9			1.0
3987.8			1.0
3988.7			1.0
3989.6			1.0
3990.5			1.0
3991.4			1.0
3992.3			1.0
3993.2			1.0
3994.1			1.0
3995.0			1.0
3995.9			1.0
3996.8			1.0
3997.7			1.0
3998.6			1.0
3999.5			1.0
4000.4			1.0
4001.3			1.0
4002.2			1.0270196466666799
4003.1			1.0408078682477293
4004.0			0.9310972585259242
4004.9			0.7437184256740397
4005.8			0.6701071773136487
4006.7			0.7631515628319929
4007.6			0.8966972779989488
4008.5			0.9750552947087614
4009.4			0.9973716065223616
4010.3			1.0
4011.2			1.0
4012.1			1.0
4013.0			1.0
4013.9			1.0
4014.8			1.0
4015.7			1.0
4016.6			1.0
4017.5			1.0
4018.4			1.0
4019.3			1.0
4020.2			1.0
4021.1			1.0
4022.0			1.0
4022.9			1.0
4023.8			1.0
4024.7			1.0
4025.6			1.0
4026.5			1.0
4027.4			1.0607657423712233
4028.3			1.1067546639243153
4029.2			1.0272873909302542
4030.1			0.8230706952733509
4031.0			0.6739414571420739
4031.9			0.6332928459929551
4032.8			0.6065605824708612
4033.7			0.5947290605211332
4034.6			0.656092181830363
4035.5			0.7917395913793214
4036.4			0.9548359211835903
4037.3			1.0720917449596068
4038.2			1.1010469204532027
4039.1			1.0611595411357913
4040.0			1.0
4040.9			0.9748941053575242
4041.8			1.0060935968227362
4042.7			0.9969859731928431
4043.6			0.8444480075461843
4044.5			0.6004829865064631
4045.4			0.43536888827293496
4046.3			0.4728248873997676
4047.2			0.6602828819112843
4048.1			0.8368232775093492
4049.0			0.9369349262086579
4049.9			1.0019474617615054
4050.8			1.0
4051.7			1.0
4052.6			1.0
4053.5			1.0
4054.4			1.0
4055.3			1.0
4056.2			1.0
4057.1			0.9234917374131514
4058.0			0.8492897061499695
4058.9			0.8865355042479862
4059.8			1.00554541578914
4060.7			1.0752383708796642
4061.6			0.9857805497933912
4062.5			0.7548788167053561
4063.4			0.5769081209538496
4064.3			0.628930630878211
4065.2			0.7986920230852321
4066.1			0.8623542517965191
4067.0			0.8423064984517766
4067.9			0.8940299038432141
4068.8			1.0059354764106219
4069.7			1.0025669401350508
4070.6			1.0
4071.5			1.0
4072.4			1.0
4073.3			1.189775237211258
4074.2			1.2320390060119986
4075.1			1.078188381896182
4076.0			0.8540900803997875
4076.9			0.7067032026358833
4077.8			0.7120885576585003
4078.7			0.8060911696035394
4079.6			0.9059082465255673
4080.5			0.9879112679347707
4081.4			1.0
4082.3			1.0
4083.2			1.0
4084.1			1.0
4085.0			1.0
4085.9			1.0305570502883168
4086.8			1.127611768458697
4087.7			1.2473128640424411
4088.6			1.3039125186502796
4089.5			1.2651169347828346
4090.4			1.195823563265946
4091.3			1.1335297011987016
4092.2			1.0962370359951479
4093.1			1.138161234598201
4094.0			1.1587209294897194
4094.9			1.0410470720308975
4095.8			0.9026001055239133
4096.7			0.8686401279356875
4097.6			0.911068439359795
4098.5			0.967026521618151
4099.4			0.9652066498617216
4100.3			0.8722793538470032
4101.2			0.8009417938145829
4102.1			0.8540368574401236
4103.0			0.9403742651045315
4103.9			0.9650034657741713
4104.8			1.0021859698711078
4105.7			1.103274817782708
4106.6			1.1782732575249137
4107.5			1.1757268828230178
4108.4			1.1332560044108002
4109.3			1.0651057569831879
4110.2			0.9845614718230781
4111.1			0.9294871241871812
4112.0			0.9311801901430884
4112.9			1.0000762846832107
4113.8			1.0819069302540048
4114.7			1.1128173027797101
4115.6			1.1168406615951063
4116.5			1.1223883213982322
4117.4			1.072800442978068
4118.3			0.9646322015167934
4119.2			0.9225992630510268
4120.1			0.9846216028326067
4121.0			1.03362195975224
4121.9			1.008527466458647
4122.8			0.9800683981719945
4123.7			1.0317403097041766
4124.6			1.1313036581867228
4125.5			1.1711377172140516
4126.4			1.1335594089267158
4127.3			1.0795891496502632
4128.2			1.0332199974702068
4129.1			0.9882728510699057
4130.0			0.9425678834724283
4130.9			0.876455675416239
4131.8			0.7997838378228895
4132.7			0.7724623401667768
4133.6			0.8051135402899329
4134.5			0.8863321557779607
4135.4			1.0045408515380871
4136.3			1.0858439644811348
4137.2			1.0970426289609796
4138.1			1.0883429840464018
4139.0			1.0906110826366529
4139.9			1.105387590728707
4140.8			1.077785521832263
4141.7			0.9185368019131622
4142.6			0.6830869625579714
4143.5			0.5683540618417344
4144.4			0.6623035811328251
4145.3			0.8422693300861022
4146.2			0.9644124947825331
4147.1			1.0086687629902418
4148.0			0.9989032704890503
4148.9			0.9455807330201781
4149.8			0.882830212728272
4150.7			0.8474803509304203
4151.6			0.8442502900721672
4152.5			0.8606564573646904
4153.4			0.8745017115831029
4154.3			0.8748624700745493
4155.2			0.8656894275689051
4156.1			0.8551285348602837
4157.0			0.8859933917375105
4157.9			0.9910603649161275
4158.8			1.1067327738324935
4159.7			1.143961311410117
4160.6			1.0
4161.5			1.004904920420392
4162.4			1.0462735179477887
4163.3			1.0279293191509673
4164.2			0.9477530472761831
4165.1			0.8892962366609676
4166.0			0.8481670120611651
4166.9			0.8040355386696646
4167.8			0.8096861317600719
4168.7			0.8741221398158007
4169.6			0.9456072320781862
4170.5			0.9571941134310737
4171.4			0.853175338494586
4172.3			0.7101822891062204
4173.2			0.6679265894711426
4174.1			0.721872662828594
4175.0			0.7785014770625017
4175.9			0.790583837585433
4176.8			0.7635015829194334
4177.7			0.7515541204848568
4178.6			0.7805025157447091
4179.5			0.7960925243007256
4180.4			0.7725261209002613
4181.3			0.7521619799796628
4182.2			0.7718290158143096
4183.1			0.8336734816502179
4184.0			0.9281711902333206
4184.9			1.001932051517758
4185.8			1.2469308408956312
4186.7			1.0
4187.6			0.9279083765883019
4188.5			1.0192631387063362
4189.4			1.101192523273242
4190.3			1.0585051441365028
4191.2			0.9824068071109788
4192.1			1.0052562329405268
4193.0			1.0745951762413604
4193.9			1.0637169573350749
4194.8			0.9631829199071297
4195.7			0.8434341521806763
4196.6			0.7674805209743025
4197.5			0.7438747529238374
4198.4			0.7579246472045836
4199.3			0.8021323301413852
4200.2			0.8187138445277444
4201.1			0.7621093016572632
4202.0			0.7153127841026615
4202.9			0.7591944757690643
4203.8			0.8287533247856624
4204.7			0.8671710542556653
4205.6			0.9104143553996883
4206.5			0.9661623155067679
4207.4			1.0070852840309048
4208.3			1.0
4209.2			1.0
4210.1			1.0
4211.0			0.9659180795721948
4211.9			0.9784186553446906
4212.8			0.9321524467233762
4213.7			0.8003474853785808
4214.6			0.6498912889996058
4215.5			0.6135934680043925
4216.4			0.7543832756010783
4217.3			0.9379683033997972
4218.2			1.0140968200653229
4219.1			1.0
4220.0			1.021733046224068
4220.9			1.0376742042382623
4221.8			0.9865476855425188
4222.7			0.8737536835214236
4223.6			0.7439044293356649
4224.5			0.5877637785929318
4225.4			0.39666740002992484
4226.3			0.2566083415849157
4227.2			1.0
4228.1			1.4528028423925536
4229.0			1.875996002491144
4229.9			2.079797845661836
4230.8			2.096854735271826
4231.7			1.9012619671726345
4232.6			1.5817155813759258
4233.5			1.3658830404591868
4234.4			1.2729934102685285
4235.3			1.162016659496417
4236.2			1.0505009686176763
4237.1			1.0138868021033673
4238.0			1.002687064368751
4238.9			0.9625729359605615
4239.8			0.9301738396928219
4240.7			0.9350909456106007
4241.6			0.937797246710135
4242.5			0.9275599717290282
4243.4			0.9513159731188695
4244.3			1.0
4245.2			1.027631406603669
4246.1			0.9697310755434911
4247.0			0.8847491402331652
4247.9			0.8222143000972704
4248.8			0.7574857841384316
4249.7			0.666439446329433
4250.6			0.6275912409377101
4251.5			0.70236407033091
4252.4			0.7809505397563353
4253.3			0.7357638035873898
4254.2			0.6441265350057144
4255.1			0.6772810644161427
4256.0			0.8494094568930959
4256.9			0.9999381017265708
4257.8			1.0033623927117918
4258.7			0.8926735502768238
4259.6			0.7592202473974932
4260.5			0.6971194888356458
4261.4			0.7883210146582557
4262.3			0.991478702835338
4263.2			1.0
4264.1			1.0712946416836275
4265.0			1.110933458909262
4265.9			1.1244811662363092
4266.8			1.0718163347734146
4267.7			0.9802096721611732
4268.6			0.9069618119175331
4269.5			0.8229642761596749
4270.4			0.673505734445552
4271.3			0.5368834672761625
4272.2			0.5412756252875823
4273.1			0.621407495672954
4274.0			0.6372273263175414
4274.9			0.65876048168165
4275.8			0.8011354517805793
4276.7			1.0059069677232926
4277.6			1.0
4278.5			1.033047558641636
4279.4			0.9396111642591719
4280.3			0.8358812520789771
4281.2			0.8224800685566706
4282.1			0.8586981979363146
4283.0			0.8983497117826963
4283.9			0.9085115662572525
4284.8			0.8704309789301461
4285.7			0.8446950173886386
4286.6			0.8744555740758073
4287.5			0.8838952064910527
4288.4			0.7836814148368596
4289.3			0.6398430481759156
4290.2			0.5926600750638907
4291.1			0.672160648487911
4292.0			0.8095152047669871
4292.9			0.8882292398036051
4293.8			0.8602062963084874
4294.7			0.8356799702881704
4295.6			0.8650012032473033
4296.5			0.8665427540852231
4297.4			0.8056222406305228
4298.3			0.6886361120751158
4299.2			0.561324522015395
4300.1			0.5361601451830768
4301.0			0.6072237960469204
4301.9			0.6448574813722527
4302.8			0.6420551580015309
4303.7			0.6606760719128381
4304.6			0.6636222828811373
4305.5			0.6190770331739309
4306.4			0.5465713302762771
4307.3			0.46502398984223703
4308.2			0.4286004410814609
4309.1			0.4747198845610382
4310.0			0.5661298059072617
4310.9			0.6566936742274008
4311.8			0.7410631532343553
4312.7			0.8278703081897174
4313.6			0.8937891395000759
4314.5			0.9766048666409275
4315.4			1.1660425295612555
4316.3			1.3790444528717278
4317.2			1.455290170501759
4318.1			1.4116217646298093
4319.0			1.0
4319.9			0.9582383419021967
4320.8			0.9247648282593885
4321.7			0.9067233455236563
4322.6			0.8417597842681902
4323.5			0.693186691839154
4324.4			0.5242301042147569
4325.3			0.4297087428580184
4326.2			0.4955002766100954
4327.1			0.7179604310821126
4328.0			0.9530068571697097
4328.9			1.0545292896342464
4329.8			1.0278578493698436
4330.7			1.0
4331.6			1.0201568178098588
4332.5			1.0555951893430617
4333.4			1.0739286536076047
4334.3			1.112888803060526
4335.2			1.1476891191667369
4336.1			1.075079954201498
4337.0			0.8963595920140158
4337.9			0.7552795799480844
4338.8			0.7105219673795633
4339.7			0.6953338777085175
4340.6			0.7167006132122467
4341.5			0.8130475541867264
4342.4			0.9048285052984
4343.3			0.9216305249770688
4344.2			0.9333814700332725
4345.1			1.0
4346.0			1.021988840616118
4346.9			1.007718766647821
4347.8			1.053119835897516
4348.7			1.1549453935980334
4349.6			1.1659310353415215
4350.5			0.9970846814811521
4351.4			0.7863521579995588
4352.3			0.7322135380458861
4353.2			0.8235930475953901
4354.1			0.9115783387580048
4355.0			0.9566519576307067
4355.9			1.021802458858345
4356.8			1.0939113393884816
4357.7			1.0869470141473305
4358.6			1.0043501753872814
4359.5			1.0
4360.4			1.0
4361.3			1.0
4362.2			1.0
4363.1			1.0
4364.0			1.0
4364.9			1.0
4365.8			1.0
4366.7			1.0
4367.6			1.0
4368.5			0.9946218384225141
4369.4			1.0358941204553251
4370.3			1.0510797184661966
4371.2			1.0484761332844756
4372.1			1.0326160169141814
4373.0			0.9659112312502087
4373.9			0.8573694131258232
4374.8			0.7792647374919576
4375.7			0.8039034898630095
4376.6			0.9251192879820077
4377.5			1.0471149958879624
4378.4			1.0840641352058575
4379.3			1.038470074121125
4380.2			0.9713333507058625
4381.1			0.8882163710199296
4382.0			0.7228009833197888
4382.9			0.5004362634547616
4383.8			0.38497988068873973
4384.7			0.4867319761725958
4385.6			0.7122042552435056
4386.5			0.8724280495693354
4387.4			0.9037650564559453
4388.3			0.8765633506051055
4389.2			0.8445771077094274
4390.1			0.8215213776378513
4391.0			0.8328574627451317
4391.9			0.8794571237499794
4392.8			0.9126430753231944
4393.7			0.8992888973881445
4394.6			0.8771445564689284
4395.5			0.9267640838772939
4396.4			1.0449846084746486
4397.3			1.0
4398.2			0.9777563005033664
4399.1			0.8992004434884914
4400.0			0.8231965688084635
4400.9			0.8276573073779052
4401.8			0.9018411497775832
4402.7			0.8832655214602833
4403.6			0.6961931611415546
4404.5			0.5179411981686086
4405.4			0.5268218208985717
4406.3			0.6459249666680169
4407.2			0.7045141375899592
4408.1			0.7141958194359815
4409.0			0.7910756866008583
4409.9			0.9176453986846453
4410.8			1.0
4411.7			1.0326430699090294
4412.6			1.0353997458302286
4413.5			0.9400419215266288
4414.4			0.7639083347374146
4415.3			0.6781351451775429
4416.2			0.7447369617553932
4417.1			0.8532692345109901
4418.0			0.9372986511536864
4418.9			1.0008540600781224
4419.8			1.0
4420.7			1.0
4421.6			1.0
4422.5			1.0
4423.4			1.0
4424.3			1.0
4425.2			1.0
4426.1			1.0
4427.0			1.0
4427.9			1.0
4428.8			1.0
4429.7			1.0
4430.6			0.9424886437891288
4431.5			1.0076082895026395
4432.4			1.0384018301099105
4433.3			0.941470103147643
4434.2			0.797693890683656
4435.1			0.718398069918168
4436.0			0.7511602788683509
4436.9			0.8526365990652186
4437.8			0.9531465456394832
4438.7			1.0108768039678246
4439.6			0.9856191967977878
4440.5			1.0
4441.4			1.0
4442.3			1.0
4443.2			1.015455853134522
4444.1			1.1241517078742984
4445.0			1.2618459047810326
4445.9			1.317454916545586
4446.8			1.2777967910160113
4447.7			1.2540527074121604
4448.6			1.2535244032728579
4449.5			1.2089613573648916
4450.4			1.1697609528450839
4451.3			1.1776110005905693
4452.2			1.1649583717140994
4453.1			1.0868979812842985
4454.0			0.9716615859114999
4454.9			0.8881022604945974
4455.8			0.8885703019617159
4456.7			0.9297391506445923
4457.6			0.9301906673315294
4458.5			0.8905603863901125
4459.4			0.8571419658305705
4460.3			0.8191489135771926
4461.2			0.7647651862222091
4462.1			0.7809827970398413
4463.0			0.9049503988764107
4463.9			1.006509319054891
4464.8			1.0057371242644795
4465.7			0.9721320194717118
4466.6			0.9638621417537275
4467.5			0.9661723323447523
4468.4			0.9451463973679011
4469.3			0.9169532036168943
4470.2			0.9252047406969833
4471.1			0.959890187573308
4472.0			0.9996880745862841
4472.9			1.0359525094385176
4473.8			1.0381766038914586
4474.7			1.0082064151210777
4475.6			1.0
4476.5			1.0599059891193878
4477.4			1.1100620472561737
4478.3			1.0792833082714168
4479.2			0.9678845166113506
4480.1			0.8469455657484917
4481.0			0.7784784039656941
4481.9			0.7735157624783761
4482.8			0.8309046801168183
4483.7			1.0
4484.6			1.0750867988799448
4485.5			1.10733851673815
4486.4			1.0914540772436052
4487.3			1.023473054959984
4488.2			0.925665325921461
4489.1			0.848437287052036
4490.0			0.839535767994424
4490.9			0.8976697780809076
4491.8			0.9639625400995447
4492.7			0.9638004466911239
4493.6			0.8758639508820286
4494.5			0.7742997469298316
4495.4			0.746401810230065
4496.3			0.7967850866068837
4497.2			0.8791705045338419
4498.1			0.9525221498292059
4499.0			0.9927780308780428
4499.9			0.9775364528974835
4500.8			0.9142075428118493
4501.7			0.8926175707282852
4502.6			0.9709694073902876
4503.5			1.066728474449017
4504.4			1.0892227490414663
4505.3			1.050324324287796
4506.2			1.0
4507.1			0.9678793923365832
4508.0			0.9694073480356111
4508.9			0.9946567152722147
4509.8			1.0237804363226188
4510.7			1.0271665153424612
4511.6			0.9863257284792419
4512.5			0.9241037983215913
4513.4			1.0
4514.3			0.9854793195946783
4515.2			1.0135947582205935
4516.1			1.0423038136714233
4517.0			1.0235474028382874
4517.9			0.9961387243499982
4518.8			1.0233168175166905
4519.7			1.0916226868424672
4520.6			1.1492386033180662
4521.5			1.14205873119794
4522.4			1.0749996494182512
4523.3			1.0
4524.2			0.9751008344999688
4525.1			0.93191720738799
4526.0			0.8602131542948425
4526.9			0.7866738196949199
4527.8			0.735713683002864
4528.7			0.7275221231960167
4529.6			0.7544755164769531
4530.5			0.7881742613162406
4531.4			0.8332244821044694
4532.3			0.8757040516937029
4533.2			0.8676761940913945
4534.1			0.8071573402880654
4535.0			0.7567240806376869
4535.9			0.8034982688393769
4536.8			0.9330946709354987
4537.7			1.0166128067915348
4538.6			0.9972487462078699
4539.5			0.9253946452245128
4540.4			0.8633104162945437
4541.3			0.8589284290968676
4542.2			0.9083101604485944
4543.1			0.9399467579271591
4544.0			0.906685952207254
4544.9			0.8616989992862429
4545.8			0.8652673897372306
4546.7			0.8951804516128694
4547.6			0.90075097953845
4548.5			0.867277095802715
4549.4			0.8465239514213985
4550.3			0.8770252248488573
4551.2			0.9021045212771299
4552.1			0.8805819941621911
4553.0			0.8492571157177615
4553.9			0.8313796367931752
4554.8			0.8275172913382508
4555.7			0.8597348797373852
4556.6			0.926668547467174
4557.5			0.981168206573247
4558.4			0.9987194707681584
4559.3			1.0
4560.2			1.0
4561.1			0.9987463425457459
4562.0			0.9965919017020685
4562.9			0.9414712930209496
4563.8			0.8561556679127305
4564.7			0.8023330758210292
4565.6			0.8234514817480005
4566.5			0.9141493202814783
4567.4			0.9936903706346523
4568.3			1.0015160448583016
4569.2			1.0
4570.1			0.939038435539498
4571.0			0.863514660459553
4571.9			0.8615587994440415
4572.8			0.9457767972098001
4573.7			0.9941762886918893
4574.6			0.9716330317420055
4575.5			0.9536427672917647
4576.4			0.9603692772854705
4577.3			0.9522956501720649
4578.2			1.0
4579.1			0.9208116730388295
4580.0			0.8628553672190965
4580.9			0.874361932328129
4581.8			0.9413235791487106
4582.7			0.9920689708938366
4583.6			0.9921330679221214
4584.5			0.9611320225466391
4585.4			0.9201395272705011
4586.3			0.9162226592327771
4587.2			0.9835267083408538
4588.1			1.070769437818451
4589.0			1.1107007434421123
4589.9			1.0886562641356963
4590.8			1.025644198737514
4591.7			0.9697191520194823
4592.6			0.9527854038446166
4593.5			0.9439137402476827
4594.4			0.9157150925847024
4595.3			0.8976477108504919
4596.2			0.9030230116508712
4597.1			0.9111628985312599
4598.0			0.9326559845452203
4598.9			0.9581815437215345
4599.8			0.9442322666821061
4600.7			0.9269540850584006
4601.6			0.9473022525329969
4602.5			0.963027507523358
4603.4			0.9507236858726377
4604.3			0.9175170335338498
4605.2			0.8886125276130996
4606.1			0.9155859308577874
4607.0			1.0009923170101143
4607.9			1.093137536291402
4608.8			1.1371426737729797
4609.7			1.1119645956224673
4610.6			1.0476781835072366
4611.5			0.9997354838882402
4612.4			1.0
4613.3			1.0
4614.2			1.0
4615.1			1.0
4616.0			1.0
4616.9			1.0
4617.8			1.0
4618.7			1.0
4619.6			1.0
4620.5			1.0
4621.4			1.0
4622.3			1.0
4623.2			1.0
4624.1			1.0
4625.0			1.0
4625.9			1.0
4626.8			1.0207349302804354
4627.7			1.0517468473197977
4628.6			1.0455459873842956
4629.5			1.030138249631718
4630.4			1.0616708573216436
4631.3			1.100942012251308
4632.2			1.0732948127614172
4633.1			1.0
4634.0			0.9765642967299207
4634.9			0.9932376710139781
4635.8			1.0071742593181277
4636.7			0.9886482178438512
4637.6			0.9523107495284064
4638.5			0.9226047230369356
4639.4			0.8891488429315522
4640.3			0.8855452893895748
4641.2			0.9455336686162493
4642.1			0.999256221827327
4643.0			0.9883206079688484
4643.9			0.947631450964665
4644.8			0.901586754348718
4645.7			0.835509133058305
4646.6			0.7850328072364918
4647.5			0.7972500834041132
4648.4			0.8491689770830844
4649.3			0.9072155298878055
4650.2			0.9675921502477769
4651.1			1.0206209689093089
4652.0			1.0577579359942852
4652.9			1.0612706588626404
4653.8			1.01326617330867
4654.7			0.9535036153038547
4655.6			0.9277027110221029
4656.5			0.9510629587481533
4657.4			1.0226547273898037
4658.3			1.1121310219090845
4659.2			1.1773049486532214
4660.1			1.1879280801921361
4661.0			1.1420294998072327
4661.9			1.0674114642876145
4662.8			1.0036670322605052
4663.7			0.9827821765484239
4664.6			0.9874970171475216
4665.5			0.9459600790098783
4666.4			0.8403080649975059
4667.3			0.7626288979721195
4668.2			0.7924469615240519
4669.1			0.8949058764094392
4670.0			0.9976197928341837
4670.9			1.0657313607424515
4671.8			1.0834485688162576
4672.7			1.0549332314614244
4673.6			1.015603503869575
4674.5			1.0
4675.4			1.0337416863666529
4676.3			1.0730582949514003
4677.2			1.0652531150364808
4678.1			1.0213278720163401
4679.0			0.9793660281871323
4679.9			0.9455821546633713
4680.8			0.9227000930755631
4681.7			0.9296553166333441
4682.6			0.9718417708135652
4683.5			1.0112790435798473
4684.4			1.0
4685.3			0.9965350625113145
4686.2			0.9860246471298987
4687.1			0.9553524739103417
4688.0			0.9358403799730599
4688.9			0.9529249920123873
4689.8			0.9681788227016648
4690.7			0.9496664275414133
4691.6			0.9279616336126423
4692.5			0.9270924640847146
4693.4			0.9390077641937739
4694.3			0.9714970504536042
4695.2			1.0206163658531195
4696.1			1.0399091483826877
4697.0			0.9938254303004279
4697.9			0.9101996968286526
4698.8			0.8632843839481888
4699.7			0.8803195931343353
4700.6			0.9091796900605283
4701.5			0.9071673796424516
4702.4			0.8881331190307205
4703.3			0.8952054040206582
4704.2			0.9358132392692384
4705.1			0.963420932472116
4706.0			0.9507375558207106
4706.9			0.9215414194364376
4707.8			0.9069830020780077
4708.7			0.9045080177808443
4709.6			0.9199753079449638
4710.5			1.0
4711.4			1.031638041571381
4712.3			1.0080273370449133
4713.2			0.9383403248548794
4714.1			0.8711106260175979
4715.0			0.8732504465833805
4715.9			1.0
4716.8			1.0680372803874951
4717.7			1.0910976408894608
4718.6			1.1149202222789816
4719.5			1.146314976504869
4720.4			1.1501905474612788
4721.3			1.1134677409303027
4722.2			1.0638585771085698
4723.1			1.0530119047743283
4724.0			1.092832129232195
4724.9			1.1310031146147819
4725.8			1.1020633379315385
4726.7			0.9951620022964327
4727.6			0.8779210616620264
4728.5			0.82323318856776
4729.4			0.8303162836517177
4730.3			0.8602646341037571
4731.2			0.9010274752296937
4732.1			0.9471524672930166
4733.0			0.9672070450726254
4733.9			0.9682338908541827
4734.8			0.9758310818868302
4735.7			0.9566535193568256
4736.6			0.9221783986977836
4737.5			0.9506798563034171
4738.4			1.0234817070249032
4739.3			1.041161393101013
4740.2			0.9974043678250148
4741.1			1.0
4742.0			1.0
4742.9			1.0
4743.8			1.0
4744.7			1.0
4745.6			1.0
4746.5			1.0
4747.4			1.0
4748.3			1.0
4749.2			1.0
4750.1			1.0
4751.0			1.0
4751.9			1.0
4752.8			1.0
4753.7			1.0
4754.6			1.0
4755.5			1.0
4756.4			1.0
4757.3			1.0
4758.2			1.0
4759.1			1.0244742518113104
4760.0			1.044423995819195
4760.9			1.0246962076535242
4761.8			0.9798920108532999
4762.7			0.9526204964731214
4763.6			0.938985455526791
4764.5			0.9050250396958321
4765.4			0.8604832450483987
4766.3			0.8509635333025831
4767.2			0.888723142218974
4768.1			0.9503480047864621
4769.0			1.0090849512389917
4769.9			1.0283701496345379
4770.8			1.0
4771.7			0.9558119645237784
4772.6			0.9529489668992163
4773.5			0.995045165796322
4774.4			1.0333007964851961
4775.3			1.0224280975803117
4776.2			1.000266173649341
4777.1			1.010860099864444
4778.0			1.0201772658902597
4778.9			1.0035519717207848
4779.8			0.9802488175481047
4780.7			0.9611628318357481
4781.6			0.930179050985012
4782.5			0.8805248033974311
4783.4			0.8548410429980311
4784.3			0.8792443843074927
4785.2			0.8931787355820646
4786.1			0.8734613669244233
4787.0			0.8748443685720532
4787.9			0.8949706656484826
4788.8			0.884476792497212
4789.7			0.8610035928203577
4790.6			0.8594778205367206
4791.5			0.8737698039863417
4792.4			0.9024945209241221
4793.3			0.9495235520103881
4794.2			1.0
4795.1			1.0136645359309675
4796.0			0.9848674315906
4796.9			0.9492558658088427
4797.8			0.9209335287295815
4798.7			0.890486665655198
4799.6			0.8733976604829374
4800.5			0.8976570960225831
4801.4			0.9608243202074963
4802.3			1.0189445648875095
4803.2			1.0335249566105214
4804.1			0.9981068775805083
4805.0			1.0
4805.9			1.0
4806.8			1.0
4807.7			1.0
4808.6			1.0
4809.5			1.0
4810.4			1.0
4811.3			1.0
4812.2			1.0
4813.1			1.0
4814.0			1.0
4814.9			1.0
4815.8			1.0
4816.7			1.0
4817.6			1.0
4818.5			1.0
4819.4			1.0
4820.3			1.0
4821.2			1.0
4822.1			1.0
4823.0			1.0
4823.9			1.0
4824.8			1.0437344900498575
4825.7			1.095837323990036
4826.6			1.1008767785368352
4827.5			1.0715813875652056
4828.4			1.0518313103063412
4829.3			1.0671175789203993
4830.2			1.0817239635900373
4831.1			1.0359395825800346
4832.0			0.9805574516057805
4832.9			0.9958248394644515
4833.8			1.05397965843013
4834.7			1.0867987473708556
4835.6			1.0
4836.5			0.9988515156829897
4837.4			1.000969669862129
4838.3			0.9782742709903505
4839.2			0.9402140142484983
4840.1			0.9277905785465574
4841.0			0.953213345485018
4841.9			0.9670915494802339
4842.8			0.9466027624943896
4843.7			0.948715268487372
4844.6			1.001337398490746
4845.5			1.056720328380856
4846.4			1.068257254773356
4847.3			1.0260330533646842
4848.2			0.9698135834519954
4849.1			0.9737800059294748
4850.0			1.030417711617783
4850.9			1.0535227022699853
4851.8			1.0447459266789891
4852.7			1.0485025407565114
4853.6			1.0274967897265619
4854.5			0.9541798483917363
4855.4			0.9048951153424742
4856.3			0.9431691968187855
4857.2			1.0062728504687017
4858.1			1.0133675425584934
4859.0			0.9606337808133725
4859.9			0.873224129715118
4860.8			0.789124653028752
4861.7			0.7960035578372527
4862.6			0.8869478786715411
4863.5			0.9426233578552049
4864.4			0.9597720437498314
4865.3			0.9990298129217898
4866.2			1.0389672120127682
4867.1			1.0338474687500678
4868.0			1.0
4868.9			1.0119073014086988
4869.8			0.9829348859724796
4870.7			0.878014011378178
4871.6			0.8112478492058548
4872.5			0.8660717690596673
4873.4			0.9627930981175317
4874.3			0.9985637354775678
4875.2			1.0202588785138509
4876.1			1.0508537535011295
4877.0			1.0871550346334102
4877.9			1.110186633610706
4878.8			1.1584534649567781
4879.7			1.1686895963378514
4880.6			1.0914407888349988
4881.5			1.0295601936604986
4882.4			1.0
4883.3			1.0422569457339168
4884.2			1.0075479071666995
4885.1			0.9245638065368205
4886.0			0.8778396259574652
4886.9			0.8959282168729642
4887.8			0.9352150188472963
4888.7			0.9515838599512919
4889.6			0.9107623470594992
4890.5			0.8139456344229012
4891.4			0.7885435058253825
4892.3			0.8965324242355317
4893.2			1.0233311487750287
4894.1			1.102055710613521
4895.0			1.1402611810785526
4895.9			1.13735244759229
4896.8			1.1190666421063395
4897.7			1.1033158662901807
4898.6			1.0638437108775565
4899.5			1.0020784847548525
4900.4			1.0
4901.3			1.0
4902.2			1.0
4903.1			1.0
4904.0			0.9962058301465908
4904.9			1.0476958382627464
4905.8			1.0993217036980802
4906.7			1.0899755972795782
4907.6			1.0289052498595017
4908.5			0.961559842631481
4909.4			0.907870217973382
4910.3			0.8844359665078044
4911.2			1.0
4912.1			1.0359533837695558
4913.0			1.0598709836381823
4913.9			1.0802569074629502
4914.8			1.1118402763888027
4915.7			1.1260472145800648
4916.6			1.0928621754393317
4917.5			0.9972416276917162
4918.4			0.8544853240943945
4919.3			0.733032408136829
4920.2			0.6951137949610393
4921.1			0.7599913514555612
4922.0			0.8716336701825884
4922.9			0.9321714007923664
4923.8			0.9135134544032165
4924.7			0.8802326694532429
4925.6			0.9020691095961044
4926.5			0.9533039403643905
4927.4			0.9801916802863735
4928.3			1.0035173504130617
4929.2			1.0
4930.1			1.0
4931.0			1.0
4931.9			1.0
4932.8			0.9317778521620605
4933.7			0.8824087884687124
4934.6			0.9133621113723024
4935.5			0.9502826653881231
4936.4			0.9147723962460244
4937.3			0.8297895413113282
4938.2			0.7596699782668999
4939.1			0.7589776340629312
4940.0			0.8318378987013082
4940.9			0.9104548025659156
4941.8			0.9444085795513955
4942.7			0.9699829383649521
4943.6			1.0004446701806233
4944.5			1.0
4945.4			1.0
4946.3			1.0
4947.2			1.0
4948.1			1.0
4949.0			1.0
4949.9			1.0
4950.8			1.0
4951.7			1.0
4952.6			1.0
4953.5			1.0
4954.4			1.0030384414251987
4955.3			0.9935405384820141
4956.2			0.8978613014111593
4957.1			0.750650328184747
4958.0			0.7280476329170855
4958.9			0.8610547808010672
4959.8			0.9891805460007536
4960.7			1.0194944084781288
4961.6			0.9971609341105235
4962.5			1.0
4963.4			1.0
4964.3			1.0
4965.2			1.0
4966.1			1.0
4967.0			1.0
4967.9			1.0
4968.8			1.0
4969.7			1.0
4970.6			1.0
4971.5			1.0
4972.4			1.0
4973.3			1.0
4974.2			1.0
4975.1			1.0
4976.0			1.0
4976.9			1.0
4977.8			0.9550436525261051
4978.7			0.919176623883676
4979.6			0.9256540376376873
4980.5			1.0
4981.4			0.9447493401472321
4982.3			0.8609365573645807
4983.2			0.8366373311692256
4984.1			0.8804853827866109
4985.0			0.9304697077033838
4985.9			0.9702823587455566
4986.8			1.0130751351061746
4987.7			1.037359080788674
4988.6			1.0341488447319367
4989.5			1.0174102047175233
4990.4			0.9908178992659171
4991.3			0.9878275043908729
4992.2			1.0201402873306413
4993.1			1.0224308836101341
4994.0			0.9957539537578307
4994.9			1.0024722889944397
4995.8			1.0210286843545866
4996.7			1.0215396608818843
4997.6			1.0154738198059885
4998.5			0.9835886413321113
4999.4			0.9279433434193591
5000.3			0.8976261220173193
5001.2			0.90118287688554
5002.1			0.9127992962543967
5003.0			0.9200641260664723
5003.9			0.909480783946726
5004.8			0.8605993898636151
5005.7			0.7991398074525781
5006.6			0.8002062718397313
5007.5			0.8793995184096431
5008.4			0.9524530832865824
5009.3			0.9622731380177713
5010.2			0.9471575703106025
5011.1			0.919541643494036
5012.0			0.8594303461916306
5012.9			0.7966352135083792
5013.8			0.7624523440141863
5014.7			0.7825543486946482
5015.6			0.8446287451584651
5016.5			0.8781239071006676
5017.4			0.8662900191792553
5018.3			0.8623083996253088
5019.2			0.882444853329776
5020.1			0.8898226247448876
5021.0			0.8643419597240697
5021.9			0.8266305583299609
5022.8			0.8328526920833657
5023.7			0.8883681572303506
5024.6			0.9296405659224954
5025.5			0.9327666828949719
5026.4			0.8964205318541824
5027.3			0.8405231340337717
5028.2			0.8399430358530098
5029.1			0.8909955159634629
5030.0			0.9291869799552487
5030.9			0.9506352234194981
5031.8			1.0
5032.7			1.0493954537977521
5033.6			1.0703161636248704
5034.5			1.024416854677131
5035.4			0.9392460742307365
5036.3			0.9097850926338285
5037.2			0.9519415944969705
5038.1			0.968208357401897
5039.0			0.9102579319216758
5039.9			1.0
5040.8			0.8846652132317847
5041.7			0.9155914491484249
5042.6			1.0570009144531358
5043.5			1.1585908959407154
5044.4			1.2065831221691905
5045.3			1.2517668862183782
5046.2			1.2665670005975471
5047.1			1.1953152820909523
5048.0			1.0636241144971665
5048.9			0.9665462876779087
5049.8			0.9464645699354065
5050.7			0.9627118193987975
5051.6			0.9673522787469307
5052.5			0.9665982695631943
5053.4			0.9877329016433467
5054.3			1.022540869429273
5055.2			1.0346164684401058
5056.1			1.0184352306344264
5057.0			1.0094811768352048
5057.9			1.013302713768883
5058.8			1.0
5059.7			1.0128938478445721
5060.6			1.0437420022147417
5061.5			1.0631444520169775
5062.4			1.0457913600181437
5063.3			0.98513407998327
5064.2			0.897409872477985
5065.1			0.8646068223297241
5066.0			0.9076584355241547
5066.9			1.0
5067.8			0.9742302735302083
5068.7			0.9634315068089125
5069.6			0.997335447405903
5070.5			1.019865118834825
5071.4			0.984196366928887
5072.3			0.9518146020682061
5073.2			0.9845932256666707
5074.1			1.024343680996469
5075.0			1.007994200697831
5075.9			0.9733223639451649
5076.8			0.9791747158816883
5077.7			0.9811629845095213
5078.6			0.9054741194348958
5079.5			1.0
5080.4			0.9727728748305438
5081.3			1.0212279846583192
5082.2			1.0494608981784186
5083.1			1.047529909017661
5084.0			1.063230946655838
5084.9			1.0959629640918442
5085.8			1.1186250011774568
5086.7			1.1238215656873907
5087.6			1.1205839802176556
5088.5			1.1268197283701145
5089.4			1.1411097603130782
5090.3			1.143648163296537
5091.2			1.136984343605835
5092.1			1.1560211619689345
5093.0			1.1875658736706267
5093.9			1.1711955396200937
5094.8			1.1044105007045018
5095.7			1.0457934405338694
5096.6			1.019546763083191
5097.5			0.9831225359727749
5098.4			1.0
5099.3			0.9670378657357822
5100.2			1.0254456290132083
5101.1			1.0932890711771546
5102.0			1.1100664329068577
5102.9			1.081686286673586
5103.8			1.0383331164454623
5104.7			1.0120172358239063
5105.6			1.0027895966733316
5106.5			0.9718036231516969
5107.4			0.9297279624249232
5108.3			0.9159300239588622
5109.2			0.9107582023647747
5110.1			0.9021793761102984
5111.0			0.919833015159863
5111.9			0.9435124105527086
5112.8			1.0
5113.7			1.0228838145333312
5114.6			1.052129643967771
5115.5			1.058122185668818
5116.4			1.0684675167347724
5117.3			1.0978138387189909
5118.2			1.1060982281419816
5119.1			1.0785045469032237
5120.0			1.0321274437899373
5120.9			0.9893787639516207
5121.8			0.9571967449749393
5122.7			0.902608296127943
5123.6			0.844615431534617
5124.5			0.8387062335611496
5125.4			0.8696239216187283
5126.3			0.8867336354682189
5127.2			0.8784560934363095
5128.1			0.8594436349992624
5129.0			0.841399839355578
5129.9			0.8537493827912219
5130.8			0.9102684746600612
5131.7			0.9661497667923243
5132.6			0.9751301400002726
5133.5			1.0
5134.4			1.028746401887747
5135.3			1.0674735640292052
5136.2			1.0621797916927675
5137.1			1.0304316732434189
5138.0			0.9855051541484191
5138.9			0.9499863735105708
5139.8			0.9982816038786921
5140.7			1.0794855634096543
5141.6			1.06474685193513
5142.5			1.0133243062144701
5143.4			1.0452403969932034
5144.3			1.10462581464742
5145.2			1.1014635736824427
5146.1			1.0686345020392045
5147.0			1.0599811551379983
5147.9			1.0881247680712718
5148.8			1.132469921620598
5149.7			1.1575970993820943
5150.6			1.1606136441907104
5151.5			1.1641226813923424
5152.4			1.166853377431318
5153.3			1.1654460565817577
5154.2			1.2031802567525645
5155.1			1.3001401917714677
5156.0			1.4063199206491073
5156.9			1.492900572774187
5157.8			1.0
5158.7			0.990149246416692
5159.6			0.9870060134663262
5160.5			1.0073027411662518
5161.4			0.9916093438762525
5162.3			0.9385610334227726
5163.2			0.9053134667873278
5164.1			0.8720058996318776
5165.0			0.7908717869612947
5165.9			0.6698125109891055
5166.8			0.5617510294745047
5167.7			0.5470311479734874
5168.6			0.6580509102173335
5169.5			0.8044641775191544
5170.4			0.8257817114837018
5171.3			0.6798184255586344
5172.2			0.5205620868166199
5173.1			0.5335613033698949
5174.0			0.719285641857607
5174.9			0.9106100134016837
5175.8			1.0014915540262987
5176.7			1.0283592861201627
5177.6			1.0521355022527634
5178.5			1.0617933062404035
5179.4			1.0430929170248853
5180.3			0.9907243540288432
5181.2			0.8851668176328413
5182.1			0.7179745208024869
5183.0			0.5554524086798871
5183.9			0.5502028334522363
5184.8			0.7443481323884262
5185.7			0.9963788772308271
5186.6			1.0
5187.5			1.0314548178044494
5188.4			1.032065752969913
5189.3			1.068372823730461
5190.2			1.0685181278308145
5191.1			0.9565439725479373
5192.0			0.8334061814640248
5192.9			0.825976611675889
5193.8			0.8822150912104083
5194.7			0.9035181216480608
5195.6			0.9103172649109009
5196.5			0.9426486229961558
5197.4			0.9789860036992608
5198.3			1.0020508769401448
5199.2			1.405618364507378
5200.1			1.0
5201.0			0.9788470928732598
5201.9			0.9594480057619847
5202.8			0.9505985477660692
5203.7			0.8988685438062661
5204.6			0.7994222468775513
5205.5			0.7342478206357186
5206.4			0.7388774537885565
5207.3			0.7314373971240001
5208.2			0.6910418839528178
5209.1			0.7024420305293709
5210.0			0.7785175506026512
5210.9			0.8886315591427776
5211.8			0.9987156578982678
5212.7			1.0725836674667815
5213.6			1.0906346905783144
5214.5			1.0500429623070007
5215.4			0.9956374638878875
5216.3			1.0
5217.2			1.0
5218.1			1.0
5219.0			1.0
5219.9			1.0
5220.8			1.0090933303662075
5221.7			1.0044633004450216
5222.6			0.9649778382026274
5223.5			0.8986052038145063
5224.4			0.832310588319818
5225.3			0.7711629737798003
5226.2			0.7139791349466088
5227.1			0.7234639410744153
5228.0			0.8388960110533514
5228.9			0.9613123809744578
5229.8			1.0119190295277773
5230.7			1.0271412243761242
5231.6			1.00119211359717
5232.5			1.0
5233.4			1.0
5234.3			1.0
5235.2			1.0
5236.1			1.0
5237.0			1.0
5237.9			1.0
5238.8			1.0
5239.7			0.9898313325808454
5240.6			0.999998480514369
5241.5			1.0150660994411547
5242.4			1.015923278370416
5243.3			1.0312105838427303
5244.2			1.0673257199613781
5245.1			1.062272623392938
5246.0			0.972626513609976
5246.9			0.8843851368562777
5247.8			0.8922258561748996
5248.7			0.9391782059489812
5249.6			0.9248876864685046
5250.5			0.8902167682401385
5251.4			0.9157303526147229
5252.3			0.9701687815983101
5253.2			0.9909419499880274
5254.1			0.9555861720493424
5255.0			0.9195332173701635
5255.9			0.968774563306226
5256.8			1.0690068232375696
5257.7			1.0
5258.6			1.0057475862406509
5259.5			0.9800111283977699
5260.4			0.9397760156450096
5261.3			0.8842747943796231
5262.2			0.8110264150279685
5263.1			0.7474034969434327
5264.0			0.7087676392902879
5264.9			0.6729804536070929
5265.8			0.6571830825863721
5266.7			0.7218066974818123
5267.6			0.7787121325129627
5268.5			0.6946799694654046
5269.4			0.5647223592999684
5270.3			0.588574413362203
5271.2			0.7480081454433992
5272.1			0.8697894812379424
5273.0			0.9081343955467397
5273.9			0.9062869447852452
5274.8			0.8793342714945312
5275.7			0.8860071973629836
5276.6			0.9637436624923433
5277.5			1.0
5278.4			1.024225278855902
5279.3			0.9982907131080353
5280.2			0.9429055847884387
5281.1			0.8922804036220282
5282.0			0.8630304558727532
5282.9			0.8386222831412826
5283.8			0.8371608823471584
5284.7			0.902275597171881
5285.6			0.996063661412492
5286.5			1.0410111580148498
5287.4			1.0205702052808359
5288.3			0.9908234438136033
5289.2			0.9989850367337608
5290.1			1.0
5291.0			1.0173063091792514
5291.9			0.9997293067146962
5292.8			0.9631372261544758
5293.7			0.9477376240167407
5294.6			0.9459023880199813
5295.5			0.9089266874352598
5296.4			0.825255174493057
5297.3			0.7407303749186578
5298.2			0.7378233880423756
5299.1			0.8118658773963721
5300.0			0.865477598714296
5300.9			0.8623676265293809
5301.8			0.8640530164911456
5302.7			0.8992858344972858
5303.6			0.953797530085528
5304.5			0.9913130027164464
5305.4			0.999961495822832
5306.3			1.0
5307.2			1.0
5308.1			1.0
5309.0			1.0
5309.9			1.0
5310.8			1.0
5311.7			1.0
5312.6			1.0
5313.5			1.0
5314.4			1.0
5315.3			1.0
5316.2			1.0
5317.1			1.0
5318.0			1.0
5318.9			1.0
5319.8			0.9987614783248688
5320.7			1.0045607691938099
5321.6			1.0017714078841098
5322.5			0.9765856447428302
5323.4			0.9111737615601665
5324.3			0.8762357061942009
5325.2			0.9017067843321724
5326.1			0.8932570010579824
5327.0			0.7699828579833307
5327.9			0.6306970411011594
5328.8			0.6425429523683373
5329.7			0.7810647410266364
5330.6			0.9023295570701484
5331.5			0.934348037254976
5332.4			0.915265464824392
5333.3			0.9263886037074431
5334.2			0.9756895149192897
5335.1			1.0079242213940682
5336.0			1.0
5336.9			0.9876565350962929
5337.8			0.9845548721038294
5338.7			0.9528307366635964
5339.6			0.8692653572857705
5340.5			0.8146727787965174
5341.4			0.8625924327382362
5342.3			0.9498503202306307
5343.2			0.9963346003666754
5344.1			0.9993677671028515
5345.0			1.0
5345.9			1.0
5346.8			1.0
5347.7			1.0
5348.6			1.0
5349.5			1.0
5350.4			1.0
5351.3			1.0
5352.2			1.0
5353.1			1.0
5354.0			1.0
5354.9			1.0
5355.8			1.0
5356.7			1.0
5357.6			1.0
5358.5			1.0
5359.4			1.0
5360.3			1.0
5361.2			1.0
5362.1			1.0
5363.0			1.0
5363.9			1.0
5364.8			1.0
5365.7			1.0
5366.6			0.9917349090764792
5367.5			0.9879529568426553
5368.4			0.9678809264511377
5369.3			0.8967666527064445
5370.2			0.7971423155189661
5371.1			0.746176948851478
5372.0			0.8060693430839244
5372.9			0.9196041133911586
5373.8			0.9908523404971429
5374.7			1.0104430959839916
5375.6			0.9962925574566381
5376.5			1.0
5377.4			1.0
5378.3			1.0
5379.2			1.0
5380.1			0.9906897502575785
5381.0			0.9768251914651367
5381.9			0.9639028303098732
5382.8			0.9465040293924869
5383.7			0.952415200024763
5384.6			0.9829395795068746
5385.5			1.001469583964048
5386.4			0.9975756566006604
5387.3			0.9862625770308426
5388.2			0.9661635837240395
5389.1			0.9333982782759144
5390.0			0.9049207313734009
5390.9			0.8967773596850154
5391.8			0.9048765203217117
5392.7			0.915916754405352
5393.6			0.9212844428055891
5394.5			0.925702960507412
5395.4			0.9116065825698332
5396.3			0.8447120545016832
5397.2			0.8105945051609544
5398.1			0.878455374189645
5399.0			0.9552216670085086
5399.9			0.9679676333154495
5400.8			0.9633044589022224
5401.7			0.9901707296553894
5402.6			1.0014318659470973
5403.5			0.9431160889904021
5404.4			0.8440253112135714
5405.3			0.7762562681227639
5406.2			0.7923430367547138
5407.1			0.8769950739350413
5408.0			0.9400700316066107
5408.9			0.9230763864257676
5409.8			0.8949158962698894
5410.7			0.9374255968347209
5411.6			1.0166546633329319
5412.5			1.0665296940813482
5413.4			1.0783152957390558
5414.3			1.0690055774178948
5415.2			1.074027994269403
5416.1			1.111763548675038
5417.0			1.1415319074730501
5417.9			1.1387464175105588
5418.8			1.0
5419.7			0.9610993127885407
5420.6			0.9432094068809621
5421.5			0.9674655007283134
5422.4			0.9886989351321918
5423.3			0.9520993134490984
5424.2			0.9135231299702374
5425.1			0.9403883451178926
5426.0			0.9966414920165294
5426.9			1.0323877395657766
5427.8			0.9943134778426678
5428.7			0.8716662200637729
5429.6			0.7929510718258704
5430.5			0.847648802032475
5431.4			0.9132479610167035
5432.3			0.901188078701265
5433.2			0.8538241373738419
5434.1			0.8142418507992268
5435.0			0.8076904581342844
5435.9			0.8268947790350204
5436.8			0.8625557067585097
5437.7			0.9194164579168618
5438.6			0.9712218814462196
5439.5			0.9983307693353313
5440.4			1.0
5441.3			1.0
5442.2			1.0
5443.1			0.9978479317286467
5444.0			0.9714554636291399
5444.9			0.9128533568106624
5445.8			0.8227381322478515
5446.7			0.7662398943827189
5447.6			0.8124565595092594
5448.5			0.9093572438967934
5449.4			0.9781342910069748
5450.3			0.9988990295092324
5451.2			1.0
5452.1			0.9795028180360176
5453.0			0.9514163793184296
5453.9			0.9018598933015313
5454.8			0.8272555807550802
5455.7			0.797546256325402
5456.6			0.858984280157058
5457.5			0.950405439993015
5458.4			1.0054555084197014
5459.3			1.0008476428972795
5460.2			1.0
5461.1			1.0
5462.0			1.0
5462.9			1.0
5463.8			1.0
5464.7			1.0
5465.6			1.0
5466.5			0.9910726876882803
5467.4			0.9993294049148481
5468.3			1.0053833282836573
5469.2			0.9792859073366058
5470.1			0.9424576948653948
5471.0			0.9477548465679403
5471.9			0.966252169599033
5472.8			0.9426923922397702
5473.7			0.9203176750981996
5474.6			0.9305124064674397
5475.5			1.0
5476.4			0.9147904791130067
5477.3			0.9131522075058595
5478.2			1.0054454385931852
5479.1			1.0710452387928986
5480.0			1.03251343976519
5480.9			0.9465518849489786
5481.8			0.9192185231383226
5482.7			0.9537130901196607
5483.6			1.0065112429528051
5484.5			1.0602272719585837
5485.4			1.0809895842963746
5486.3			1.0356621339282979
5487.2			0.9623576725542276
5488.1			0.9441785527834256
5489.0			0.9636295105953002
5489.9			0.9664879480463283
5490.8			0.9787778103877468
5491.7			0.9979535833848027
5492.6			0.9805947281542103
5493.5			0.9497545946880898
5494.4			0.9543146869409714
5495.3			0.9768223743912313
5496.2			0.9588870831091906
5497.1			0.9214563219686168
5498.0			0.938342267069994
5498.9			0.9912563161164383
5499.8			1.0011706168975723
5500.7			1.0
5501.6			1.0
5502.5			1.0
5503.4			1.0
5504.3			1.0
5505.2			1.0
5506.1			0.9533835035273529
5507.0			0.9672611984709786
5507.9			1.0241335755502166
5508.8			1.0439433111096825
5509.7			1.026241294831578
5510.6			0.9983072024347006
5511.5			0.9474999722943781
5512.4			0.9033561038332889
5513.3			0.8968062298134812
5514.2			0.9048576072151661
5515.1			0.9240166265145717
5516.0			0.9397418139079549
5516.9			0.958204278005673
5517.8			0.9986265075396813
5518.7			1.0277098165192744
5519.6			1.0197828449805517
5520.5			1.0030418353113033
5521.4			1.0
5522.3			1.0
5523.2			1.000444370736165
5524.1			1.0009310891134056
5525.0			0.9955379843019875
5525.9			0.9817180955472032
5526.8			0.9438916619184664
5527.7			0.8850622669645498
5528.6			0.8789930959140101
5529.5			0.9404877569894033
5530.4			0.9949480207454631
5531.3			1.0095508584906312
5532.2			0.9998152072935474
5533.1			1.0009746424828965
5534.0			1.0030995795377435
5534.9			1.0
5535.8			1.0
5536.7			1.0
5537.6			1.0
5538.5			1.0
5539.4			1.0
5540.3			1.0
5541.2			1.0
5542.1			1.0
5543.0			1.0
5543.9			1.0
5544.8			1.0
5545.7			1.0
5546.6			1.0
5547.5			1.0
5548.4			1.0
5549.3			1.0
5550.200000000001			1.0
5551.1			1.0
5552.0			1.0
5552.9			1.0
5553.8			1.0
5554.700000000001			1.0
5555.6			1.0
5556.5			1.0
5557.4			1.0
5558.3			1.0
5559.200000000001			1.0
5560.1			1.0
5561.0			1.0
5561.9			1.0
5562.8			1.0
5563.700000000001			1.0
5564.6			1.0
5565.5			1.0
5566.4			1.0
5567.3			1.0
5568.200000000001			1.0
5569.1			1.0
5570.0			1.0
5570.9			1.0
5571.8			1.0
5572.700000000001			1.0
5573.6			1.0
5574.5			1.0
5575.4			1.0014212428285771
5576.3			0.9929454533804585
5577.200000000001			1.010108240103737
5578.1			1.0068787445567748
5579.0			0.9971941724329096
5579.9			1.0160357924193093
5580.8			1.0270926140298666
5581.700000000001			1.010050014174559
5582.6			1.003692258824607
5583.5			0.9998996817348995
5584.4			0.976776845529057
5585.3			0.9515653974387783
5586.200000000001			0.9125953245371992
5587.1			0.8759162360703824
5588.0			0.8721345972636331
5588.9			0.890937910821095
5589.8			0.9208809527023643
5590.700000000001			0.9558395383025597
5591.6			0.9732414960966115
5592.5			0.9707508562014305
5593.4			0.9685880822579273
5594.3			0.9772928744756709
5595.200000000001			1.0
5596.1			1.0570673604573748
5597.0			1.0505030233729766
5597.9			0.9925390639352124
5598.8			0.9604506603052403
5599.700000000001			0.9547383519012765
5600.6			0.9199008545354442
5601.5			0.8863268509398492
5602.4			0.8768732604767823
5603.3			0.9016169805617105
5604.200000000001			0.9619025585185904
5605.1			1.0089190409020334
5606.0			1.0342095752103688
5606.9			1.0366510450913522
5607.8			1.0
5608.700000000001			0.9904881122342526
5609.6			0.9912603964855448
5610.5			1.0002325257898852
5611.4			1.019361312242231
5612.3			1.0384818102393856
5613.200000000001			1.0266260880864373
5614.1			0.9484324478307692
5615.0			0.8469466811873411
5615.9			0.8339339620910915
5616.8			0.9091104604599429
5617.700000000001			0.9671074282518696
5618.6			0.9679741825614876
5619.5			1.0
5620.4			1.0013983877215515
5621.3			1.028232881946049
5622.200000000001			1.0410252134718547
5623.1			0.9952582387776987
5624.0			1.0
5624.9			0.9553160550100461
5625.8			0.9940738305837644
5626.700000000001			1.0459782549851957
5627.6			1.0719274517991235
5628.5			1.1092692511533109
5629.4			1.1538339215809137
5630.3			1.175394511771196
5631.200000000001			1.174367176458844
5632.1			1.1627251910495773
5633.0			1.141965563455458
5633.9			1.1117777930679658
5634.8			1.0884640047377725
5635.700000000001			1.0755309601771386
5636.6			1.066560252333435
5637.5			1.0717438917909055
5638.4			1.0984860621581427
5639.3			1.121519257386229
5640.200000000001			1.105589794574486
5641.1			1.0679529305487208
5642.0			1.063430017772867
5642.9			1.0843622943194728
5643.8			1.0954175971566493
5644.700000000001			1.1031880545557526
5645.6			1.110705657313304
5646.5			1.1188060532989472
5647.4			1.1283453807740715
5648.3			1.1201884765554642
5649.200000000001			1.1041846552797208
5650.1			1.0
5651.0			1.0252567424275878
5651.9			1.0483232337687898
5652.8			1.0500482608549253
5653.700000000001			1.0171610066446137
5654.6			0.9785568360537962
5655.5			0.9894925146293602
5656.4			1.0081948827138763
5657.3			0.950232875940138
5658.200000000001			0.8657286508675663
5659.1			0.8690259723740046
5660.0			0.9359575205859016
5660.9			0.962141911234331
5661.8			0.9361863605494136
5662.700000000001			0.9245543982572285
5663.6			0.9530597708378767
5664.5			0.9885380570349339
5665.4			1.0002395988981185
5666.3			1.0
5667.200000000001			1.0
5668.1			1.0
5669.0			1.0
5669.9			1.0
5670.8			1.0
5671.700000000001			1.0
5672.6			1.0
5673.5			1.0
5674.4			1.0
5675.3			1.0
5676.200000000001			1.0
5677.1			1.016794079996027
5678.0			1.0055245832117048
5678.9			0.9853940137601298
5679.8			0.9816853674097769
5680.700000000001			0.9814410115853573
5681.6			0.9552809085156836
5682.5			0.9280268879048151
5683.4			0.938608026257118
5684.3			0.9737833198401926
5685.200000000001			0.9907310021345255
5686.1			0.9672918022405338
5687.0			0.9452316984495084
5687.9			0.9468335288616464
5688.8			0.9648932023097663
5689.700000000001			0.9998061178478261
5690.6			1.0
5691.5			1.018020377055646
5692.4			1.0324665195262293
5693.3			1.02558767796248
5694.200000000001			1.0075046319459278
5695.1			1.0058923200473697
5696.0			1.0179669957681008
5696.9			1.0055545345145576
5697.8			0.9578387577176958
5698.700000000001			0.9265375635887401
5699.6			0.92383909750917
5700.5			0.9106565105130918
5701.4			0.8911523334970499
5702.3			0.8936561970624737
5703.200000000001			0.9233585817884558
5704.1			0.9546330612340966
5705.0			0.9507205938328789
5705.9			0.9116024820354287
5706.8			0.8754115247440636
5707.700000000001			0.8514900548055035
5708.6			0.8308921123765525
5709.5			0.8417625408839218
5710.4			0.863595005883501
5711.3			0.8533244210300045
5712.200000000001			0.8647842702575983
5713.1			0.920525418725692
5714.0			0.9585165492014085
5714.9			0.9670944775283571
5715.8			0.973019082627074
5716.700000000001			0.9752239019293212
5717.6			0.9751864354389739
5718.5			0.9866616540287109
5719.4			0.9966834164803654
5720.3			0.9970452671213957
5721.200000000001			1.0038219330070706
5722.1			1.0184507360418835
5723.0			1.0243353987771002
5723.9			1.0207866095918539
5724.8			1.0189616391080196
5725.700000000001			0.9993527772604643
5726.6			1.0
5727.5			1.0
5728.4			1.0
5729.3			1.0311539111440022
5730.200000000001			0.999111697668382
5731.1			0.9415091564871034
5732.0			0.9374435423906384
5732.9			0.9752213087179352
5733.8			1.000624023724237
5734.700000000001			1.00302700069131
5735.6			1.0
5736.5			1.0
5737.4			1.0
5738.3			1.0
5739.200000000001			1.0
5740.1			1.0
5741.0			1.0
5741.9			1.0
5742.8			1.0
5743.700000000001			1.0
5744.6			1.0
5745.5			1.0
5746.4			1.0
5747.3			1.0
5748.200000000001			1.0
5749.1			1.0
5750.0			1.0400597406585053
5750.9			1.043368238306998
5751.8			1.001365549766919
5752.700000000001			0.9396216694777076
5753.6			0.8942604114310008
5754.5			0.9045050644507474
5755.4			0.9588202347721603
5756.3			0.9954104126622308
5757.200000000001			1.0
5758.1			0.9955134111483892
5759.0			0.9755443123518123
5759.9			0.9445071160170049
5760.8			0.9101454847476388
5761.700000000001			0.8788485593749505
5762.6			0.8726578057497073
5763.5			0.9185176247414523
5764.4			0.9770782998608806
5765.3			0.9969532042360683
5766.200000000001			0.9936052173622211
5767.1			0.9978115333389009
5768.0			1.0
5768.9			1.0
5769.8			1.0
5770.700000000001			1.0
5771.6			0.985121431273598
5772.5			0.9796189580766579
5773.4			0.980172967754454
5774.3			0.9747666034595719
5775.200000000001			0.9807714020542297
5776.1			0.9989147143059955
5777.0			1.0084425498310556
5777.9			1.0119504692348533
5778.8			1.0041706451930337
5779.700000000001			0.9527056017202282
5780.6			0.8780789067165812
5781.5			0.8461995757433101
5782.4			0.8672914831666919
5783.3			0.8927460104421762
5784.200000000001			0.8769998124231052
5785.1			0.8479892328659676
5786.0			0.8763194787833427
5786.9			0.9363572590468341
5787.8			0.9740724888374862
5788.700000000001			1.0007075856195344
5789.6			0.9980575903973058
5790.5			0.9671206004380554
5791.4			0.9693648375762487
5792.3			1.0023874997031377
5793.200000000001			1.0266605923546264
5794.1			1.0
5795.0			1.0067714681391566
5795.9			0.9843946321960975
5796.8			0.9394025333066165
5797.700000000001			0.9057464633816464
5798.6			0.9280137020280795
5799.5			0.9765969498723197
5800.4			0.9998879949482801
5801.3			1.0
5802.200000000001			1.0
5803.1			1.0
5804.0			1.0
5804.9			1.0
5805.8			1.0
5806.700000000001			1.0
5807.6			1.0
5808.5			1.0
5809.4			1.0
5810.3			1.0161426834981415
5811.200000000001			1.0207660553988493
5812.1			1.0159498334727073
5813.0			1.004461419354602
5813.9			0.9883463823376718
5814.8			0.9615471896097961
5815.700000000001			0.928577091222141
5816.6			0.9253767323769974
5817.5			0.9634719917391223
5818.4			1.0030097137491212
5819.3			1.0129392322980209
5820.200000000001			1.0050527922981605
5821.1			0.9967019586579471
5822.0			1.0
5822.9			1.0
5823.8			1.0
5824.700000000001			1.0
5825.6			1.0
5826.5			1.0
5827.4			1.0
5828.3			1.0
5829.200000000001			1.0
5830.1			1.0
5831.0			1.0
5831.9			1.0
5832.8			1.0
5833.700000000001			1.0
5834.6			1.0
5835.5			1.0
5836.4			1.0
5837.3			1.0
5838.200000000001			1.0
5839.1			1.0
5840.0			1.0
5840.9			1.0
5841.8			1.0
5842.700000000001			1.0
5843.6			1.0
5844.5			1.0
5845.4			0.980404077902347
5846.3			0.9622194349576262
5847.200000000001			0.9502674960533495
5848.1			0.9605215007125824
5849.0			0.978796602087053
5849.9			0.9886191155480164
5850.8			0.9827920632707804
5851.700000000001			0.9549360449792276
5852.6			0.9238675983652681
5853.5			0.9205003915576315
5854.4			0.9431492663688817
5855.3			0.9537625821691187
5856.200000000001			0.9253769776277875
5857.1			0.8801208520719364
5858.0			0.8721703908992846
5858.9			0.9048848590086727
5859.8			0.9404091613058243
5860.700000000001			0.9645141919338631
5861.6			0.9619942810407527
5862.5			0.9546619760916716
5863.4			0.9581736263268987
5864.3			0.9667304319436144
5865.200000000001			0.9622818995409936
5866.1			0.9357552188476856
5867.0			0.9283877039734538
5867.9			0.9550238364482984
5868.8			0.9860428180477588
5869.700000000001			1.0010154712236115
5870.6			0.9997829476243448
5871.5			1.0
5872.4			1.0
5873.3			1.0
5874.200000000001			1.0
5875.1			1.0
5876.0			1.0
5876.9			1.0
5877.8			1.0
5878.700000000001			0.9831041746600289
5879.6			0.9567000689066715
5880.5			0.9508453945082764
5881.4			0.9846767469372015
5882.3			1.0131897605959757
5883.200000000001			1.0016989158697527
5884.1			0.9838109842831888
5885.0			0.9931558623092365
5885.9			1.0033029575409167
5886.8			0.9778931991382979
5887.700000000001			0.8866513520471123
5888.6			0.7151614344040257
5889.5			0.5458754414013963
5890.4			0.5478079439906415
5891.3			0.6981780933302089
5892.200000000001			0.8160778880590865
5893.1			0.8658237407915164
5894.0			0.8542257782083348
5894.9			0.7352232786550141
5895.8			0.6304531210303883
5896.700000000001			0.7087642144833952
5897.6			0.8622230040014218
5898.5			0.9361864787343898
5899.4			0.9636996823345083
5900.3			1.00111101568114
5901.200000000001			1.0
5902.1			1.0
5903.0			1.0
5903.9			1.0
5904.8			1.0
5905.700000000001			1.0
5906.6			1.0
5907.5			1.0
5908.4			1.0
5909.3			1.0
5910.200000000001			1.0
5911.1			1.0
5912.0			1.0
5912.9			1.0
5913.8			1.0
5914.700000000001			1.0
5915.6			1.0
5916.5			1.0
5917.4			1.0
5918.3			1.0
5919.200000000001			1.0
5920.1			1.0
5921.0			1.0
5921.9			1.0
5922.8			1.0
5923.700000000001			1.0
5924.6			1.0
5925.5			1.0
5926.4			1.0
5927.3			1.0
5928.200000000001			1.0
5929.1			1.0
5930.0			1.0
5930.9			1.0
5931.8			1.0
5932.700000000001			1.0
5933.6			1.0
5934.5			1.0
5935.4			1.0
5936.3			1.0
5937.200000000001			1.0
5938.1			1.0
5939.0			1.0
5939.9			1.0
5940.8			1.0
5941.700000000001			1.0
5942.6			1.0
5943.5			1.0
5944.4			1.0
5945.3			1.0
5946.200000000001			1.0
5947.1			1.0
5948.0			1.0
5948.9			1.0
5949.8			1.0
5950.700000000001			1.0
5951.6			1.0
5952.5			1.0
5953.4			1.0
5954.3			1.0
5955.200000000001			1.0
5956.1			1.0
5957.0			1.0
5957.9			1.0
5958.8			1.0
5959.700000000001			1.0
5960.6			1.0
5961.5			1.0
5962.4			1.0
5963.3			1.0
5964.200000000001			1.0
5965.1			1.0
5966.0			1.0
5966.9			1.0
5967.8			1.0
5968.700000000001			1.0
5969.6			1.0
5970.5			1.0
5971.4			1.0
5972.3			1.0
5973.200000000001			1.0
5974.1			1.0
5975.0			1.0
5975.9			1.0
5976.8			1.0
5977.700000000001			1.0
5978.6			1.0079495468856492
5979.5			1.035458167357949
5980.4			1.0498531909435764
5981.3			1.0396039935641188
5982.200000000001			1.011790996831214
5983.1			0.9657062241799349
5984.0			0.9296825483428498
5984.9			0.9419092577903946
5985.8			0.9782375614790167
5986.700000000001			0.9855071852706855
5987.6			0.9795906540069056
5988.5			0.9890721149688285
5989.4			0.9997228086286234
5990.3			1.0
5991.200000000001			1.0
5992.1			1.0
5993.0			1.0
5993.9			1.0
5994.8			1.0062627164913225
5995.700000000001			0.986458967498118
5996.6			0.9530109381341781
5997.5			0.9302032010951926
5998.4			0.9350522530261979
5999.3			0.9602307877477254
6000.200000000001			0.984424748598045
6001.1			0.9881673530900078
6002.0			0.9687039077721791
6002.9			0.9590224536661607
6003.8			1.0
6004.700000000001			1.0112074166270622
6005.6			0.997426401279683
6006.5			0.9701042136925706
6007.4			0.9361634777110737
6008.3			0.9320841937107218
6009.200000000001			0.9794435675900062
6010.1			1.0291992645249857
6011.0			1.0331468724698862
6011.9			0.9918192146738432
6012.8			0.9461209760491265
6013.700000000001			0.9450148646382683
6014.6			0.9693584491090296
6015.5			0.9649322267295674
6016.4			0.9434083992030871
6017.3			0.9435322789348727
6018.200000000001			0.9512363424170533
6019.1			0.9366802923122263
6020.0			0.9243886764789316
6020.9			0.9307869859565322
6021.8			0.9441724120556836
6022.700000000001			0.9579950047439288
6023.6			0.9602570700916697
6024.5			0.9654532437802682
6025.4			0.9783162900293314
6026.3			0.9740538314269664
6027.200000000001			0.9723457685666308
6028.1			0.9884348689254976
6029.0			0.9963024604155621
6029.9			0.9897603736207955
6030.8			0.9833984538561484
6031.700000000001			0.9911239847093314
6032.6			1.0059451420049106
6033.5			1.007899101468589
6034.4			1.0020804088959299
6035.3			1.0004923635662037
6036.200000000001			1.0
6037.1			1.0
6038.0			1.0
6038.9			1.0
6039.8			1.0
6040.700000000001			1.0
6041.6			1.0
6042.5			1.0
6043.4			1.0
6044.3			1.0
6045.200000000001			1.0
6046.1			1.0
6047.0			1.0
6047.9			1.0
6048.8			1.0
6049.700000000001			1.0
6050.6			1.0
6051.5			1.0
6052.4			1.0
6053.3			1.0
6054.200000000001			1.0
6055.1			1.0
6056.0			1.0
6056.9			1.0
6057.8			1.0
6058.700000000001			1.0
6059.6			1.0
6060.5			1.0040554944139801
6061.4			0.989621820141829
6062.3			0.9640245868908899
6063.200000000001			0.9458535083071579
6064.1			0.9244459746009642
6065.0			0.8979541075193788
6065.9			0.9180420884336851
6066.8			0.971808561767905
6067.700000000001			1.0020290127663487
6068.6			1.006337833625589
6069.5			1.0006969523165443
6070.4			1.0
6071.3			1.0
6072.200000000001			1.0
6073.1			1.0
6074.0			1.0
6074.9			1.0
6075.8			1.0
6076.700000000001			1.0
6077.6			1.0
6078.5			1.0
6079.4			1.0
6080.3			1.0
6081.200000000001			1.0
6082.1			1.0
6083.0			1.0
6083.9			1.0
6084.8			1.0
6085.700000000001			1.0
6086.6			1.0
6087.5			1.0
6088.4			1.0
6089.3			1.0
6090.200000000001			1.0
6091.1			1.0
6092.0			1.0
6092.9			1.0
6093.8			1.0
6094.700000000001			1.0
6095.6			1.0
6096.5			1.0
6097.4			1.0
6098.3			1.0
6099.200000000001			1.0
6100.1			1.0122986805307952
6101.0			0.9834055559948915
6101.9			0.9041307708030263
6102.8			0.8604867491679342
6103.700000000001			0.9145231491148756
6104.6			0.9796763079501492
6105.5			0.9995482783027961
6106.4			1.0
6107.3			1.0
6108.200000000001			1.0
6109.1			1.0
6110.0			1.0
6110.9			1.0
6111.8			1.0
6112.700000000001			1.0
6113.6			1.0
6114.5			1.0
6115.4			1.0
6116.3			1.0
6117.200000000001			1.0064938393007934
6118.1			1.021700459967667
6119.0			1.0015955254956888
6119.9			0.9690652328436151
6120.8			0.9395129366226419
6121.700000000001			0.9028308810597022
6122.6			0.9166954616344818
6123.5			0.9873091430394073
6124.4			1.0222334222482028
6125.3			1.0145511723406284
6126.200000000001			1.000006984226297
6127.1			1.0
6128.0			1.0
6128.9			1.0
6129.8			1.0
6130.700000000001			1.0
6131.6			1.0
6132.5			1.0
6133.4			0.9948545736178249
6134.3			0.954554200501242
6135.200000000001			0.8881560533039122
6136.1			0.8138627979634789
6137.0			0.7778239828937419
6137.9			0.8351582865968141
6138.8			0.9416168542683767
6139.700000000001			1.0042859449502646
6140.6			0.9992185084795567
6141.5			1.0
6142.4			1.0
6143.3			1.0
6144.200000000001			1.0
6145.1			1.0
6146.0			1.0
6146.9			1.0
6147.8			1.0
6148.700000000001			1.0
6149.6			1.0
6150.5			1.0
6151.4			1.0
6152.3			1.0
6153.200000000001			1.0
6154.1			1.0
6155.0			1.0
6155.9			1.0
6156.8			1.0087357162250203
6157.700000000001			1.0146668800356864
6158.6			1.0224407349834914
6159.5			1.0023772704528096
6160.4			0.9291246585376896
6161.3			0.8363453651755798
6162.200000000001			0.8043323585031434
6163.1			0.8444358060143692
6164.0			0.9086108194992684
6164.9			0.9584870306502496
6165.8			0.9777674642654814
6166.700000000001			0.9976866016370093
6167.6			1.0006296764212066
6168.5			1.0
6169.4			1.0
6170.3			1.0
6171.200000000001			1.0
6172.1			1.0
6173.0			1.0
6173.9			1.0
6174.8			1.0
6175.700000000001			1.0
6176.6			1.0
6177.5			1.0
6178.4			1.0
6179.3			1.0
6180.200000000001			1.0
6181.1			1.0
6182.0			1.0
6182.9			1.0
6183.8			1.0
6184.700000000001			0.9987582349900213
6185.6			0.9735293098764378
6186.5			0.9477310010925514
6187.4			0.9370901029213429
6188.3			0.930710434965201
6189.200000000001			0.9258782464710077
6190.1			0.8985347387033708
6191.0			0.8516907232829805
6191.9			0.8642300798096969
6192.8			0.9348359868443205
6193.700000000001			0.9773408154790069
6194.6			0.9880550085280065
6195.5			1.0
6196.4			1.0104158807620527
6197.3			1.0035804796525876
6198.200000000001			0.9633828636019497
6199.1			0.911237695915801
6200.0			0.9001587990934484
6200.9			0.9381228568318872
6201.8			0.9808158391890199
6202.700000000001			1.0020413775755241
6203.6			0.9991113220468393
6204.5			1.0
6205.4			1.0
6206.3			1.0
6207.200000000001			1.0
6208.1			1.0
6209.0			1.0
6209.9			0.985832082516928
6210.8			0.9818513850106435
6211.700000000001			0.9878848072579391
6212.6			0.9581579947323225
6213.5			0.9090620764927174
6214.4			0.893591412203152
6215.3			0.9087466368144267
6216.200000000001			0.9474220713186348
6217.1			0.999906424731767
6218.0			1.0219390344029617
6218.9			0.9994960897871611
6219.8			1.0
6220.700000000001			1.0
6221.6			1.0
6222.5			1.0
6223.4			1.0
6224.3			1.0
6225.200000000001			1.0106828959147676
6226.1			1.022580792509232
6227.0			1.0175894997953725
6227.9			1.0060695423896764
6228.8			0.9676340925226437
6229.700000000001			0.8918809878772023
6230.6			0.8423962675399368
6231.5			0.8610057737179334
6232.4			0.8947406745408855
6233.3			0.9297896879096371
6234.200000000001			1.0
6235.1			1.0354287365079948
6236.0			1.035594230905069
6236.9			1.0179672077763149
6237.8			0.9945195488412001
6238.700000000001			0.9626985617153107
6239.6			0.9287654684040423
6240.5			0.9369338970188773
6241.4			0.964574640147828
6242.3			0.9361506637508695
6243.200000000001			0.9020907663661276
6244.1			0.9295746164481102
6245.0			0.9634335351277775
6245.9			0.9757069635588301
6246.8			1.0
6247.700000000001			1.0378479109106984
6248.6			1.0494999388055555
6249.5			1.0365279856280356
6250.4			1.0173807752995618
6251.3			0.9791075655837217
6252.200000000001			0.93871475678672
6253.1			0.9329302088922741
6254.0			0.9494915178863665
6254.9			0.960924503709652
6255.8			0.9396776457589352
6256.700000000001			0.898006951952474
6257.6			0.8615009265197369
6258.5			0.8598025780166498
6259.4			0.9187716570296286
6260.3			0.9651580844207295
6261.200000000001			0.9831751192097301
6262.1			1.0242781503378775
6263.0			1.0557880623856277
6263.9			1.0336535166843637
6264.8			0.9864423642443155
6265.700000000001			0.976427502877032
6266.6			1.0055711511371703
6267.5			1.0232148014540579
6268.4			1.0118307389268972
6269.3			0.9998501393016836
6270.200000000001			1.0
6271.1			1.0
6272.0			1.0
6272.9			1.0
6273.8			1.0
6274.700000000001			1.0
6275.6			1.0
6276.5			1.0
6277.4			1.0
6278.3			1.0
6279.200000000001			1.0
6280.1			1.0
6281.0			1.0
6281.9			1.0
6282.8			1.0
6283.700000000001			1.0
6284.6			1.0
6285.5			0.9906296425484028
6286.4			1.0010609112016469
6287.3			1.016099080907283
6288.200000000001			1.0276644075193793
6289.1			1.026225424197941
6290.0			1.0025119598249272
6290.9			0.9782521687225348
6291.8			0.9648741848772993
6292.700000000001			0.9570574769674686
6293.6			0.9724463333000043
6294.5			0.9935648448552792
6295.4			0.9722571699109253
6296.3			0.928024960641486
6297.200000000001			0.913960269366458
6298.1			0.9339847115381379
6299.0			0.9588780755431927
6299.9			0.9635907556371384
6300.8			0.9429781881563731
6301.700000000001			0.9201488488021681
6302.6			0.9217486117824227
6303.5			0.9374339731739691
6304.4			1.0
6305.3			0.9882359709811338
6306.200000000001			1.006736838208085
6307.1			1.0482273499553278
6308.0			1.072192814595664
6308.9			1.0667808822180458
6309.8			1.038610477959997
6310.700000000001			1.004905017002398
6311.6			0.9908164527164873
6312.5			1.003409805446152
6313.4			1.0035210500093998
6314.3			0.9676983561838388
6315.200000000001			0.9442793457955113
6316.1			0.9546381687098193
6317.0			0.9445610225962066
6317.9			0.9101424288942911
6318.8			0.9124378587739393
6319.700000000001			0.9587347852732488
6320.6			0.9932260346191691
6321.5			0.9940415327927605
6322.4			0.9894119524868715
6323.3			1.00321835515679
6324.200000000001			1.0203435462820296
6325.1			1.0265240776170774
6326.0			1.0199663265958763
6326.9			1.0035233469042308
6327.8			1.0029240585761106
6328.700000000001			1.0147063264678406
6329.6			1.0090951933297874
6330.5			0.9988722053351329
6331.4			1.0
6332.3			1.0203893149917
6333.200000000001			1.026503349391625
6334.1			0.9953584004726518
6335.0			0.9414328381246634
6335.9			0.917165277056094
6336.8			0.9447098757901249
6337.700000000001			0.9809325050260819
6338.6			0.9893968692918231
6339.5			1.0002537755710406
6340.4			1.0
6341.3			1.0
6342.200000000001			1.0
6343.1			1.0
6344.0			1.0
6344.9			1.0
6345.8			1.0
6346.700000000001			1.0
6347.6			1.0
6348.5			0.9985376899935777
6349.4			0.9923736520154338
6350.3			0.9920505477447334
6351.200000000001			1.0003174838296274
6352.1			1.001483254561019
6353.0			0.9876125294717554
6353.9			0.9614564501869319
6354.8			0.9409066161914297
6355.700000000001			0.9503669630494901
6356.6			0.9618198619245358
6357.5			0.9358730647395908
6358.4			0.8954897619263021
6359.3			0.8785426280509459
6360.200000000001			0.8733781760677083
6361.1			0.8586498825585367
6362.0			0.845842499807343
6362.9			0.8527448155827704
6363.8			0.8775201824753881
6364.700000000001			0.9039977338606562
6365.6			0.9223254135101842
6366.5			0.9410660189390326
6367.4			0.9715926010159454
6368.3			0.9939787963600794
6369.200000000001			0.9894061320577895
6370.1			0.9756936870335956
6371.0			0.9795768138244239
6371.9			0.9955566452632783
6372.8			1.0034020807029986
6373.700000000001			1.0009222873749741
6374.6			0.9967665242297145
6375.5			1.0005665205504723
6376.4			1.0
6377.3			1.0
6378.200000000001			1.0
6379.1			1.0
6380.0			1.0
6380.9			1.0
6381.8			1.0
6382.700000000001			1.0
6383.6			1.0
6384.5			1.0
6385.4			1.0
6386.3			1.0
6387.200000000001			1.0
6388.1			1.0
6389.0			1.0
6389.9			1.0
6390.8			1.0
6391.700000000001			1.0
6392.6			1.0
6393.5			1.0
6394.4			1.0
6395.3			1.0
6396.200000000001			1.0237692650907355
6397.1			1.0255900618137885
6398.0			1.0019102553895591
6398.9			0.9421140267978119
6399.8			0.8883056122455779
6400.700000000001			0.9081312267908737
6401.6			0.9687926031320131
6402.5			0.996710403075781
6403.4			0.9980973723482299
6404.3			1.0
6405.200000000001			1.0
6406.1			1.0
6407.0			1.0
6407.9			1.0
6408.8			1.0
6409.700000000001			1.0
6410.6			1.0
6411.5			1.0
6412.4			1.0
6413.3			1.0
6414.200000000001			1.0
6415.1			1.0
6416.0			1.0123166828423933
6416.9			1.0100593249332095
6417.8			0.9952559366695547
6418.700000000001			0.9694648079051863
6419.6			0.937973478354196
6420.5			0.9227350660354164
6421.4			0.9387033270215412
6422.3			0.9828382711877828
6423.200000000001			1.0166194966178594
6424.1			1.0134921529775245
6425.0			0.9995958590137893
6425.9			1.0
6426.8			1.0144330518613935
6427.700000000001			1.019615525745765
6428.6			1.0014404893949158
6429.5			0.9534597213227094
6430.4			0.9045952885389863
6431.3			0.9062422519053057
6432.200000000001			0.9512803364681984
6433.1			0.9861905632609083
6434.0			1.0000247221055056
6434.9			1.0
6435.8			1.0
6436.700000000001			1.0
6437.6			1.0
6438.5			1.0
6439.4			1.0
6440.3			1.0
6441.200000000001			1.0
6442.1			1.0
6443.0			1.0
6443.9			1.0
6444.8			1.0
6445.700000000001			1.0143306267101717
6446.6			1.022209451221833
6447.5			0.9966007188542216
6448.4			0.9231091245603356
6449.3			0.8424798736654909
6450.200000000001			0.8274306580170084
6451.1			0.8880564411385932
6452.0			0.9614793345066046
6452.9			1.006813713551157
6453.8			1.0196412459774382
6454.700000000001			1.0030061845309677
6455.6			1.0
6456.5			1.0
6457.4			1.0
6458.3			1.0
6459.200000000001			1.0108944413931649
6460.1			1.0095643786287882
6461.0			0.974467570210162
6461.9			0.9107288646662133
6462.8			0.8833910555319038
6463.700000000001			0.918261224443476
6464.6			0.9617415196706146
6465.5			0.9866433138891428
6466.4			1.0003577386534535
6467.3			1.0
6468.200000000001			1.0
6469.1			1.0
6470.0			1.0
6470.9			1.0
6471.8			1.0
6472.700000000001			1.0
6473.6			1.0
6474.5			1.0
6475.4			1.0
6476.3			1.0
6477.200000000001			1.0
6478.1			1.0
6479.0			1.0
6479.9			1.0
6480.8			1.0
6481.700000000001			1.0
6482.6			1.0
6483.5			1.0
6484.4			1.0
6485.3			1.0
6486.200000000001			1.001626284348909
6487.1			1.0042503013602222
6488.0			1.0125898587305608
6488.9			1.0049753102329804
6489.8			0.9836057052885627
6490.700000000001			0.970434407327261
6491.6			0.967591767821468
6492.5			0.9437474577742864
6493.4			0.8734275579167817
6494.3			0.8023812364507196
6495.200000000001			0.7960640661374253
6496.1			0.8339817441210384
6497.0			0.8715110130803257
6497.9			0.8965845719278086
6498.8			0.9044077081956294
6499.700000000001			0.920304907354695
6500.6			0.9464320687248942
6501.5			0.961938702910308
6502.4			0.974745271597621
6503.3			0.9872284974922271
6504.200000000001			0.9988812988634154
6505.1			1.0
6506.0			1.0
6506.9			1.0
6507.8			1.0
6508.700000000001			1.0
6509.6			1.0
6510.5			1.0
6511.4			1.0
6512.3			1.0
6513.200000000001			1.0
6514.1			1.0
6515.0			1.0
6515.9			1.0
6516.8			1.0
6517.700000000001			1.0
6518.6			1.0
6519.5			1.0
6520.4			1.0
6521.3			1.0
6522.200000000001			1.0
6523.1			1.0
6524.0			1.0
6524.9			1.0
6525.8			1.0
6526.700000000001			1.0
6527.6			1.0
6528.5			1.0
6529.4			1.0
6530.3			1.0
6531.200000000001			1.0
6532.1			1.0
6533.0			1.0
6533.9			1.0
6534.8			1.0
6535.700000000001			1.0
6536.6			1.0
6537.5			1.0
6538.4			1.0
6539.3			1.0
6540.200000000001			1.0
6541.1			1.0
6542.0			1.0
6542.9			1.0
6543.8			1.0
6544.700000000001			1.0
6545.6			1.0
6546.5			1.0
6547.4			1.0
6548.3			1.0
6549.200000000001			1.0
6550.1			1.0
6551.0			1.0
6551.9			1.0
6552.8			1.0
6553.700000000001			1.0
6554.6			1.0
6555.5			1.0
6556.4			1.0
6557.3			1.0
6558.200000000001			1.0012179566146862
6559.1			0.9954794303546814
6560.0			0.9764269087992806
6560.9			0.9036422043326388
6561.8			0.7503032325616327
6562.700000000001			0.6486909550152848
6563.6			0.7314945830279002
6564.5			0.8809268097123071
6565.4			0.9603225363116
6566.3			1.0
6567.200000000001			1.013612409054759
6568.1			0.9997763494614611
6569.0			0.9750430257329183
6569.9			0.9698354141116351
6570.8			0.9773323539170514
6571.700000000001			0.9735243865231192
6572.6			0.9572861284718561
6573.5			0.9425532485144342
6574.4			0.9370398525913243
6575.3			0.9632848199140848
6576.200000000001			1.012046402849768
6577.1			1.0501822241059935
6578.0			1.0651758499641348
6578.9			1.0554759743942912
6579.8			1.0278071249282938
6580.700000000001			0.9992188918790329
6581.6			0.9999206980239949
6582.5			1.0
6583.4			1.0
6584.3			1.0
6585.200000000001			1.0
6586.1			1.0
6587.0			1.0
6587.9			1.0
6588.8			1.0082354498122557
6589.700000000001			1.0141409549843794
6590.6			1.0103374938283864
6591.5			0.9731872001279132
6592.4			0.9163908150277831
6593.3			0.9010156681335383
6594.200000000001			0.9443515046155149
6595.1			0.9923757767882039
6596.0			1.0118419989230698
6596.9			1.0092026903805391
6597.8			1.0004526916863665
6598.700000000001			1.0
6599.6			1.0
6600.5			1.0
6601.4			1.0
6602.3			0.9945542443927273
6603.200000000001			0.9805133390553682
6604.1			0.9637254397998322
6605.0			0.9485309793128578
6605.9			0.940506148234871
6606.8			0.9336582317514817
6607.700000000001			0.9163324581484302
6608.6			0.8973427940111974
6609.5			0.908774207168229
6610.4			0.9549176030623467
6611.3			0.9863652894938426
6612.200000000001			0.9850609862465628
6613.1			0.9712414510174683
6614.0			0.9747707643985054
6614.9			0.999924479372923
6615.8			1.0
6616.700000000001			1.0
6617.6			1.0
6618.5			1.0
6619.4			1.0
6620.3			1.0
6621.200000000001			1.0
6622.1			1.0
6623.0			1.0
6623.9			1.0
6624.8			1.0
6625.700000000001			1.0
6626.6			1.0
6627.5			1.0011463253793789
6628.4			0.9936167364653758
6629.3			0.9818455194135671
6630.200000000001			0.9704487185322667
6631.1			0.9592775130191475
6632.0			0.9424469010803656
6632.9			0.9216842195703951
6633.8			0.9191192646994427
6634.700000000001			0.9498886388452826
6635.6			0.9874853227706635
6636.5			1.0126045196005058
6637.4			1.0228114644385946
6638.3			1.0135302616144277
6639.200000000001			0.9967167473362093
6640.1			0.9998567645775658
6641.0			1.0
6641.9			1.0
6642.8			1.0
6643.700000000001			1.0
6644.6			1.0
6645.5			1.0
6646.4			1.0
6647.3			1.0
6648.200000000001			1.0
6649.1			1.0
6650.0			1.0
6650.9			1.0
6651.8			1.0
6652.700000000001			1.0
6653.6			1.0
6654.5			1.0
6655.4			1.0
6656.3			1.0
6657.200000000001			1.0
6658.1			1.0
6659.0			1.0
6659.9			1.0
6660.8			1.0
6661.700000000001			1.0
6662.6			1.0
6663.5			1.0
6664.4			1.0
6665.3			1.0
6666.200000000001			1.0
6667.1			1.0
6668.0			1.0
6668.9			1.0
6669.8			1.0
6670.700000000001			1.0
6671.6			1.0
6672.5			1.0
6673.4			1.0
6674.3			1.0006378604166541
6675.200000000001			0.9966781711321585
6676.1			0.9739030787062719
6677.0			0.9235206874772844
6677.9			0.886412548187675
6678.8			0.9108018876388885
6679.700000000001			0.9647652798055687
6680.6			0.9926748354866483
6681.5			0.9993660707489063
6682.4			1.0
6683.3			1.0
6684.200000000001			1.0
6685.1			1.0
6686.0			1.0
6686.9			1.0
6687.8			1.0
6688.700000000001			1.0
6689.6			1.0
6690.5			1.0
6691.4			1.0
6692.3			1.0
6693.200000000001			1.0
6694.1			1.0
6695.0			1.0
6695.9			1.0
6696.8			1.0
6697.700000000001			1.0
6698.6			1.0
6699.5			1.0
6700.4			1.0
6701.3			1.0
6702.200000000001			1.0
6703.1			1.0
6704.0			1.0
6704.9			1.0
6705.8			1.0
6706.700000000001			1.0130708098724475
6707.6			1.0120331144609571
6708.5			1.0015858950812833
6709.4			0.9846916405306654
6710.3			0.9753380215510016
6711.200000000001			0.9826248086782007
6712.1			0.9848979872370897
6713.0			0.9753905218132292
6713.9			0.9661905492103529
6714.8			0.951457270582953
6715.700000000001			0.9309664745420811
6716.6			0.9178302747874938
6717.5			0.9262719322456846
6718.4			0.9650587535191716
6719.3			1.00235919228299
6720.200000000001			1.0107187363439027
6721.1			1.0054481063405531
6722.0			1.006700519835885
6722.9			1.0213320154025638
6723.8			1.0299074361496312
6724.700000000001			1.018522617774697
6725.6			1.0021130952903394
6726.5			0.999960180806942
6727.4			1.0
6728.3			1.0
6729.200000000001			1.0
6730.1			1.0
6731.0			1.0
6731.9			1.0
6732.8			1.0
6733.700000000001			1.0
6734.6			1.0
6735.5			1.0
6736.4			1.0
6737.3			1.0
6738.200000000001			1.0
6739.1			1.0
6740.0			1.0
6740.9			1.0
6741.8			1.0
6742.700000000001			1.0
6743.6			1.0
6744.5			1.0
6745.4			1.0
6746.3			1.0
6747.200000000001			1.0
6748.1			1.0
6749.0			1.0
6749.9			1.0
6750.8			1.0
6751.700000000001			1.0
6752.6			1.0
6753.5			1.0
6754.4			1.0
6755.3			1.0
6756.200000000001			1.0
6757.1			1.0
6758.0			1.0
6758.9			1.0
6759.8			1.0
6760.700000000001			1.0
6761.6			1.0
6762.5			1.0
6763.4			1.0
6764.3			1.0
6765.200000000001			1.0
6766.1			1.0
6767.0			1.0
6767.9			1.0
6768.8			1.0
6769.700000000001			1.0
6770.6			1.0
6771.5			1.0
6772.4			1.0
6773.3			1.0
6774.200000000001			1.0
6775.1			1.0
6776.0			1.0
6776.9			1.0
6777.8			1.0
6778.700000000001			1.012740515977485
6779.6			1.0210271688804484
6780.5			1.0210362989696844
6781.4			1.0105674546706482
6782.3			0.9797407139591321
6783.200000000001			0.939002988582471
6784.1			0.921385630353201
6785.0			0.9388066927062021
6785.9			0.9625185093656102
6786.8			0.9850008374588183
6787.700000000001			1.0031554265924367
6788.6			1.0038702624319238
6789.5			1.0005619557257868
6790.4			1.0
6791.3			1.0
6792.200000000001			1.0
6793.1			1.0
6794.0			1.0
6794.9			1.0
6795.8			1.0
6796.700000000001			1.0
6797.6			1.0
6798.5			1.0
6799.4			1.0
6800.3			1.0
6801.200000000001			1.0
6802.1			1.0
6803.0			1.0
6803.9			1.0
6804.8			1.0
6805.700000000001			1.0
6806.6			1.0
6807.5			1.0
6808.4			1.0
6809.3			1.0
6810.200000000001			1.0
6811.1			1.0
6812.0			1.0
6812.9			1.0
6813.8			1.0
6814.700000000001			1.0
6815.6			1.0
6816.5			1.0
6817.4			1.0
6818.3			1.0
6819.200000000001			1.0
6820.1			1.0
6821.0			1.0
6821.9			1.0
6822.8			1.0
6823.700000000001			1.0
6824.6			1.0
6825.5			1.0
6826.4			1.0
6827.3			1.0
6828.200000000001			1.0
6829.1			1.0
6830.0			1.0
6830.9			1.0
6831.8			1.0
6832.700000000001			1.0
6833.6			1.0
6834.5			1.0
6835.4			1.000262110765516
6836.3			0.9921623939293552
6837.200000000001			0.9827554123384868
6838.1			0.968902038492511
6839.0			0.9435052953496321
6839.9			0.9164439645545815
6840.8			0.8990575777537029
6841.700000000001			0.899552964805593
6842.6			0.9201740158864138
6843.5			0.953013081587692
6844.4			0.9834261358120174
6845.3			0.9962558599819666
6846.200000000001			0.9968308247950071
6847.1			0.9988787731485382
6848.0			1.0000781898177753
6848.9			1.0
6849.8			1.0
6850.700000000001			1.0
6851.6			1.0
6852.5			1.0
6853.4			1.0
6854.3			1.0
6855.200000000001			1.0
6856.1			1.0
6857.0			1.0
6857.9			1.0
6858.8			1.0
6859.700000000001			1.0
6860.6			1.0
6861.5			1.0
6862.4			1.0
6863.3			1.0
6864.200000000001			1.0
6865.1			1.0016347278183448
6866.0			0.9882124135191029
6866.9			0.9533252941814621
6867.8			0.912418560553362
6868.700000000001			0.9223440190989554
6869.6			0.9808788022580932
6870.5			0.9989672252241324
6871.4			1.0
6872.3			1.0
6873.200000000001			1.0
6874.1			1.0
6875.0			1.0
6875.9			1.0
6876.8			1.0
6877.700000000001			1.0
6878.6			1.0
6879.5			1.0
6880.4			1.0
6881.3			1.0
6882.200000000001			1.0
6883.1			1.0
6884.0			1.0
6884.9			1.0
6885.8			1.0
6886.700000000001			1.0
6887.6			1.0
6888.5			1.0
6889.4			1.0
6890.3			1.0
6891.200000000001			1.0
6892.1			1.0
6893.0			1.0
6893.9			1.0
6894.8			1.0
6895.700000000001			1.0
6896.6			1.0
6897.5			1.0
6898.4			1.0
6899.3			1.0
6900.200000000001			1.0
6901.1			1.0
6902.0			1.0
6902.9			1.0
6903.8			1.0
6904.700000000001			1.0
6905.6			1.0
6906.5			1.0
6907.4			1.0
6908.3			1.0
6909.200000000001			1.0
6910.1			1.0
6911.0			1.0
6911.9			1.0
6912.8			1.0
6913.700000000001			1.0
6914.6			1.0
6915.5			1.0
6916.4			1.0
6917.3			1.0
6918.200000000001			1.0
6919.1			1.0
6920.0			1.0
6920.9			1.0
6921.8			1.0
6922.700000000001			1.0
6923.6			1.0
6924.5			1.0
6925.4			1.0
6926.3			1.0
6927.200000000001			1.0
6928.1			1.0
6929.0			1.0
6929.9			1.0
6930.8			1.0
6931.700000000001			1.0
6932.6			1.0
6933.5			1.0
6934.4			1.0
6935.3			1.0
6936.200000000001			1.0
6937.1			1.0
6938.0			1.0
6938.9			1.0
6939.8			1.0
6940.700000000001			1.0
6941.6			1.0
6942.5			1.0
6943.4			1.0
6944.3			1.0
6945.200000000001			1.0
6946.1			1.0
6947.0			1.0
6947.9			1.0
6948.8			1.0
6949.700000000001			1.0
6950.6			1.0
6951.5			1.0
6952.4			1.0
6953.3			1.0
6954.200000000001			1.0
6955.1			1.0
6956.0			1.0
6956.9			1.0
6957.8			1.0
6958.700000000001			1.0
6959.6			1.0
6960.5			1.0
6961.4			1.0
6962.3			1.0
6963.200000000001			1.0
6964.1			1.0
6965.0			1.0
6965.9			1.0
6966.8			1.0
6967.700000000001			1.0
6968.6			1.0
6969.5			0.9922133246979746
6970.4			0.973861075097435
6971.3			0.9632048814230452
6972.200000000001			0.9782471671106405
6973.1			0.9920657560116417
6974.0			0.9773173056212907
6974.9			0.9506065033956443
6975.8			0.9308617641529205
6976.700000000001			0.9082038219245139
6977.6			0.8679115698887659
6978.5			0.8397061999148422
6979.4			0.8676608128780225
6980.3			0.9227667264253477
6981.200000000001			0.9534993488427758
6982.1			0.9697467611649296
6983.0			0.9882738256300485
6983.9			0.9967732026838302
6984.8			0.997210636115932
6985.700000000001			0.9975129929200324
6986.6			0.9990573487876188
6987.5			0.9998569467803474
6988.4			1.0
6989.3			1.0
6990.200000000001			1.0
6991.1			1.0
6992.0			1.0
6992.9			1.0
6993.8			1.0
6994.700000000001			1.0
6995.6			1.0
6996.5			1.0
6997.4			1.0
6998.3			1.0
6999.200000000001			1.0
7000.1			1.0
7001.0			1.0
7001.9			1.0
7002.8			1.0
7003.700000000001			1.0
7004.6			1.0
7005.5			1.0
7006.4			1.0
7007.3			1.0
7008.200000000001			1.0
7009.1			1.0
7010.0			1.0
7010.9			1.0
7011.8			1.0
7012.700000000001			1.0083845773640419
7013.6			1.009134286574336
7014.5			0.9735549954209373
7015.4			0.9103953201812484
7016.3			0.8789690407421039
7017.200000000001			0.9153889221830724
7018.1			0.970983479482946
7019.0			0.9956789797003929
7019.9			1.0007968864435706
7020.8			1.0
7021.700000000001			1.0
7022.6			1.0
7023.5			1.0
7024.4			1.0
7025.3			1.0
7026.200000000001			1.0
7027.1			1.0
7028.0			1.0
7028.9			1.0
7029.8			1.0
7030.700000000001			1.0
7031.6			1.0
7032.5			1.0
7033.4			1.0
7034.3			1.0
7035.200000000001			1.0
7036.1			1.0
7037.0			1.0
7037.9			1.0
7038.8			1.0
7039.700000000001			1.0
7040.6			1.0
7041.5			1.0
7042.4			1.0
7043.3			1.0
7044.200000000001			1.0
7045.1			1.0
7046.0			1.0
7046.9			1.0
7047.8			1.0
7048.700000000001			1.0
7049.6			0.9974064518514338
7050.5			0.9827827354787364
7051.4			0.9525430587502807
7052.3			0.9125787348938781
7053.200000000001			0.9017639500284309
7054.1			0.9340447909243872
7055.0			0.9678537212976909
7055.9			0.9895301350721379
7056.8			1.0000768912537246
7057.700000000001			1.0
7058.6			1.0
7059.5			1.0
7060.4			1.0
7061.3			1.0
7062.200000000001			1.0
7063.1			1.0
7064.0			1.0
7064.9			1.001701569996072
7065.8			0.9819867866780401
7066.700000000001			0.9495514422915152
7067.6			1.0
7068.5			0.9839636653599572
7069.4			1.0162161504789355
7070.3			1.0654881269629557
7071.200000000001			1.0843454581732845
7072.1			1.0770655967342093
7073.0			1.0767309218406969
7073.9			1.0763911002192383
7074.8			1.064942556165282
7075.700000000001			1.0544856224909895
7076.6			1.0525561678634119
7077.5			1.0579942762385524
7078.4			1.0602490304149887
7079.3			1.0662237928636815
7080.200000000001			1.0804152483116884
7081.1			1.0812929807980947
7082.0			1.0519660602318543
7082.9			0.9962527324527225
7083.8			0.9315094313978121
7084.700000000001			0.9069558521615786
7085.6			0.9389247302052113
7086.5			0.9749165286704979
7087.4			0.9819571853025169
7088.3			0.9750085048481377
7089.200000000001			0.9597707291836333
7090.1			0.944591688296811
7091.0			0.9431123603860545
7091.9			0.941122658708473
7092.8			0.9324498081615804
7093.700000000001			0.9329394629307152
7094.6			0.9326416694919737
7095.5			0.9271585904697545
7096.4			0.9254442364892624
7097.3			0.9279390199600744
7098.200000000001			0.9551221225494777
7099.1			1.0079316359604673
7100.0			1.0144677069695436
7100.9			1.000838274029736
7101.8			1.0
7102.700000000001			1.0
7103.6			1.0
7104.5			1.0
7105.4			1.0
7106.3			1.0
7107.200000000001			1.0
7108.1			1.0
7109.0			1.0
7109.9			1.0
7110.8			1.0
7111.700000000001			1.0
7112.6			1.0
7113.5			1.0
7114.4			1.0
7115.3			1.0
7116.200000000001			1.0
7117.1			1.0
7118.0			1.0
7118.9			1.0
7119.8			1.0
7120.700000000001			1.0
7121.6			1.0
7122.5			1.0008867629760752
7123.4			1.018040909729638
7124.3			1.0285786916389121
7125.200000000001			1.0241321165053416
7126.1			1.0139139817296614
7127.0			1.0098681596798542
7127.9			1.0145879032776615
7128.8			1.0011617204827028
7129.700000000001			0.9698435435767819
7130.6			0.9499677503529319
7131.5			0.964757077296031
7132.4			0.9939503848524203
7133.3			1.0155132420906643
7134.200000000001			1.0244879980300785
7135.1			1.0212738657149618
7136.0			1.0221564644174106
7136.9			1.032894905697231
7137.8			1.0268969172376028
7138.700000000001			0.9998204107471312
7139.6			1.0
7140.5			1.0
7141.4			1.0
7142.3			1.0
7143.200000000001			1.0
7144.1			1.0
7145.0			1.0
7145.9			1.0
7146.8			1.0
7147.700000000001			1.0
7148.6			1.0
7149.5			1.0
7150.4			1.0
7151.3			1.0
7152.200000000001			1.0
7153.1			1.0
7154.0			1.0
7154.9			1.0
7155.8			1.0
7156.700000000001			1.0
7157.6			1.0
7158.5			1.0
7159.4			1.0
7160.3			1.0
7161.200000000001			1.0
7162.1			1.0
7163.0			1.0
7163.9			1.0
7164.8			1.0
7165.700000000001			1.0
7166.6			1.0
7167.5			1.0
7168.4			1.0
7169.3			1.0
7170.200000000001			0.9964353029706915
7171.1			1.009098989961201
7172.0			1.0263661807824085
7172.9			1.035662397637634
7173.8			1.0314989663292844
7174.700000000001			1.0127702019561924
7175.6			0.9877924369512712
7176.5			0.9856811786705203
7177.4			1.012019982816728
7178.3			1.0271548652258542
7179.200000000001			1.003687241215634
7180.1			0.9572732022245285
7181.0			0.9295739635573345
7181.9			0.9504083091857518
7182.8			0.9969104878191232
7183.700000000001			1.0215529145057405
7184.6			1.0185386167431938
7185.5			1.0041820956581138
7186.4			0.9737695053465698
7187.3			0.9399504003432162
7188.200000000001			0.9292958620623598
7189.1			0.9339725213244484
7190.0			0.9506281369573006
7190.9			0.9726119458696004
7191.8			0.9751164774108414
7192.700000000001			0.961889318061221
7193.6			0.9621579386358278
7194.5			0.9845412847680015
7195.4			1.0003474470094889
7196.3			0.9942362825298932
7197.200000000001			0.9908107113437009
7198.1			1.002918739186226
7199.0			1.0142504938108277
7199.9			1.015446176145416
7200.8			1.0123336512983367
7201.700000000001			1.0098263273560466
7202.6			1.0180606063878417
7203.5			1.0
7204.4			1.0088059694416212
7205.3			0.9963863060847946
7206.200000000001			0.9570685729670528
7207.1			0.9157434724220278
7208.0			0.9086533113297747
7208.9			0.9277466527382411
7209.8			0.9602214896237329
7210.700000000001			0.9941340344337645
7211.6			1.0010311276634696
7212.5			1.0
7213.4			1.0
7214.3			1.0
7215.200000000001			1.0
7216.1			1.0
7217.0			1.0
7217.9			1.0
7218.8			1.0
7219.700000000001			1.0
7220.6			1.0
7221.5			1.0
7222.4			1.0
7223.3			1.0
7224.200000000001			1.0
7225.1			1.0
7226.0			1.0
7226.9			1.0
7227.8			1.0
7228.700000000001			1.0
7229.6			1.0
7230.5			1.0
7231.4			1.0
7232.3			1.0
7233.200000000001			1.0
7234.1			1.0
7235.0			1.0
7235.9			1.0
7236.8			1.0
7237.700000000001			1.0
7238.6			1.0
7239.5			1.0
7240.4			1.0
7241.3			1.0
7242.200000000001			1.0
7243.1			1.0
7244.0			1.0
7244.9			1.0
7245.8			1.0
7246.700000000001			1.0
7247.6			1.0
7248.5			1.0
7249.4			1.0
7250.3			1.0
7251.200000000001			1.0
7252.1			1.0
7253.0			1.0
7253.9			1.0
7254.8			1.0
7255.700000000001			1.0
7256.6			1.0
7257.5			1.009631937145328
7258.4			1.0050781716627386
7259.3			0.9885961898797332
7260.200000000001			0.9579431354488483
7261.1			0.921276966137592
7262.0			0.9174444284320104
7262.9			0.9493242036746274
7263.8			0.9768485034995872
7264.700000000001			0.9923797623535148
7265.6			1.0006249476441242
7266.5			0.9998830232313618
7267.4			1.0
7268.3			1.0
7269.200000000001			1.0
7270.1			1.0
7271.0			1.0
7271.9			1.0
7272.8			1.0
7273.700000000001			1.0
7274.6			1.0
7275.5			1.0
7276.4			1.0
7277.3			1.0
7278.200000000001			1.0
7279.1			1.0
7280.0			1.0
7280.9			1.0
7281.8			1.0
7282.700000000001			1.0
7283.6			1.0
7284.5			1.0
7285.4			1.0203725742936995
7286.3			1.044405266811345
7287.200000000001			1.048707371028131
7288.1			1.0254798050835774
7289.0			1.0011942729475034
7289.9			0.9946862563601672
7290.8			0.9829818085599359
7291.700000000001			0.9635523664911512
7292.6			0.9603345424477199
7293.5			0.9829154280809441
7294.4			1.0174939607308822
7295.3			1.0462412324670625
7296.200000000001			1.0613887251892988
7297.1			1.0515669125133629
7298.0			1.0262067809484767
7298.9			1.0072733090893915
7299.8			0.9998374565275677
7300.700000000001			1.0
7301.6			1.0
7302.5			1.0
7303.4			1.0
7304.3			1.0
7305.200000000001			1.0
7306.1			1.0
7307.0			1.0
7307.9			1.0
7308.8			1.0
7309.700000000001			1.0
7310.6			1.0
7311.5			1.0
7312.4			1.0
7313.3			1.0
7314.200000000001			1.0
7315.1			1.0
7316.0			1.0
7316.9			1.0
7317.8			1.0
7318.700000000001			1.0
7319.6			1.0
7320.5			1.0
7321.4			1.0
7322.3			1.0
7323.200000000001			1.0
7324.1			1.0
7325.0			1.0
7325.9			1.0
7326.8			1.0
7327.700000000001			1.0
7328.6			1.0
7329.5			1.0
7330.4			1.0
7331.3			1.0
7332.200000000001			1.0
7333.1			1.0
7334.0			1.0
7334.9			1.0
7335.8			1.0
7336.700000000001			1.0
7337.6			1.0
7338.5			1.0
7339.4			1.0
7340.3			1.0
7341.200000000001			1.0
7342.1			1.0
7343.0			1.0
7343.9			1.0
7344.8			1.0
7345.700000000001			1.0
7346.6			1.0
7347.5			1.0
7348.4			1.0
7349.3			1.0
7350.200000000001			1.0
7351.1			1.0
7352.0			1.0
7352.9			1.0
7353.8			1.0
7354.700000000001			1.0
7355.6			1.0
7356.5			1.0
7357.4			1.0
7358.3			1.0
7359.200000000001			1.0
7360.1			1.0
7361.0			1.0
7361.9			1.0
7362.8			1.0
7363.700000000001			1.0
7364.6			1.0
7365.5			1.0
7366.4			1.0
7367.3			1.0053249684151322
7368.200000000001			1.010970987733798
7369.1			1.0103776106587548
7370.0			1.0170001402714655
7370.9			1.0356866613545201
7371.8			1.0459491872010733
7372.700000000001			1.0436813397893758
7373.6			1.033893160364344
7374.5			1.0208694743357203
7375.4			1.0094828474004087
7376.3			1.0045678364274824
7377.200000000001			1.0157640410991817
7378.1			1.0364153682780959
7379.0			1.0500934022080806
7379.9			1.0467127866031172
7380.8			1.0277340086977387
7381.700000000001			1.0054983195457965
7382.6			0.9913361495964899
7383.5			0.9908776679061955
7384.4			0.9876545929855993
7385.3			0.9701732517621154
7386.200000000001			0.9550880778977091
7387.1			0.9525059025709504
7388.0			0.952055610011054
7388.9			0.9472732079544972
7389.8			0.9567084443636547
7390.700000000001			0.9856300208259632
7391.6			1.0067479401873094
7392.5			1.0019109300690807
7393.4			0.9905379900244536
7394.3			1.0010387011963282
7395.200000000001			1.0224705996766255
7396.1			1.028882369403218
7397.0			1.021329084788225
7397.9			1.012401895672995
7398.8			1.0014685639467762
7399.700000000001			1.0
7400.6			0.990154076755213
7401.5			0.9990148055628326
7402.4			1.0221682528766565
7403.3			1.0450509002485568
7404.200000000001			1.0532178002430395
7405.1			1.038710553117947
7406.0			1.0180482742728012
7406.9			1.0085246131511754
7407.8			0.9947466098697838
7408.700000000001			1.0094070775411192
7409.6			0.9941127495745482
7410.5			1.0000039696990637
7411.4			1.0
7412.3			1.0
7413.200000000001			1.0
7414.1			1.0
7415.0			1.0
7415.9			1.0
7416.8			1.0
7417.700000000001			1.0
7418.6			1.0
7419.5			1.0
7420.4			1.0
7421.3			1.0
7422.200000000001			1.0
7423.1			1.0
7424.0			1.0
7424.9			1.0
7425.8			1.0
7426.700000000001			1.0
7427.6			1.0
7428.5			1.0
7429.4			1.0
