3500.0			1.0
3500.9			1.0
3501.8			1.0
3502.7			1.0
3503.6			1.0
3504.5			1.0
3505.4			1.0
3506.3			1.0
3507.2			1.0
3508.1			1.0
3509.0			1.0
3509.9			1.0
3510.8			1.0
3511.7			1.0
3512.6			1.0
3513.5			1.0
3514.4			1.0
3515.3			1.0
3516.2			1.0
3517.1			1.0
3518.0			1.0
3518.9			1.0
3519.8			1.0
3520.7			1.0
3521.6			1.0
3522.5			1.0
3523.4			1.0
3524.3			1.0
3525.2			1.0
3526.1			1.0
3527.0			1.0
3527.9			1.0
3528.8			1.0
3529.7			1.0
3530.6			1.0
3531.5			1.0
3532.4			1.0
3533.3			1.0
3534.2			1.0
3535.1			1.0
3536.0			1.0
3536.9			1.0
3537.8			1.0
3538.7			1.0
3539.6			1.0
3540.5			1.0
3541.4			1.0
3542.3			1.0
3543.2			1.0
3544.1			1.0
3545.0			1.0
3545.9			1.0
3546.8			1.0
3547.7			1.0
3548.6			1.0
3549.5			1.0
3550.4			1.0
3551.3			1.0
3552.2			1.0
3553.1			1.0
3554.0			1.0
3554.9			1.0
3555.8			1.0
3556.7			1.0
3557.6			1.0
3558.5			1.0
3559.4			1.0
3560.3			1.0
3561.2			1.0
3562.1			1.0
3563.0			1.0
3563.9			1.0
3564.8			1.0
3565.7			1.0
3566.6			1.0
3567.5			1.0
3568.4			1.0
3569.3			1.0
3570.2			1.0
3571.1			1.0
3572.0			1.0
3572.9			1.0
3573.8			1.0
3574.7			1.0
3575.6			1.0
3576.5			1.0
3577.4			1.0
3578.3			1.0
3579.2			1.0
3580.1			1.0
3581.0			1.0
3581.9			1.0
3582.8			1.0
3583.7			1.0
3584.6			1.0
3585.5			1.0
3586.4			1.0
3587.3			1.0
3588.2			1.0
3589.1			1.0
3590.0			1.0
3590.9			1.0
3591.8			1.0
3592.7			1.0
3593.6			1.0
3594.5			1.0
3595.4			1.0
3596.3			1.0
3597.2			1.0
3598.1			1.0
3599.0			1.0
3599.9			1.0
3600.8			1.0
3601.7			1.0
3602.6			1.0
3603.5			1.0
3604.4			1.0
3605.3			1.0
3606.2			1.0
3607.1			1.0
3608.0			1.0
3608.9			1.0
3609.8			1.0
3610.7			1.0
3611.6			1.0
3612.5			1.0
3613.4			1.0
3614.3			1.0
3615.2			1.0
3616.1			1.0
3617.0			1.0
3617.9			1.0
3618.8			1.0
3619.7			1.0
3620.6			1.0
3621.5			1.0
3622.4			1.0
3623.3			1.0
3624.2			1.0
3625.1			1.0
3626.0			1.0
3626.9			1.0
3627.8			1.0
3628.7			1.0
3629.6			1.0
3630.5			1.0
3631.4			1.0
3632.3			1.0
3633.2			1.0
3634.1			1.0
3635.0			1.0
3635.9			1.0
3636.8			1.0
3637.7			1.0
3638.6			1.0
3639.5			1.0
3640.4			1.0
3641.3			1.0
3642.2			1.0
3643.1			1.0
3644.0			1.0
3644.9			1.0
3645.8			1.0
3646.7			1.0
3647.6			1.0
3648.5			1.0
3649.4			1.0
3650.3			1.0
3651.2			1.0
3652.1			1.0
3653.0			1.0
3653.9			1.0
3654.8			1.0
3655.7			1.0
3656.6			1.0
3657.5			1.0
3658.4			1.0
3659.3			1.0
3660.2			1.0
3661.1			1.0
3662.0			1.0
3662.9			1.0
3663.8			1.0
3664.7			1.0
3665.6			1.0
3666.5			1.0
3667.4			1.0
3668.3			1.0
3669.2			1.0
3670.1			1.0
3671.0			1.0
3671.9			1.0
3672.8			1.0
3673.7			1.0
3674.6			1.0
3675.5			1.0
3676.4			1.0
3677.3			1.0
3678.2			1.0
3679.1			1.0
3680.0			1.0
3680.9			1.0
3681.8			1.0
3682.7			1.0
3683.6			1.0
3684.5			1.0
3685.4			1.0
3686.3			1.0
3687.2			1.0
3688.1			1.0
3689.0			1.0
3689.9			1.0
3690.8			1.0
3691.7			1.0
3692.6			1.0
3693.5			1.0
3694.4			1.0
3695.3			1.0
3696.2			1.0
3697.1			1.0
3698.0			1.0
3698.9			1.0
3699.8			1.0
3700.7			1.0
3701.6			1.0
3702.5			1.0
3703.4			1.0
3704.3			1.0
3705.2			1.0
3706.1			1.0
3707.0			1.0
3707.9			1.0
3708.8			1.0
3709.7			1.0
3710.6			1.0
3711.5			1.0
3712.4			1.0
3713.3			1.0
3714.2			1.0
3715.1			1.0
3716.0			1.0
3716.9			1.0
3717.8			1.0
3718.7			1.0
3719.6			1.0
3720.5			1.0
3721.4			1.0
3722.3			1.0
3723.2			1.0
3724.1			1.0
3725.0			1.0
3725.9			1.0
3726.8			1.0
3727.7			1.0
3728.6			1.0
3729.5			1.0
3730.4			1.0
3731.3			1.0
3732.2			1.0
3733.1			1.0
3734.0			1.0
3734.9			1.0
3735.8			1.0
3736.7			1.0
3737.6			1.0
3738.5			1.0
3739.4			1.0
3740.3			1.0
3741.2			1.0
3742.1			1.0
3743.0			1.0
3743.9			1.0
3744.8			1.0
3745.7			1.0
3746.6			1.0
3747.5			1.0
3748.4			1.0
3749.3			1.0
3750.2			1.0
3751.1			1.0
3752.0			1.0
3752.9			1.0
3753.8			1.0
3754.7			1.0
3755.6			1.0
3756.5			1.0
3757.4			1.0
3758.3			1.0
3759.2			1.0
3760.1			1.0
3761.0			1.0
3761.9			1.0
3762.8			1.0
3763.7			1.0
3764.6			1.0
3765.5			1.0
3766.4			1.0
3767.3			1.0
3768.2			1.0
3769.1			1.0
3770.0			1.0
3770.9			1.0
3771.8			1.0
3772.7			1.0
3773.6			1.0
3774.5			1.0
3775.4			1.0
3776.3			1.0
3777.2			1.0
3778.1			1.0
3779.0			1.0
3779.9			1.0
3780.8			1.0
3781.7			1.0
3782.6			1.0
3783.5			1.0
3784.4			1.0
3785.3			1.0
3786.2			1.0
3787.1			1.0
3788.0			1.0
3788.9			1.0
3789.8			1.0
3790.7			1.0
3791.6			1.0
3792.5			1.0
3793.4			1.0
3794.3			1.0
3795.2			1.0
3796.1			1.0
3797.0			1.0
3797.9			1.0
3798.8			1.0
3799.7			1.0
3800.6			1.0
3801.5			1.0
3802.4			1.0
3803.3			1.0
3804.2			1.0
3805.1			1.0
3806.0			1.0
3806.9			1.0
3807.8			1.0
3808.7			1.0
3809.6			1.0
3810.5			1.0
3811.4			1.0
3812.3			1.0
3813.2			1.0
3814.1			1.0
3815.0			1.0
3815.9			1.0
3816.8			1.0
3817.7			1.0
3818.6			1.0
3819.5			1.0
3820.4			1.0
3821.3			1.0
3822.2			1.0
3823.1			1.0
3824.0			1.0
3824.9			1.0
3825.8			1.0
3826.7			1.0
3827.6			1.0
3828.5			1.0
3829.4			1.0
3830.3			1.0
3831.2			1.0
3832.1			1.0
3833.0			1.0
3833.9			1.0
3834.8			1.0
3835.7			1.0
3836.6			1.0
3837.5			1.0
3838.4			1.0
3839.3			1.0
3840.2			1.0
3841.1			1.0
3842.0			1.0
3842.9			1.0
3843.8			1.0
3844.7			1.0
3845.6			1.0
3846.5			1.0
3847.4			1.0
3848.3			1.0
3849.2			1.0
3850.1			1.0
3851.0			1.0
3851.9			1.0
3852.8			1.0
3853.7			1.0
3854.6			1.0
3855.5			1.0
3856.4			1.0
3857.3			1.0
3858.2			1.0
3859.1			1.0
3860.0			1.0
3860.9			1.0
3861.8			1.0
3862.7			1.0
3863.6			1.0
3864.5			1.0
3865.4			1.0
3866.3			1.0
3867.2			1.0
3868.1			1.0
3869.0			1.0
3869.9			1.0
3870.8			1.0
3871.7			1.0
3872.6			1.0
3873.5			1.0
3874.4			1.0
3875.3			1.0
3876.2			1.0
3877.1			1.0
3878.0			1.0
3878.9			1.0
3879.8			1.0
3880.7			1.0
3881.6			1.0
3882.5			1.0
3883.4			1.0
3884.3			1.0
3885.2			1.0
3886.1			1.0
3887.0			1.0
3887.9			1.0
3888.8			1.0
3889.7			1.0
3890.6			1.0
3891.5			1.0
3892.4			1.0
3893.3			1.0
3894.2			1.0
3895.1			1.0
3896.0			1.0
3896.9			1.0
3897.8			1.0
3898.7			1.0
3899.6			1.0
3900.5			1.0
3901.4			1.0
3902.3			1.0
3903.2			1.0
3904.1			1.0
3905.0			1.0
3905.9			1.0
3906.8			1.0
3907.7			1.0
3908.6			1.0
3909.5			1.0
3910.4			1.0
3911.3			1.0
3912.2			1.0
3913.1			1.0
3914.0			1.0
3914.9			1.0
3915.8			1.0
3916.7			1.0
3917.6			1.0
3918.5			1.0
3919.4			1.0
3920.3			1.0
3921.2			1.0
3922.1			1.0
3923.0			1.0
3923.9			1.0
3924.8			1.0
3925.7			1.0
3926.6			1.0
3927.5			1.0
3928.4			1.0
3929.3			1.0
3930.2			1.0
3931.1			1.0
3932.0			1.0
3932.9			1.0
3933.8			1.0
3934.7			1.0
3935.6			1.0
3936.5			1.0
3937.4			1.0
3938.3			1.0
3939.2			1.0
3940.1			1.0
3941.0			1.0
3941.9			1.0
3942.8			1.0
3943.7			1.0
3944.6			1.0
3945.5			1.0
3946.4			1.0
3947.3			1.0
3948.2			1.0
3949.1			1.0
3950.0			1.0
3950.9			1.0
3951.8			1.0
3952.7			1.0
3953.6			1.0
3954.5			1.0
3955.4			1.0
3956.3			1.0
3957.2			1.0
3958.1			1.0
3959.0			1.0
3959.9			1.0
3960.8			1.0
3961.7			1.0
3962.6			1.0
3963.5			1.0
3964.4			1.0
3965.3			1.0
3966.2			1.0
3967.1			1.0
3968.0			1.0
3968.9			1.0
3969.8			1.0
3970.7			1.0
3971.6			1.0
3972.5			1.0
3973.4			1.0
3974.3			1.0
3975.2			1.0
3976.1			1.0
3977.0			1.0
3977.9			1.0
3978.8			1.0
3979.7			1.0
3980.6			1.0
3981.5			1.0
3982.4			1.0
3983.3			1.0
3984.2			1.0
3985.1			1.0
3986.0			1.0
3986.9			1.0
3987.8			1.0
3988.7			1.0
3989.6			1.0
3990.5			1.0
3991.4			1.0
3992.3			1.0
3993.2			1.0
3994.1			1.0
3995.0			1.0
3995.9			1.0
3996.8			1.0
3997.7			1.0
3998.6			1.0
3999.5			1.0
4000.4			1.0
4001.3			1.0
4002.2			1.0178334263940745
4003.1			1.0373927855868512
4004.0			0.9788080082234205
4004.9			0.863907383198623
4005.8			0.811367847944891
4006.7			0.8626939839266828
4007.6			0.9483907089202751
4008.5			0.9940623719524794
4009.4			0.9988495434495125
4010.3			1.0
4011.2			1.0
4012.1			1.0
4013.0			1.0
4013.9			1.0
4014.8			1.0
4015.7			1.0
4016.6			1.0
4017.5			1.0
4018.4			1.0
4019.3			1.0
4020.2			1.0
4021.1			1.0
4022.0			1.0
4022.9			1.0
4023.8			1.0
4024.7			1.0
4025.6			1.022531488668461
4026.5			1.0697693989568635
4027.4			1.0900553049179456
4028.3			1.0749080215863922
4029.2			1.016754370711025
4030.1			0.9245163648787234
4031.0			0.8554974311846452
4031.9			0.8317845616471483
4032.8			0.8357190855246569
4033.7			0.8555653296094272
4034.6			0.8804431515601706
4035.5			0.9114869018930288
4036.4			0.9531755447718211
4037.3			0.9910644246742686
4038.2			1.0037686560230628
4039.1			1.0
4040.0			1.0
4040.9			1.0
4041.8			1.0
4042.7			1.037158744113043
4043.6			0.9866658982841467
4044.5			0.8453371612010309
4045.4			0.7301279661680296
4046.3			0.7687221880329481
4047.2			0.9098010304215816
4048.1			1.000630994245263
4049.0			1.0
4049.9			1.0
4050.8			1.0
4051.7			1.0
4052.6			1.0
4053.5			1.0
4054.4			1.0
4055.3			1.0
4056.2			1.0
4057.1			0.9536190220677813
4058.0			0.9212630170318312
4058.9			0.9600834381496577
4059.8			1.0292985938604557
4060.7			1.0609425661090688
4061.6			1.0238907749697814
4062.5			0.9124119500434275
4063.4			0.8169248136069597
4064.3			0.844521996393376
4065.2			0.9187238100237329
4066.1			0.9189398729312269
4067.0			0.8898279908700594
4067.9			0.9220964847844438
4068.8			0.9862546149848187
4069.7			0.9924240289341901
4070.6			1.0
4071.5			1.0
4072.4			1.0
4073.3			1.0853678834120237
4074.2			1.1141348682175949
4075.1			1.060323998472689
4076.0			0.9531584701464582
4076.9			0.847955137828288
4077.8			0.8128165344833888
4078.7			0.856589658238835
4079.6			0.9316278584049851
4080.5			0.9955600098775835
4081.4			1.0224565431319623
4082.3			1.0004625162119667
4083.2			1.0
4084.1			1.0
4085.0			1.0
4085.9			1.0
4086.8			1.0
4087.7			1.0
4088.6			1.0
4089.5			1.0
4090.4			1.0
4091.3			0.9666650489955017
4092.2			0.9400263665442236
4093.1			0.9533529683876768
4094.0			0.9745129594759588
4094.9			0.9472917177717536
4095.8			0.8895943570547488
4096.7			0.8552293877053673
4097.6			0.8449994366219727
4098.5			0.8321549880319138
4099.4			0.7874356026547877
4100.3			0.6852615782671454
4101.2			0.5724581921799171
4102.1			0.5511958877285299
4103.0			0.6394801029126752
4103.9			0.7547283314572062
4104.8			0.8389513224423072
4105.7			0.891475666694916
4106.6			0.9221847769739414
4107.5			0.9367005741387399
4108.4			0.9384856014230194
4109.3			0.9333251371026733
4110.2			0.9297651051322177
4111.1			0.935673792948749
4112.0			0.9591254273854366
4112.9			0.9990612786580367
4113.8			1.0
4114.7			1.0
4115.6			1.0
4116.5			1.0
4117.4			1.0
4118.3			1.0
4119.2			1.0
4120.1			1.0
4121.0			1.0
4121.9			1.0
4122.8			0.9890882388657699
4123.7			0.9998360632665753
4124.6			1.0245659660734214
4125.5			1.027783481219859
4126.4			1.0010110917248942
4127.3			0.9697608219843358
4128.2			0.9619605046492533
4129.1			0.9799321915452782
4130.0			1.0049703719178964
4130.9			0.9944136068949424
4131.8			0.9469037111348139
4132.7			0.918862258465944
4133.6			0.929917276990847
4134.5			0.9770414536610806
4135.4			1.0491519780888043
4136.3			1.0929710417264418
4137.2			1.0952814727054228
4138.1			1.1085109638257287
4139.0			1.0
4139.9			1.0150214537973736
4140.8			1.005722593619079
4141.7			0.9611283266353959
4142.6			0.8838222851775188
4143.5			0.8363722594848221
4144.4			0.8737090362121018
4145.3			0.9466356168749257
4146.2			0.9862741263816248
4147.1			0.9973074201367212
4148.0			1.0
4148.9			1.0
4149.8			0.9823377008463257
4150.7			0.991816239952787
4151.6			0.9991509606960352
4152.5			0.9873029604088471
4153.4			0.9467351044636801
4154.3			0.9119817185005203
4155.2			0.9001338052614193
4156.1			0.8926234915859134
4157.0			0.9005633968554364
4157.9			0.9244555301413514
4158.8			0.9519450475501863
4159.7			0.9652381570234266
4160.6			0.9555370183381919
4161.5			0.9636541541665212
4162.4			0.9962809653192821
4163.3			1.0
4164.2			1.0054057735407027
4165.1			1.0096899634812186
4166.0			0.9896929374195249
4166.9			0.9388948137551176
4167.8			0.9194862376365999
4168.7			0.9578372037046191
4169.6			0.9897682015131649
4170.5			0.9609140131850991
4171.4			0.8880769682804516
4172.3			0.8226634118115588
4173.2			0.811817980293056
4174.1			0.8594033373629654
4175.0			0.9268262044279402
4175.9			0.9656917988607405
4176.8			0.9546081571627788
4177.7			0.932392204498446
4178.6			0.9551577412194335
4179.5			1.0192436819956208
4180.4			1.0604159831201134
4181.3			1.036508308949342
4182.2			0.9936426870727415
4183.1			1.0
4184.0			1.0
4184.9			1.0341282409032504
4185.8			1.0
4186.7			0.9407628026149899
4187.6			0.8952568076265163
4188.5			0.9295923080927857
4189.4			0.9967841728595327
4190.3			1.0152120724873335
4191.2			0.9918806037223518
4192.1			1.0068836598263808
4193.0			1.0631168507061401
4193.9			1.075611765684545
4194.8			1.0175313465348217
4195.7			0.9601870850195043
4196.6			0.9418567390902531
4197.5			0.9068585633398518
4198.4			0.8617378835014304
4199.3			0.8773287397979068
4200.2			0.9195592836476008
4201.1			0.9135635826033403
4202.0			0.894092541760433
4202.9			0.9170197969277329
4203.8			0.9518742058798055
4204.7			0.9695832577794183
4205.6			0.9831696699853357
4206.5			1.0024920551917555
4207.4			1.026900847860669
4208.3			1.0349740968732437
4209.2			1.0142222134349717
4210.1			0.9997025162922971
4211.0			1.0
4211.9			1.0
4212.8			1.0
4213.7			1.0018360884929054
4214.6			0.9566572280653645
4215.5			0.8913722280300636
4216.4			0.8836744015097335
4217.3			0.9392850004841746
4218.2			0.984383805966873
4219.1			0.9943749122226765
4220.0			1.0
4220.9			1.0
4221.8			1.000136235720085
4222.7			0.9671854609550978
4223.6			0.9176112567394172
4224.5			1.0
4225.4			0.8841745066596516
4226.3			0.7649805936887154
4227.2			0.782317722826908
4228.1			0.9460246915751871
4229.0			1.092621890545223
4229.9			1.1474877024125785
4230.8			1.1616105834259531
4231.7			1.1407774120833676
4232.6			1.0827775864557092
4233.5			1.0515804331519318
4234.4			1.047275864634182
4235.3			1.0166239845570715
4236.2			0.9867035930926282
4237.1			0.9943058660996315
4238.0			1.00281810269215
4238.9			0.9840445803830952
4239.8			0.985209996986431
4240.7			1.0339807239112022
4241.6			1.068235645241009
4242.5			1.0589177006023025
4243.4			1.0
4244.3			1.0375829431416526
4245.2			1.0463325836816513
4246.1			1.004837813992657
4247.0			0.9569678128322114
4247.9			0.9481811781424024
4248.8			0.9492361208986857
4249.7			0.9279027300999759
4250.6			0.941826658324054
4251.5			1.017858450521129
4252.4			1.0784496890733393
4253.3			1.0672306644384786
4254.2			1.017144688297395
4255.1			1.001006984972558
4256.0			1.0
4256.9			1.0350097128688311
4257.8			1.0060156012182215
4258.7			0.9290408832619399
4259.6			0.8461407128227484
4260.5			0.8079478574753132
4261.4			0.8555201831428927
4262.3			0.9474805389526895
4263.2			1.0004797111215524
4264.1			1.0
4265.0			1.0045043062770678
4265.9			1.008481772756191
4266.8			0.9858984723672292
4267.7			0.9546537549326484
4268.6			0.9385162837010776
4269.5			0.9167642911367152
4270.4			0.8461075585493896
4271.3			0.7666167658386553
4272.2			0.7746531277441671
4273.1			0.8374749382532111
4274.0			0.8618562043377876
4274.9			0.8685702190888903
4275.8			0.9121015570780237
4276.7			0.9662315325612904
4277.6			0.9997933591902654
4278.5			1.0
4279.4			1.0
4280.3			1.0
4281.2			1.0
4282.1			1.0
4283.0			1.0
4283.9			1.0
4284.8			0.9774841544272227
4285.7			0.9431916613787907
4286.6			1.0
4287.5			1.001296413214761
4288.4			0.9662992043204923
4289.3			0.8953333795966107
4290.2			0.8650677935536496
4291.1			0.912815082486005
4292.0			0.9975632217119983
4292.9			1.047693643437803
4293.8			1.0350319963640342
4294.7			1.005110318029333
4295.6			0.9853008499701209
4296.5			0.9592266076836586
4297.4			0.9157209018830055
4298.3			0.8373604857974403
4299.2			0.7441221123148466
4300.1			0.7108503242842903
4301.0			0.7382310376409931
4301.9			0.7565297339169896
4302.8			0.7633680779501908
4303.7			0.7867644327543932
4304.6			0.802379629781506
4305.5			0.800291611875864
4306.4			0.781789297404563
4307.3			0.728494012277245
4308.2			0.678230695027216
4309.1			0.6858347908458218
4310.0			0.7354204859395942
4310.9			0.787575618182837
4311.8			0.8280182542485437
4312.7			0.8595523082491592
4313.6			0.8767208767796968
4314.5			0.8994107414445633
4315.4			0.9668001124290505
4316.3			1.0492773107525566
4317.2			1.0851507931514992
4318.1			1.0763216908342355
4319.0			1.0591433377515496
4319.9			1.0
4320.8			0.9806992449624016
4321.7			0.9719902478728478
4322.6			0.9412385448869568
4323.5			0.8710754114159872
4324.4			0.7855883806282201
4325.3			0.7283920073393831
4326.2			0.7561644867352584
4327.1			0.8627362901470265
4328.0			0.9701117414747179
4328.9			1.0162930217624102
4329.8			1.0
4330.7			0.974623668404711
4331.6			0.9761022381333597
4332.5			0.992809897582385
4333.4			1.0026571775346196
4334.3			1.005188766386003
4335.2			0.9957071857747644
4336.1			0.9438946615150285
4337.0			0.8482336802857423
4337.9			0.7570179401266186
4338.8			0.6756821055049742
4339.7			0.5868913828106699
4340.6			0.5575586140449121
4341.5			0.6390238928302856
4342.4			0.7517764527843737
4343.3			0.8162064884015607
4344.2			0.8595365067574688
4345.1			0.9180937352421936
4346.0			0.9684669404654886
4346.9			0.9946711844234281
4347.8			1.0
4348.7			1.0369125402101644
4349.6			1.0398741549844635
4350.5			0.9619327129005196
4351.4			0.8572560425759082
4352.3			0.8376850073243551
4353.2			0.9049365957219705
4354.1			0.9644655220411649
4355.0			0.9831251625621278
4355.9			0.9996814706140429
4356.8			1.0
4357.7			1.0
4358.6			1.0
4359.5			1.0
4360.4			1.0
4361.3			1.0
4362.2			1.0
4363.1			1.0
4364.0			1.0
4364.9			1.0
4365.8			1.0
4366.7			1.0
4367.6			1.0
4368.5			1.0
4369.4			1.0
4370.3			1.0
4371.2			1.0082908882146824
4372.1			1.0168759107920486
4373.0			0.9826764727253211
4373.9			1.0
4374.8			0.9575043558695671
4375.7			0.981852965278106
4376.6			1.042125353311844
4377.5			1.090269746676596
4378.4			1.1043360542005263
4379.3			1.0884481710068943
4380.2			1.0790138043698418
4381.1			1.0779905092316144
4382.0			1.0022960518433721
4382.9			0.8431061284719681
4383.8			0.7297462797826214
4384.7			0.7605429779409163
4385.6			0.8849524387481918
4386.5			0.9784144627789919
4387.4			0.9937304818186256
4388.3			0.9776489248491416
4389.2			0.9630056323036164
4390.1			0.9509399130917173
4391.0			0.9591603994251602
4391.9			0.9887685939107417
4392.8			1.0030024905051826
4393.7			1.0
4394.6			1.0
4395.5			1.0
4396.4			1.0
4397.3			1.0
4398.2			1.002214058255052
4399.1			0.9565915474324256
4400.0			0.8919836564735628
4400.9			0.8703796774589082
4401.8			0.9187022981450566
4402.7			0.9599742580579379
4403.6			0.9106368135948448
4404.5			0.8366411421944986
4405.4			0.856360980257569
4406.3			0.9274373292754462
4407.2			0.9380956000542459
4408.1			0.9081765992570805
4409.0			0.9180573109572857
4409.9			1.0
4410.8			1.0289925516657226
4411.7			1.0489336285905726
4412.6			1.0586586413098888
4413.5			1.018477265919774
4414.4			0.9283449763868746
4415.3			0.8697166996058201
4416.2			0.8793857201348243
4417.1			0.9083787827283956
4418.0			0.935131404408273
4418.9			0.9715226905767599
4419.8			0.9977876034628732
4420.7			1.0
4421.6			1.0
4422.5			1.0
4423.4			1.0
4424.3			1.0
4425.2			1.0
4426.1			1.0
4427.0			1.0
4427.9			1.030240924169225
4428.8			1.0445341533955572
4429.7			1.012839519543382
4430.6			0.982214866757062
4431.5			0.9922367078784079
4432.4			1.0066561601425366
4433.3			0.9915767375579749
4434.2			0.9546902767948482
4435.1			0.9335274688173371
4436.0			1.0
4436.9			1.062435662976313
4437.8			1.1161758324454616
4438.7			1.1382181842055883
4439.6			1.124093594340043
4440.5			1.0793836068219267
4441.4			1.0194606875645726
4442.3			0.9673665418304496
4443.2			0.9503390582971459
4444.1			0.9879220169094448
4445.0			1.05557872664689
4445.9			1.0855798230929399
4446.8			1.0650720294340388
4447.7			1.0515178005453645
4448.6			1.0605091467351664
4449.5			1.048616087073048
4450.4			1.0207810237201849
4451.3			1.017210165086063
4452.2			1.027585123858672
4453.1			1.0072469244689384
4454.0			0.9400843841727082
4454.9			0.8734842415801524
4455.8			0.8641310448872422
4456.7			0.8935294500994458
4457.6			0.9058463929121926
4458.5			0.8963455419602797
4459.4			0.8976304813569963
4460.3			0.8996309374479726
4461.2			0.8825094703325062
4462.1			0.887459819000256
4463.0			0.9316216926761678
4463.9			0.9628067282885049
4464.8			0.9605801224102312
4465.7			0.9522422264672606
4466.6			0.9550664300524765
4467.5			0.9508272802425429
4468.4			0.9206108741998151
4469.3			0.8910895384579659
4470.2			0.8999137563802051
4471.1			0.9363962850964799
4472.0			0.9667664175915265
4472.9			0.9898796673098638
4473.8			1.0078225928020745
4474.7			1.0000796457695036
4475.6			1.0
4476.5			1.0039861167251742
4477.4			1.0277997973693187
4478.3			1.0225817575950809
4479.2			0.9669535488571103
4480.1			0.8863214027546847
4481.0			0.8286331851354873
4481.9			0.8316136319742468
4482.8			0.8864626054630722
4483.7			0.9465764355422545
4484.6			1.0
4485.5			1.0250242595547563
4486.4			1.0364810595730458
4487.3			1.0227798415910336
4488.2			0.981129058614543
4489.1			0.9408744627570783
4490.0			0.9344107766599532
4490.9			0.971020955581397
4491.8			1.0267362406984093
4492.7			1.0532050055991664
4493.6			1.032678939134966
4494.5			1.005321009694607
4495.4			1.0
4496.3			1.0
4497.2			1.0
4498.1			1.0
4499.0			1.0
4499.9			1.0
4500.8			1.0
4501.7			1.0
4502.6			1.0
4503.5			1.0
4504.4			1.0
4505.3			1.0
4506.2			1.0
4507.1			1.0
4508.0			1.0
4508.9			1.0
4509.8			1.0
4510.7			1.0
4511.6			1.0
4512.5			1.0
4513.4			1.0
4514.3			1.0
4515.2			1.0
4516.1			1.0
4517.0			1.0
4517.9			1.0
4518.8			1.0
4519.7			1.0
4520.6			1.0156459653587686
4521.5			1.0059052166040212
4522.4			0.9821769652422433
4523.3			0.9796187721712012
4524.2			0.9865205712286635
4525.1			0.9698486657465593
4526.0			0.9390703771515487
4526.9			0.9194485560991316
4527.8			0.9067051757662443
4528.7			0.9019979708931307
4529.6			0.9100256358591245
4530.5			0.9301135109973158
4531.4			0.9637177012585049
4532.3			0.9804932060586256
4533.2			0.9596115609067327
4534.1			0.9256780401673066
4535.0			1.0
4535.9			1.0390379419393776
4536.8			1.1251350281730859
4537.7			1.1817209542456142
4538.6			1.1765777497781058
4539.5			1.1378449524172345
4540.4			1.1003336694824533
4541.3			1.0875961709804498
4542.2			1.099486786548756
4543.1			1.102968924585791
4544.0			1.0789246601973386
4544.9			1.0512160465565814
4545.8			1.0405914983155824
4546.7			1.0408045571338989
4547.6			1.0277367821813306
4548.5			0.97774097301432
4549.4			0.933081407062792
4550.3			0.9513243080848371
4551.2			0.995815419737989
4552.1			1.0137458219810351
4553.0			1.0045431302331542
4553.9			0.9773108509075247
4554.8			0.9450269604175207
4555.7			0.94198327947915
4556.6			0.9805196320411724
4557.5			1.0129647940826163
4558.4			1.0143070415126476
4559.3			1.0099781831093404
4560.2			1.0
4561.1			1.0182288600314784
4562.0			1.0215666860336392
4562.9			0.9912132639684299
4563.8			0.9439545255477778
4564.7			0.9122326790154859
4565.6			0.9157705073880326
4566.5			0.950812036453351
4567.4			0.9858584986476436
4568.3			0.999928272471896
4569.2			1.0
4570.1			1.0
4571.0			1.0
4571.9			0.9811692286492447
4572.8			1.0147517819822327
4573.7			1.0447655031782899
4574.6			1.0429919346463485
4575.5			1.0367393679016377
4576.4			1.0417628968689234
4577.3			1.0434651273313889
4578.2			1.0256249603959375
4579.1			0.990303179038099
4580.0			0.9513689633552428
4580.9			0.9311044182507229
4581.8			0.9338536990150892
4582.7			0.9344601461715197
4583.6			0.9301010943580558
4584.5			0.9318354101556361
4585.4			0.9369400587208733
4586.3			0.9505499516639332
4587.2			0.9739593777907084
4588.1			0.9975538023362813
4589.0			1.0092152201354427
4589.9			1.0013675695166084
4590.8			1.0
4591.7			1.0
4592.6			1.0
4593.5			1.0
4594.4			1.0
4595.3			1.0
4596.2			1.0
4597.1			1.0
4598.0			1.0
4598.9			1.0
4599.8			1.0
4600.7			1.0
4601.6			1.0
4602.5			1.0
4603.4			1.0
4604.3			1.0
4605.2			1.0
4606.1			1.0
4607.0			1.0
4607.9			1.0
4608.8			1.0
4609.7			1.0
4610.6			1.0
4611.5			1.0
4612.4			1.0
4613.3			1.0
4614.2			1.0
4615.1			1.0
4616.0			1.0
4616.9			1.0
4617.8			1.0
4618.7			1.0
4619.6			1.0
4620.5			1.0
4621.4			1.0
4622.3			1.0
4623.2			1.0
4624.1			1.0
4625.0			1.0
4625.9			1.0
4626.8			1.0
4627.7			1.0
4628.6			1.0
4629.5			1.0
4630.4			1.0
4631.3			1.0
4632.2			1.0
4633.1			1.0
4634.0			1.0
4634.9			1.0
4635.8			1.0
4636.7			1.0
4637.6			1.0
4638.5			0.9951813787840448
4639.4			0.9987347789293171
4640.3			1.0104563897292764
4641.2			1.0339975381256337
4642.1			1.04747308710849
4643.0			1.037211514546862
4643.9			1.0228550789121829
4644.8			1.008597311859997
4645.7			0.9800814522036356
4646.6			0.9473681828741042
4647.5			0.9359555318369132
4648.4			0.9535908854405868
4649.3			0.9887952177291344
4650.2			1.0199320414327806
4651.1			1.034228630472292
4652.0			1.046011308129615
4652.9			1.0545661433631328
4653.8			1.0362473894153483
4654.7			1.006352042744938
4655.6			0.9948236908415649
4656.5			0.9999748548403169
4657.4			1.0
4658.3			1.0
4659.2			1.0
4660.1			1.0
4661.0			1.0
4661.9			0.980543738662201
4662.8			0.9620193137107864
4663.7			0.9594434203381726
4664.6			0.9659963461964051
4665.5			0.94125625443487
4666.4			0.8765630146115683
4667.3			0.8286421816472067
4668.2			0.8436145887468062
4669.1			0.9041771416568284
4670.0			0.9675719674599419
4670.9			1.0033275667697805
4671.8			1.0051894263783347
4672.7			0.9972102528340503
4673.6			1.0
4674.5			1.0
4675.4			1.0
4676.3			1.0
4677.2			1.0
4678.1			1.0
4679.0			1.0
4679.9			1.0
4680.8			1.0
4681.7			1.0
4682.6			1.0
4683.5			1.0
4684.4			1.0
4685.3			1.0
4686.2			1.0
4687.1			1.0
4688.0			1.0
4688.9			1.0
4689.8			0.9921298301998915
4690.7			0.9770409817806259
4691.6			0.9702425208394259
4692.5			0.9804336186340765
4693.4			0.9945279688074667
4694.3			1.0044694181270497
4695.2			1.0152479753453985
4696.1			1.0263858422605354
4697.0			1.0154558151681976
4697.9			0.9760425247426451
4698.8			0.9425205295787501
4699.7			0.9362367266182221
4700.6			0.9414845171052864
4701.5			0.9287173598816961
4702.4			0.8982417949918101
4703.3			0.8907736265635287
4704.2			0.922575760072725
4705.1			0.9594774383232483
4706.0			0.9674821350513519
4706.9			0.9444262670059148
4707.8			0.9147070453522359
4708.7			0.9037894389634243
4709.6			0.9218711351232262
4710.5			0.9595968401026249
4711.4			0.9913948439241228
4712.3			0.9956473836516937
4713.2			0.9669372677233617
4714.1			0.9322300337837476
4715.0			0.9331785130735043
4715.9			0.9695559402041264
4716.8			0.9997205799650445
4717.7			1.0
4718.6			1.0
4719.5			1.0
4720.4			1.0
4721.3			1.0
4722.2			1.0
4723.1			1.0114334389441149
4724.0			1.0285388276428733
4724.9			1.0400542836643958
4725.8			1.0291271691866355
4726.7			0.9906502338100122
4727.6			0.9528079048411262
4728.5			0.9382130317913832
4729.4			0.9380484421426888
4730.3			0.93823945819781
4731.2			0.9500140757779391
4732.1			0.9762173788032984
4733.0			0.9969938022058557
4733.9			1.0121067057351492
4734.8			1.0202113631417855
4735.7			1.0023308929768497
4736.6			0.9820652401535303
4737.5			0.9984896978700639
4738.4			1.0
4739.3			1.0
4740.2			1.0
4741.1			1.0
4742.0			1.0
4742.9			1.0
4743.8			1.0
4744.7			1.0
4745.6			1.0
4746.5			1.0
4747.4			1.0
4748.3			1.0
4749.2			1.0
4750.1			1.0
4751.0			1.0
4751.9			1.0
4752.8			0.9843192511399594
4753.7			0.9747134754336765
4754.6			0.9642447717299889
4755.5			0.955848219974866
4756.4			0.9590510802421599
4757.3			0.9754676571146188
4758.2			0.9965916813869935
4759.1			1.0156503000662018
4760.0			1.0159444733936809
4760.9			0.9835125320988266
4761.8			0.9407595541313879
4762.7			0.9194694348471175
4763.6			0.9167356292588393
4764.5			0.9095799488473042
4765.4			0.8978325602346326
4766.3			0.9046128617606848
4767.2			0.9259849237388506
4768.1			0.9456735810751614
4769.0			0.9687966017853101
4769.9			0.9806952472217909
4770.8			0.9631338306606787
4771.7			0.9412288788619407
4772.6			0.9465664608828639
4773.5			0.9747631645761072
4774.4			0.993065740508531
4775.3			1.0
4776.2			0.9950673065381812
4777.1			1.0107235948388076
4778.0			1.0219800132788173
4778.9			1.0081880004658388
4779.8			0.9960690765615682
4780.7			1.0056544135820296
4781.6			1.011919799420183
4782.5			0.9912443712082838
4783.4			0.9747299376213655
4784.3			0.9832884807100806
4785.2			0.9779943533481228
4786.1			0.9495162001054185
4787.0			0.943870240961026
4787.9			0.9560509281008822
4788.8			0.957071356883043
4789.7			0.9592086283551824
4790.6			0.9705957696627152
4791.5			0.9796794670398499
4792.4			0.9907119046850235
4793.3			1.013914378253035
4794.2			1.0390826079844402
4795.1			1.0456905236312939
4796.0			1.0402976783764535
4796.9			1.0284031965323446
4797.8			1.0004640891369418
4798.7			1.0
4799.6			1.0
4800.5			1.0
4801.4			1.0
4802.3			1.0
4803.2			1.0
4804.1			1.0
4805.0			1.0
4805.9			1.0
4806.8			1.0
4807.7			1.0
4808.6			1.0
4809.5			1.0
4810.4			1.0
4811.3			1.0
4812.2			1.0
4813.1			1.0
4814.0			1.0
4814.9			1.0
4815.8			1.0
4816.7			1.0
4817.6			1.0
4818.5			1.0
4819.4			1.0
4820.3			1.0
4821.2			1.0
4822.1			1.0
4823.0			1.0
4823.9			1.0
4824.8			1.0
4825.7			1.0
4826.6			1.0
4827.5			1.0
4828.4			1.0
4829.3			1.0
4830.2			1.0
4831.1			1.0
4832.0			1.0
4832.9			1.0
4833.8			1.0
4834.7			1.0
4835.6			1.0
4836.5			1.0
4837.4			1.0
4838.3			1.0
4839.2			1.0
4840.1			1.0
4841.0			1.0
4841.9			1.0
4842.8			1.0
4843.7			1.0
4844.6			1.0
4845.5			1.0
4846.4			1.0
4847.3			1.0
4848.2			0.975422948737172
4849.1			0.973453432038881
4850.0			0.9953873998767304
4850.9			1.0110022559134926
4851.8			1.0088664049677583
4852.7			0.9986098611459135
4853.6			0.9735597408129806
4854.5			0.9209933012298187
4855.4			0.8750073055494395
4856.3			0.873522346993482
4857.2			0.8877263158400571
4858.1			0.8707303501999293
4859.0			0.8019783574003865
4859.9			0.6822620169990222
4860.8			0.574089321816336
4861.7			0.5753625173832608
4862.6			0.6792877757384599
4863.5			0.7888792861744429
4864.4			0.8599961929241032
4865.3			0.9056774848714334
4866.2			0.9434736089761242
4867.1			0.9732362454279867
4868.0			1.0
4868.9			1.0063298073513411
4869.8			0.983876822996194
4870.7			0.9275628105951762
4871.6			0.893575005240299
4872.5			0.9186148586465307
4873.4			0.9694922014567061
4874.3			1.0001244374865117
4875.2			1.0
4876.1			1.0
4877.0			1.0
4877.9			1.0
4878.8			1.0
4879.7			1.0
4880.6			1.0
4881.5			1.0
4882.4			0.987950923584418
4883.3			0.9888641750396018
4884.2			0.9754804870894168
4885.1			0.9471422047847943
4886.0			0.9274105157807886
4886.9			0.9324227547717298
4887.8			0.9480406009126232
4888.7			0.9555176701545781
4889.6			0.9361071367835856
4890.5			0.8913699659785188
4891.4			0.8809905295451151
4892.3			0.936998654028634
4893.2			1.007086236172034
4894.1			1.0446310849239084
4895.0			1.0566919851655197
4895.9			1.0560584123495498
4896.8			1.0488796448982831
4897.7			1.0428746423755215
4898.6			1.0302132446356267
4899.5			1.0070612660396299
4900.4			0.9998482893791446
4901.3			1.0
4902.2			1.0
4903.1			1.0
4904.0			1.0
4904.9			1.0
4905.8			1.0266906127656485
4906.7			1.0280097988393002
4907.6			1.0075065899984563
4908.5			0.9760727566382884
4909.4			0.9326756199394919
4910.3			0.8985855662597578
4911.2			1.0
4912.1			1.0381417286599939
4913.0			1.0689880390396898
4913.9			1.0810503601920904
4914.8			1.087596391661658
4915.7			1.0847128169008002
4916.6			1.0565836913632443
4917.5			0.9976984390081227
4918.4			0.9275333544217403
4919.3			0.8775034495971319
4920.2			0.8670919297392535
4921.1			0.8990904357245598
4922.0			0.9418851349684638
4922.9			0.9514183987728944
4923.8			0.9339052126131845
4924.7			0.9365967879343845
4925.6			0.9678146706676884
4926.5			0.991539276879252
4927.4			0.9972621275719846
4928.3			1.0040250983173356
4929.2			1.0
4930.1			1.0
4931.0			0.9987952422617054
4931.9			0.9856163998698557
4932.8			0.9424466337557709
4933.7			0.9083339970150377
4934.6			0.9226290220217774
4935.5			0.9537352193219932
4936.4			0.9549092435900824
4937.3			0.9218579280949033
4938.2			0.8827662073808854
4939.1			0.8784207042056573
4940.0			0.9224798536057941
4940.9			0.9773064270349275
4941.8			1.005314421469607
4942.7			1.0173772486080697
4943.6			1.0263398599984737
4944.5			1.0141832249092635
4945.4			0.9860704795904013
4946.3			0.9789717131675352
4947.2			1.0000734327763225
4948.1			1.0
4949.0			1.0
4949.9			1.0
4950.8			1.0
4951.7			1.0
4952.6			1.0
4953.5			0.988805794595187
4954.4			0.9942207237477851
4955.3			0.9884837367522636
4956.2			0.9276231998141459
4957.1			0.8473355627745252
4958.0			0.8453374741753512
4958.9			0.920672620208953
4959.8			0.9845303544763903
4960.7			0.9972703094699891
4961.6			1.0
4962.5			1.0
4963.4			1.0
4964.3			1.0
4965.2			1.0
4966.1			1.0
4967.0			1.0
4967.9			1.0
4968.8			1.0
4969.7			1.0
4970.6			1.0
4971.5			1.0
4972.4			1.0
4973.3			1.0
4974.2			1.0
4975.1			1.0
4976.0			0.9961982140927198
4976.9			0.9854922135252986
4977.8			0.9679229502935607
4978.7			0.9555576729481117
4979.6			0.9540456531722665
4980.5			0.949394116668592
4981.4			0.9194779313029348
4982.3			0.8687486252433355
4983.2			0.8413935362753032
4984.1			0.8618842105592655
4985.0			0.9073594382205142
4985.9			0.960277713424843
4986.8			1.0102329889936494
4987.7			1.0351018918439405
4988.6			1.033797376895636
4989.5			1.0181060908411281
4990.4			0.9979129738457867
4991.3			1.0
4992.2			1.0
4993.1			1.0
4994.0			1.0
4994.9			1.0
4995.8			1.0
4996.7			1.0
4997.6			0.9957227085738141
4998.5			0.9794253570658862
4999.4			0.9561708274562439
5000.3			0.9395425552046743
5001.2			0.9312082065869967
5002.1			0.9360047336766447
5003.0			0.9576141437201673
5003.9			0.9701811801871826
5004.8			1.0
5005.7			0.9516055644098185
5006.6			0.9443120755012819
5007.5			0.9934422049037129
5008.4			1.0530845726473508
5009.3			1.0741950376435572
5010.2			1.053640424630077
5011.1			1.0116914889324522
5012.0			0.9681129972783227
5012.9			0.9388782929302674
5013.8			0.9295141303369753
5014.7			0.9472811047464917
5015.6			0.9747775451111728
5016.5			0.9673503426195588
5017.4			0.9266097888620557
5018.3			0.9109452454932488
5019.2			0.9426029008014908
5020.1			0.9794559695465761
5021.0			0.9845267458513753
5021.9			0.9707358935355908
5022.8			0.97244864270172
5023.7			0.9910843667514877
5024.6			1.0056188905090415
5025.5			1.0001400450621998
5026.4			0.9691582999245574
5027.3			0.9415058848686646
5028.2			0.9535924524796077
5029.1			0.9858780785790547
5030.0			0.9980850476309666
5030.9			0.9985575571993233
5031.8			1.0
5032.7			1.0243328618534984
5033.6			1.0312762427833067
5034.5			0.9981887012351878
5035.4			0.9506925021749625
5036.3			0.9426652328779457
5037.2			0.9673565569436605
5038.1			0.9730704886078947
5039.0			0.9471335946217125
5039.9			0.8990086095537717
5040.8			0.8557320825449459
5041.7			0.8738657441091614
5042.6			0.9533532268334074
5043.5			1.026584981702238
5044.4			1.0640246342114121
5045.3			1.0863047721175962
5046.2			1.0929949248027964
5047.1			1.0667884650860529
5048.0			1.0221441972952638
5048.9			1.0007913375710837
5049.8			1.0
5050.7			1.0
5051.6			1.0
5052.5			1.0
5053.4			1.0
5054.3			1.0
5055.2			1.0
5056.1			1.0
5057.0			1.0
5057.9			1.0
5058.8			1.0
5059.7			1.0
5060.6			1.0
5061.5			1.0
5062.4			1.0
5063.3			1.0
5064.2			1.0
5065.1			1.0
5066.0			1.0
5066.9			1.0
5067.8			1.0
5068.7			1.0
5069.6			1.0
5070.5			1.0
5071.4			1.0
5072.3			1.0
5073.2			1.0032098903998348
5074.1			1.0087337433929187
5075.0			1.0062922726658339
5075.9			1.0146518779124596
5076.8			1.0295315008409054
5077.7			1.0127497177900815
5078.6			0.9497322238547908
5079.5			0.8906641275212585
5080.4			0.8881507359308871
5081.3			0.9272035891534246
5082.2			0.9530669091415717
5083.1			0.9531375726093879
5084.0			0.9603449614805009
5084.9			0.9855785570122251
5085.8			1.001321401359529
5086.7			1.0
5087.6			1.0
5088.5			1.0
5089.4			1.0
5090.3			1.0
5091.2			1.0
5092.1			1.0
5093.0			1.0
5093.9			1.0
5094.8			0.9982125782921893
5095.7			0.979701514990966
5096.6			0.9407109873312086
5097.5			0.8950942257610504
5098.4			0.8594032665558818
5099.3			0.8616981621068727
5100.2			0.9114968231514888
5101.1			0.9712943814120709
5102.0			1.003889433069635
5102.9			1.007157401137941
5103.8			0.9980299891693403
5104.7			1.0
5105.6			1.0
5106.5			1.0
5107.4			1.0
5108.3			1.0
5109.2			1.0
5110.1			1.0
5111.0			1.0
5111.9			1.0
5112.8			1.0
5113.7			1.0
5114.6			1.0
5115.5			1.0
5116.4			1.0
5117.3			1.0
5118.2			1.0
5119.1			1.0
5120.0			1.0
5120.9			1.0
5121.8			1.0
5122.7			1.0
5123.6			1.0
5124.5			1.0
5125.4			1.0
5126.3			1.0178776570464245
5127.2			1.0319967480532064
5128.1			1.0271954752374663
5129.0			1.0142626174440592
5129.9			1.0148744885991825
5130.8			1.02248989474177
5131.7			1.022118907220682
5132.6			1.0140808786900466
5133.5			1.0160540405753264
5134.4			1.0377484143137317
5135.3			1.04890226833463
5136.2			1.0274734547488185
5137.1			0.9982306327299245
5138.0			0.9717913747495431
5138.9			0.9508614965956724
5139.8			0.9664572005051896
5140.7			0.9943147222413916
5141.6			0.9788249584794383
5142.5			0.9559496741257231
5143.4			0.9814078598045123
5144.3			1.0178089042975318
5145.2			1.0164947933414308
5146.1			0.991084003583221
5147.0			0.9727217610205919
5147.9			0.9783009053346079
5148.8			1.0054583392863325
5149.7			1.0225611907940846
5150.6			1.0132388391350104
5151.5			1.0002797964712977
5152.4			1.0
5153.3			1.0
5154.2			1.0
5155.1			1.0
5156.0			1.0
5156.9			1.0
5157.8			1.0
5158.7			0.9979144501886708
5159.6			1.0004132035879763
5160.5			0.9947301168315302
5161.4			0.9687192360132012
5162.3			0.9508415359498086
5163.2			0.9584183232979291
5164.1			0.9577692388209619
5165.0			0.9212454064454317
5165.9			0.8444469538005521
5166.8			0.7590733373295007
5167.7			0.7247352995213853
5168.6			0.7655955228866661
5169.5			0.8472444860267895
5170.4			0.8832822848561357
5171.3			0.8175777314544156
5172.2			0.7264294853722628
5173.1			0.7383851001295363
5174.0			0.8499204258644174
5174.9			0.9531663966830037
5175.8			0.9942079485186593
5176.7			1.0003098047199248
5177.6			1.0
5178.5			1.0
5179.4			1.0
5180.3			0.9952317268362324
5181.2			0.9646258645080469
5182.1			0.8661033345042468
5183.0			0.7364466094251373
5183.9			0.7063489098221628
5184.8			0.8068765626872458
5185.7			0.9317120912771187
5186.6			0.99657775304368
5187.5			0.9950542473108042
5188.4			1.0
5189.3			1.0
5190.2			1.0
5191.1			1.0
5192.0			1.0
5192.9			1.0
5193.8			1.0
5194.7			1.0
5195.6			1.0
5196.5			1.0
5197.4			1.0
5198.3			1.0
5199.2			1.0
5200.1			1.0
5201.0			1.0
5201.9			1.0
5202.8			1.0
5203.7			1.0
5204.6			1.0
5205.5			1.0
5206.4			1.0
5207.3			1.0
5208.2			1.0
5209.1			1.0
5210.0			1.0
5210.9			1.0
5211.8			1.0
5212.7			1.0128709184164368
5213.6			1.0009058822278039
5214.5			0.9588984633157265
5215.4			0.9172164889046178
5216.3			0.9010099142588013
5217.2			0.9132542248291029
5218.1			0.9480364680433698
5219.0			0.9838422499122029
5219.9			0.9999171994972931
5220.8			1.0
5221.7			1.0046833546084286
5222.6			1.0027920281877276
5223.5			0.9902812568886256
5224.4			0.962274004143112
5225.3			0.9081654901968906
5226.2			0.8473359016719823
5227.1			0.8462384915347794
5228.0			0.9146556334270979
5228.9			0.9842258755312765
5229.8			1.0231088489361067
5230.7			1.044117188405463
5231.6			1.0347022418518752
5232.5			1.0010224101740577
5233.4			1.0
5234.3			1.0
5235.2			1.0
5236.1			1.0
5237.0			1.0
5237.9			1.0
5238.8			1.0
5239.7			1.0
5240.6			1.0
5241.5			1.0
5242.4			1.0
5243.3			1.0
5244.2			1.0
5245.1			1.0
5246.0			1.0
5246.9			1.0
5247.8			1.0
5248.7			1.0
5249.6			0.9874230143330568
5250.5			0.9824514019925116
5251.4			0.9993689568636387
5252.3			1.0171206531209085
5253.2			1.0147240592139621
5254.1			0.9972988848805716
5255.0			0.9909202146923597
5255.9			1.0134882655759836
5256.8			1.0466195877232722
5257.7			1.0702907110933664
5258.6			1.0785048518549711
5259.5			1.0691630930010512
5260.4			1.0347785843403574
5261.3			0.9805335137916626
5262.2			0.9345532621633303
5263.1			0.9075031329017248
5264.0			0.8886311532261717
5264.9			0.8686223196950239
5265.8			0.8657729813307288
5266.7			0.9078948255414708
5267.6			0.9504845068379819
5268.5			0.9257406974567441
5269.4			0.870877092929927
5270.3			0.8817736385687193
5271.2			0.949170742639518
5272.1			0.9905373265050086
5273.0			0.9876300234417179
5273.9			0.9697211675284476
5274.8			0.9445391416700424
5275.7			0.9493605567811778
5276.6			1.0059601837975305
5277.5			1.0
5278.4			1.0125115197193675
5279.3			0.9958817726615766
5280.2			0.9696825947821198
5281.1			0.9466061826801754
5282.0			0.928609541180751
5282.9			0.908050675563786
5283.8			0.9003701671296693
5284.7			0.9308400651492141
5285.6			0.980605666538261
5286.5			1.008927509817485
5287.4			1.0055050266881418
5288.3			0.9953187440889607
5289.2			0.9983179946428553
5290.1			1.0
5291.0			1.0022339003521836
5291.9			0.9942051184564215
5292.8			0.9859495277577522
5293.7			0.985914921859098
5294.6			0.9857629379451538
5295.5			0.9698008825647777
5296.4			0.9295278916080871
5297.3			0.8850925205713183
5298.2			0.8791692403821032
5299.1			0.9200844876456515
5300.0			0.9592494756621882
5300.9			0.9621429183532721
5301.8			0.951208795615775
5302.7			0.9607409499237229
5303.6			0.9860297658024225
5304.5			1.0035975320156183
5305.4			1.0016953460895006
5306.3			1.0
5307.2			1.0
5308.1			1.0
5309.0			1.0
5309.9			1.0
5310.8			1.0
5311.7			1.0
5312.6			1.0
5313.5			1.0
5314.4			1.0
5315.3			1.0
5316.2			1.0
5317.1			1.0
5318.0			1.0
5318.9			1.0
5319.8			1.00588338400729
5320.7			1.0001415517519756
5321.6			0.9936896229801346
5322.5			0.9782123479273103
5323.4			0.9428895015789545
5324.3			0.9219148982260572
5325.2			0.9395763830171708
5326.1			0.954516180388788
5327.0			0.9107903545562599
5327.9			0.8402437209830435
5328.8			0.841072039801776
5329.7			0.9123550051018714
5330.6			0.9781212065291229
5331.5			0.9934135584140862
5332.4			0.9778556220756317
5333.3			0.9766733143535755
5334.2			0.9926205372382626
5335.1			1.00482590200795
5336.0			1.0002977646903333
5336.9			1.0
5337.8			1.0
5338.7			1.0
5339.6			1.0
5340.5			1.0
5341.4			1.0
5342.3			1.0
5343.2			1.0
5344.1			1.0
5345.0			1.0
5345.9			1.0
5346.8			1.0
5347.7			1.0
5348.6			1.0
5349.5			1.0
5350.4			1.0
5351.3			1.0
5352.2			1.0
5353.1			1.0
5354.0			1.0
5354.9			1.0
5355.8			1.0
5356.7			1.0
5357.6			1.0
5358.5			1.0
5359.4			1.0
5360.3			1.0
5361.2			0.9814002716295384
5362.1			0.9585095275092218
5363.0			0.9474519596326221
5363.9			0.9375698225285735
5364.8			0.9294571965269037
5365.7			0.94034414893352
5366.6			0.9500133287403397
5367.5			0.9508057911174645
5368.4			0.9478878402014146
5369.3			0.9279025029688952
5370.2			0.9005672006930148
5371.1			0.896699987979451
5372.0			0.9328821582807622
5372.9			0.9769386282342172
5373.8			1.0037854923923881
5374.7			1.0212526375613984
5375.6			1.0310819344540068
5376.5			1.0291312283998715
5377.4			1.0
5378.3			0.9993608742971155
5379.2			0.9865179248137849
5380.1			0.9670835215657272
5381.0			0.9608119077519343
5381.9			0.9587489346943122
5382.8			0.9521088007551075
5383.7			0.9638157811713519
5384.6			0.9938541953884386
5385.5			1.0089096489177238
5386.4			1.0042995361563545
5387.3			0.9974739626312882
5388.2			0.9920802479927683
5389.1			0.9767980922693794
5390.0			0.9601438619441475
5390.9			0.9483070468762862
5391.8			0.9404626878958041
5392.7			0.9407409690296141
5393.6			0.9534145232837054
5394.5			0.9723116408325391
5395.4			0.9752844651743481
5396.3			0.9467769479355201
5397.2			0.9197048178839946
5398.1			0.9292041256075853
5399.0			0.9493564326387162
5399.9			0.9530844914510739
5400.8			0.957415581534023
5401.7			0.9713523887596349
5402.6			0.9612767929987752
5403.5			0.9162894388390151
5404.4			0.8788149435740594
5405.3			0.8766987280138945
5406.2			0.9052603694691297
5407.1			0.9419222574145919
5408.0			0.9595140496560524
5408.9			0.9417009599299832
5409.8			0.9149783623096244
5410.7			0.9182287266511656
5411.6			0.9536710802225908
5412.5			0.9831171987000521
5413.4			0.9805948133870905
5414.3			0.958543461110782
5415.2			0.9551944928070873
5416.1			0.9798700786463465
5417.0			1.0016702446766192
5417.9			1.0047509285927512
5418.8			0.9989670051322624
5419.7			1.0
5420.6			0.9909182553451764
5421.5			0.9937915465042719
5422.4			0.9908158905086332
5423.3			0.9593090264516555
5424.2			0.9341681641786599
5425.1			0.9574596192229248
5426.0			1.003138334793687
5426.9			1.0272606046747006
5427.8			1.0105200518289994
5428.7			0.9580781333347597
5429.6			0.922325171993438
5430.5			0.9476785427649759
5431.4			0.9818270056537314
5432.3			0.9759655577574865
5433.2			0.9507480270479176
5434.1			0.9307714894163931
5435.0			0.9283359251264326
5435.9			0.940231630355859
5436.8			0.9612341650912006
5437.7			0.9840929280658607
5438.6			0.999127030711037
5439.5			1.0
5440.4			1.0
5441.3			1.0
5442.2			1.0
5443.1			0.9924958341404995
5444.0			0.9682980649556404
5444.9			0.9371144404346364
5445.8			0.9040081577671805
5446.7			0.8918984854157082
5447.6			0.9260088855616586
5448.5			0.9720009804213354
5449.4			0.9969060594646502
5450.3			0.9996988580709185
5451.2			1.0
5452.1			1.0
5453.0			1.0
5453.9			1.0
5454.8			1.0
5455.7			1.0
5456.6			1.0
5457.5			1.0
5458.4			1.0
5459.3			1.0
5460.2			1.0
5461.1			1.0
5462.0			1.0
5462.9			1.0
5463.8			1.0
5464.7			1.0
5465.6			1.0
5466.5			1.0
5467.4			1.0
5468.3			1.0
5469.2			1.0
5470.1			1.0
5471.0			1.0036284593867133
5471.9			1.0013305671351074
5472.8			0.9900489933549494
5473.7			0.9879099381541024
5474.6			0.9884185631774296
5475.5			0.9545769452983425
5476.4			0.9096050118434521
5477.3			0.9240650644136366
5478.2			0.9811752355626447
5479.1			1.019682820919663
5480.0			1.013520497079971
5480.9			0.9920743307011982
5481.8			0.9992854518733362
5482.7			1.0
5483.6			1.0
5484.5			1.0
5485.4			1.0
5486.3			1.0
5487.2			1.0
5488.1			1.0
5489.0			1.0
5489.9			1.0
5490.8			1.0
5491.7			1.0
5492.6			1.0
5493.5			1.0
5494.4			1.0
5495.3			1.0
5496.2			1.0
5497.1			1.0
5498.0			1.0
5498.9			1.0
5499.8			1.0
5500.7			1.0
5501.6			1.0
5502.5			1.0
5503.4			1.0
5504.3			1.0
5505.2			1.0
5506.1			1.0
5507.0			1.0
5507.9			1.0
5508.8			1.0
5509.7			1.0
5510.6			1.0
5511.5			1.0
5512.4			1.0
5513.3			1.0
5514.2			1.0
5515.1			1.0
5516.0			1.0
5516.9			1.0
5517.8			1.0
5518.7			1.0
5519.6			1.0
5520.5			1.0
5521.4			1.0
5522.3			1.0
5523.2			1.0
5524.1			1.0
5525.0			1.0
5525.9			1.0
5526.8			1.0
5527.7			1.0
5528.6			1.0
5529.5			1.0
5530.4			1.0
5531.3			1.0
5532.2			1.0
5533.1			1.0
5534.0			1.0
5534.9			1.0
5535.8			1.0
5536.7			1.0
5537.6			1.0
5538.5			1.0
5539.4			1.0
5540.3			1.0
5541.2			1.0
5542.1			1.0
5543.0			1.0
5543.9			1.0
5544.8			1.0
5545.7			1.0
5546.6			1.0
5547.5			1.0
5548.4			1.0
5549.3			1.0
5550.200000000001			1.0
5551.1			1.0
5552.0			1.0
5552.9			1.0
5553.8			1.0
5554.700000000001			1.0
5555.6			1.0
5556.5			1.0
5557.4			1.0
5558.3			1.0
5559.200000000001			1.0
5560.1			1.0
5561.0			1.0
5561.9			1.0
5562.8			1.0
5563.700000000001			1.0
5564.6			1.0
5565.5			1.0
5566.4			1.0
5567.3			1.0
5568.200000000001			1.0
5569.1			1.0
5570.0			1.0
5570.9			1.0
5571.8			1.0
5572.700000000001			1.0
5573.6			1.0
5574.5			1.0
5575.4			1.0
5576.3			1.0
5577.200000000001			1.0096838557603558
5578.1			1.017983873226365
5579.0			1.0196352909984936
5579.9			1.0180535037807903
5580.8			1.015113015095799
5581.700000000001			1.0142610803387864
5582.6			1.0197214554480134
5583.5			1.0321705876895582
5584.4			1.0340900989069728
5585.3			1.0093277296845464
5586.200000000001			0.9663944421181581
5587.1			0.9350906192876403
5588.0			0.9289627147493489
5588.9			0.939800632327181
5589.8			0.9665619715480493
5590.700000000001			0.9987440556614097
5591.6			1.012595318713756
5592.5			1.0054333791949999
5593.4			0.9888338512376587
5594.3			0.9786661930758257
5595.200000000001			1.0051574961303111
5596.1			1.0449667047331326
5597.0			1.0440063216296591
5597.9			1.0128716159797526
5598.8			1.0008116024803038
5599.700000000001			1.0
5600.6			1.0
5601.5			1.0
5602.4			1.0
5603.3			1.0
5604.200000000001			1.0
5605.1			1.0
5606.0			1.0
5606.9			1.0
5607.8			1.0
5608.700000000001			1.0
5609.6			1.0
5610.5			1.0
5611.4			1.0055294609660428
5612.3			1.0139079921934149
5613.200000000001			1.0003086538273842
5614.1			0.9482579481697405
5615.0			0.8985234870300467
5615.9			0.9028167483145866
5616.8			0.9489732888103806
5617.700000000001			0.9863774560800022
5618.6			0.9965633558443036
5619.5			1.0
5620.4			1.0
5621.3			1.0
5622.200000000001			1.0
5623.1			1.0
5624.0			1.0
5624.9			1.0
5625.8			1.0
5626.700000000001			1.0
5627.6			1.0
5628.5			1.0
5629.4			1.0
5630.3			1.0
5631.200000000001			1.0
5632.1			1.0
5633.0			1.0
5633.9			1.0
5634.8			1.0
5635.700000000001			1.0
5636.6			1.0
5637.5			1.0
5638.4			1.0
5639.3			1.0
5640.200000000001			1.0
5641.1			0.9840283651122423
5642.0			0.9872396827261043
5642.9			1.0000807030605372
5643.8			1.0065020145915313
5644.700000000001			1.009503670149262
5645.6			1.0193644196087357
5646.5			1.0316317325662547
5647.4			1.0360143215820254
5648.3			1.02622869177308
5649.200000000001			1.009597714716887
5650.1			1.002805503687546
5651.0			1.0125557300206856
5651.9			1.0216050786194766
5652.8			1.0105588769625298
5653.700000000001			0.9860966626397724
5654.6			0.970402838966222
5655.5			0.9789476126295309
5656.4			0.9881204953988052
5657.3			0.9594139094650999
5658.200000000001			0.9264437119042226
5659.1			0.942253142670907
5660.0			0.9815614883854072
5660.9			0.9938270108848926
5661.8			0.9758432187972692
5662.700000000001			0.9649290112360075
5663.6			0.9842819571123218
5664.5			1.0047297529012584
5665.4			1.0034492185317088
5666.3			0.9884762070038632
5667.200000000001			0.9819954945646271
5668.1			0.9901497817179272
5669.0			0.9948529854627962
5669.9			0.9973124070198295
5670.8			1.0075474058388867
5671.700000000001			1.0251640912191544
5672.6			1.0409623966780803
5673.5			1.044512801571393
5674.4			1.0241728884166288
5675.3			0.9998765467009286
5676.200000000001			1.0
5677.1			1.0
5678.0			1.0
5678.9			1.0
5679.8			1.0
5680.700000000001			1.0
5681.6			1.0
5682.5			1.0
5683.4			1.0
5684.3			1.0
5685.200000000001			1.0
5686.1			1.0
5687.0			1.0
5687.9			1.0
5688.8			1.0
5689.700000000001			1.0
5690.6			1.0
5691.5			1.0
5692.4			1.0
5693.3			1.0
5694.200000000001			1.0
5695.1			1.0
5696.0			1.0
5696.9			1.0
5697.8			1.0
5698.700000000001			1.0
5699.6			1.0
5700.5			1.0
5701.4			1.0
5702.3			1.0
5703.200000000001			1.0
5704.1			1.0
5705.0			1.0
5705.9			1.0
5706.8			1.0
5707.700000000001			1.0
5708.6			1.0
5709.5			1.0
5710.4			1.0
5711.3			1.0
5712.200000000001			1.0
5713.1			1.0
5714.0			1.0
5714.9			1.0
5715.8			1.0
5716.700000000001			1.0
5717.6			1.0
5718.5			1.0
5719.4			1.0
5720.3			1.0
5721.200000000001			1.0
5722.1			1.0
5723.0			1.0
5723.9			1.0
5724.8			1.0
5725.700000000001			1.0
5726.6			1.0
5727.5			1.0
5728.4			1.0
5729.3			1.0
5730.200000000001			1.0
5731.1			1.0
5732.0			1.0
5732.9			1.0
5733.8			1.0
5734.700000000001			1.0
5735.6			1.0
5736.5			1.0
5737.4			1.0
5738.3			1.0
5739.200000000001			1.0
5740.1			1.0
5741.0			1.0
5741.9			1.0
5742.8			1.0
5743.700000000001			1.0
5744.6			1.0
5745.5			1.0
5746.4			1.0
5747.3			1.0
5748.200000000001			1.0
5749.1			1.0
5750.0			1.0
5750.9			1.0
5751.8			1.0
5752.700000000001			1.0
5753.6			1.0
5754.5			1.0
5755.4			1.0
5756.3			1.0
5757.200000000001			1.0
5758.1			1.0
5759.0			1.0
5759.9			1.0
5760.8			1.0
5761.700000000001			1.0
5762.6			1.0
5763.5			1.0
5764.4			1.0
5765.3			1.0
5766.200000000001			1.0
5767.1			1.0
5768.0			1.0
5768.9			1.0
5769.8			1.0
5770.700000000001			1.0
5771.6			1.0
5772.5			1.0
5773.4			1.0
5774.3			1.0
5775.200000000001			1.0
5776.1			1.0
5777.0			1.0
5777.9			1.0
5778.8			1.0
5779.700000000001			1.0
5780.6			1.0
5781.5			1.0
5782.4			1.0
5783.3			1.0
5784.200000000001			1.0
5785.1			1.0
5786.0			1.0
5786.9			1.0
5787.8			1.0
5788.700000000001			1.0
5789.6			1.0
5790.5			1.0
5791.4			1.0
5792.3			1.0
5793.200000000001			1.0
5794.1			1.0
5795.0			1.0
5795.9			1.0
5796.8			1.0
5797.700000000001			1.0
5798.6			1.0
5799.5			1.0
5800.4			1.0
5801.3			1.0
5802.200000000001			1.0
5803.1			1.0
5804.0			1.0
5804.9			1.0
5805.8			1.0
5806.700000000001			1.0
5807.6			1.0
5808.5			1.0
5809.4			1.0
5810.3			1.0
5811.200000000001			1.0
5812.1			1.0
5813.0			1.0
5813.9			1.0
5814.8			1.0
5815.700000000001			1.0
5816.6			1.0
5817.5			1.0
5818.4			1.0
5819.3			1.0
5820.200000000001			1.0
5821.1			1.0
5822.0			1.0
5822.9			1.0
5823.8			1.0
5824.700000000001			1.0
5825.6			1.0
5826.5			1.0
5827.4			1.0
5828.3			1.0
5829.200000000001			1.0
5830.1			1.0
5831.0			1.0
5831.9			1.0
5832.8			1.0
5833.700000000001			1.0
5834.6			1.0
5835.5			1.0
5836.4			1.0
5837.3			1.0
5838.200000000001			1.0
5839.1			1.0
5840.0			1.0
5840.9			1.0
5841.8			1.0
5842.700000000001			1.0
5843.6			1.0
5844.5			1.0
5845.4			1.0
5846.3			1.0
5847.200000000001			1.0
5848.1			1.0
5849.0			1.0
5849.9			1.0
5850.8			1.0
5851.700000000001			1.0
5852.6			1.0
5853.5			1.0
5854.4			1.0
5855.3			1.0
5856.200000000001			1.0
5857.1			1.0
5858.0			1.0
5858.9			1.0
5859.8			1.0
5860.700000000001			1.0
5861.6			1.0
5862.5			1.0
5863.4			1.0
5864.3			1.0
5865.200000000001			1.0
5866.1			1.0
5867.0			1.0
5867.9			1.0
5868.8			1.0
5869.700000000001			1.0
5870.6			1.0
5871.5			1.0
5872.4			1.0
5873.3			1.0
5874.200000000001			1.0
5875.1			1.0
5876.0			1.0
5876.9			1.0
5877.8			1.0
5878.700000000001			1.0
5879.6			1.0
5880.5			1.0
5881.4			1.0
5882.3			1.0
5883.200000000001			1.0
5884.1			1.0
5885.0			1.0
5885.9			1.0181532941394098
5886.8			1.0222867981993098
5887.700000000001			1.0054894494057782
5888.6			0.9500686246848724
5889.5			0.8822843802457015
5890.4			0.8908628614739166
5891.3			0.9758622196456249
5892.200000000001			1.0433259092857792
5893.1			1.0689634134657169
5894.0			1.05996362133094
5894.9			1.0075486077863618
5895.8			1.0
5896.700000000001			1.0
5897.6			1.0
5898.5			1.0
5899.4			1.0
5900.3			1.0
5901.200000000001			1.0
5902.1			1.0
5903.0			1.0
5903.9			1.0
5904.8			1.0
5905.700000000001			1.0
5906.6			1.0
5907.5			1.0
5908.4			1.0
5909.3			1.0
5910.200000000001			1.0
5911.1			1.0
5912.0			1.0
5912.9			1.0
5913.8			1.0
5914.700000000001			1.0
5915.6			1.0
5916.5			1.0
5917.4			1.0
5918.3			1.0
5919.200000000001			1.0
5920.1			1.0
5921.0			1.0
5921.9			1.0
5922.8			1.0
5923.700000000001			1.0
5924.6			1.0
5925.5			1.0
5926.4			1.0
5927.3			1.0
5928.200000000001			1.0
5929.1			1.0
5930.0			1.0
5930.9			1.0
5931.8			1.0
5932.700000000001			1.0
5933.6			1.0
5934.5			1.0
5935.4			1.0
5936.3			1.0
5937.200000000001			1.0
5938.1			1.0
5939.0			1.0
5939.9			1.0
5940.8			1.0
5941.700000000001			1.0
5942.6			1.0
5943.5			1.0
5944.4			1.0
5945.3			1.0
5946.200000000001			1.0
5947.1			1.0
5948.0			1.0
5948.9			1.0
5949.8			1.0
5950.700000000001			1.0
5951.6			1.0
5952.5			1.0
5953.4			1.0
5954.3			1.0
5955.200000000001			1.0
5956.1			1.0
5957.0			1.0
5957.9			1.0
5958.8			1.0
5959.700000000001			1.0
5960.6			1.0
5961.5			1.0
5962.4			1.0
5963.3			1.0
5964.200000000001			1.0
5965.1			1.0
5966.0			1.0
5966.9			1.0
5967.8			1.0
5968.700000000001			1.0
5969.6			1.0
5970.5			1.0
5971.4			1.0
5972.3			1.0
5973.200000000001			1.0
5974.1			1.0
5975.0			1.0
5975.9			1.0
5976.8			1.0
5977.700000000001			1.0
5978.6			1.0
5979.5			1.0
5980.4			1.0
5981.3			1.0
5982.200000000001			1.0
5983.1			1.0
5984.0			1.0
5984.9			1.0
5985.8			1.0
5986.700000000001			1.0
5987.6			1.0
5988.5			1.0
5989.4			1.0
5990.3			1.0
5991.200000000001			1.0
5992.1			1.0
5993.0			1.0
5993.9			1.0
5994.8			1.0
5995.700000000001			1.0
5996.6			1.0
5997.5			1.0
5998.4			1.0
5999.3			1.0
6000.200000000001			1.0
6001.1			1.0
6002.0			1.0
6002.9			1.0
6003.8			1.0
6004.700000000001			1.0
6005.6			1.0
6006.5			1.0
6007.4			1.0
6008.3			1.0
6009.200000000001			1.0
6010.1			1.0
6011.0			1.0
6011.9			1.0
6012.8			1.0
6013.700000000001			1.0
6014.6			1.0
6015.5			1.0
6016.4			1.0
6017.3			1.0
6018.200000000001			1.0
6019.1			1.0
6020.0			1.0
6020.9			1.0
6021.8			1.0
6022.700000000001			1.0
6023.6			1.0
6024.5			1.0
6025.4			1.0
6026.3			1.0
6027.200000000001			1.0
6028.1			1.0
6029.0			1.0
6029.9			1.0
6030.8			1.0
6031.700000000001			1.0
6032.6			1.0
6033.5			1.0
6034.4			1.0
6035.3			1.0
6036.200000000001			1.0
6037.1			1.0
6038.0			1.0
6038.9			1.0
6039.8			1.0
6040.700000000001			1.0
6041.6			1.0
6042.5			1.0
6043.4			1.0
6044.3			1.0
6045.200000000001			1.0
6046.1			1.0
6047.0			1.0
6047.9			1.0
6048.8			1.0
6049.700000000001			1.0
6050.6			1.0
6051.5			1.0
6052.4			1.0
6053.3			1.0
6054.200000000001			1.0
6055.1			1.0
6056.0			1.0
6056.9			1.0
6057.8			1.0
6058.700000000001			1.0
6059.6			1.0
6060.5			1.0
6061.4			1.0
6062.3			1.0
6063.200000000001			1.0
6064.1			1.0
6065.0			1.0
6065.9			1.0
6066.8			1.0
6067.700000000001			1.0
6068.6			1.0
6069.5			1.0
6070.4			1.0
6071.3			1.0
6072.200000000001			1.0
6073.1			1.0
6074.0			1.0
6074.9			1.0
6075.8			1.0
6076.700000000001			1.0
6077.6			1.0
6078.5			1.0
6079.4			1.0
6080.3			1.0
6081.200000000001			1.0
6082.1			1.0
6083.0			1.0
6083.9			1.0
6084.8			1.0
6085.700000000001			1.0
6086.6			1.0
6087.5			1.0
6088.4			1.0
6089.3			1.0
6090.200000000001			1.0
6091.1			1.0
6092.0			1.0
6092.9			1.0
6093.8			1.0
6094.700000000001			1.0
6095.6			1.0
6096.5			1.0
6097.4			1.0
6098.3			1.0
6099.200000000001			1.0
6100.1			1.0
6101.0			1.0
6101.9			1.0
6102.8			1.0
6103.700000000001			1.0
6104.6			1.0
6105.5			1.0
6106.4			1.0
6107.3			1.0
6108.200000000001			1.0
6109.1			1.0
6110.0			1.0
6110.9			1.0
6111.8			1.0
6112.700000000001			1.0
6113.6			1.0
6114.5			1.0
6115.4			1.0
6116.3			1.0
6117.200000000001			1.0
6118.1			1.0
6119.0			1.0
6119.9			1.0
6120.8			1.0
6121.700000000001			1.0
6122.6			1.0
6123.5			1.0
6124.4			1.0
6125.3			1.0
6126.200000000001			1.0
6127.1			1.0
6128.0			1.0
6128.9			1.0
6129.8			1.0
6130.700000000001			1.0
6131.6			1.0
6132.5			1.0
6133.4			1.0
6134.3			1.0
6135.200000000001			1.0
6136.1			1.0
6137.0			1.0
6137.9			1.0
6138.8			1.0
6139.700000000001			1.0
6140.6			1.0
6141.5			1.0
6142.4			1.0
6143.3			1.0
6144.200000000001			1.0
6145.1			1.0
6146.0			1.0
6146.9			1.0
6147.8			1.0
6148.700000000001			1.0
6149.6			1.0
6150.5			1.0
6151.4			0.9980358963606054
6152.3			0.9976051078069322
6153.200000000001			0.9885436821588132
6154.1			0.97186325842363
6155.0			0.9639127813609552
6155.9			0.9722102701922527
6156.8			0.9836590497069941
6157.700000000001			0.9892272570602355
6158.6			0.9956649669058122
6159.5			0.994000877441092
6160.4			0.959645661439969
6161.3			0.9083661131047415
6162.200000000001			0.8902848647576633
6163.1			0.9151680037715701
6164.0			0.9481130799838182
6164.9			0.9657697175494132
6165.8			0.9728952875291668
6166.700000000001			0.9780488598292523
6167.6			0.9755858156688542
6168.5			0.9543534652107876
6169.4			0.9343925480345341
6170.3			0.9439555488589696
6171.200000000001			0.9754771972975265
6172.1			0.9976099529620243
6173.0			0.9997855045514714
6173.9			1.0
6174.8			1.0
6175.700000000001			1.0
6176.6			1.0
6177.5			1.0
6178.4			1.0
6179.3			1.0
6180.200000000001			1.0
6181.1			1.0
6182.0			1.0
6182.9			1.0
6183.8			1.0
6184.700000000001			1.0
6185.6			1.0
6186.5			1.0
6187.4			1.0
6188.3			1.0
6189.200000000001			1.0
6190.1			1.0
6191.0			1.0
6191.9			1.0
6192.8			1.0
6193.700000000001			1.0
6194.6			1.0
6195.5			1.0
6196.4			1.0
6197.3			1.0
6198.200000000001			1.0
6199.1			1.0
6200.0			1.0
6200.9			1.0
6201.8			1.0
6202.700000000001			1.0
6203.6			1.0
6204.5			1.0
6205.4			1.0
6206.3			1.0
6207.200000000001			1.0
6208.1			1.0
6209.0			1.0
6209.9			1.0
6210.8			1.0
6211.700000000001			1.0
6212.6			1.0
6213.5			1.0
6214.4			1.0
6215.3			1.0
6216.200000000001			1.0
6217.1			1.0
6218.0			1.0
6218.9			1.0
6219.8			1.0
6220.700000000001			1.0
6221.6			1.0
6222.5			1.0
6223.4			1.0
6224.3			1.0
6225.200000000001			1.0
6226.1			1.0
6227.0			1.0
6227.9			1.0
6228.8			1.0
6229.700000000001			1.0
6230.6			1.0
6231.5			1.0
6232.4			1.0
6233.3			1.0
6234.200000000001			1.0
6235.1			1.0
6236.0			1.0
6236.9			1.0
6237.8			1.0
6238.700000000001			1.0
6239.6			1.0
6240.5			1.0
6241.4			1.0
6242.3			1.0
6243.200000000001			1.0
6244.1			1.0
6245.0			1.0
6245.9			1.0
6246.8			1.0
6247.700000000001			1.0
6248.6			1.0
6249.5			1.0
6250.4			1.0
6251.3			1.0
6252.200000000001			1.0
6253.1			1.0
6254.0			1.0
6254.9			1.0
6255.8			1.0
6256.700000000001			1.0
6257.6			1.0
6258.5			1.0
6259.4			1.0
6260.3			1.0
6261.200000000001			1.0
6262.1			1.0
6263.0			1.0
6263.9			1.0
6264.8			1.0
6265.700000000001			1.0
6266.6			1.0
6267.5			1.0
6268.4			1.0
6269.3			1.0
6270.200000000001			1.0
6271.1			1.0
6272.0			1.0
6272.9			1.0
6273.8			1.0
6274.700000000001			1.0
6275.6			1.0
6276.5			1.0
6277.4			1.0
6278.3			1.0
6279.200000000001			1.0
6280.1			1.0
6281.0			1.0
6281.9			1.0
6282.8			1.0
6283.700000000001			1.0
6284.6			1.0
6285.5			1.0
6286.4			1.0
6287.3			1.0
6288.200000000001			1.0
6289.1			1.0
6290.0			1.0
6290.9			1.0
6291.8			1.0
6292.700000000001			1.0
6293.6			1.0
6294.5			1.0
6295.4			1.0
6296.3			1.0
6297.200000000001			1.0
6298.1			1.0
6299.0			1.0
6299.9			1.0
6300.8			1.0
6301.700000000001			1.0
6302.6			1.0
6303.5			1.0
6304.4			1.0
6305.3			1.0
6306.200000000001			1.0
6307.1			1.0
6308.0			1.0
6308.9			1.0
6309.8			1.0
6310.700000000001			1.0
6311.6			1.0
6312.5			1.0
6313.4			1.0
6314.3			1.0
6315.200000000001			1.0
6316.1			1.0
6317.0			1.0
6317.9			1.0
6318.8			1.0
6319.700000000001			1.0
6320.6			1.0
6321.5			1.0
6322.4			1.0
6323.3			1.0
6324.200000000001			1.0
6325.1			1.0
6326.0			1.0
6326.9			1.0
6327.8			1.0
6328.700000000001			1.0
6329.6			1.0
6330.5			1.0
6331.4			1.0
6332.3			1.0
6333.200000000001			1.0
6334.1			1.0
6335.0			1.0
6335.9			1.0
6336.8			1.0
6337.700000000001			1.0
6338.6			1.0
6339.5			1.0
6340.4			1.0
6341.3			1.0
6342.200000000001			1.0
6343.1			1.0
6344.0			1.0
6344.9			1.0
6345.8			1.0
6346.700000000001			1.0
6347.6			1.0
6348.5			1.0
6349.4			1.0
6350.3			1.0
6351.200000000001			1.0
6352.1			1.0
6353.0			1.0
6353.9			1.0
6354.8			1.0
6355.700000000001			1.0
6356.6			1.0
6357.5			1.0
6358.4			1.0
6359.3			1.0
6360.200000000001			1.0
6361.1			1.0
6362.0			1.0
6362.9			1.0
6363.8			1.0
6364.700000000001			1.0
6365.6			1.0
6366.5			1.0
6367.4			1.0
6368.3			1.0
6369.200000000001			1.0
6370.1			1.0
6371.0			1.0
6371.9			1.0
6372.8			1.0
6373.700000000001			1.0
6374.6			1.0
6375.5			1.0
6376.4			1.0
6377.3			1.0
6378.200000000001			1.0
6379.1			1.0
6380.0			1.0
6380.9			1.0
6381.8			1.0
6382.700000000001			1.0
6383.6			1.0
6384.5			1.0
6385.4			1.0
6386.3			1.0
6387.200000000001			1.0
6388.1			1.0
6389.0			1.0
6389.9			1.0
6390.8			1.0
6391.700000000001			1.0
6392.6			1.0
6393.5			1.0
6394.4			1.0
6395.3			1.0
6396.200000000001			1.0
6397.1			1.0
6398.0			1.0
6398.9			1.0
6399.8			1.0
6400.700000000001			1.0
6401.6			1.0
6402.5			1.0
6403.4			1.0
6404.3			1.0
6405.200000000001			1.0
6406.1			1.0
6407.0			1.0
6407.9			1.0
6408.8			1.0
6409.700000000001			1.0
6410.6			1.0
6411.5			1.0
6412.4			1.0
6413.3			1.0
6414.200000000001			1.0
6415.1			1.0
6416.0			1.0
6416.9			1.0
6417.8			1.0
6418.700000000001			1.0
6419.6			1.0
6420.5			1.0
6421.4			1.0
6422.3			1.0
6423.200000000001			1.0
6424.1			1.0
6425.0			1.0
6425.9			1.0
6426.8			1.0
6427.700000000001			1.0
6428.6			1.0
6429.5			1.0
6430.4			1.0
6431.3			1.0
6432.200000000001			1.0
6433.1			1.0
6434.0			1.0
6434.9			1.0
6435.8			1.0
6436.700000000001			1.0
6437.6			1.0
6438.5			1.0
6439.4			1.0
6440.3			1.0
6441.200000000001			1.0
6442.1			1.0
6443.0			1.0
6443.9			1.0
6444.8			1.0
6445.700000000001			1.0
6446.6			1.0
6447.5			1.0
6448.4			1.0
6449.3			1.0
6450.200000000001			1.0
6451.1			1.0
6452.0			1.0
6452.9			1.0
6453.8			1.0
6454.700000000001			1.0
6455.6			1.0
6456.5			1.0
6457.4			1.0
6458.3			1.0
6459.200000000001			1.0
6460.1			1.0
6461.0			1.0
6461.9			1.0
6462.8			1.0
6463.700000000001			1.0
6464.6			1.0
6465.5			1.0
6466.4			1.0
6467.3			1.0
6468.200000000001			1.0
6469.1			1.0
6470.0			1.0
6470.9			1.0
6471.8			1.0
6472.700000000001			1.0
6473.6			1.0
6474.5			1.0
6475.4			1.0
6476.3			1.0
6477.200000000001			1.0
6478.1			1.0
6479.0			1.0
6479.9			1.0
6480.8			1.0
6481.700000000001			1.0
6482.6			1.0
6483.5			1.0
6484.4			1.0
6485.3			1.0
6486.200000000001			1.0
6487.1			1.0
6488.0			1.0
6488.9			1.0
6489.8			1.0
6490.700000000001			1.0
6491.6			1.0
6492.5			1.0
6493.4			1.0
6494.3			1.0
6495.200000000001			1.0
6496.1			1.0
6497.0			1.0
6497.9			1.0
6498.8			1.0
6499.700000000001			1.0
6500.6			1.0
6501.5			1.0
6502.4			1.0
6503.3			1.0
6504.200000000001			1.0
6505.1			1.0
6506.0			1.0
6506.9			1.0
6507.8			1.0
6508.700000000001			1.0
6509.6			1.0
6510.5			1.0
6511.4			1.0
6512.3			1.0
6513.200000000001			1.0
6514.1			1.0
6515.0			1.0
6515.9			1.0
6516.8			1.0
6517.700000000001			1.0
6518.6			1.0
6519.5			1.0
6520.4			1.0
6521.3			1.0
6522.200000000001			1.0
6523.1			1.0
6524.0			1.0
6524.9			1.0
6525.8			1.0
6526.700000000001			1.0
6527.6			1.0
6528.5			1.0
6529.4			1.0
6530.3			1.0
6531.200000000001			1.0
6532.1			1.0
6533.0			1.0
6533.9			1.0
6534.8			1.0
6535.700000000001			1.0
6536.6			1.0
6537.5			1.0
6538.4			1.0
6539.3			1.0
6540.200000000001			1.0
6541.1			1.0
6542.0			1.0
6542.9			1.0
6543.8			1.0
6544.700000000001			1.0
6545.6			1.0
6546.5			1.0
6547.4			1.0
6548.3			1.0
6549.200000000001			1.0
6550.1			1.0
6551.0			1.0
6551.9			1.0
6552.8			1.0
6553.700000000001			1.0
6554.6			0.9828113673529799
6555.5			0.9729357343388694
6556.4			0.9671750585511807
6557.3			0.9572036604501734
6558.200000000001			0.9368918428833454
6559.1			0.9023635475608367
6560.0			0.8481764326560962
6560.9			0.750818502806285
6561.8			0.6196047175777255
6562.700000000001			0.5499713741798531
6563.6			0.6147779260953001
6564.5			0.7524638152460111
6565.4			0.8622098034267844
6566.3			0.9213404628683002
6567.200000000001			0.9492364104048163
6568.1			0.9552129207771595
6569.0			0.9601361661724758
6569.9			0.9805767137169614
6570.8			1.0001884993143948
6571.700000000001			1.0
6572.6			1.0
6573.5			1.0
6574.4			1.0
6575.3			1.0
6576.200000000001			1.0
6577.1			1.0
6578.0			1.0
6578.9			1.0
6579.8			1.0
6580.700000000001			1.0
6581.6			1.0
6582.5			1.0
6583.4			1.0
6584.3			1.0
6585.200000000001			1.0
6586.1			1.0
6587.0			1.0
6587.9			1.0
6588.8			1.0
6589.700000000001			1.0
6590.6			1.0
6591.5			1.0
6592.4			1.0
6593.3			1.0
6594.200000000001			1.0
6595.1			1.0
6596.0			1.0
6596.9			1.0
6597.8			1.0
6598.700000000001			1.0
6599.6			1.0
6600.5			1.0
6601.4			1.0
6602.3			1.0
6603.200000000001			1.0
6604.1			1.0
6605.0			1.0
6605.9			1.0
6606.8			1.0
6607.700000000001			1.0
6608.6			1.0
6609.5			1.0
6610.4			1.0
6611.3			1.0
6612.200000000001			1.0
6613.1			1.0
6614.0			1.0
6614.9			1.0
6615.8			1.0
6616.700000000001			1.0
6617.6			1.0
6618.5			1.0
6619.4			1.0
6620.3			1.0
6621.200000000001			1.0
6622.1			1.0
6623.0			1.0
6623.9			1.0
6624.8			1.0
6625.700000000001			1.0
6626.6			1.0
6627.5			1.0
6628.4			1.0
6629.3			1.0
6630.200000000001			1.0
6631.1			1.0
6632.0			1.0
6632.9			1.0
6633.8			1.0
6634.700000000001			1.0
6635.6			1.0
6636.5			1.0
6637.4			1.0
6638.3			1.0
6639.200000000001			1.0
6640.1			1.0
6641.0			1.0
6641.9			1.0
6642.8			1.0
6643.700000000001			1.0
6644.6			1.0
6645.5			1.0
6646.4			1.0
6647.3			1.0
6648.200000000001			1.0
6649.1			1.0
6650.0			1.0
6650.9			1.0
6651.8			1.0
6652.700000000001			1.0
6653.6			1.0
6654.5			1.0
6655.4			1.0
6656.3			1.0
6657.200000000001			1.0
6658.1			1.0
6659.0			1.0
6659.9			1.0
6660.8			1.0
6661.700000000001			1.0
6662.6			1.0
6663.5			1.0
6664.4			1.0
6665.3			1.0
6666.200000000001			1.0
6667.1			1.0
6668.0			1.0
6668.9			1.0
6669.8			1.0
6670.700000000001			1.0
6671.6			1.0
6672.5			1.0
6673.4			1.0
6674.3			1.0
6675.200000000001			1.0
6676.1			1.0
6677.0			1.0
6677.9			1.0
6678.8			1.0
6679.700000000001			1.0
6680.6			1.0
6681.5			1.0
6682.4			1.0
6683.3			1.0
6684.200000000001			1.0
6685.1			1.0
6686.0			1.0
6686.9			1.0
6687.8			1.0
6688.700000000001			1.0
6689.6			1.0
6690.5			1.0
6691.4			1.0
6692.3			1.0
6693.200000000001			1.0
6694.1			1.0
6695.0			1.0
6695.9			1.0
6696.8			1.0
6697.700000000001			1.0
6698.6			1.0
6699.5			1.0
6700.4			1.0
6701.3			1.0
6702.200000000001			1.0
6703.1			1.0
6704.0			1.0
6704.9			1.0
6705.8			1.0
6706.700000000001			1.0
6707.6			1.0
6708.5			1.0
6709.4			1.0
6710.3			1.0
6711.200000000001			1.0
6712.1			1.0
6713.0			1.0
6713.9			1.0
6714.8			1.0
6715.700000000001			1.0
6716.6			1.0
6717.5			1.0
6718.4			1.0
6719.3			1.0
6720.200000000001			1.0
6721.1			1.0
6722.0			1.0
6722.9			1.0
6723.8			1.0
6724.700000000001			1.0
6725.6			1.0
6726.5			1.0
6727.4			1.0
6728.3			1.0
6729.200000000001			1.0
6730.1			1.0
6731.0			1.0
6731.9			1.0
6732.8			1.0
6733.700000000001			1.0
6734.6			1.0
6735.5			1.0
6736.4			1.0
6737.3			1.0
6738.200000000001			1.0
6739.1			1.0
6740.0			1.0
6740.9			1.0
6741.8			1.0
6742.700000000001			1.0
6743.6			1.0
6744.5			1.0
6745.4			1.0
6746.3			1.0
6747.200000000001			1.0
6748.1			1.0
6749.0			1.0
6749.9			1.0
6750.8			1.0
6751.700000000001			1.0
6752.6			1.0
6753.5			1.0
6754.4			1.0
6755.3			1.0
6756.200000000001			1.0
6757.1			1.0
6758.0			1.0
6758.9			1.0
6759.8			1.0
6760.700000000001			1.0
6761.6			1.0
6762.5			1.0
6763.4			1.0
6764.3			1.0
6765.200000000001			1.0
6766.1			1.0
6767.0			1.0
6767.9			1.0
6768.8			1.0
6769.700000000001			1.0
6770.6			1.0
6771.5			1.0
6772.4			1.0
6773.3			1.0
6774.200000000001			1.0
6775.1			1.0
6776.0			1.0
6776.9			1.0
6777.8			1.0
6778.700000000001			1.0
6779.6			1.0
6780.5			1.0
6781.4			1.0
6782.3			1.0
6783.200000000001			1.0
6784.1			1.0
6785.0			1.0
6785.9			1.0
6786.8			1.0
6787.700000000001			1.0
6788.6			1.0
6789.5			1.0
6790.4			1.0
6791.3			1.0
6792.200000000001			1.0
6793.1			1.0
6794.0			1.0
6794.9			1.0
6795.8			1.0
6796.700000000001			1.0
6797.6			1.0
6798.5			1.0
6799.4			1.0
6800.3			1.0
6801.200000000001			1.0
6802.1			1.0
6803.0			1.0
6803.9			1.0
6804.8			1.0
6805.700000000001			1.0
6806.6			1.0
6807.5			1.0
6808.4			1.0
6809.3			1.0
6810.200000000001			1.0
6811.1			1.0
6812.0			1.0
6812.9			1.0
6813.8			1.0
6814.700000000001			1.0
6815.6			1.0
6816.5			1.0
6817.4			1.0
6818.3			1.0
6819.200000000001			1.0
6820.1			1.0
6821.0			1.0
6821.9			1.0
6822.8			1.0
6823.700000000001			1.0
6824.6			1.0
6825.5			1.0
6826.4			1.0
6827.3			1.0
6828.200000000001			1.0
6829.1			1.0
6830.0			1.0
6830.9			1.0
6831.8			1.0
6832.700000000001			1.0
6833.6			1.0
6834.5			1.0
6835.4			1.0
6836.3			1.0
6837.200000000001			1.0
6838.1			1.0
6839.0			1.0
6839.9			1.0
6840.8			1.0
6841.700000000001			1.0
6842.6			1.0
6843.5			1.0
6844.4			1.0
6845.3			1.0
6846.200000000001			1.0
6847.1			1.0
6848.0			1.0
6848.9			1.0
6849.8			1.0
6850.700000000001			1.0
6851.6			1.0
6852.5			1.0
6853.4			1.0
6854.3			1.0
6855.200000000001			1.0
6856.1			1.0
6857.0			1.0
6857.9			1.0
6858.8			1.0
6859.700000000001			1.0
6860.6			1.0
6861.5			1.0
6862.4			1.0
6863.3			1.0
6864.200000000001			1.0
6865.1			1.0
6866.0			1.0
6866.9			1.0
6867.8			1.0
6868.700000000001			1.0
6869.6			1.0
6870.5			1.0
6871.4			1.0
6872.3			1.0
6873.200000000001			1.0
6874.1			1.0
6875.0			1.0
6875.9			1.0
6876.8			1.0
6877.700000000001			1.0
6878.6			1.0
6879.5			1.0
6880.4			1.0
6881.3			1.0
6882.200000000001			1.0
6883.1			1.0
6884.0			1.0
6884.9			1.0
6885.8			1.0
6886.700000000001			1.0
6887.6			1.0
6888.5			1.0
6889.4			1.0
6890.3			1.0
6891.200000000001			1.0
6892.1			1.0
6893.0			1.0
6893.9			1.0
6894.8			1.0
6895.700000000001			1.0
6896.6			1.0
6897.5			1.0
6898.4			1.0
6899.3			1.0
6900.200000000001			1.0
6901.1			1.0
6902.0			1.0
6902.9			1.0
6903.8			1.0
6904.700000000001			1.0
6905.6			1.0
6906.5			1.0
6907.4			1.0
6908.3			1.0
6909.200000000001			1.0
6910.1			1.0
6911.0			1.0
6911.9			1.0
6912.8			1.0
6913.700000000001			1.0
6914.6			1.0
6915.5			1.0
6916.4			1.0
6917.3			1.0
6918.200000000001			1.0
6919.1			1.0
6920.0			1.0
6920.9			1.0
6921.8			1.0
6922.700000000001			1.0
6923.6			1.0
6924.5			1.0
6925.4			1.0
6926.3			1.0
6927.200000000001			1.0
6928.1			1.0
6929.0			1.0
6929.9			1.0
6930.8			1.0
6931.700000000001			1.0
6932.6			1.0
6933.5			1.0
6934.4			1.0
6935.3			1.0
6936.200000000001			1.0
6937.1			1.0
6938.0			1.0
6938.9			1.0
6939.8			1.0
6940.700000000001			1.0
6941.6			1.0
6942.5			1.0
6943.4			1.0
6944.3			1.0
6945.200000000001			1.0
6946.1			1.0
6947.0			1.0
6947.9			1.0
6948.8			1.0
6949.700000000001			1.0
6950.6			1.0
6951.5			1.0
6952.4			1.0
6953.3			1.0
6954.200000000001			1.0
6955.1			1.0
6956.0			1.0
6956.9			1.0
6957.8			1.0
6958.700000000001			1.0
6959.6			1.0
6960.5			1.0
6961.4			1.0
6962.3			1.0
6963.200000000001			1.0
6964.1			1.0
6965.0			1.0
6965.9			1.0
6966.8			1.0
6967.700000000001			1.0
6968.6			1.0
6969.5			1.0
6970.4			1.0
6971.3			1.0
6972.200000000001			1.0
6973.1			1.0
6974.0			1.0
6974.9			1.0
6975.8			1.0
6976.700000000001			1.0
6977.6			1.0
6978.5			1.0
6979.4			1.0
6980.3			1.0
6981.200000000001			1.0
6982.1			1.0
6983.0			1.0
6983.9			1.0
6984.8			1.0
6985.700000000001			1.0
6986.6			1.0
6987.5			1.0
6988.4			1.0
6989.3			1.0
6990.200000000001			1.0
6991.1			1.0
6992.0			1.0
6992.9			1.0
6993.8			1.0
6994.700000000001			1.0
6995.6			1.0
6996.5			1.0
6997.4			1.0
6998.3			1.0
6999.200000000001			1.0
7000.1			1.0
7001.0			1.0
7001.9			1.0
7002.8			1.0
7003.700000000001			1.0
7004.6			1.0
7005.5			1.0
7006.4			1.0
7007.3			1.0
7008.200000000001			1.0
7009.1			1.0
7010.0			1.0
7010.9			1.0
7011.8			1.0
7012.700000000001			1.0
7013.6			1.0
7014.5			1.0
7015.4			1.0
7016.3			1.0
7017.200000000001			1.0
7018.1			1.0
7019.0			1.0
7019.9			1.0
7020.8			1.0
7021.700000000001			1.0
7022.6			1.0
7023.5			1.0
7024.4			1.0
7025.3			1.0
7026.200000000001			1.0
7027.1			1.0
7028.0			1.0
7028.9			1.0
7029.8			1.0
7030.700000000001			1.0
7031.6			1.0
7032.5			1.0
7033.4			1.0
7034.3			1.0
7035.200000000001			1.0
7036.1			1.0
7037.0			1.0
7037.9			1.0
7038.8			1.0
7039.700000000001			1.0
7040.6			1.0
7041.5			1.0
7042.4			1.0
7043.3			1.0
7044.200000000001			1.0
7045.1			1.0
7046.0			1.0
7046.9			1.0
7047.8			1.0
7048.700000000001			1.0
7049.6			1.0
7050.5			1.0
7051.4			1.0
7052.3			1.0
7053.200000000001			1.0
7054.1			1.0
7055.0			1.0
7055.9			1.0
7056.8			1.0
7057.700000000001			1.0
7058.6			1.0
7059.5			1.0
7060.4			1.0
7061.3			1.0
7062.200000000001			1.0
7063.1			1.0
7064.0			1.0
7064.9			1.0
7065.8			1.0
7066.700000000001			1.0
7067.6			1.0
7068.5			1.0
7069.4			1.0
7070.3			1.0
7071.200000000001			1.0
7072.1			1.0
7073.0			1.0
7073.9			1.0
7074.8			1.0
7075.700000000001			1.0
7076.6			1.0
7077.5			1.0
7078.4			1.0
7079.3			1.0
7080.200000000001			1.0
7081.1			1.0
7082.0			1.0
7082.9			1.0
7083.8			1.0
7084.700000000001			1.0
7085.6			1.0
7086.5			1.0
7087.4			1.0
7088.3			1.0
7089.200000000001			1.0
7090.1			1.0
7091.0			1.0
7091.9			1.0
7092.8			1.0
7093.700000000001			1.0
7094.6			1.0
7095.5			1.0
7096.4			1.0
7097.3			1.0
7098.200000000001			1.0
7099.1			1.0
7100.0			1.0
7100.9			1.0
7101.8			1.0
7102.700000000001			1.0
7103.6			1.0
7104.5			1.0
7105.4			1.0
7106.3			1.0
7107.200000000001			1.0
7108.1			1.0
7109.0			1.0
7109.9			1.0
7110.8			1.0
7111.700000000001			1.0
7112.6			1.0
7113.5			1.0
7114.4			1.0
7115.3			1.0
7116.200000000001			1.0
7117.1			1.0
7118.0			1.0
7118.9			1.0
7119.8			1.0
7120.700000000001			1.0
7121.6			1.0
7122.5			1.0
7123.4			1.0
7124.3			1.0
7125.200000000001			1.0
7126.1			1.0
7127.0			1.0
7127.9			1.0
7128.8			1.0
7129.700000000001			1.0
7130.6			1.0
7131.5			1.0
7132.4			1.0
7133.3			1.0
7134.200000000001			1.0
7135.1			1.0
7136.0			1.0
7136.9			1.0
7137.8			1.0
7138.700000000001			1.0
7139.6			1.0
7140.5			1.0
7141.4			1.0
7142.3			1.0
7143.200000000001			1.0
7144.1			1.0
7145.0			1.0
7145.9			1.0
7146.8			1.0
7147.700000000001			1.0
7148.6			1.0
7149.5			1.0
7150.4			1.0
7151.3			1.0
7152.200000000001			1.0
7153.1			1.0
7154.0			1.0
7154.9			1.0
7155.8			1.0
7156.700000000001			1.0
7157.6			1.0
7158.5			1.0
7159.4			1.0
7160.3			1.0
7161.200000000001			1.0
7162.1			1.0
7163.0			1.0
7163.9			1.0
7164.8			1.0
7165.700000000001			1.0
7166.6			1.0
7167.5			1.0
7168.4			1.0
7169.3			1.0
7170.200000000001			1.0
7171.1			1.0
7172.0			1.0
7172.9			1.0
7173.8			1.0
7174.700000000001			1.0
7175.6			1.0
7176.5			1.0
7177.4			1.0
7178.3			1.0
7179.200000000001			1.0
7180.1			1.0
7181.0			1.0
7181.9			1.0
7182.8			1.0
7183.700000000001			1.0
7184.6			1.0
7185.5			1.0
7186.4			1.0
7187.3			1.0
7188.200000000001			1.0
7189.1			1.0
7190.0			1.0
7190.9			1.0
7191.8			1.0
7192.700000000001			1.0
7193.6			1.0
7194.5			1.0
7195.4			1.0
7196.3			1.0
7197.200000000001			1.0
7198.1			1.0
7199.0			1.0
7199.9			1.0
7200.8			1.0
7201.700000000001			1.0
7202.6			1.0
7203.5			1.0
7204.4			1.0
7205.3			1.0
7206.200000000001			1.0
7207.1			1.0
7208.0			1.0
7208.9			1.0
7209.8			1.0
7210.700000000001			1.0
7211.6			1.0
7212.5			1.0
7213.4			1.0
7214.3			1.0
7215.200000000001			1.0
7216.1			1.0
7217.0			1.0
7217.9			1.0
7218.8			1.0
7219.700000000001			1.0
7220.6			1.0
7221.5			1.0
7222.4			1.0
7223.3			1.0
7224.200000000001			1.0
7225.1			1.0
7226.0			1.0
7226.9			1.0
7227.8			1.0
7228.700000000001			1.0
7229.6			1.0
7230.5			1.0
7231.4			1.0
7232.3			1.0
7233.200000000001			1.0
7234.1			1.0
7235.0			1.0
7235.9			1.0
7236.8			1.0
7237.700000000001			1.0
7238.6			1.0
7239.5			1.0
7240.4			1.0
7241.3			1.0
7242.200000000001			1.0
7243.1			1.0
7244.0			1.0
7244.9			1.0
7245.8			1.0
7246.700000000001			1.0
7247.6			1.0
7248.5			1.0
7249.4			1.0
7250.3			1.0
7251.200000000001			1.0
7252.1			1.0
7253.0			1.0
7253.9			1.0
7254.8			1.0
7255.700000000001			1.0
7256.6			1.0
7257.5			1.0
7258.4			1.0
7259.3			1.0
7260.200000000001			1.0
7261.1			1.0
7262.0			1.0
7262.9			1.0
7263.8			1.0
7264.700000000001			1.0
7265.6			1.0
7266.5			1.0
7267.4			1.0
7268.3			1.0
7269.200000000001			1.0
7270.1			1.0
7271.0			1.0
7271.9			1.0
7272.8			1.0
7273.700000000001			1.0
7274.6			1.0
7275.5			1.0
7276.4			1.0
7277.3			1.0
7278.200000000001			1.0
7279.1			1.0
7280.0			1.0
7280.9			1.0
7281.8			1.0
7282.700000000001			1.0
7283.6			1.0
7284.5			1.0
7285.4			1.0
7286.3			1.0
7287.200000000001			1.0
7288.1			1.0
7289.0			1.0
7289.9			1.0
7290.8			1.0
7291.700000000001			1.0
7292.6			1.0
7293.5			1.0
7294.4			1.0
7295.3			1.0
7296.200000000001			1.0
7297.1			1.0
7298.0			1.0
7298.9			1.0
7299.8			1.0
7300.700000000001			1.0
7301.6			1.0
7302.5			1.0
7303.4			1.0
7304.3			1.0
7305.200000000001			1.0
7306.1			1.0
7307.0			1.0
7307.9			1.0
7308.8			1.0
7309.700000000001			1.0
7310.6			1.0
7311.5			1.0
7312.4			1.0
7313.3			1.0
7314.200000000001			1.0
7315.1			1.0
7316.0			1.0
7316.9			1.0
7317.8			1.0
7318.700000000001			1.0
7319.6			1.0
7320.5			1.0
7321.4			1.0
7322.3			1.0
7323.200000000001			1.0
7324.1			1.0
7325.0			1.0
7325.9			1.0
7326.8			1.0
7327.700000000001			1.0
7328.6			1.0
7329.5			1.0
7330.4			1.0
7331.3			1.0
7332.200000000001			1.0
7333.1			1.0
7334.0			1.0
7334.9			1.0
7335.8			1.0
7336.700000000001			1.0
7337.6			1.0
7338.5			1.0
7339.4			1.0
7340.3			1.0
7341.200000000001			1.0
7342.1			1.0
7343.0			1.0
7343.9			1.0
7344.8			1.0
7345.700000000001			1.0
7346.6			1.0
7347.5			1.0
7348.4			1.0
7349.3			1.0
7350.200000000001			1.0
7351.1			1.0
7352.0			1.0
7352.9			1.0
7353.8			1.0
7354.700000000001			1.0
7355.6			1.0
7356.5			1.0
7357.4			1.0
7358.3			1.0
7359.200000000001			1.0
7360.1			1.0
7361.0			1.0
7361.9			1.0
7362.8			1.0
7363.700000000001			1.0
7364.6			1.0
7365.5			1.0
7366.4			1.0
7367.3			1.0
7368.200000000001			1.0
7369.1			1.0
7370.0			1.0
7370.9			1.0
7371.8			1.0
7372.700000000001			1.0
7373.6			1.0
7374.5			1.0
7375.4			1.0
7376.3			1.0
7377.200000000001			1.0
7378.1			1.0
7379.0			1.0
7379.9			1.0
7380.8			1.0
7381.700000000001			1.0
7382.6			1.0
7383.5			1.0
7384.4			1.0
7385.3			1.0
7386.200000000001			1.0
7387.1			1.0
7388.0			1.0
7388.9			1.0
7389.8			1.0
7390.700000000001			1.0
7391.6			1.0
7392.5			1.0
7393.4			1.0
7394.3			1.0
7395.200000000001			1.0
7396.1			1.0
7397.0			1.0
7397.9			1.0
7398.8			1.0
7399.700000000001			1.0
7400.6			1.0
7401.5			1.0
7402.4			1.0
7403.3			1.0
7404.200000000001			1.0
7405.1			1.0
7406.0			1.0
7406.9			1.0
7407.8			1.0
7408.700000000001			1.0
7409.6			1.0
7410.5			1.0
7411.4			1.0
7412.3			1.0
7413.200000000001			1.0
7414.1			1.0
7415.0			1.0
7415.9			1.0
7416.8			1.0
7417.700000000001			1.0
7418.6			1.0
7419.5			1.0
7420.4			1.0
7421.3			1.0
7422.200000000001			1.0
7423.1			1.0
7424.0			1.0
7424.9			1.0
7425.8			1.0
7426.700000000001			1.0
7427.6			1.0
7428.5			1.0
7429.4			1.0
