3500.0			1.0
3500.9			1.0
3501.8			1.0
3502.7			1.0
3503.6			1.0
3504.5			1.0
3505.4			1.0
3506.3			1.0
3507.2			1.0
3508.1			1.0
3509.0			1.0
3509.9			1.0
3510.8			1.0
3511.7			1.0
3512.6			1.0
3513.5			1.0
3514.4			1.0
3515.3			1.0
3516.2			1.0
3517.1			1.0
3518.0			1.0
3518.9			1.0
3519.8			1.0
3520.7			1.0
3521.6			1.0
3522.5			1.0
3523.4			1.0
3524.3			1.0
3525.2			1.0
3526.1			1.0
3527.0			1.0
3527.9			1.0
3528.8			1.0
3529.7			1.0
3530.6			1.0
3531.5			1.0
3532.4			1.0
3533.3			1.0
3534.2			1.0
3535.1			1.0
3536.0			1.0
3536.9			1.0
3537.8			1.0
3538.7			1.0
3539.6			1.0
3540.5			1.0
3541.4			1.0
3542.3			1.0
3543.2			1.0
3544.1			1.0
3545.0			1.0
3545.9			1.0
3546.8			1.0
3547.7			1.0
3548.6			1.0
3549.5			1.0
3550.4			1.0
3551.3			1.0
3552.2			1.0
3553.1			1.0
3554.0			1.0
3554.9			1.0
3555.8			1.0
3556.7			1.0
3557.6			1.0
3558.5			1.0
3559.4			1.0
3560.3			1.0
3561.2			1.0
3562.1			1.0
3563.0			1.0
3563.9			1.0
3564.8			1.0
3565.7			1.0
3566.6			1.0
3567.5			1.0
3568.4			1.0
3569.3			1.0
3570.2			1.0
3571.1			1.0
3572.0			1.0
3572.9			1.0
3573.8			1.0
3574.7			1.0
3575.6			1.0
3576.5			1.0
3577.4			1.0
3578.3			1.0
3579.2			1.0
3580.1			1.0
3581.0			1.0
3581.9			1.0
3582.8			1.0
3583.7			1.0
3584.6			1.0
3585.5			1.0
3586.4			1.0
3587.3			1.0
3588.2			1.0
3589.1			1.0
3590.0			1.0
3590.9			1.0
3591.8			1.0
3592.7			1.0
3593.6			1.0
3594.5			1.0
3595.4			1.0
3596.3			1.0
3597.2			1.0
3598.1			1.0
3599.0			1.0
3599.9			1.0
3600.8			1.0
3601.7			1.0
3602.6			1.0
3603.5			1.0
3604.4			1.0
3605.3			1.0
3606.2			1.0
3607.1			1.0
3608.0			1.0
3608.9			1.0
3609.8			1.0
3610.7			1.0
3611.6			1.0
3612.5			1.0
3613.4			1.0
3614.3			1.0
3615.2			1.0
3616.1			1.0
3617.0			1.0
3617.9			1.0
3618.8			1.0
3619.7			1.0
3620.6			1.0
3621.5			1.0
3622.4			1.0
3623.3			1.0
3624.2			1.0
3625.1			1.0
3626.0			1.0
3626.9			1.0
3627.8			1.0
3628.7			1.0
3629.6			1.0
3630.5			1.0
3631.4			1.0
3632.3			1.0
3633.2			1.0
3634.1			1.0
3635.0			1.0
3635.9			1.0
3636.8			1.0
3637.7			1.0
3638.6			1.0
3639.5			1.0
3640.4			1.0
3641.3			1.0
3642.2			1.0
3643.1			1.0
3644.0			1.0
3644.9			1.0
3645.8			1.0
3646.7			1.0
3647.6			1.0
3648.5			1.0
3649.4			1.0
3650.3			1.0
3651.2			1.0
3652.1			1.0
3653.0			1.0
3653.9			1.0
3654.8			1.0
3655.7			1.0
3656.6			1.0
3657.5			1.0
3658.4			1.0
3659.3			1.0
3660.2			1.0
3661.1			1.0
3662.0			1.0
3662.9			1.0
3663.8			1.0
3664.7			1.0
3665.6			1.0
3666.5			1.0
3667.4			1.0
3668.3			1.0
3669.2			1.0
3670.1			1.0
3671.0			1.0
3671.9			1.0
3672.8			1.0
3673.7			1.0
3674.6			1.0
3675.5			1.0
3676.4			1.0
3677.3			1.0
3678.2			1.0
3679.1			1.0
3680.0			1.0
3680.9			1.0
3681.8			1.0
3682.7			1.0
3683.6			1.0
3684.5			1.0
3685.4			1.0
3686.3			1.0
3687.2			1.0
3688.1			1.0
3689.0			1.0
3689.9			1.0
3690.8			1.0
3691.7			1.0
3692.6			1.0
3693.5			1.0
3694.4			1.0
3695.3			1.0
3696.2			1.0
3697.1			1.0
3698.0			1.0
3698.9			1.0
3699.8			1.0
3700.7			1.0
3701.6			1.0
3702.5			1.0
3703.4			1.0
3704.3			1.0
3705.2			1.0
3706.1			1.0
3707.0			1.0
3707.9			1.0
3708.8			1.0
3709.7			1.0
3710.6			1.0
3711.5			1.0
3712.4			1.0
3713.3			1.0
3714.2			1.0
3715.1			1.0
3716.0			1.0
3716.9			1.0
3717.8			1.0
3718.7			1.0
3719.6			1.0
3720.5			1.0
3721.4			1.0
3722.3			1.0
3723.2			1.0
3724.1			1.0
3725.0			1.0
3725.9			1.0
3726.8			1.0
3727.7			1.0
3728.6			1.0
3729.5			1.0
3730.4			1.0
3731.3			1.0
3732.2			1.0
3733.1			1.0
3734.0			1.0
3734.9			1.0
3735.8			1.0
3736.7			1.0
3737.6			1.0
3738.5			1.0
3739.4			1.0
3740.3			1.0
3741.2			1.0
3742.1			1.0
3743.0			1.0
3743.9			1.0
3744.8			1.0
3745.7			1.0
3746.6			1.0
3747.5			1.0
3748.4			1.0
3749.3			1.0
3750.2			1.0
3751.1			1.0
3752.0			1.0
3752.9			1.0
3753.8			1.0
3754.7			1.0
3755.6			1.0
3756.5			1.0
3757.4			1.0
3758.3			1.0
3759.2			1.0
3760.1			1.0
3761.0			1.0
3761.9			1.0
3762.8			1.0
3763.7			1.0
3764.6			1.0
3765.5			1.0
3766.4			1.0
3767.3			1.0
3768.2			1.0
3769.1			1.0
3770.0			1.0
3770.9			1.0
3771.8			1.0
3772.7			1.0
3773.6			1.0
3774.5			1.0
3775.4			1.0
3776.3			1.0
3777.2			1.0
3778.1			1.0
3779.0			1.0
3779.9			1.0
3780.8			1.0
3781.7			1.0
3782.6			1.0
3783.5			1.0
3784.4			1.0
3785.3			1.0
3786.2			1.0
3787.1			1.0
3788.0			1.0
3788.9			1.0
3789.8			1.0
3790.7			1.0
3791.6			1.0
3792.5			1.0
3793.4			1.0
3794.3			1.0
3795.2			1.0
3796.1			1.0
3797.0			1.0
3797.9			1.0
3798.8			1.0
3799.7			1.0
3800.6			1.0
3801.5			1.0
3802.4			1.0
3803.3			1.0
3804.2			1.0
3805.1			1.0
3806.0			1.0
3806.9			1.0
3807.8			1.0
3808.7			1.0
3809.6			1.0
3810.5			1.0
3811.4			1.0
3812.3			1.0
3813.2			1.0
3814.1			1.0
3815.0			1.0
3815.9			1.0
3816.8			1.0
3817.7			1.0
3818.6			1.0
3819.5			1.0
3820.4			1.0
3821.3			1.0
3822.2			1.0
3823.1			1.0
3824.0			1.0
3824.9			1.0
3825.8			1.0
3826.7			1.0
3827.6			1.0
3828.5			1.0
3829.4			1.0
3830.3			1.0
3831.2			1.0
3832.1			1.0
3833.0			1.0
3833.9			1.0
3834.8			1.0
3835.7			1.0
3836.6			1.0
3837.5			1.0
3838.4			1.0
3839.3			1.0
3840.2			1.0
3841.1			1.0
3842.0			1.0
3842.9			1.0
3843.8			1.0
3844.7			1.0
3845.6			1.0
3846.5			1.0
3847.4			1.0
3848.3			1.0
3849.2			1.0
3850.1			1.0
3851.0			1.0
3851.9			1.0
3852.8			1.0
3853.7			1.0
3854.6			1.0
3855.5			1.0
3856.4			1.0
3857.3			1.0
3858.2			1.0
3859.1			1.0
3860.0			1.0
3860.9			1.0
3861.8			1.0
3862.7			1.0
3863.6			1.0
3864.5			1.0
3865.4			1.0
3866.3			1.0
3867.2			1.0
3868.1			1.0
3869.0			1.0
3869.9			1.0
3870.8			1.0
3871.7			1.0
3872.6			1.0
3873.5			1.0
3874.4			1.0
3875.3			1.0
3876.2			1.0
3877.1			1.0
3878.0			1.0
3878.9			1.0
3879.8			1.0
3880.7			1.0
3881.6			1.0
3882.5			1.0
3883.4			1.0
3884.3			1.0
3885.2			1.0
3886.1			1.0
3887.0			1.0
3887.9			1.0
3888.8			1.0
3889.7			1.0
3890.6			1.0
3891.5			1.0
3892.4			1.0
3893.3			1.0
3894.2			1.0
3895.1			1.0
3896.0			1.0
3896.9			1.0
3897.8			1.0
3898.7			1.0
3899.6			1.0
3900.5			1.0
3901.4			1.0
3902.3			1.0
3903.2			1.0
3904.1			1.0
3905.0			1.0
3905.9			1.0
3906.8			1.0
3907.7			1.0
3908.6			1.0
3909.5			1.0
3910.4			1.0
3911.3			1.0
3912.2			1.0
3913.1			1.0
3914.0			1.0
3914.9			1.0
3915.8			1.0
3916.7			1.0
3917.6			1.0
3918.5			1.0
3919.4			1.0
3920.3			1.0
3921.2			1.0
3922.1			1.0
3923.0			1.0
3923.9			1.0
3924.8			1.0
3925.7			1.0
3926.6			1.0
3927.5			1.0
3928.4			1.0
3929.3			1.0
3930.2			1.0
3931.1			1.0
3932.0			1.0
3932.9			1.0
3933.8			1.0
3934.7			1.0
3935.6			1.0
3936.5			1.0
3937.4			1.0
3938.3			1.0
3939.2			1.0
3940.1			1.0
3941.0			1.0
3941.9			1.0
3942.8			1.0
3943.7			1.0
3944.6			1.0
3945.5			1.0
3946.4			1.0
3947.3			1.0
3948.2			1.0
3949.1			1.0
3950.0			1.0
3950.9			1.0
3951.8			1.0
3952.7			1.0
3953.6			1.0
3954.5			1.0
3955.4			1.0
3956.3			1.0
3957.2			1.0
3958.1			1.0
3959.0			1.0
3959.9			1.0
3960.8			1.0
3961.7			1.0
3962.6			1.0
3963.5			1.0
3964.4			1.0
3965.3			1.0
3966.2			1.0
3967.1			1.0
3968.0			1.0
3968.9			1.0
3969.8			1.0
3970.7			1.0
3971.6			1.0
3972.5			1.0
3973.4			1.0
3974.3			1.0
3975.2			1.0
3976.1			1.0
3977.0			1.0
3977.9			1.0
3978.8			1.0
3979.7			1.0
3980.6			1.0
3981.5			1.0
3982.4			1.0
3983.3			1.0
3984.2			1.0
3985.1			1.0
3986.0			1.0
3986.9			1.0
3987.8			1.0
3988.7			1.0
3989.6			1.0
3990.5			1.0
3991.4			1.0
3992.3			1.0
3993.2			1.0
3994.1			1.0
3995.0			1.0
3995.9			1.0
3996.8			1.0
3997.7			1.0
3998.6			1.0
3999.5			1.0
4000.4			1.0
4001.3			1.0
4002.2			1.0224169379769956
4003.1			1.0512085240346003
4004.0			0.9750345449510214
4004.9			0.8093317634925782
4005.8			0.7179814478475184
4006.7			0.777665291887964
4007.6			0.8984213214993828
4008.5			0.9776201036874131
4009.4			0.9997758969105881
4010.3			1.0
4011.2			1.0
4012.1			1.0
4013.0			1.0
4013.9			1.0
4014.8			1.0
4015.7			1.0
4016.6			1.0
4017.5			1.0
4018.4			1.0
4019.3			1.0
4020.2			1.0
4021.1			1.0
4022.0			1.0
4022.9			1.0
4023.8			1.0
4024.7			1.0
4025.6			1.0
4026.5			1.0543385940910253
4027.4			1.1127632374580105
4028.3			1.15182452944678
4029.2			1.095769421591818
4030.1			0.9358088039950085
4031.0			0.8019548327247006
4031.9			0.7544829020973197
4032.8			0.736354655448131
4033.7			0.732684760015632
4034.6			0.7679918802592992
4035.5			0.8474797432755288
4036.4			0.9491208351015518
4037.3			1.0284414702162
4038.2			1.0464093032073634
4039.1			1.0014112208206012
4040.0			1.0
4040.9			0.9753040420900604
4041.8			1.0201219813899283
4042.7			1.03173422593944
4043.6			0.9119924773339555
4044.5			0.6980398199484849
4045.4			0.5377529105501316
4046.3			0.5729290798510394
4047.2			0.7627981371074065
4048.1			0.9183595587410699
4049.0			0.9732121667705937
4049.9			0.9988816867189242
4050.8			1.0
4051.7			1.0
4052.6			1.0
4053.5			1.0
4054.4			1.0
4055.3			1.0
4056.2			1.0
4057.1			0.9394477111959709
4058.0			0.8751286087769531
4058.9			0.899583232705294
4059.8			0.9989338082047599
4060.7			1.0622732455288297
4061.6			0.9983061835049314
4062.5			0.8094347251763763
4063.4			0.6448310269998356
4064.3			0.6718588953370587
4065.2			0.8109552115469436
4066.1			0.8581784197030098
4067.0			0.8265883825685582
4067.9			0.8596386637656023
4068.8			0.9585455865096716
4069.7			0.990000420708538
4070.6			1.0
4071.5			1.0
4072.4			0.992778700720265
4073.3			1.1246450480370636
4074.2			1.1492528677350387
4075.1			1.0208140917898711
4076.0			0.8323824803147878
4076.9			0.6927654434440869
4077.8			0.6803560585185076
4078.7			0.764058653455739
4079.6			0.8699729955389112
4080.5			0.9554323166977419
4081.4			0.9751030483100298
4082.3			1.0
4083.2			1.0
4084.1			1.0
4085.0			1.0
4085.9			1.0
4086.8			1.0
4087.7			1.0
4088.6			1.0
4089.5			1.0
4090.4			1.0
4091.3			1.0
4092.2			0.9803378524315249
4093.1			1.0029319473040597
4094.0			1.0258920191586873
4094.9			0.967056636296764
4095.8			0.8716061845406492
4096.7			0.8411487709348022
4097.6			0.8851789852824558
4098.5			0.9362439063385661
4099.4			0.9267725767753823
4100.3			0.8417084922891995
4101.2			0.7656338692656062
4102.1			0.792673853679473
4103.0			0.8810096223885642
4103.9			0.9408607786884521
4104.8			0.9872091972316253
4105.7			1.0553676795682165
4106.6			1.1026736515053122
4107.5			1.1047677101241942
4108.4			1.0794446476193187
4109.3			1.0345119755827965
4110.2			0.994347042866249
4111.1			1.0
4112.0			1.0
4112.9			1.0
4113.8			1.0
4114.7			1.0
4115.6			1.0
4116.5			1.0
4117.4			1.0
4118.3			1.0
4119.2			1.0
4120.1			1.0
4121.0			1.0
4121.9			1.0
4122.8			0.9690880724460691
4123.7			0.9840445805484515
4124.6			1.034630347642331
4125.5			1.0547415739407844
4126.4			1.0303533207236903
4127.3			0.99001664341244
4128.2			0.9575208383714106
4129.1			0.9399617614251561
4130.0			0.9335206160906411
4130.9			0.9017263058775087
4131.8			0.8358884432748228
4132.7			0.7930736947606786
4133.6			0.7938531036283129
4134.5			0.8522193558433743
4135.4			0.9682066679191729
4136.3			1.0404702446088905
4137.2			1.0347219554782816
4138.1			1.0360922501512408
4139.0			1.0607233735803896
4139.9			1.071122410751499
4140.8			1.0377461691594496
4141.7			0.9196046542361149
4142.6			0.7425658194948591
4143.5			0.6493221830967089
4144.4			0.7219821637444455
4145.3			0.8606206876783372
4146.2			0.946484152885502
4147.1			0.974068241082112
4148.0			0.9673321948438993
4148.9			0.9196936733746168
4149.8			0.8686197192861372
4150.7			0.8608383584924909
4151.6			0.8712316109309312
4152.5			0.8820933424944856
4153.4			0.8849498606269003
4154.3			0.8778022765920742
4155.2			0.8644018694032397
4156.1			0.8462959680113328
4157.0			0.8620976450273798
4157.9			0.9326515766158083
4158.8			1.0044212144079339
4159.7			1.0
4160.6			0.9759069490834998
4161.5			0.9919360712402941
4162.4			1.0421270439029486
4163.3			1.0355072666085523
4164.2			0.9769584656444806
4165.1			0.9461351091764981
4166.0			0.928913154105872
4166.9			0.8807776280300541
4167.8			0.865487234454052
4168.7			0.9178490237562107
4169.6			0.9759258253414936
4170.5			0.9798076168875836
4171.4			0.8924867161256528
4172.3			0.7640805528974653
4173.2			0.7131378673525552
4174.1			0.7623305767232599
4175.0			0.8261878437453625
4175.9			0.8468587515163201
4176.8			0.8241748019850668
4177.7			0.7969589692425176
4178.6			0.8107795049594214
4179.5			0.8458789311094753
4180.4			0.8532485816560031
4181.3			0.8347543525071104
4182.2			0.8362829049664298
4183.1			0.8788805147718678
4184.0			0.9550485012681631
4184.9			1.0
4185.8			0.9780948602961962
4186.7			0.8785144694536823
4187.6			0.8257132825611616
4188.5			0.8651908629969721
4189.4			0.9109329193540807
4190.3			0.9007634053361698
4191.2			0.8781730813933649
4192.1			0.9126906459598974
4193.0			0.9709659064275336
4193.9			0.9603585101870098
4194.8			0.8701472296299041
4195.7			0.7686478876067603
4196.6			0.7210292622210457
4197.5			0.7239196443115481
4198.4			0.749226089858991
4199.3			0.7941870784241867
4200.2			0.8205793536243666
4201.1			0.7891623185625093
4202.0			0.7581115211121515
4202.9			0.7912635891049293
4203.8			0.8406247670976635
4204.7			0.867244598351288
4205.6			0.9030723120448793
4206.5			0.9552269307689282
4207.4			1.000072504672933
4208.3			1.0
4209.2			1.0
4210.1			1.0
4211.0			1.0
4211.9			1.0
4212.8			0.9697538947745641
4213.7			0.8778200195121354
4214.6			0.7453115744415818
4215.5			0.6836341562459569
4216.4			0.777705789478174
4217.3			0.93336759014321
4218.2			1.015277072455754
4219.1			1.0
4220.0			1.0
4220.9			1.0152623064870727
4221.8			0.9796335688579113
4222.7			0.8922794400132908
4223.6			0.8016535289943555
4224.5			0.7023240205311136
4225.4			0.554183589923915
4226.3			0.4216663925077241
4227.2			1.0
4228.1			1.3766763373701705
4229.0			1.6784764936224343
4229.9			1.7504827810885575
4230.8			1.7115603252058724
4231.7			1.5851673398007327
4232.6			1.3943056002378038
4233.5			1.2770279761417154
4234.4			1.2290575810656172
4235.3			1.1309339828708913
4236.2			1.0188374581571933
4237.1			0.9855009772928102
4238.0			0.994177124481478
4238.9			0.9831757668347438
4239.8			1.0
4240.7			1.0734870629288524
4241.6			1.1156442897691772
4242.5			1.0928080922352401
4243.4			1.115509940950521
4244.3			1.2030829836356043
4245.2			1.2435961149901196
4246.1			1.1844811189510618
4247.0			1.0775069353729425
4247.9			0.9924093629911241
4248.8			0.9326641035497153
4249.7			0.8759532909434622
4250.6			0.8789813738089385
4251.5			0.9750045011524093
4252.4			1.0567420711973043
4253.3			1.0222677242624114
4254.2			0.9322942538662593
4255.1			1.0
4256.0			1.083430860906981
4256.9			1.1720720463392453
4257.8			1.1169937700667305
4258.7			0.9647262635071114
4259.6			0.8200438047641038
4260.5			0.7418704194731728
4261.4			0.78522758577208
4262.3			0.9114779368705965
4263.2			1.0001956319164291
4264.1			1.0
4265.0			1.0261556340604947
4265.9			1.0452638107926029
4266.8			1.0002297745785769
4267.7			0.9223556850230974
4268.6			0.8787004101806698
4269.5			0.8371218979242186
4270.4			0.7295845894785731
4271.3			0.6084501581012348
4272.2			0.6087545154216237
4273.1			0.6939374676500006
4274.0			0.727374276598998
4274.9			0.7487931708735309
4275.8			0.8495445861080857
4276.7			0.9821848699287032
4277.6			1.079526013707472
4278.5			1.0942322493684569
4279.4			0.9948652971106229
4280.3			1.0
4281.2			1.0
4282.1			1.0
4283.0			1.0
4283.9			1.0
4284.8			1.0
4285.7			1.0
4286.6			1.0
4287.5			1.039631614503003
4288.4			0.9775895905815717
4289.3			0.8470489812867392
4290.2			0.7915793699573336
4291.1			0.8533029839397475
4292.0			0.9664826328475364
4292.9			1.0319674667150889
4293.8			0.9976563188320433
4294.7			0.9458536308480203
4295.6			0.929196616060397
4296.5			0.8901460019569067
4297.4			0.8113125108536865
4298.3			0.7029233408435841
4299.2			0.5888061845148672
4300.1			0.5523767472216053
4301.0			0.6014042800130083
4301.9			0.6347881073482976
4302.8			0.623940615284712
4303.7			0.6182990660687562
4304.6			0.6164022965550807
4305.5			0.6023008197366098
4306.4			0.5734453138657244
4307.3			0.5141387805376435
4308.2			0.4615473238585662
4309.1			0.4646625160508956
4310.0			0.5058561244123371
4310.9			0.5530864675207324
4311.8			0.6097806839818486
4312.7			0.6836395322747388
4313.6			0.7510628184710333
4314.5			0.8352419739900495
4315.4			0.9856643503332156
4316.3			1.1350621107546965
4317.2			1.1822590798293118
4318.1			1.151247566970678
4319.0			1.0
4319.9			0.9733591734440195
4320.8			0.9413462614162859
4321.7			0.9088363597393896
4322.6			0.8329949144172656
4323.5			0.7010346333969483
4324.4			0.570757903463283
4325.3			0.5121731848468529
4326.2			0.5918600738143659
4327.1			0.7925290758425354
4328.0			0.9861990794161771
4328.9			1.0651959842904426
4329.8			1.036288186935475
4330.7			1.0021872526707216
4331.6			1.0
4332.5			1.0322205000898
4333.4			1.0524014189442223
4334.3			1.0903064521171375
4335.2			1.1337106536652248
4336.1			1.0855805658231876
4337.0			0.9350360848787022
4337.9			0.8039625002368183
4338.8			0.7416819036500208
4339.7			0.7006140411408927
4340.6			0.7141914121963767
4341.5			0.8246615448838504
4342.4			0.9327101112984373
4343.3			0.9564243876095496
4344.2			0.972964244904213
4345.1			1.0234821811701396
4346.0			1.0
4346.9			0.9688955176110128
4347.8			0.9892660456932416
4348.7			1.0691446173832675
4349.6			1.0784569477253463
4350.5			0.9393199269084436
4351.4			0.7683678173857951
4352.3			0.7328617513713123
4353.2			0.8235504566952122
4354.1			0.9032288209691011
4355.0			0.9293128801011009
4355.9			0.9647848001638525
4356.8			1.0147045935385497
4357.7			0.9980157218478594
4358.6			1.0
4359.5			1.0
4360.4			1.0
4361.3			1.0
4362.2			1.0
4363.1			1.0
4364.0			1.0
4364.9			1.0
4365.8			1.0
4366.7			1.0
4367.6			1.0
4368.5			1.010313387735669
4369.4			1.0447446093863129
4370.3			1.047762611513278
4371.2			1.051801027492505
4372.1			1.0482100549128741
4373.0			0.9851095061769941
4373.9			0.8814301045946178
4374.8			0.8168082723433306
4375.7			0.8577784237921358
4376.6			0.9723766334183991
4377.5			1.0737708199028926
4378.4			1.106452053872941
4379.3			1.0742819312502876
4380.2			1.0340342939003886
4381.1			0.9935315496820533
4382.0			0.8568790070969055
4382.9			0.6253295172925404
4383.8			0.48787650238961955
4384.7			0.5693194613465902
4385.6			0.7764207740306612
4386.5			0.9236293557042279
4387.4			0.9496785883565033
4388.3			0.9214525258255596
4389.2			0.8823126808517627
4390.1			0.8519405604885881
4391.0			0.8643547311162971
4391.9			0.9220372688145844
4392.8			0.9615057210744268
4393.7			0.9448825827364433
4394.6			0.9081621039294961
4395.5			0.9354004619790126
4396.4			1.0357107024378687
4397.3			1.0
4398.2			0.9827065803749138
4399.1			0.9078054181272847
4400.0			0.8274000115914248
4400.9			0.8229736788259978
4401.8			0.9076652086869594
4402.7			0.9328932787931365
4403.6			0.7973646963291052
4404.5			0.6494594970397669
4405.4			0.6656989105197868
4406.3			0.7718985742282765
4407.2			0.8035377494978188
4408.1			0.7791254451624526
4409.0			0.8171737393377516
4409.9			1.0
4410.8			1.0741775476897475
4411.7			1.1010447264918448
4412.6			1.097430996619907
4413.5			1.0187838082667187
4414.4			0.8702784926914253
4415.3			0.782775098435239
4416.2			0.8137604186889124
4417.1			0.8768296773387403
4418.0			0.9280769314660448
4418.9			0.9764214238901653
4419.8			0.9908641186075305
4420.7			1.0
4421.6			1.0
4422.5			1.0
4423.4			1.0
4424.3			1.0
4425.2			1.0
4426.1			0.9903867515426958
4427.0			0.9959118325178339
4427.9			1.0261410288394288
4428.8			1.0238964085506344
4429.7			0.958418036034185
4430.6			0.9297669040447738
4431.5			0.9874650338108882
4432.4			1.0305592058208253
4433.3			0.9835023163740169
4434.2			0.8946085559387037
4435.1			0.8496610113974344
4436.0			0.8949771975681289
4436.9			1.0024382835923016
4437.8			1.1033242612658118
4438.7			1.157133354098479
4439.6			1.141163553983046
4440.5			1.0623713100133254
4441.4			0.9717993441640472
4442.3			1.0
4443.2			1.0008250436864665
4444.1			1.0707543899718066
4445.0			1.1728424226114413
4445.9			1.2201149141925252
4446.8			1.1951990500760676
4447.7			1.1805228755160202
4448.6			1.1885925820337018
4449.5			1.156817247880702
4450.4			1.1119386793100614
4451.3			1.1090738808201153
4452.2			1.1156760089078046
4453.1			1.0767733481654758
4454.0			0.9930964878443098
4454.9			0.9235715062183799
4455.8			0.9194387553351161
4456.7			0.9507071337826231
4457.6			0.951425773556005
4458.5			0.9190509527955063
4459.4			0.89315652568499
4460.3			0.8672419221833303
4461.2			0.8281029329779063
4462.1			0.8363653808928304
4463.0			0.9202109694710078
4463.9			0.9921265032666767
4464.8			0.9969176733536402
4465.7			0.9793773217340593
4466.6			0.9810687500878778
4467.5			0.9798608881996212
4468.4			0.9476619436799384
4469.3			0.9141062166179101
4470.2			0.9180257335112304
4471.1			0.9510371436563515
4472.0			0.9910767713714925
4472.9			1.036867887467758
4473.8			1.0693150997655592
4474.7			1.0677063897493058
4475.6			1.0
4476.5			1.0332401858023434
4477.4			1.062250562578117
4478.3			1.0291879789421343
4479.2			0.9387133066354928
4480.1			0.8475181031414256
4481.0			0.7984667579463065
4481.9			0.8029298097889432
4482.8			0.8570424201313502
4483.7			1.0
4484.6			1.0570563968522184
4485.5			1.0817659550582903
4486.4			1.0683802385938768
4487.3			1.0128223183959633
4488.2			0.9296678793512467
4489.1			0.8642071218902238
4490.0			0.8583367694051987
4490.9			0.910166408488356
4491.8			0.9690362202136954
4492.7			0.9714860873761745
4493.6			0.9030502585510152
4494.5			0.8275566511071745
4495.4			0.8063815295157382
4496.3			0.8397554696488239
4497.2			0.902678878328937
4498.1			0.9574199851082859
4499.0			0.9792232197382343
4499.9			0.9573749521037722
4500.8			0.9062616489435329
4501.7			0.8974248911030428
4502.6			0.9643632558674403
4503.5			1.0404779601529797
4504.4			1.063405695741821
4505.3			1.0403805037352558
4506.2			1.0
4507.1			0.9744670601343356
4508.0			0.9666960374081965
4508.9			0.9782315015852134
4509.8			1.0023053988672825
4510.7			1.0104262422490258
4511.6			0.9833922187517158
4512.5			1.0
4513.4			0.9636934912244073
4514.3			0.9442561087722309
4515.2			0.9604618165740199
4516.1			0.9864461395523458
4517.0			0.9730509188983983
4517.9			0.951815455628153
4518.8			0.9743968235869249
4519.7			1.0323542724768182
4520.6			1.082988750881513
4521.5			1.0681461701357986
4522.4			0.9998862698602696
4523.3			0.9671971429561015
4524.2			0.9701393048275476
4525.1			0.9493015755080255
4526.0			0.9022524070522945
4526.9			0.8545395106704818
4527.8			0.8145966971994213
4528.7			0.8038519415129171
4529.6			0.8268198220973836
4530.5			0.8573133913693616
4531.4			0.907961110103301
4532.3			0.9515023474026141
4533.2			0.9364666913491326
4534.1			0.8807208157172803
4535.0			0.8368345636314808
4535.9			0.8818318607288428
4536.8			1.0
4537.7			1.0768417529316825
4538.6			1.0614370773185526
4539.5			1.0046486841301687
4540.4			0.9564346926040069
4541.3			0.9535336209968175
4542.2			0.9986137068446813
4543.1			1.0266967352203409
4544.0			0.9926907549674125
4544.9			0.9514682779724817
4545.8			0.9587823495787674
4546.7			0.9919702943381168
4547.6			1.0051070602462484
4548.5			0.9699615117159673
4549.4			0.9349768006090565
4550.3			0.9654421434085247
4551.2			1.0032927866615937
4552.1			0.9951968708858335
4553.0			0.9689583555912226
4553.9			0.9449743459719538
4554.8			0.937742934329376
4555.7			0.9758478361888571
4556.6			1.047422700078292
4557.5			1.1012607023457348
4558.4			1.1222406905899092
4559.3			1.1138595264507367
4560.2			1.0
4561.1			1.002968146917465
4562.0			1.0053345637715376
4562.9			0.9636262219730085
4563.8			0.8914210241646519
4564.7			0.8379840098993613
4565.6			0.8462113090603383
4566.5			0.9160137808828035
4567.4			0.9832280268748707
4568.3			1.0006354932013184
4569.2			1.1150221197421357
4570.1			1.0812838143294712
4571.0			1.0
4571.9			0.9785373268261816
4572.8			1.045850695443733
4573.7			1.0927190221460383
4574.6			1.0745088469776733
4575.5			1.0519142387416456
4576.4			1.0506525528150652
4577.3			1.043889335926179
4578.2			1.0
4579.1			0.9357226623457222
4580.0			0.8762644422649588
4580.9			0.868266957200749
4581.8			0.9103190728839072
4582.7			0.9462834638340254
4583.6			0.9478664469544484
4584.5			0.9368463290471429
4585.4			0.9218549227755601
4586.3			0.9252630378172496
4587.2			0.9728054466665079
4588.1			1.0356116344169604
4589.0			1.0706473438525528
4589.9			1.0603578993271545
4590.8			1.0132624726350437
4591.7			0.9636103759971699
4592.6			0.9414227841052272
4593.5			0.9318538332448678
4594.4			0.9149343718582803
4595.3			0.9015726734439505
4596.2			0.9035482426389999
4597.1			0.9143708080414914
4598.0			0.9374599166418397
4598.9			0.9578486038009646
4599.8			0.9367501176764307
4600.7			0.9101025986084981
4601.6			0.9258063692231927
4602.5			0.9515426118291991
4603.4			0.9548798855806176
4604.3			0.9364726164793137
4605.2			0.9182028870912121
4606.1			0.9333657062135895
4607.0			0.987051905510088
4607.9			1.0517855119740818
4608.8			1.0907166833009347
4609.7			1.0790521548901875
4610.6			1.0349581076697945
4611.5			0.9994822400453258
4612.4			1.0
4613.3			1.0
4614.2			1.0
4615.1			1.0
4616.0			1.0
4616.9			1.0
4617.8			1.0
4618.7			1.0
4619.6			1.0
4620.5			1.0
4621.4			1.0
4622.3			1.0
4623.2			1.0
4624.1			1.0
4625.0			1.0
4625.9			1.0
4626.8			1.0
4627.7			1.0165117760584046
4628.6			1.006893017519646
4629.5			0.998512533231337
4630.4			1.0273935253830868
4631.3			1.0622867131365545
4632.2			1.047423131722048
4633.1			1.0057295826525594
4634.0			0.9936547343186668
4634.9			1.0098180271812889
4635.8			1.0174295482021933
4636.7			0.9992898056465179
4637.6			0.976672902295083
4638.5			0.9666955683861668
4639.4			0.9667724573428181
4640.3			0.9967292995510529
4641.2			1.0593500826290563
4642.1			1.0963904939632891
4643.0			1.084404545095359
4643.9			1.0628320493654093
4644.8			1.0368796847711086
4645.7			0.9855136314227403
4646.6			0.9353418583466853
4647.5			0.9337681457541098
4648.4			0.9775760462189881
4649.3			1.0375287999251586
4650.2			1.0950699696704083
4651.1			1.1431948784021642
4652.0			1.1822590750572268
4652.9			1.1913667450188676
4653.8			1.1522741497811753
4654.7			1.098881828337524
4655.6			1.0764082356515003
4656.5			1.0999058256874557
4657.4			1.0
4658.3			1.075650367710266
4659.2			1.1306732255274332
4660.1			1.1319028127254052
4661.0			1.0810670184191111
4661.9			1.0105456679037956
4662.8			0.9567561022372265
4663.7			0.945854258716296
4664.6			0.9544474152121544
4665.5			0.9185107207738211
4666.4			0.8255114853566755
4667.3			0.755171619859771
4668.2			0.7717180359398026
4669.1			0.8442585485023836
4670.0			0.919159339387673
4670.9			0.972286686129423
4671.8			0.9855511199296754
4672.7			0.960049738890703
4673.6			0.9284824313079155
4674.5			1.0
4675.4			1.040469854502945
4676.3			1.0845092090562667
4677.2			1.0793839424467269
4678.1			1.0315068514826173
4679.0			0.9805851041038076
4679.9			0.9450302927812005
4680.8			0.9234433789916415
4681.7			0.9308880818164195
4682.6			0.9739085038599176
4683.5			1.0142806831634523
4684.4			1.0
4685.3			0.9941436523046063
4686.2			0.9811722512404379
4687.1			0.9577455823923078
4688.0			0.943358987421509
4688.9			0.9507280851004647
4689.8			0.9552967463562587
4690.7			0.9437312148155155
4691.6			0.9394952295218301
4692.5			0.9523472680722437
4693.4			0.9696255732954017
4694.3			0.9925805060989422
4695.2			1.0233430825475591
4696.1			1.0375734641647896
4697.0			1.003732175868337
4697.9			0.9338177868621448
4698.8			0.8901321732951805
4699.7			0.8990604459845136
4700.6			0.918500287688727
4701.5			0.9150310980727169
4702.4			0.8991755359002347
4703.3			0.9006973983013769
4704.2			0.929698556191043
4705.1			0.9581115124961812
4706.0			0.9559431477847262
4706.9			0.9308920528564305
4707.8			0.90575539438634
4708.7			0.8925455786402352
4709.6			0.9072115529150674
4710.5			0.9558081902690477
4711.4			0.9978965984412858
4712.3			0.9999469410169344
4713.2			1.0
4714.1			1.0
4715.0			1.0
4715.9			1.0
4716.8			1.0533166144102806
4717.7			1.0732289816928096
4718.6			1.0874048437867525
4719.5			1.103112741179759
4720.4			1.1035899931286677
4721.3			1.0811961814829345
4722.2			1.0524856652164603
4723.1			1.04951752741032
4724.0			1.0764890899069062
4724.9			1.1009006330717022
4725.8			1.0777782116825751
4726.7			0.9930471046750338
4727.6			0.9039667867401563
4728.5			0.8738598719895735
4729.4			0.8889863251096888
4730.3			0.906918963101086
4731.2			0.9312034135198134
4732.1			0.9684920796391371
4733.0			0.9916396687927814
4733.9			1.0061590027518368
4734.8			1.0226470102620233
4735.7			1.0034657990330174
4736.6			0.965353827643379
4737.5			0.980216695568426
4738.4			1.0282037414642042
4739.3			1.033880414685732
4740.2			0.9998462673679605
4741.1			1.0
4742.0			1.0
4742.9			1.0
4743.8			1.0
4744.7			1.0
4745.6			1.0
4746.5			1.0
4747.4			1.0
4748.3			1.0
4749.2			1.0
4750.1			1.0
4751.0			1.0
4751.9			1.0
4752.8			1.0
4753.7			1.0
4754.6			1.0
4755.5			1.0
4756.4			1.0
4757.3			1.0
4758.2			1.0121669162757123
4759.1			1.037152463971193
4760.0			1.0606294059638284
4760.9			1.0409803049745838
4761.8			0.986281443395834
4762.7			0.9525838775315171
4763.6			0.9471381988658092
4764.5			0.931987517935297
4765.4			0.9057500169912023
4766.3			0.906161012181959
4767.2			0.9411645641831233
4768.1			0.9882522585641821
4769.0			1.0397242592370814
4769.9			1.06741327761713
4770.8			1.041200957149713
4771.7			1.0006924688005578
4772.6			0.9998506020228657
4773.5			1.0
4774.4			1.0448843424215444
4775.3			1.045348808229183
4776.2			1.032883248058687
4777.1			1.0482996147302455
4778.0			1.0656642221165604
4778.9			1.0546554091744782
4779.8			1.0356526975765181
4780.7			1.0293593545328472
4781.6			1.0216859243241514
4782.5			0.9924443606659847
4783.4			0.9783026613356826
4784.3			1.003392696333751
4785.2			1.0056578954242417
4786.1			0.9677505791949871
4787.0			0.9617113033421533
4787.9			0.9892671829602102
4788.8			0.9904695214962184
4789.7			0.9819604398083855
4790.6			0.9950402033524148
4791.5			1.0122936496640695
4792.4			1.0344711787086347
4793.3			1.080579711387976
4794.2			1.0
4795.1			1.0146198391439336
4796.0			0.9997419867850745
4796.9			0.9757697206517795
4797.8			0.9412239676601817
4798.7			0.9045995664811803
4799.6			0.8923677356954618
4800.5			0.9204529286250612
4801.4			0.9757313285837033
4802.3			1.0198700735307626
4803.2			1.0284114391370627
4804.1			1.0031988329677128
4805.0			1.0
4805.9			1.0
4806.8			1.0
4807.7			1.0
4808.6			1.0
4809.5			1.0
4810.4			1.0
4811.3			1.0
4812.2			1.0
4813.1			1.0
4814.0			1.0
4814.9			1.0
4815.8			1.0
4816.7			1.0
4817.6			1.0
4818.5			1.0
4819.4			1.0
4820.3			1.0
4821.2			1.0
4822.1			1.0
4823.0			1.0
4823.9			1.0
4824.8			1.0
4825.7			1.0
4826.6			1.0
4827.5			1.0
4828.4			1.0
4829.3			1.0
4830.2			1.0
4831.1			1.0
4832.0			1.0
4832.9			1.012722936392768
4833.8			1.0542116414306248
4834.7			1.0713038598787321
4835.6			1.0607516516224498
4836.5			1.0567227220443494
4837.4			1.0
4838.3			0.9775715580981824
4839.2			0.9371866616573136
4840.1			0.9185593296984507
4841.0			0.938958636940194
4841.9			0.9587577775990294
4842.8			0.9476039276493281
4843.7			0.946419155002499
4844.6			0.9869987642162272
4845.5			1.0324895657329467
4846.4			1.0422936048497164
4847.3			1.0090509172079314
4848.2			0.9634985164105637
4849.1			0.9607319923781308
4850.0			1.0014037235548512
4850.9			1.0253654024300694
4851.8			1.0209346683937155
4852.7			1.020734796923598
4853.6			1.0048384171038705
4854.5			0.9442014451144503
4855.4			0.8923219811307099
4856.3			0.9171088253602947
4857.2			0.9766779537033735
4858.1			0.9884480830253016
4859.0			0.9326271762819103
4859.9			0.8299876701927208
4860.8			0.731836940039918
4861.7			0.7328202722656351
4862.6			0.8345605277393673
4863.5			0.9185560145728765
4864.4			0.9527888357587945
4865.3			0.9858822257841047
4866.2			1.0157238966405673
4867.1			1.0
4868.0			0.9911885949426138
4868.9			1.0023881382534
4869.8			0.9870711320668539
4870.7			0.9153718048641053
4871.6			0.8653309713067656
4872.5			0.901996124701305
4873.4			0.972644985352433
4874.3			1.0021674929064572
4875.2			1.0028066688220472
4876.1			1.0152464377246246
4877.0			1.0423207582266822
4877.9			1.0679208423261968
4878.8			1.0
4879.7			1.0258349582327866
4880.6			0.9893219047985159
4881.5			0.936350277169565
4882.4			0.9364850235788981
4883.3			0.9631236702492666
4884.2			0.9492926520784775
4885.1			0.8990864041530875
4886.0			0.8669239049988537
4886.9			0.8781271180480313
4887.8			0.9069183450565373
4888.7			0.9215027963077461
4889.6			0.9002342589169642
4890.5			0.8464675684287261
4891.4			0.8352469541522498
4892.3			0.9122338565470418
4893.2			1.0116006806284015
4894.1			1.0732636182346635
4895.0			1.099073165227527
4895.9			1.101359113592299
4896.8			1.094622227572581
4897.7			1.0887083916584555
4898.6			1.0636319209497647
4899.5			1.021170475053694
4900.4			1.0073217379253114
4901.3			1.0270429816202846
4902.2			1.0260104923292495
4903.1			1.0006599331891706
4904.0			1.0
4904.9			1.0337383009158463
4905.8			1.0707295794593361
4906.7			1.0656208857421652
4907.6			1.0209547121813427
4908.5			0.9655704612958381
4909.4			0.9125971167246684
4910.3			1.0
4911.2			1.0041015866588126
4912.1			1.0414344745515234
4913.0			1.0700068052515137
4913.9			1.087495504914089
4914.8			1.1130205394298163
4915.7			1.1283650906216678
4916.6			1.0953844230673682
4917.5			1.008539518098397
4918.4			0.8995361986697508
4919.3			0.8114067595878063
4920.2			0.7786997659693174
4921.1			0.8175137790654237
4922.0			0.8918849648621993
4922.9			0.930580384302321
4923.8			0.9149007548306333
4924.7			0.8976539729809956
4925.6			0.9229800195788711
4926.5			0.9583309923075375
4927.4			0.9712540559814392
4928.3			0.9854482141283384
4929.2			1.0039004198849721
4930.1			1.0
4931.0			0.9994227086788293
4931.9			0.9801269753433987
4932.8			0.9191342931485433
4933.7			0.8711106140064314
4934.6			0.893521282133746
4935.5			0.9368744233564933
4936.4			0.9280660158894483
4937.3			0.8667615681488062
4938.2			0.8076888385608358
4939.1			0.807161613501117
4940.0			0.8757223652359973
4940.9			0.9551766946699561
4941.8			0.9932635432635175
4942.7			1.007939191656414
4943.6			1.0221325611642345
4944.5			1.0134767638861146
4945.4			0.9796441427694054
4946.3			0.9698090604903052
4947.2			1.0003686376451684
4948.1			1.0
4949.0			1.0
4949.9			1.0
4950.8			1.0
4951.7			1.0
4952.6			1.0
4953.5			1.0
4954.4			1.0
4955.3			0.9950460585801578
4956.2			0.9210838218623992
4957.1			0.8074287308028396
4958.0			0.7862565707509175
4958.9			0.8823401184450567
4959.8			0.9787793624014741
4960.7			1.0034196023162776
4961.6			1.0
4962.5			1.0
4963.4			1.0
4964.3			1.0
4965.2			1.0
4966.1			1.0
4967.0			1.0
4967.9			1.0
4968.8			1.0
4969.7			1.0
4970.6			1.0
4971.5			1.0
4972.4			1.0271635036006512
4973.3			1.0454144922003104
4974.2			1.0520651114531936
4975.1			1.0385426811155825
4976.0			1.0155995394667798
4976.9			0.9917719181279769
4977.8			0.9575415636582689
4978.7			0.9322964309262892
4979.6			0.9342866086734534
4980.5			0.9351253586969962
4981.4			0.8970607049141979
4982.3			0.8400382034156343
4983.2			0.8147472900814089
4984.1			0.8298775895009519
4985.0			0.8618549193861249
4985.9			0.908552994009342
4986.8			0.9643415977298478
4987.7			0.9919143922018578
4988.6			0.9823053079619734
4989.5			0.9588580703668823
4990.4			0.9380584486286676
4991.3			0.9378701025186303
4992.2			0.9543617862841656
4993.1			0.9524506590797106
4994.0			0.9423556858625499
4994.9			0.955285498332366
4995.8			0.9684988563301282
4996.7			0.9669846632669522
4997.6			0.9604251601900418
4998.5			0.9395491095463444
4999.4			0.9052111355328423
5000.3			0.8851195552528013
5001.2			0.8876468725203512
5002.1			0.8978468919906243
5003.0			0.9038939584077794
5003.9			0.8929860172027887
5004.8			0.8551847317188808
5005.7			0.8157641803311553
5006.6			0.8263905466260392
5007.5			0.8933302528782662
5008.4			0.9567172481540556
5009.3			0.9707855414160178
5010.2			0.9510926701224941
5011.1			0.9129368969645093
5012.0			0.8604065740783219
5012.9			0.8154440673344714
5013.8			0.7986305380650656
5014.7			0.8250819052344954
5015.6			0.8738266670197152
5016.5			0.8928773589957847
5017.4			0.8728526736228807
5018.3			0.8608996319397169
5019.2			0.8825824427062914
5020.1			0.9064739294990508
5021.0			0.8992952295735452
5021.9			0.8751045235280901
5022.8			0.8809236037511341
5023.7			0.9143817098796532
5024.6			0.9388215492194273
5025.5			0.9450939192894638
5026.4			0.9233364774456032
5027.3			0.8910178809853138
5028.2			0.9015126023736088
5029.1			0.9472136712051121
5030.0			0.9731530749179808
5030.9			0.9813201702401916
5031.8			1.0
5032.7			1.0446259596704646
5033.6			1.0658465164862083
5034.5			1.0252431474970387
5035.4			0.9472113469065302
5036.3			0.9141054519043156
5037.2			0.9408478509428945
5038.1			0.9533826940542224
5039.0			0.9128652786831285
5039.9			0.8339422226275224
5040.8			0.7679236922183462
5041.7			0.8009089438971023
5042.6			0.9213501859061171
5043.5			1.027608187278001
5044.4			1.0882297716638931
5045.3			1.1353905064825607
5046.2			1.1639613684986463
5047.1			1.1314100073945395
5048.0			1.0514075457397947
5048.9			1.0018582452598304
5049.8			0.8780800840258739
5050.7			0.8868130086604872
5051.6			0.8844365569189258
5052.5			0.8985291983140176
5053.4			0.9369607819322049
5054.3			0.9788743223122589
5055.2			1.0000342994935307
5056.1			1.0
5057.0			1.0
5057.9			1.0
5058.8			1.0
5059.7			1.0068983938232523
5060.6			1.025279246371185
5061.5			1.047727783800215
5062.4			1.0511008878368058
5063.3			1.007846724787722
5064.2			0.9294382935162383
5065.1			0.8870691530627073
5066.0			0.9095135369780815
5066.9			0.9380780816327542
5067.8			0.9372940514368147
5068.7			0.9418256088697623
5069.6			0.9782407793423001
5070.5			1.0017611569531086
5071.4			1.0
5072.3			1.0
5073.2			1.0163204814054365
5074.1			1.045345608968589
5075.0			1.0380384114987484
5075.9			1.0284444585266326
5076.8			1.0488210650571999
5077.7			1.0443732040507496
5078.6			0.9592864140719088
5079.5			0.8569486150196768
5080.4			0.8391394033620496
5081.3			0.8985315273551461
5082.2			0.9477280387402374
5083.1			0.9564157250816785
5084.0			0.9674144803343449
5084.9			0.9959589649606031
5085.8			1.0140484806938668
5086.7			1.0094856464479713
5087.6			1.0005650440004954
5088.5			1.0
5089.4			1.0
5090.3			1.0
5091.2			1.0
5092.1			1.0
5093.0			1.0
5093.9			1.0
5094.8			0.9939860648224104
5095.7			0.9735412653000923
5096.6			0.940496769984
5097.5			0.8917662767035829
5098.4			0.843260949481025
5099.3			0.8459610963233457
5100.2			0.919228332911191
5101.1			1.0
5102.0			1.023167776372789
5102.9			0.9974306887133246
5103.8			0.9619974112665383
5104.7			0.949015489535637
5105.6			0.9496534539181649
5106.5			0.929941403122788
5107.4			0.9001064489205036
5108.3			0.8941824842876591
5109.2			0.8917985043647843
5110.1			0.8872486244470054
5111.0			1.0
5111.9			1.040476557611421
5112.8			1.0569456228928038
5113.7			1.0596037906117046
5114.6			1.0584147186359254
5115.5			1.060848061949977
5116.4			1.0799250590784357
5117.3			1.1020801367747737
5118.2			1.1074353717751904
5119.1			1.0928047961925027
5120.0			1.0579530289729553
5120.9			1.0159377108895384
5121.8			0.9728724698234313
5122.7			1.0
5123.6			0.9580146284323416
5124.5			0.9583903080831533
5125.4			0.9835566567843983
5126.3			0.9961975592469265
5127.2			0.9918059905670558
5128.1			0.9821753302280272
5129.0			0.9765379247096689
5129.9			0.9870099244528223
5130.8			1.0092791437677127
5131.7			1.0282481903534788
5132.6			1.038044967715176
5133.5			1.0461221401693797
5134.4			1.070334605028811
5135.3			1.0840788664172625
5136.2			1.0505962136041007
5137.1			1.0041172005819463
5138.0			0.9683982075533647
5138.9			0.9418647699904119
5139.8			0.9587456418076791
5140.7			0.9916397447176297
5141.6			0.9629952924111854
5142.5			0.9138502531600161
5143.4			0.928198527552221
5144.3			0.9665598046598405
5145.2			0.9656153901725878
5146.1			0.9402076564477676
5147.0			0.9214960789356585
5147.9			0.9291033936503735
5148.8			0.9616629361001516
5149.7			0.9738593350132089
5150.6			0.9483963060229568
5151.5			0.9221551420046925
5152.4			0.9185234522112712
5153.3			0.9242291139457228
5154.2			0.9345958425654589
5155.1			0.9573897694311898
5156.0			0.9878096462459686
5156.9			1.0
5157.8			1.0112085106586755
5158.7			1.0060021020182541
5159.6			1.0107345245562778
5160.5			1.0159335878250313
5161.4			0.9914111980913674
5162.3			0.9576666184482739
5163.2			0.9432701208134548
5164.1			0.9127375561854925
5165.0			0.8442628639724901
5165.9			0.7501093349171434
5166.8			0.6546711199148818
5167.7			0.6193437276124769
5168.6			0.6872505610479954
5169.5			0.8109491356578695
5170.4			0.8598889962437858
5171.3			0.759261417650349
5172.2			0.6183484646391016
5173.1			0.6182964795103463
5174.0			0.772252032612581
5174.9			0.9230427919890458
5175.8			0.9760285763169746
5176.7			0.9821569304697132
5177.6			1.000316332089851
5178.5			1.0
5179.4			0.9952205130392823
5180.3			0.9775971064119964
5181.2			0.9307653596593667
5182.1			0.8057304018152994
5183.0			0.6388677983952933
5183.9			0.5907755030349005
5184.8			0.7210798189182063
5185.7			0.8972807629374654
5186.6			0.9962728415877395
5187.5			1.0071193844362645
5188.4			0.9984267067149687
5189.3			1.0
5190.2			1.0
5191.1			1.0
5192.0			1.0
5192.9			1.0
5193.8			1.0
5194.7			1.0
5195.6			1.0
5196.5			1.0
5197.4			1.0
5198.3			1.0
5199.2			1.0
5200.1			1.0
5201.0			0.9999307456563532
5201.9			0.9936977194013166
5202.8			0.995043323579542
5203.7			0.9687328381633685
5204.6			0.905971415405011
5205.5			0.8651836237394619
5206.4			0.8768129178159666
5207.3			0.8807724755478957
5208.2			0.8618008240742552
5209.1			0.8808461273910001
5210.0			0.9365485511263304
5210.9			0.9906983528694172
5211.8			1.038574866013493
5212.7			1.0800727617821981
5213.6			1.0905370551655118
5214.5			1.05230923408864
5215.4			1.0004101767963673
5216.3			1.0
5217.2			1.0
5218.1			1.0
5219.0			1.0
5219.9			1.0
5220.8			1.0
5221.7			1.000247091075074
5222.6			0.9836816817727437
5223.5			0.9444321837513644
5224.4			0.8935362722378741
5225.3			0.8384789638456341
5226.2			0.7819932840284519
5227.1			0.7826205085616568
5228.0			0.8773204412233662
5228.9			0.9801521013635668
5229.8			1.0255619994729566
5230.7			1.0478974605661973
5231.6			1.0441316846408077
5232.5			1.0018460944415892
5233.4			1.0
5234.3			1.0
5235.2			1.0
5236.1			1.0
5237.0			1.0
5237.9			1.0
5238.8			1.0
5239.7			1.0
5240.6			1.0129496270660057
5241.5			1.0161899098407396
5242.4			1.0009707733360733
5243.3			1.0007561241079774
5244.2			1.0293110030028907
5245.1			1.038956809192427
5246.0			0.9826634430346569
5246.9			0.9076524027957322
5247.8			0.893731369216087
5248.7			0.9155766761185596
5249.6			0.9002774319700986
5250.5			0.8786018588233312
5251.4			0.899053741604498
5252.3			0.9373947109565459
5253.2			0.9531923134616277
5254.1			1.0
5255.0			0.9631122201589004
5255.9			1.0008798791053568
5256.8			1.0863643577622397
5257.7			1.1399868952340082
5258.6			1.1492904081605522
5259.5			1.1324955422132224
5260.4			1.0936532224182212
5261.3			1.0270127001628335
5262.2			0.952232076359307
5263.1			0.8922379190546377
5264.0			0.853701926274956
5264.9			0.8212515740739259
5265.8			0.8116135284341655
5266.7			0.872513524714909
5267.6			0.9406878416797203
5268.5			0.8864388772290013
5269.4			0.7708438325702573
5270.3			0.7790518286100543
5271.2			0.9127066143815513
5272.1			1.0123606628035033
5273.0			1.026234735989786
5273.9			1.0097399865430459
5274.8			0.981428656165725
5275.7			0.9844949380316206
5276.6			1.06109667196937
5277.5			1.0
5278.4			1.0222816009214746
5279.3			0.9919675500412712
5280.2			0.9450267588955827
5281.1			0.9114041861976996
5282.0			0.8947512272806406
5282.9			0.8734562001800908
5283.8			0.8600813281953975
5284.7			0.9019882072124077
5285.6			0.9801390197382542
5286.5			1.0254620662164453
5287.4			1.016831202916957
5288.3			0.9945721403480615
5289.2			0.9998659805340698
5290.1			1.0
5291.0			1.0086263225136691
5291.9			0.9864894666663077
5292.8			0.9561435314615657
5293.7			0.9467026128535707
5294.6			0.9467281238381207
5295.5			0.9251604075270882
5296.4			0.8664668726355623
5297.3			0.7996499035388337
5298.2			0.788529839292199
5299.1			0.8450869299782069
5300.0			0.895041465768506
5300.9			0.8955391181228559
5301.8			0.8856559273783635
5302.7			0.9107476028581591
5303.6			0.9592619906318008
5304.5			0.9935001060217099
5305.4			0.9990645262121354
5306.3			1.0
5307.2			1.0
5308.1			1.0
5309.0			1.0
5309.9			1.0
5310.8			1.0
5311.7			1.0
5312.6			1.0
5313.5			1.0
5314.4			1.0
5315.3			1.0
5316.2			1.0
5317.1			1.0
5318.0			1.016629887556234
5318.9			1.0228912281770288
5319.8			1.0190232527251946
5320.7			1.0212120651643608
5321.6			1.0255973504104667
5322.5			1.0151147666564422
5323.4			0.979283561267993
5324.3			0.9545556884024258
5325.2			0.9697676834956576
5326.1			0.9708751900279793
5327.0			0.885734451072788
5327.9			0.768905193213962
5328.8			0.7630074757219303
5329.7			0.8808168881266394
5330.6			0.9936371320247824
5331.5			1.0263359250441804
5332.4			1.01229518757205
5333.3			1.019859582289305
5334.2			1.0641068712784263
5335.1			1.0984960075532608
5336.0			1.0
5336.9			0.989930379403422
5337.8			0.9870976762000007
5338.7			0.9659869888727572
5339.6			0.9096764907935994
5340.5			0.8654390724184206
5341.4			0.8908656095927728
5342.3			0.9534666412651004
5343.2			0.9928091880799668
5344.1			1.000274759668699
5345.0			1.0
5345.9			1.0
5346.8			1.0
5347.7			1.0
5348.6			1.0
5349.5			1.0
5350.4			1.0
5351.3			1.0
5352.2			1.0
5353.1			1.0
5354.0			1.0
5354.9			1.0
5355.8			1.0
5356.7			1.0
5357.6			1.0
5358.5			1.0
5359.4			1.0
5360.3			1.0
5361.2			1.0
5362.1			1.0
5363.0			0.9968372363753202
5363.9			0.9938032696200385
5364.8			0.972350412569662
5365.7			0.9623539510610573
5366.6			0.9698040048195451
5367.5			0.9753504470250325
5368.4			0.9630788869823806
5369.3			0.9157510813660394
5370.2			0.851438519191879
5371.1			0.826102416170316
5372.0			0.8744056290790917
5372.9			0.9547794560689586
5373.8			1.0098533017254792
5374.7			1.036297138761674
5375.6			1.0367550354118886
5376.5			1.0156685652192536
5377.4			0.9988419913764341
5378.3			0.9997661373092526
5379.2			1.0001511904764522
5380.1			1.0
5381.0			0.9929933420347067
5381.9			0.9922137842347379
5382.8			0.9900403903101157
5383.7			1.0001831162326584
5384.6			1.0242314114158415
5385.5			1.032624036610281
5386.4			1.0213999390724904
5387.3			1.0093054527519796
5388.2			0.9974819638692798
5389.1			0.9819057333957903
5390.0			0.96713774686473
5390.9			0.9607727926489134
5391.8			0.9616024429412434
5392.7			0.9628246536498354
5393.6			0.9627781420203771
5394.5			0.9655289176916401
5395.4			0.9540518529739671
5396.3			0.9120108377394924
5397.2			0.8925653470429804
5398.1			0.9368545023711687
5399.0			0.9912535860279676
5399.9			1.005057966733245
5400.8			1.0100170051187976
5401.7			1.0317576073756383
5402.6			1.0305513888023012
5403.5			0.9767762130651574
5404.4			0.9042890584970166
5405.3			0.8646285655090317
5406.2			0.8836150950845426
5407.1			0.9430801515169372
5408.0			0.9855950410314319
5408.9			0.9780821894443665
5409.8			0.9602005034913046
5410.7			0.985306065206264
5411.6			1.0425317525120166
5412.5			1.083943093574116
5413.4			1.089092077726236
5414.3			1.0770813991930348
5415.2			1.0821565517748644
5416.1			1.1091539253962133
5417.0			1.1316020703038117
5417.9			1.1298148277528517
5418.8			1.1062786417371537
5419.7			1.0
5420.6			0.9861590383371663
5421.5			1.0048656143345607
5422.4			1.0172068186050172
5423.3			0.987108652048354
5424.2			0.9550910369897855
5425.1			0.9749993547106458
5426.0			1.024578300654824
5426.9			1.0509664265802634
5427.8			1.0152368976179786
5428.7			0.9271538980744557
5429.6			0.8749493747180321
5430.5			0.907503476431508
5431.4			0.9494843823870138
5432.3			0.9372555363523435
5433.2			0.9025639194246614
5434.1			0.8765870216127294
5435.0			0.8658018388266767
5435.9			0.8760579335824649
5436.8			0.9109243582120933
5437.7			0.9616361102583912
5438.6			1.002085484925562
5439.5			1.0
5440.4			1.0
5441.3			1.0
5442.2			1.0
5443.1			0.9957514900378212
5444.0			0.9706496579272398
5444.9			0.9198929938911543
5445.8			0.8570086561530901
5446.7			0.830662184185103
5447.6			0.8753567432563832
5448.5			0.9485519981366337
5449.4			0.9932255219827555
5450.3			1.000105871509482
5451.2			1.0
5452.1			0.9835314109629794
5453.0			0.9613151760495097
5453.9			0.9216576450457266
5454.8			0.8685028593193258
5455.7			0.8560510571753929
5456.6			0.9082317216856348
5457.5			0.9752121949443663
5458.4			1.0082762818964657
5459.3			1.000972802284923
5460.2			1.0
5461.1			0.9702796573508548
5462.0			0.933363148766206
5462.9			0.9090265707981473
5463.8			0.9276676315334902
5464.7			0.9679633215413821
5465.6			0.9828322633712104
5466.5			0.9760429456705142
5467.4			0.9796184359789888
5468.3			0.9874284641358942
5469.2			0.9737351858189482
5470.1			0.9507714314925942
5471.0			0.9490914882876977
5471.9			0.9554637900320844
5472.8			0.9423438674941328
5473.7			0.9326061776994181
5474.6			0.9324440673630512
5475.5			0.8958139530882341
5476.4			0.8427388351280332
5477.3			0.8527892784787301
5478.2			0.9262020827562681
5479.1			0.9755999026890653
5480.0			0.9508206303835005
5480.9			0.898821520698213
5481.8			0.887436725583879
5482.7			0.9180261465168047
5483.6			0.964070625340597
5484.5			1.0104038176526056
5485.4			1.027818927732818
5486.3			0.9970226007056461
5487.2			0.9531665624066157
5488.1			0.9455076426277776
5489.0			0.9621509353189313
5489.9			0.9743775766777272
5490.8			0.9890013922708161
5491.7			1.000479097511863
5492.6			1.0
5493.5			1.0
5494.4			1.0
5495.3			1.0
5496.2			0.9947128535757788
5497.1			0.9747682220736961
5498.0			0.9925718007671693
5498.9			1.0364321210153473
5499.8			1.0475498717902985
5500.7			1.0122216231302608
5501.6			0.9767487049257348
5502.5			0.9730586624250512
5503.4			0.9902663664410347
5504.3			1.0034862033762793
5505.2			0.9893935190581207
5506.1			0.9647290092201253
5507.0			0.9769892779080401
5507.9			1.0158098075604396
5508.8			1.0332244257303205
5509.7			1.025688034546685
5510.6			1.0097215180180457
5511.5			0.9791039237742012
5512.4			0.9525591757901417
5513.3			0.9551934226599412
5514.2			1.0
5515.1			1.0197899331769056
5516.0			1.0263531650935798
5516.9			1.0380860673243255
5517.8			1.06751650044419
5518.7			1.0900615146502575
5519.6			1.087485985681307
5520.5			1.07328653215105
5521.4			1.0600660099168007
5522.3			1.0518097315330974
5523.2			1.0502546984807986
5524.1			1.0463810372800209
5525.0			1.032067243785744
5525.9			1.0096018014907877
5526.8			0.9783613022900579
5527.7			0.9435191078680902
5528.6			0.9395886487332819
5529.5			0.9750635208328632
5530.4			1.0094234770450594
5531.3			1.0148655396403592
5532.2			1.004838410727217
5533.1			0.9963224643877522
5534.0			0.9825241446329521
5534.9			0.9671164928263445
5535.8			0.9679190754687699
5536.7			0.9759834720113346
5537.6			0.9762253378026063
5538.5			0.9794657368451994
5539.4			0.998123340062232
5540.3			1.0193620910939607
5541.2			1.023377510186039
5542.1			1.0019397050005987
5543.0			1.0
5543.9			1.0
5544.8			1.0
5545.7			1.0
5546.6			1.0
5547.5			1.0
5548.4			1.0
5549.3			1.0
5550.200000000001			1.0
5551.1			1.0
5552.0			1.0
5552.9			1.0
5553.8			1.0
5554.700000000001			1.0
5555.6			1.0
5556.5			1.0
5557.4			1.0
5558.3			1.0
5559.200000000001			1.0
5560.1			1.0
5561.0			1.0
5561.9			1.0
5562.8			1.0
5563.700000000001			1.0
5564.6			1.0
5565.5			1.0
5566.4			1.0
5567.3			1.0
5568.200000000001			1.0
5569.1			1.0
5570.0			1.0
5570.9			1.0
5571.8			1.0
5572.700000000001			1.0
5573.6			1.0
5574.5			1.0
5575.4			1.0
5576.3			0.9968471923951122
5577.200000000001			1.0033630617465172
5578.1			1.005609842246769
5579.0			1.0093038659431395
5579.9			1.0212008284511158
5580.8			1.0223612835194715
5581.700000000001			1.015200378915858
5582.6			1.0148931755696418
5583.5			1.0150877406801544
5584.4			1.0036155960831172
5585.3			0.975060047099459
5586.200000000001			0.9330377482579011
5587.1			0.8979895378195024
5588.0			0.8895703296817822
5588.9			0.905451677996453
5589.8			0.9345983388633611
5590.700000000001			0.9633085073177994
5591.6			0.9796871922206943
5592.5			0.9795895119916658
5593.4			0.9720343154495675
5594.3			0.9825415457734344
5595.200000000001			1.0
5596.1			1.0363919406919615
5597.0			1.0242592906957007
5597.9			0.9827197219411509
5598.8			0.9557634493589834
5599.700000000001			0.9426673570914347
5600.6			0.9212604764864314
5601.5			0.8947439777339508
5602.4			0.886851373083819
5603.3			0.9154946912907567
5604.200000000001			0.9698253495197567
5605.1			1.011410530561165
5606.0			1.0213639533503573
5606.9			1.0132127676907803
5607.8			1.0
5608.700000000001			1.0011900860264602
5609.6			1.0033106402794583
5610.5			1.0089818505441959
5611.4			1.0221384624230352
5612.3			1.0331107830845045
5613.200000000001			1.0131947286170415
5614.1			0.9429169267608353
5615.0			0.8727952070893396
5615.9			0.8763970028183217
5616.8			0.9350634019968457
5617.700000000001			0.9792228230884367
5618.6			0.9871941254730062
5619.5			0.9863181736349278
5620.4			1.0
5621.3			1.0180670909324263
5622.200000000001			1.0198351434297872
5623.1			0.9814117206563461
5624.0			0.9262950657054275
5624.9			0.9098041488493869
5625.8			0.9379311881438823
5626.700000000001			0.9674376671151553
5627.6			0.9820644534409707
5628.5			1.0010439735237253
5629.4			1.0
5630.3			1.0
5631.200000000001			1.0
5632.1			1.0
5633.0			1.0
5633.9			1.0
5634.8			1.0
5635.700000000001			1.0
5636.6			1.0
5637.5			1.0
5638.4			1.0
5639.3			1.0
5640.200000000001			0.9849128002573139
5641.1			0.9639245826128405
5642.0			0.9612401956015378
5642.9			0.9709719877432533
5643.8			0.9773469646579557
5644.700000000001			0.9843632341758386
5645.6			0.9919493431987444
5646.5			0.9972191345104491
5647.4			0.9989819516337686
5648.3			0.9896131300556714
5649.200000000001			0.9740878301026705
5650.1			0.9701962418819756
5651.0			0.9852082751974743
5651.9			1.0030772862236166
5652.8			1.000409545058316
5653.700000000001			0.9731825427813222
5654.6			0.9505604180350516
5655.5			0.9589930027251213
5656.4			0.9610970283556105
5657.3			0.9089376501563692
5658.200000000001			0.8538995426534405
5659.1			0.8679974826986325
5660.0			0.9198783036338467
5660.9			0.936726519009266
5661.8			0.9178086749747059
5662.700000000001			0.9161776869038659
5663.6			0.9459423933974587
5664.5			0.9775723306927245
5665.4			0.980628821631625
5666.3			0.9574212613848672
5667.200000000001			0.9357612773123627
5668.1			0.9325661848557525
5669.0			0.940808120517328
5669.9			0.9470606245776563
5670.8			0.954818812109334
5671.700000000001			0.975693731572528
5672.6			1.0041911490051856
5673.5			1.0180299777073727
5674.4			1.0081726848588048
5675.3			0.9963399531991136
5676.200000000001			1.0004583584788023
5677.1			1.0
5678.0			1.0
5678.9			1.0
5679.8			1.0
5680.700000000001			1.0
5681.6			1.0
5682.5			1.0
5683.4			1.0
5684.3			1.0
5685.200000000001			1.0
5686.1			1.0
5687.0			1.0
5687.9			1.0
5688.8			1.0
5689.700000000001			1.0
5690.6			1.0
5691.5			1.014020915306322
5692.4			1.0238142040782765
5693.3			1.017698625558312
5694.200000000001			1.0075986581837906
5695.1			1.009655401148873
5696.0			1.0154059760946483
5696.9			1.0001876211350256
5697.8			0.9677088780398706
5698.700000000001			0.9510734334608816
5699.6			0.9456549375880549
5700.5			0.9305864634598234
5701.4			0.9185472665600418
5702.3			0.9288537533296967
5703.200000000001			0.9536241905905042
5704.1			0.9655712797615792
5705.0			0.9488722890547973
5705.9			0.9218476649472116
5706.8			0.9029851229005637
5707.700000000001			0.8854785846634378
5708.6			0.8697005605146642
5709.5			0.8724213221528976
5710.4			0.8793912819525262
5711.3			0.8779847420233202
5712.200000000001			0.8996019560104378
5713.1			0.9432421143895083
5714.0			0.971576109594895
5714.9			0.9805436106077109
5715.8			0.9888395770995935
5716.700000000001			0.9930459012140563
5717.6			0.9923183782253743
5718.5			0.9980064414693544
5719.4			1.0076602042788663
5720.3			1.0104424505612974
5721.200000000001			1.0143125458559759
5722.1			1.0231304095970928
5723.0			1.0273460417650209
5723.9			1.0263814084938674
5724.8			1.020143525172457
5725.700000000001			1.0001600332763025
5726.6			1.0
5727.5			1.0
5728.4			1.0
5729.3			1.0
5730.200000000001			1.0
5731.1			1.0
5732.0			1.0
5732.9			1.0
5733.8			1.0
5734.700000000001			1.0
5735.6			1.0
5736.5			1.0
5737.4			1.0
5738.3			1.0
5739.200000000001			1.0
5740.1			1.0
5741.0			1.0
5741.9			1.0
5742.8			1.0
5743.700000000001			1.0
5744.6			1.0
5745.5			1.0
5746.4			1.0
5747.3			1.0
5748.200000000001			1.0
5749.1			1.0177065883698737
5750.0			1.041662267227951
5750.9			1.0350984549329294
5751.8			0.9946091087932122
5752.700000000001			0.9430155889619585
5753.6			0.9101195878544857
5754.5			0.9195378229546032
5755.4			0.961965369892861
5756.3			0.9970945702614096
5757.200000000001			1.0
5758.1			0.9953096985011871
5759.0			0.9745936940589891
5759.9			0.9472779225602821
5760.8			0.9229401548647342
5761.700000000001			0.9023963813258592
5762.6			0.9010616127318727
5763.5			0.9358361413659276
5764.4			0.9806180861081192
5765.3			0.9993746576268124
5766.200000000001			1.0002789666745948
5767.1			0.9998572133840693
5768.0			1.0
5768.9			1.0
5769.8			1.0
5770.700000000001			1.0
5771.6			1.0
5772.5			0.9964949140841004
5773.4			0.9951784779105207
5774.3			0.992760626600089
5775.200000000001			1.0021966575447219
5776.1			1.0214193722547307
5777.0			1.0320123230954008
5777.9			1.0291038912676997
5778.8			1.0103877724708652
5779.700000000001			0.9659564884810298
5780.6			0.912489747834274
5781.5			0.8912171097789187
5782.4			0.9095968523730328
5783.3			0.9284904881352318
5784.200000000001			0.9205879168754507
5785.1			0.9146339002299506
5786.0			0.9423079623778386
5786.9			0.9848678725619777
5787.8			1.015004813897261
5788.700000000001			1.0315388088443775
5789.6			1.024086666987802
5790.5			1.0008883538614555
5791.4			1.0
5792.3			1.0
5793.200000000001			1.0
5794.1			1.0
5795.0			1.0
5795.9			1.0
5796.8			1.0
5797.700000000001			1.0
5798.6			1.0
5799.5			1.0
5800.4			1.0
5801.3			1.0
5802.200000000001			1.0
5803.1			1.0
5804.0			1.0
5804.9			1.0
5805.8			1.0
5806.700000000001			1.0
5807.6			1.0
5808.5			1.0
5809.4			1.0
5810.3			1.0
5811.200000000001			1.0
5812.1			1.0
5813.0			1.0
5813.9			1.0
5814.8			1.0
5815.700000000001			1.0
5816.6			1.0
5817.5			1.0
5818.4			1.0
5819.3			1.0
5820.200000000001			1.0
5821.1			1.0
5822.0			1.0
5822.9			1.0
5823.8			1.0
5824.700000000001			1.0
5825.6			1.0
5826.5			1.0
5827.4			1.0
5828.3			1.0
5829.200000000001			1.0
5830.1			1.0
5831.0			1.0
5831.9			1.0
5832.8			1.0
5833.700000000001			1.0
5834.6			1.0
5835.5			1.0
5836.4			1.0
5837.3			1.0
5838.200000000001			1.0
5839.1			1.0
5840.0			1.0
5840.9			1.0
5841.8			1.0
5842.700000000001			1.0
5843.6			1.0
5844.5			1.0
5845.4			1.0
5846.3			0.9824481996567472
5847.200000000001			0.9733508706401343
5848.1			0.9783307069982086
5849.0			0.99314673696753
5849.9			1.0055660599072627
5850.8			1.0019354548028354
5851.700000000001			0.9807812886518427
5852.6			0.9532884262506195
5853.5			0.9449894532998014
5854.4			0.9592772590820373
5855.3			0.965955244865057
5856.200000000001			0.9439620569735088
5857.1			0.9114820437057526
5858.0			0.9045644605379276
5858.9			0.9264974355367298
5859.8			0.9554984592550758
5860.700000000001			0.9739277607659862
5861.6			0.9732389269855171
5862.5			0.967464898119966
5863.4			0.9762232146560963
5864.3			0.9867636879635135
5865.200000000001			0.9789792016739469
5866.1			0.9600195774599436
5867.0			0.95560421959405
5867.9			0.9714067941323161
5868.8			0.9890022035148207
5869.700000000001			0.9996216526317208
5870.6			1.0
5871.5			1.0
5872.4			1.0
5873.3			1.0
5874.200000000001			1.0
5875.1			1.0
5876.0			1.0
5876.9			1.0
5877.8			1.0
5878.700000000001			1.0
5879.6			1.0
5880.5			0.9985466002353727
5881.4			1.01379142580353
5882.3			1.0210969109403403
5883.200000000001			1.0100514328513233
5884.1			1.0048193718980458
5885.0			1.016283287681785
5885.9			1.028099826604024
5886.8			1.0204133227607133
5887.700000000001			0.9683989900464621
5888.6			0.8552802776119388
5889.5			0.7460243943096342
5890.4			0.7445037872303937
5891.3			0.8316985374968073
5892.200000000001			0.9085015266522352
5893.1			0.941778632427621
5894.0			0.9259545864439083
5894.9			0.8543794657893495
5895.8			0.7996674454549763
5896.700000000001			0.8413222265962716
5897.6			0.9255792776219617
5898.5			0.9684128551751563
5899.4			0.98161091544939
5900.3			0.9999997991405158
5901.200000000001			1.0
5902.1			1.0
5903.0			1.0
5903.9			1.0
5904.8			1.0
5905.700000000001			1.0
5906.6			1.0
5907.5			1.0
5908.4			1.0
5909.3			1.0
5910.200000000001			1.0
5911.1			1.0
5912.0			1.0
5912.9			1.0
5913.8			1.0
5914.700000000001			1.0
5915.6			1.0
5916.5			1.0
5917.4			1.0
5918.3			1.0
5919.200000000001			1.0
5920.1			1.0
5921.0			1.0
5921.9			1.0
5922.8			1.0
5923.700000000001			1.0
5924.6			1.0
5925.5			1.0
5926.4			1.0
5927.3			1.0
5928.200000000001			1.0
5929.1			1.0
5930.0			1.0
5930.9			1.0
5931.8			1.0
5932.700000000001			1.0
5933.6			1.0
5934.5			1.0
5935.4			1.0
5936.3			1.0
5937.200000000001			1.0
5938.1			1.0
5939.0			1.0
5939.9			1.0
5940.8			1.0
5941.700000000001			1.0
5942.6			1.0
5943.5			1.0
5944.4			1.0
5945.3			1.0
5946.200000000001			1.0
5947.1			1.0
5948.0			1.0
5948.9			1.0
5949.8			1.0
5950.700000000001			1.0
5951.6			1.0
5952.5			1.0
5953.4			1.0
5954.3			1.0
5955.200000000001			1.0
5956.1			1.0
5957.0			1.0
5957.9			1.0
5958.8			1.0
5959.700000000001			1.0
5960.6			1.0
5961.5			1.0
5962.4			1.0
5963.3			1.0
5964.200000000001			1.0
5965.1			1.0
5966.0			1.0
5966.9			1.0
5967.8			1.0
5968.700000000001			1.0
5969.6			1.0
5970.5			1.0
5971.4			1.0
5972.3			1.0
5973.200000000001			1.0
5974.1			1.0
5975.0			1.0
5975.9			1.0
5976.8			1.0
5977.700000000001			1.0
5978.6			1.0
5979.5			1.0
5980.4			1.0
5981.3			1.0
5982.200000000001			1.0
5983.1			1.0
5984.0			1.0
5984.9			1.0
5985.8			1.0
5986.700000000001			1.0
5987.6			1.0
5988.5			1.0
5989.4			1.0
5990.3			1.0
5991.200000000001			1.0
5992.1			1.0
5993.0			1.0
5993.9			1.0
5994.8			1.0
5995.700000000001			1.0
5996.6			1.0
5997.5			1.0
5998.4			1.0
5999.3			1.0177581627817425
6000.200000000001			1.0336084705013613
6001.1			1.0327339962786708
6002.0			1.0151366470493124
6002.9			1.0053627993619274
6003.8			1.0146990192885463
6004.700000000001			1.0227835158906924
6005.6			1.0146171892174163
6006.5			0.9892043853814744
6007.4			0.9618825621889364
6008.3			0.9620648987176776
6009.200000000001			0.998050602001132
6010.1			1.0337985972678907
6011.0			1.034444489290295
6011.9			1.0069088420675498
6012.8			0.9825533830415266
6013.700000000001			0.9859597464701503
6014.6			1.0013256843354457
6015.5			1.0002941688822513
6016.4			1.0
6017.3			1.0
6018.200000000001			1.0
6019.1			1.0
6020.0			1.0
6020.9			1.0
6021.8			1.0
6022.700000000001			1.0
6023.6			1.0
6024.5			1.0
6025.4			1.0
6026.3			1.0
6027.200000000001			1.0
6028.1			1.0
6029.0			1.0
6029.9			1.0
6030.8			1.0
6031.700000000001			1.0
6032.6			1.0
6033.5			1.0
6034.4			1.0
6035.3			1.0
6036.200000000001			1.0
6037.1			1.0
6038.0			1.0
6038.9			1.0
6039.8			1.0
6040.700000000001			1.0
6041.6			1.0
6042.5			1.0
6043.4			1.0
6044.3			1.0
6045.200000000001			1.0
6046.1			1.0
6047.0			1.0
6047.9			1.0
6048.8			1.0
6049.700000000001			1.0
6050.6			1.0
6051.5			1.0
6052.4			1.0
6053.3			1.0
6054.200000000001			1.0
6055.1			1.0
6056.0			1.0
6056.9			1.0
6057.8			1.0
6058.700000000001			1.0
6059.6			1.0
6060.5			1.0
6061.4			1.0
6062.3			1.0
6063.200000000001			1.0
6064.1			1.0
6065.0			1.0
6065.9			1.0
6066.8			1.0
6067.700000000001			1.0
6068.6			1.0
6069.5			1.0
6070.4			1.0
6071.3			1.0
6072.200000000001			1.0
6073.1			1.0
6074.0			1.0
6074.9			1.0
6075.8			1.0
6076.700000000001			1.0
6077.6			1.0
6078.5			1.0
6079.4			1.0
6080.3			1.0
6081.200000000001			1.0
6082.1			1.0
6083.0			1.0
6083.9			1.0
6084.8			1.0
6085.700000000001			1.0
6086.6			1.0
6087.5			1.0
6088.4			1.0
6089.3			1.0
6090.200000000001			1.0
6091.1			1.0
6092.0			1.0
6092.9			1.0
6093.8			1.0
6094.700000000001			1.0
6095.6			1.0
6096.5			1.0
6097.4			1.0
6098.3			1.0
6099.200000000001			1.0
6100.1			1.0027663955022916
6101.0			0.9699279243558988
6101.9			0.9128091635106091
6102.8			0.8873928311062469
6103.700000000001			0.9252647466004931
6104.6			0.9777339473441286
6105.5			0.99922307975238
6106.4			1.0
6107.3			1.0
6108.200000000001			1.0
6109.1			1.0
6110.0			1.0
6110.9			1.0
6111.8			1.0
6112.700000000001			1.0
6113.6			1.0
6114.5			1.0
6115.4			1.0
6116.3			1.0
6117.200000000001			1.0
6118.1			1.0
6119.0			1.0
6119.9			1.0
6120.8			1.0
6121.700000000001			1.0
6122.6			1.0
6123.5			1.0
6124.4			1.0
6125.3			1.0
6126.200000000001			1.0
6127.1			1.0
6128.0			1.0
6128.9			1.0
6129.8			1.0
6130.700000000001			1.0
6131.6			1.0
6132.5			1.0121253166805204
6133.4			1.0191195464205316
6134.3			1.0038851158761057
6135.200000000001			0.952816633778948
6136.1			0.8799383479022759
6137.0			0.8435617515737851
6137.9			0.8911760825872104
6138.8			0.9822776013434174
6139.700000000001			1.0390569754337005
6140.6			1.0312826849278451
6141.5			1.004684214078192
6142.4			1.0
6143.3			1.0
6144.200000000001			1.0
6145.1			1.0
6146.0			1.0
6146.9			1.0
6147.8			1.0
6148.700000000001			1.0
6149.6			1.0
6150.5			1.0
6151.4			1.0
6152.3			1.0
6153.200000000001			1.0
6154.1			1.0
6155.0			1.0
6155.9			1.0085329025471692
6156.8			1.019643291963456
6157.700000000001			1.0328601758507718
6158.6			1.0454673887391337
6159.5			1.031222803443808
6160.4			0.9779169591158733
6161.3			0.9167494751308134
6162.200000000001			0.8937427887698118
6163.1			0.9183979547238497
6164.0			0.9643831164063709
6164.9			1.0015979191974456
6165.8			1.0235171148985491
6166.700000000001			1.0427770866159534
6167.6			1.0426095914365203
6168.5			1.0030998542143306
6169.4			1.0
6170.3			1.0
6171.200000000001			1.0
6172.1			1.0
6173.0			1.0
6173.9			1.0
6174.8			1.0
6175.700000000001			1.0
6176.6			1.0
6177.5			1.0
6178.4			1.0
6179.3			1.0
6180.200000000001			1.0
6181.1			1.0
6182.0			1.0
6182.9			1.0
6183.8			0.9992099867580424
6184.700000000001			0.994579634577676
6185.6			0.9799970157979125
6186.5			0.9615746327825903
6187.4			0.9524089148802214
6188.3			0.9552766659374416
6189.200000000001			0.9573760297421597
6190.1			0.9338902271718709
6191.0			0.8993089967678207
6191.9			0.9076488143448562
6192.8			0.9594589209648969
6193.700000000001			1.000756164529789
6194.6			1.0129532064843114
6195.5			1.019053864764479
6196.4			1.028690139673841
6197.3			1.0263707076933815
6198.200000000001			1.0011661763984125
6199.1			1.0
6200.0			1.0
6200.9			1.0
6201.8			1.0
6202.700000000001			1.0
6203.6			1.0
6204.5			1.0
6205.4			1.0
6206.3			1.0
6207.200000000001			1.0
6208.1			1.0
6209.0			1.0
6209.9			1.0
6210.8			1.0
6211.700000000001			1.0
6212.6			1.0
6213.5			1.0
6214.4			1.0
6215.3			1.0
6216.200000000001			1.0
6217.1			1.0
6218.0			1.0
6218.9			1.0
6219.8			1.0
6220.700000000001			1.0
6221.6			1.0
6222.5			1.0
6223.4			1.0
6224.3			1.0
6225.200000000001			1.0
6226.1			1.0029663019477792
6227.0			0.9999686889675468
6227.9			0.9920000356048874
6228.8			0.962537178030626
6229.700000000001			0.9119776334698492
6230.6			0.8789027458328834
6231.5			0.8893033217704241
6232.4			0.9195838601688834
6233.3			0.952426558202909
6234.200000000001			0.9852587392827733
6235.1			1.0011859181658793
6236.0			1.0
6236.9			1.0
6237.8			1.0
6238.700000000001			1.0
6239.6			1.0
6240.5			1.0
6241.4			1.0
6242.3			1.0
6243.200000000001			1.0
6244.1			1.0
6245.0			1.0
6245.9			1.0019401508309738
6246.8			1.0183895439411235
6247.700000000001			1.0489981292331865
6248.6			1.0669348513051014
6249.5			1.0657480781717794
6250.4			1.0460348235814427
6251.3			1.0045156014421208
6252.200000000001			0.962723066507731
6253.1			0.9470221038672231
6254.0			0.9567565353678726
6254.9			0.9682796068838003
6255.8			0.9616292897402361
6256.700000000001			0.9402951517790644
6257.6			0.9208164000777267
6258.5			0.9245414845045528
6259.4			0.9576483803233511
6260.3			0.9877780920415448
6261.200000000001			1.0019885504381798
6262.1			1.0192894624303919
6263.0			1.032999912588176
6263.9			1.0196227859235776
6264.8			0.9912109922960206
6265.700000000001			0.9871628267083224
6266.6			1.006822965248683
6267.5			1.0212845417773313
6268.4			1.016760988775607
6269.3			0.9997571821711507
6270.200000000001			1.0
6271.1			1.0
6272.0			1.0
6272.9			1.0
6273.8			1.0
6274.700000000001			1.0
6275.6			1.0
6276.5			1.0
6277.4			1.0
6278.3			1.0
6279.200000000001			1.0
6280.1			1.0
6281.0			1.0
6281.9			1.0
6282.8			1.0
6283.700000000001			1.0
6284.6			1.0
6285.5			1.0
6286.4			1.0
6287.3			1.0
6288.200000000001			1.0
6289.1			1.0
6290.0			1.0
6290.9			1.0
6291.8			1.0
6292.700000000001			1.0
6293.6			1.0
6294.5			1.0
6295.4			1.0
6296.3			1.0
6297.200000000001			1.0
6298.1			1.0
6299.0			1.0
6299.9			1.0
6300.8			1.0
6301.700000000001			1.0
6302.6			1.0
6303.5			1.0
6304.4			1.0
6305.3			1.0054040572459815
6306.200000000001			1.0154955626541187
6307.1			1.0310394348307432
6308.0			1.0358676386971148
6308.9			1.024321889443298
6309.8			1.0031619096914826
6310.700000000001			0.9869118076943092
6311.6			0.9840185700412463
6312.5			0.9921518054909294
6313.4			0.9876774874331198
6314.3			0.9571418368671011
6315.200000000001			0.9380335790599633
6316.1			0.9494033506404794
6317.0			0.9511856420936581
6317.9			0.9316801478079525
6318.8			0.9324582261467244
6319.700000000001			0.9618061152618111
6320.6			0.9827196346640498
6321.5			0.9841689370302782
6322.4			0.9825601275590218
6323.3			0.9975934120773868
6324.200000000001			1.0197143254790848
6325.1			1.0282788562825522
6326.0			1.0201174498318863
6326.9			1.0065214525319373
6327.8			1.0047591357654342
6328.700000000001			1.0120546263705739
6329.6			1.0073661596035284
6330.5			1.000029813275915
6331.4			1.0
6332.3			1.0
6333.200000000001			1.0
6334.1			1.0
6335.0			1.0
6335.9			1.0
6336.8			1.0
6337.700000000001			1.0
6338.6			1.0
6339.5			1.0
6340.4			1.0
6341.3			1.0
6342.200000000001			1.0
6343.1			1.0
6344.0			1.0
6344.9			1.0
6345.8			1.0
6346.700000000001			1.0
6347.6			1.0
6348.5			1.0
6349.4			1.0
6350.3			1.0
6351.200000000001			1.0
6352.1			1.0
6353.0			1.0
6353.9			1.0
6354.8			1.0
6355.700000000001			1.0
6356.6			1.0
6357.5			1.0
6358.4			1.0
6359.3			1.0
6360.200000000001			1.0
6361.1			1.0
6362.0			1.0
6362.9			1.0
6363.8			1.0
6364.700000000001			1.0
6365.6			1.0
6366.5			1.0
6367.4			1.0
6368.3			1.0
6369.200000000001			1.0
6370.1			1.0
6371.0			1.0
6371.9			1.0
6372.8			1.0
6373.700000000001			1.0
6374.6			1.0
6375.5			1.0
6376.4			1.0
6377.3			1.0
6378.200000000001			1.0
6379.1			1.0
6380.0			1.0
6380.9			1.0
6381.8			1.0
6382.700000000001			1.0
6383.6			1.0
6384.5			1.0
6385.4			1.0
6386.3			1.0
6387.200000000001			1.0
6388.1			1.0
6389.0			1.0
6389.9			1.0
6390.8			1.0
6391.700000000001			1.0
6392.6			1.0
6393.5			1.0
6394.4			1.0
6395.3			1.0
6396.200000000001			1.0210362892289724
6397.1			1.0224543712456056
6398.0			1.0019278238094436
6398.9			0.9477580149682321
6399.8			0.8981573388226863
6400.700000000001			0.9113170225232583
6401.6			0.9622229623443741
6402.5			0.9940341472953178
6403.4			0.9995824780578361
6404.3			1.0
6405.200000000001			1.0
6406.1			1.0
6407.0			1.0
6407.9			1.0
6408.8			1.0
6409.700000000001			1.0
6410.6			1.0
6411.5			1.0
6412.4			1.0
6413.3			1.0
6414.200000000001			1.0
6415.1			1.0
6416.0			1.0
6416.9			1.0
6417.8			1.0
6418.700000000001			1.0
6419.6			1.0
6420.5			1.0
6421.4			1.0
6422.3			1.0
6423.200000000001			1.0
6424.1			1.0
6425.0			1.0
6425.9			1.0
6426.8			1.0
6427.700000000001			1.0
6428.6			1.0
6429.5			1.0
6430.4			1.0
6431.3			1.0
6432.200000000001			1.0
6433.1			1.0
6434.0			1.0
6434.9			1.0
6435.8			1.0
6436.700000000001			1.0
6437.6			1.0
6438.5			1.0
6439.4			1.0
6440.3			1.0
6441.200000000001			1.0
6442.1			1.0
6443.0			1.0
6443.9			1.0
6444.8			1.0
6445.700000000001			1.0
6446.6			1.006031508742444
6447.5			0.991006419060987
6448.4			0.9386144027945789
6449.3			0.8735880467593645
6450.200000000001			0.8608078306426513
6451.1			0.9109084417465383
6452.0			0.9702641876216304
6452.9			1.0023546554787388
6453.8			1.001738800605325
6454.700000000001			1.0
6455.6			1.0
6456.5			1.0
6457.4			1.0
6458.3			1.0
6459.200000000001			1.0086596725229862
6460.1			1.0019850692280343
6461.0			0.9690081664700183
6461.9			0.9199592170516134
6462.8			0.9014791903739637
6463.700000000001			0.9303560393958415
6464.6			0.9694266537414069
6465.5			0.9911926891616343
6466.4			1.0002415380969465
6467.3			1.0
6468.200000000001			1.0
6469.1			1.0
6470.0			1.0
6470.9			1.0
6471.8			1.0
6472.700000000001			1.0
6473.6			1.0
6474.5			1.0
6475.4			1.0
6476.3			1.0
6477.200000000001			1.0
6478.1			1.0
6479.0			1.0
6479.9			1.0
6480.8			1.0
6481.700000000001			1.0
6482.6			1.0
6483.5			1.0
6484.4			1.0
6485.3			1.0
6486.200000000001			1.0
6487.1			1.0019113068967347
6488.0			1.003920670867893
6488.9			1.000282601926621
6489.8			0.9869017358998569
6490.700000000001			0.9720785036001784
6491.6			0.9624085933541556
6492.5			0.9405395194544001
6493.4			0.8904019499339557
6494.3			0.8384057425448725
6495.200000000001			0.8256739844766622
6496.1			0.8490635779880586
6497.0			0.8830154292126275
6497.9			0.9064554325382088
6498.8			0.9141946733623237
6499.700000000001			0.9274936428606959
6500.6			0.9521819544015119
6501.5			0.9744224748522915
6502.4			0.9895089221215743
6503.3			0.9999727915201279
6504.200000000001			1.0
6505.1			1.0
6506.0			1.0
6506.9			1.0
6507.8			1.0
6508.700000000001			1.0
6509.6			1.0
6510.5			1.0
6511.4			1.0
6512.3			1.0
6513.200000000001			1.0
6514.1			1.0
6515.0			1.0
6515.9			1.0
6516.8			1.0
6517.700000000001			1.0
6518.6			1.0
6519.5			1.0
6520.4			1.0
6521.3			1.0
6522.200000000001			1.0
6523.1			1.0
6524.0			1.0
6524.9			1.0
6525.8			1.0
6526.700000000001			1.0
6527.6			1.0
6528.5			1.0
6529.4			1.0
6530.3			1.0
6531.200000000001			1.0
6532.1			1.0
6533.0			1.0
6533.9			1.0
6534.8			1.0
6535.700000000001			1.0
6536.6			1.0
6537.5			1.0
6538.4			1.0
6539.3			1.0
6540.200000000001			1.0
6541.1			1.0
6542.0			1.0
6542.9			1.0
6543.8			1.0
6544.700000000001			1.0
6545.6			1.0
6546.5			1.0
6547.4			1.0
6548.3			1.0
6549.200000000001			1.0
6550.1			1.0
6551.0			1.0
6551.9			1.0
6552.8			1.0
6553.700000000001			1.0
6554.6			1.0
6555.5			1.0
6556.4			1.0
6557.3			1.0
6558.200000000001			1.0010694980937869
6559.1			0.9904498993013803
6560.0			0.9607365729109132
6560.9			0.8716210941898723
6561.8			0.7208470957157967
6562.700000000001			0.6289054116182822
6563.6			0.7019868526708363
6564.5			0.8602477929454102
6565.4			0.9647140592826797
6566.3			0.9973381226640856
6567.200000000001			0.9980932292687638
6568.1			1.0
6569.0			1.0
6569.9			1.0
6570.8			1.0
6571.700000000001			1.0
6572.6			1.0
6573.5			1.0
6574.4			1.0
6575.3			1.0
6576.200000000001			1.0
6577.1			1.0
6578.0			1.0
6578.9			1.0
6579.8			1.0
6580.700000000001			1.0
6581.6			1.0
6582.5			1.0
6583.4			1.0
6584.3			1.0
6585.200000000001			1.0
6586.1			1.0
6587.0			1.0
6587.9			1.0
6588.8			1.0141333188579669
6589.700000000001			1.0186263876791954
6590.6			1.0087973445084175
6591.5			0.9738526466458344
6592.4			0.9291200058316235
6593.3			0.9146767503940602
6594.200000000001			0.9464629847818371
6595.1			0.9921683762358264
6596.0			1.015142965325685
6596.9			1.0123701282220856
6597.8			1.0009974473100678
6598.700000000001			1.0
6599.6			1.0
6600.5			1.0
6601.4			1.0
6602.3			1.0
6603.200000000001			1.0
6604.1			1.0
6605.0			1.0
6605.9			1.0
6606.8			1.0
6607.700000000001			1.0
6608.6			1.0
6609.5			1.0
6610.4			1.0
6611.3			1.0
6612.200000000001			1.0
6613.1			1.0
6614.0			1.0
6614.9			1.0
6615.8			1.0
6616.700000000001			1.0
6617.6			1.0
6618.5			1.0
6619.4			1.0
6620.3			1.0
6621.200000000001			1.0
6622.1			1.0
6623.0			1.0
6623.9			1.0
6624.8			1.0
6625.700000000001			1.0
6626.6			1.0
6627.5			1.0
6628.4			1.0
6629.3			1.0
6630.200000000001			1.0
6631.1			1.0
6632.0			1.0
6632.9			1.0
6633.8			1.0
6634.700000000001			1.0
6635.6			1.0
6636.5			1.0
6637.4			1.0
6638.3			1.0
6639.200000000001			1.0
6640.1			1.0
6641.0			1.0
6641.9			1.0
6642.8			1.0
6643.700000000001			1.0
6644.6			1.0
6645.5			1.0
6646.4			1.0
6647.3			1.0
6648.200000000001			1.0
6649.1			1.0
6650.0			1.0
6650.9			1.0
6651.8			1.0
6652.700000000001			1.0
6653.6			1.0
6654.5			1.0
6655.4			1.0
6656.3			1.0
6657.200000000001			1.0
6658.1			1.0
6659.0			1.0
6659.9			1.0
6660.8			1.0
6661.700000000001			1.0
6662.6			1.0
6663.5			1.0
6664.4			1.0
6665.3			1.0
6666.200000000001			1.0
6667.1			1.0
6668.0			1.0
6668.9			1.0
6669.8			1.0
6670.700000000001			1.0
6671.6			1.0
6672.5			1.0
6673.4			1.0
6674.3			1.0
6675.200000000001			1.0
6676.1			1.0
6677.0			1.0
6677.9			1.0
6678.8			1.0
6679.700000000001			1.0
6680.6			1.0
6681.5			1.0
6682.4			1.0
6683.3			1.0
6684.200000000001			1.0
6685.1			1.0
6686.0			1.0
6686.9			1.0
6687.8			1.0
6688.700000000001			1.0
6689.6			1.0
6690.5			1.0
6691.4			1.0
6692.3			1.0
6693.200000000001			1.0
6694.1			1.0
6695.0			1.0
6695.9			1.0
6696.8			1.0
6697.700000000001			1.0
6698.6			1.0
6699.5			1.0
6700.4			1.0
6701.3			1.0
6702.200000000001			1.0
6703.1			1.0
6704.0			1.0
6704.9			1.0
6705.8			1.0
6706.700000000001			1.0
6707.6			1.0
6708.5			1.0
6709.4			1.0
6710.3			1.0
6711.200000000001			1.0
6712.1			1.0
6713.0			1.0
6713.9			1.0
6714.8			1.0
6715.700000000001			1.0
6716.6			1.0
6717.5			1.0
6718.4			1.0
6719.3			1.0
6720.200000000001			1.0
6721.1			1.0
6722.0			1.0
6722.9			1.0
6723.8			1.0
6724.700000000001			1.0
6725.6			1.0
6726.5			1.0
6727.4			1.0
6728.3			1.0
6729.200000000001			1.0
6730.1			1.0
6731.0			1.0
6731.9			1.0
6732.8			1.0
6733.700000000001			1.0
6734.6			1.0
6735.5			1.0
6736.4			1.0
6737.3			1.0
6738.200000000001			1.0
6739.1			1.0
6740.0			1.0
6740.9			1.0
6741.8			1.0
6742.700000000001			1.0
6743.6			1.0
6744.5			1.0
6745.4			1.0
6746.3			1.0
6747.200000000001			1.0
6748.1			1.0
6749.0			1.0
6749.9			1.0
6750.8			1.0
6751.700000000001			1.0
6752.6			1.0
6753.5			1.0
6754.4			1.0
6755.3			1.0
6756.200000000001			1.0
6757.1			1.0
6758.0			1.0
6758.9			1.0
6759.8			1.0
6760.700000000001			1.0
6761.6			1.0
6762.5			1.0
6763.4			1.0
6764.3			1.0
6765.200000000001			1.0
6766.1			1.0
6767.0			1.0
6767.9			1.0
6768.8			1.0
6769.700000000001			1.0
6770.6			1.0
6771.5			1.0
6772.4			1.0
6773.3			1.0
6774.200000000001			1.0
6775.1			1.0
6776.0			1.0
6776.9			1.0
6777.8			1.0
6778.700000000001			1.0
6779.6			1.0
6780.5			1.0
6781.4			1.0
6782.3			1.0
6783.200000000001			1.0
6784.1			1.0
6785.0			1.0
6785.9			1.0
6786.8			1.0
6787.700000000001			1.0
6788.6			1.0
6789.5			1.0
6790.4			1.0
6791.3			1.0
6792.200000000001			1.0
6793.1			1.0
6794.0			1.0
6794.9			1.0
6795.8			1.0
6796.700000000001			1.0
6797.6			1.0
6798.5			1.0
6799.4			1.0
6800.3			1.0
6801.200000000001			1.0
6802.1			1.0
6803.0			1.0
6803.9			1.0
6804.8			1.0
6805.700000000001			1.0
6806.6			1.0
6807.5			1.0
6808.4			1.0
6809.3			1.0
6810.200000000001			1.0
6811.1			1.0
6812.0			1.0
6812.9			1.0
6813.8			1.0
6814.700000000001			1.0
6815.6			1.0
6816.5			1.0
6817.4			1.0
6818.3			1.0
6819.200000000001			1.0
6820.1			1.0
6821.0			1.0
6821.9			1.0
6822.8			1.0
6823.700000000001			1.0
6824.6			1.0
6825.5			1.0
6826.4			1.0
6827.3			1.0
6828.200000000001			1.0
6829.1			1.0
6830.0			1.0
6830.9			1.0
6831.8			1.0
6832.700000000001			1.0
6833.6			1.0
6834.5			1.0
6835.4			1.0
6836.3			1.0
6837.200000000001			1.0
6838.1			1.0
6839.0			1.0
6839.9			1.0
6840.8			1.0
6841.700000000001			1.0
6842.6			1.0
6843.5			1.0
6844.4			1.0
6845.3			1.0
6846.200000000001			1.0
6847.1			1.0
6848.0			1.0
6848.9			1.0
6849.8			1.0
6850.700000000001			1.0
6851.6			1.0
6852.5			1.0
6853.4			1.0
6854.3			1.0
6855.200000000001			1.0
6856.1			1.0
6857.0			1.0
6857.9			1.0
6858.8			1.0
6859.700000000001			1.0
6860.6			1.0
6861.5			1.0
6862.4			1.0
6863.3			1.0
6864.200000000001			1.0
6865.1			1.0
6866.0			1.0
6866.9			1.0
6867.8			1.0
6868.700000000001			1.0
6869.6			1.0
6870.5			1.0
6871.4			1.0
6872.3			1.0
6873.200000000001			1.0
6874.1			1.0
6875.0			1.0
6875.9			1.0
6876.8			1.0
6877.700000000001			1.0
6878.6			1.0
6879.5			1.0
6880.4			1.0
6881.3			1.0
6882.200000000001			1.0
6883.1			1.0
6884.0			1.0
6884.9			1.0
6885.8			1.0
6886.700000000001			1.0
6887.6			1.0
6888.5			1.0
6889.4			1.0
6890.3			1.0
6891.200000000001			1.0
6892.1			1.0
6893.0			1.0
6893.9			1.0
6894.8			1.0
6895.700000000001			1.0
6896.6			1.0
6897.5			1.0
6898.4			1.0
6899.3			1.0
6900.200000000001			1.0
6901.1			1.0
6902.0			1.0
6902.9			1.0
6903.8			1.0
6904.700000000001			1.0
6905.6			1.0
6906.5			1.0
6907.4			1.0
6908.3			1.0
6909.200000000001			1.0
6910.1			1.0
6911.0			1.0
6911.9			1.0
6912.8			1.0
6913.700000000001			1.0
6914.6			1.0
6915.5			1.0
6916.4			1.0
6917.3			1.0
6918.200000000001			1.0
6919.1			1.0
6920.0			1.0
6920.9			1.0
6921.8			1.0
6922.700000000001			1.0
6923.6			1.0
6924.5			1.0
6925.4			1.0
6926.3			1.0
6927.200000000001			1.0
6928.1			1.0
6929.0			1.0
6929.9			1.0
6930.8			1.0
6931.700000000001			1.0
6932.6			1.0
6933.5			1.0
6934.4			1.0
6935.3			1.0
6936.200000000001			1.0
6937.1			1.0
6938.0			1.0
6938.9			1.0
6939.8			1.0
6940.700000000001			1.0
6941.6			1.0
6942.5			1.0
6943.4			1.0
6944.3			1.0
6945.200000000001			1.0
6946.1			1.0
6947.0			1.0
6947.9			1.0
6948.8			1.0
6949.700000000001			1.0
6950.6			1.0
6951.5			1.0
6952.4			1.0
6953.3			1.0
6954.200000000001			1.0
6955.1			1.0
6956.0			1.0
6956.9			1.0
6957.8			1.0
6958.700000000001			1.0
6959.6			1.0
6960.5			1.0
6961.4			1.0
6962.3			1.0
6963.200000000001			1.0
6964.1			1.0
6965.0			1.0
6965.9			1.0
6966.8			1.0073287402219206
6967.700000000001			1.0171289345435102
6968.6			1.0166439584249196
6969.5			1.00517520176692
6970.4			0.9909724878958571
6971.3			0.9860888487780676
6972.200000000001			0.9927583408186231
6973.1			0.9969854378683518
6974.0			0.9872951846133857
6974.9			0.9688208417830309
6975.8			0.949140321733484
6976.700000000001			0.9248350338892384
6977.6			0.8954358823831893
6978.5			0.884933662782868
6979.4			0.9112298818339313
6980.3			0.9537279121381594
6981.200000000001			0.983288342798137
6982.1			0.9973651342557058
6983.0			1.0037768190269856
6983.9			1.0025127529153834
6984.8			0.9983249241013364
6985.700000000001			0.99754273412865
6986.6			0.9964868974527928
6987.5			0.9901944141741117
6988.4			0.9839296714634042
6989.3			0.9877166168445464
6990.200000000001			1.0002342584504478
6991.1			1.0
6992.0			1.0
6992.9			1.0
6993.8			1.0
6994.700000000001			1.0
6995.6			1.0
6996.5			1.0
6997.4			1.0
6998.3			1.0
6999.200000000001			1.0
7000.1			1.0
7001.0			1.0
7001.9			1.0
7002.8			1.0
7003.700000000001			1.0
7004.6			1.0
7005.5			1.0
7006.4			1.0
7007.3			1.0
7008.200000000001			1.0
7009.1			1.0
7010.0			1.0
7010.9			1.0
7011.8			1.0001287236383256
7012.700000000001			1.0043926631797477
7013.6			0.9971199246238682
7014.5			0.9640059605821241
7015.4			0.9176846508969042
7016.3			0.9016630545291623
7017.200000000001			0.9340497822939825
7018.1			0.9782303489555021
7019.0			1.0018194531595694
7019.9			1.0063474048739638
7020.8			0.999382399528166
7021.700000000001			1.0
7022.6			1.0
7023.5			1.0
7024.4			1.0
7025.3			1.0
7026.200000000001			1.0
7027.1			1.0
7028.0			1.0
7028.9			1.0
7029.8			1.0
7030.700000000001			1.0
7031.6			1.0
7032.5			1.0
7033.4			1.0
7034.3			1.0
7035.200000000001			1.0
7036.1			1.0
7037.0			1.0
7037.9			1.0
7038.8			1.0
7039.700000000001			1.0
7040.6			1.0
7041.5			1.0
7042.4			1.0
7043.3			1.0
7044.200000000001			1.0
7045.1			0.9998317045754872
7046.0			1.0147190888926523
7046.9			1.0353949345908644
7047.8			1.0509299588617247
7048.700000000001			1.0585517790551444
7049.6			1.0593411872270644
7050.5			1.0496648949266565
7051.4			1.0252943497042146
7052.3			1.0021587337174898
7053.200000000001			1.0
7054.1			1.0
7055.0			1.0
7055.9			1.0
7056.8			1.0
7057.700000000001			1.0
7058.6			1.0
7059.5			1.0
7060.4			1.0
7061.3			1.0
7062.200000000001			1.0
7063.1			1.0
7064.0			1.0
7064.9			1.0
7065.8			1.0
7066.700000000001			1.0
7067.6			1.0
7068.5			1.0
7069.4			1.0
7070.3			1.0
7071.200000000001			1.0
7072.1			1.0
7073.0			1.0
7073.9			1.0
7074.8			1.0
7075.700000000001			1.0
7076.6			1.0
7077.5			1.0
7078.4			1.0
7079.3			1.0
7080.200000000001			1.0
7081.1			1.0
7082.0			1.0
7082.9			1.0
7083.8			1.0
7084.700000000001			1.0
7085.6			1.0
7086.5			1.0
7087.4			1.0
7088.3			1.0
7089.200000000001			1.0
7090.1			1.0
7091.0			1.0
7091.9			1.0
7092.8			1.0
7093.700000000001			1.0
7094.6			1.0
7095.5			1.0
7096.4			1.0
7097.3			1.0
7098.200000000001			1.0
7099.1			1.0
7100.0			1.0
7100.9			1.0
7101.8			1.0
7102.700000000001			1.0
7103.6			1.0
7104.5			1.0
7105.4			1.0
7106.3			1.0
7107.200000000001			1.0
7108.1			1.0
7109.0			1.0
7109.9			1.0
7110.8			1.0
7111.700000000001			1.0
7112.6			1.0
7113.5			1.0
7114.4			1.0
7115.3			1.0
7116.200000000001			1.0
7117.1			1.0
7118.0			1.0
7118.9			1.0
7119.8			1.0
7120.700000000001			1.0
7121.6			1.0
7122.5			1.0
7123.4			1.0
7124.3			1.0
7125.200000000001			1.0
7126.1			1.0
7127.0			1.0
7127.9			1.0
7128.8			1.0
7129.700000000001			1.0
7130.6			1.0
7131.5			1.0
7132.4			1.0
7133.3			1.0
7134.200000000001			1.0
7135.1			1.0
7136.0			1.0
7136.9			1.0
7137.8			1.0
7138.700000000001			1.0
7139.6			1.0
7140.5			1.0
7141.4			1.0
7142.3			1.0
7143.200000000001			1.0
7144.1			1.0
7145.0			1.0
7145.9			1.0
7146.8			1.0
7147.700000000001			1.0
7148.6			1.0
7149.5			1.0
7150.4			1.0
7151.3			1.0
7152.200000000001			1.0
7153.1			1.0
7154.0			1.0
7154.9			1.0
7155.8			1.0
7156.700000000001			1.0
7157.6			1.0
7158.5			1.0
7159.4			1.0
7160.3			1.0
7161.200000000001			1.0
7162.1			1.0
7163.0			1.0
7163.9			1.0
7164.8			1.0
7165.700000000001			1.0
7166.6			1.0
7167.5			1.0
7168.4			1.0
7169.3			1.0
7170.200000000001			1.0
7171.1			1.0
7172.0			1.0
7172.9			1.0
7173.8			1.0
7174.700000000001			1.0
7175.6			1.0
7176.5			1.0
7177.4			1.0
7178.3			1.0
7179.200000000001			1.0
7180.1			1.0
7181.0			1.0
7181.9			1.0
7182.8			1.0
7183.700000000001			1.0
7184.6			1.0
7185.5			1.0
7186.4			1.0
7187.3			1.0
7188.200000000001			1.0
7189.1			1.0
7190.0			1.0
7190.9			1.0
7191.8			1.0
7192.700000000001			1.0
7193.6			1.0
7194.5			1.0
7195.4			1.0
7196.3			1.0
7197.200000000001			1.0
7198.1			1.0
7199.0			1.0
7199.9			1.0
7200.8			1.0
7201.700000000001			0.993000115625749
7202.6			1.006321529212947
7203.5			1.0
7204.4			1.0021222878314742
7205.3			0.9792985464771791
7206.200000000001			0.9400067017905563
7207.1			0.920046747594953
7208.0			0.9336293827778926
7208.9			0.9600052464356508
7209.8			0.9872995533022835
7210.700000000001			1.0042722475395685
7211.6			1.000306813907781
7212.5			0.9858280714560801
7213.4			0.9746518292452222
7214.3			0.9698632207628285
7215.200000000001			0.9747595420767222
7216.1			0.9888955265485784
7217.0			1.0052601469825968
7217.9			1.009954265680646
7218.8			1.0017795069256465
7219.700000000001			0.9923006457009059
7220.6			0.986004023320796
7221.5			0.9841200956468353
7222.4			0.9834239856086099
7223.3			0.9897017142199546
7224.200000000001			1.0048935167158546
7225.1			1.016873250796042
7226.0			1.021562666698743
7226.9			1.0193384883938015
7227.8			1.0096818368553315
7228.700000000001			1.0078563585443903
7229.6			1.021841866953912
7230.5			1.0393960636534203
7231.4			1.0510690583755116
7232.3			1.0563463642131452
7233.200000000001			1.057250882269267
7234.1			1.0499411762851736
7235.0			1.0363492376531318
7235.9			1.0274719628374895
7236.8			1.0275552107788068
7237.700000000001			1.0268918701957186
7238.6			1.0241252006831143
7239.5			1.0268829771037455
7240.4			1.0375049661132039
7241.3			1.0477209852843619
7242.200000000001			1.0472800702591587
7243.1			1.030995947250603
7244.0			1.009306957416372
7244.9			1.003978864579106
7245.8			1.0194512785821743
7246.700000000001			1.038570800842857
7247.6			1.0490009707065193
7248.5			1.043826511673615
7249.4			1.0244185490265034
7250.3			1.0069111550575107
7251.200000000001			1.0071823423850104
7252.1			1.0214401472951282
7253.0			1.0326621092508852
7253.9			1.0308628022466484
7254.8			1.0310450226370198
7255.700000000001			1.04366324246655
7256.6			1.0594559301738873
7257.5			1.0645580843668825
7258.4			1.053972786995362
7259.3			1.0300954367619524
7260.200000000001			0.9953850587992606
7261.1			0.977622040042533
7262.0			0.9999950698612952
7262.9			1.0
7263.8			1.0
7264.700000000001			1.0
7265.6			1.0
7266.5			1.0
7267.4			1.0
7268.3			1.0
7269.200000000001			1.0
7270.1			1.0
7271.0			1.0
7271.9			1.0
7272.8			1.0
7273.700000000001			1.0
7274.6			1.0
7275.5			1.0
7276.4			1.0
7277.3			1.0
7278.200000000001			1.0
7279.1			1.0
7280.0			1.0
7280.9			1.0
7281.8			1.0
7282.700000000001			1.0
7283.6			1.0
7284.5			1.0
7285.4			1.0
7286.3			1.0
7287.200000000001			1.0
7288.1			1.0
7289.0			1.0
7289.9			1.0
7290.8			1.0
7291.700000000001			1.0
7292.6			1.0
7293.5			1.0
7294.4			1.0
7295.3			1.0
7296.200000000001			1.0
7297.1			1.0
7298.0			1.0
7298.9			1.0
7299.8			1.0
7300.700000000001			1.0
7301.6			1.0
7302.5			1.0
7303.4			1.0
7304.3			1.0
7305.200000000001			1.0
7306.1			1.0
7307.0			1.0
7307.9			1.0
7308.8			1.0
7309.700000000001			1.0
7310.6			1.0
7311.5			1.0
7312.4			1.0
7313.3			1.0
7314.200000000001			1.0
7315.1			1.0
7316.0			1.0
7316.9			1.0
7317.8			1.0
7318.700000000001			1.0
7319.6			1.0
7320.5			1.0
7321.4			1.0
7322.3			1.0
7323.200000000001			1.0
7324.1			1.0
7325.0			1.0
7325.9			1.0
7326.8			1.0
7327.700000000001			1.0
7328.6			1.0
7329.5			1.0
7330.4			1.0
7331.3			1.0
7332.200000000001			1.0
7333.1			1.0
7334.0			1.0
7334.9			1.0
7335.8			1.0
7336.700000000001			1.0
7337.6			1.0
7338.5			1.0
7339.4			1.0
7340.3			1.0
7341.200000000001			1.0
7342.1			1.0
7343.0			1.0
7343.9			1.0
7344.8			1.0
7345.700000000001			1.0
7346.6			1.0
7347.5			1.0
7348.4			1.0
7349.3			1.0
7350.200000000001			1.0
7351.1			1.0
7352.0			1.0
7352.9			1.0
7353.8			1.0
7354.700000000001			1.0
7355.6			1.0
7356.5			1.0
7357.4			1.0
7358.3			1.0
7359.200000000001			1.0
7360.1			1.0
7361.0			1.0
7361.9			1.0
7362.8			1.0
7363.700000000001			1.0
7364.6			1.0
7365.5			1.0
7366.4			1.0
7367.3			1.0
7368.200000000001			1.0
7369.1			1.0
7370.0			1.0
7370.9			1.0
7371.8			1.0
7372.700000000001			1.0
7373.6			1.0
7374.5			1.0
7375.4			1.0
7376.3			1.0
7377.200000000001			1.0
7378.1			1.0
7379.0			1.0
7379.9			1.0
7380.8			1.0
7381.700000000001			1.0
7382.6			1.0
7383.5			1.0
7384.4			1.0
7385.3			1.0
7386.200000000001			1.0
7387.1			1.0
7388.0			1.0
7388.9			1.0
7389.8			1.0
7390.700000000001			1.0
7391.6			1.0
7392.5			1.0
7393.4			1.0
7394.3			1.0
7395.200000000001			1.0
7396.1			1.0
7397.0			1.0
7397.9			1.0
7398.8			1.0
7399.700000000001			1.0
7400.6			1.0
7401.5			1.0
7402.4			1.0
7403.3			1.0
7404.200000000001			1.0
7405.1			1.0
7406.0			1.0
7406.9			1.0
7407.8			1.0
7408.700000000001			1.0
7409.6			1.0
7410.5			1.0
7411.4			1.0
7412.3			1.0
7413.200000000001			1.0
7414.1			1.0
7415.0			1.0
7415.9			1.0
7416.8			1.0
7417.700000000001			1.0
7418.6			1.0
7419.5			1.0
7420.4			1.0
7421.3			1.0
7422.200000000001			1.0
7423.1			1.0
7424.0			1.0
7424.9			1.0
7425.8			1.0
7426.700000000001			1.0
7427.6			1.0
7428.5			1.0
7429.4			1.0
