3500.0			1.0
3500.9			1.0
3501.8			1.0
3502.7			1.0
3503.6			1.0
3504.5			1.0
3505.4			1.0
3506.3			1.0
3507.2			1.0
3508.1			1.0
3509.0			1.0
3509.9			1.0
3510.8			1.0
3511.7			1.0
3512.6			1.0
3513.5			1.0
3514.4			1.0
3515.3			1.0
3516.2			1.0
3517.1			1.0
3518.0			1.0
3518.9			1.0
3519.8			1.0
3520.7			1.0
3521.6			1.0
3522.5			1.0
3523.4			1.0
3524.3			1.0
3525.2			1.0
3526.1			1.0
3527.0			1.0
3527.9			1.0
3528.8			1.0
3529.7			1.0
3530.6			1.0
3531.5			1.0
3532.4			1.0
3533.3			1.0
3534.2			1.0
3535.1			1.0
3536.0			1.0
3536.9			1.0
3537.8			1.0
3538.7			1.0
3539.6			1.0
3540.5			1.0
3541.4			1.0
3542.3			1.0
3543.2			1.0
3544.1			1.0
3545.0			1.0
3545.9			1.0
3546.8			1.0
3547.7			1.0
3548.6			1.0
3549.5			1.0
3550.4			1.0
3551.3			1.0
3552.2			1.0
3553.1			1.0
3554.0			1.0
3554.9			1.0
3555.8			1.0
3556.7			1.0
3557.6			1.0
3558.5			1.0
3559.4			1.0
3560.3			1.0
3561.2			1.0
3562.1			1.0
3563.0			1.0
3563.9			1.0
3564.8			1.0
3565.7			1.0
3566.6			1.0
3567.5			1.0
3568.4			1.0
3569.3			1.0
3570.2			1.0
3571.1			1.0
3572.0			1.0
3572.9			1.0
3573.8			1.0
3574.7			1.0
3575.6			1.0
3576.5			1.0
3577.4			1.0
3578.3			1.0
3579.2			1.0
3580.1			1.0
3581.0			1.0
3581.9			1.0
3582.8			1.0
3583.7			1.0
3584.6			1.0
3585.5			1.0
3586.4			1.0
3587.3			1.0
3588.2			1.0
3589.1			1.0
3590.0			1.0
3590.9			1.0
3591.8			1.0
3592.7			1.0
3593.6			1.0
3594.5			1.0
3595.4			1.0
3596.3			1.0
3597.2			1.0
3598.1			1.0
3599.0			1.0
3599.9			1.0
3600.8			1.0
3601.7			1.0
3602.6			1.0
3603.5			1.0
3604.4			1.0
3605.3			1.0
3606.2			1.0
3607.1			1.0
3608.0			1.0
3608.9			1.0
3609.8			1.0
3610.7			1.0
3611.6			1.0
3612.5			1.0
3613.4			1.0
3614.3			1.0
3615.2			1.0
3616.1			1.0
3617.0			1.0
3617.9			1.0
3618.8			1.0
3619.7			1.0
3620.6			1.0
3621.5			1.0
3622.4			1.0
3623.3			1.0
3624.2			1.0
3625.1			1.0
3626.0			1.0
3626.9			1.0
3627.8			1.0
3628.7			1.0
3629.6			1.0
3630.5			1.0
3631.4			1.0
3632.3			1.0
3633.2			1.0
3634.1			1.0
3635.0			1.0
3635.9			1.0
3636.8			1.0
3637.7			1.0
3638.6			1.0
3639.5			1.0
3640.4			1.0
3641.3			1.0
3642.2			1.0
3643.1			1.0
3644.0			1.0
3644.9			1.0
3645.8			1.0
3646.7			1.0
3647.6			1.0
3648.5			1.0
3649.4			1.0
3650.3			1.0
3651.2			1.0
3652.1			1.0
3653.0			1.0
3653.9			1.0
3654.8			1.0
3655.7			1.0
3656.6			1.0
3657.5			1.0
3658.4			1.0
3659.3			1.0
3660.2			1.0
3661.1			1.0
3662.0			1.0
3662.9			1.0
3663.8			1.0
3664.7			1.0
3665.6			1.0
3666.5			1.0
3667.4			1.0
3668.3			1.0
3669.2			1.0
3670.1			1.0
3671.0			1.0
3671.9			1.0
3672.8			1.0
3673.7			1.0
3674.6			1.0
3675.5			1.0
3676.4			1.0
3677.3			1.0
3678.2			1.0
3679.1			1.0
3680.0			1.0
3680.9			1.0
3681.8			1.0
3682.7			1.0
3683.6			1.0
3684.5			1.0
3685.4			1.0
3686.3			1.0
3687.2			1.0
3688.1			1.0
3689.0			1.0
3689.9			1.0
3690.8			1.0
3691.7			1.0
3692.6			1.0
3693.5			1.0
3694.4			1.0
3695.3			1.0
3696.2			1.0
3697.1			1.0
3698.0			1.0
3698.9			1.0
3699.8			1.0
3700.7			1.0
3701.6			1.0
3702.5			1.0
3703.4			1.0
3704.3			1.0
3705.2			1.0
3706.1			1.0
3707.0			1.0
3707.9			1.0
3708.8			1.0
3709.7			1.0
3710.6			1.0
3711.5			1.0
3712.4			1.0
3713.3			1.0
3714.2			1.0
3715.1			1.0
3716.0			1.0
3716.9			1.0
3717.8			1.0
3718.7			1.0
3719.6			1.0
3720.5			1.0
3721.4			1.0
3722.3			1.0
3723.2			1.0
3724.1			1.0
3725.0			1.0
3725.9			1.0
3726.8			1.0
3727.7			1.0
3728.6			1.0
3729.5			1.0
3730.4			1.0
3731.3			1.0
3732.2			1.0
3733.1			1.0
3734.0			1.0
3734.9			1.0
3735.8			1.0
3736.7			1.0
3737.6			1.0
3738.5			1.0
3739.4			1.0
3740.3			1.0
3741.2			1.0
3742.1			1.0
3743.0			1.0
3743.9			1.0
3744.8			1.0
3745.7			1.0
3746.6			1.0
3747.5			1.0
3748.4			1.0
3749.3			1.0
3750.2			1.0
3751.1			1.0
3752.0			1.0
3752.9			1.0
3753.8			1.0
3754.7			1.0
3755.6			1.0
3756.5			1.0
3757.4			1.0
3758.3			1.0
3759.2			1.0
3760.1			1.0
3761.0			1.0
3761.9			1.0
3762.8			1.0
3763.7			1.0
3764.6			1.0
3765.5			1.0
3766.4			1.0
3767.3			1.0
3768.2			1.0
3769.1			1.0
3770.0			1.0
3770.9			1.0
3771.8			1.0
3772.7			1.0
3773.6			1.0
3774.5			1.0
3775.4			1.0
3776.3			1.0
3777.2			1.0
3778.1			1.0
3779.0			1.0
3779.9			1.0
3780.8			1.0
3781.7			1.0
3782.6			1.0
3783.5			1.0
3784.4			1.0
3785.3			1.0
3786.2			1.0
3787.1			1.0
3788.0			1.0
3788.9			1.0
3789.8			1.0
3790.7			1.0
3791.6			1.0
3792.5			1.0
3793.4			1.0
3794.3			1.0
3795.2			1.0
3796.1			1.0
3797.0			1.0
3797.9			1.0
3798.8			1.0
3799.7			1.0
3800.6			1.0
3801.5			1.0
3802.4			1.0
3803.3			1.0
3804.2			1.0
3805.1			1.0
3806.0			1.0
3806.9			1.0
3807.8			1.0
3808.7			1.0
3809.6			1.0
3810.5			1.0
3811.4			1.0
3812.3			1.0
3813.2			1.0
3814.1			1.0
3815.0			1.0
3815.9			1.0
3816.8			1.0
3817.7			1.0
3818.6			1.0
3819.5			1.0
3820.4			1.0
3821.3			1.0
3822.2			1.0
3823.1			1.0
3824.0			1.0
3824.9			1.0
3825.8			1.0
3826.7			1.0
3827.6			1.0
3828.5			1.0
3829.4			1.0
3830.3			1.0
3831.2			1.0
3832.1			1.0
3833.0			1.0
3833.9			1.0
3834.8			1.0
3835.7			1.0
3836.6			1.0
3837.5			1.0
3838.4			1.0
3839.3			1.0
3840.2			1.0
3841.1			1.0
3842.0			1.0
3842.9			1.0
3843.8			1.0
3844.7			1.0
3845.6			1.0
3846.5			1.0
3847.4			1.0
3848.3			1.0
3849.2			1.0
3850.1			1.0
3851.0			1.0
3851.9			1.0
3852.8			1.0
3853.7			1.0
3854.6			1.0
3855.5			1.0
3856.4			1.0
3857.3			1.0
3858.2			1.0
3859.1			1.0
3860.0			1.0
3860.9			1.0
3861.8			1.0
3862.7			1.0
3863.6			1.0
3864.5			1.0
3865.4			1.0
3866.3			1.0
3867.2			1.0
3868.1			1.0
3869.0			1.0
3869.9			1.0
3870.8			1.0
3871.7			1.0
3872.6			1.0
3873.5			1.0
3874.4			1.0
3875.3			1.0
3876.2			1.0
3877.1			1.0
3878.0			1.0
3878.9			1.0
3879.8			1.0
3880.7			1.0
3881.6			1.0
3882.5			1.0
3883.4			1.0
3884.3			1.0
3885.2			1.0
3886.1			1.0
3887.0			1.0
3887.9			1.0
3888.8			1.0
3889.7			1.0
3890.6			1.0
3891.5			1.0
3892.4			1.0
3893.3			1.0
3894.2			1.0
3895.1			1.0
3896.0			1.0
3896.9			1.0
3897.8			1.0
3898.7			1.0
3899.6			1.0
3900.5			1.0
3901.4			1.0
3902.3			1.0
3903.2			1.0
3904.1			1.0
3905.0			1.0
3905.9			1.0
3906.8			1.0
3907.7			1.0
3908.6			1.0
3909.5			1.0
3910.4			1.0
3911.3			1.0
3912.2			1.0
3913.1			1.0
3914.0			1.0
3914.9			1.0
3915.8			1.0
3916.7			1.0
3917.6			1.0
3918.5			1.0
3919.4			1.0
3920.3			1.0
3921.2			1.0
3922.1			1.0
3923.0			1.0
3923.9			1.0
3924.8			1.0
3925.7			1.0
3926.6			1.0
3927.5			1.0
3928.4			1.0
3929.3			1.0
3930.2			1.0
3931.1			1.0
3932.0			1.0
3932.9			1.0
3933.8			1.0
3934.7			1.0
3935.6			1.0
3936.5			1.0
3937.4			1.0
3938.3			1.0
3939.2			1.0
3940.1			1.0
3941.0			1.0
3941.9			1.0
3942.8			1.0
3943.7			1.0
3944.6			1.0
3945.5			1.0
3946.4			1.0
3947.3			1.0
3948.2			1.0
3949.1			1.0
3950.0			1.0
3950.9			1.0
3951.8			1.0
3952.7			1.0
3953.6			1.0
3954.5			1.0
3955.4			1.0
3956.3			1.0
3957.2			1.0
3958.1			1.0
3959.0			1.0
3959.9			1.0
3960.8			1.0
3961.7			1.0
3962.6			1.0
3963.5			1.0
3964.4			1.0
3965.3			1.0
3966.2			1.0
3967.1			1.0
3968.0			1.0
3968.9			1.0
3969.8			1.0
3970.7			1.0
3971.6			1.0
3972.5			1.0
3973.4			1.0
3974.3			1.0
3975.2			1.0
3976.1			1.0
3977.0			1.0
3977.9			1.0
3978.8			1.0
3979.7			1.0
3980.6			1.0
3981.5			1.0
3982.4			1.0
3983.3			1.0
3984.2			1.0
3985.1			1.0
3986.0			1.0
3986.9			1.0
3987.8			1.0
3988.7			1.0
3989.6			1.0
3990.5			1.0
3991.4			1.0
3992.3			1.0
3993.2			1.0
3994.1			1.0
3995.0			1.0
3995.9			1.0
3996.8			1.0
3997.7			1.0
3998.6			1.0
3999.5			1.0
4000.4			1.0
4001.3			1.0
4002.2			1.0149299250119383
4003.1			1.0243061014398989
4004.0			0.9607300071466089
4004.9			0.8588598488508639
4005.8			0.8304875655755711
4006.7			0.8962464027809619
4007.6			0.9730029789260072
4008.5			1.0021908189163893
4009.4			1.0014158939308269
4010.3			1.0
4011.2			1.0
4012.1			1.0
4013.0			1.0
4013.9			1.0
4014.8			1.0
4015.7			1.0
4016.6			1.0
4017.5			1.0
4018.4			1.0
4019.3			1.0
4020.2			1.0
4021.1			1.0
4022.0			1.0
4022.9			1.0
4023.8			1.0
4024.7			1.0
4025.6			1.0295706352232066
4026.5			1.0719932637655425
4027.4			1.083975801258697
4028.3			1.0591834642157054
4029.2			0.9910266932181587
4030.1			0.9023052263327405
4031.0			0.8521136773746342
4031.9			0.8455871798192939
4032.8			0.8516727712940521
4033.7			0.8685977283720494
4034.6			0.8919238963175367
4035.5			0.9216667736904823
4036.4			0.9685079089627673
4037.3			1.0077161745573413
4038.2			1.0056741925100796
4039.1			1.0
4040.0			1.0
4040.9			1.0
4041.8			1.0
4042.7			1.021025221582621
4043.6			0.9476732277366076
4044.5			0.8167845052960866
4045.4			0.7427962935102282
4046.3			0.8131202555163111
4047.2			0.947619566423121
4048.1			1.0012113342234574
4049.0			1.0
4049.9			1.0
4050.8			1.0
4051.7			1.0
4052.6			1.0
4053.5			1.0
4054.4			1.0
4055.3			1.0
4056.2			1.0
4057.1			0.9656051705333781
4058.0			0.9425813595909449
4058.9			0.9812326897517842
4059.8			1.0423581621624385
4060.7			1.0612015575084908
4061.6			1.0103931294787507
4062.5			0.9103198018430511
4063.4			0.8428212077972165
4064.3			0.8796790318450993
4065.2			0.9430786128616094
4066.1			0.9311642000842941
4067.0			0.903938008849211
4067.9			0.9454149757936264
4068.8			1.0069263909318469
4069.7			0.9936758981642313
4070.6			1.0
4071.5			1.0
4072.4			1.0
4073.3			1.0668948927466562
4074.2			1.065027407414824
4075.1			0.9989918004721475
4076.0			0.9054109731469242
4076.9			0.8283313504076536
4077.8			0.8213350226307894
4078.7			0.8780552832365303
4079.6			0.9518269090895148
4080.5			1.016737863310688
4081.4			1.0410116908114155
4082.3			1.0022063552877414
4083.2			1.0
4084.1			1.0
4085.0			1.0
4085.9			1.0272157749437032
4086.8			1.0699452825718339
4087.7			1.1053223585346155
4088.6			1.1085766607234762
4089.5			1.0871764074117773
4090.4			1.0594247677060316
4091.3			1.028935283356554
4092.2			1.0112379587665117
4093.1			1.0188257325994785
4094.0			1.013127942979622
4094.9			0.9640913494050997
4095.8			0.9100767272644918
4096.7			0.882291804414643
4097.6			0.8644589734866355
4098.5			0.8349571331772458
4099.4			0.7721100725400131
4100.3			0.6615556092512362
4101.2			0.5599646407529377
4102.1			0.560056538727826
4103.0			0.6573686281511141
4103.9			0.7642676301670871
4104.8			0.8349512961492764
4105.7			0.8756196429076045
4106.6			0.8938242562255895
4107.5			0.8989173173374266
4108.4			0.8963882146771953
4109.3			0.8893351760739672
4110.2			0.8889567486031146
4111.1			0.8997055512135825
4112.0			0.9190908907819005
4112.9			0.9437475981866978
4113.8			0.9619655932586374
4114.7			1.0
4115.6			1.0230784044932717
4116.5			1.0344850015007008
4117.4			0.9966337395260512
4118.3			0.9342134552737834
4119.2			0.9210648227128195
4120.1			0.956946620931333
4121.0			0.9726700823725226
4121.9			0.9570280245966079
4122.8			0.9521494760722666
4123.7			0.9742571245937046
4124.6			0.9928274424550559
4125.5			0.9828196709745234
4126.4			0.9575977032783396
4127.3			0.9349650111076983
4128.2			0.9307542674381846
4129.1			0.9522281786563284
4130.0			0.9712000319961646
4130.9			0.9518501212591871
4131.8			0.9073764951537873
4132.7			0.8902872927167109
4133.6			0.9060105385380179
4134.5			0.9488977952952203
4135.4			1.014345731714604
4136.3			1.0424096649431627
4137.2			1.037624410079522
4138.1			1.058423221326454
4139.0			1.0
4139.9			1.0071481326632068
4140.8			0.9927716163372903
4141.7			0.9433690479053873
4142.6			0.8699887521883999
4143.5			0.8435499720510851
4144.4			0.8984331254478147
4145.3			0.9687211378477854
4146.2			0.9948043991604306
4147.1			1.0
4148.0			0.9944146739426653
4148.9			0.9739282875849319
4149.8			0.9576240391826705
4150.7			0.9706293698013577
4151.6			0.9798041197985062
4152.5			0.9688565858906335
4153.4			0.9415250845835493
4154.3			0.9167598995601834
4155.2			0.9222958706587662
4156.1			0.9260871301512485
4157.0			0.9320381555363182
4157.9			0.9658987294697052
4158.8			0.9958326102942185
4159.7			1.0056911348540547
4160.6			0.9996922326554056
4161.5			1.0
4162.4			1.0
4163.3			1.0
4164.2			0.9996308174790376
4165.1			0.9996020703287949
4166.0			0.9815440672771243
4166.9			0.9424308876418149
4167.8			0.9355033021429585
4168.7			0.9809274367309252
4169.6			1.0057132645620657
4170.5			0.9650909753079613
4171.4			0.8858284439354366
4172.3			0.8266821816838031
4173.2			0.8319609477750012
4174.1			0.8888363873886742
4175.0			0.9492840153092769
4175.9			0.9773400461792867
4176.8			0.9671976938936458
4177.7			0.9514180558618431
4178.6			0.9767283416623233
4179.5			1.0363736449844136
4180.4			1.0652347400736333
4181.3			1.0328908683825335
4182.2			0.9937047211045703
4183.1			1.0
4184.0			1.0
4184.9			1.0330219452036855
4185.8			1.0
4186.7			0.9437426405022838
4187.6			0.911016867887826
4188.5			0.952235845186022
4189.4			1.0066718074528798
4190.3			1.0124653472655487
4191.2			0.9949259016618714
4192.1			1.0202838945960866
4193.0			1.0744780291400027
4193.9			1.072067736951845
4194.8			1.0079044902293364
4195.7			0.9571157691246419
4196.6			0.9411758210141772
4197.5			0.9123147994363944
4198.4			0.8803348252786843
4199.3			0.9007682190506557
4200.2			0.9357083294294782
4201.1			0.9261059285092808
4202.0			0.910299882360053
4202.9			0.9302066307574387
4203.8			0.9543103042356252
4204.7			0.9619528410783453
4205.6			0.973278466193717
4206.5			0.9925111219488306
4207.4			1.0109606282968195
4208.3			1.0158250597000213
4209.2			1.0039865340340723
4210.1			1.0
4211.0			1.0188859946943318
4211.9			1.0438938075636064
4212.8			1.0521506547156219
4213.7			1.032897250932081
4214.6			0.9732600121044882
4215.5			0.9101283457921909
4216.4			0.9128668542233463
4217.3			0.9592673100332452
4218.2			0.9825469888958197
4219.1			0.98478172241358
4220.0			0.9999190563619363
4220.9			1.0
4221.8			0.991188361825175
4222.7			0.9586336259936824
4223.6			1.0
4224.5			0.9330256584860918
4225.4			0.8371891400219832
4226.3			0.7554678994484808
4227.2			0.7962312438999907
4228.1			0.9503551216688321
4229.0			1.0668564289119735
4229.9			1.099537469368317
4230.8			1.1058347546920222
4231.7			1.0858046865575588
4232.6			1.0358588663374038
4233.5			1.0172288643818004
4234.4			1.0279284997055154
4235.3			0.9996842598215067
4236.2			0.9702959196087577
4237.1			0.9894935847933809
4238.0			1.002232957446659
4238.9			0.9866776549186378
4239.8			0.9973381787962217
4240.7			1.0488282463386778
4241.6			1.073479899925876
4242.5			1.0525723534869127
4243.4			1.0
4244.3			1.0356039080268018
4245.2			1.0326587996029388
4246.1			0.9900379905555862
4247.0			0.9512279748259994
4247.9			0.948687226907602
4248.8			0.9586047098234063
4249.7			0.9459278476803292
4250.6			0.9606807514975914
4251.5			1.0332274885340293
4252.4			1.0833001664090511
4253.3			1.0592292684365763
4254.2			1.0096521595994432
4255.1			1.0009739413406247
4256.0			1.0
4256.9			1.0248278736760221
4257.8			0.9866128948679828
4258.7			0.916769662493446
4259.6			0.8552456573967687
4260.5			0.8293240769399518
4261.4			0.8791520919558674
4262.3			0.9618964459373346
4263.2			1.0
4264.1			1.0036193829871256
4265.0			1.0038290505715601
4265.9			1.006678674558578
4266.8			0.9822436503955304
4267.7			0.949594689117376
4268.6			0.9375957644902053
4269.5			0.9221760981690245
4270.4			0.8690784183082849
4271.3			0.8106863606818173
4272.2			0.8236162752128255
4273.1			0.8764445749312026
4274.0			0.8847081705620066
4274.9			0.888384841750235
4275.8			0.9391854426535996
4276.7			0.9985257704168292
4277.6			1.0184460117578429
4278.5			0.9989974045859773
4279.4			1.0
4280.3			1.0
4281.2			1.0
4282.1			1.0
4283.0			1.0
4283.9			1.0
4284.8			0.9751055745910863
4285.7			1.0
4286.6			0.9929748336783394
4287.5			0.9891133372455589
4288.4			0.9454692385079088
4289.3			0.8802373938556987
4290.2			0.8638904644365564
4291.1			0.9230127784304692
4292.0			1.0045255462088492
4292.9			1.0441066196537934
4293.8			1.026200007700003
4294.7			0.9943629577306213
4295.6			0.975103689758433
4296.5			0.9451155598448867
4297.4			0.8942794267982338
4298.3			0.8220108307290561
4299.2			0.7457978409652178
4300.1			0.7242157540601212
4301.0			0.7540394512839743
4301.9			0.7678871484223432
4302.8			0.7709417160227032
4303.7			0.8002858126837961
4304.6			0.8252865919730797
4305.5			0.8210425930315237
4306.4			0.7980861931201438
4307.3			0.7492294668274819
4308.2			0.7058166427734539
4309.1			0.7189679221904519
4310.0			0.7683330139433843
4310.9			0.8138606030908757
4311.8			0.8488414915584904
4312.7			0.8771219899788911
4313.6			0.8973292044051366
4314.5			0.9268238165257067
4315.4			1.0006845171058467
4316.3			1.0824068417632158
4317.2			1.108969077616792
4318.1			1.0962891903047662
4319.0			1.0821689361459446
4319.9			1.0
4320.8			0.9753606850352128
4321.7			0.9656822256453055
4322.6			0.9360183205155934
4323.5			0.8627374026758604
4324.4			0.7884818065429872
4325.3			0.7569905526053152
4326.2			0.802536827026654
4327.1			0.9078889603488858
4328.0			0.9982213786158912
4328.9			1.0270411407171123
4329.8			1.0
4330.7			0.9712728768812244
4331.6			0.9783720331384554
4332.5			0.9963093003111407
4333.4			1.000011500489813
4334.3			0.9976827617133044
4335.2			0.9843290463054207
4336.1			0.9274993721233935
4337.0			0.8282232208684007
4337.9			0.7380143090739164
4338.8			0.660006507778785
4339.7			0.5754759186614419
4340.6			0.5557959045810407
4341.5			0.6521981151732515
4342.4			0.7729678449948229
4343.3			0.8341763934493749
4344.2			0.8739095722656578
4345.1			0.9334644636626533
4346.0			0.9808011501036169
4346.9			1.0
4347.8			1.0187742868824874
4348.7			1.0494058680485139
4349.6			1.0441339930913016
4350.5			0.9656860848963676
4351.4			0.8722139110869709
4352.3			0.8683861630383801
4353.2			0.9422240012719801
4354.1			0.9894895043693517
4355.0			0.9959300398907804
4355.9			1.0
4356.8			1.0
4357.7			1.0
4358.6			1.0
4359.5			1.0
4360.4			1.0
4361.3			1.0
4362.2			1.0
4363.1			1.0
4364.0			1.0
4364.9			1.0
4365.8			1.0
4366.7			1.0
4367.6			1.0
4368.5			1.0
4369.4			1.0
4370.3			1.0
4371.2			1.0075923043146835
4372.1			1.0134365108398689
4373.0			1.0
4373.9			0.9342345201987066
4374.8			0.8973002051907288
4375.7			0.9328770913387827
4376.6			1.0028240096050574
4377.5			1.0503274341016842
4378.4			1.0607096200935717
4379.3			1.0474244580221659
4380.2			1.0391559364825724
4381.1			1.0378950754986733
4382.0			0.9780193918264825
4382.9			0.841468622210077
4383.8			0.7489808331496051
4384.7			0.7892857502836741
4385.6			0.9002989846396373
4386.5			0.9772231235252051
4387.4			0.9867416399348787
4388.3			0.9784867076984765
4389.2			0.9750863526857982
4390.1			0.9671556165690087
4391.0			0.9737829062583271
4391.9			1.0060987579422105
4392.8			1.026111820462774
4393.7			1.0001634151369858
4394.6			1.0
4395.5			1.0
4396.4			1.0
4397.3			1.0
4398.2			0.9912468455888922
4399.1			0.9467817649068809
4400.0			0.8925352167711288
4400.9			0.8797104732124252
4401.8			0.9300000426487792
4402.7			0.9689362534048531
4403.6			0.9283583694959616
4404.5			0.8707425353322755
4405.4			0.893056180082213
4406.3			0.9530857630360847
4407.2			0.9512702160009536
4408.1			0.917082792684924
4409.0			0.9263944214093068
4409.9			1.0
4410.8			1.0248460889459472
4411.7			1.039450850364909
4412.6			1.044867777783377
4413.5			1.0077873274411533
4414.4			0.9274019051198504
4415.3			0.8731533762197804
4416.2			0.8859241028458003
4417.1			0.9123348622588201
4418.0			0.9310040683904282
4418.9			0.9693914175172323
4419.8			0.9993658855789699
4420.7			1.0
4421.6			1.0
4422.5			1.0
4423.4			1.0
4424.3			1.0
4425.2			1.0
4426.1			1.0
4427.0			1.0
4427.9			1.0213157398946526
4428.8			1.0325369194050755
4429.7			1.0065713913322767
4430.6			0.9801016457869448
4431.5			0.9937780893848648
4432.4			1.0108951405164384
4433.3			0.9950143511196318
4434.2			0.9581406015825006
4435.1			1.0
4436.0			1.0260704278501511
4436.9			1.0904673451784577
4437.8			1.140880279207701
4438.7			1.1572591266846854
4439.6			1.1393257605405895
4440.5			1.095413814806106
4441.4			1.0386117580309453
4442.3			0.9847476401263829
4443.2			0.9682341356646709
4444.1			1.0092235018736133
4445.0			1.0729895379378867
4445.9			1.0965721092537721
4446.8			1.0705278278387227
4447.7			1.054589978036673
4448.6			1.065170537017811
4449.5			1.0556957687464452
4450.4			1.0284125926221237
4451.3			1.0278952622021262
4452.2			1.0415385164941078
4453.1			1.0171005411683278
4454.0			0.9487225311807267
4454.9			0.8887280120017038
4455.8			0.8873494795670521
4456.7			0.9184500386273263
4457.6			0.9257366828386516
4458.5			0.915803194579209
4459.4			0.9205289148262173
4460.3			0.9218500553409625
4461.2			0.8984713780724373
4462.1			0.8987199498231412
4463.0			0.9405542986739893
4463.9			0.9642848750712418
4464.8			0.957797986925856
4465.7			0.9558333519498597
4466.6			0.9576258636535113
4467.5			0.9475634521058213
4468.4			0.9194881735439153
4469.3			0.8964116016196672
4470.2			0.9082642451991211
4471.1			0.9418810710330925
4472.0			0.9692181550979193
4472.9			0.9866776543113194
4473.8			0.9992819911045355
4474.7			1.0
4475.6			1.0
4476.5			1.0022816152714737
4477.4			1.0208041443082867
4478.3			1.0122456337179475
4479.2			0.9617452623893545
4480.1			0.8916207806958822
4481.0			0.8413618775962599
4481.9			0.8459265170351687
4482.8			0.9010314019315558
4483.7			0.9598823512006103
4484.6			1.0
4485.5			1.0167165086759888
4486.4			1.024878289194685
4487.3			1.0094197597464036
4488.2			0.9675877960364438
4489.1			0.9312454680690584
4490.0			0.9314146305681235
4490.9			0.9663698837339942
4491.8			1.0117400493627728
4492.7			1.0370185107896341
4493.6			1.0221552813956023
4494.5			1.0014967771633716
4495.4			1.0
4496.3			1.0
4497.2			1.0
4498.1			1.0
4499.0			1.0
4499.9			1.0
4500.8			1.0
4501.7			1.0
4502.6			1.0
4503.5			1.0
4504.4			1.0
4505.3			1.0
4506.2			1.0
4507.1			1.0
4508.0			1.0
4508.9			1.0
4509.8			1.0
4510.7			1.0
4511.6			1.0
4512.5			1.0
4513.4			1.0
4514.3			1.0
4515.2			1.0
4516.1			1.0
4517.0			1.0
4517.9			1.0
4518.8			1.0
4519.7			1.0171077693864556
4520.6			1.0242672560009274
4521.5			1.0175193335967625
4522.4			0.9920691222706637
4523.3			0.9848551139487889
4524.2			0.9925727741686549
4525.1			0.978159855768123
4526.0			0.9567942375121508
4526.9			0.9404765528680094
4527.8			0.9224315951418466
4528.7			0.9100315438362995
4529.6			0.9210590285937107
4530.5			0.9439384727141108
4531.4			0.9681507099810062
4532.3			0.9809352696470999
4533.2			0.9500260652083443
4534.1			0.9145114765403856
4535.0			0.9175914050302212
4535.9			1.0
4536.8			1.074210146572825
4537.7			1.1201799481594306
4538.6			1.1091071806695674
4539.5			1.0762266116746353
4540.4			1.0452419583479295
4541.3			1.034861834486506
4542.2			1.0506251646583586
4543.1			1.0614185074467206
4544.0			1.0389457728666607
4544.9			1.0068555603636684
4545.8			1.0006240820983816
4546.7			1.0028213240830888
4547.6			0.987513092049223
4548.5			0.9435697471159924
4549.4			0.898734673618701
4550.3			0.9153119397493129
4551.2			0.9671605557582105
4552.1			0.9807686660523129
4553.0			0.9641021231257909
4553.9			0.9398799788789547
4554.8			1.0
4555.7			1.004957877235263
4556.6			1.042213300539858
4557.5			1.0807850309932343
4558.4			1.0889146688422464
4559.3			1.094371036091545
4560.2			1.1086653085447438
4561.1			1.1173377872760077
4562.0			1.113099860842314
4562.9			1.0798970539149741
4563.8			1.0334096683077314
4564.7			1.0076138884152137
4565.6			1.0148157252693037
4566.5			1.0484501315613455
4567.4			1.0839950567173273
4568.3			1.0946808603744238
4569.2			1.091993212227262
4570.1			1.0763898960840768
4571.0			1.0335094637359972
4571.9			1.008417413737751
4572.8			1.0435824595977923
4573.7			1.0830507097129503
4574.6			1.082356098324466
4575.5			1.069860095336187
4576.4			1.0701905683648067
4577.3			1.0743197252894827
4578.2			1.0594950872201387
4579.1			1.0264291860439916
4580.0			0.9929290796150051
4580.9			0.9711995938890545
4581.8			0.969418622819344
4582.7			0.9712046024054073
4583.6			0.9634250154913946
4584.5			0.965992220538959
4585.4			0.9772543183858506
4586.3			0.9885834944782522
4587.2			1.0088206883205895
4588.1			1.026920046946343
4589.0			1.03627685614372
4589.9			1.0319742141694008
4590.8			1.006392371368555
4591.7			0.9766329214163177
4592.6			0.9741916413464637
4593.5			1.0006695021898708
4594.4			1.0138894994161263
4595.3			1.0011497720918061
4596.2			0.9939841811446253
4597.1			0.9997708946718707
4598.0			1.0034059543130247
4598.9			1.0026104687858415
4599.8			0.9865469486025934
4600.7			0.9699289549543464
4601.6			0.9804978881653016
4602.5			1.000303376895317
4603.4			1.0076984896743117
4604.3			1.0011062938758113
4605.2			0.9933079561603922
4606.1			0.9986915733334729
4607.0			1.0135708629279303
4607.9			1.0301269586714632
4608.8			1.045938367126349
4609.7			1.0437627979719792
4610.6			1.021215341673151
4611.5			1.000572179186816
4612.4			1.0
4613.3			1.0
4614.2			1.0
4615.1			1.0
4616.0			1.0
4616.9			1.0
4617.8			1.0
4618.7			1.0
4619.6			1.0
4620.5			1.0
4621.4			1.0
4622.3			1.0
4623.2			1.0
4624.1			1.0
4625.0			1.0
4625.9			1.0
4626.8			1.0
4627.7			1.0
4628.6			1.0
4629.5			1.0
4630.4			1.0
4631.3			1.0
4632.2			1.0
4633.1			1.0
4634.0			1.0
4634.9			1.0
4635.8			1.0
4636.7			1.0
4637.6			1.0
4638.5			1.0014333040878742
4639.4			1.0115156059733632
4640.3			1.0214420210524058
4641.2			1.037831291849078
4642.1			1.047893119344377
4643.0			1.0406649613735341
4643.9			1.0285660803735923
4644.8			1.015730590545684
4645.7			0.9886595491645233
4646.6			0.9573736289982243
4647.5			0.9471679464850321
4648.4			0.9638069059980453
4649.3			0.9991152688488009
4650.2			1.0283138161340295
4651.1			1.034307312169546
4652.0			1.0381471889677145
4652.9			1.0457897041166506
4653.8			1.0302813273229818
4654.7			1.0026086115287078
4655.6			0.9948374551176028
4656.5			1.0001490042838779
4657.4			1.0
4658.3			1.0
4659.2			1.0
4660.1			1.0
4661.0			1.0
4661.9			0.9816339717535215
4662.8			0.9671624933945283
4663.7			0.9637793192078772
4664.6			0.9683987236160577
4665.5			0.9486796227963293
4666.4			0.8915877790777921
4667.3			0.8471241324924554
4668.2			0.8651101682365518
4669.1			0.9213349919265619
4670.0			0.9711493272911497
4670.9			1.0017559572902275
4671.8			1.008255471554053
4672.7			0.9982957072783696
4673.6			1.0
4674.5			1.0
4675.4			1.0
4676.3			1.0
4677.2			1.0
4678.1			1.0
4679.0			1.0
4679.9			1.0
4680.8			1.0
4681.7			1.0
4682.6			1.0
4683.5			1.0
4684.4			1.0
4685.3			1.0
4686.2			1.0
4687.1			1.0
4688.0			1.0
4688.9			1.0
4689.8			0.993925531611927
4690.7			0.9825327921613786
4691.6			0.9776088566937687
4692.5			0.9891392775987267
4693.4			1.0025816998092718
4694.3			1.009970478058273
4695.2			1.0193700036610083
4696.1			1.0264579233509836
4697.0			1.0138565585195876
4697.9			0.9803410669366158
4698.8			0.9534327596789577
4699.7			0.9545895462478267
4700.6			0.9626476366732285
4701.5			0.9502040538428849
4702.4			0.9218516795878974
4703.3			0.911908638698543
4704.2			0.9410894209446042
4705.1			0.9746669225769419
4706.0			0.9798581137026122
4706.9			0.953752945966721
4707.8			0.9244358317963867
4708.7			0.9169845112936
4709.6			0.9324022382870991
4710.5			0.9660895182520675
4711.4			0.9941075879832318
4712.3			0.9953571250158265
4713.2			0.9743773386508264
4714.1			0.9493267048939672
4715.0			0.9491092547953518
4715.9			0.9765131231272375
4716.8			1.000033585440605
4717.7			1.0
4718.6			1.0
4719.5			1.0
4720.4			1.0
4721.3			1.0
4722.2			1.0
4723.1			1.0
4724.0			1.0
4724.9			1.0
4725.8			1.0
4726.7			1.0
4727.6			1.0
4728.5			1.0
4729.4			1.0
4730.3			1.0
4731.2			1.0
4732.1			1.0
4733.0			1.0
4733.9			1.0
4734.8			1.0
4735.7			1.0
4736.6			1.0
4737.5			1.0
4738.4			1.0
4739.3			1.0
4740.2			1.0
4741.1			1.0
4742.0			1.0
4742.9			1.0
4743.8			1.0
4744.7			1.0
4745.6			1.0
4746.5			1.0
4747.4			1.0
4748.3			1.0
4749.2			1.0
4750.1			1.0
4751.0			1.0
4751.9			1.0
4752.8			0.9868490328874923
4753.7			0.9754448031715797
4754.6			0.9631849705862703
4755.5			0.9573233416825836
4756.4			0.9570510722897839
4757.3			0.9725992196436455
4758.2			0.9936140211846676
4759.1			1.0096911850124237
4760.0			1.013336105640536
4760.9			0.987708838156358
4761.8			0.9402536315922182
4762.7			0.9143559819691769
4763.6			0.9171668521315787
4764.5			0.914145692934432
4765.4			0.9049578476262048
4766.3			0.9087063076045732
4767.2			0.9339622041195503
4768.1			0.9574361215463304
4769.0			0.9743639739507046
4769.9			0.9829687483998305
4770.8			0.965050268726638
4771.7			0.9429895005958748
4772.6			0.9479463979687088
4773.5			0.9747004990199509
4774.4			0.9969062232452088
4775.3			0.9925567743268247
4776.2			0.9838076922881408
4777.1			0.9928516493786329
4778.0			1.0000246102569705
4778.9			1.0
4779.8			1.0
4780.7			1.0
4781.6			1.0
4782.5			1.0
4783.4			1.0
4784.3			1.0
4785.2			1.0
4786.1			1.0
4787.0			1.0
4787.9			1.0
4788.8			1.0
4789.7			1.0
4790.6			1.0
4791.5			1.0
4792.4			1.0
4793.3			1.0
4794.2			1.0
4795.1			1.0
4796.0			1.0
4796.9			1.0
4797.8			1.0
4798.7			1.0
4799.6			1.0
4800.5			1.0
4801.4			1.0
4802.3			1.0
4803.2			1.0
4804.1			1.0
4805.0			1.0
4805.9			1.0
4806.8			1.0
4807.7			1.0
4808.6			1.0
4809.5			1.0
4810.4			1.0
4811.3			1.0
4812.2			1.0
4813.1			1.0
4814.0			1.0
4814.9			1.0
4815.8			1.0
4816.7			1.0
4817.6			1.0
4818.5			1.0
4819.4			1.0
4820.3			1.0
4821.2			1.0
4822.1			1.0
4823.0			1.0
4823.9			1.0
4824.8			1.0
4825.7			1.0
4826.6			1.0
4827.5			1.0
4828.4			1.0
4829.3			1.0
4830.2			1.0
4831.1			1.0
4832.0			1.0
4832.9			1.0
4833.8			1.0
4834.7			1.0
4835.6			1.0
4836.5			1.0
4837.4			1.0
4838.3			1.0
4839.2			1.0
4840.1			1.0
4841.0			1.0
4841.9			1.0
4842.8			1.0
4843.7			1.0
4844.6			1.0
4845.5			1.0
4846.4			1.0
4847.3			1.0
4848.2			1.0
4849.1			1.0
4850.0			1.0232705942466591
4850.9			1.037708511405137
4851.8			1.0292522580930576
4852.7			1.0153452908140208
4853.6			0.9938455119852577
4854.5			0.9466017102472041
4855.4			0.898453769797718
4856.3			0.8920957631711551
4857.2			0.9061196981169121
4858.1			0.8863940035386049
4859.0			0.8152833790260708
4859.9			0.6971196483733979
4860.8			0.581697303981553
4861.7			0.5699056530849276
4862.6			0.6791503409160724
4863.5			0.7954712230672065
4864.4			0.8629191081250552
4865.3			0.908442893386135
4866.2			0.9458412282329286
4867.1			0.9760108371566676
4868.0			1.0
4868.9			1.0092045838478614
4869.8			0.9903490986316886
4870.7			0.9367890084566137
4871.6			0.9011224511868277
4872.5			0.9255238764269105
4873.4			0.9740048479113247
4874.3			1.0003308455970212
4875.2			1.0
4876.1			1.0
4877.0			1.0
4877.9			1.0
4878.8			1.0
4879.7			1.0
4880.6			1.0
4881.5			1.0
4882.4			0.9899901078486816
4883.3			0.9886198920465589
4884.2			0.9728331702497098
4885.1			0.9501782830431716
4886.0			0.9381067084610839
4886.9			0.9434149053170431
4887.8			0.9561053199302159
4888.7			0.9580856650502393
4889.6			0.9438225188651667
4890.5			0.914179749829051
4891.4			0.9027897489746364
4892.3			0.9517382825413836
4893.2			1.012117378850893
4894.1			1.0420870373984954
4895.0			1.053905342136334
4895.9			1.0544605226503232
4896.8			1.0490610029718526
4897.7			1.044644841085442
4898.6			1.0317199400621477
4899.5			1.0079748230305652
4900.4			1.0000222342622205
4901.3			1.0
4902.2			1.0
4903.1			1.0
4904.0			1.0
4904.9			1.0
4905.8			1.0242311245070397
4906.7			1.026374498175923
4907.6			1.0069174558837366
4908.5			0.9781208812895066
4909.4			0.9394138467210836
4910.3			0.905271274550341
4911.2			1.0
4912.1			1.0374139655217767
4913.0			1.0660784447919966
4913.9			1.0775770437004704
4914.8			1.0876323147213107
4915.7			1.0893326807410786
4916.6			1.062023047618356
4917.5			1.0069553577646526
4918.4			0.9448053985121766
4919.3			0.9029741771362292
4920.2			0.895165839480763
4921.1			0.9177132213184436
4922.0			0.951988438768311
4922.9			0.9570338268069997
4923.8			0.9335921404157429
4924.7			0.93316252736686
4925.6			0.9697972009768386
4926.5			0.9991638252331116
4927.4			1.0019922793011602
4928.3			1.003613410826964
4929.2			1.0
4930.1			1.0
4931.0			0.9945731749812676
4931.9			0.9815476086328339
4932.8			0.9424266634042305
4933.7			0.9084748315486723
4934.6			0.9244187460273909
4935.5			0.9606037252801981
4936.4			0.9619965772017489
4937.3			0.9316029200653574
4938.2			0.8975391219715694
4939.1			0.891778553035503
4940.0			0.9330046575582482
4940.9			0.9879769768188925
4941.8			1.0119173577742528
4942.7			1.0174895620008644
4943.6			1.0244361839947667
4944.5			1.017355115370152
4945.4			0.9927502808478084
4946.3			0.9811509714869212
4947.2			1.000037432124504
4948.1			1.0
4949.0			1.0
4949.9			1.0
4950.8			1.0
4951.7			1.0
4952.6			1.0
4953.5			1.0
4954.4			1.0016604042190198
4955.3			0.996550480230282
4956.2			0.9501425371992652
4957.1			0.8754815856609136
4958.0			0.8683560212278661
4958.9			0.9435195212676422
4959.8			1.0021756412091198
4960.7			1.0088817856502703
4961.6			0.9976051364931942
4962.5			1.0
4963.4			1.0
4964.3			1.0
4965.2			1.0
4966.1			1.0
4967.0			1.0
4967.9			1.0
4968.8			1.0
4969.7			1.0
4970.6			1.0
4971.5			1.0
4972.4			1.0
4973.3			1.0
4974.2			1.0
4975.1			1.0
4976.0			1.0
4976.9			0.9927428938337928
4977.8			0.9755271463088206
4978.7			0.9575573132394102
4979.6			0.9536196164242389
4980.5			0.9496283204128599
4981.4			0.9213514330060069
4982.3			0.874760128953502
4983.2			0.8483145823657603
4984.1			0.8629642218351599
4985.0			0.903936634535008
4985.9			0.9589646473997897
4986.8			1.0072542512544158
4987.7			1.0229866706230917
4988.6			1.014166155972065
4989.5			1.002225431604624
4990.4			1.0
4991.3			1.0
4992.2			1.0
4993.1			1.0
4994.0			1.0
4994.9			1.0
4995.8			1.0
4996.7			1.0
4997.6			1.0
4998.5			0.9877296231699647
4999.4			0.9666257556110849
5000.3			0.9519746719158685
5001.2			0.9474134131993474
5002.1			0.955394157524838
5003.0			0.9789183855595756
5003.9			1.0
5004.8			0.9698873501721389
5005.7			0.9226111904065586
5006.6			0.9150427841851997
5007.5			0.9603557147128837
5008.4			1.014473630304162
5009.3			1.0332617572121385
5010.2			1.0175519505665498
5011.1			0.9832563172283199
5012.0			0.9416511952975194
5012.9			0.9145787651374485
5013.8			0.9081119093911247
5014.7			0.924639568200309
5015.6			0.9521164814867223
5016.5			0.9503304105550742
5017.4			0.9121349648148245
5018.3			0.8915454216794584
5019.2			0.9239707928890223
5020.1			0.9653862241924535
5021.0			0.9737447496797024
5021.9			0.9591707343163307
5022.8			0.9573211634614444
5023.7			0.9759630293847564
5024.6			0.9913442985770867
5025.5			0.9911166523516237
5026.4			0.9710444381529219
5027.3			0.9428361927154886
5028.2			0.948670738227493
5029.1			0.9799225584927279
5030.0			0.9918115929321217
5030.9			0.9889895437442867
5031.8			1.0
5032.7			1.0262066116577169
5033.6			1.034965094874989
5034.5			1.006357093905092
5035.4			0.9582489155629021
5036.3			0.9458338674011415
5037.2			0.9710713556611233
5038.1			0.9754242589017207
5039.0			0.9500283357257656
5039.9			0.9108512603093277
5040.8			0.867712628625187
5041.7			0.875629002626413
5042.6			0.9540735057841818
5043.5			1.0263735976464372
5044.4			1.0574711547324123
5045.3			1.0747317189692964
5046.2			1.0814084402505142
5047.1			1.0631836956239058
5048.0			1.0245534572487032
5048.9			0.9995474976754799
5049.8			1.0
5050.7			1.0
5051.6			1.0
5052.5			1.0
5053.4			1.0
5054.3			1.0
5055.2			1.0
5056.1			1.0
5057.0			1.0
5057.9			1.0
5058.8			1.0
5059.7			1.0
5060.6			1.0
5061.5			1.0
5062.4			1.0
5063.3			1.0
5064.2			1.0
5065.1			1.0
5066.0			1.0
5066.9			1.0
5067.8			1.0
5068.7			1.0
5069.6			1.0
5070.5			1.0
5071.4			1.0
5072.3			1.0
5073.2			1.0
5074.1			1.0078460089236356
5075.0			1.004255256009785
5075.9			1.010334640687874
5076.8			1.023189501111047
5077.7			1.0119120135562856
5078.6			0.9557976460114528
5079.5			0.8989408313863076
5080.4			0.8967125652744051
5081.3			0.9330946499040067
5082.2			0.9570204061165868
5083.1			0.9534895024289105
5084.0			0.9593002825044685
5084.9			0.9891149940894822
5085.8			1.0091019710362914
5086.7			1.001851753173636
5087.6			1.0
5088.5			1.0
5089.4			1.0
5090.3			1.0
5091.2			1.0
5092.1			1.0
5093.0			1.0
5093.9			1.0
5094.8			0.9988436262773922
5095.7			0.9844096591649959
5096.6			0.9497582755131395
5097.5			0.9095495175740353
5098.4			0.8788866168570107
5099.3			0.8786939952290147
5100.2			0.922980774127443
5101.1			0.9786686577803109
5102.0			1.0081180532447767
5102.9			1.0089289826392303
5103.8			1.0001899868751216
5104.7			1.0
5105.6			1.0
5106.5			1.0
5107.4			1.0
5108.3			1.0
5109.2			1.0
5110.1			1.0
5111.0			1.0
5111.9			1.0
5112.8			1.0
5113.7			1.0
5114.6			1.0
5115.5			1.0
5116.4			1.0
5117.3			1.0
5118.2			1.0
5119.1			1.0
5120.0			1.0
5120.9			1.0
5121.8			1.0
5122.7			1.0
5123.6			1.0
5124.5			1.0
5125.4			1.0
5126.3			1.0
5127.2			1.0
5128.1			1.0
5129.0			1.0
5129.9			1.0
5130.8			1.0
5131.7			1.0
5132.6			1.0
5133.5			1.0
5134.4			1.0
5135.3			1.0
5136.2			1.0
5137.1			1.0
5138.0			1.0
5138.9			1.0
5139.8			1.0
5140.7			1.0
5141.6			1.0
5142.5			1.0
5143.4			1.0
5144.3			1.0
5145.2			1.0
5146.1			1.0
5147.0			1.0
5147.9			1.0
5148.8			1.0
5149.7			1.0
5150.6			1.0
5151.5			1.0
5152.4			1.0
5153.3			1.0
5154.2			1.0
5155.1			1.0
5156.0			1.0
5156.9			1.0
5157.8			1.0
5158.7			0.9965637365434852
5159.6			0.9992781511508895
5160.5			0.99887439040188
5161.4			0.9765558388404291
5162.3			0.9571918099050406
5163.2			0.9660650768842389
5164.1			0.9660099928428506
5165.0			0.9300543810806682
5165.9			0.868440792408856
5166.8			0.7942053057614122
5167.7			0.7555291950710908
5168.6			0.7874777943117063
5169.5			0.8595473240584873
5170.4			0.904463717540813
5171.3			0.8525984616595059
5172.2			0.7665366306287787
5173.1			0.7750764828147967
5174.0			0.8839767458270569
5174.9			0.9777958532496036
5175.8			1.0041823319893046
5176.7			0.9999942976151085
5177.6			1.0
5178.5			1.0
5179.4			1.0
5180.3			0.9955419209331537
5181.2			0.9765551107628169
5182.1			0.9026612377542913
5183.0			0.7829080708105306
5183.9			0.7410304137727135
5184.8			0.8372520248783645
5185.7			0.9503960322337579
5186.6			1.0022511206484852
5187.5			1.0005703087173958
5188.4			1.0
5189.3			1.0
5190.2			1.0
5191.1			1.0
5192.0			1.0
5192.9			1.0
5193.8			1.0
5194.7			1.0
5195.6			1.0
5196.5			1.0
5197.4			1.0
5198.3			1.0
5199.2			1.0
5200.1			1.0
5201.0			1.0
5201.9			1.0
5202.8			1.0
5203.7			1.0
5204.6			1.0
5205.5			1.0
5206.4			1.0
5207.3			1.0
5208.2			1.0
5209.1			1.0
5210.0			1.0
5210.9			1.0
5211.8			1.0
5212.7			1.0132334183839835
5213.6			1.006635703351407
5214.5			0.9690764251327388
5215.4			0.9263337015600349
5216.3			0.9110834963200798
5217.2			0.9238106740681054
5218.1			0.9548780361655109
5219.0			0.9883286328992152
5219.9			1.0012224744126503
5220.8			1.0
5221.7			1.0
5222.6			0.9971393258559716
5223.5			0.9847760838373736
5224.4			0.9587266076235903
5225.3			0.9102584460346932
5226.2			0.848514152023911
5227.1			0.8328147542566559
5228.0			0.8956265132196007
5228.9			0.9570282148449439
5229.8			0.9833322248174756
5230.7			1.001972180074557
5231.6			0.9996454065464049
5232.5			1.0
5233.4			1.0
5234.3			1.0
5235.2			1.0
5236.1			1.0
5237.0			1.0
5237.9			1.0
5238.8			1.0
5239.7			1.0
5240.6			1.0
5241.5			1.0
5242.4			1.0
5243.3			1.0
5244.2			1.0
5245.1			1.0
5246.0			1.0
5246.9			1.0
5247.8			1.0
5248.7			1.0
5249.6			1.0
5250.5			0.9910046557269839
5251.4			1.0104784127746869
5252.3			1.029251436845682
5253.2			1.0262396315651956
5254.1			1.0071516880133629
5255.0			0.9981682686544051
5255.9			1.0194137430080796
5256.8			1.0506874000916775
5257.7			1.067198429993563
5258.6			1.070706988602514
5259.5			1.06226463380222
5260.4			1.036223316579451
5261.3			0.9873047842728992
5262.2			0.9400661287699958
5263.1			0.9155892494890445
5264.0			0.8947984934428042
5264.9			0.8771016776551441
5265.8			0.8753212607370501
5266.7			0.9148447495784461
5267.6			0.9600619333791469
5268.5			0.9375085184531792
5269.4			0.8778532863538524
5270.3			0.8789818381385597
5271.2			0.9475066264326837
5272.1			0.9865542987289633
5273.0			0.9757229862912464
5273.9			0.9607120357962157
5274.8			0.9417507166291241
5275.7			0.9364316293894172
5276.6			0.9860486054706181
5277.5			1.042313686109684
5278.4			1.0550807183221282
5279.3			1.0362975352202208
5280.2			1.0135752940373641
5281.1			0.9997781931173579
5282.0			1.0
5282.9			1.0
5283.8			1.0
5284.7			1.0
5285.6			1.0
5286.5			1.0
5287.4			1.0
5288.3			1.0
5289.2			1.0
5290.1			1.0
5291.0			1.0034397423717534
5291.9			0.9960696735998288
5292.8			0.98625872783642
5293.7			0.985660507978787
5294.6			0.9855972595739391
5295.5			0.9729651421365884
5296.4			0.9377811268785903
5297.3			0.8950820616909916
5298.2			0.8889957137337315
5299.1			0.9291869925537588
5300.0			0.9643135487710487
5300.9			0.9642877972024201
5301.8			0.9528372094251683
5302.7			0.9591192342925392
5303.6			0.9871835188154324
5304.5			1.0048972017640958
5305.4			1.000378867278586
5306.3			1.0
5307.2			1.0
5308.1			1.0
5309.0			1.0
5309.9			1.0
5310.8			1.0
5311.7			1.0
5312.6			1.0
5313.5			1.0
5314.4			1.0
5315.3			1.0
5316.2			1.0
5317.1			1.0
5318.0			1.0
5318.9			1.0
5319.8			1.0
5320.7			1.0
5321.6			0.9960323601445501
5322.5			0.9869336129056103
5323.4			0.9588025014040329
5324.3			0.9346681569950148
5325.2			0.9488804295119523
5326.1			0.963106600210765
5327.0			0.9275564025530862
5327.9			0.8588275480563353
5328.8			0.8524402152448031
5329.7			0.9257078796858623
5330.6			0.988670504528205
5331.5			1.0042020559240312
5332.4			0.9888147653302577
5333.3			0.9835007320222041
5334.2			0.9996889778470309
5335.1			1.0076210404546726
5336.0			0.9999950612962621
5336.9			1.0
5337.8			1.0
5338.7			1.0
5339.6			1.0
5340.5			1.0
5341.4			1.0
5342.3			1.0
5343.2			1.0
5344.1			1.0
5345.0			1.0
5345.9			1.0
5346.8			1.0
5347.7			1.0
5348.6			1.0
5349.5			1.0
5350.4			1.0
5351.3			1.0
5352.2			1.0
5353.1			1.0
5354.0			1.0
5354.9			1.0
5355.8			1.0
5356.7			1.0
5357.6			1.0
5358.5			1.0
5359.4			1.0
5360.3			0.996582902477118
5361.2			0.9796059227870582
5362.1			0.9571783983757352
5363.0			0.9481340529582334
5363.9			0.94705264119753
5364.8			0.9392174375068946
5365.7			0.9449524678152368
5366.6			0.9579894996648898
5367.5			0.9576867496413323
5368.4			0.9581874048889167
5369.3			0.9418266077745702
5370.2			0.9141043289744776
5371.1			0.9114084102474334
5372.0			0.9401781875193613
5372.9			0.9858291556189241
5373.8			1.0107898284040753
5374.7			1.0258549454841772
5375.6			1.0324266575252836
5376.5			1.027464623742755
5377.4			1.0214311898932673
5378.3			1.0181251022961224
5379.2			1.0082231066013383
5380.1			0.9935620956866656
5381.0			0.9943914782770265
5381.9			1.00061509138304
5382.8			1.0
5383.7			1.0
5384.6			1.0
5385.5			1.0
5386.4			1.0
5387.3			1.0
5388.2			1.0
5389.1			1.0
5390.0			1.0
5390.9			1.0
5391.8			1.0
5392.7			1.0
5393.6			1.0
5394.5			1.0
5395.4			1.0011652913559534
5396.3			0.9744391533746477
5397.2			0.9501934112628109
5398.1			0.9654633829111695
5399.0			0.9902930734850031
5399.9			0.9930480744041762
5400.8			0.9929759724229257
5401.7			1.0080234812775246
5402.6			1.0029748640881224
5403.5			0.9606997033247104
5404.4			0.921984435129638
5405.3			0.921895713010076
5406.2			0.9487166527486899
5407.1			0.9868005143570092
5408.0			1.0020887626844357
5408.9			0.9851070910923458
5409.8			0.958693473054064
5410.7			0.9644919122552251
5411.6			0.9998111718994704
5412.5			1.0268975090637515
5413.4			1.0214176767772098
5414.3			1.001728918134267
5415.2			0.9998784525221139
5416.1			1.0
5417.0			1.0
5417.9			1.0
5418.8			1.0
5419.7			1.0
5420.6			1.0
5421.5			1.0
5422.4			1.0
5423.3			1.0
5424.2			1.0
5425.1			1.0
5426.0			1.0
5426.9			1.0
5427.8			1.0
5428.7			1.0
5429.6			1.0
5430.5			1.0
5431.4			1.0
5432.3			1.0
5433.2			1.0
5434.1			1.0
5435.0			1.0
5435.9			1.0
5436.8			1.0
5437.7			1.0
5438.6			1.0
5439.5			1.0
5440.4			1.0
5441.3			1.0
5442.2			1.0
5443.1			1.0
5444.0			1.0
5444.9			1.0
5445.8			1.0
5446.7			1.0
5447.6			1.0
5448.5			1.0
5449.4			1.0
5450.3			1.0
5451.2			1.0
5452.1			0.9962069165933575
5453.0			0.9891043594769864
5453.9			0.9635665434962913
5454.8			0.9186546946581421
5455.7			0.9028939022832363
5456.6			0.9444956435088963
5457.5			0.9867413003364571
5458.4			1.000502759951558
5459.3			0.9996022537273686
5460.2			1.0
5461.1			1.0
5462.0			1.0
5462.9			1.0
5463.8			1.0
5464.7			1.0
5465.6			1.0
5466.5			1.0
5467.4			1.0
5468.3			1.0
5469.2			1.0
5470.1			1.0
5471.0			1.0010745705095911
5471.9			0.9980013945519608
5472.8			0.9875883636322182
5473.7			0.9845598702333775
5474.6			0.9832763449323265
5475.5			0.9534118687274693
5476.4			0.9125398877042118
5477.3			0.9252321026130937
5478.2			0.9819492867971994
5479.1			1.0151601021018906
5480.0			1.010649786032741
5480.9			0.9952075838917065
5481.8			1.0021539199220888
5482.7			1.0
5483.6			1.0
5484.5			1.0
5485.4			1.0
5486.3			1.0
5487.2			1.0
5488.1			1.0
5489.0			1.0
5489.9			1.0
5490.8			1.0
5491.7			1.0
5492.6			1.0
5493.5			1.0
5494.4			1.0
5495.3			1.0
5496.2			1.0
5497.1			1.0
5498.0			1.0
5498.9			1.0
5499.8			1.0
5500.7			1.0
5501.6			1.0
5502.5			1.0
5503.4			1.0
5504.3			1.0
5505.2			1.0
5506.1			1.0
5507.0			1.0
5507.9			1.0
5508.8			1.0
5509.7			1.0
5510.6			1.0
5511.5			1.0
5512.4			1.0
5513.3			1.0
5514.2			1.0
5515.1			1.0
5516.0			1.0
5516.9			1.0
5517.8			1.0
5518.7			1.0
5519.6			1.0
5520.5			1.0
5521.4			1.0
5522.3			1.0
5523.2			1.0
5524.1			1.0
5525.0			1.0
5525.9			1.0
5526.8			1.0
5527.7			1.0
5528.6			1.0
5529.5			1.0
5530.4			1.0
5531.3			1.0
5532.2			1.0
5533.1			1.0
5534.0			1.0
5534.9			1.0
5535.8			1.0
5536.7			1.0
5537.6			1.0
5538.5			1.0
5539.4			1.0
5540.3			1.0
5541.2			1.0
5542.1			1.0
5543.0			1.0
5543.9			1.0
5544.8			1.0
5545.7			1.0
5546.6			1.0
5547.5			1.0
5548.4			1.0
5549.3			1.0
5550.200000000001			1.0
5551.1			1.0
5552.0			1.0
5552.9			1.0
5553.8			1.0
5554.700000000001			1.0
5555.6			1.0
5556.5			1.0
5557.4			1.0
5558.3			1.0
5559.200000000001			1.0
5560.1			1.0
5561.0			1.0
5561.9			1.0
5562.8			1.0
5563.700000000001			1.0
5564.6			1.0
5565.5			1.0
5566.4			1.0
5567.3			1.0
5568.200000000001			1.0
5569.1			1.0
5570.0			1.0
5570.9			1.0
5571.8			1.0
5572.700000000001			1.0
5573.6			1.0
5574.5			1.0
5575.4			1.0
5576.3			1.0
5577.200000000001			1.0104673962239736
5578.1			1.0238406213273255
5579.0			1.0293203605205996
5579.9			1.0298429837369654
5580.8			1.022736395669165
5581.700000000001			1.0127455725631564
5582.6			1.0116290730633706
5583.5			1.0208077729274045
5584.4			1.0272008279437554
5585.3			1.0113442630141736
5586.200000000001			0.976903729296192
5587.1			0.9502006862302999
5588.0			0.9442682414447173
5588.9			0.9537473095887189
5589.8			0.9755049590735809
5590.700000000001			1.0004761664180548
5591.6			1.0143084006488006
5592.5			1.0140263072545328
5593.4			1.0007027147414245
5594.3			0.9912059616358718
5595.200000000001			1.011555309815809
5596.1			1.0457567704546868
5597.0			1.0486952317705651
5597.9			1.0189805308413662
5598.8			1.0015931459007272
5599.700000000001			1.0
5600.6			1.0
5601.5			1.0
5602.4			1.0
5603.3			1.0
5604.200000000001			1.0
5605.1			1.0
5606.0			1.0
5606.9			1.0
5607.8			1.0
5608.700000000001			1.0
5609.6			1.0
5610.5			1.0
5611.4			1.0
5612.3			0.9997228214059083
5613.200000000001			0.9925454579490386
5614.1			0.9642747962556703
5615.0			0.9196486530460274
5615.9			0.9096157412185547
5616.8			0.9496609835919342
5617.700000000001			0.9883145189898584
5618.6			0.9976273496547555
5619.5			0.9967192273021429
5620.4			1.0
5621.3			1.0
5622.200000000001			1.0
5623.1			1.0
5624.0			1.0
5624.9			1.0
5625.8			1.0
5626.700000000001			1.0
5627.6			1.0
5628.5			1.0
5629.4			1.0
5630.3			1.0
5631.200000000001			1.0
5632.1			1.0
5633.0			1.0
5633.9			1.0
5634.8			1.0
5635.700000000001			1.0
5636.6			1.0
5637.5			1.0
5638.4			1.0
5639.3			1.0
5640.200000000001			1.0
5641.1			1.0
5642.0			1.0
5642.9			1.0
5643.8			1.0
5644.700000000001			1.0
5645.6			1.0
5646.5			1.0
5647.4			1.0
5648.3			1.0
5649.200000000001			1.0
5650.1			1.0
5651.0			1.0
5651.9			1.0
5652.8			1.0
5653.700000000001			1.0
5654.6			1.0
5655.5			1.0
5656.4			1.0
5657.3			1.0
5658.200000000001			1.0
5659.1			1.0
5660.0			1.0
5660.9			1.0
5661.8			1.0
5662.700000000001			1.0
5663.6			1.0
5664.5			1.0
5665.4			1.0
5666.3			1.0
5667.200000000001			1.0
5668.1			1.0
5669.0			1.0
5669.9			1.0
5670.8			1.0
5671.700000000001			1.0
5672.6			1.0
5673.5			1.0
5674.4			1.0
5675.3			1.0
5676.200000000001			1.0
5677.1			1.0
5678.0			1.0
5678.9			1.0
5679.8			1.0
5680.700000000001			1.0
5681.6			1.0
5682.5			1.0
5683.4			1.0
5684.3			1.0
5685.200000000001			1.0
5686.1			1.0
5687.0			1.0
5687.9			1.0
5688.8			1.0
5689.700000000001			1.0
5690.6			1.0
5691.5			1.0
5692.4			1.0
5693.3			1.0
5694.200000000001			1.0
5695.1			1.0
5696.0			1.0
5696.9			1.0
5697.8			1.0
5698.700000000001			1.0
5699.6			1.0
5700.5			1.0
5701.4			1.0
5702.3			1.0
5703.200000000001			1.0
5704.1			1.0
5705.0			1.0
5705.9			1.0
5706.8			1.0
5707.700000000001			1.0
5708.6			1.0
5709.5			1.0
5710.4			1.0
5711.3			1.0
5712.200000000001			1.0
5713.1			1.0
5714.0			1.0
5714.9			1.0
5715.8			1.0
5716.700000000001			1.0
5717.6			1.0
5718.5			1.0
5719.4			1.0
5720.3			1.0
5721.200000000001			1.0
5722.1			1.0
5723.0			1.0
5723.9			1.0
5724.8			1.0
5725.700000000001			1.0
5726.6			1.0
5727.5			1.0
5728.4			1.0
5729.3			1.0
5730.200000000001			1.0
5731.1			1.0
5732.0			1.0
5732.9			1.0
5733.8			1.0
5734.700000000001			1.0
5735.6			1.0
5736.5			1.0
5737.4			1.0
5738.3			1.0
5739.200000000001			1.0
5740.1			1.0
5741.0			1.0
5741.9			1.0
5742.8			1.0
5743.700000000001			1.0
5744.6			1.0
5745.5			1.0
5746.4			1.0
5747.3			1.0
5748.200000000001			1.0
5749.1			1.0
5750.0			1.0
5750.9			1.0
5751.8			1.0
5752.700000000001			1.0
5753.6			1.0
5754.5			1.0
5755.4			1.0
5756.3			1.0
5757.200000000001			1.0
5758.1			1.0
5759.0			1.0
5759.9			1.0
5760.8			1.0
5761.700000000001			1.0
5762.6			1.0
5763.5			1.0
5764.4			1.0
5765.3			1.0
5766.200000000001			1.0
5767.1			1.0
5768.0			1.0
5768.9			1.0
5769.8			1.0
5770.700000000001			1.0
5771.6			1.0
5772.5			1.0
5773.4			1.0
5774.3			1.0
5775.200000000001			1.0
5776.1			1.0
5777.0			1.0
5777.9			1.0
5778.8			1.0
5779.700000000001			1.0
5780.6			1.0
5781.5			1.0
5782.4			1.0
5783.3			1.0
5784.200000000001			1.0
5785.1			1.0
5786.0			1.0
5786.9			1.0
5787.8			1.0
5788.700000000001			1.0
5789.6			1.0
5790.5			1.0
5791.4			1.0
5792.3			1.0
5793.200000000001			1.0
5794.1			1.0
5795.0			1.0
5795.9			1.0
5796.8			1.0
5797.700000000001			1.0
5798.6			1.0
5799.5			1.0
5800.4			1.0
5801.3			1.0
5802.200000000001			1.0
5803.1			1.0
5804.0			1.0
5804.9			1.0
5805.8			1.0
5806.700000000001			1.0
5807.6			1.0
5808.5			1.0
5809.4			1.0
5810.3			1.0
5811.200000000001			1.0
5812.1			1.0
5813.0			1.0
5813.9			1.0
5814.8			1.0
5815.700000000001			1.0
5816.6			1.0
5817.5			1.0
5818.4			1.0
5819.3			1.0
5820.200000000001			1.0
5821.1			1.0
5822.0			1.0
5822.9			1.0
5823.8			1.0
5824.700000000001			1.0
5825.6			1.0
5826.5			1.0
5827.4			1.0
5828.3			1.0
5829.200000000001			1.0
5830.1			1.0
5831.0			1.0
5831.9			1.0
5832.8			1.0
5833.700000000001			1.0
5834.6			1.0
5835.5			1.0
5836.4			1.0
5837.3			1.0
5838.200000000001			1.0
5839.1			1.0
5840.0			1.0
5840.9			1.0
5841.8			1.0
5842.700000000001			1.0
5843.6			1.0
5844.5			1.0
5845.4			1.0
5846.3			1.0
5847.200000000001			1.0
5848.1			1.0
5849.0			1.0
5849.9			1.0
5850.8			1.0
5851.700000000001			1.0
5852.6			1.0
5853.5			1.0
5854.4			1.0
5855.3			1.0
5856.200000000001			1.0
5857.1			1.0
5858.0			1.0
5858.9			1.0
5859.8			1.0
5860.700000000001			1.0
5861.6			1.0
5862.5			1.0
5863.4			1.0
5864.3			1.0
5865.200000000001			1.0
5866.1			1.0
5867.0			1.0
5867.9			1.0
5868.8			1.0
5869.700000000001			1.0
5870.6			1.0
5871.5			1.0
5872.4			1.0
5873.3			1.0
5874.200000000001			1.0
5875.1			1.0
5876.0			1.0
5876.9			1.0
5877.8			1.0
5878.700000000001			1.0
5879.6			1.0
5880.5			1.0
5881.4			1.0
5882.3			1.0
5883.200000000001			1.0
5884.1			1.0
5885.0			1.0
5885.9			1.0219055627216636
5886.8			1.0280467169115177
5887.700000000001			1.0129044494123358
5888.6			0.9622828820659033
5889.5			0.8944854089059641
5890.4			0.8819708929298671
5891.3			0.9469546774075935
5892.200000000001			1.0156358401130656
5893.1			1.0429090644281127
5894.0			1.0411316404447502
5894.9			1.0047913694225639
5895.8			1.0
5896.700000000001			1.0
5897.6			1.0
5898.5			1.0
5899.4			1.0
5900.3			1.0
5901.200000000001			1.0
5902.1			1.0
5903.0			1.0
5903.9			1.0
5904.8			1.0
5905.700000000001			1.0
5906.6			1.0
5907.5			1.0
5908.4			1.0
5909.3			1.0
5910.200000000001			1.0
5911.1			1.0
5912.0			1.0
5912.9			1.0
5913.8			1.0
5914.700000000001			1.0
5915.6			1.0
5916.5			1.0
5917.4			1.0
5918.3			1.0
5919.200000000001			1.0
5920.1			1.0
5921.0			1.0
5921.9			1.0
5922.8			1.0
5923.700000000001			1.0
5924.6			1.0
5925.5			1.0
5926.4			1.0
5927.3			1.0
5928.200000000001			1.0
5929.1			1.0
5930.0			1.0
5930.9			1.0
5931.8			1.0
5932.700000000001			1.0
5933.6			1.0
5934.5			1.0
5935.4			1.0
5936.3			1.0
5937.200000000001			1.0
5938.1			1.0
5939.0			1.0
5939.9			1.0
5940.8			1.0
5941.700000000001			1.0
5942.6			1.0
5943.5			1.0
5944.4			1.0
5945.3			1.0
5946.200000000001			1.0
5947.1			1.0
5948.0			1.0
5948.9			1.0
5949.8			1.0
5950.700000000001			1.0
5951.6			1.0
5952.5			1.0
5953.4			1.0
5954.3			1.0
5955.200000000001			1.0
5956.1			1.0
5957.0			1.0
5957.9			1.0
5958.8			1.0
5959.700000000001			1.0
5960.6			1.0
5961.5			1.0
5962.4			1.0
5963.3			1.0
5964.200000000001			1.0
5965.1			1.0
5966.0			1.0
5966.9			1.0
5967.8			1.0
5968.700000000001			1.0
5969.6			1.0
5970.5			1.0
5971.4			1.0
5972.3			1.0
5973.200000000001			1.0
5974.1			1.0
5975.0			1.0
5975.9			1.0
5976.8			1.0
5977.700000000001			1.0
5978.6			1.0
5979.5			1.0
5980.4			1.0
5981.3			1.0
5982.200000000001			1.0
5983.1			1.0
5984.0			1.0
5984.9			1.0
5985.8			1.0
5986.700000000001			1.0
5987.6			1.0
5988.5			1.0
5989.4			1.0
5990.3			1.0
5991.200000000001			1.0
5992.1			1.0
5993.0			1.0
5993.9			1.0
5994.8			1.0
5995.700000000001			1.0
5996.6			1.0
5997.5			1.0
5998.4			1.0
5999.3			1.0
6000.200000000001			1.0
6001.1			1.0
6002.0			1.0
6002.9			1.0
6003.8			1.0
6004.700000000001			1.0
6005.6			1.0
6006.5			1.0
6007.4			1.0
6008.3			1.0
6009.200000000001			1.0
6010.1			1.0
6011.0			1.0
6011.9			1.0
6012.8			1.0
6013.700000000001			1.0
6014.6			1.0
6015.5			1.0
6016.4			1.0
6017.3			1.0
6018.200000000001			1.0
6019.1			1.0
6020.0			1.0
6020.9			1.0
6021.8			1.0
6022.700000000001			1.0
6023.6			1.0
6024.5			1.0
6025.4			1.0
6026.3			1.0
6027.200000000001			1.0
6028.1			1.0
6029.0			1.0
6029.9			1.0
6030.8			1.0
6031.700000000001			1.0
6032.6			1.0
6033.5			1.0
6034.4			1.0
6035.3			1.0
6036.200000000001			1.0
6037.1			1.0
6038.0			1.0
6038.9			1.0
6039.8			1.0
6040.700000000001			1.0
6041.6			1.0
6042.5			1.0
6043.4			1.0
6044.3			1.0
6045.200000000001			1.0
6046.1			1.0
6047.0			1.0
6047.9			1.0
6048.8			1.0
6049.700000000001			1.0
6050.6			1.0
6051.5			1.0
6052.4			1.0
6053.3			1.0
6054.200000000001			1.0
6055.1			1.0
6056.0			1.0
6056.9			1.0
6057.8			1.0
6058.700000000001			1.0
6059.6			1.0
6060.5			1.0
6061.4			1.0
6062.3			1.0
6063.200000000001			1.0
6064.1			1.0
6065.0			1.0
6065.9			1.0
6066.8			1.0
6067.700000000001			1.0
6068.6			1.0
6069.5			1.0
6070.4			1.0
6071.3			1.0
6072.200000000001			1.0
6073.1			1.0
6074.0			1.0
6074.9			1.0
6075.8			1.0
6076.700000000001			1.0
6077.6			1.0
6078.5			1.0
6079.4			1.0
6080.3			1.0
6081.200000000001			1.0
6082.1			1.0
6083.0			1.0
6083.9			1.0
6084.8			1.0
6085.700000000001			1.0
6086.6			1.0
6087.5			1.0
6088.4			1.0
6089.3			1.0
6090.200000000001			1.0
6091.1			1.0
6092.0			1.0
6092.9			1.0
6093.8			1.0
6094.700000000001			1.0
6095.6			1.0
6096.5			1.0
6097.4			1.0
6098.3			1.0
6099.200000000001			1.0
6100.1			1.0
6101.0			1.0
6101.9			1.0
6102.8			1.0
6103.700000000001			1.0
6104.6			1.0
6105.5			1.0
6106.4			1.0
6107.3			1.0
6108.200000000001			1.0
6109.1			1.0
6110.0			1.0
6110.9			1.0
6111.8			1.0
6112.700000000001			1.0
6113.6			1.0
6114.5			1.0
6115.4			1.0
6116.3			1.0
6117.200000000001			1.0
6118.1			1.0
6119.0			1.0
6119.9			1.0
6120.8			1.0
6121.700000000001			1.0
6122.6			1.0
6123.5			1.0
6124.4			1.0
6125.3			1.0
6126.200000000001			1.0
6127.1			1.0
6128.0			1.0
6128.9			1.0
6129.8			1.0
6130.700000000001			1.0
6131.6			1.0
6132.5			1.0
6133.4			1.0
6134.3			1.0
6135.200000000001			1.0
6136.1			1.0
6137.0			1.0
6137.9			1.0
6138.8			1.0
6139.700000000001			1.0
6140.6			1.0
6141.5			1.0
6142.4			1.0
6143.3			1.0
6144.200000000001			1.0
6145.1			1.0
6146.0			1.0
6146.9			1.0
6147.8			1.0
6148.700000000001			1.0
6149.6			1.0
6150.5			1.0
6151.4			1.0
6152.3			1.0
6153.200000000001			1.0
6154.1			1.0
6155.0			1.0
6155.9			1.0
6156.8			1.0
6157.700000000001			1.0
6158.6			1.0
6159.5			1.0
6160.4			1.0
6161.3			1.0
6162.200000000001			1.0
6163.1			1.0
6164.0			1.0
6164.9			1.0
6165.8			1.0
6166.700000000001			1.0
6167.6			1.0
6168.5			1.0
6169.4			1.0
6170.3			1.0
6171.200000000001			1.0
6172.1			1.0
6173.0			1.0
6173.9			1.0
6174.8			1.0
6175.700000000001			1.0
6176.6			1.0
6177.5			1.0
6178.4			1.0
6179.3			1.0
6180.200000000001			1.0
6181.1			1.0
6182.0			1.0
6182.9			1.0
6183.8			1.0
6184.700000000001			1.0
6185.6			1.0
6186.5			1.0
6187.4			1.0
6188.3			1.0
6189.200000000001			1.0
6190.1			1.0
6191.0			1.0
6191.9			1.0
6192.8			1.0
6193.700000000001			1.0
6194.6			1.0
6195.5			1.0
6196.4			1.0
6197.3			1.0
6198.200000000001			1.0
6199.1			1.0
6200.0			1.0
6200.9			1.0
6201.8			1.0
6202.700000000001			1.0
6203.6			1.0
6204.5			1.0
6205.4			1.0
6206.3			1.0
6207.200000000001			1.0
6208.1			1.0
6209.0			1.0
6209.9			1.0
6210.8			1.0
6211.700000000001			1.0
6212.6			1.0
6213.5			1.0
6214.4			1.0
6215.3			1.0
6216.200000000001			1.0
6217.1			1.0
6218.0			1.0
6218.9			1.0
6219.8			1.0
6220.700000000001			1.0
6221.6			1.0
6222.5			1.0
6223.4			1.0
6224.3			1.0
6225.200000000001			1.0
6226.1			1.0
6227.0			1.0
6227.9			1.0
6228.8			1.0
6229.700000000001			1.0
6230.6			1.0
6231.5			1.0
6232.4			1.0
6233.3			1.0
6234.200000000001			1.0
6235.1			1.0
6236.0			1.0
6236.9			1.0
6237.8			1.0
6238.700000000001			1.0
6239.6			1.0
6240.5			1.0
6241.4			1.0
6242.3			1.0
6243.200000000001			1.0
6244.1			1.0
6245.0			1.0
6245.9			1.0
6246.8			1.0
6247.700000000001			1.0
6248.6			1.0
6249.5			1.0
6250.4			1.0
6251.3			1.0
6252.200000000001			1.0
6253.1			1.0
6254.0			1.0
6254.9			1.0
6255.8			1.0
6256.700000000001			1.0
6257.6			1.0
6258.5			1.0
6259.4			1.0
6260.3			1.0
6261.200000000001			1.0
6262.1			1.0
6263.0			1.0
6263.9			1.0
6264.8			1.0
6265.700000000001			1.0
6266.6			1.0
6267.5			1.0
6268.4			1.0
6269.3			1.0
6270.200000000001			1.0
6271.1			1.0
6272.0			1.0
6272.9			1.0
6273.8			1.0
6274.700000000001			1.0
6275.6			1.0
6276.5			1.0
6277.4			1.0
6278.3			1.0
6279.200000000001			1.0
6280.1			1.0
6281.0			1.0
6281.9			1.0
6282.8			1.0
6283.700000000001			1.0
6284.6			1.0
6285.5			1.0
6286.4			1.0
6287.3			1.0
6288.200000000001			1.0
6289.1			1.0
6290.0			1.0
6290.9			1.0
6291.8			1.0
6292.700000000001			1.0
6293.6			1.0
6294.5			1.0
6295.4			1.0
6296.3			1.0
6297.200000000001			1.0
6298.1			1.0
6299.0			1.0
6299.9			1.0
6300.8			1.0
6301.700000000001			1.0
6302.6			1.0
6303.5			1.0
6304.4			1.0
6305.3			1.0
6306.200000000001			1.0
6307.1			1.0
6308.0			1.0
6308.9			1.0
6309.8			1.0
6310.700000000001			1.0
6311.6			1.0
6312.5			1.0
6313.4			1.0
6314.3			1.0
6315.200000000001			1.0
6316.1			1.0
6317.0			1.0
6317.9			1.0
6318.8			1.0
6319.700000000001			1.0
6320.6			1.0
6321.5			1.0
6322.4			1.0
6323.3			1.0
6324.200000000001			1.0
6325.1			1.0
6326.0			1.0
6326.9			1.0
6327.8			1.0
6328.700000000001			1.0
6329.6			1.0
6330.5			1.0
6331.4			1.0
6332.3			1.0
6333.200000000001			1.0
6334.1			1.0
6335.0			1.0
6335.9			1.0
6336.8			1.0
6337.700000000001			1.0
6338.6			1.0
6339.5			1.0
6340.4			1.0
6341.3			1.0
6342.200000000001			1.0
6343.1			1.0
6344.0			1.0
6344.9			1.0
6345.8			1.0
6346.700000000001			1.0
6347.6			1.0
6348.5			1.0
6349.4			1.0
6350.3			1.0
6351.200000000001			1.0
6352.1			1.0
6353.0			1.0
6353.9			1.0
6354.8			1.0
6355.700000000001			1.0
6356.6			1.0
6357.5			1.0
6358.4			1.0
6359.3			1.0
6360.200000000001			1.0
6361.1			1.0
6362.0			1.0
6362.9			1.0
6363.8			1.0
6364.700000000001			1.0
6365.6			1.0
6366.5			1.0
6367.4			1.0
6368.3			1.0
6369.200000000001			1.0
6370.1			1.0
6371.0			1.0
6371.9			1.0
6372.8			1.0
6373.700000000001			1.0
6374.6			1.0
6375.5			1.0
6376.4			1.0
6377.3			1.0
6378.200000000001			1.0
6379.1			1.0
6380.0			1.0
6380.9			1.0
6381.8			1.0
6382.700000000001			1.0
6383.6			1.0
6384.5			1.0
6385.4			1.0
6386.3			1.0
6387.200000000001			1.0
6388.1			1.0
6389.0			1.0
6389.9			1.0
6390.8			1.0
6391.700000000001			1.0
6392.6			1.0
6393.5			1.0
6394.4			1.0
6395.3			1.0
6396.200000000001			1.0
6397.1			1.0
6398.0			1.0
6398.9			1.0
6399.8			1.0
6400.700000000001			1.0
6401.6			1.0
6402.5			1.0
6403.4			1.0
6404.3			1.0
6405.200000000001			1.0
6406.1			1.0
6407.0			1.0
6407.9			1.0
6408.8			1.0
6409.700000000001			1.0
6410.6			1.0
6411.5			1.0
6412.4			1.0
6413.3			1.0
6414.200000000001			1.0
6415.1			1.0
6416.0			1.0
6416.9			1.0
6417.8			1.0
6418.700000000001			1.0
6419.6			1.0
6420.5			1.0
6421.4			1.0
6422.3			1.0
6423.200000000001			1.0
6424.1			1.0
6425.0			1.0
6425.9			1.0
6426.8			1.0
6427.700000000001			1.0
6428.6			1.0
6429.5			1.0
6430.4			1.0
6431.3			1.0
6432.200000000001			1.0
6433.1			1.0
6434.0			1.0
6434.9			1.0
6435.8			1.0
6436.700000000001			1.0
6437.6			1.0
6438.5			1.0
6439.4			1.0
6440.3			1.0
6441.200000000001			1.0
6442.1			1.0
6443.0			1.0
6443.9			1.0
6444.8			1.0
6445.700000000001			1.0
6446.6			1.0
6447.5			1.0
6448.4			1.0
6449.3			1.0
6450.200000000001			1.0
6451.1			1.0
6452.0			1.0
6452.9			1.0
6453.8			1.0
6454.700000000001			1.0
6455.6			1.0
6456.5			1.0
6457.4			1.0
6458.3			1.0
6459.200000000001			1.0
6460.1			1.0
6461.0			1.0
6461.9			1.0
6462.8			1.0
6463.700000000001			1.0
6464.6			1.0
6465.5			1.0
6466.4			1.0
6467.3			1.0
6468.200000000001			1.0
6469.1			1.0
6470.0			1.0
6470.9			1.0
6471.8			1.0
6472.700000000001			1.0
6473.6			1.0
6474.5			1.0
6475.4			1.0
6476.3			1.0
6477.200000000001			1.0
6478.1			1.0
6479.0			1.0
6479.9			1.0
6480.8			1.0
6481.700000000001			1.0
6482.6			1.0
6483.5			1.0
6484.4			1.0
6485.3			1.0
6486.200000000001			1.0
6487.1			1.0
6488.0			1.0
6488.9			1.0
6489.8			1.0
6490.700000000001			1.0
6491.6			1.0
6492.5			1.0
6493.4			1.0
6494.3			1.0
6495.200000000001			1.0
6496.1			1.0
6497.0			1.0
6497.9			1.0
6498.8			1.0
6499.700000000001			1.0
6500.6			1.0
6501.5			1.0
6502.4			1.0
6503.3			1.0
6504.200000000001			1.0
6505.1			1.0
6506.0			1.0
6506.9			1.0
6507.8			1.0
6508.700000000001			1.0
6509.6			1.0
6510.5			1.0
6511.4			1.0
6512.3			1.0
6513.200000000001			1.0
6514.1			1.0
6515.0			1.0
6515.9			1.0
6516.8			1.0
6517.700000000001			1.0
6518.6			1.0
6519.5			1.0
6520.4			1.0
6521.3			1.0
6522.200000000001			1.0
6523.1			1.0
6524.0			1.0
6524.9			1.0
6525.8			1.0
6526.700000000001			1.0
6527.6			1.0
6528.5			1.0
6529.4			1.0
6530.3			1.0
6531.200000000001			1.0
6532.1			1.0
6533.0			1.0
6533.9			1.0
6534.8			1.0
6535.700000000001			1.0
6536.6			1.0
6537.5			1.0
6538.4			1.0
6539.3			1.0
6540.200000000001			1.0
6541.1			1.0
6542.0			1.0
6542.9			1.0
6543.8			1.0
6544.700000000001			1.0
6545.6			1.0
6546.5			1.0
6547.4			1.0
6548.3			1.0
6549.200000000001			1.0
6550.1			1.0
6551.0			1.0
6551.9			1.0
6552.8			1.0
6553.700000000001			1.0
6554.6			1.0
6555.5			0.9913092212316739
6556.4			0.9881795387440632
6557.3			0.9788482383372539
6558.200000000001			0.9579483849844073
6559.1			0.9248272654178228
6560.0			0.8688401112888978
6560.9			0.7671630180864453
6561.8			0.6340386127360715
6562.700000000001			0.5661550007168773
6563.6			0.6365751021358301
6564.5			0.7768921617388609
6565.4			0.8814334180164031
6566.3			0.933611966164839
6567.200000000001			0.9607760410487993
6568.1			0.9755543782396586
6569.0			0.9853877277591924
6569.9			0.9994433472846072
6570.8			1.0
6571.700000000001			1.0
6572.6			1.0
6573.5			1.0
6574.4			1.0
6575.3			1.0
6576.200000000001			1.0
6577.1			1.0
6578.0			1.0
6578.9			1.0
6579.8			1.0
6580.700000000001			1.0
6581.6			1.0
6582.5			1.0
6583.4			1.0
6584.3			1.0
6585.200000000001			1.0
6586.1			1.0
6587.0			1.0
6587.9			1.0
6588.8			1.0
6589.700000000001			1.0
6590.6			1.0
6591.5			1.0
6592.4			1.0
6593.3			1.0
6594.200000000001			1.0
6595.1			1.0
6596.0			1.0
6596.9			1.0
6597.8			1.0
6598.700000000001			1.0
6599.6			1.0
6600.5			1.0
6601.4			1.0
6602.3			1.0
6603.200000000001			1.0
6604.1			1.0
6605.0			1.0
6605.9			1.0
6606.8			1.0
6607.700000000001			1.0
6608.6			1.0
6609.5			1.0
6610.4			1.0
6611.3			1.0
6612.200000000001			1.0
6613.1			1.0
6614.0			1.0
6614.9			1.0
6615.8			1.0
6616.700000000001			1.0
6617.6			1.0
6618.5			1.0
6619.4			1.0
6620.3			1.0
6621.200000000001			1.0
6622.1			1.0
6623.0			1.0
6623.9			1.0
6624.8			1.0
6625.700000000001			1.0
6626.6			1.0
6627.5			1.0
6628.4			1.0
6629.3			1.0
6630.200000000001			1.0
6631.1			1.0
6632.0			1.0
6632.9			1.0
6633.8			1.0
6634.700000000001			1.0
6635.6			1.0
6636.5			1.0
6637.4			1.0
6638.3			1.0
6639.200000000001			1.0
6640.1			1.0
6641.0			1.0
6641.9			1.0
6642.8			1.0
6643.700000000001			1.0
6644.6			1.0
6645.5			1.0
6646.4			1.0
6647.3			1.0
6648.200000000001			1.0
6649.1			1.0
6650.0			1.0
6650.9			1.0
6651.8			1.0
6652.700000000001			1.0
6653.6			1.0
6654.5			1.0
6655.4			1.0
6656.3			1.0
6657.200000000001			1.0
6658.1			1.0
6659.0			1.0
6659.9			1.0
6660.8			1.0
6661.700000000001			1.0
6662.6			1.0
6663.5			1.0
6664.4			1.0
6665.3			1.0
6666.200000000001			1.0
6667.1			1.0
6668.0			1.0
6668.9			1.0
6669.8			1.0
6670.700000000001			1.0
6671.6			1.0
6672.5			1.0
6673.4			1.0
6674.3			1.0
6675.200000000001			1.0
6676.1			1.0
6677.0			1.0
6677.9			1.0
6678.8			1.0
6679.700000000001			1.0
6680.6			1.0
6681.5			1.0
6682.4			1.0
6683.3			1.0
6684.200000000001			1.0
6685.1			1.0
6686.0			1.0
6686.9			1.0
6687.8			1.0
6688.700000000001			1.0
6689.6			1.0
6690.5			1.0
6691.4			1.0
6692.3			1.0
6693.200000000001			1.0
6694.1			1.0
6695.0			1.0
6695.9			1.0
6696.8			1.0
6697.700000000001			1.0
6698.6			1.0
6699.5			1.0
6700.4			1.0
6701.3			1.0
6702.200000000001			1.0
6703.1			1.0
6704.0			1.0
6704.9			1.0
6705.8			1.0
6706.700000000001			1.0
6707.6			1.0
6708.5			1.0
6709.4			1.0
6710.3			1.0
6711.200000000001			1.0
6712.1			1.0
6713.0			1.0
6713.9			1.0
6714.8			1.0
6715.700000000001			1.0
6716.6			1.0
6717.5			1.0
6718.4			1.0
6719.3			1.0
6720.200000000001			1.0
6721.1			1.0
6722.0			1.0
6722.9			1.0
6723.8			1.0
6724.700000000001			1.0
6725.6			1.0
6726.5			1.0
6727.4			1.0
6728.3			1.0
6729.200000000001			1.0
6730.1			1.0
6731.0			1.0
6731.9			1.0
6732.8			1.0
6733.700000000001			1.0
6734.6			1.0
6735.5			1.0
6736.4			1.0
6737.3			1.0
6738.200000000001			1.0
6739.1			1.0
6740.0			1.0
6740.9			1.0
6741.8			1.0
6742.700000000001			1.0
6743.6			1.0
6744.5			1.0
6745.4			1.0
6746.3			1.0
6747.200000000001			1.0
6748.1			1.0
6749.0			1.0
6749.9			1.0
6750.8			1.0
6751.700000000001			1.0
6752.6			1.0
6753.5			1.0
6754.4			1.0
6755.3			1.0
6756.200000000001			1.0
6757.1			1.0
6758.0			1.0
6758.9			1.0
6759.8			1.0
6760.700000000001			1.0
6761.6			1.0
6762.5			1.0
6763.4			1.0
6764.3			1.0
6765.200000000001			1.0
6766.1			1.0
6767.0			1.0
6767.9			1.0
6768.8			1.0
6769.700000000001			1.0
6770.6			1.0
6771.5			1.0
6772.4			1.0
6773.3			1.0
6774.200000000001			1.0
6775.1			1.0
6776.0			1.0
6776.9			1.0
6777.8			1.0
6778.700000000001			1.0
6779.6			1.0
6780.5			1.0
6781.4			1.0
6782.3			1.0
6783.200000000001			1.0
6784.1			1.0
6785.0			1.0
6785.9			1.0
6786.8			1.0
6787.700000000001			1.0
6788.6			1.0
6789.5			1.0
6790.4			1.0
6791.3			1.0
6792.200000000001			1.0
6793.1			1.0
6794.0			1.0
6794.9			1.0
6795.8			1.0
6796.700000000001			1.0
6797.6			1.0
6798.5			1.0
6799.4			1.0
6800.3			1.0
6801.200000000001			1.0
6802.1			1.0
6803.0			1.0
6803.9			1.0
6804.8			1.0
6805.700000000001			1.0
6806.6			1.0
6807.5			1.0
6808.4			1.0
6809.3			1.0
6810.200000000001			1.0
6811.1			1.0
6812.0			1.0
6812.9			1.0
6813.8			1.0
6814.700000000001			1.0
6815.6			1.0
6816.5			1.0
6817.4			1.0
6818.3			1.0
6819.200000000001			1.0
6820.1			1.0
6821.0			1.0
6821.9			1.0
6822.8			1.0
6823.700000000001			1.0
6824.6			1.0
6825.5			1.0
6826.4			1.0
6827.3			1.0
6828.200000000001			1.0
6829.1			1.0
6830.0			1.0
6830.9			1.0
6831.8			1.0
6832.700000000001			1.0
6833.6			1.0
6834.5			1.0
6835.4			1.0
6836.3			1.0
6837.200000000001			1.0
6838.1			1.0
6839.0			1.0
6839.9			1.0
6840.8			1.0
6841.700000000001			1.0
6842.6			1.0
6843.5			1.0
6844.4			1.0
6845.3			1.0
6846.200000000001			1.0
6847.1			1.0
6848.0			1.0
6848.9			1.0
6849.8			1.0
6850.700000000001			1.0
6851.6			1.0
6852.5			1.0
6853.4			1.0
6854.3			1.0
6855.200000000001			1.0
6856.1			1.0
6857.0			1.0
6857.9			1.0
6858.8			1.0
6859.700000000001			1.0
6860.6			1.0
6861.5			1.0
6862.4			1.0
6863.3			1.0
6864.200000000001			1.0
6865.1			1.0
6866.0			1.0
6866.9			1.0
6867.8			1.0
6868.700000000001			1.0
6869.6			1.0
6870.5			1.0
6871.4			1.0
6872.3			1.0
6873.200000000001			1.0
6874.1			1.0
6875.0			1.0
6875.9			1.0
6876.8			1.0
6877.700000000001			1.0
6878.6			1.0
6879.5			1.0
6880.4			1.0
6881.3			1.0
6882.200000000001			1.0
6883.1			1.0
6884.0			1.0
6884.9			1.0
6885.8			1.0
6886.700000000001			1.0
6887.6			1.0
6888.5			1.0
6889.4			1.0
6890.3			1.0
6891.200000000001			1.0
6892.1			1.0
6893.0			1.0
6893.9			1.0
6894.8			1.0
6895.700000000001			1.0
6896.6			1.0
6897.5			1.0
6898.4			1.0
6899.3			1.0
6900.200000000001			1.0
6901.1			1.0
6902.0			1.0
6902.9			1.0
6903.8			1.0
6904.700000000001			1.0
6905.6			1.0
6906.5			1.0
6907.4			1.0
6908.3			1.0
6909.200000000001			1.0
6910.1			1.0
6911.0			1.0
6911.9			1.0
6912.8			1.0
6913.700000000001			1.0
6914.6			1.0
6915.5			1.0
6916.4			1.0
6917.3			1.0
6918.200000000001			1.0
6919.1			1.0
6920.0			1.0
6920.9			1.0
6921.8			1.0
6922.700000000001			1.0
6923.6			1.0
6924.5			1.0
6925.4			1.0
6926.3			1.0
6927.200000000001			1.0
6928.1			1.0
6929.0			1.0
6929.9			1.0
6930.8			1.0
6931.700000000001			1.0
6932.6			1.0
6933.5			1.0
6934.4			1.0
6935.3			1.0
6936.200000000001			1.0
6937.1			1.0
6938.0			1.0
6938.9			1.0
6939.8			1.0
6940.700000000001			1.0
6941.6			1.0
6942.5			1.0
6943.4			1.0
6944.3			1.0
6945.200000000001			1.0
6946.1			1.0
6947.0			1.0
6947.9			1.0
6948.8			1.0
6949.700000000001			1.0
6950.6			1.0
6951.5			1.0
6952.4			1.0
6953.3			1.0
6954.200000000001			1.0
6955.1			1.0
6956.0			1.0
6956.9			1.0
6957.8			1.0
6958.700000000001			1.0
6959.6			1.0
6960.5			1.0
6961.4			1.0
6962.3			1.0
6963.200000000001			1.0
6964.1			1.0
6965.0			1.0
6965.9			1.0
6966.8			1.0
6967.700000000001			1.0
6968.6			1.0
6969.5			1.0
6970.4			1.0
6971.3			1.0
6972.200000000001			1.0
6973.1			1.0
6974.0			1.0
6974.9			1.0
6975.8			1.0
6976.700000000001			1.0
6977.6			1.0
6978.5			1.0
6979.4			1.0
6980.3			1.0
6981.200000000001			1.0
6982.1			1.0
6983.0			1.0
6983.9			1.0
6984.8			1.0
6985.700000000001			1.0
6986.6			1.0
6987.5			1.0
6988.4			1.0
6989.3			1.0
6990.200000000001			1.0
6991.1			1.0
6992.0			1.0
6992.9			1.0
6993.8			1.0
6994.700000000001			1.0
6995.6			1.0
6996.5			1.0
6997.4			1.0
6998.3			1.0
6999.200000000001			1.0
7000.1			1.0
7001.0			1.0
7001.9			1.0
7002.8			1.0
7003.700000000001			1.0
7004.6			1.0
7005.5			1.0
7006.4			1.0
7007.3			1.0
7008.200000000001			1.0
7009.1			1.0
7010.0			1.0
7010.9			1.0
7011.8			1.0
7012.700000000001			1.0
7013.6			1.0
7014.5			1.0
7015.4			1.0
7016.3			1.0
7017.200000000001			1.0
7018.1			1.0
7019.0			1.0
7019.9			1.0
7020.8			1.0
7021.700000000001			1.0
7022.6			1.0
7023.5			1.0
7024.4			1.0
7025.3			1.0
7026.200000000001			1.0
7027.1			1.0
7028.0			1.0
7028.9			1.0
7029.8			1.0
7030.700000000001			1.0
7031.6			1.0
7032.5			1.0
7033.4			1.0
7034.3			1.0
7035.200000000001			1.0
7036.1			1.0
7037.0			1.0
7037.9			1.0
7038.8			1.0
7039.700000000001			1.0
7040.6			1.0
7041.5			1.0
7042.4			1.0
7043.3			1.0
7044.200000000001			1.0
7045.1			1.0
7046.0			1.0
7046.9			1.0
7047.8			1.0
7048.700000000001			1.0
7049.6			1.0
7050.5			1.0
7051.4			1.0
7052.3			1.0
7053.200000000001			1.0
7054.1			1.0
7055.0			1.0
7055.9			1.0
7056.8			1.0
7057.700000000001			1.0
7058.6			1.0
7059.5			1.0
7060.4			1.0
7061.3			1.0
7062.200000000001			1.0
7063.1			1.0
7064.0			1.0
7064.9			1.0
7065.8			1.0
7066.700000000001			1.0
7067.6			1.0
7068.5			1.0
7069.4			1.0
7070.3			1.0
7071.200000000001			1.0
7072.1			1.0
7073.0			1.0
7073.9			1.0
7074.8			1.0
7075.700000000001			1.0
7076.6			1.0
7077.5			1.0
7078.4			1.0
7079.3			1.0
7080.200000000001			1.0
7081.1			1.0
7082.0			1.0
7082.9			1.0
7083.8			1.0
7084.700000000001			1.0
7085.6			1.0
7086.5			1.0
7087.4			1.0
7088.3			1.0
7089.200000000001			1.0
7090.1			1.0
7091.0			1.0
7091.9			1.0
7092.8			1.0
7093.700000000001			1.0
7094.6			1.0
7095.5			1.0
7096.4			1.0
7097.3			1.0
7098.200000000001			1.0
7099.1			1.0
7100.0			1.0
7100.9			1.0
7101.8			1.0
7102.700000000001			1.0
7103.6			1.0
7104.5			1.0
7105.4			1.0
7106.3			1.0
7107.200000000001			1.0
7108.1			1.0
7109.0			1.0
7109.9			1.0
7110.8			1.0
7111.700000000001			1.0
7112.6			1.0
7113.5			1.0
7114.4			1.0
7115.3			1.0
7116.200000000001			1.0
7117.1			1.0
7118.0			1.0
7118.9			1.0
7119.8			1.0
7120.700000000001			1.0
7121.6			1.0
7122.5			1.0
7123.4			1.0
7124.3			1.0
7125.200000000001			1.0
7126.1			1.0
7127.0			1.0
7127.9			1.0
7128.8			1.0
7129.700000000001			1.0
7130.6			1.0
7131.5			1.0
7132.4			1.0
7133.3			1.0
7134.200000000001			1.0
7135.1			1.0
7136.0			1.0
7136.9			1.0
7137.8			1.0
7138.700000000001			1.0
7139.6			1.0
7140.5			1.0
7141.4			1.0
7142.3			1.0
7143.200000000001			1.0
7144.1			1.0
7145.0			1.0
7145.9			1.0
7146.8			1.0
7147.700000000001			1.0
7148.6			1.0
7149.5			1.0
7150.4			1.0
7151.3			1.0
7152.200000000001			1.0
7153.1			1.0
7154.0			1.0
7154.9			1.0
7155.8			1.0
7156.700000000001			1.0
7157.6			1.0
7158.5			1.0
7159.4			1.0
7160.3			1.0
7161.200000000001			1.0
7162.1			1.0
7163.0			1.0
7163.9			1.0
7164.8			1.0
7165.700000000001			1.0
7166.6			1.0
7167.5			1.0
7168.4			1.0
7169.3			1.0
7170.200000000001			1.0
7171.1			1.0
7172.0			1.0
7172.9			1.0
7173.8			1.0
7174.700000000001			1.0
7175.6			1.0
7176.5			1.0
7177.4			1.0
7178.3			1.0
7179.200000000001			1.0
7180.1			1.0
7181.0			1.0
7181.9			1.0
7182.8			1.0
7183.700000000001			1.0
7184.6			1.0
7185.5			1.0
7186.4			1.0
7187.3			1.0
7188.200000000001			1.0
7189.1			1.0
7190.0			1.0
7190.9			1.0
7191.8			1.0
7192.700000000001			1.0
7193.6			1.0
7194.5			1.0
7195.4			1.0
7196.3			1.0
7197.200000000001			1.0
7198.1			1.0
7199.0			1.0
7199.9			1.0
7200.8			1.0
7201.700000000001			1.0
7202.6			1.0
7203.5			1.0
7204.4			1.0
7205.3			1.0
7206.200000000001			1.0
7207.1			1.0
7208.0			1.0
7208.9			1.0
7209.8			1.0
7210.700000000001			1.0
7211.6			1.0
7212.5			1.0
7213.4			1.0
7214.3			1.0
7215.200000000001			1.0
7216.1			1.0
7217.0			1.0
7217.9			1.0
7218.8			1.0
7219.700000000001			1.0
7220.6			1.0
7221.5			1.0
7222.4			1.0
7223.3			1.0
7224.200000000001			1.0
7225.1			1.0
7226.0			1.0
7226.9			1.0
7227.8			1.0
7228.700000000001			1.0
7229.6			1.0
7230.5			1.0
7231.4			1.0
7232.3			1.0
7233.200000000001			1.0
7234.1			1.0
7235.0			1.0
7235.9			1.0
7236.8			1.0
7237.700000000001			1.0
7238.6			1.0
7239.5			1.0
7240.4			1.0
7241.3			1.0
7242.200000000001			1.0
7243.1			1.0
7244.0			1.0
7244.9			1.0
7245.8			1.0
7246.700000000001			1.0
7247.6			1.0
7248.5			1.0
7249.4			1.0
7250.3			1.0
7251.200000000001			1.0
7252.1			1.0
7253.0			1.0
7253.9			1.0
7254.8			1.0
7255.700000000001			1.0
7256.6			1.0
7257.5			1.0
7258.4			1.0
7259.3			1.0
7260.200000000001			1.0
7261.1			1.0
7262.0			1.0
7262.9			1.0
7263.8			1.0
7264.700000000001			1.0
7265.6			1.0
7266.5			1.0
7267.4			1.0
7268.3			1.0
7269.200000000001			1.0
7270.1			1.0
7271.0			1.0
7271.9			1.0
7272.8			1.0
7273.700000000001			1.0
7274.6			1.0
7275.5			1.0
7276.4			1.0
7277.3			1.0
7278.200000000001			1.0
7279.1			1.0
7280.0			1.0
7280.9			1.0
7281.8			1.0
7282.700000000001			1.0
7283.6			1.0
7284.5			1.0
7285.4			1.0
7286.3			1.0
7287.200000000001			1.0
7288.1			1.0
7289.0			1.0
7289.9			1.0
7290.8			1.0
7291.700000000001			1.0
7292.6			1.0
7293.5			1.0
7294.4			1.0
7295.3			1.0
7296.200000000001			1.0
7297.1			1.0
7298.0			1.0
7298.9			1.0
7299.8			1.0
7300.700000000001			1.0
7301.6			1.0
7302.5			1.0
7303.4			1.0
7304.3			1.0
7305.200000000001			1.0
7306.1			1.0
7307.0			1.0
7307.9			1.0
7308.8			1.0
7309.700000000001			1.0
7310.6			1.0
7311.5			1.0
7312.4			1.0
7313.3			1.0
7314.200000000001			1.0
7315.1			1.0
7316.0			1.0
7316.9			1.0
7317.8			1.0
7318.700000000001			1.0
7319.6			1.0
7320.5			1.0
7321.4			1.0
7322.3			1.0
7323.200000000001			1.0
7324.1			1.0
7325.0			1.0
7325.9			1.0
7326.8			1.0
7327.700000000001			1.0
7328.6			1.0
7329.5			1.0
7330.4			1.0
7331.3			1.0
7332.200000000001			1.0
7333.1			1.0
7334.0			1.0
7334.9			1.0
7335.8			1.0
7336.700000000001			1.0
7337.6			1.0
7338.5			1.0
7339.4			1.0
7340.3			1.0
7341.200000000001			1.0
7342.1			1.0
7343.0			1.0
7343.9			1.0
7344.8			1.0
7345.700000000001			1.0
7346.6			1.0
7347.5			1.0
7348.4			1.0
7349.3			1.0
7350.200000000001			1.0
7351.1			1.0
7352.0			1.0
7352.9			1.0
7353.8			1.0
7354.700000000001			1.0
7355.6			1.0
7356.5			1.0
7357.4			1.0
7358.3			1.0
7359.200000000001			1.0
7360.1			1.0
7361.0			1.0
7361.9			1.0
7362.8			1.0
7363.700000000001			1.0
7364.6			1.0
7365.5			1.0
7366.4			1.0
7367.3			1.0
7368.200000000001			1.0
7369.1			1.0
7370.0			1.0
7370.9			1.0
7371.8			1.0
7372.700000000001			1.0
7373.6			1.0
7374.5			1.0
7375.4			1.0
7376.3			1.0
7377.200000000001			1.0
7378.1			1.0
7379.0			1.0
7379.9			1.0
7380.8			1.0
7381.700000000001			1.0
7382.6			1.0
7383.5			1.0
7384.4			1.0
7385.3			1.0
7386.200000000001			1.0
7387.1			1.0
7388.0			1.0
7388.9			1.0
7389.8			1.0
7390.700000000001			1.0
7391.6			1.0
7392.5			1.0
7393.4			1.0
7394.3			1.0
7395.200000000001			1.0
7396.1			1.0
7397.0			1.0
7397.9			1.0
7398.8			1.0
7399.700000000001			1.0
7400.6			1.0
7401.5			1.0
7402.4			1.0
7403.3			1.0
7404.200000000001			1.0
7405.1			1.0
7406.0			1.0
7406.9			1.0
7407.8			1.0
7408.700000000001			1.0
7409.6			1.0
7410.5			1.0
7411.4			1.0
7412.3			1.0
7413.200000000001			1.0
7414.1			1.0
7415.0			1.0
7415.9			1.0
7416.8			1.0
7417.700000000001			1.0
7418.6			1.0
7419.5			1.0
7420.4			1.0
7421.3			1.0
7422.200000000001			1.0
7423.1			1.0
7424.0			1.0
7424.9			1.0
7425.8			1.0
7426.700000000001			1.0
7427.6			1.0
7428.5			1.0
7429.4			1.0
