3500.0			1.0
3500.9			1.0
3501.8			1.0
3502.7			1.0
3503.6			1.0
3504.5			1.0
3505.4			1.0
3506.3			1.0
3507.2			1.0
3508.1			1.0
3509.0			1.0
3509.9			1.0
3510.8			1.0
3511.7			1.0
3512.6			1.0
3513.5			1.0
3514.4			1.0
3515.3			1.0
3516.2			1.0
3517.1			1.0
3518.0			1.0
3518.9			1.0
3519.8			1.0
3520.7			1.0
3521.6			1.0
3522.5			1.0
3523.4			1.0
3524.3			1.0
3525.2			1.0
3526.1			1.0
3527.0			1.0
3527.9			1.0
3528.8			1.0
3529.7			1.0
3530.6			1.0
3531.5			1.0
3532.4			1.0
3533.3			1.0
3534.2			1.0
3535.1			1.0
3536.0			1.0
3536.9			1.0
3537.8			1.0
3538.7			1.0
3539.6			1.0
3540.5			1.0
3541.4			1.0
3542.3			1.0
3543.2			1.0
3544.1			1.0
3545.0			1.0
3545.9			1.0
3546.8			1.0
3547.7			1.0
3548.6			1.0
3549.5			1.0
3550.4			1.0
3551.3			1.0
3552.2			1.0
3553.1			1.0
3554.0			1.0
3554.9			1.0
3555.8			1.0
3556.7			1.0
3557.6			1.0
3558.5			1.0
3559.4			1.0
3560.3			1.0
3561.2			1.0
3562.1			1.0
3563.0			1.0
3563.9			1.0
3564.8			1.0
3565.7			1.0
3566.6			1.0
3567.5			1.0
3568.4			1.0
3569.3			1.0
3570.2			1.0
3571.1			1.0
3572.0			1.0
3572.9			1.0
3573.8			1.0
3574.7			1.0
3575.6			1.0
3576.5			1.0
3577.4			1.0
3578.3			1.0
3579.2			1.0
3580.1			1.0
3581.0			1.0
3581.9			1.0
3582.8			1.0
3583.7			1.0
3584.6			1.0
3585.5			1.0
3586.4			1.0
3587.3			1.0
3588.2			1.0
3589.1			1.0
3590.0			1.0
3590.9			1.0
3591.8			1.0
3592.7			1.0
3593.6			1.0
3594.5			1.0
3595.4			1.0
3596.3			1.0
3597.2			1.0
3598.1			1.0
3599.0			1.0
3599.9			1.0
3600.8			1.0
3601.7			1.0
3602.6			1.0
3603.5			1.0
3604.4			1.0
3605.3			1.0
3606.2			1.0
3607.1			1.0
3608.0			1.0
3608.9			1.0
3609.8			1.0
3610.7			1.0
3611.6			1.0
3612.5			1.0
3613.4			1.0
3614.3			1.0
3615.2			1.0
3616.1			1.0
3617.0			1.0
3617.9			1.0
3618.8			1.0
3619.7			1.0
3620.6			1.0
3621.5			1.0
3622.4			1.0
3623.3			1.0
3624.2			1.0
3625.1			1.0
3626.0			1.0
3626.9			1.0
3627.8			1.0
3628.7			1.0
3629.6			1.0
3630.5			1.0
3631.4			1.0
3632.3			1.0
3633.2			1.0
3634.1			1.0
3635.0			1.0
3635.9			1.0
3636.8			1.0
3637.7			1.0
3638.6			1.0
3639.5			1.0
3640.4			1.0
3641.3			1.0
3642.2			1.0
3643.1			1.0
3644.0			1.0
3644.9			1.0
3645.8			1.0
3646.7			1.0
3647.6			1.0
3648.5			1.0
3649.4			1.0
3650.3			1.0
3651.2			1.0
3652.1			1.0
3653.0			1.0
3653.9			1.0
3654.8			1.0
3655.7			1.0
3656.6			1.0
3657.5			1.0
3658.4			1.0
3659.3			1.0
3660.2			1.0
3661.1			1.0
3662.0			1.0
3662.9			1.0
3663.8			1.0
3664.7			1.0
3665.6			1.0
3666.5			1.0
3667.4			1.0
3668.3			1.0
3669.2			1.0
3670.1			1.0
3671.0			1.0
3671.9			1.0
3672.8			1.0
3673.7			1.0
3674.6			1.0
3675.5			1.0
3676.4			1.0
3677.3			1.0
3678.2			1.0
3679.1			1.0
3680.0			1.0
3680.9			1.0
3681.8			1.0
3682.7			1.0
3683.6			1.0
3684.5			1.0
3685.4			1.0
3686.3			1.0
3687.2			1.0
3688.1			1.0
3689.0			1.0
3689.9			1.0
3690.8			1.0
3691.7			1.0
3692.6			1.0
3693.5			1.0
3694.4			1.0
3695.3			1.0
3696.2			1.0
3697.1			1.0
3698.0			1.0
3698.9			1.0
3699.8			1.0
3700.7			1.0
3701.6			1.0
3702.5			1.0
3703.4			1.0
3704.3			1.0
3705.2			1.0
3706.1			1.0
3707.0			1.0
3707.9			1.0
3708.8			1.0
3709.7			1.0
3710.6			1.0
3711.5			1.0
3712.4			1.0
3713.3			1.0
3714.2			1.0
3715.1			1.0
3716.0			1.0
3716.9			1.0
3717.8			1.0
3718.7			1.0
3719.6			1.0
3720.5			1.0
3721.4			1.0
3722.3			1.0
3723.2			1.0
3724.1			1.0
3725.0			1.0
3725.9			1.0
3726.8			1.0
3727.7			1.0
3728.6			1.0
3729.5			1.0
3730.4			1.0
3731.3			1.0
3732.2			1.0
3733.1			1.0
3734.0			1.0
3734.9			1.0
3735.8			1.0
3736.7			1.0
3737.6			1.0
3738.5			1.0
3739.4			1.0
3740.3			1.0
3741.2			1.0
3742.1			1.0
3743.0			1.0
3743.9			1.0
3744.8			1.0
3745.7			1.0
3746.6			1.0
3747.5			1.0
3748.4			1.0
3749.3			1.0
3750.2			1.0
3751.1			1.0
3752.0			1.0
3752.9			1.0
3753.8			1.0
3754.7			1.0
3755.6			1.0
3756.5			1.0
3757.4			1.0
3758.3			1.0
3759.2			1.0
3760.1			1.0
3761.0			1.0
3761.9			1.0
3762.8			1.0
3763.7			1.0
3764.6			1.0
3765.5			1.0
3766.4			1.0
3767.3			1.0
3768.2			1.0
3769.1			1.0
3770.0			1.0
3770.9			1.0
3771.8			1.0
3772.7			1.0
3773.6			1.0
3774.5			1.0
3775.4			1.0
3776.3			1.0
3777.2			1.0
3778.1			1.0
3779.0			1.0
3779.9			1.0
3780.8			1.0
3781.7			1.0
3782.6			1.0
3783.5			1.0
3784.4			1.0
3785.3			1.0
3786.2			1.0
3787.1			1.0
3788.0			1.0
3788.9			1.0
3789.8			1.0
3790.7			1.0
3791.6			1.0
3792.5			1.0
3793.4			1.0
3794.3			1.0
3795.2			1.0
3796.1			1.0
3797.0			1.0
3797.9			1.0
3798.8			1.0
3799.7			1.0
3800.6			1.0
3801.5			1.0
3802.4			1.0
3803.3			1.0
3804.2			1.0
3805.1			1.0
3806.0			1.0
3806.9			1.0
3807.8			1.0
3808.7			1.0
3809.6			1.0
3810.5			1.0
3811.4			1.0
3812.3			1.0
3813.2			1.0
3814.1			1.0
3815.0			1.0
3815.9			1.0
3816.8			1.0
3817.7			1.0
3818.6			1.0
3819.5			1.0
3820.4			1.0
3821.3			1.0
3822.2			1.0
3823.1			1.0
3824.0			1.0
3824.9			1.0
3825.8			1.0
3826.7			1.0
3827.6			1.0
3828.5			1.0
3829.4			1.0
3830.3			1.0
3831.2			1.0
3832.1			1.0
3833.0			1.0
3833.9			1.0
3834.8			1.0
3835.7			1.0
3836.6			1.0
3837.5			1.0
3838.4			1.0
3839.3			1.0
3840.2			1.0
3841.1			1.0
3842.0			1.0
3842.9			1.0
3843.8			1.0
3844.7			1.0
3845.6			1.0
3846.5			1.0
3847.4			1.0
3848.3			1.0
3849.2			1.0
3850.1			1.0
3851.0			1.0
3851.9			1.0
3852.8			1.0
3853.7			1.0
3854.6			1.0
3855.5			1.0
3856.4			1.0
3857.3			1.0
3858.2			1.0
3859.1			1.0
3860.0			1.0
3860.9			1.0
3861.8			1.0
3862.7			1.0
3863.6			1.0
3864.5			1.0
3865.4			1.0
3866.3			1.0
3867.2			1.0
3868.1			1.0
3869.0			1.0
3869.9			1.0
3870.8			1.0
3871.7			1.0
3872.6			1.0
3873.5			1.0
3874.4			1.0
3875.3			1.0
3876.2			1.0
3877.1			1.0
3878.0			1.0
3878.9			1.0
3879.8			1.0
3880.7			1.0
3881.6			1.0
3882.5			1.0
3883.4			1.0
3884.3			1.0
3885.2			1.0
3886.1			1.0
3887.0			1.0
3887.9			1.0
3888.8			1.0
3889.7			1.0
3890.6			1.0
3891.5			1.0
3892.4			1.0
3893.3			1.0
3894.2			1.0
3895.1			1.0
3896.0			1.0
3896.9			1.0
3897.8			1.0
3898.7			1.0
3899.6			1.0
3900.5			1.0
3901.4			1.0
3902.3			1.0
3903.2			1.0
3904.1			1.0
3905.0			1.0
3905.9			1.0
3906.8			1.0
3907.7			1.0
3908.6			1.0
3909.5			1.0
3910.4			1.0
3911.3			1.0
3912.2			1.0
3913.1			1.0
3914.0			1.0
3914.9			1.0
3915.8			1.0
3916.7			1.0
3917.6			1.0
3918.5			1.0
3919.4			1.0
3920.3			1.0
3921.2			1.0
3922.1			1.0
3923.0			1.0
3923.9			1.0
3924.8			1.0
3925.7			1.0
3926.6			1.0
3927.5			1.0
3928.4			1.0
3929.3			1.0
3930.2			1.0
3931.1			1.0
3932.0			1.0
3932.9			1.0
3933.8			1.0
3934.7			1.0
3935.6			1.0
3936.5			1.0
3937.4			1.0
3938.3			1.0
3939.2			1.0
3940.1			1.0
3941.0			1.0
3941.9			1.0
3942.8			1.0
3943.7			1.0
3944.6			1.0
3945.5			1.0
3946.4			1.0
3947.3			1.0
3948.2			1.0
3949.1			1.0
3950.0			1.0
3950.9			1.0
3951.8			1.0
3952.7			1.0
3953.6			1.0
3954.5			1.0
3955.4			1.0
3956.3			1.0
3957.2			1.0
3958.1			1.0
3959.0			1.0
3959.9			1.0
3960.8			1.0
3961.7			1.0
3962.6			1.0
3963.5			1.0
3964.4			1.0
3965.3			1.0
3966.2			1.0
3967.1			1.0
3968.0			1.0
3968.9			1.0
3969.8			1.0
3970.7			1.0
3971.6			1.0
3972.5			1.0
3973.4			1.0
3974.3			1.0
3975.2			1.0
3976.1			1.0
3977.0			1.0
3977.9			1.0
3978.8			1.0
3979.7			1.0
3980.6			1.0
3981.5			1.0
3982.4			1.0
3983.3			1.0
3984.2			1.0
3985.1			1.0
3986.0			1.0
3986.9			1.0
3987.8			1.0
3988.7			1.0
3989.6			1.0
3990.5			1.0
3991.4			1.0
3992.3			1.0
3993.2			1.0
3994.1			1.0
3995.0			1.0
3995.9			1.0
3996.8			1.0
3997.7			1.0
3998.6			1.0
3999.5			1.0
4000.4			1.0
4001.3			1.0
4002.2			1.022604443599384
4003.1			1.050000068530146
4004.0			0.9737641777586697
4004.9			0.8078894537339574
4005.8			0.714326849062591
4006.7			0.7683141125469203
4007.6			0.8871392756991917
4008.5			0.9720156996412227
4009.4			0.9996991644709406
4010.3			1.0
4011.2			1.0
4012.1			1.0
4013.0			1.0
4013.9			1.0
4014.8			1.0
4015.7			1.0
4016.6			1.0
4017.5			1.0
4018.4			1.0
4019.3			1.0
4020.2			1.0
4021.1			1.0
4022.0			1.0
4022.9			1.0
4023.8			1.0
4024.7			1.0
4025.6			1.0
4026.5			1.0
4027.4			1.0530424971008308
4028.3			1.096108036810816
4029.2			1.0660770978075704
4030.1			0.9048965154649481
4031.0			0.7565210884356318
4031.9			0.7167167980740368
4032.8			0.6967284198074801
4033.7			0.6831600658634018
4034.6			0.7228322135552154
4035.5			0.8212638668879639
4036.4			0.9514402815038692
4037.3			1.0611103279406622
4038.2			1.0981161563670607
4039.1			1.0630754186037752
4040.0			1.0
4040.9			0.9699544853931138
4041.8			1.0069212223840713
4042.7			1.0281742761355133
4043.6			0.9171476575699044
4044.5			0.6921667024304323
4045.4			0.5075302494111807
4046.3			0.5194641912684292
4047.2			0.7106429510758081
4048.1			0.8976923667174992
4049.0			0.9726121909203893
4049.9			0.9987129419836613
4050.8			1.0
4051.7			1.0
4052.6			1.0
4053.5			1.0
4054.4			1.0
4055.3			1.0
4056.2			1.0
4057.1			0.9430353045992763
4058.0			0.8736595801308363
4058.9			0.8946471420771642
4059.8			0.9918934766117946
4060.7			1.0569669060127578
4061.6			1.0007513177460732
4062.5			0.813076723713106
4063.4			0.6359022045240578
4064.3			0.6484970919425377
4065.2			0.7947594161387114
4066.1			0.8655357764002042
4067.0			0.8444045735521978
4067.9			0.8722980968757812
4068.8			0.966422206752512
4069.7			0.995035993044026
4070.6			1.0
4071.5			1.0
4072.4			1.0
4073.3			1.0
4074.2			1.0727743889271297
4075.1			1.0
4076.0			0.843917848771179
4076.9			0.7167078082609185
4077.8			0.7164262203883922
4078.7			0.8341576260872913
4079.6			0.9879292167253042
4080.5			1.1252947245176022
4081.4			1.1927463849398614
4082.3			1.1546646253037245
4083.2			1.0696413397999025
4084.1			1.0172607140602832
4085.0			1.0070918786263419
4085.9			1.0316635110205823
4086.8			1.1061335360040614
4087.7			1.2028686627704872
4088.6			1.256341105628681
4089.5			1.2335198736653827
4090.4			1.1776422867675953
4091.3			1.1380418664201701
4092.2			1.108812286560294
4093.1			1.1214443175282882
4094.0			1.1399886058925783
4094.9			1.060434809052241
4095.8			0.9379182565382684
4096.7			0.8906783835067719
4097.6			0.9306296401780918
4098.5			0.9895596908763816
4099.4			0.9911885213355207
4100.3			0.9042279179057122
4101.2			0.8120485500991831
4102.1			0.8276632776827202
4103.0			0.9096667063453425
4103.9			0.9553848618381325
4104.8			0.9853614110455918
4105.7			1.0534641113170087
4106.6			1.1158391432789576
4107.5			1.123948135730737
4108.4			1.0839339961828953
4109.3			1.0186261961474332
4110.2			0.9523326351772288
4111.1			0.9238846056457106
4112.0			0.9384577753226893
4112.9			0.9973656810815584
4113.8			1.0574832305904591
4114.7			1.07441859546935
4115.6			1.077908461982586
4116.5			1.0863890385856865
4117.4			1.0514169006660872
4118.3			0.9574716944083546
4119.2			0.8988210839229813
4120.1			0.9353101754078247
4121.0			0.9802800811625707
4121.9			0.9658069594395671
4122.8			0.9303713147214471
4123.7			0.9428503012158731
4124.6			1.0103317060602552
4125.5			1.0436236865096977
4126.4			1.0213825100421372
4127.3			0.9845220076725808
4128.2			0.9558864807709431
4129.1			0.9372031005753753
4130.0			0.9170992295279746
4130.9			0.8811368582030679
4131.8			0.8097708315002337
4132.7			0.7594700497646767
4133.6			0.7717733257433542
4134.5			0.8245435008347795
4135.4			0.9276379249891407
4136.3			1.0137108964100352
4137.2			1.0135751501792007
4138.1			0.9976990250104718
4139.0			1.0123863705741205
4139.9			1.030049500956337
4140.8			1.0168092017561925
4141.7			0.9139543135887523
4142.6			0.7333626361861126
4143.5			0.6134301859425213
4144.4			0.6663004746485631
4145.3			0.8103694983593364
4146.2			0.8989897493251855
4147.1			0.9108423308055653
4148.0			0.8952436585067047
4148.9			0.8504033687443567
4149.8			0.7852976527021502
4150.7			0.749915819134906
4151.6			0.750130268167843
4152.5			0.7743822009250663
4153.4			0.7994046840175454
4154.3			0.7982177850198662
4155.2			0.7815824634078447
4156.1			0.7532682721829851
4157.0			0.747406484682191
4157.9			0.8197187674043624
4158.8			0.9308472570573253
4159.7			0.9864237069172705
4160.6			1.0
4161.5			0.9907345514571342
4162.4			1.034741149933257
4163.3			1.039137905559303
4164.2			0.9731557706202154
4165.1			0.9177226636691604
4166.0			0.8795625660953845
4166.9			0.8271557195951406
4167.8			0.8193901599918986
4168.7			0.8879342485560707
4169.6			0.9594976724459022
4170.5			0.9742599495092541
4171.4			0.8992279215390806
4172.3			0.760840941876069
4173.2			0.6903576004255425
4174.1			0.7312903701010192
4175.0			0.7919817847084087
4175.9			0.8074875397586322
4176.8			0.772318528818409
4177.7			0.730288359201819
4178.6			0.7310955577414355
4179.5			0.748997709049872
4180.4			0.7500272247453138
4181.3			0.7484692542080134
4182.2			0.7686743102252591
4183.1			0.8248605187843141
4184.0			0.9183296647552105
4184.9			1.0
4185.8			0.9841137027977118
4186.7			0.8713901425212235
4187.6			0.8008912806792468
4188.5			0.8403117039759171
4189.4			0.9014573179188459
4190.3			0.9040007637433422
4191.2			0.8778545671672225
4192.1			0.8900491356563298
4193.0			0.9374173399069725
4193.9			0.9377575614096314
4194.8			0.8578394856365015
4195.7			0.7531323740204665
4196.6			0.6987736731314367
4197.5			0.7041787443148517
4198.4			0.7404605278754947
4199.3			0.794343573632319
4200.2			0.8295694435752453
4201.1			0.7950644426098682
4202.0			0.743509072630353
4202.9			0.7724685290136227
4203.8			0.8333344890567068
4204.7			0.8645343836502383
4205.6			0.9074935362985349
4206.5			0.9634751593604896
4207.4			1.0000009847286901
4208.3			1.0949431047981686
4209.2			1.054578531342078
4210.1			1.0056091907958646
4211.0			1.00004822538487
4211.9			1.0
4212.8			0.9569444752736426
4213.7			0.8399040540514008
4214.6			0.6828313912677294
4215.5			0.6097765389969345
4216.4			0.7297612459558872
4217.3			0.9269152261381218
4218.2			1.0268470790272026
4219.1			1.0
4220.0			1.0
4220.9			1.0
4221.8			0.9713287741526156
4222.7			0.8930198257237506
4223.6			0.8050974961269542
4224.5			0.7031993500610103
4225.4			0.5520324894081232
4226.3			0.396332533400893
4227.2			1.0
4228.1			1.4083218704775544
4229.0			1.7994281512276884
4229.9			1.9129876485384192
4230.8			1.9024368815577737
4231.7			1.7800914716747491
4232.6			1.5294335327262865
4233.5			1.341737347584205
4234.4			1.2809462665295663
4235.3			1.1882639967167044
4236.2			1.0628896425753718
4237.1			1.0270458210202469
4238.0			1.026888574023209
4238.9			0.9936780839940187
4239.8			0.9725119352403165
4240.7			0.9990926963339495
4241.6			1.0
4242.5			1.0033973417943496
4243.4			1.0376576253080343
4244.3			1.0
4245.2			1.0456836598219317
4246.1			1.0023837398115647
4247.0			0.9227400639051059
4247.9			0.8492898372009807
4248.8			0.7937291809528961
4249.7			0.7312874110442389
4250.6			0.7039151787338422
4251.5			0.7767038271936454
4252.4			0.8706976509639928
4253.3			0.8695180356246642
4254.2			0.7931352355154759
4255.1			0.772892350443772
4256.0			0.8790936970034985
4256.9			1.0159418975476484
4257.8			1.0272359764566608
4258.7			0.9168018180194366
4259.6			0.798369780771928
4260.5			0.7357227088899418
4261.4			0.7899408284198286
4262.3			0.9651968863460457
4263.2			1.1334041015213154
4264.1			1.0
4265.0			1.0279593262811977
4265.9			1.052745912832673
4266.8			1.0187919041328095
4267.7			0.9360812505222313
4268.6			0.8708528560860682
4269.5			0.8156384246061201
4270.4			0.7081818437400323
4271.3			0.5771646947387837
4272.2			0.5503930080605542
4273.1			0.6318262271310766
4274.0			0.681773084390763
4274.9			0.6974721575819803
4275.8			0.7818409879229828
4276.7			0.9181965652332646
4277.6			1.0
4278.5			1.0328680839075555
4279.4			0.955172932046822
4280.3			0.8512013925293743
4281.2			0.8381123860547104
4282.1			0.8847250815380208
4283.0			0.9282856340464145
4283.9			0.9378359825592781
4284.8			0.8864452680546101
4285.7			0.8311341342885966
4286.6			0.851424489419307
4287.5			0.8989228714806381
4288.4			0.858183000788568
4289.3			0.7407906282181947
4290.2			0.6792276057480281
4291.1			0.7257949611836649
4292.0			0.8327699562646399
4292.9			0.9166053137659733
4293.8			0.9078620087772125
4294.7			0.8663283817469157
4295.6			0.864664470847695
4296.5			0.8540732635254463
4297.4			0.7999557289271777
4298.3			0.7005734170334443
4299.2			0.5805682636028989
4300.1			0.5347235064091838
4301.0			0.5894550655666636
4301.9			0.6368115516861782
4302.8			0.6333206211397788
4303.7			0.6384996552266115
4304.6			0.6451421254245479
4305.5			0.6251955388742758
4306.4			0.5898734711359173
4307.3			0.5275125244173472
4308.2			0.46841192604834
4309.1			0.47494667956953085
4310.0			0.5381915515735994
4310.9			0.6178781089043138
4311.8			0.7003824796376066
4312.7			0.7898348683370117
4313.6			0.8705291053981825
4314.5			0.9555174255912386
4315.4			1.119735890692059
4316.3			1.3105464979967307
4317.2			1.3945959723488173
4318.1			1.377464504995822
4319.0			1.0
4319.9			0.9631887939028801
4320.8			0.9196539712709523
4321.7			0.9023542276522301
4322.6			0.847088674762881
4323.5			0.7119583737574653
4324.4			0.564198954030186
4325.3			0.4758202621073657
4326.2			0.5224340994614834
4327.1			0.723526540964452
4328.0			0.9555728840093239
4328.9			1.0716024983876784
4329.8			1.046129701273225
4330.7			0.9944927468564544
4331.6			1.0
4332.5			1.0289844066603873
4333.4			1.0482815568803656
4334.3			1.0827697294416219
4335.2			1.1268930720266812
4336.1			1.0877539385989328
4337.0			0.9238093191160179
4337.9			0.7699306254746862
4338.8			0.7106552967044726
4339.7			0.67382419338333
4340.6			0.6613445237029716
4341.5			0.7518402145919987
4342.4			0.8727481454393505
4343.3			0.8916030392991269
4344.2			0.8804828488229499
4345.1			0.9289431176584244
4346.0			0.957111765812442
4346.9			1.0
4347.8			1.0046256221306984
4348.7			1.0849331715678097
4349.6			1.1139717831237288
4350.5			0.9823820650516644
4351.4			0.7846845432680267
4352.3			0.7118943566263791
4353.2			0.7864379517700696
4354.1			0.8772333070894075
4355.0			0.9345324381090863
4355.9			0.9856987629218907
4356.8			1.002066395867791
4357.7			1.0
4358.6			1.0
4359.5			1.0
4360.4			1.0
4361.3			1.0
4362.2			1.0
4363.1			1.0
4364.0			1.0
4364.9			1.0
4365.8			1.0
4366.7			1.0
4367.6			1.0
4368.5			1.0
4369.4			1.0354532667439906
4370.3			1.0549774454816845
4371.2			1.0607131036559994
4372.1			1.0564178890626632
4373.0			0.9947669731965035
4373.9			0.8819320003201139
4374.8			0.7989554167875743
4375.7			0.8170247615391015
4376.6			0.9274466540945231
4377.5			1.0433238654306176
4378.4			1.0869068382254565
4379.3			1.0515347338832384
4380.2			0.9943249612635798
4381.1			0.9395657865186579
4382.0			0.815063671887198
4382.9			0.5965500112432846
4383.8			0.4380275605124908
4384.7			0.4819142202968128
4385.6			0.6736731895248776
4386.5			0.8373643552848794
4387.4			0.8785357531815903
4388.3			0.8494587216322685
4389.2			0.808903939849008
4390.1			0.7775865832134065
4391.0			0.7824801954470119
4391.9			0.8215014261982645
4392.8			0.850818780732862
4393.7			0.8436664595765606
4394.6			0.8213914270852667
4395.5			0.8395377777505711
4396.4			0.9279671890240351
4397.3			1.008461932875694
4398.2			1.0
4399.1			0.9304931326158143
4400.0			0.8453986433254935
4400.9			0.8207132746088359
4401.8			0.8906760984839023
4402.7			0.9207443669191109
4403.6			0.7870170250820197
4404.5			0.6113114608864831
4405.4			0.591008751895662
4406.3			0.6943899686570062
4407.2			0.7505503119663106
4408.1			0.7387227317603733
4409.0			0.7723755355612023
4409.9			0.8738926122110331
4410.8			1.0
4411.7			1.0424743583717582
4412.6			1.05746722911835
4413.5			1.0016362606741702
4414.4			0.851909130360874
4415.3			0.745968824184788
4416.2			0.780354438968689
4417.1			0.8683781275609574
4418.0			0.9397372159493207
4418.9			1.0017177414578462
4419.8			1.0
4420.7			1.0
4421.6			1.0
4422.5			1.0
4423.4			1.0
4424.3			1.0
4425.2			1.0
4426.1			1.0
4427.0			1.0089625760535377
4427.9			1.0462667313911742
4428.8			1.055851155821686
4429.7			0.9826816230251757
4430.6			0.9298455362189831
4431.5			0.988443582446959
4432.4			1.0596405921530914
4433.3			1.033001680712682
4434.2			0.9382270183247453
4435.1			0.8735760478297621
4436.0			0.9106851424269435
4436.9			1.0286802517466798
4437.8			1.1497720451281135
4438.7			1.2280222452493483
4439.6			1.2340624539616285
4440.5			1.1541556835679345
4441.4			1.0455572220903726
4442.3			0.9861880849878303
4443.2			1.0011886375160783
4444.1			1.0
4445.0			1.0
4445.9			1.0
4446.8			1.0
4447.7			1.0
4448.6			1.0
4449.5			1.0
4450.4			1.0
4451.3			1.0001119405962386
4452.2			1.0092101015390822
4453.1			0.9756425754438466
4454.0			0.8999391098076155
4454.9			0.8264082092010346
4455.8			0.8133961800792
4456.7			0.843491325890579
4457.6			0.8527005644665981
4458.5			0.8240316359981864
4459.4			0.7998673178486551
4460.3			0.7858091259217179
4461.2			0.7470030741429637
4462.1			0.7435109900898706
4463.0			0.8339731911111963
4463.9			0.9280477075371082
4464.8			0.9432170503323438
4465.7			0.9228251281068335
4466.6			0.9174615838107358
4467.5			0.9251338568897157
4468.4			0.9092442194730747
4469.3			0.875808335437644
4470.2			0.8751151261760034
4471.1			0.9087697155354431
4472.0			0.9538130005718675
4472.9			1.0004527652934405
4473.8			1.0
4474.7			1.0
4475.6			1.0
4476.5			1.0
4477.4			1.0404870316029984
4478.3			1.0221481299036013
4479.2			0.933512579131027
4480.1			0.8327738334131816
4481.0			0.7788204287231646
4481.9			0.7742452523717342
4482.8			0.8231251075571673
4483.7			1.0
4484.6			1.0695084751869117
4485.5			1.0979682569023694
4486.4			1.0894121655971594
4487.3			1.030746397746971
4488.2			0.9430987410297361
4489.1			0.8653287420890163
4490.0			0.8368914947249452
4490.9			0.8744967311643888
4491.8			0.938948126759478
4492.7			0.960128140967243
4493.6			0.8907634521071404
4494.5			0.7952622560345742
4495.4			0.7691433290400359
4496.3			0.8109874868269571
4497.2			0.8799302577880649
4498.1			0.938936373348522
4499.0			0.9620412470226746
4499.9			0.9520125392461068
4500.8			0.9051952884767279
4501.7			0.873487277096701
4502.6			0.931618125853684
4503.5			1.02311187905622
4504.4			1.0540740554184287
4505.3			1.0352276498928092
4506.2			1.0
4507.1			0.9635853545381619
4508.0			0.9477930238554724
4508.9			0.9629392417460234
4509.8			0.9967203237184086
4510.7			1.0151461257240675
4511.6			0.9873337392361132
4512.5			0.9293538719487384
4513.4			1.0
4514.3			0.97301370269469
4515.2			0.9891410621483823
4516.1			1.023682022032363
4517.0			1.0217773585661802
4517.9			0.9944965378668352
4518.8			1.0071852701981807
4519.7			1.0634110893926225
4520.6			1.1168772049375197
4521.5			1.1240475543208805
4522.4			1.0628678479531612
4523.3			1.0
4524.2			0.9905933314833602
4525.1			0.9590950627305391
4526.0			0.8951153093957582
4526.9			0.8373343855520404
4527.8			0.7946764818841745
4528.7			0.7726578947663721
4529.6			0.7880965150809147
4530.5			0.8200434052669767
4531.4			0.8574461264892965
4532.3			0.9087387191035318
4533.2			0.9194353937622511
4534.1			0.8700577314818706
4535.0			0.8179080990407619
4535.9			0.8372257664416725
4536.8			0.9470785631059261
4537.7			1.03358242134251
4538.6			1.0175902423420982
4539.5			0.952776937779713
4540.4			0.8957172435121875
4541.3			0.8768516409557298
4542.2			0.9150080826076086
4543.1			0.9576608996301231
4544.0			0.9404220919685987
4544.9			0.8919098994544531
4545.8			0.8818467927669414
4546.7			0.9101674325499822
4547.6			0.9293460009480295
4548.5			0.9042887435496195
4549.4			0.8633221893320566
4550.3			0.8741878835655933
4551.2			0.9090851170354542
4552.1			0.9011601486952182
4553.0			0.8751624206509402
4553.9			0.8595739249925076
4554.8			0.8516632581667268
4555.7			0.8736890362218124
4556.6			0.9314296179698279
4557.5			0.9825255117655325
4558.4			1.001024372092509
4559.3			1.0
4560.2			1.0
4561.1			1.0
4562.0			1.0098794537431917
4562.9			0.9737907528624815
4563.8			0.892018226465808
4564.7			0.8285275180856243
4565.6			0.8277753322631674
4566.5			0.8981653002685248
4567.4			0.9824086808480303
4568.3			1.0114045706538615
4569.2			0.9999949288966173
4570.1			1.0
4571.0			1.0
4571.9			0.9661520837824716
4572.8			1.028826194200193
4573.7			1.0896294634275467
4574.6			1.070915726828494
4575.5			1.0387657551600054
4576.4			1.035714616925577
4577.3			1.0301213175468542
4578.2			0.9937946523744817
4579.1			0.924409537785968
4580.0			1.0
4580.9			0.9812455793690115
4581.8			1.027137214444072
4582.7			1.0730907159390077
4583.6			1.0734902517784788
4584.5			1.0527118033658154
4585.4			1.0277583109450326
4586.3			1.0171613319178527
4587.2			1.0573112477013127
4588.1			1.1271869923329854
4589.0			1.1753326065684868
4589.9			1.1729761288902405
4590.8			1.1184991892631473
4591.7			1.0477337867928271
4592.6			1.011782540555139
4593.5			1.002893802300287
4594.4			0.9787616931123564
4595.3			0.9474076196369348
4596.2			0.94016710791376
4597.1			0.9451724549486595
4598.0			0.9632636940266538
4598.9			0.9928705403459996
4599.8			0.980901909698305
4600.7			0.9481995059321926
4601.6			0.9626340817451193
4602.5			0.9896493108369147
4603.4			0.984802482944244
4604.3			0.9517773104955821
4605.2			0.9204048539493977
4606.1			0.9365739252813804
4607.0			1.0003760218141942
4607.9			1.0765566033416372
4608.8			1.1268472099813116
4609.7			1.1176221938724205
4610.6			1.059228301675645
4611.5			1.004366415836768
4612.4			1.0
4613.3			1.0
4614.2			1.0
4615.1			1.0
4616.0			1.0
4616.9			1.0
4617.8			1.0
4618.7			1.0
4619.6			1.0
4620.5			1.0
4621.4			1.0
4622.3			1.0
4623.2			1.0
4624.1			1.0
4625.0			1.0
4625.9			1.0
4626.8			1.0
4627.7			1.0
4628.6			0.9951307870778714
4629.5			0.9758277916107498
4630.4			1.0006983069883146
4631.3			1.0465432505871546
4632.2			1.0356121438145933
4633.1			0.9797759298215534
4634.0			0.9540727670685498
4634.9			0.96966611639398
4635.8			0.987847449607698
4636.7			0.9754936632892804
4637.6			0.9481690009362547
4638.5			0.9329140392225862
4639.4			0.9190371737166535
4640.3			0.9269932140964967
4641.2			0.9820819833246228
4642.1			1.0291916570773958
4643.0			1.01868163298913
4643.9			0.9836235267807086
4644.8			0.9556289427406771
4645.7			0.9084048483513968
4646.6			0.8562611888253147
4647.5			0.8518786455941616
4648.4			0.8916805753106267
4649.3			0.9529322106505994
4650.2			1.0283778989499
4651.1			1.0937906946120264
4652.0			1.1362535285125035
4652.9			1.1511905669350007
4653.8			1.113282373342364
4654.7			1.0528942171206326
4655.6			1.0284091553995574
4656.5			1.0433737670104368
4657.4			1.1045617552939748
4658.3			1.0
4659.2			1.072437940860974
4660.1			1.092932626525612
4661.0			1.053931885237513
4661.9			0.9889201542001156
4662.8			0.9257271814609256
4663.7			0.9014908210983467
4664.6			0.9165345598226157
4665.5			0.894377640794702
4666.4			0.8011162392464991
4667.3			0.721706545741824
4668.2			0.74422192098501
4669.1			0.8411049895616332
4670.0			0.9382872182168064
4670.9			1.0108317493653662
4671.8			1.0329482059164408
4672.7			1.0024801075222651
4673.6			0.967304158155516
4674.5			1.0
4675.4			1.0338164095885127
4676.3			1.08642576548547
4677.2			1.0870659701333225
4678.1			1.0385555592056892
4679.0			0.9910362778208858
4679.9			0.9511327536007597
4680.8			0.9190455287242044
4681.7			0.9187796854370177
4682.6			0.9615749485210549
4683.5			1.0116453184405738
4684.4			1.0
4685.3			0.989863732494021
4686.2			0.9842826790030204
4687.1			0.964789495604705
4688.0			0.9398351082262751
4688.9			0.9428404181566369
4689.8			0.9554038700133931
4690.7			0.9448211769590297
4691.6			0.9269555290833607
4692.5			0.9299764327122495
4693.4			0.9441010958564643
4694.3			0.9668688338214069
4695.2			1.0065753828381998
4696.1			1.03553972878894
4697.0			1.0132783991226264
4697.9			0.9379347204982542
4698.8			0.8766289602243574
4699.7			0.8798531405220952
4700.6			0.9040734124184124
4701.5			0.9067742772607732
4702.4			0.894948268705524
4703.3			0.8936307186750975
4704.2			0.9244211198229602
4705.1			0.9589294032618688
4706.0			0.9595023489848391
4706.9			0.9334305935054694
4707.8			0.9106509374440978
4708.7			0.8990118649822638
4709.6			0.9079072468036896
4710.5			0.9549377186900233
4711.4			1.0020805153705243
4712.3			1.0000065248513617
4713.2			1.0
4714.1			1.0
4715.0			1.0
4715.9			1.0
4716.8			1.0689307588106964
4717.7			1.0887158223218254
4718.6			1.1065618165904005
4719.5			1.1341783116022832
4720.4			1.1386850778780566
4721.3			1.11327574366127
4722.2			1.0770953365990825
4723.1			1.0622745093803363
4724.0			1.0890317400707532
4724.9			1.12133625693358
4725.8			1.101593114892755
4726.7			1.0135296570085988
4727.6			0.9042556333001258
4728.5			0.8488860792503259
4729.4			0.8546621611234865
4730.3			0.8793149834069832
4731.2			0.910539541048612
4732.1			0.9516389812303129
4733.0			0.9809301356790929
4733.9			0.9914275887801359
4734.8			1.002333648264331
4735.7			0.9884906219874993
4736.6			0.9475024002452308
4737.5			0.9559073838256764
4738.4			1.0184039683672819
4739.3			1.038223621769976
4740.2			0.9984179682603298
4741.1			1.0
4742.0			1.0
4742.9			1.0
4743.8			1.0
4744.7			1.0
4745.6			1.0
4746.5			1.0
4747.4			1.0
4748.3			1.0
4749.2			1.0
4750.1			1.0
4751.0			1.0
4751.9			1.0
4752.8			1.0
4753.7			1.0
4754.6			1.0
4755.5			1.0
4756.4			1.0
4757.3			1.0
4758.2			1.0
4759.1			1.020828098481878
4760.0			1.0381769082866636
4760.9			1.0170748305874708
4761.8			0.9654110762250245
4762.7			0.9343349316057288
4763.6			0.9260770452935215
4764.5			0.898946231589353
4765.4			0.8578123692070591
4766.3			0.8498767189483113
4767.2			0.8862354121258318
4768.1			0.9407195661202605
4769.0			0.998541335282535
4769.9			1.0335730059202184
4770.8			1.010127091517265
4771.7			0.9632749825387793
4772.6			0.9574132164771206
4773.5			1.000094735045344
4774.4			1.0
4775.3			1.0077098111214662
4776.2			0.9948097675016522
4777.1			1.0161454814911495
4778.0			1.0458494831227179
4778.9			1.0390731829394353
4779.8			1.0184723360696912
4780.7			1.0118367233282732
4781.6			0.9995502614385908
4782.5			0.9661267491376078
4783.4			0.9424755865000266
4784.3			0.9604750224768418
4785.2			0.9728349590121079
4786.1			0.9416237081530425
4787.0			0.9303861651330588
4787.9			0.960824987471125
4788.8			0.9682273185237747
4789.7			0.9501686251368643
4790.6			0.952599752526692
4791.5			0.9756817749547398
4792.4			1.0100428129209187
4793.3			1.0642978637326026
4794.2			1.0
4795.1			1.0182944062484665
4796.0			0.9995072388373141
4796.9			1.0
4797.8			0.9554801424931536
4798.7			0.9104615779428908
4799.6			0.8869224402265007
4800.5			0.9069517630213765
4801.4			0.9609033890306199
4802.3			1.0071216508797862
4803.2			1.0164166548557636
4804.1			0.9853112441318354
4805.0			0.944582068272193
4805.9			0.926206779799095
4806.8			0.9119067948875901
4807.7			0.8855950638205651
4808.6			0.8802720250141558
4809.5			0.9100168951075028
4810.4			0.9410586921167106
4811.3			0.9466918733361898
4812.2			0.9362227124177703
4813.1			0.9250536856711348
4814.0			0.9225773812678713
4814.9			0.9326287627506176
4815.8			0.9544270941255749
4816.7			0.9770784042433147
4817.6			0.9852093655358707
4818.5			0.9914484411057707
4819.4			1.0007089692374809
4820.3			1.0
4821.2			0.9893605580559202
4822.1			0.9599529637305364
4823.0			0.9059013916126426
4823.9			0.878639357215481
4824.8			0.9164736633708006
4825.7			0.9744577695448271
4826.6			0.9974405969773982
4827.5			1.0
4828.4			1.0
4829.3			1.0
4830.2			1.0
4831.1			1.0
4832.0			1.0
4832.9			1.0
4833.8			1.0415843522188724
4834.7			1.067110000259536
4835.6			1.0600600549199568
4836.5			1.0479161067721734
4837.4			1.0
4838.3			0.9807875993367109
4839.2			0.9392447372678799
4840.1			0.9177170480017921
4841.0			0.935492097053995
4841.9			0.9567216848251641
4842.8			0.9475003220219101
4843.7			0.9426863798612554
4844.6			0.9819098965214907
4845.5			1.034181177814158
4846.4			1.0522903688578462
4847.3			1.021661723368888
4848.2			0.9676235685136078
4849.1			0.9537768482791358
4850.0			1.0001518996441094
4850.9			1.0387712822589827
4851.8			1.039167617188873
4852.7			1.0325195023155387
4853.6			1.0067251570290845
4854.5			0.9384229419867004
4855.4			0.8838836979364738
4856.3			0.9082595442766719
4857.2			0.9719261157699074
4858.1			0.9902412327177207
4859.0			0.9423200436578628
4859.9			0.8489750244160825
4860.8			0.7524815148206481
4861.7			0.7419120093293042
4862.6			0.8308931816159053
4863.5			0.9093449229762882
4864.4			0.9400016468455036
4865.3			0.9740947465371281
4866.2			1.0119039976028101
4867.1			1.0
4868.0			0.9872365533139621
4868.9			0.9910782609258243
4869.8			0.9738374551511896
4870.7			0.895298037345742
4871.6			0.8304152113265675
4872.5			0.8630603030948406
4873.4			0.9453761068795277
4874.3			0.9921545288959923
4875.2			1.0010988999515966
4876.1			1.0236481695982271
4877.0			1.0536630685082247
4877.9			1.080866813603089
4878.8			1.1289980651280986
4879.7			1.1621857907906505
4880.6			1.116777032921559
4881.5			1.0
4882.4			0.9967710514880773
4883.3			1.0272752324536434
4884.2			1.0043956670657455
4885.1			0.9336719268850111
4886.0			0.8880875382717588
4886.9			0.8988825420530099
4887.8			0.9327995411046404
4888.7			0.9499682279386488
4889.6			0.9257451386155345
4890.5			0.8516690257323868
4891.4			0.8187766734504915
4892.3			0.904405894439439
4893.2			1.0240460337682782
4894.1			1.097176190104791
4895.0			1.1286364980860988
4895.9			1.1285899999070834
4896.8			1.1113004936626263
4897.7			1.0946413038315506
4898.6			1.06523168860079
4899.5			1.0177891961292496
4900.4			1.0012847032249874
4901.3			1.0
4902.2			1.0
4903.1			1.0
4904.0			1.0
4904.9			1.0388763344191905
4905.8			1.0812510684552694
4906.7			1.0723913737453812
4907.6			1.0213230289639397
4908.5			0.9625153480930242
4909.4			0.904649383441414
4910.3			1.0
4911.2			1.0029865875570618
4912.1			1.0435328244896345
4913.0			1.0796286263107155
4913.9			1.1007082605271277
4914.8			1.124384175740272
4915.7			1.1342218973312672
4916.6			1.0936361011730398
4917.5			0.9975610591264469
4918.4			0.8728720074280139
4919.3			0.7716884641665912
4920.2			0.7357897248950501
4921.1			0.7810908599853709
4922.0			0.8664423345804708
4922.9			0.9098356645982748
4923.8			0.8894872637254527
4924.7			0.8665836086371275
4925.6			0.8948150792711709
4926.5			0.9397002832055488
4927.4			0.9551091141471617
4928.3			0.9697876252839407
4929.2			0.9919781450333518
4930.1			1.0
4931.0			0.9943962195417114
4931.9			0.9789870253306414
4932.8			0.9213492716144707
4933.7			0.8684041981232251
4934.6			0.890857090272724
4935.5			0.9355844538236942
4936.4			0.9167122226643941
4937.3			0.8434438871425392
4938.2			0.7777237001161162
4939.1			0.7746832222543577
4940.0			0.846031328808501
4940.9			0.9377612529365617
4941.8			0.9897545397072839
4942.7			1.0137743007545994
4943.6			1.0337315087821297
4944.5			1.0251816601813128
4945.4			0.9862833716364151
4946.3			0.9712835299331974
4947.2			1.0005773570885934
4948.1			1.0
4949.0			1.0
4949.9			1.0
4950.8			1.0
4951.7			1.0
4952.6			1.0
4953.5			1.0
4954.4			1.0
4955.3			0.9995315397769374
4956.2			0.9216119413610423
4957.1			0.7838554308667831
4958.0			0.7503767234708811
4958.9			0.8630933015463702
4959.8			0.9762592895520433
4960.7			1.0038482786900842
4961.6			1.0
4962.5			1.0
4963.4			1.0
4964.3			1.0
4965.2			1.0
4966.1			1.0
4967.0			1.0
4967.9			1.0
4968.8			1.0
4969.7			1.0
4970.6			1.0
4971.5			1.0
4972.4			1.0
4973.3			1.0
4974.2			1.0
4975.1			0.9940639049439771
4976.0			0.9742330947767965
4976.9			0.9581677044152667
4977.8			1.0
4978.7			0.9643317601079876
4979.6			0.9663881847737186
4980.5			0.9807017405672529
4981.4			0.9505552367216872
4982.3			0.8768335888452873
4983.2			0.8376839212350152
4984.1			0.8617341425564958
4985.0			0.8989341197575126
4985.9			0.9458483995400558
4986.8			1.0217542479586077
4987.7			1.0731577193456443
4988.6			1.0672081819916477
4989.5			1.0439291590248896
4990.4			1.01611375558077
4991.3			1.0031244013893268
4992.2			1.0249862467978907
4993.1			1.0310527747386484
4994.0			1.0178956734472886
4994.9			1.0316619039337016
4995.8			1.0517688903779014
4996.7			1.0516797860954872
4997.6			1.0485703837340046
4998.5			1.0304159852026604
4999.4			0.9860441574744175
5000.3			0.9545554890929476
5001.2			0.9536400320345892
5002.1			0.9636047160335516
5003.0			0.9681876734729781
5003.9			0.9528622752032915
5004.8			0.9089999752783078
5005.7			0.8596977362029863
5006.6			0.8661594651636548
5007.5			0.9498371648912208
5008.4			1.0374540083257526
5009.3			1.0568569766555567
5010.2			1.0341530737105837
5011.1			0.9983597656291966
5012.0			0.9385595070566615
5012.9			0.8807673977665061
5013.8			0.8566800622385978
5014.7			0.8854614689734038
5015.6			0.9478978727036567
5016.5			0.9743124880784086
5017.4			0.9490122085403404
5018.3			0.929821242493721
5019.2			0.953054384377646
5020.1			0.9800855091753659
5021.0			0.9760352130729593
5021.9			0.9561140282513712
5022.8			0.9671112150199709
5023.7			1.0152983430406655
5024.6			1.0456878776645318
5025.5			1.0450777619928728
5026.4			1.0180878768910697
5027.3			0.974349411431936
5028.2			0.9865732420590656
5029.1			1.0497148011678135
5030.0			1.0834291683695343
5030.9			1.0944255118510393
5031.8			1.0
5032.7			1.050980471071224
5033.6			1.0784202754877141
5034.5			1.0431915470342086
5035.4			0.9613562026676511
5036.3			0.9223490989671806
5037.2			0.9533766904740478
5038.1			0.965707356865494
5039.0			0.9125219847842462
5039.9			0.8263605292332358
5040.8			0.7565956998007135
5041.7			0.7877560267667849
5042.6			0.9240818671630153
5043.5			1.046136771802269
5044.4			1.1091720027303653
5045.3			1.1605362667855388
5046.2			1.1923099602674847
5047.1			1.1521204461571033
5048.0			1.0574496670216125
5048.9			0.9992222349245532
5049.8			1.0
5050.7			1.0
5051.6			1.0
5052.5			1.0
5053.4			1.0
5054.3			1.0
5055.2			1.0
5056.1			1.0
5057.0			1.0
5057.9			1.0
5058.8			1.0
5059.7			1.012424627038429
5060.6			1.0338795692620977
5061.5			1.058978744781001
5062.4			1.0602607670319306
5063.3			1.0129884666490507
5064.2			0.9290092163436573
5065.1			0.8825432559872183
5066.0			0.9088052229058069
5066.9			0.938138330152975
5067.8			0.9301233072338918
5068.7			0.9316686589678346
5069.6			1.0
5070.5			1.0260520074375863
5071.4			0.9928835229554509
5072.3			0.9523123642675666
5073.2			0.9676867390869434
5074.1			0.9989291497202745
5075.0			0.9934731587792238
5075.9			0.9831360874392984
5076.8			1.0008678592375295
5077.7			0.9960937240614377
5078.6			0.9108660093609665
5079.5			0.8076799268906418
5080.4			0.7911183474257698
5081.3			0.8513900003274893
5082.2			0.9013910276168989
5083.1			0.9089781339691596
5084.0			0.9180701494491816
5084.9			0.9490176925043915
5085.8			0.9684006704289964
5086.7			0.9661199008933488
5087.6			0.9640421359810039
5088.5			0.9775500523687743
5089.4			0.9979534087164318
5090.3			1.0007291427489777
5091.2			1.0
5092.1			1.0
5093.0			1.0
5093.9			1.0
5094.8			0.9886821758842386
5095.7			0.9673397680490828
5096.6			0.9322182801102457
5097.5			0.8775514680979328
5098.4			0.824839015900652
5099.3			0.8266351509427139
5100.2			0.9058524029510209
5101.1			1.0
5102.0			1.0257260440100018
5102.9			0.997310780331336
5103.8			0.9616358669329921
5104.7			0.9529278074420627
5105.6			0.954632114915708
5106.5			0.9315673929568231
5107.4			0.894639562216755
5108.3			0.880296394402849
5109.2			0.8763554613208734
5110.1			0.8723126046029598
5111.0			0.9002372207208972
5111.9			1.0
5112.8			1.0182365614924695
5113.7			1.0210084047540666
5114.6			1.0251925696625894
5115.5			1.0314927077973086
5116.4			1.0529305158446844
5117.3			1.0799001846998797
5118.2			1.0863019678684163
5119.1			1.0700708681024322
5120.0			1.039554828446995
5120.9			0.9990870912361761
5121.8			0.9533957094478838
5122.7			0.9011018040465515
5123.6			0.8592933314378751
5124.5			0.8589888489203394
5125.4			0.8850293666468909
5126.3			0.9007074286496974
5127.2			1.0
5128.1			0.9960396955002567
5129.0			1.0020928714125847
5129.9			1.0279265466070473
5130.8			1.0649039956482578
5131.7			1.096927431128815
5132.6			1.1175606778185854
5133.5			1.1325806450086509
5134.4			1.1615809139049214
5135.3			1.183302146455619
5136.2			1.153495864616829
5137.1			1.1019221363588987
5138.0			1.0664757964486316
5138.9			1.0470472283208245
5139.8			1.079177053807672
5140.7			1.1361451885217875
5141.6			1.117764797255823
5142.5			1.0650432114341468
5143.4			1.0880803784156792
5144.3			1.145348834087651
5145.2			1.1482884066451944
5146.1			1.1139516836552816
5147.0			1.091349490364048
5147.9			1.103449021902194
5148.8			1.145435308203049
5149.7			1.1728665837737355
5150.6			1.159885287027269
5151.5			1.1435971295313139
5152.4			1.1499481770322342
5153.3			1.1652347988167546
5154.2			1.1893875624303367
5155.1			1.227870634852723
5156.0			1.2721357053117734
5156.9			1.3121917561476362
5157.8			1.3337215752838107
5158.7			1.3376183696203088
5159.6			1.350536489139796
5160.5			1.363530431768101
5161.4			1.0
5162.3			0.9645613577789331
5163.2			0.9464456964181228
5164.1			0.9179962046041684
5165.0			0.8517735654297389
5165.9			0.7609601173326711
5166.8			0.6724904250450809
5167.7			0.6502351726836337
5168.6			0.7439705107278185
5169.5			0.891682590754553
5170.4			0.9436940368100004
5171.3			0.8253420038892402
5172.2			0.671990226545254
5173.1			0.6881487862049447
5174.0			0.8831784525633765
5174.9			1.0764313528442593
5175.8			1.1529279785308633
5176.7			1.1715158342239802
5177.6			1.0
5178.5			1.0141110549917969
5179.4			1.0031217616240187
5180.3			0.9736021167661407
5181.2			0.9070807259228423
5182.1			0.7665510559236555
5183.0			0.6031507094847305
5183.9			0.5670566686145837
5184.8			0.7053830575637199
5185.7			0.8808265151994648
5186.6			0.9705708767520812
5187.5			0.9760331823602995
5188.4			0.9696735202947544
5189.3			0.9992628696874195
5190.2			1.0
5191.1			1.0
5192.0			1.0
5192.9			1.0
5193.8			1.0
5194.7			1.0
5195.6			1.0
5196.5			1.0
5197.4			1.0
5198.3			1.0
5199.2			1.0
5200.1			1.0
5201.0			0.9950699542441671
5201.9			0.9899880043495893
5202.8			0.9930884877287294
5203.7			0.9655830096280649
5204.6			0.8943704493535048
5205.5			0.8453221165536648
5206.4			0.8524824677336488
5207.3			0.8578861099935897
5208.2			0.8420626676651531
5209.1			0.8663150869058045
5210.0			0.9360724990344457
5210.9			1.002970035413386
5211.8			1.0572365036701514
5212.7			1.0985261256077061
5213.6			1.1047938081199666
5214.5			1.0604630555548686
5215.4			1.004415756273485
5216.3			1.0
5217.2			1.0
5218.1			1.0
5219.0			1.0
5219.9			1.0
5220.8			1.0016698032983773
5221.7			0.9955057775255269
5222.6			0.96854460870431
5223.5			0.9205990322920552
5224.4			0.8653723257114349
5225.3			0.8033244285478026
5226.2			0.7442971100131043
5227.1			0.7514548787768285
5228.0			0.8520320462932018
5228.9			0.9578270104547401
5229.8			1.0028287903982147
5230.7			1.016882708438461
5231.6			1.0025249477956406
5232.5			1.0
5233.4			1.0
5234.3			1.0
5235.2			1.0
5236.1			1.0
5237.0			1.0
5237.9			1.0
5238.8			1.0
5239.7			1.0
5240.6			1.0077136532708295
5241.5			1.0069703215072807
5242.4			0.9927435242106771
5243.3			0.9993072142424926
5244.2			1.030887743339972
5245.1			1.031930505789465
5246.0			0.9672724057896743
5246.9			0.8948815789982132
5247.8			0.8839164374270365
5248.7			0.9013595253895741
5249.6			0.8855935833749361
5250.5			0.8675628924412456
5251.4			0.8942850502244164
5252.3			0.9369718013561256
5253.2			1.0
5254.1			0.9633760244086949
5255.0			0.9307050356857396
5255.9			0.9746016206826079
5256.8			1.0633299406216916
5257.7			1.1195133638023649
5258.6			1.1282462736050864
5259.5			1.1045534493558709
5260.4			1.0557356705661958
5261.3			0.9862117613481617
5262.2			0.9062111263132866
5263.1			0.8405014936923113
5264.0			0.796968384959358
5264.9			0.7600630953650843
5265.8			0.7541022417240415
5266.7			0.8201853809389172
5267.6			0.8756049479730298
5268.5			0.8060606549516445
5269.4			0.6938433908743035
5270.3			0.712192294262479
5271.2			0.8500689011219809
5272.1			0.953129331791629
5273.0			0.970819709954084
5273.9			0.9513090257541157
5274.8			0.9230104785587604
5275.7			0.9304923838484637
5276.6			1.0057283310519618
5277.5			1.0
5278.4			1.0183455399206183
5279.3			0.9830340412448335
5280.2			0.9306079031942245
5281.1			0.8928846172590256
5282.0			0.8736708479505249
5282.9			0.8534572664926637
5283.8			0.848620234164504
5284.7			0.9025434998668781
5285.6			0.9891612539215775
5286.5			1.0334407101153595
5287.4			1.0170263012096767
5288.3			0.991885327105121
5289.2			1.0
5290.1			1.0278547595853136
5291.0			1.0373770842818635
5291.9			1.0139714891011273
5292.8			0.9797613673303304
5293.7			0.9655808668435426
5294.6			0.9595883450249035
5295.5			0.926590843334337
5296.4			0.8565057954608531
5297.3			0.7886234051544176
5298.2			0.7849564762014809
5299.1			0.8452665842269652
5300.0			0.8918965655749891
5300.9			0.892609387288989
5301.8			0.8925897313465654
5302.7			0.9256585161528587
5303.6			0.9757951382395502
5304.5			1.0138528105233418
5305.4			1.0216176435445357
5306.3			1.0003008009805925
5307.2			1.0
5308.1			1.0
5309.0			1.0
5309.9			1.0
5310.8			1.0
5311.7			1.0
5312.6			1.0
5313.5			1.0
5314.4			1.0
5315.3			1.0
5316.2			1.0
5317.1			1.0
5318.0			1.0
5318.9			1.0
5319.8			0.9979985388474227
5320.7			0.9962165416461858
5321.6			0.9922764082624045
5322.5			0.9720873500511232
5323.4			0.9274987001534016
5324.3			0.8973087368354505
5325.2			0.9087486983083325
5326.1			0.8996866211269712
5327.0			0.8033627382139046
5327.9			0.6910588496478737
5328.8			0.6984999652273739
5329.7			0.8186330226332602
5330.6			0.9224576371585799
5331.5			0.9432875420745921
5332.4			0.9219011127895173
5333.3			0.9293031017655896
5334.2			0.9734139343934676
5335.1			1.0048885911751244
5336.0			1.0
5336.9			0.9903924682847123
5337.8			0.9823845604742578
5338.7			0.9519859900230792
5339.6			0.8890461137308251
5340.5			0.8500655963751571
5341.4			0.888210046373331
5342.3			0.9593621726718211
5343.2			0.9987639827164252
5344.1			0.9991183180731465
5345.0			1.0
5345.9			1.0
5346.8			1.0
5347.7			1.0
5348.6			1.0
5349.5			1.0
5350.4			1.0
5351.3			1.0
5352.2			1.0
5353.1			1.0
5354.0			1.0
5354.9			1.0
5355.8			1.0
5356.7			1.0
5357.6			1.0
5358.5			1.0
5359.4			1.0
5360.3			1.0
5361.2			1.0
5362.1			1.0
5363.0			0.9959186823474816
5363.9			0.986265366674298
5364.8			0.9654775294852932
5365.7			0.9568458387532309
5366.6			0.9602085042700298
5367.5			0.9632328877916069
5368.4			0.9500172033449236
5369.3			0.8975547887779124
5370.2			0.8257705908175058
5371.1			0.8010767189849283
5372.0			0.8585612530377495
5372.9			0.9522296902401397
5373.8			1.01606584893699
5374.7			1.038467902301987
5375.6			1.028713656947964
5376.5			1.000882810100727
5377.4			0.9859303970262953
5378.3			0.9949818980463888
5379.2			0.9999675314737706
5380.1			1.0
5381.0			1.0
5381.9			0.9959830646725156
5382.8			0.9889662163140328
5383.7			1.0005940898067565
5384.6			1.0298317892989826
5385.5			1.0397230474662231
5386.4			1.0255400454592833
5387.3			1.0112226574927405
5388.2			0.9977385364517698
5389.1			0.9752473770956879
5390.0			0.9524107457102403
5390.9			0.9405819140491325
5391.8			0.942986926856719
5392.7			0.9501528705496538
5393.6			0.9520601960395952
5394.5			0.9534248400160259
5395.4			0.9384349755457914
5396.3			0.8890820827695075
5397.2			0.8608905125501908
5398.1			0.9072363922393838
5399.0			0.9672020831335051
5399.9			0.981880717549783
5400.8			0.9856688823539201
5401.7			1.0094103164685264
5402.6			1.0089797732513948
5403.5			0.9481856482274187
5404.4			0.8635063951098166
5405.3			0.8149394139090235
5406.2			0.8369191249581869
5407.1			0.9064968857988293
5408.0			0.956522680849337
5408.9			0.9484621224297421
5409.8			0.926860090239672
5410.7			0.9534416519625672
5411.6			1.0176245537670001
5412.5			1.061143780392514
5413.4			1.0585656561743975
5414.3			1.041292053534468
5415.2			1.0509927932381207
5416.1			1.086627077991595
5417.0			1.110661355505236
5417.9			1.1047011917598881
5418.8			1.074336697127042
5419.7			1.0
5420.6			0.9830789730523889
5421.5			1.001964525300009
5422.4			1.0135078683206176
5423.3			0.9756638534079848
5424.2			0.9382073253779387
5425.1			0.9637245240121453
5426.0			1.0247447730293289
5426.9			1.0551862242565997
5427.8			1.013250662178073
5428.7			0.9114698431552472
5429.6			0.8518405693336978
5430.5			0.8927222877188122
5431.4			0.941916179203654
5432.3			0.9254913340981213
5433.2			0.8804589063833499
5434.1			0.8502073138348499
5435.0			0.8429910296426706
5435.9			0.8561420266850143
5436.8			0.8941399864437317
5437.7			0.9530958292160583
5438.6			1.0021863920403764
5439.5			1.0
5440.4			1.0
5441.3			1.0
5442.2			1.0
5443.1			0.9949480311594582
5444.0			0.9695905978715023
5444.9			0.9171418520433883
5445.8			0.8477153028836565
5446.7			0.8138201507103814
5447.6			0.8592233878171678
5448.5			0.9407788351745627
5449.4			0.991828585716799
5450.3			1.0
5451.2			0.9901658473444653
5452.1			0.9728952365029929
5453.0			0.9494797091147039
5453.9			0.908177759344237
5454.8			0.8558969855233542
5455.7			0.8462892303582505
5456.6			0.906296491734888
5457.5			0.9865824201306738
5458.4			1.0311598506043542
5459.3			1.0290072907335166
5460.2			1.0023526513802392
5461.1			1.0
5462.0			0.9615864301505207
5462.9			0.9326871352855824
5463.8			0.9537516745017162
5464.7			1.0020493053821138
5465.6			1.0185880230083335
5466.5			1.0072822272660005
5467.4			1.0087491100872463
5468.3			1.0170806574685494
5469.2			1.0036459076418145
5470.1			0.9776660277064684
5471.0			0.9744402357206727
5471.9			0.979691474384252
5472.8			0.9627311472245044
5473.7			0.9524073491007187
5474.6			0.9541167264574877
5475.5			1.0
5476.4			0.9235569184419943
5477.3			0.926346224963272
5478.2			1.0098425152184678
5479.1			1.0630544529375976
5480.0			1.0274842041937529
5480.9			0.9596153652563246
5481.8			0.9413143395950787
5482.7			0.9743579094464448
5483.6			1.0224077822717108
5484.5			1.0676961710964237
5485.4			1.079575131722806
5486.3			1.0356152600098456
5487.2			0.9751755194651733
5488.1			0.9590515896841335
5489.0			0.9753897013696641
5489.9			0.9861446440000701
5490.8			0.9976452850792239
5491.7			1.0027843980913025
5492.6			0.9772119092935462
5493.5			0.94831107078784
5494.4			0.9568492173030196
5495.3			1.0
5496.2			0.9950620147510942
5497.1			0.976940812026711
5498.0			0.9990947537076978
5498.9			1.049933078967027
5499.8			1.0625354563508744
5500.7			1.0226885382563473
5501.6			0.9806886876850976
5502.5			0.9709754876991419
5503.4			0.9853417912761075
5504.3			1.0004380451620762
5505.2			0.9874435331397066
5506.1			0.9615868330332961
5507.0			0.9770891464181022
5507.9			1.0207119950947214
5508.8			1.0377666915741488
5509.7			1.0278132209829254
5510.6			1.0092315694408904
5511.5			0.9749579403526779
5512.4			0.945392429541314
5513.3			0.950947678075496
5514.2			0.9769262277995082
5515.1			1.0009737256599136
5516.0			1.0148810340673962
5516.9			1.0354094716225775
5517.8			1.0757360190253968
5518.7			1.1082439125139751
5519.6			1.1096683371828764
5520.5			1.0948598634994018
5521.4			1.0866071055767768
5522.3			1.0
5523.2			1.0045868506719906
5524.1			1.0040699137173072
5525.0			0.9956823445374936
5525.9			0.9830898359137645
5526.8			0.9578752052239352
5527.7			0.9219474884592549
5528.6			0.9174957280689442
5529.5			0.9627580052867603
5530.4			1.0087898954810022
5531.3			1.0191951222456206
5532.2			1.0135234251857699
5533.1			1.0098922486423105
5534.0			0.9986082117234544
5534.9			1.0
5535.8			1.0
5536.7			1.0
5537.6			1.0
5538.5			1.0
5539.4			1.0
5540.3			1.0
5541.2			1.0
5542.1			1.0
5543.0			1.0
5543.9			1.0
5544.8			1.0
5545.7			1.0
5546.6			1.0
5547.5			1.0
5548.4			1.0
5549.3			1.0
5550.200000000001			1.0
5551.1			1.0
5552.0			1.0
5552.9			1.0
5553.8			1.0
5554.700000000001			1.0
5555.6			1.0
5556.5			1.0
5557.4			1.0
5558.3			1.0
5559.200000000001			1.0
5560.1			1.0
5561.0			1.0
5561.9			1.0
5562.8			1.0
5563.700000000001			1.0
5564.6			1.0
5565.5			1.0
5566.4			1.0
5567.3			1.0
5568.200000000001			1.0
5569.1			1.0
5570.0			1.0
5570.9			1.0
5571.8			1.0
5572.700000000001			1.0
5573.6			1.0
5574.5			1.0
5575.4			1.0
5576.3			0.9929794301259792
5577.200000000001			1.00271636329088
5578.1			1.002771483542732
5579.0			0.9976186204700385
5579.9			1.0068197989535714
5580.8			1.0121976442488623
5581.700000000001			1.0063941463889992
5582.6			1.0084546467581
5583.5			1.0108169322141645
5584.4			0.9930024084303676
5585.3			0.9545952320632713
5586.200000000001			0.9082661924729486
5587.1			0.8750111025284628
5588.0			0.8745692453431851
5588.9			0.8971392047369937
5589.8			0.9264537224095907
5590.700000000001			0.9558632666741371
5591.6			0.9732536768445709
5592.5			0.9784695498328325
5593.4			0.9773621547195285
5594.3			0.9863246633855955
5595.200000000001			1.0
5596.1			1.0378141461852455
5597.0			1.030177412498024
5597.9			0.9858133674579025
5598.8			0.9512290133456479
5599.700000000001			0.9290196571135642
5600.6			0.8992512706359674
5601.5			0.8705359876618052
5602.4			0.8665896823634879
5603.3			0.9000118733287278
5604.200000000001			0.9555272985751587
5605.1			0.997297773194232
5606.0			1.0
5606.9			1.004374502504716
5607.8			1.0008325255884725
5608.700000000001			0.9984330645808288
5609.6			0.9995523747538804
5610.5			1.0083939060465812
5611.4			1.0265118861879046
5612.3			1.0396900322609481
5613.200000000001			1.0158808872083136
5614.1			0.9392425479620792
5615.0			0.8652164188533641
5615.9			0.8761238090118106
5616.8			0.9501989385199053
5617.700000000001			0.9961822954752874
5618.6			0.9914363543726324
5619.5			0.9794674078153333
5620.4			1.0
5621.3			1.0236414219689363
5622.200000000001			1.0285753054418074
5623.1			0.985268812562339
5624.0			0.9203829924925417
5624.9			0.8948242146413882
5625.8			0.9213225479642719
5626.700000000001			0.9568944030875904
5627.6			0.979539544761385
5628.5			1.0013537125060807
5629.4			1.0
5630.3			1.0
5631.200000000001			1.0
5632.1			1.0
5633.0			1.0
5633.9			1.0
5634.8			1.0
5635.700000000001			1.0
5636.6			1.0
5637.5			1.0
5638.4			1.0
5639.3			1.0
5640.200000000001			1.0
5641.1			1.0
5642.0			1.0
5642.9			1.0
5643.8			1.0
5644.700000000001			1.0
5645.6			1.0
5646.5			1.0
5647.4			0.9988374689464312
5648.3			0.9867276564960016
5649.200000000001			0.9693241301839299
5650.1			0.9753191279883814
5651.0			1.0062740847206213
5651.9			1.0281075713308558
5652.8			1.0188940584622512
5653.700000000001			0.9821868374311872
5654.6			0.9574974687010446
5655.5			0.9762547085840634
5656.4			0.9904506172515984
5657.3			0.9407137180030534
5658.200000000001			0.8825917966252853
5659.1			0.8954071837973008
5660.0			0.9474119151770689
5660.9			0.964047340131975
5661.8			0.9519593555255623
5662.700000000001			0.9584395723469664
5663.6			0.995550442860833
5664.5			1.0329509326224702
5665.4			1.0373546066891148
5666.3			1.005307563093031
5667.200000000001			0.9771764104086244
5668.1			0.9814950876009744
5669.0			0.9993006646304137
5669.9			1.0
5670.8			1.0
5671.700000000001			1.0
5672.6			1.0
5673.5			1.0
5674.4			1.0
5675.3			1.0
5676.200000000001			1.0
5677.1			1.0
5678.0			0.9889477639599997
5678.9			0.9740425010528293
5679.8			0.9760591193288409
5680.700000000001			0.971395582095405
5681.6			0.9399836336998055
5682.5			0.9149797013846361
5683.4			0.9271446609825804
5684.3			0.9523347558704526
5685.200000000001			0.9555399189443036
5686.1			0.9308543704023192
5687.0			0.9086014692413162
5687.9			0.9111343650473751
5688.8			0.9340911971494902
5689.700000000001			1.0
5690.6			1.0183154638811114
5691.5			1.0329869898316963
5692.4			1.0450956170960333
5693.3			1.0425992027301458
5694.200000000001			1.0330049536520178
5695.1			1.0326287084935397
5696.0			1.0369154187869738
5696.9			1.021370502151125
5697.8			0.9864538359013386
5698.700000000001			0.9667618126984687
5699.6			0.9646516272490647
5700.5			0.9493488444873717
5701.4			0.9268158628146492
5702.3			0.9319475653197675
5703.200000000001			0.9653307859858318
5704.1			0.9876378753931622
5705.0			0.9709996945344364
5705.9			0.9339657160927374
5706.8			0.9074535766147229
5707.700000000001			0.8917690967202274
5708.6			0.8777603466826999
5709.5			0.88299797251434
5710.4			0.8973112385050122
5711.3			0.8970856531351742
5712.200000000001			0.9104573670176678
5713.1			0.9558726929119237
5714.0			0.9881008489258176
5714.9			0.996899685142701
5715.8			1.009972214809638
5716.700000000001			1.0202194823081574
5717.6			1.0211122269302126
5718.5			1.0271408606921482
5719.4			1.034518220521748
5720.3			1.033293196152926
5721.200000000001			1.036641215533915
5722.1			1.0502495619960908
5723.0			1.0630383702911674
5723.9			1.0634326799789284
5724.8			1.0524923879584487
5725.700000000001			1.0289484339113233
5726.6			1.000113436406558
5727.5			1.0
5728.4			1.0
5729.3			1.0
5730.200000000001			1.0
5731.1			1.0
5732.0			1.0
5732.9			1.0
5733.8			1.0
5734.700000000001			1.0
5735.6			1.0
5736.5			1.0
5737.4			1.0
5738.3			1.0
5739.200000000001			1.0
5740.1			1.0
5741.0			1.0
5741.9			1.0
5742.8			1.0
5743.700000000001			1.0
5744.6			1.0
5745.5			1.0
5746.4			1.0
5747.3			1.0
5748.200000000001			1.0
5749.1			1.0213954815884598
5750.0			1.0502131666828982
5750.9			1.04590083325818
5751.8			1.0035146184433856
5752.700000000001			0.94802989105044
5753.6			0.9104033068150852
5754.5			0.9196047482393979
5755.4			0.965533161310078
5756.3			1.0021528835714941
5757.200000000001			1.0091935343171516
5758.1			0.9951694275703538
5759.0			1.0
5759.9			1.0
5760.8			1.0
5761.700000000001			1.0
5762.6			1.0
5763.5			1.0
5764.4			1.0
5765.3			1.0
5766.200000000001			1.0
5767.1			1.0
5768.0			1.0
5768.9			1.0
5769.8			1.0
5770.700000000001			1.0
5771.6			1.0
5772.5			0.9926982798248255
5773.4			0.9923765438175464
5774.3			0.9933956092589674
5775.200000000001			1.0044748773026753
5776.1			1.0245958390259768
5777.0			1.0379242280634093
5777.9			1.0343292643157043
5778.8			1.0049513579141178
5779.700000000001			0.9472165167114924
5780.6			0.8859561534005013
5781.5			0.8664809290429603
5782.4			0.893299855715019
5783.3			0.9153087765309279
5784.200000000001			0.901153594041718
5785.1			0.8881286816676764
5786.0			0.9223471617675777
5786.9			0.9796538954032706
5787.8			1.0168201997716935
5788.700000000001			1.0294717091076357
5789.6			1.0197312214550345
5790.5			0.9997000803999438
5791.4			1.0
5792.3			1.0
5793.200000000001			1.0
5794.1			1.0
5795.0			1.0
5795.9			1.0
5796.8			1.0
5797.700000000001			0.9819769936844719
5798.6			1.0081300613936854
5799.5			1.0506516552130776
5800.4			1.066244698545593
5801.3			1.0607687510181236
5802.200000000001			1.0498254924828883
5803.1			1.0189344727501124
5804.0			0.9758903032175337
5804.9			0.9529230079838664
5805.8			0.9583120219270806
5806.700000000001			0.9764986357900955
5807.6			0.9890189349911004
5808.5			0.9925931254281986
5809.4			0.9975002500090235
5810.3			1.0038928377788738
5811.200000000001			1.0040443159553507
5812.1			1.0012343551005
5813.0			1.0
5813.9			1.0
5814.8			1.0
5815.700000000001			1.0
5816.6			1.0
5817.5			1.0
5818.4			1.0
5819.3			1.0
5820.200000000001			1.0
5821.1			1.0
5822.0			1.0
5822.9			1.0
5823.8			1.0
5824.700000000001			1.0
5825.6			1.0
5826.5			1.0
5827.4			1.0
5828.3			1.0
5829.200000000001			1.0
5830.1			1.0
5831.0			1.0
5831.9			1.0
5832.8			1.0
5833.700000000001			1.0
5834.6			1.0
5835.5			1.0
5836.4			1.0
5837.3			1.0
5838.200000000001			1.0
5839.1			1.0
5840.0			1.0
5840.9			1.0
5841.8			1.0
5842.700000000001			1.0
5843.6			1.0
5844.5			1.0
5845.4			1.0
5846.3			1.0
5847.200000000001			0.9930815597060578
5848.1			1.0007798060334894
5849.0			1.0162588260440026
5849.9			1.024442141267658
5850.8			1.0143110395490078
5851.700000000001			0.9872998907792909
5852.6			0.9612200578668161
5853.5			0.9601674255398692
5854.4			0.978837780683232
5855.3			0.9829294739347467
5856.200000000001			0.9553689377640253
5857.1			0.9196712299969978
5858.0			0.9110643198081316
5858.9			0.9347418476631117
5859.8			0.9669297266281578
5860.700000000001			0.9866318033510625
5861.6			0.9878412787463813
5862.5			0.987739728395107
5863.4			0.9991688693912044
5864.3			1.005051323813148
5865.200000000001			0.9909083863809457
5866.1			0.9719291361914207
5867.0			0.9674798294256354
5867.9			0.9795298620137606
5868.8			1.0003216365221903
5869.700000000001			1.0
5870.6			1.0
5871.5			1.0
5872.4			1.0
5873.3			1.0
5874.200000000001			1.0
5875.1			1.0
5876.0			1.0
5876.9			1.0
5877.8			1.0
5878.700000000001			1.0
5879.6			0.9818443293743079
5880.5			0.9818505799802779
5881.4			0.9993521247777513
5882.3			1.0074538024517155
5883.200000000001			0.9979792642557377
5884.1			0.9943443789989286
5885.0			1.0105192831968568
5885.9			1.0260658789136514
5886.8			1.0068783903484764
5887.700000000001			0.9240974546548004
5888.6			0.7798260703468384
5889.5			0.6574322824412672
5890.4			0.6622172185721807
5891.3			0.7726969988126394
5892.200000000001			0.8742028298541373
5893.1			0.9157965735483541
5894.0			0.8938922671847995
5894.9			0.8085389892078629
5895.8			0.7477241062439137
5896.700000000001			0.800870389636277
5897.6			0.9065224132470971
5898.5			0.9699815299763935
5899.4			0.9990014945254174
5900.3			1.0
5901.200000000001			1.0
5902.1			1.0
5903.0			1.0
5903.9			1.0
5904.8			1.0
5905.700000000001			1.0
5906.6			1.0
5907.5			1.0
5908.4			1.0
5909.3			1.0
5910.200000000001			1.0
5911.1			1.0
5912.0			1.0
5912.9			1.0
5913.8			1.0
5914.700000000001			1.0
5915.6			1.0
5916.5			1.0
5917.4			1.0
5918.3			1.0
5919.200000000001			1.0
5920.1			1.0
5921.0			1.0
5921.9			1.0
5922.8			1.0
5923.700000000001			1.0
5924.6			1.0
5925.5			1.0
5926.4			1.0
5927.3			1.0
5928.200000000001			1.0
5929.1			1.0
5930.0			1.0
5930.9			1.0
5931.8			1.0
5932.700000000001			1.0
5933.6			1.0
5934.5			1.0
5935.4			1.0
5936.3			1.0
5937.200000000001			1.0
5938.1			1.0
5939.0			1.0
5939.9			1.0
5940.8			1.0
5941.700000000001			1.0
5942.6			1.0
5943.5			1.0
5944.4			1.0
5945.3			1.0
5946.200000000001			1.0
5947.1			1.0
5948.0			1.0
5948.9			1.0
5949.8			1.0
5950.700000000001			1.0
5951.6			1.0
5952.5			1.0
5953.4			1.0
5954.3			1.0
5955.200000000001			1.0
5956.1			1.0
5957.0			1.0
5957.9			1.0
5958.8			1.0
5959.700000000001			1.0
5960.6			1.0
5961.5			1.0
5962.4			1.0
5963.3			1.0
5964.200000000001			1.0
5965.1			1.0
5966.0			1.0
5966.9			1.0
5967.8			1.0
5968.700000000001			1.0
5969.6			1.0
5970.5			1.0
5971.4			1.0
5972.3			1.0
5973.200000000001			1.0
5974.1			1.0
5975.0			1.0
5975.9			1.0
5976.8			1.0
5977.700000000001			1.0
5978.6			1.0
5979.5			1.0
5980.4			1.0
5981.3			1.0
5982.200000000001			1.0
5983.1			1.0
5984.0			1.0
5984.9			1.0
5985.8			1.0
5986.700000000001			1.0
5987.6			1.0
5988.5			1.0
5989.4			1.0
5990.3			1.0
5991.200000000001			1.0
5992.1			1.0
5993.0			1.0
5993.9			1.0
5994.8			1.0
5995.700000000001			1.0
5996.6			1.0
5997.5			1.0
5998.4			1.0
5999.3			1.028053816628618
6000.200000000001			1.048336439877364
6001.1			1.047794770307592
6002.0			1.031071326477222
6002.9			1.0206010477037861
6003.8			1.0286967806412717
6004.700000000001			1.0368489677750237
6005.6			1.0234855728371766
6006.5			0.989377677396258
6007.4			0.9544061402326594
6008.3			0.9553868364358031
6009.200000000001			0.9995011398914168
6010.1			1.0432212929398152
6011.0			1.0458440385898482
6011.9			1.013289858193211
6012.8			0.9841795341940001
6013.700000000001			0.9857091929298866
6014.6			0.9999226841996429
6015.5			1.0001931520682328
6016.4			1.0
6017.3			1.0
6018.200000000001			1.0
6019.1			1.0
6020.0			1.0
6020.9			1.0
6021.8			1.0
6022.700000000001			1.0
6023.6			1.0
6024.5			1.0
6025.4			1.0
6026.3			1.0
6027.200000000001			1.0
6028.1			1.0
6029.0			1.0
6029.9			1.0
6030.8			1.0
6031.700000000001			1.0
6032.6			1.0
6033.5			1.0
6034.4			1.0
6035.3			1.0
6036.200000000001			1.0
6037.1			1.0
6038.0			1.0
6038.9			1.0
6039.8			1.0
6040.700000000001			1.0
6041.6			1.0
6042.5			1.0
6043.4			1.0
6044.3			1.0
6045.200000000001			1.0
6046.1			1.0
6047.0			1.0
6047.9			1.0
6048.8			1.0
6049.700000000001			1.0
6050.6			1.0
6051.5			1.0
6052.4			1.0
6053.3			1.0
6054.200000000001			1.0
6055.1			1.0
6056.0			1.0
6056.9			1.0
6057.8			1.0
6058.700000000001			1.0
6059.6			1.00485187996689
6060.5			0.9978457411980378
6061.4			0.9858878736320112
6062.3			0.9729161143871471
6063.200000000001			0.9583432401124681
6064.1			0.9365303654564026
6065.0			0.9149632952653453
6065.9			0.9251188920788386
6066.8			0.966048093596665
6067.700000000001			0.9991374865024164
6068.6			1.0062837483871256
6069.5			1.0018185826672026
6070.4			0.9999412419259271
6071.3			1.0
6072.200000000001			1.0
6073.1			1.0
6074.0			1.0
6074.9			1.0
6075.8			1.0
6076.700000000001			1.0
6077.6			1.0
6078.5			1.0
6079.4			1.0
6080.3			1.0
6081.200000000001			1.0
6082.1			1.0
6083.0			1.0
6083.9			1.0
6084.8			1.0
6085.700000000001			1.0
6086.6			1.0
6087.5			1.0
6088.4			1.0
6089.3			1.0
6090.200000000001			1.0
6091.1			1.0
6092.0			1.0
6092.9			1.0
6093.8			1.0
6094.700000000001			1.0
6095.6			1.0
6096.5			1.0
6097.4			1.0
6098.3			1.0
6099.200000000001			1.0
6100.1			1.006546426801372
6101.0			0.9751693753970722
6101.9			0.9121930127827124
6102.8			0.8791376831638261
6103.700000000001			0.9156717720457216
6104.6			0.9748467847068293
6105.5			0.9999940058215558
6106.4			1.0
6107.3			1.0
6108.200000000001			1.0
6109.1			1.0
6110.0			1.0
6110.9			1.0
6111.8			1.0
6112.700000000001			1.0
6113.6			1.0
6114.5			1.0
6115.4			1.0
6116.3			1.0
6117.200000000001			1.0
6118.1			1.0
6119.0			1.0
6119.9			1.0
6120.8			1.0
6121.700000000001			1.0
6122.6			1.0
6123.5			1.0
6124.4			1.0
6125.3			1.0
6126.200000000001			1.0
6127.1			1.0
6128.0			1.0
6128.9			1.0
6129.8			1.0
6130.700000000001			1.0
6131.6			1.0
6132.5			1.0
6133.4			1.000230443687612
6134.3			0.9757002615846854
6135.200000000001			0.9152415222405945
6136.1			0.838624848763836
6137.0			0.8042872088526714
6137.9			0.851859905085838
6138.8			0.941316952206264
6139.700000000001			0.9994102246199106
6140.6			0.9978245511945751
6141.5			1.0
6142.4			1.0
6143.3			1.0
6144.200000000001			1.0
6145.1			1.0
6146.0			1.0
6146.9			1.0
6147.8			1.0
6148.700000000001			1.0
6149.6			1.0
6150.5			1.0
6151.4			1.0
6152.3			1.0
6153.200000000001			1.0
6154.1			1.0
6155.0			1.0
6155.9			1.0
6156.8			1.0092526496470395
6157.700000000001			1.011496402404428
6158.6			1.0174650782843688
6159.5			1.001070209847432
6160.4			0.9432306374789909
6161.3			0.8769401764804283
6162.200000000001			0.8499856949587917
6163.1			0.8726957250487496
6164.0			0.9215396097650504
6164.9			0.9612893642663819
6165.8			0.9809653594753671
6166.700000000001			0.9987790454701194
6167.6			1.0001322241017114
6168.5			1.0
6169.4			1.0
6170.3			1.0
6171.200000000001			1.0
6172.1			1.0
6173.0			1.0
6173.9			1.0
6174.8			1.0
6175.700000000001			1.0
6176.6			1.0
6177.5			1.0
6178.4			1.0
6179.3			1.0
6180.200000000001			1.0
6181.1			1.0
6182.0			1.0
6182.9			1.0
6183.8			1.0
6184.700000000001			1.0
6185.6			0.9865576760824355
6186.5			0.9615577218906122
6187.4			0.9469439094516899
6188.3			0.9526002046488182
6189.200000000001			0.9593660648823877
6190.1			0.9352067683263949
6191.0			0.8927871626221932
6191.9			0.8923935868625724
6192.8			0.9458111303143816
6193.700000000001			0.9949389136721769
6194.6			1.0097034083245946
6195.5			1.0165619194270112
6196.4			1.0294923754396763
6197.3			1.028212268116985
6198.200000000001			0.9986739797177332
6199.1			1.0
6200.0			1.0
6200.9			1.0
6201.8			1.0
6202.700000000001			1.0
6203.6			1.0
6204.5			1.0
6205.4			1.0
6206.3			1.0
6207.200000000001			1.0
6208.1			1.0
6209.0			1.0
6209.9			1.0
6210.8			1.0
6211.700000000001			1.0
6212.6			1.0
6213.5			1.0
6214.4			1.0
6215.3			1.0
6216.200000000001			1.0
6217.1			1.0
6218.0			1.0
6218.9			1.0
6219.8			1.0
6220.700000000001			1.0
6221.6			1.0
6222.5			1.0
6223.4			1.0
6224.3			1.0
6225.200000000001			0.9946595213366852
6226.1			0.9983433747775731
6227.0			1.0021405113589823
6227.9			0.9918987905496669
6228.8			0.9550619597069633
6229.700000000001			0.9027333143888221
6230.6			0.8691484053611236
6231.5			0.8746322292434818
6232.4			0.9061270364337058
6233.3			0.9452036091669871
6234.200000000001			0.9844634014423409
6235.1			1.0071696771756393
6236.0			0.9995437367962039
6236.9			1.0
6237.8			1.0
6238.700000000001			1.0
6239.6			1.0
6240.5			1.0
6241.4			1.0
6242.3			1.0
6243.200000000001			1.0
6244.1			1.0
6245.0			1.0
6245.9			1.0
6246.8			1.0185963927217168
6247.700000000001			1.0489593865839408
6248.6			1.0643364988726367
6249.5			1.0579496099653056
6250.4			1.0369991726371657
6251.3			1.0012645240317746
6252.200000000001			0.9618823632876251
6253.1			0.9426190772446368
6254.0			0.9461851057128483
6254.9			0.9536383145255692
6255.8			0.9457927397994084
6256.700000000001			0.9250547338352594
6257.6			0.9086245382142918
6258.5			0.909953543684255
6259.4			0.9346445487039665
6260.3			0.9647386340688143
6261.200000000001			0.9863941199683951
6262.1			1.008295116478263
6263.0			1.0265379677554525
6263.9			1.0176832152834212
6264.8			0.9879517349373879
6265.700000000001			0.9753481213061238
6266.6			0.9910590445604365
6267.5			1.0080239939155482
6268.4			1.0002059212187187
6269.3			1.0
6270.200000000001			1.0
6271.1			1.0
6272.0			1.0
6272.9			1.0
6273.8			1.0
6274.700000000001			1.0
6275.6			1.0
6276.5			1.0
6277.4			1.0
6278.3			1.0
6279.200000000001			1.0
6280.1			1.0
6281.0			1.0
6281.9			1.0
6282.8			1.0
6283.700000000001			1.0
6284.6			1.0
6285.5			1.0
6286.4			1.0
6287.3			1.0
6288.200000000001			1.0
6289.1			1.0
6290.0			1.0
6290.9			1.0
6291.8			1.0
6292.700000000001			1.0
6293.6			1.0
6294.5			1.0
6295.4			1.0
6296.3			1.0
6297.200000000001			1.0
6298.1			1.0
6299.0			1.0
6299.9			1.0
6300.8			1.0
6301.700000000001			1.0
6302.6			1.0
6303.5			1.0
6304.4			1.0
6305.3			1.004809670808411
6306.200000000001			1.009886846755218
6307.1			1.0258075142424332
6308.0			1.0377504887588311
6308.9			1.0307383768840421
6309.8			1.007713873372172
6310.700000000001			0.9877248490554003
6311.6			0.984218548178363
6312.5			0.991051386084955
6313.4			0.9836462262521566
6314.3			0.9574765008881102
6315.200000000001			0.9430314690982257
6316.1			0.9489363256349269
6317.0			0.9445524195341363
6317.9			0.9245792129909228
6318.8			0.9277429081336832
6319.700000000001			0.9618944427145298
6320.6			0.9887012390437172
6321.5			0.990005425651881
6322.4			0.9888897400465002
6323.3			1.001293610621112
6324.200000000001			1.0240961244887474
6325.1			1.0331023496934395
6326.0			1.0218240025716492
6326.9			1.0076152177576478
6327.8			1.004073743105565
6328.700000000001			1.007180325207071
6329.6			1.0033220108483003
6330.5			1.000027850642113
6331.4			1.0
6332.3			1.0
6333.200000000001			1.0
6334.1			1.0
6335.0			1.0
6335.9			1.0
6336.8			1.0
6337.700000000001			1.0
6338.6			1.0
6339.5			1.0
6340.4			1.0
6341.3			1.0
6342.200000000001			1.0
6343.1			1.0
6344.0			1.0
6344.9			1.0
6345.8			1.0
6346.700000000001			1.0
6347.6			1.0
6348.5			1.0075024419279228
6349.4			1.0121233834254488
6350.3			1.0157541660059588
6351.200000000001			1.018953483106721
6352.1			1.0166545357053909
6353.0			1.0044868771754554
6353.9			0.9819125106483568
6354.8			0.9610559103241173
6355.700000000001			0.9643125257725648
6356.6			0.9783060922011603
6357.5			0.967471086590274
6358.4			0.9341739319004179
6359.3			0.9116762520582219
6360.200000000001			0.9051474109096296
6361.1			0.8942077483032722
6362.0			0.8803035191010208
6362.9			0.8836765938038779
6363.8			0.9039260790203832
6364.700000000001			0.9276284533024962
6365.6			0.9481399458470899
6366.5			0.967098043284987
6367.4			0.9840046452384656
6368.3			0.993710848175542
6369.200000000001			0.9925082910085266
6370.1			0.9866040931706913
6371.0			0.9868856807552986
6371.9			1.0000758161586676
6372.8			1.0135047109912012
6373.700000000001			1.0141826861181378
6374.6			1.006464143027764
6375.5			1.000258545067292
6376.4			1.0
6377.3			1.0
6378.200000000001			1.0
6379.1			1.0
6380.0			1.0
6380.9			1.0
6381.8			1.0
6382.700000000001			1.0
6383.6			1.0
6384.5			1.0
6385.4			1.0
6386.3			1.0
6387.200000000001			1.0
6388.1			1.0
6389.0			1.0
6389.9			1.0
6390.8			1.0
6391.700000000001			1.0
6392.6			1.0
6393.5			1.0
6394.4			1.0
6395.3			1.0
6396.200000000001			1.025482294743172
6397.1			1.028114466118748
6398.0			1.0073883676939335
6398.9			0.9558691715898313
6399.8			0.9044427806357298
6400.700000000001			0.906692704067288
6401.6			0.9565543474834545
6402.5			0.9929490052067665
6403.4			0.9961584730462699
6404.3			1.0
6405.200000000001			1.0
6406.1			1.0
6407.0			1.0
6407.9			1.0
6408.8			1.0
6409.700000000001			1.0
6410.6			1.0
6411.5			1.0
6412.4			1.0
6413.3			1.0
6414.200000000001			1.0
6415.1			1.0
6416.0			1.0
6416.9			1.0
6417.8			1.0
6418.700000000001			1.0
6419.6			1.0
6420.5			1.0
6421.4			1.0
6422.3			1.0
6423.200000000001			1.0
6424.1			1.0
6425.0			1.0
6425.9			1.0
6426.8			1.0121271557393874
6427.700000000001			1.0228147356696389
6428.6			1.0123726363858934
6429.5			0.975053330404244
6430.4			0.9293260565010338
6431.3			0.9124269047700809
6432.200000000001			0.9332327404031409
6433.1			0.9638644917472019
6434.0			0.9868574572888841
6434.9			0.9999534133344268
6435.8			0.9990113671450261
6436.700000000001			1.0
6437.6			1.0
6438.5			1.0
6439.4			1.0
6440.3			1.0
6441.200000000001			1.0
6442.1			1.0
6443.0			1.0
6443.9			1.0
6444.8			1.0
6445.700000000001			1.0
6446.6			1.0127546415820026
6447.5			0.997437446430045
6448.4			0.939145104721017
6449.3			0.8619729993699096
6450.200000000001			0.8365188297232099
6451.1			0.8879278430612967
6452.0			0.9557922897532944
6452.9			0.9940145469675248
6453.8			0.9994976719221592
6454.700000000001			1.0
6455.6			1.0
6456.5			1.0
6457.4			1.0
6458.3			1.0
6459.200000000001			1.0
6460.1			1.0
6461.0			1.0
6461.9			1.0
6462.8			1.0
6463.700000000001			1.0
6464.6			1.0
6465.5			1.0
6466.4			1.0
6467.3			1.0
6468.200000000001			1.0
6469.1			1.0
6470.0			1.0
6470.9			1.0
6471.8			1.0
6472.700000000001			1.0
6473.6			1.0
6474.5			1.0
6475.4			1.0
6476.3			1.0
6477.200000000001			1.0
6478.1			1.0
6479.0			1.0
6479.9			1.0
6480.8			1.0
6481.700000000001			1.0
6482.6			1.0
6483.5			1.0
6484.4			1.0
6485.3			1.0
6486.200000000001			1.0
6487.1			1.006677299385085
6488.0			1.0088560938025162
6488.9			1.002907412589244
6489.8			0.991845106920637
6490.700000000001			0.9785563233612418
6491.6			0.9654118658608604
6492.5			0.9427507032709294
6493.4			0.8907227329384921
6494.3			0.8280043858334576
6495.200000000001			0.8071521882882767
6496.1			0.8361404263112154
6497.0			0.8800780991137028
6497.9			0.9115493503310864
6498.8			0.9232106637461808
6499.700000000001			0.9328560938908891
6500.6			0.9544578919912802
6501.5			0.9735643739105422
6502.4			0.9884544081827227
6503.3			1.0001200505182446
6504.200000000001			1.0
6505.1			1.0
6506.0			1.0
6506.9			1.0
6507.8			1.0
6508.700000000001			1.0
6509.6			1.0
6510.5			1.0
6511.4			1.0
6512.3			1.0
6513.200000000001			1.0
6514.1			1.0
6515.0			1.0
6515.9			1.0
6516.8			1.0
6517.700000000001			1.0
6518.6			1.0
6519.5			1.0
6520.4			1.0
6521.3			1.0
6522.200000000001			1.0
6523.1			1.0
6524.0			1.0
6524.9			1.0
6525.8			1.0
6526.700000000001			1.0
6527.6			1.0
6528.5			1.0
6529.4			1.0
6530.3			1.0
6531.200000000001			1.0
6532.1			1.0
6533.0			1.0
6533.9			1.0
6534.8			1.0
6535.700000000001			1.0
6536.6			1.0
6537.5			1.0
6538.4			1.0
6539.3			1.0
6540.200000000001			1.0
6541.1			1.0
6542.0			1.0
6542.9			1.0
6543.8			1.0
6544.700000000001			1.0
6545.6			1.0
6546.5			1.0
6547.4			1.0
6548.3			1.0
6549.200000000001			1.0
6550.1			1.0
6551.0			1.0
6551.9			1.0
6552.8			1.0
6553.700000000001			1.0
6554.6			1.0
6555.5			1.0
6556.4			1.0
6557.3			1.0
6558.200000000001			1.0030891097312205
6559.1			0.9894825920297139
6560.0			0.9613454577250725
6560.9			0.8910231860595749
6561.8			0.7579752759226626
6562.700000000001			0.648326832743
6563.6			0.6834918688206871
6564.5			0.8277355705276841
6565.4			0.9471075789812844
6566.3			0.9950787246403099
6567.200000000001			0.9993145237099168
6568.1			1.0
6569.0			1.0
6569.9			1.0
6570.8			1.0
6571.700000000001			1.0
6572.6			1.0
6573.5			1.0
6574.4			1.0
6575.3			1.0
6576.200000000001			1.0
6577.1			1.0
6578.0			1.0
6578.9			1.0
6579.8			1.0
6580.700000000001			1.0
6581.6			1.0
6582.5			1.0
6583.4			1.0
6584.3			1.0
6585.200000000001			1.0
6586.1			0.9938793903149092
6587.0			1.0039206166802461
6587.9			1.0209574793219889
6588.8			1.0301545643002532
6589.700000000001			1.0306921426776416
6590.6			1.018718940729876
6591.5			0.9828247613401798
6592.4			0.9295122857696848
6593.3			0.8967332977909929
6594.200000000001			0.9121490367948573
6595.1			0.9495284028579056
6596.0			0.972706366849737
6596.9			0.9755009683684438
6597.8			0.9706365276510726
6598.700000000001			0.9707672925625769
6599.6			0.9818431518196467
6600.5			1.0
6601.4			1.0129108411950405
6602.3			1.0088472400521993
6603.200000000001			0.9927241865835961
6604.1			0.9742710146794146
6605.0			0.9598090887426932
6605.9			0.9546990216758026
6606.8			0.951645008786714
6607.700000000001			0.9339239807132418
6608.6			0.9084301237131194
6609.5			0.9080430048994682
6610.4			0.9418838411753001
6611.3			0.9755106332511491
6612.200000000001			0.9816412989146487
6613.1			0.9716709118487662
6614.0			0.9715073162949891
6614.9			0.9879871700059112
6615.8			1.0000912058831573
6616.700000000001			1.0
6617.6			1.0
6618.5			1.0
6619.4			1.0
6620.3			1.0
6621.200000000001			1.0
6622.1			1.0
6623.0			1.0
6623.9			1.0
6624.8			1.0
6625.700000000001			1.0
6626.6			1.0
6627.5			1.0092370136298636
6628.4			1.0085523363885296
6629.3			1.0055716403879853
6630.200000000001			0.9986297306210793
6631.1			0.983174547081233
6632.0			0.9581032252445026
6632.9			0.9288462716881034
6633.8			0.9151560265051959
6634.700000000001			0.9347825987253807
6635.6			0.9719898930926019
6636.5			1.0039980181522294
6637.4			1.0213496699712687
6638.3			1.0184831361968474
6639.200000000001			1.004515158531397
6640.1			1.001581416535635
6641.0			1.0
6641.9			1.0
6642.8			1.0
6643.700000000001			1.0
6644.6			1.0
6645.5			1.0
6646.4			1.0
6647.3			1.0
6648.200000000001			1.0
6649.1			1.0
6650.0			1.0
6650.9			1.0
6651.8			1.0
6652.700000000001			1.0
6653.6			1.0
6654.5			1.0
6655.4			1.0
6656.3			1.0
6657.200000000001			1.0
6658.1			1.0
6659.0			1.0
6659.9			1.0
6660.8			1.0
6661.700000000001			1.0
6662.6			1.0
6663.5			1.0
6664.4			1.0
6665.3			1.0
6666.200000000001			1.0
6667.1			1.0
6668.0			1.0
6668.9			1.0
6669.8			1.0
6670.700000000001			1.0
6671.6			1.0
6672.5			1.0
6673.4			1.0
6674.3			1.0
6675.200000000001			1.0
6676.1			1.0
6677.0			1.0
6677.9			1.0
6678.8			1.0
6679.700000000001			1.0
6680.6			1.0
6681.5			1.0
6682.4			1.0
6683.3			1.0
6684.200000000001			1.0
6685.1			1.0
6686.0			1.0
6686.9			1.0
6687.8			1.0
6688.700000000001			1.0
6689.6			1.0
6690.5			1.0
6691.4			1.0
6692.3			1.0
6693.200000000001			1.0
6694.1			1.0
6695.0			1.0
6695.9			1.0
6696.8			1.0
6697.700000000001			1.0
6698.6			1.0
6699.5			1.0
6700.4			1.0
6701.3			1.0
6702.200000000001			1.0
6703.1			1.0
6704.0			1.0
6704.9			1.0
6705.8			1.0
6706.700000000001			1.0
6707.6			1.0
6708.5			1.0
6709.4			1.0
6710.3			1.0
6711.200000000001			1.0
6712.1			1.0
6713.0			1.0
6713.9			1.0
6714.8			1.0
6715.700000000001			1.0
6716.6			1.0
6717.5			1.0
6718.4			1.0
6719.3			1.0
6720.200000000001			1.0
6721.1			1.0
6722.0			1.0
6722.9			1.0
6723.8			1.0
6724.700000000001			1.0
6725.6			1.0
6726.5			1.0
6727.4			1.0
6728.3			1.0
6729.200000000001			1.0
6730.1			1.0
6731.0			1.0
6731.9			1.0
6732.8			1.0
6733.700000000001			1.0
6734.6			1.0
6735.5			1.0
6736.4			1.0
6737.3			1.0
6738.200000000001			1.0
6739.1			1.0
6740.0			1.0
6740.9			1.0
6741.8			1.0
6742.700000000001			1.0
6743.6			1.0
6744.5			1.0
6745.4			1.0
6746.3			1.0
6747.200000000001			1.0
6748.1			1.0
6749.0			1.0
6749.9			1.0
6750.8			1.0
6751.700000000001			1.0
6752.6			1.0
6753.5			1.0
6754.4			1.0
6755.3			1.0
6756.200000000001			1.0015812998253748
6757.1			1.0062616268178208
6758.0			1.0148701698735587
6758.9			1.0233525015035319
6759.8			1.0258195321494075
6760.700000000001			1.01880348156593
6761.6			1.0060489413485925
6762.5			0.9988886302383042
6763.4			0.9978456159899868
6764.3			1.0
6765.200000000001			1.0
6766.1			1.0
6767.0			1.0
6767.9			1.0
6768.8			1.0
6769.700000000001			1.0
6770.6			1.0
6771.5			1.0
6772.4			1.0
6773.3			1.0
6774.200000000001			1.0
6775.1			1.0
6776.0			1.0
6776.9			1.0
6777.8			1.0
6778.700000000001			1.0
6779.6			1.0
6780.5			1.0
6781.4			1.0
6782.3			1.0
6783.200000000001			1.0
6784.1			1.0
6785.0			1.0
6785.9			1.0
6786.8			1.0
6787.700000000001			1.0
6788.6			1.0
6789.5			1.0
6790.4			1.0
6791.3			1.0
6792.200000000001			1.0
6793.1			1.0
6794.0			1.0
6794.9			1.0
6795.8			1.0
6796.700000000001			1.0
6797.6			1.0
6798.5			1.0
6799.4			1.0
6800.3			1.0
6801.200000000001			1.0
6802.1			1.0
6803.0			1.0
6803.9			1.0
6804.8			1.0
6805.700000000001			1.0
6806.6			1.0
6807.5			1.0
6808.4			1.0
6809.3			1.0
6810.200000000001			1.0
6811.1			1.0
6812.0			1.0
6812.9			1.0
6813.8			1.0
6814.700000000001			1.0
6815.6			1.0
6816.5			1.0
6817.4			1.0
6818.3			1.0
6819.200000000001			1.0
6820.1			1.0
6821.0			1.0
6821.9			1.0
6822.8			1.0
6823.700000000001			1.0
6824.6			1.0
6825.5			1.0
6826.4			1.0
6827.3			1.0
6828.200000000001			1.0
6829.1			1.0
6830.0			1.0
6830.9			1.0
6831.8			1.0
6832.700000000001			1.0
6833.6			1.0
6834.5			1.0
6835.4			1.0
6836.3			1.0
6837.200000000001			1.0
6838.1			1.0
6839.0			1.0
6839.9			1.0
6840.8			1.0
6841.700000000001			1.0
6842.6			1.0
6843.5			1.0
6844.4			1.0
6845.3			1.0
6846.200000000001			1.0
6847.1			1.0
6848.0			1.0
6848.9			1.0
6849.8			1.0
6850.700000000001			1.0
6851.6			1.0
6852.5			1.0
6853.4			1.0
6854.3			1.0
6855.200000000001			1.0
6856.1			1.0
6857.0			1.0
6857.9			1.0
6858.8			1.0
6859.700000000001			1.0
6860.6			1.0
6861.5			1.0
6862.4			1.0
6863.3			1.0
6864.200000000001			1.0
6865.1			1.0
6866.0			1.0
6866.9			1.0
6867.8			1.0
6868.700000000001			1.0
6869.6			1.0
6870.5			1.0
6871.4			1.0
6872.3			1.0
6873.200000000001			1.0
6874.1			1.0
6875.0			1.0
6875.9			1.0
6876.8			1.0
6877.700000000001			1.0
6878.6			1.0
6879.5			1.0
6880.4			1.0
6881.3			1.0
6882.200000000001			1.0
6883.1			1.0
6884.0			1.0
6884.9			1.0
6885.8			1.0
6886.700000000001			1.0
6887.6			1.0
6888.5			1.0
6889.4			1.0
6890.3			1.0
6891.200000000001			1.0
6892.1			1.0
6893.0			1.0
6893.9			1.0
6894.8			1.0
6895.700000000001			1.0
6896.6			1.0
6897.5			1.0
6898.4			1.0
6899.3			1.0
6900.200000000001			1.0
6901.1			1.0
6902.0			1.0
6902.9			1.0
6903.8			1.0
6904.700000000001			1.0
6905.6			1.0
6906.5			1.0
6907.4			1.0
6908.3			1.0
6909.200000000001			1.0
6910.1			1.0
6911.0			1.0
6911.9			1.0
6912.8			1.0
6913.700000000001			1.0
6914.6			1.0
6915.5			1.0
6916.4			1.0
6917.3			1.0
6918.200000000001			1.0
6919.1			1.0
6920.0			1.0
6920.9			1.0
6921.8			1.0
6922.700000000001			1.0
6923.6			1.0
6924.5			1.0
6925.4			1.0
6926.3			1.0
6927.200000000001			1.0
6928.1			1.0
6929.0			1.0
6929.9			1.0
6930.8			1.0
6931.700000000001			1.0
6932.6			1.0
6933.5			1.0
6934.4			1.0
6935.3			1.0
6936.200000000001			1.0
6937.1			1.0
6938.0			1.0
6938.9			1.0
6939.8			1.0
6940.700000000001			1.0
6941.6			1.0
6942.5			1.0
6943.4			1.0
6944.3			1.0
6945.200000000001			1.0
6946.1			1.0
6947.0			1.0
6947.9			1.0
6948.8			1.0
6949.700000000001			1.0
6950.6			1.0
6951.5			1.0
6952.4			1.0
6953.3			1.0
6954.200000000001			1.0
6955.1			1.0077352743023542
6956.0			1.0264211042952127
6956.9			1.0384917537936225
6957.8			1.0388409213689307
6958.700000000001			1.0352289076383623
6959.6			1.0285354743241646
6960.5			1.0227844755871278
6961.4			1.024219514548565
6962.3			1.0303060010871767
6963.200000000001			1.0392650958023577
6964.1			1.0421667343435135
6965.0			1.029163066096343
6965.9			1.01483472512856
6966.8			1.0204885900805936
6967.700000000001			1.0426086157817465
6968.6			1.05690672595867
6969.5			1.048109256323564
6970.4			1.027418800395623
6971.3			1.0202150314299665
6972.200000000001			1.0353056200366493
6973.1			1.0486847783306212
6974.0			1.040204177519642
6974.9			1.0180434079614915
6975.8			0.9949202042899407
6976.700000000001			0.967092882898482
6977.6			0.9315582435384387
6978.5			0.9091144416076524
6979.4			0.9237742329970111
6980.3			0.9627475055732148
6981.200000000001			0.9996732506779936
6982.1			1.027197373800682
6983.0			1.046502501451759
6983.9			1.0553761588255866
6984.8			1.0538574533623437
6985.700000000001			1.0459485860325932
6986.6			1.0371384471280802
6987.5			1.028247504566126
6988.4			1.0159215937922232
6989.3			1.006861478713476
6990.200000000001			1.0176115119876832
6991.1			1.0417909732058985
6992.0			1.0555414490541921
6992.9			1.051321047905543
6993.8			1.0389077189620142
6994.700000000001			1.0348727986078456
6995.6			1.0444667192354984
6996.5			1.051345652293016
6997.4			1.041503293836598
6998.3			1.014412086267196
6999.200000000001			0.9802911242801665
7000.1			0.9653583060004604
7001.0			0.9870813158280277
7001.9			1.0197627394006201
7002.8			1.0244532155769217
7003.700000000001			1.00286462601087
7004.6			0.9864488478336976
7005.5			0.9840270021111085
7006.4			1.0
7007.3			1.0076164554184026
7008.200000000001			1.0210160713567398
7009.1			1.0313431809042235
7010.0			1.0306066104704503
7010.9			1.0201586280932766
7011.8			1.0133472899434517
7012.700000000001			1.0199973413438865
7013.6			1.0249642940107382
7014.5			1.0022534896166673
7015.4			0.9536152386732312
7016.3			0.9196806898919858
7017.200000000001			0.9358765274434984
7018.1			0.9883301732013043
7019.0			1.036002331237222
7019.9			1.060461147545858
7020.8			1.0649233299522658
7021.700000000001			1.0484732789289641
7022.6			1.0130998513990526
7023.5			0.9818799475483452
7024.4			0.9786788078089597
7025.3			0.9974839838255116
7026.200000000001			1.0201234575207774
7027.1			1.0350602102988529
7028.0			1.0391391627495388
7028.9			1.0395346961307503
7029.8			1.0425844690318296
7030.700000000001			1.0450563885694835
7031.6			1.0451816509285352
7032.5			1.0463799073311337
7033.4			1.0481175899982085
7034.3			1.0497699539147307
7035.200000000001			1.0564878815104393
7036.1			1.0601582189514986
7037.0			1.0424679988831176
7037.9			1.0119760738706416
7038.8			1.007812233035523
7039.700000000001			1.0438682575511327
7040.6			1.0898617436323668
7041.5			1.1184559771698264
7042.4			1.12466727202791
7043.3			1.1098172371288535
7044.200000000001			1.084716736640563
7045.1			1.072192713043913
7046.0			1.0843020005593174
7046.9			1.1094002849624403
7047.8			1.1326021587019515
7048.700000000001			1.1465232703500063
7049.6			1.1490285081002307
7050.5			1.134114990797764
7051.4			1.0952030312596572
7052.3			1.0492382146501675
7053.200000000001			1.0330499152677206
7054.1			1.0567210020946907
7055.0			1.0940265956931177
7055.9			1.1212723298842924
7056.8			1.1336089885303062
7057.700000000001			1.1301409529077366
7058.6			1.107113165735221
7059.5			1.0789760006182
7060.4			1.0725867864640377
7061.3			1.0881368686760355
7062.200000000001			1.104032224990332
7063.1			1.1157489467306814
7064.0			1.128242219438483
7064.9			1.1342847061628953
7065.8			1.1226988022877367
7066.700000000001			1.0903144263799036
7067.6			1.0504360553702405
7068.5			1.0340312515609373
7069.4			1.0609655504097295
7070.3			1.1067410739163628
7071.200000000001			1.1304684253658717
7072.1			1.1260576880533706
7073.0			1.1200403308931146
7073.9			1.1189042576027322
7074.8			1.1125345101345787
7075.700000000001			1.1035067095665505
7076.6			1.1045166712567103
7077.5			1.116294887694954
7078.4			1.1264948880839771
7079.3			1.130893556689776
7080.200000000001			1.1341407214514243
7081.1			1.1299098669948389
7082.0			1.1048613111490755
7082.9			1.0572855985333112
7083.8			1.0071987127331905
7084.700000000001			0.9871294057566372
7085.6			1.0066794562199657
7086.5			1.0400033647154825
7087.4			1.0586164850886863
7088.3			1.054376847216307
7089.200000000001			1.0316464109714374
7090.1			1.0058116733736058
7091.0			0.9957016399963708
7091.9			0.9992227387999196
7092.8			0.8929270689387407
7093.700000000001			0.8953685411549189
7094.6			0.8971744104967951
7095.5			0.8966028859057739
7096.4			0.8967046208642997
7097.3			0.9036972627422067
7098.200000000001			0.9405183657634174
7099.1			0.9838486396363552
7100.0			0.9894660783814717
7100.9			0.9789796463161562
7101.8			0.9726221606194912
7102.700000000001			0.9785458237999222
7103.6			0.991991498109092
7104.5			0.9962154040899285
7105.4			0.9809940233095632
7106.3			0.9583368642899753
7107.200000000001			0.9488865070172546
7108.1			0.9541744174925106
7109.0			0.9556333439133681
7109.9			0.9424696058245219
7110.8			1.0
7111.700000000001			1.0036648348455652
7112.6			1.0221671526233214
7113.5			1.0386994325540164
7114.4			1.0416847657374084
7115.3			1.0354012561816937
7116.200000000001			1.0307258819197953
7117.1			1.026466747690715
7118.0			1.0196161031514237
7118.9			1.0107890262027208
7119.8			1.004478254383925
7120.700000000001			1.001390393291125
7121.6			0.9994154713298257
7122.5			1.008800023325659
7123.4			1.028213099526409
7124.3			1.0394015218887467
7125.200000000001			1.036817644118819
7126.1			1.0294122945285293
7127.0			1.028850255957087
7127.9			1.0294212306260098
7128.8			1.013647935315516
7129.700000000001			0.9909482851921658
7130.6			0.9838345972910548
7131.5			1.0009029640202762
7132.4			1.0260879078241225
7133.3			1.0445467828428772
7134.200000000001			1.051729819404026
7135.1			1.0510943385440463
7136.0			1.0569727627446017
7136.9			1.0641514524107178
7137.8			1.0531310568680532
7138.700000000001			1.0335077198724136
7139.6			1.03142956019485
7140.5			1.0444029468744505
7141.4			1.050002457061831
7142.3			1.0457181197877714
7143.200000000001			1.041976600326944
7144.1			1.04089270051303
7145.0			1.0415757776054457
7145.9			1.0374434903791407
7146.8			1.0163917747687905
7147.700000000001			0.994215493846009
7148.6			0.9949292658721682
7149.5			1.0059731058737786
7150.4			1.0162423808236316
7151.3			1.0329108626140553
7152.200000000001			1.0516267853407786
7153.1			1.0526100653310062
7154.0			1.0295177602903962
7154.9			1.0112191979355163
7155.8			1.023612771718995
7156.700000000001			1.0
7157.6			1.0046247578112004
7158.5			0.9939592956322328
7159.4			0.9830607173259124
7160.3			0.9835537825990813
7161.200000000001			0.9961057893432046
7162.1			0.9975912451789831
7163.0			0.9703694238291845
7163.9			0.9352994175764807
7164.8			0.9283158162244668
7165.700000000001			0.9539384354271009
7166.6			0.9884422033837119
7167.5			1.0123003462471711
7168.4			1.0184724507571465
7169.3			1.0118783885843188
7170.200000000001			1.0074212860481688
7171.1			1.0143046593903384
7172.0			1.0262211727523944
7172.9			1.0292266910335905
7173.8			1.0143971292273428
7174.700000000001			0.9870492288266242
7175.6			0.9693859545546228
7176.5			0.9813911610893272
7177.4			1.003998459918884
7178.3			0.9969632188495836
7179.200000000001			0.9583075198826746
7180.1			0.923382732261673
7181.0			0.9258348880473736
7181.9			0.9639513838536837
7182.8			0.9989545627242784
7183.700000000001			1.0088660153124243
7184.6			1.0011507495836776
7185.5			0.9830887164865862
7186.4			0.9630246764142729
7187.3			0.9525419444355792
7188.200000000001			0.950358854482279
7189.1			0.9527923979333516
7190.0			0.9631601178021297
7190.9			0.9687010680923444
7191.8			0.9566489192655729
7192.700000000001			0.9476767956012598
7193.6			0.9625299116595852
7194.5			0.9854092778982245
7195.4			0.9902755312439163
7196.3			0.984510091002127
7197.200000000001			0.9875581502954995
7198.1			0.9938322797316862
7199.0			0.9954348193440163
7199.9			0.9979805064146725
7200.8			1.0020219542761426
7201.700000000001			1.0059593265880529
7202.6			1.0160365077941795
7203.5			1.0272550949122332
7204.4			1.0212606133013071
7205.3			0.9906872993910849
7206.200000000001			0.9512017365027302
7207.1			0.9344290369673252
7208.0			0.9505323940101675
7208.9			0.9799434475625906
7209.8			1.0115191950798423
7210.700000000001			1.032002207928447
7211.6			1.028195133205053
7212.5			1.0092913204427105
7213.4			0.9911640258746085
7214.3			0.982362342833065
7215.200000000001			0.9900900067227583
7216.1			1.0146793822097775
7217.0			1.0373472940367376
7217.9			1.040917987007952
7218.8			1.0273677364888432
7219.700000000001			1.011803431816743
7220.6			1.0031142338044208
7221.5			1.00026031765129
7222.4			1.0025667641394902
7223.3			1.0154606707575031
7224.200000000001			1.0332062953880867
7225.1			1.0410364956353662
7226.0			1.0428087318609183
7226.9			1.0395016271611917
7227.8			1.0280564537024646
7228.700000000001			1.0200697850157707
7229.6			1.029135095030671
7230.5			1.0481858606627188
7231.4			1.0609870820524043
7232.3			1.0662179681989712
7233.200000000001			1.0655877863121375
7234.1			1.0558503078269426
7235.0			1.0388348153743225
7235.9			1.0254102199441468
7236.8			1.01971830321193
7237.700000000001			1.0178519256449277
7238.6			1.0165708839504581
7239.5			1.0235500608492862
7240.4			1.0381320573348523
7241.3			1.0464582792489547
7242.200000000001			1.0441822812728854
7243.1			1.0335829383804416
7244.0			1.0138888235369747
7244.9			1.000235735952001
7245.8			1.007720292697997
7246.700000000001			1.0257141404778283
7247.6			1.0359593401409042
7248.5			1.0322350800344313
7249.4			1.020019332292069
7250.3			1.0045700924096768
7251.200000000001			0.9992495199425164
7252.1			1.011026765606158
7253.0			1.0242462367143352
7253.9			1.0266870041260765
7254.8			1.0338196840584009
7255.700000000001			1.052252233067095
7256.6			1.066713741003274
7257.5			1.064202297822795
7258.4			1.0474609718621335
7259.3			1.0215810927425695
7260.200000000001			0.9919444380262181
7261.1			0.9790525749782277
7262.0			0.9984465029941283
7262.9			1.0299410070406596
7263.8			1.054983450539973
7264.700000000001			1.0706316897961652
7265.6			1.0725309649019763
7266.5			1.0622198850982811
7267.4			1.0517591175294851
7268.3			1.0487640261520303
7269.200000000001			1.0487640701134235
7270.1			1.044169484323149
7271.0			1.0383284909096924
7271.9			1.038085975517665
7272.8			1.0420703953616932
7273.700000000001			1.0438585587759677
7274.6			1.0451913002745274
7275.5			1.0491370122664825
7276.4			1.0466583100740683
7277.3			1.0340871379595185
7278.200000000001			1.0198617291484697
7279.1			1.014275334641338
7280.0			1.0106412492044785
7280.9			0.9972318931332506
7281.8			0.979494788944801
7282.700000000001			0.9712614468741024
7283.6			0.976131424727374
7284.5			0.9932719642936391
7285.4			1.0144842511593808
7286.3			1.0207921414758134
7287.200000000001			1.001486835442678
7288.1			0.973566878327542
7289.0			0.9624100707165766
7289.9			0.9607718069088622
7290.8			0.949489823810436
7291.700000000001			0.9374358091512104
7292.6			0.947034424409695
7293.5			0.9773077282405609
7294.4			1.0125333748817695
7295.3			1.0379910021163539
7296.200000000001			1.041564411823761
7297.1			1.0278245072805623
7298.0			1.0182059259969654
7298.9			1.0182299916028958
7299.8			1.0223403543730596
7300.700000000001			1.0258715103743468
7301.6			1.0296273792689825
7302.5			1.035800015650153
7303.4			1.040628924525195
7304.3			1.0367000466657736
7305.200000000001			1.023565760426165
7306.1			1.0066241831306026
7307.0			1.000305407357983
7307.9			1.0
7308.8			1.0
7309.700000000001			1.0
7310.6			1.0
7311.5			1.0
7312.4			1.0
7313.3			1.0
7314.200000000001			1.0
7315.1			1.0
7316.0			1.0
7316.9			1.0
7317.8			1.0
7318.700000000001			1.0
7319.6			1.0
7320.5			1.0
7321.4			1.0
7322.3			1.0
7323.200000000001			1.0
7324.1			1.0
7325.0			1.0
7325.9			1.0
7326.8			1.0
7327.700000000001			1.0
7328.6			1.0
7329.5			1.0
7330.4			1.0
7331.3			1.0
7332.200000000001			1.0
7333.1			1.0
7334.0			1.0
7334.9			1.0
7335.8			1.0
7336.700000000001			1.0
7337.6			1.0
7338.5			1.0
7339.4			1.0
7340.3			1.0
7341.200000000001			1.0
7342.1			1.0
7343.0			1.0
7343.9			1.0
7344.8			1.0
7345.700000000001			1.0
7346.6			1.0
7347.5			1.0
7348.4			1.0
7349.3			1.0
7350.200000000001			1.0
7351.1			1.0
7352.0			1.0
7352.9			1.0
7353.8			1.0
7354.700000000001			1.0
7355.6			1.0
7356.5			1.0
7357.4			1.0
7358.3			1.0
7359.200000000001			1.0
7360.1			1.0
7361.0			1.0
7361.9			1.0
7362.8			1.0
7363.700000000001			1.0
7364.6			1.0
7365.5			1.0
7366.4			1.0
7367.3			1.0
7368.200000000001			1.0
7369.1			1.0
7370.0			1.0
7370.9			1.0
7371.8			1.0
7372.700000000001			1.0
7373.6			1.0
7374.5			1.0
7375.4			1.0
7376.3			1.0
7377.200000000001			1.0
7378.1			1.0
7379.0			1.0
7379.9			1.0
7380.8			1.0
7381.700000000001			1.0
7382.6			1.0
7383.5			1.0
7384.4			1.0
7385.3			1.0
7386.200000000001			1.0
7387.1			1.0
7388.0			1.0
7388.9			1.0
7389.8			1.0
7390.700000000001			1.0
7391.6			1.0
7392.5			1.0
7393.4			1.0
7394.3			1.0
7395.200000000001			1.0
7396.1			1.0
7397.0			1.0
7397.9			1.0
7398.8			1.0
7399.700000000001			1.0
7400.6			1.0
7401.5			1.0
7402.4			1.0
7403.3			1.0
7404.200000000001			1.0
7405.1			1.0
7406.0			1.0
7406.9			1.0
7407.8			1.0
7408.700000000001			1.0
7409.6			1.0
7410.5			1.0
7411.4			1.0
7412.3			1.0
7413.200000000001			1.0
7414.1			1.0
7415.0			1.0
7415.9			1.0
7416.8			1.0
7417.700000000001			1.0
7418.6			1.0
7419.5			1.0
7420.4			1.0
7421.3			1.0
7422.200000000001			1.0
7423.1			1.0
7424.0			1.0
7424.9			1.0
7425.8			1.0
7426.700000000001			1.0
7427.6			1.0
7428.5			1.0
7429.4			1.0
