3500.0			1.0
3500.9			1.0
3501.8			1.0
3502.7			1.0
3503.6			1.0
3504.5			1.0
3505.4			1.0
3506.3			1.0
3507.2			1.0
3508.1			1.0
3509.0			1.0
3509.9			1.0
3510.8			1.0
3511.7			1.0
3512.6			1.0
3513.5			1.0
3514.4			1.0
3515.3			1.0
3516.2			1.0
3517.1			1.0
3518.0			1.0
3518.9			1.0
3519.8			1.0
3520.7			1.0
3521.6			1.0
3522.5			1.0
3523.4			1.0
3524.3			1.0
3525.2			1.0
3526.1			1.0
3527.0			1.0
3527.9			1.0
3528.8			1.0
3529.7			1.0
3530.6			1.0
3531.5			1.0
3532.4			1.0
3533.3			1.0
3534.2			1.0
3535.1			1.0
3536.0			1.0
3536.9			1.0
3537.8			1.0
3538.7			1.0
3539.6			1.0
3540.5			1.0
3541.4			1.0
3542.3			1.0
3543.2			1.0
3544.1			1.0
3545.0			1.0
3545.9			1.0
3546.8			1.0
3547.7			1.0
3548.6			1.0
3549.5			1.0
3550.4			1.0
3551.3			1.0
3552.2			1.0
3553.1			1.0
3554.0			1.0
3554.9			1.0
3555.8			1.0
3556.7			1.0
3557.6			1.0
3558.5			1.0
3559.4			1.0
3560.3			1.0
3561.2			1.0
3562.1			1.0
3563.0			1.0
3563.9			1.0
3564.8			1.0
3565.7			1.0
3566.6			1.0
3567.5			1.0
3568.4			1.0
3569.3			1.0
3570.2			1.0
3571.1			1.0
3572.0			1.0
3572.9			1.0
3573.8			1.0
3574.7			1.0
3575.6			1.0
3576.5			1.0
3577.4			1.0
3578.3			1.0
3579.2			1.0
3580.1			1.0
3581.0			1.0
3581.9			1.0
3582.8			1.0
3583.7			1.0
3584.6			1.0
3585.5			1.0
3586.4			1.0
3587.3			1.0
3588.2			1.0
3589.1			1.0
3590.0			1.0
3590.9			1.0
3591.8			1.0
3592.7			1.0
3593.6			1.0
3594.5			1.0
3595.4			1.0
3596.3			1.0
3597.2			1.0
3598.1			1.0
3599.0			1.0
3599.9			1.0
3600.8			1.0
3601.7			1.0
3602.6			1.0
3603.5			1.0
3604.4			1.0
3605.3			1.0
3606.2			1.0
3607.1			1.0
3608.0			1.0
3608.9			1.0
3609.8			1.0
3610.7			1.0
3611.6			1.0
3612.5			1.0
3613.4			1.0
3614.3			1.0
3615.2			1.0
3616.1			1.0
3617.0			1.0
3617.9			1.0
3618.8			1.0
3619.7			1.0
3620.6			1.0
3621.5			1.0
3622.4			1.0
3623.3			1.0
3624.2			1.0
3625.1			1.0
3626.0			1.0
3626.9			1.0
3627.8			1.0
3628.7			1.0
3629.6			1.0
3630.5			1.0
3631.4			1.0
3632.3			1.0
3633.2			1.0
3634.1			1.0
3635.0			1.0
3635.9			1.0
3636.8			1.0
3637.7			1.0
3638.6			1.0
3639.5			1.0
3640.4			1.0
3641.3			1.0
3642.2			1.0
3643.1			1.0
3644.0			1.0
3644.9			1.0
3645.8			1.0
3646.7			1.0
3647.6			1.0
3648.5			1.0
3649.4			1.0
3650.3			1.0
3651.2			1.0
3652.1			1.0
3653.0			1.0
3653.9			1.0
3654.8			1.0
3655.7			1.0
3656.6			1.0
3657.5			1.0
3658.4			1.0
3659.3			1.0
3660.2			1.0
3661.1			1.0
3662.0			1.0
3662.9			1.0
3663.8			1.0
3664.7			1.0
3665.6			1.0
3666.5			1.0
3667.4			1.0
3668.3			1.0
3669.2			1.0
3670.1			1.0
3671.0			1.0
3671.9			1.0
3672.8			1.0
3673.7			1.0
3674.6			1.0
3675.5			1.0
3676.4			1.0
3677.3			1.0
3678.2			1.0
3679.1			1.0
3680.0			1.0
3680.9			1.0
3681.8			1.0
3682.7			1.0
3683.6			1.0
3684.5			1.0
3685.4			1.0
3686.3			1.0
3687.2			1.0
3688.1			1.0
3689.0			1.0
3689.9			1.0
3690.8			1.0
3691.7			1.0
3692.6			1.0
3693.5			1.0
3694.4			1.0
3695.3			1.0
3696.2			1.0
3697.1			1.0
3698.0			1.0
3698.9			1.0
3699.8			1.0
3700.7			1.0
3701.6			1.0
3702.5			1.0
3703.4			1.0
3704.3			1.0
3705.2			1.0
3706.1			1.0
3707.0			1.0
3707.9			1.0
3708.8			1.0
3709.7			1.0
3710.6			1.0
3711.5			1.0
3712.4			1.0
3713.3			1.0
3714.2			1.0
3715.1			1.0
3716.0			1.0
3716.9			1.0
3717.8			1.0
3718.7			1.0
3719.6			1.0
3720.5			1.0
3721.4			1.0
3722.3			1.0
3723.2			1.0
3724.1			1.0
3725.0			1.0
3725.9			1.0
3726.8			1.0
3727.7			1.0
3728.6			1.0
3729.5			1.0
3730.4			1.0
3731.3			1.0
3732.2			1.0
3733.1			1.0
3734.0			1.0
3734.9			1.0
3735.8			1.0
3736.7			1.0
3737.6			1.0
3738.5			1.0
3739.4			1.0
3740.3			1.0
3741.2			1.0
3742.1			1.0
3743.0			1.0
3743.9			1.0
3744.8			1.0
3745.7			1.0
3746.6			1.0
3747.5			1.0
3748.4			1.0
3749.3			1.0
3750.2			1.0
3751.1			1.0
3752.0			1.0
3752.9			1.0
3753.8			1.0
3754.7			1.0
3755.6			1.0
3756.5			1.0
3757.4			1.0
3758.3			1.0
3759.2			1.0
3760.1			1.0
3761.0			1.0
3761.9			1.0
3762.8			1.0
3763.7			1.0
3764.6			1.0
3765.5			1.0
3766.4			1.0
3767.3			1.0
3768.2			1.0
3769.1			1.0
3770.0			1.0
3770.9			1.0
3771.8			1.0
3772.7			1.0
3773.6			1.0
3774.5			1.0
3775.4			1.0
3776.3			1.0
3777.2			1.0
3778.1			1.0
3779.0			1.0
3779.9			1.0
3780.8			1.0
3781.7			1.0
3782.6			1.0
3783.5			1.0
3784.4			1.0
3785.3			1.0
3786.2			1.0
3787.1			1.0
3788.0			1.0
3788.9			1.0
3789.8			1.0
3790.7			1.0
3791.6			1.0
3792.5			1.0
3793.4			1.0
3794.3			1.0
3795.2			1.0
3796.1			1.0
3797.0			1.0
3797.9			1.0
3798.8			1.0
3799.7			1.0
3800.6			1.0
3801.5			1.0
3802.4			1.0
3803.3			1.0
3804.2			1.0
3805.1			1.0
3806.0			1.0
3806.9			1.0
3807.8			1.0
3808.7			1.0
3809.6			1.0
3810.5			1.0
3811.4			1.0
3812.3			1.0
3813.2			1.0
3814.1			1.0
3815.0			1.0
3815.9			1.0
3816.8			1.0
3817.7			1.0
3818.6			1.0
3819.5			1.0
3820.4			1.0
3821.3			1.0
3822.2			1.0
3823.1			1.0
3824.0			1.0
3824.9			1.0
3825.8			1.0
3826.7			1.0
3827.6			1.0
3828.5			1.0
3829.4			1.0
3830.3			1.0
3831.2			1.0
3832.1			1.0
3833.0			1.0
3833.9			1.0
3834.8			1.0
3835.7			1.0
3836.6			1.0
3837.5			1.0
3838.4			1.0
3839.3			1.0
3840.2			1.0
3841.1			1.0
3842.0			1.0
3842.9			1.0
3843.8			1.0
3844.7			1.0
3845.6			1.0
3846.5			1.0
3847.4			1.0
3848.3			1.0
3849.2			1.0
3850.1			1.0
3851.0			1.0
3851.9			1.0
3852.8			1.0
3853.7			1.0
3854.6			1.0
3855.5			1.0
3856.4			1.0
3857.3			1.0
3858.2			1.0
3859.1			1.0
3860.0			1.0
3860.9			1.0
3861.8			1.0
3862.7			1.0
3863.6			1.0
3864.5			1.0
3865.4			1.0
3866.3			1.0
3867.2			1.0
3868.1			1.0
3869.0			1.0
3869.9			1.0
3870.8			1.0
3871.7			1.0
3872.6			1.0
3873.5			1.0
3874.4			1.0
3875.3			1.0
3876.2			1.0
3877.1			1.0
3878.0			1.0
3878.9			1.0
3879.8			1.0
3880.7			1.0
3881.6			1.0
3882.5			1.0
3883.4			1.0
3884.3			1.0
3885.2			1.0
3886.1			1.0
3887.0			1.0
3887.9			1.0
3888.8			1.0
3889.7			1.0
3890.6			1.0
3891.5			1.0
3892.4			1.0
3893.3			1.0
3894.2			1.0
3895.1			1.0
3896.0			1.0
3896.9			1.0
3897.8			1.0
3898.7			1.0
3899.6			1.0
3900.5			1.0
3901.4			1.0
3902.3			1.0
3903.2			1.0
3904.1			1.0
3905.0			1.0
3905.9			1.0
3906.8			1.0
3907.7			1.0
3908.6			1.0
3909.5			1.0
3910.4			1.0
3911.3			1.0
3912.2			1.0
3913.1			1.0
3914.0			1.0
3914.9			1.0
3915.8			1.0
3916.7			1.0
3917.6			1.0
3918.5			1.0
3919.4			1.0
3920.3			1.0
3921.2			1.0
3922.1			1.0
3923.0			1.0
3923.9			1.0
3924.8			1.0
3925.7			1.0
3926.6			1.0
3927.5			1.0
3928.4			1.0
3929.3			1.0
3930.2			1.0
3931.1			1.0
3932.0			1.0
3932.9			1.0
3933.8			1.0
3934.7			1.0
3935.6			1.0
3936.5			1.0
3937.4			1.0
3938.3			1.0
3939.2			1.0
3940.1			1.0
3941.0			1.0
3941.9			1.0
3942.8			1.0
3943.7			1.0
3944.6			1.0
3945.5			1.0
3946.4			1.0
3947.3			1.0
3948.2			1.0
3949.1			1.0
3950.0			1.0
3950.9			1.0
3951.8			1.0
3952.7			1.0
3953.6			1.0
3954.5			1.0
3955.4			1.0
3956.3			1.0
3957.2			1.0
3958.1			1.0
3959.0			1.0
3959.9			1.0
3960.8			1.0
3961.7			1.0
3962.6			1.0
3963.5			1.0
3964.4			1.0
3965.3			1.0
3966.2			1.0
3967.1			1.0
3968.0			1.0
3968.9			1.0
3969.8			1.0
3970.7			1.0
3971.6			1.0
3972.5			1.0
3973.4			1.0
3974.3			1.0
3975.2			1.0
3976.1			1.0
3977.0			1.0
3977.9			1.0
3978.8			1.0
3979.7			1.0
3980.6			1.0
3981.5			1.0
3982.4			1.0
3983.3			1.0
3984.2			1.0
3985.1			1.0
3986.0			1.0
3986.9			1.0
3987.8			1.0
3988.7			1.0
3989.6			1.0
3990.5			1.0
3991.4			1.0
3992.3			1.0
3993.2			1.0
3994.1			1.0
3995.0			1.0
3995.9			1.0
3996.8			1.0
3997.7			1.0
3998.6			1.0
3999.5			1.0
4000.4			1.0
4001.3			1.0087265921157555
4002.2			1.0836989719656995
4003.1			1.1311842036666226
4004.0			1.0557860906928573
4004.9			0.9137033243485475
4005.8			0.8305679022944409
4006.7			0.8582027231039158
4007.6			0.9321984136110766
4008.5			0.976878484074922
4009.4			0.998354927621352
4010.3			1.0156174249981804
4011.2			1.0012040052670506
4012.1			1.0
4013.0			1.0
4013.9			1.0
4014.8			1.0
4015.7			1.0
4016.6			1.0
4017.5			1.0
4018.4			1.0
4019.3			1.0
4020.2			1.0
4021.1			1.0
4022.0			1.0
4022.9			1.0
4023.8			1.0
4024.7			1.0
4025.6			1.0451694242372733
4026.5			1.125055505878435
4027.4			1.1772723896464612
4028.3			1.1558221240952822
4029.2			1.0533660340809505
4030.1			0.9610074232286386
4031.0			0.9443792271710657
4031.9			0.9369581551595896
4032.8			0.9151563797806228
4033.7			0.923652537039268
4034.6			0.951156059605923
4035.5			0.979987300501256
4036.4			1.030661810976324
4037.3			1.0945382158239878
4038.2			1.1153266203544139
4039.1			1.0
4040.0			0.9447424282653648
4040.9			0.9274020924248406
4041.8			0.9561265073196068
4042.7			0.9789092561077681
4043.6			0.9442751685646525
4044.5			0.8421591596709475
4045.4			0.742885580989157
4046.3			0.7580408909853964
4047.2			0.8678575308292723
4048.1			0.9510598457159259
4049.0			0.9739881594456867
4049.9			0.9850333048986609
4050.8			1.0018884972938684
4051.7			1.0
4052.6			1.0
4053.5			1.0
4054.4			1.0
4055.3			1.0
4056.2			1.0
4057.1			1.0
4058.0			0.9547188724295901
4058.9			0.9632448293062601
4059.8			1.0232294695863888
4060.7			1.0763676687310704
4061.6			1.051875587016802
4062.5			0.9400605199104857
4063.4			0.8432046521371009
4064.3			0.8575359485346095
4065.2			0.9224845419448493
4066.1			0.9284326499347579
4067.0			0.9063836830012159
4067.9			0.9390799787090462
4068.8			1.0036405726477577
4069.7			1.0
4070.6			1.0
4071.5			1.0
4072.4			1.0
4073.3			1.0621081909699617
4074.2			1.0721843959567168
4075.1			1.0202773350405088
4076.0			0.9329578665805396
4076.9			0.8392541061111043
4077.8			0.8020529398355175
4078.7			0.8575561448136748
4079.6			0.9379909781466473
4080.5			0.9875058598400447
4081.4			1.0130553366213655
4082.3			0.9999527165153298
4083.2			1.0
4084.1			1.0
4085.0			1.0
4085.9			1.0
4086.8			1.0
4087.7			1.0
4088.6			1.0
4089.5			1.0
4090.4			1.0
4091.3			0.983808570335972
4092.2			0.9907427231250907
4093.1			1.0078565781113622
4094.0			1.0058072358820345
4094.9			0.9781220988113634
4095.8			0.9410595348744265
4096.7			0.9302059168999883
4097.6			0.9497839886094536
4098.5			0.9621336558701619
4099.4			0.9474953227792433
4100.3			0.8638710859878262
4101.2			0.7454103007880065
4102.1			0.7227900248251456
4103.0			0.8147886832291721
4103.9			0.904397484612493
4104.8			0.9453548515117283
4105.7			0.9614922489157977
4106.6			0.9639200850237315
4107.5			0.9699863601329796
4108.4			0.9646845340157223
4109.3			0.9252303775324205
4110.2			0.8979697429282382
4111.1			0.9226447007536918
4112.0			0.9639744586665602
4112.9			0.9999432736483048
4113.8			1.0
4114.7			1.0
4115.6			1.0
4116.5			1.0
4117.4			1.0
4118.3			1.0
4119.2			1.0
4120.1			1.0
4121.0			1.0
4121.9			1.0
4122.8			1.0
4123.7			1.0171409138937286
4124.6			1.0542886385645143
4125.5			1.0656139894977747
4126.4			1.0476859348414675
4127.3			1.0300171287750182
4128.2			1.02796907953039
4129.1			1.0388666342631279
4130.0			1.0688499722226967
4130.9			1.086860151641244
4131.8			1.054778221918478
4132.7			1.0122249363821525
4133.6			0.993946508255896
4134.5			1.0089070187337492
4135.4			1.082204543452678
4136.3			1.1588213470338091
4137.2			1.1823579300598261
4138.1			1.209016124192767
4139.0			1.0
4139.9			1.0153622022100444
4140.8			0.9981264501015825
4141.7			0.9348001341061075
4142.6			0.8337593150970152
4143.5			0.7821596269053336
4144.4			0.8433039995970816
4145.3			0.9412588400187752
4146.2			0.9896770926195105
4147.1			0.9981788666738539
4148.0			1.0
4148.9			1.0
4149.8			1.0
4150.7			1.0
4151.6			1.0
4152.5			1.0
4153.4			1.0
4154.3			1.0
4155.2			1.0
4156.1			1.0
4157.0			1.0
4157.9			1.0
4158.8			1.0
4159.7			1.0
4160.6			1.0
4161.5			1.0
4162.4			1.0
4163.3			1.0
4164.2			1.0067306969350425
4165.1			1.023448377041193
4166.0			1.038518165417618
4166.9			1.0118609669499523
4167.8			0.9766835810771007
4168.7			0.9816788525790489
4169.6			1.0017437735944021
4170.5			0.9958565309219147
4171.4			0.9378299098606832
4172.3			0.8642370333382267
4173.2			0.8424573042720651
4174.1			0.8770792551074861
4175.0			0.9261528640727451
4175.9			0.9666862067160704
4176.8			0.9822996323834519
4177.7			0.9719241276462948
4178.6			0.9901100022728702
4179.5			1.0445264397207676
4180.4			1.070686677412478
4181.3			1.040941851571399
4182.2			1.002667569086219
4183.1			1.0
4184.0			1.0
4184.9			1.0
4185.8			1.0
4186.7			0.9444535638828818
4187.6			0.9157921086093805
4188.5			0.9575754296579085
4189.4			0.9986705468648795
4190.3			0.9884426078399066
4191.2			0.9579626512278582
4192.1			0.9718403221539819
4193.0			1.0420933710253444
4193.9			1.0744509899907893
4194.8			1.0187891818828019
4195.7			0.9620440856670245
4196.6			0.9479963147768139
4197.5			0.9259752518482032
4198.4			0.8890854222659497
4199.3			0.8880007051488573
4200.2			0.9144984752412825
4201.1			0.913648846448578
4202.0			0.9011644548722799
4202.9			0.914690787819661
4203.8			0.9245714333172969
4204.7			0.9106901848810082
4205.6			0.9147110967997887
4206.5			0.9510652238604426
4207.4			0.9991645746710804
4208.3			1.0276104434059794
4209.2			1.0169339713954915
4210.1			0.9977786930501579
4211.0			0.9950722397791024
4211.9			0.999801648550499
4212.8			1.0
4213.7			1.0
4214.6			1.0
4215.5			1.0
4216.4			1.0
4217.3			1.0
4218.2			1.0
4219.1			1.0
4220.0			1.0
4220.9			1.0
4221.8			0.9782186958654484
4222.7			0.9265095032761089
4223.6			0.8798627104611528
4224.5			0.8330336951509208
4225.4			0.7460262668096652
4226.3			0.6526547495476794
4227.2			0.6721080555110623
4228.1			0.8211907111661971
4229.0			0.9546013703590412
4229.9			0.9937819035086538
4230.8			1.0
4231.7			0.9929882544877628
4232.6			0.9734346753318104
4233.5			0.9820705808856491
4234.4			1.00251663858855
4235.3			0.9744406165099375
4236.2			0.9139755232748831
4237.1			0.8989505733272891
4238.0			0.9414937458568987
4238.9			0.9753696501066677
4239.8			0.9922869693509394
4240.7			1.0293047234604928
4241.6			1.0414967809359814
4242.5			1.0028711680072528
4243.4			1.0
4244.3			1.0486428823446245
4245.2			1.0807261052208688
4246.1			1.0475886779922636
4247.0			0.9739718540874317
4247.9			0.9074528307028938
4248.8			0.8777136919235502
4249.7			0.8874701042182983
4250.6			0.9331527965717262
4251.5			0.9962735428466041
4252.4			1.0263826612646882
4253.3			0.9991248558201691
4254.2			1.0
4255.1			1.0
4256.0			1.0485926146644975
4256.9			1.115410858663548
4257.8			1.0694318544358885
4258.7			0.964088439902519
4259.6			0.8957639569755731
4260.5			0.8635979130619436
4261.4			1.0
4262.3			1.0885750338087314
4263.2			1.160077356662532
4264.1			1.181027064616427
4265.0			1.1975334974135703
4265.9			1.2037556269948362
4266.8			1.1475892632442461
4267.7			1.0932448292172061
4268.6			1.0978587864700948
4269.5			1.0882017433046118
4270.4			1.023686901947496
4271.3			0.9592406441631989
4272.2			0.9710376186555809
4273.1			1.0026095301646478
4274.0			0.9786032576371198
4274.9			0.9808068246683563
4275.8			1.0641183883392573
4276.7			1.1693264305200024
4277.6			1.2286664009682622
4278.5			1.2000487785670675
4279.4			1.0903022368486426
4280.3			1.0006437233667882
4281.2			1.0
4282.1			1.0
4283.0			1.0676966643179424
4283.9			1.0864290080296366
4284.8			1.0164616311159638
4285.7			0.9254843123958332
4286.6			1.0
4287.5			1.0457638240058884
4288.4			1.033986703840121
4289.3			0.9692626857448011
4290.2			0.9247888083921069
4291.1			0.9507639084939157
4292.0			1.0430775090244295
4292.9			1.1140654468667366
4293.8			1.0917905156304821
4294.7			1.028432099258713
4295.6			0.9888964806398145
4296.5			0.9502819734760491
4297.4			0.88886740662258
4298.3			0.807799467964979
4299.2			0.7145884447072423
4300.1			0.6718615373531466
4301.0			0.699409364666249
4301.9			0.7161537038297655
4302.8			0.7004105507730599
4303.7			0.7025641064181302
4304.6			0.7258943690400381
4305.5			0.7444363277149252
4306.4			0.7383279057729408
4307.3			0.6865578138821272
4308.2			0.6165175499352135
4309.1			0.5930302489053613
4310.0			0.6114975913886869
4310.9			0.6234710234618184
4311.8			0.6376180275775724
4312.7			0.6934672792232605
4313.6			0.7840099027437165
4314.5			0.8881549140164766
4315.4			1.0140049371763706
4316.3			1.128180562943525
4317.2			1.1707755946359384
4318.1			1.1631352003806896
4319.0			1.0
4319.9			0.9968355911496232
4320.8			0.9694651759635444
4321.7			0.9292614908546194
4322.6			0.8520061685773891
4323.5			0.7467229573947614
4324.4			0.6827733956793602
4325.3			0.6881994610364599
4326.2			0.7602293436440642
4327.1			0.8749333944999829
4328.0			0.9664547292018555
4328.9			0.9957680962132606
4329.8			1.0085531238657872
4330.7			0.9955173949536362
4331.6			1.0
4332.5			1.0
4333.4			0.9932110935069391
4334.3			0.9819669879306856
4335.2			0.9961109570217573
4336.1			0.9866307536545823
4337.0			0.9132284777052897
4337.9			0.8346862018388604
4338.8			0.7765601762167011
4339.7			0.7084996077037952
4340.6			0.6955967782490516
4341.5			0.7915723676790993
4342.4			0.8973598445712396
4343.3			0.9328041217998037
4344.2			0.9513225680988507
4345.1			0.9890378226626728
4346.0			1.0
4346.9			0.9887309695403331
4347.8			0.9901962610089339
4348.7			1.0296003264236795
4349.6			1.0474769230728234
4350.5			0.9725256956364692
4351.4			0.8550167631373004
4352.3			0.8223626929367833
4353.2			0.8907161362018071
4354.1			0.9490608580251709
4355.0			0.954055982025901
4355.9			0.9635960197538332
4356.8			0.9972225956818122
4357.7			0.9987315268511309
4358.6			1.0
4359.5			1.0
4360.4			1.0
4361.3			1.0
4362.2			1.0
4363.1			1.0
4364.0			1.0
4364.9			1.0
4365.8			1.0
4366.7			1.0
4367.6			1.0
4368.5			1.0
4369.4			1.0
4370.3			1.0
4371.2			0.9938592691312149
4372.1			1.0070410323345107
4373.0			0.9887380276415091
4373.9			0.918865338872127
4374.8			0.8552729798126848
4375.7			0.8713343895109749
4376.6			0.9398277490757486
4377.5			0.9883490219908194
4378.4			1.0
4379.3			1.0020852234135544
4380.2			1.0056671524480814
4381.1			1.0182147205448295
4382.0			0.9720267890040755
4382.9			0.8401844291628521
4383.8			0.7426769452857717
4384.7			0.769976567338234
4385.6			0.8760100145901816
4386.5			0.9651607988199526
4387.4			0.9967111810240531
4388.3			0.9979184213356772
4389.2			1.0
4390.1			1.0
4391.0			1.0
4391.9			1.0
4392.8			1.0
4393.7			1.0
4394.6			1.0
4395.5			1.0
4396.4			1.0
4397.3			1.0
4398.2			1.0
4399.1			1.0
4400.0			1.0
4400.9			1.0
4401.8			1.0
4402.7			1.0
4403.6			1.0
4404.5			1.0
4405.4			1.0
4406.3			1.0
4407.2			1.0
4408.1			1.0
4409.0			1.0
4409.9			1.0
4410.8			1.041427414498169
4411.7			1.0634593934443857
4412.6			1.0757260893394451
4413.5			1.0426219415750397
4414.4			0.9592919469774139
4415.3			0.8993650479165218
4416.2			0.9011822274594952
4417.1			0.9213009167867859
4418.0			0.9390072290831153
4418.9			0.973720780832766
4419.8			1.000711326289412
4420.7			1.0
4421.6			1.0
4422.5			1.0
4423.4			1.0
4424.3			1.0
4425.2			1.0
4426.1			1.0
4427.0			1.0
4427.9			1.0
4428.8			1.0
4429.7			1.0
4430.6			0.9794875660232188
4431.5			0.995064559986828
4432.4			0.9980503132774154
4433.3			0.9547788869772759
4434.2			0.8911749186854627
4435.1			0.8560551099305127
4436.0			0.8851470288241502
4436.9			0.9569800872194568
4437.8			1.0120049867860714
4438.7			1.0228083208143373
4439.6			0.9953381858067938
4440.5			1.0
4441.4			1.0
4442.3			1.0
4443.2			1.0
4444.1			1.0
4445.0			1.0
4445.9			1.0
4446.8			1.0
4447.7			1.0
4448.6			1.0
4449.5			1.0
4450.4			1.0
4451.3			1.0
4452.2			1.0
4453.1			1.0
4454.0			1.0
4454.9			1.0
4455.8			1.0
4456.7			1.0
4457.6			1.0
4458.5			1.0
4459.4			1.0
4460.3			1.0
4461.2			1.0
4462.1			1.0
4463.0			1.0
4463.9			1.0
4464.8			1.0
4465.7			1.0
4466.6			1.0
4467.5			1.0
4468.4			1.0
4469.3			1.0
4470.2			1.0
4471.1			1.0
4472.0			1.0
4472.9			1.0
4473.8			1.0
4474.7			1.0
4475.6			1.0
4476.5			1.0
4477.4			1.0
4478.3			1.0000984486546227
4479.2			0.9760969012623832
4480.1			0.9400341458592055
4481.0			0.9054203160827338
4481.9			0.885905237359949
4482.8			0.9103464274137539
4483.7			0.9598372037095736
4484.6			0.9885904694442434
4485.5			1.00049618817813
4486.4			1.0
4487.3			1.0
4488.2			1.0
4489.1			1.0
4490.0			1.0
4490.9			1.0
4491.8			1.0
4492.7			1.0
4493.6			1.0
4494.5			1.0
4495.4			1.0
4496.3			1.0
4497.2			1.0
4498.1			1.0
4499.0			1.0
4499.9			1.0
4500.8			1.0
4501.7			1.0
4502.6			1.0
4503.5			1.0
4504.4			1.0
4505.3			1.0
4506.2			1.0
4507.1			1.0
4508.0			1.0
4508.9			1.0
4509.8			1.0
4510.7			1.0
4511.6			1.0
4512.5			1.0
4513.4			1.0
4514.3			1.0
4515.2			1.0
4516.1			1.0
4517.0			1.0
4517.9			1.0
4518.8			1.0
4519.7			1.0300201678457135
4520.6			1.0479626338342514
4521.5			1.0388853191063934
4522.4			1.0075684364302198
4523.3			0.9939543611568615
4524.2			1.0047292690778449
4525.1			1.004955126892635
4526.0			0.9878998988293873
4526.9			0.9625575522122571
4527.8			0.9354959087182801
4528.7			0.9278920209849354
4529.6			0.9442780350849431
4530.5			0.9611542186251182
4531.4			0.9858181449470264
4532.3			1.0036744784442804
4533.2			0.9711458178536877
4534.1			0.9196296010642822
4535.0			1.0
4535.9			1.034737258194355
4536.8			1.111828512708227
4537.7			1.1749803823779168
4538.6			1.1890145124348603
4539.5			1.1657652483255976
4540.4			1.1357228817668563
4541.3			1.1261911038517605
4542.2			1.1337110627438352
4543.1			1.1231336514429517
4544.0			1.084794894652116
4544.9			1.052145417990553
4545.8			1.0505173206337521
4546.7			1.0674165177690387
4547.6			1.0628161533886247
4548.5			1.0138901669323164
4549.4			0.9745640570001279
4550.3			0.998738474172907
4551.2			1.0413943634807001
4552.1			1.0446992996649949
4553.0			1.0182427945610004
4553.9			0.9914108831566834
4554.8			0.9798798046092861
4555.7			0.9876834318399715
4556.6			1.0120033205447787
4557.5			1.042084212173232
4558.4			1.063991872612067
4559.3			1.0704684974207899
4560.2			1.065455952963296
4561.1			1.0574504329903744
4562.0			1.0367070167580488
4562.9			1.0004900928833182
4563.8			1.0
4564.7			1.0
4565.6			1.0
4566.5			1.0
4567.4			1.0
4568.3			1.0
4569.2			1.0
4570.1			1.0
4571.0			1.0
4571.9			1.0
4572.8			1.0
4573.7			1.0
4574.6			1.0
4575.5			1.0
4576.4			1.0
4577.3			1.0
4578.2			1.0
4579.1			1.0
4580.0			1.0
4580.9			1.0
4581.8			1.0
4582.7			1.0
4583.6			1.0
4584.5			1.0
4585.4			1.0
4586.3			1.0
4587.2			1.0
4588.1			1.0
4589.0			1.0
4589.9			1.0
4590.8			1.0
4591.7			1.0
4592.6			1.0
4593.5			1.0
4594.4			1.0
4595.3			1.0
4596.2			1.0
4597.1			1.0
4598.0			1.0
4598.9			1.0
4599.8			1.0
4600.7			1.0
4601.6			1.0
4602.5			1.0
4603.4			1.0
4604.3			1.0
4605.2			1.0
4606.1			1.0
4607.0			1.0
4607.9			1.0
4608.8			1.0
4609.7			1.0
4610.6			1.0
4611.5			1.0
4612.4			1.0
4613.3			1.0
4614.2			1.0
4615.1			1.0
4616.0			1.0
4616.9			1.0
4617.8			1.0
4618.7			1.0
4619.6			1.0
4620.5			1.0
4621.4			1.0
4622.3			1.0
4623.2			1.0
4624.1			1.0
4625.0			1.0
4625.9			1.0
4626.8			1.0
4627.7			1.0
4628.6			1.0
4629.5			1.0
4630.4			1.0
4631.3			1.0
4632.2			1.0
4633.1			1.0
4634.0			1.0
4634.9			1.0
4635.8			1.0
4636.7			1.0
4637.6			1.0
4638.5			1.0
4639.4			1.0
4640.3			1.0
4641.2			1.0
4642.1			1.0
4643.0			1.0
4643.9			1.0
4644.8			1.0
4645.7			1.0
4646.6			1.0
4647.5			1.0
4648.4			1.0
4649.3			1.0
4650.2			1.0
4651.1			1.0
4652.0			1.0
4652.9			1.0
4653.8			1.0
4654.7			1.0
4655.6			1.0
4656.5			1.0
4657.4			1.0
4658.3			1.0
4659.2			1.0
4660.1			1.0
4661.0			1.0
4661.9			0.9795067922817671
4662.8			0.9625129639338647
4663.7			0.9653083151315776
4664.6			0.9789649075106474
4665.5			0.9680739230440282
4666.4			0.9186626287040628
4667.3			0.8706507770760236
4668.2			0.8737625844098603
4669.1			0.9148027600786814
4670.0			0.9513696088608923
4670.9			0.9791895556417346
4671.8			1.0006447726641092
4672.7			0.998912855102234
4673.6			1.0
4674.5			1.0
4675.4			1.0
4676.3			1.0
4677.2			1.0
4678.1			1.0
4679.0			1.0
4679.9			1.0
4680.8			1.0
4681.7			1.0
4682.6			1.0
4683.5			1.0
4684.4			1.0
4685.3			1.0
4686.2			1.0
4687.1			1.0
4688.0			1.0
4688.9			1.0
4689.8			1.0
4690.7			1.0
4691.6			1.0
4692.5			1.0
4693.4			1.0
4694.3			1.0
4695.2			1.0171247049479375
4696.1			1.0221405712754352
4697.0			1.0064920887415507
4697.9			0.9794041802936728
4698.8			0.9608937714780714
4699.7			0.967695623938221
4700.6			0.9849344262795744
4701.5			0.9788675650598988
4702.4			0.9477217192092516
4703.3			0.9282628046382335
4704.2			0.9420976486904388
4705.1			0.9689462538553861
4706.0			0.9747406733015386
4706.9			0.9511733387131582
4707.8			0.925114191527346
4708.7			0.917523052916871
4709.6			0.9320184825875586
4710.5			0.96300229850584
4711.4			0.9914552893674039
4712.3			1.0052163739498285
4713.2			0.9971438884131628
4714.1			0.976227400427935
4715.0			0.9722845753695856
4715.9			0.9926699973010142
4716.8			1.012369504933287
4717.7			1.0175165491251699
4718.6			1.0170856352496171
4719.5			1.0193745245213968
4720.4			1.0202524334854208
4721.3			1.0130049786021844
4722.2			0.9998909143714356
4723.1			1.0
4724.0			1.0
4724.9			1.0
4725.8			1.0
4726.7			1.0
4727.6			1.0
4728.5			1.0
4729.4			1.0
4730.3			1.0
4731.2			1.0
4732.1			1.0
4733.0			1.0
4733.9			1.0
4734.8			1.0
4735.7			1.0
4736.6			1.0
4737.5			1.0
4738.4			1.0
4739.3			1.0
4740.2			1.0
4741.1			1.0
4742.0			1.0
4742.9			1.0
4743.8			1.0
4744.7			1.0
4745.6			1.0
4746.5			1.0
4747.4			1.0
4748.3			1.0
4749.2			1.0
4750.1			1.0
4751.0			1.0
4751.9			1.0
4752.8			1.0
4753.7			1.0
4754.6			1.0
4755.5			1.0
4756.4			1.0
4757.3			1.0
4758.2			1.0
4759.1			1.0
4760.0			1.0
4760.9			1.0
4761.8			1.0
4762.7			1.0
4763.6			1.0
4764.5			1.0
4765.4			1.0
4766.3			1.0
4767.2			1.0
4768.1			1.0
4769.0			1.0
4769.9			1.0
4770.8			1.0
4771.7			1.0
4772.6			1.0
4773.5			1.0
4774.4			1.0
4775.3			1.0
4776.2			1.0
4777.1			1.0
4778.0			1.0
4778.9			1.0
4779.8			1.0
4780.7			1.0
4781.6			1.0
4782.5			1.0
4783.4			1.0
4784.3			1.0
4785.2			1.0
4786.1			1.0
4787.0			1.0
4787.9			1.0
4788.8			1.0
4789.7			1.0
4790.6			1.0
4791.5			1.0
4792.4			1.0
4793.3			1.0
4794.2			1.0
4795.1			1.0
4796.0			1.0
4796.9			1.0
4797.8			1.0
4798.7			1.0
4799.6			1.0
4800.5			1.0
4801.4			1.0
4802.3			1.0
4803.2			1.0
4804.1			1.0
4805.0			1.0
4805.9			1.0
4806.8			1.0
4807.7			1.0
4808.6			1.0
4809.5			1.0
4810.4			1.0
4811.3			1.0
4812.2			1.0
4813.1			1.0
4814.0			1.0
4814.9			1.0
4815.8			1.0
4816.7			1.0
4817.6			1.0
4818.5			1.0
4819.4			1.0
4820.3			1.0
4821.2			1.0
4822.1			1.0
4823.0			1.0
4823.9			1.0
4824.8			1.0
4825.7			1.0
4826.6			1.0
4827.5			1.0
4828.4			1.0
4829.3			1.0
4830.2			1.0
4831.1			1.0
4832.0			1.0
4832.9			1.0
4833.8			1.0
4834.7			1.0
4835.6			1.0
4836.5			1.0
4837.4			1.0
4838.3			1.0
4839.2			1.0
4840.1			1.0
4841.0			1.0
4841.9			1.0
4842.8			1.0
4843.7			1.0
4844.6			1.0
4845.5			1.0
4846.4			1.0
4847.3			1.0
4848.2			1.0
4849.1			1.0
4850.0			1.0
4850.9			1.0
4851.8			1.0
4852.7			1.0
4853.6			1.0
4854.5			1.0
4855.4			1.0
4856.3			1.0
4857.2			1.0320444590524958
4858.1			1.038558405555528
4859.0			0.9846739795615832
4859.9			0.8569862029027235
4860.8			0.7199716950849876
4861.7			0.7168376451379784
4862.6			0.8445996747681911
4863.5			0.9503917352618075
4864.4			0.9830272482860298
4865.3			0.9909407255379663
4866.2			0.9987691172445048
4867.1			1.0
4868.0			1.0
4868.9			1.0
4869.8			1.0
4870.7			1.0
4871.6			1.0
4872.5			1.0
4873.4			1.0
4874.3			1.0
4875.2			1.0
4876.1			1.0
4877.0			1.0
4877.9			1.0
4878.8			1.0
4879.7			1.0
4880.6			1.0
4881.5			1.0
4882.4			1.0
4883.3			1.0
4884.2			1.0
4885.1			1.0
4886.0			1.0
4886.9			1.0
4887.8			1.0
4888.7			1.0
4889.6			1.0
4890.5			1.0
4891.4			1.0
4892.3			1.0
4893.2			1.0
4894.1			1.0
4895.0			1.0
4895.9			1.0
4896.8			1.0
4897.7			1.0
4898.6			1.0
4899.5			1.0
4900.4			1.0
4901.3			1.0
4902.2			1.0
4903.1			1.0
4904.0			1.0
4904.9			1.0
4905.8			1.0
4906.7			1.0
4907.6			1.0
4908.5			1.0
4909.4			1.0
4910.3			1.0
4911.2			1.0
4912.1			1.0220531603048428
4913.0			1.030039597658284
4913.9			1.0334957017274846
4914.8			1.0487843734684714
4915.7			1.057255602133795
4916.6			1.0447323966676862
4917.5			1.0092413890966552
4918.4			0.9608592524018094
4919.3			0.9181280200179261
4920.2			0.8985734598609046
4921.1			0.917754377526989
4922.0			0.9538422985154433
4922.9			0.9635980478007362
4923.8			0.9491229439774748
4924.7			0.9490834595361679
4925.6			0.9766534577319298
4926.5			0.9991504950823391
4927.4			0.9990008576821668
4928.3			0.9975722291665401
4929.2			1.0
4930.1			1.0
4931.0			1.0
4931.9			1.0
4932.8			1.0
4933.7			1.0
4934.6			1.0
4935.5			1.0315060197660586
4936.4			1.0350572257075714
4937.3			0.9975224461340073
4938.2			0.9482016981103591
4939.1			0.9276603649961772
4940.0			0.9545653103909716
4940.9			0.9922411169320603
4941.8			1.00541082012537
4942.7			1.0070403985670124
4943.6			1.0
4944.5			1.0
4945.4			1.0
4946.3			1.0
4947.2			1.0
4948.1			1.0
4949.0			1.0
4949.9			1.0
4950.8			1.0
4951.7			1.0
4952.6			1.0
4953.5			1.0
4954.4			1.0
4955.3			0.9924127224824564
4956.2			0.9427667761583153
4957.1			0.8828665970741788
4958.0			0.8806663699242565
4958.9			0.9392636860028915
4959.8			0.9901761151959378
4960.7			1.0001963864247405
4961.6			1.0
4962.5			1.0
4963.4			1.0
4964.3			1.0
4965.2			1.0
4966.1			1.0
4967.0			1.0
4967.9			1.0
4968.8			1.0
4969.7			1.0
4970.6			1.0
4971.5			1.0
4972.4			1.0
4973.3			1.0
4974.2			1.0
4975.1			1.0
4976.0			1.0
4976.9			1.0
4977.8			1.0077643085415382
4978.7			0.9966909446995941
4979.6			0.978841426706385
4980.5			0.9604502053799329
4981.4			0.9294193658079777
4982.3			0.8999783626162585
4983.2			0.8961428945132364
4984.1			0.9085683046971791
4985.0			0.9244652764886088
4985.9			0.9517525346455386
4986.8			0.9844955679716754
4987.7			1.0013929506785983
4988.6			0.9991059045274251
4989.5			1.0
4990.4			1.0
4991.3			1.0
4992.2			1.0
4993.1			1.0
4994.0			0.997883624329226
4994.9			1.0147214812932817
4995.8			1.0246409830125793
4996.7			1.0188411205062413
4997.6			1.0119647364051652
4998.5			0.9981976711769158
4999.4			0.9790327996461333
5000.3			0.9701490047323243
5001.2			0.9723094888009721
5002.1			0.9766933521942991
5003.0			0.9843867983445276
5003.9			0.9886272379470554
5004.8			0.9649060505393717
5005.7			0.9229922732473692
5006.6			0.9162130378031412
5007.5			0.9588745569449632
5008.4			1.0020161507155383
5009.3			1.008174845912616
5010.2			0.9910376125012134
5011.1			0.9631103435913169
5012.0			0.9305821071708212
5012.9			0.9014172053258779
5013.8			0.8869602441339208
5014.7			0.904740904008456
5015.6			0.9400207239719777
5016.5			0.9559396345716273
5017.4			0.9405781603959879
5018.3			0.9261242239541572
5019.2			0.9331937188573726
5020.1			0.95500219113503
5021.0			0.9638440509226409
5021.9			0.9509949414744986
5022.8			0.9456135891893765
5023.7			0.9542768181918354
5024.6			0.9555983032873187
5025.5			0.9548787336587518
5026.4			0.9521552404634024
5027.3			0.9432910226095635
5028.2			0.9473761523437553
5029.1			0.960054478942763
5030.0			0.9627626708076803
5030.9			0.9630120063922196
5031.8			1.0
5032.7			1.022059502656402
5033.6			1.0321518321607293
5034.5			1.0063256231945807
5035.4			0.9566181952658135
5036.3			0.9388424335202723
5037.2			0.960644535629302
5038.1			0.967921750287272
5039.0			0.9455298443558499
5039.9			0.900687295053667
5040.8			0.8578551590380992
5041.7			0.8758444229686679
5042.6			0.9461984328958859
5043.5			1.0006862613247949
5044.4			1.029066581568712
5045.3			1.0510346174812564
5046.2			1.061253263254628
5047.1			1.0518009781636317
5048.0			1.0245813371721404
5048.9			0.9983867585664704
5049.8			1.0
5050.7			1.0
5051.6			1.0
5052.5			1.0
5053.4			1.0
5054.3			1.0
5055.2			1.0
5056.1			1.0
5057.0			1.0
5057.9			1.0
5058.8			1.0
5059.7			1.0
5060.6			1.0
5061.5			1.0
5062.4			1.0
5063.3			1.0
5064.2			1.0
5065.1			1.0
5066.0			1.0
5066.9			1.0
5067.8			1.0
5068.7			1.0
5069.6			1.0
5070.5			1.0
5071.4			1.0
5072.3			1.0
5073.2			1.0059761109958874
5074.1			1.0111253823674071
5075.0			1.0068581628940663
5075.9			1.0049398036274466
5076.8			1.0117918717667749
5077.7			1.0017966693345612
5078.6			0.9470412860738919
5079.5			0.8911485987331078
5080.4			0.8932225685762895
5081.3			0.9354582974066612
5082.2			0.9545338567374947
5083.1			0.9479219393074502
5084.0			0.9601613981537793
5084.9			0.989501090371009
5085.8			0.999952589110693
5086.7			1.0
5087.6			1.0
5088.5			1.0
5089.4			1.0
5090.3			1.0
5091.2			1.0
5092.1			1.0
5093.0			1.0
5093.9			1.008027735489183
5094.8			1.0080937953502782
5095.7			0.9963257011619923
5096.6			0.9756411019768945
5097.5			0.9466040500700459
5098.4			0.916613430388833
5099.3			0.9197571477405667
5100.2			0.9614920093324271
5101.1			0.9973964893316131
5102.0			1.0056918886841242
5102.9			1.0011207260147112
5103.8			1.0
5104.7			1.0
5105.6			1.0
5106.5			1.0
5107.4			1.0
5108.3			1.0
5109.2			1.0
5110.1			1.0
5111.0			1.0
5111.9			1.0
5112.8			1.0
5113.7			1.0
5114.6			1.0
5115.5			1.0
5116.4			1.0
5117.3			1.0
5118.2			1.0
5119.1			1.0
5120.0			1.0
5120.9			1.0
5121.8			1.0
5122.7			1.0
5123.6			0.9799344938761121
5124.5			0.98397427057198
5125.4			0.9951647516415165
5126.3			0.9954555890171681
5127.2			0.9898451020002683
5128.1			0.9879820336651921
5129.0			0.9885853801125559
5129.9			0.9936367594960459
5130.8			1.0010533779600772
5131.7			1.0042871639471138
5132.6			1.0031246163806642
5133.5			1.0068762531774236
5134.4			1.0238259628328197
5135.3			1.0341140894285732
5136.2			1.0130216813709811
5137.1			0.9820664571520654
5138.0			0.9630270592937491
5138.9			0.9457828278915106
5139.8			0.9560634528931485
5140.7			0.9832047066406624
5141.6			0.9660398659504662
5142.5			0.9363484289959326
5143.4			0.9523505221673683
5144.3			0.9865633141566618
5145.2			0.9947716818484365
5146.1			0.9832116236188175
5147.0			0.9683754824395979
5147.9			0.9680477538914234
5148.8			0.991174738710233
5149.7			0.9977168135564628
5150.6			0.9700922726339509
5151.5			0.948147336628729
5152.4			0.9530190396902652
5153.3			0.9620382594208967
5154.2			0.967844038449154
5155.1			0.9803803193767893
5156.0			1.000269057107451
5156.9			1.0180794482504743
5157.8			1.0234695367917388
5158.7			1.0192131639764799
5159.6			1.0181600103349249
5160.5			1.014463900170345
5161.4			1.000971460639397
5162.3			1.0
5163.2			1.0
5164.1			1.0012407156468306
5165.0			0.9650382610500048
5165.9			0.8917375126710118
5166.8			0.8091146870420104
5167.7			0.7820365185584844
5168.6			0.8327802681178686
5169.5			0.9221399813874485
5170.4			0.9651043925200993
5171.3			0.9021060418344795
5172.2			0.8003467859489047
5173.1			0.801590380487411
5174.0			0.9144301056195865
5174.9			1.0205452841486644
5175.8			1.06501434597175
5176.7			1.0822012406649422
5177.6			1.0955755656961963
5178.5			1.0996123446077297
5179.4			1.0
5180.3			1.00025036310938
5181.2			0.9846233084882408
5182.1			0.9088288851195008
5183.0			0.7864393964940867
5183.9			0.7457293124733629
5184.8			0.8398741655221861
5185.7			0.9550435122774729
5186.6			1.0064078992354846
5187.5			1.0004510273908394
5188.4			1.0
5189.3			1.0
5190.2			1.0
5191.1			1.0
5192.0			1.0
5192.9			1.0
5193.8			1.0
5194.7			1.0
5195.6			1.0
5196.5			1.0
5197.4			1.0
5198.3			1.0
5199.2			1.0
5200.1			1.0
5201.0			1.0
5201.9			1.0
5202.8			1.0
5203.7			1.0
5204.6			1.0
5205.5			1.0
5206.4			1.0
5207.3			1.0
5208.2			1.0
5209.1			1.0
5210.0			1.0
5210.9			1.0
5211.8			1.0
5212.7			1.0
5213.6			1.0
5214.5			1.0
5215.4			1.0
5216.3			1.0
5217.2			1.0
5218.1			1.0
5219.0			1.0
5219.9			1.0
5220.8			1.0
5221.7			1.0
5222.6			0.9963577473435604
5223.5			0.9837606495862626
5224.4			0.9603101025011469
5225.3			0.9158971730943606
5226.2			0.8584139398108036
5227.1			0.8476409725380414
5228.0			0.9044576491201467
5228.9			0.9630551164169654
5229.8			0.9873807437724651
5230.7			1.000113998446845
5231.6			1.001704605772054
5232.5			1.0
5233.4			1.0
5234.3			1.0
5235.2			1.0
5236.1			1.0
5237.0			1.0
5237.9			1.0
5238.8			1.0
5239.7			1.0
5240.6			1.0
5241.5			1.0
5242.4			1.0
5243.3			1.0
5244.2			1.0
5245.1			1.0
5246.0			1.0
5246.9			1.0
5247.8			1.0
5248.7			1.0
5249.6			1.0
5250.5			1.0
5251.4			1.0
5252.3			1.0
5253.2			1.0
5254.1			1.0
5255.0			0.9979815288748697
5255.9			1.0148223762423423
5256.8			1.0365710130465526
5257.7			1.0498071177291384
5258.6			1.0539078592687445
5259.5			1.0480482380710576
5260.4			1.0224870918150257
5261.3			0.9795209891880823
5262.2			0.9402951654844913
5263.1			0.9190534127062903
5264.0			0.9049410332366247
5264.9			0.8887134436996025
5265.8			0.8840300918354383
5266.7			0.9158609932351506
5267.6			0.952782525732178
5268.5			0.9254706430508626
5269.4			0.8550102965489094
5270.3			0.8453253456172319
5271.2			0.9147833170969617
5272.1			0.9690394199239882
5273.0			0.9725863136066775
5273.9			0.9657042199774161
5274.8			0.9590514868963441
5275.7			0.9550249136506884
5276.6			0.9755695794936422
5277.5			1.0086915610948315
5278.4			1.0246019997754692
5279.3			1.0156025690703745
5280.2			0.9944296699981076
5281.1			0.9732395622588136
5282.0			0.955936910795348
5282.9			0.9389099766969844
5283.8			0.9363231197669464
5284.7			0.9637459364657549
5285.6			0.9991893676832908
5286.5			1.0
5287.4			1.0
5288.3			1.0
5289.2			1.0
5290.1			1.0
5291.0			1.0056038519225625
5291.9			0.9992584696937931
5292.8			0.9903876744973156
5293.7			0.9900136117030941
5294.6			0.9898786812872717
5295.5			0.9743670015537884
5296.4			0.9398505512343883
5297.3			0.9050983241204702
5298.2			0.9016829636676652
5299.1			0.933426585165381
5300.0			0.9610732224668082
5300.9			0.9593721172793205
5301.8			0.947339750045568
5302.7			0.9531471851866519
5303.6			0.9772776684645424
5304.5			0.997709597291881
5305.4			0.9998933437352726
5306.3			1.0
5307.2			1.0
5308.1			1.0
5309.0			1.0
5309.9			1.0
5310.8			1.0
5311.7			1.0
5312.6			1.0
5313.5			1.0
5314.4			1.0
5315.3			1.0
5316.2			1.0
5317.1			1.0
5318.0			1.0
5318.9			1.0
5319.8			1.0
5320.7			1.0
5321.6			1.0
5322.5			1.0
5323.4			1.0
5324.3			1.0
5325.2			1.0133378085713851
5326.1			1.019531249686774
5327.0			0.9631699060458234
5327.9			0.8824534151117422
5328.8			0.8783694767527338
5329.7			0.9486083074759892
5330.6			1.0069218117102432
5331.5			1.0175312292040675
5332.4			1.0019497374094792
5333.3			1.0
5334.2			1.0
5335.1			1.0
5336.0			1.0
5336.9			1.0
5337.8			1.0
5338.7			1.0
5339.6			1.0
5340.5			1.0
5341.4			1.0
5342.3			1.0
5343.2			1.0
5344.1			1.0
5345.0			1.0
5345.9			1.0
5346.8			1.0
5347.7			1.0
5348.6			1.0
5349.5			1.0
5350.4			1.0
5351.3			1.0
5352.2			1.0
5353.1			1.0
5354.0			1.0
5354.9			1.0
5355.8			1.0
5356.7			1.0
5357.6			1.0
5358.5			1.0
5359.4			1.0
5360.3			1.0039991527049095
5361.2			0.9952387273457586
5362.1			0.9764068667919111
5363.0			0.9677213654781528
5363.9			0.9626255754362186
5364.8			0.9566563611572905
5365.7			0.9624510987312084
5366.6			0.9720953243144631
5367.5			0.9756971201957972
5368.4			0.9747539898154671
5369.3			0.9577460159810076
5370.2			0.9262386517666447
5371.1			0.91102466381161
5372.0			0.935708542107322
5372.9			0.9782922824953003
5373.8			1.0058067158664805
5374.7			1.0206932373605817
5375.6			1.0272404512645448
5376.5			1.0266263508543152
5377.4			1.0258238852102037
5378.3			1.0275432879506643
5379.2			1.0214521140533104
5380.1			1.006869769068236
5381.0			0.9993308872030275
5381.9			1.000704927903273
5382.8			1.0
5383.7			1.0
5384.6			1.0
5385.5			1.0
5386.4			1.0
5387.3			1.0
5388.2			1.0
5389.1			1.0
5390.0			1.0
5390.9			1.0
5391.8			1.0
5392.7			1.0
5393.6			1.0
5394.5			1.0
5395.4			1.0
5396.3			0.9690991463377066
5397.2			0.9487919229361611
5398.1			0.9707840368942023
5399.0			1.0063567162336526
5399.9			1.0142251691883455
5400.8			1.012919760880279
5401.7			1.0203461373726368
5402.6			1.0137024141749535
5403.5			0.9832971534518511
5404.4			0.9505295322134761
5405.3			0.9312891860698191
5406.2			0.9440996579193355
5407.1			0.98389746627355
5408.0			1.0036699376739942
5408.9			0.9834643466166313
5409.8			0.9565219451176815
5410.7			0.9591515664771021
5411.6			0.9900373617710172
5412.5			1.0173017521301013
5413.4			1.0173395136352907
5414.3			1.0000874874694643
5415.2			1.0
5416.1			1.0
5417.0			1.0
5417.9			1.0
5418.8			1.0
5419.7			1.0
5420.6			1.0
5421.5			1.0
5422.4			1.0
5423.3			1.0
5424.2			1.0
5425.1			1.0
5426.0			1.0
5426.9			1.0
5427.8			1.0
5428.7			1.0
5429.6			1.0
5430.5			1.0
5431.4			1.0
5432.3			1.0
5433.2			1.0
5434.1			1.0
5435.0			1.0
5435.9			1.0
5436.8			1.0
5437.7			1.0
5438.6			1.0
5439.5			1.0
5440.4			1.0
5441.3			1.0
5442.2			1.0
5443.1			0.997768583203956
5444.0			0.985665187048667
5444.9			0.9592474239784111
5445.8			0.9198874207308678
5446.7			0.9008896069954555
5447.6			0.9277120635435513
5448.5			0.9707797557111435
5449.4			0.9947592702410688
5450.3			0.9997798506363806
5451.2			1.0
5452.1			1.0
5453.0			0.9947756752110405
5453.9			0.972618638963947
5454.8			0.9263148469119781
5455.7			0.9053636507176205
5456.6			0.9382757179883535
5457.5			0.9817830339371102
5458.4			1.0009739428454092
5459.3			1.0
5460.2			1.0
5461.1			1.0
5462.0			1.0
5462.9			1.0
5463.8			1.0
5464.7			1.0
5465.6			1.0
5466.5			1.0
5467.4			1.0
5468.3			1.0
5469.2			1.0
5470.1			1.0
5471.0			1.0058297815197257
5471.9			1.0075304334859014
5472.8			0.9980243091169939
5473.7			0.9907470467428294
5474.6			0.9899578587759752
5475.5			0.9674522611012206
5476.4			0.933992008470078
5477.3			0.9426397396000994
5478.2			0.9867957821926471
5479.1			1.0180175685885449
5480.0			1.014600382002061
5480.9			1.0010906574894194
5481.8			1.001313475918741
5482.7			1.0
5483.6			1.0
5484.5			1.0
5485.4			1.0
5486.3			1.0
5487.2			1.0
5488.1			1.0
5489.0			1.0
5489.9			1.0
5490.8			1.0
5491.7			1.0
5492.6			1.0
5493.5			1.0
5494.4			1.0
5495.3			1.0
5496.2			1.0
5497.1			1.0
5498.0			1.0
5498.9			1.0
5499.8			1.0
5500.7			1.0
5501.6			1.0
5502.5			1.0
5503.4			1.0
5504.3			1.0
5505.2			1.0
5506.1			1.0
5507.0			1.0
5507.9			1.0
5508.8			1.0
5509.7			1.0
5510.6			1.0
5511.5			1.0
5512.4			1.0
5513.3			1.0
5514.2			1.0
5515.1			1.0
5516.0			1.0
5516.9			1.0
5517.8			1.0
5518.7			1.0
5519.6			1.0
5520.5			1.0
5521.4			1.0
5522.3			1.0
5523.2			1.0
5524.1			1.0
5525.0			1.0
5525.9			1.0
5526.8			1.0
5527.7			1.0
5528.6			1.0
5529.5			1.0
5530.4			1.0
5531.3			1.0
5532.2			1.0
5533.1			1.0
5534.0			1.0
5534.9			1.0
5535.8			1.0
5536.7			1.0
5537.6			1.0
5538.5			1.0
5539.4			1.0
5540.3			1.0
5541.2			1.0
5542.1			1.0
5543.0			1.0
5543.9			1.0
5544.8			1.0
5545.7			1.0
5546.6			1.0
5547.5			1.0
5548.4			1.0
5549.3			1.0
5550.200000000001			1.0
5551.1			1.0
5552.0			1.0
5552.9			1.0
5553.8			1.0
5554.700000000001			1.0
5555.6			1.0
5556.5			1.0
5557.4			1.0
5558.3			1.0
5559.200000000001			1.0
5560.1			1.0
5561.0			1.0
5561.9			1.0
5562.8			1.0
5563.700000000001			1.0
5564.6			1.0
5565.5			1.0
5566.4			1.0
5567.3			1.0
5568.200000000001			1.0
5569.1			1.0
5570.0			1.0
5570.9			1.0
5571.8			1.0
5572.700000000001			1.0
5573.6			1.0
5574.5			1.0
5575.4			1.0
5576.3			1.0
5577.200000000001			1.0
5578.1			1.0
5579.0			1.0
5579.9			1.0
5580.8			1.0
5581.700000000001			1.0
5582.6			1.0
5583.5			1.0
5584.4			1.0
5585.3			1.0
5586.200000000001			1.0
5587.1			1.0
5588.0			1.0
5588.9			1.0
5589.8			1.0
5590.700000000001			1.0
5591.6			1.0
5592.5			1.0
5593.4			1.0
5594.3			1.0
5595.200000000001			1.0
5596.1			1.0
5597.0			1.0
5597.9			1.0
5598.8			1.0
5599.700000000001			1.0
5600.6			1.0
5601.5			1.0
5602.4			1.0
5603.3			1.0
5604.200000000001			1.0
5605.1			1.0
5606.0			1.0
5606.9			1.0
5607.8			1.0
5608.700000000001			1.0
5609.6			1.0
5610.5			1.0
5611.4			1.0
5612.3			1.0
5613.200000000001			1.0
5614.1			1.0
5615.0			1.0
5615.9			1.0
5616.8			1.0
5617.700000000001			1.0
5618.6			1.0
5619.5			1.0
5620.4			1.0
5621.3			1.0
5622.200000000001			1.0
5623.1			1.0
5624.0			1.0
5624.9			1.0
5625.8			1.0
5626.700000000001			1.0
5627.6			1.0
5628.5			1.0
5629.4			1.0
5630.3			1.0
5631.200000000001			1.0
5632.1			1.0
5633.0			1.0
5633.9			1.0
5634.8			1.0
5635.700000000001			1.0
5636.6			1.0
5637.5			1.0
5638.4			1.0
5639.3			1.0
5640.200000000001			1.0
5641.1			1.0
5642.0			1.0
5642.9			1.0
5643.8			1.0
5644.700000000001			1.0
5645.6			1.0
5646.5			1.0
5647.4			1.0
5648.3			1.0
5649.200000000001			1.0
5650.1			1.0
5651.0			1.0009182332853406
5651.9			1.006516569076046
5652.8			1.0167064599632507
5653.700000000001			1.014162730849881
5654.6			1.005391464604949
5655.5			1.0003429216603
5656.4			0.9963212932867074
5657.3			0.9683721877354273
5658.200000000001			0.9287014859410385
5659.1			0.9267560554481692
5660.0			0.9652500917510854
5660.9			0.9918628779203225
5661.8			0.9828574789627762
5662.700000000001			0.9691171208211845
5663.6			0.9772655186686803
5664.5			0.9977266370153637
5665.4			1.0113968362196513
5666.3			1.0085628830938944
5667.200000000001			1.0002405390370996
5668.1			1.0
5669.0			1.0
5669.9			1.0
5670.8			1.0
5671.700000000001			1.0
5672.6			1.0
5673.5			1.0
5674.4			1.0
5675.3			1.0
5676.200000000001			1.0
5677.1			1.0
5678.0			1.0
5678.9			1.0
5679.8			1.0
5680.700000000001			1.0
5681.6			1.0
5682.5			1.0
5683.4			1.0
5684.3			1.0
5685.200000000001			1.0
5686.1			1.0
5687.0			1.0
5687.9			1.0
5688.8			1.0
5689.700000000001			1.0
5690.6			1.0
5691.5			1.0
5692.4			1.0
5693.3			1.0
5694.200000000001			1.0
5695.1			1.0
5696.0			1.0
5696.9			1.0
5697.8			1.0
5698.700000000001			1.0
5699.6			1.0
5700.5			1.0
5701.4			1.0
5702.3			1.0
5703.200000000001			1.0
5704.1			1.0
5705.0			1.0
5705.9			1.0
5706.8			1.0
5707.700000000001			1.0
5708.6			1.0
5709.5			1.0
5710.4			1.0
5711.3			1.0
5712.200000000001			1.0
5713.1			1.0
5714.0			1.0
5714.9			1.0
5715.8			1.0
5716.700000000001			1.0
5717.6			1.0
5718.5			1.0
5719.4			1.0
5720.3			1.0
5721.200000000001			1.0
5722.1			1.0
5723.0			1.0
5723.9			1.0
5724.8			1.0
5725.700000000001			1.0
5726.6			1.0
5727.5			1.0
5728.4			1.0
5729.3			1.0
5730.200000000001			1.0
5731.1			1.0
5732.0			1.0
5732.9			1.0
5733.8			1.0
5734.700000000001			1.0
5735.6			1.0
5736.5			1.0
5737.4			1.0
5738.3			1.0
5739.200000000001			1.0
5740.1			1.0
5741.0			1.0
5741.9			1.0
5742.8			1.0
5743.700000000001			1.0
5744.6			1.0
5745.5			1.0
5746.4			1.0
5747.3			1.0
5748.200000000001			1.0
5749.1			1.0
5750.0			1.0
5750.9			1.0
5751.8			1.0
5752.700000000001			1.0
5753.6			1.0
5754.5			1.0
5755.4			1.0
5756.3			1.0
5757.200000000001			1.0
5758.1			1.0
5759.0			1.0
5759.9			1.0
5760.8			1.0
5761.700000000001			1.0
5762.6			1.0
5763.5			1.0
5764.4			1.0
5765.3			1.0
5766.200000000001			1.0
5767.1			1.0
5768.0			1.0
5768.9			1.0
5769.8			1.0
5770.700000000001			1.0
5771.6			1.0
5772.5			1.0
5773.4			1.0
5774.3			1.0
5775.200000000001			1.0
5776.1			1.0
5777.0			1.0
5777.9			1.0
5778.8			1.0
5779.700000000001			1.0
5780.6			1.0
5781.5			1.0
5782.4			1.0
5783.3			1.0
5784.200000000001			1.0
5785.1			1.0
5786.0			1.0
5786.9			1.0
5787.8			1.0
5788.700000000001			1.0
5789.6			1.0
5790.5			1.0
5791.4			1.0
5792.3			1.0
5793.200000000001			1.0
5794.1			1.0
5795.0			1.0
5795.9			1.0
5796.8			1.0
5797.700000000001			1.0
5798.6			1.0
5799.5			1.0
5800.4			1.0
5801.3			1.0
5802.200000000001			1.0
5803.1			1.0
5804.0			1.0
5804.9			1.0
5805.8			1.0
5806.700000000001			1.0
5807.6			1.0
5808.5			1.0
5809.4			1.0
5810.3			1.0
5811.200000000001			1.0
5812.1			1.0
5813.0			1.0
5813.9			1.0
5814.8			1.0
5815.700000000001			1.0
5816.6			1.0
5817.5			1.0
5818.4			1.0
5819.3			1.0
5820.200000000001			1.0
5821.1			1.0
5822.0			1.0
5822.9			1.0
5823.8			1.0
5824.700000000001			1.0
5825.6			1.0
5826.5			1.0
5827.4			1.0
5828.3			1.0
5829.200000000001			1.0
5830.1			1.0
5831.0			1.0
5831.9			1.0
5832.8			1.0
5833.700000000001			1.0
5834.6			1.0
5835.5			1.0
5836.4			1.0
5837.3			1.0
5838.200000000001			1.0
5839.1			1.0
5840.0			1.0
5840.9			1.0
5841.8			1.0
5842.700000000001			1.0
5843.6			1.0
5844.5			1.0
5845.4			1.0
5846.3			1.0
5847.200000000001			1.0
5848.1			1.0
5849.0			1.0
5849.9			1.0
5850.8			1.0
5851.700000000001			1.0
5852.6			1.0
5853.5			1.0
5854.4			1.0
5855.3			1.0
5856.200000000001			1.0
5857.1			1.0
5858.0			1.0
5858.9			1.0
5859.8			1.0
5860.700000000001			1.0
5861.6			1.0
5862.5			1.0
5863.4			1.0
5864.3			1.0
5865.200000000001			1.0
5866.1			1.0
5867.0			1.0
5867.9			1.0
5868.8			1.0
5869.700000000001			1.0
5870.6			1.0
5871.5			1.0
5872.4			1.0
5873.3			1.0
5874.200000000001			1.0
5875.1			1.0
5876.0			1.0
5876.9			1.0
5877.8			1.0
5878.700000000001			1.0
5879.6			1.0
5880.5			0.9928848988610682
5881.4			0.9888534682149217
5882.3			0.9910063199679447
5883.200000000001			0.9918805053140104
5884.1			0.9917483257883566
5885.0			0.9932491621746743
5885.9			0.9975489410640529
5886.8			1.007935413847423
5887.700000000001			1.010846059115319
5888.6			0.9710930923988818
5889.5			0.8789844146175185
5890.4			0.836767429768978
5891.3			0.8940043725028552
5892.200000000001			0.9565864477070415
5893.1			0.975604468447357
5894.0			0.9805663273464518
5894.9			0.9566317544031966
5895.8			0.9048138050751028
5896.700000000001			0.8992865434009879
5897.6			0.9519807630324676
5898.5			0.98869797800388
5899.4			0.9969043392354495
5900.3			1.0008752940749868
5901.200000000001			1.0
5902.1			1.0
5903.0			1.0
5903.9			1.0
5904.8			1.0
5905.700000000001			1.0
5906.6			1.0
5907.5			1.0
5908.4			1.0
5909.3			1.0
5910.200000000001			1.0
5911.1			1.0
5912.0			1.0
5912.9			1.0
5913.8			1.0
5914.700000000001			1.0
5915.6			1.0
5916.5			1.0
5917.4			1.0
5918.3			1.0
5919.200000000001			1.0
5920.1			1.0
5921.0			1.0
5921.9			1.0
5922.8			1.0
5923.700000000001			1.0
5924.6			1.0
5925.5			1.0
5926.4			1.0
5927.3			1.0
5928.200000000001			1.0
5929.1			1.0
5930.0			1.0
5930.9			1.0
5931.8			1.0
5932.700000000001			1.0
5933.6			1.0
5934.5			1.0
5935.4			1.0
5936.3			1.0
5937.200000000001			1.0
5938.1			1.0
5939.0			1.0
5939.9			1.0
5940.8			1.0
5941.700000000001			1.0
5942.6			1.0
5943.5			1.0
5944.4			1.0
5945.3			1.0
5946.200000000001			1.0
5947.1			1.0
5948.0			1.0
5948.9			1.0
5949.8			1.0
5950.700000000001			1.0
5951.6			1.0
5952.5			1.0
5953.4			1.0
5954.3			1.0
5955.200000000001			1.0
5956.1			1.0
5957.0			1.0
5957.9			1.0
5958.8			1.0
5959.700000000001			1.0
5960.6			1.0
5961.5			1.0
5962.4			1.0
5963.3			1.0
5964.200000000001			1.0
5965.1			1.0
5966.0			1.0
5966.9			1.0
5967.8			1.0
5968.700000000001			1.0
5969.6			1.0
5970.5			1.0
5971.4			1.0
5972.3			1.0
5973.200000000001			1.0
5974.1			1.0
5975.0			1.0
5975.9			1.0
5976.8			1.0
5977.700000000001			1.0
5978.6			1.0
5979.5			1.0
5980.4			1.0
5981.3			1.0
5982.200000000001			1.0
5983.1			1.0
5984.0			1.0
5984.9			1.0
5985.8			1.0
5986.700000000001			1.0
5987.6			1.0
5988.5			1.0
5989.4			1.0
5990.3			1.0
5991.200000000001			1.0
5992.1			1.0
5993.0			1.0
5993.9			1.0
5994.8			1.0
5995.700000000001			1.0
5996.6			1.0
5997.5			1.0
5998.4			1.0
5999.3			1.0
6000.200000000001			1.0
6001.1			1.0
6002.0			1.0
6002.9			1.0
6003.8			1.0
6004.700000000001			1.0
6005.6			1.0
6006.5			1.0
6007.4			1.0
6008.3			1.0
6009.200000000001			1.0
6010.1			1.0
6011.0			1.0
6011.9			1.0
6012.8			1.0
6013.700000000001			1.0
6014.6			1.0
6015.5			1.0
6016.4			1.0
6017.3			1.0
6018.200000000001			1.0
6019.1			1.0
6020.0			1.0
6020.9			1.0
6021.8			1.0
6022.700000000001			1.0
6023.6			1.0
6024.5			1.0
6025.4			1.0
6026.3			1.0
6027.200000000001			1.0
6028.1			1.0
6029.0			1.0
6029.9			1.0
6030.8			1.0
6031.700000000001			1.0
6032.6			1.0
6033.5			1.0
6034.4			1.0
6035.3			1.0
6036.200000000001			1.0
6037.1			1.0
6038.0			1.0
6038.9			1.0
6039.8			1.0
6040.700000000001			1.0
6041.6			1.0
6042.5			1.0
6043.4			1.0
6044.3			1.0
6045.200000000001			1.0
6046.1			1.0
6047.0			1.0
6047.9			1.0
6048.8			1.0
6049.700000000001			1.0
6050.6			1.0
6051.5			1.0
6052.4			1.0
6053.3			1.0
6054.200000000001			1.0
6055.1			1.0
6056.0			1.0
6056.9			1.0
6057.8			1.0
6058.700000000001			1.0
6059.6			1.0
6060.5			1.0
6061.4			1.0
6062.3			1.0
6063.200000000001			1.0
6064.1			1.0
6065.0			1.0
6065.9			1.0
6066.8			1.0
6067.700000000001			1.0
6068.6			1.0
6069.5			1.0
6070.4			1.0
6071.3			1.0
6072.200000000001			1.0
6073.1			1.0
6074.0			1.0
6074.9			1.0
6075.8			1.0
6076.700000000001			1.0
6077.6			1.0
6078.5			1.0
6079.4			1.0
6080.3			1.0
6081.200000000001			1.0
6082.1			1.0
6083.0			1.0
6083.9			1.0
6084.8			1.0
6085.700000000001			1.0
6086.6			1.0
6087.5			1.0
6088.4			1.0
6089.3			1.0
6090.200000000001			1.0
6091.1			1.0
6092.0			1.0
6092.9			1.0
6093.8			1.0
6094.700000000001			1.0
6095.6			1.0
6096.5			1.0
6097.4			1.0
6098.3			1.0
6099.200000000001			1.0
6100.1			1.0
6101.0			1.0
6101.9			1.0
6102.8			1.0
6103.700000000001			1.0
6104.6			1.0
6105.5			1.0
6106.4			1.0
6107.3			1.0
6108.200000000001			1.0
6109.1			1.0
6110.0			1.0
6110.9			1.0
6111.8			1.0
6112.700000000001			1.0
6113.6			1.0
6114.5			1.0
6115.4			1.0
6116.3			1.0
6117.200000000001			1.0
6118.1			1.0
6119.0			1.0
6119.9			1.0
6120.8			1.0
6121.700000000001			1.0
6122.6			1.0
6123.5			1.0
6124.4			1.0
6125.3			1.0
6126.200000000001			1.0
6127.1			1.0
6128.0			1.0
6128.9			1.0
6129.8			1.0
6130.700000000001			1.0
6131.6			1.0
6132.5			1.0
6133.4			0.9972255874063753
6134.3			0.9966120460923277
6135.200000000001			0.9853081820813935
6136.1			0.9438743751818188
6137.0			0.9032370125793971
6137.9			0.9190147523592562
6138.8			0.9731953476405059
6139.700000000001			1.007412040186963
6140.6			1.001387051950228
6141.5			1.0
6142.4			1.0
6143.3			1.0
6144.200000000001			1.0
6145.1			1.0
6146.0			1.0
6146.9			1.0
6147.8			1.0
6148.700000000001			1.0
6149.6			1.0
6150.5			1.0
6151.4			1.0
6152.3			1.0
6153.200000000001			1.0
6154.1			1.0
6155.0			1.0
6155.9			1.0
6156.8			1.0
6157.700000000001			1.0
6158.6			1.0
6159.5			1.0
6160.4			1.0
6161.3			1.0
6162.200000000001			1.0
6163.1			1.0
6164.0			1.0
6164.9			1.0
6165.8			1.0
6166.700000000001			1.0
6167.6			1.0
6168.5			1.0
6169.4			1.0
6170.3			1.0
6171.200000000001			1.0
6172.1			1.0
6173.0			1.0
6173.9			1.0
6174.8			1.0
6175.700000000001			1.0
6176.6			1.0
6177.5			1.0
6178.4			1.0
6179.3			1.0
6180.200000000001			1.0
6181.1			1.0
6182.0			1.0
6182.9			1.0
6183.8			1.0
6184.700000000001			1.0
6185.6			1.0
6186.5			1.0
6187.4			1.0
6188.3			1.0
6189.200000000001			1.0
6190.1			1.0
6191.0			1.0
6191.9			1.0
6192.8			1.0
6193.700000000001			1.0
6194.6			1.0
6195.5			1.0
6196.4			1.0
6197.3			1.0
6198.200000000001			1.0
6199.1			1.0
6200.0			1.0
6200.9			1.0
6201.8			1.0
6202.700000000001			1.0
6203.6			1.0
6204.5			1.0
6205.4			1.0
6206.3			1.0
6207.200000000001			1.0
6208.1			1.0
6209.0			1.0
6209.9			1.0
6210.8			1.0
6211.700000000001			1.0
6212.6			1.0
6213.5			1.0
6214.4			1.0
6215.3			1.0
6216.200000000001			1.0
6217.1			1.0
6218.0			1.0
6218.9			1.0
6219.8			1.0
6220.700000000001			1.0
6221.6			1.0
6222.5			1.0
6223.4			1.0
6224.3			1.0
6225.200000000001			1.0
6226.1			1.0
6227.0			1.0
6227.9			1.0
6228.8			1.0
6229.700000000001			1.0
6230.6			1.0
6231.5			1.0
6232.4			1.0
6233.3			1.0
6234.200000000001			1.0
6235.1			1.0
6236.0			1.0
6236.9			1.0
6237.8			1.0
6238.700000000001			1.0
6239.6			1.0
6240.5			1.0
6241.4			1.0
6242.3			1.0
6243.200000000001			1.0
6244.1			1.0
6245.0			1.0
6245.9			1.0
6246.8			1.0
6247.700000000001			1.0
6248.6			1.0
6249.5			1.0
6250.4			1.0
6251.3			1.0
6252.200000000001			1.0
6253.1			1.0
6254.0			1.0
6254.9			1.0
6255.8			1.0
6256.700000000001			1.0
6257.6			1.0
6258.5			1.0
6259.4			1.0
6260.3			1.0
6261.200000000001			1.0
6262.1			1.0
6263.0			1.0
6263.9			1.0
6264.8			1.0
6265.700000000001			1.0
6266.6			1.0
6267.5			1.0
6268.4			1.0
6269.3			1.0
6270.200000000001			1.0
6271.1			1.0
6272.0			1.0
6272.9			1.0
6273.8			1.0
6274.700000000001			1.0
6275.6			1.0
6276.5			1.0
6277.4			1.0
6278.3			1.0
6279.200000000001			1.0
6280.1			1.0
6281.0			1.0
6281.9			1.0
6282.8			1.0
6283.700000000001			1.0
6284.6			1.0
6285.5			1.0
6286.4			1.0
6287.3			1.0
6288.200000000001			1.0
6289.1			1.0
6290.0			1.0
6290.9			1.0
6291.8			1.0
6292.700000000001			1.0
6293.6			1.0
6294.5			1.0
6295.4			1.0
6296.3			1.0
6297.200000000001			1.0
6298.1			1.0
6299.0			1.0
6299.9			1.0
6300.8			1.0
6301.700000000001			1.0
6302.6			1.0
6303.5			1.0
6304.4			1.0
6305.3			1.0
6306.200000000001			1.0
6307.1			1.0
6308.0			1.0
6308.9			1.0
6309.8			1.0
6310.700000000001			1.0
6311.6			1.0
6312.5			1.0
6313.4			1.0
6314.3			1.0
6315.200000000001			1.0
6316.1			1.0
6317.0			1.0
6317.9			1.0
6318.8			1.0
6319.700000000001			1.0
6320.6			1.0
6321.5			1.0
6322.4			1.0
6323.3			1.0
6324.200000000001			1.0
6325.1			1.0
6326.0			1.0
6326.9			1.0
6327.8			1.0
6328.700000000001			1.0
6329.6			1.0
6330.5			1.0
6331.4			1.0
6332.3			1.0
6333.200000000001			1.0
6334.1			1.0
6335.0			1.0
6335.9			1.0
6336.8			1.0
6337.700000000001			1.0
6338.6			1.0
6339.5			1.0
6340.4			1.0
6341.3			1.0
6342.200000000001			1.0
6343.1			1.0
6344.0			1.0
6344.9			1.0
6345.8			1.0
6346.700000000001			1.0
6347.6			1.0
6348.5			1.0
6349.4			1.0
6350.3			1.0
6351.200000000001			1.0
6352.1			1.0
6353.0			1.0
6353.9			1.0
6354.8			1.0
6355.700000000001			1.0
6356.6			1.0
6357.5			1.0
6358.4			1.0
6359.3			1.0
6360.200000000001			1.0
6361.1			1.0
6362.0			1.0
6362.9			1.0
6363.8			1.0
6364.700000000001			1.0
6365.6			1.0
6366.5			1.0
6367.4			1.0
6368.3			1.0
6369.200000000001			1.0
6370.1			1.0
6371.0			1.0
6371.9			1.0
6372.8			1.0
6373.700000000001			1.0
6374.6			1.0
6375.5			1.0
6376.4			1.0
6377.3			1.0
6378.200000000001			1.0
6379.1			1.0
6380.0			1.0
6380.9			1.0
6381.8			1.0
6382.700000000001			1.0
6383.6			1.0
6384.5			1.0
6385.4			1.0
6386.3			1.0
6387.200000000001			1.0
6388.1			1.0
6389.0			1.0
6389.9			1.0
6390.8			1.0
6391.700000000001			1.0
6392.6			1.0
6393.5			1.0
6394.4			1.0
6395.3			1.0
6396.200000000001			1.0
6397.1			1.0
6398.0			1.0
6398.9			1.0
6399.8			1.0
6400.700000000001			1.0
6401.6			1.0
6402.5			1.0
6403.4			1.0
6404.3			1.0
6405.200000000001			1.0
6406.1			1.0
6407.0			1.0
6407.9			1.0
6408.8			1.0
6409.700000000001			1.0
6410.6			1.0
6411.5			1.0
6412.4			1.0
6413.3			1.0
6414.200000000001			1.0
6415.1			1.0
6416.0			1.0
6416.9			1.0
6417.8			1.0
6418.700000000001			1.0
6419.6			1.0
6420.5			1.0
6421.4			1.0
6422.3			1.0
6423.200000000001			1.0
6424.1			1.0
6425.0			1.0
6425.9			1.0
6426.8			1.0
6427.700000000001			1.0
6428.6			1.0
6429.5			1.0
6430.4			1.0
6431.3			1.0
6432.200000000001			1.0
6433.1			1.0
6434.0			1.0
6434.9			1.0
6435.8			1.0
6436.700000000001			1.0
6437.6			1.0
6438.5			1.0
6439.4			1.0
6440.3			1.0
6441.200000000001			1.0
6442.1			1.0
6443.0			1.0
6443.9			1.0
6444.8			1.0
6445.700000000001			1.0
6446.6			1.0
6447.5			1.0
6448.4			1.0
6449.3			1.0
6450.200000000001			1.0
6451.1			1.0
6452.0			1.0
6452.9			1.0
6453.8			1.0
6454.700000000001			1.0
6455.6			1.0
6456.5			1.0
6457.4			1.0
6458.3			1.0
6459.200000000001			0.9974563701110207
6460.1			0.9882783170467043
6461.0			0.9595790202340468
6461.9			0.9083307171574004
6462.8			0.89669836341306
6463.700000000001			0.9385041748977155
6464.6			0.9741991699143681
6465.5			0.9951982685833798
6466.4			1.0005083607098997
6467.3			1.0
6468.200000000001			1.0
6469.1			1.0
6470.0			1.0
6470.9			1.0
6471.8			1.0
6472.700000000001			1.0
6473.6			1.0
6474.5			1.0
6475.4			1.0
6476.3			1.0
6477.200000000001			1.0
6478.1			1.0
6479.0			1.0
6479.9			1.0
6480.8			1.0
6481.700000000001			1.0
6482.6			1.0
6483.5			1.0
6484.4			1.0
6485.3			1.0182781101614224
6486.200000000001			1.0315552459678663
6487.1			1.0300666963065834
6488.0			1.0211908401385505
6488.9			1.0241407271057186
6489.8			1.01653440338242
6490.700000000001			0.9973056463504105
6491.6			0.9828386655032039
6492.5			0.9803985561874984
6493.4			0.9476224690197209
6494.3			0.9187783554063883
6495.200000000001			0.9258089746171122
6496.1			0.9357012567190911
6497.0			0.9314383039612416
6497.9			0.955713293544841
6498.8			0.9631291475931792
6499.700000000001			0.9740122091677988
6500.6			0.9940842728045475
6501.5			1.0007768716258576
6502.4			0.9987380567335934
6503.3			0.9997505101951482
6504.200000000001			1.0
6505.1			1.0
6506.0			1.0
6506.9			1.0
6507.8			1.0
6508.700000000001			1.0
6509.6			1.0
6510.5			1.0
6511.4			1.0
6512.3			1.0
6513.200000000001			1.0
6514.1			1.0
6515.0			1.0
6515.9			1.0
6516.8			1.0
6517.700000000001			1.0
6518.6			1.0
6519.5			1.0
6520.4			1.0
6521.3			1.0
6522.200000000001			1.0
6523.1			1.0
6524.0			1.0
6524.9			1.0
6525.8			1.0
6526.700000000001			1.0
6527.6			1.0
6528.5			1.0
6529.4			1.0
6530.3			1.0
6531.200000000001			1.0
6532.1			1.0
6533.0			1.0
6533.9			1.0
6534.8			1.0
6535.700000000001			1.0
6536.6			1.0
6537.5			1.0
6538.4			1.0
6539.3			1.0
6540.200000000001			1.0
6541.1			1.0
6542.0			1.0
6542.9			1.0
6543.8			1.0
6544.700000000001			1.0
6545.6			1.0
6546.5			1.0
6547.4			1.0
6548.3			1.0
6549.200000000001			1.0
6550.1			1.0
6551.0			1.0
6551.9			1.0
6552.8			1.0
6553.700000000001			1.0
6554.6			1.0
6555.5			1.0
6556.4			1.0
6557.3			1.0
6558.200000000001			1.0
6559.1			0.9885915376886737
6560.0			0.9612229270915921
6560.9			0.859231622885505
6561.8			0.6532472828458683
6562.700000000001			0.5519613569363083
6563.6			0.704479739987928
6564.5			0.9005467153287423
6565.4			0.9772622207372959
6566.3			0.9997631206530623
6567.200000000001			1.0
6568.1			1.0
6569.0			1.0
6569.9			1.0
6570.8			1.0
6571.700000000001			1.0
6572.6			1.0
6573.5			1.0
6574.4			1.0
6575.3			1.0
6576.200000000001			1.0
6577.1			1.0
6578.0			1.0
6578.9			1.0
6579.8			1.0
6580.700000000001			1.0
6581.6			1.0
6582.5			1.0
6583.4			1.0
6584.3			1.0
6585.200000000001			1.0
6586.1			1.0
6587.0			1.0
6587.9			1.0
6588.8			1.0
6589.700000000001			1.0
6590.6			1.0
6591.5			1.0
6592.4			1.0
6593.3			1.0
6594.200000000001			1.0
6595.1			1.0
6596.0			1.0
6596.9			1.0
6597.8			1.0
6598.700000000001			1.0
6599.6			1.0
6600.5			1.0
6601.4			1.0
6602.3			1.0
6603.200000000001			1.0
6604.1			1.0
6605.0			1.0
6605.9			1.0
6606.8			1.0
6607.700000000001			1.0
6608.6			1.0
6609.5			1.0
6610.4			1.0
6611.3			1.0
6612.200000000001			1.0
6613.1			1.0
6614.0			1.0
6614.9			1.0
6615.8			1.0
6616.700000000001			1.0
6617.6			1.0
6618.5			1.0
6619.4			1.0
6620.3			1.0
6621.200000000001			1.0
6622.1			1.0
6623.0			1.0
6623.9			1.0
6624.8			1.0
6625.700000000001			1.0
6626.6			1.0
6627.5			1.0
6628.4			1.0
6629.3			1.0
6630.200000000001			1.0
6631.1			1.0
6632.0			1.0
6632.9			1.0
6633.8			1.0
6634.700000000001			1.0
6635.6			1.0
6636.5			1.0
6637.4			1.0
6638.3			1.0
6639.200000000001			1.0
6640.1			1.0
6641.0			1.0
6641.9			1.0
6642.8			1.0
6643.700000000001			1.0
6644.6			1.0
6645.5			1.0
6646.4			1.0
6647.3			1.0
6648.200000000001			1.0
6649.1			1.0
6650.0			1.0
6650.9			1.0
6651.8			1.0
6652.700000000001			1.0
6653.6			1.0
6654.5			1.0
6655.4			1.0
6656.3			1.0
6657.200000000001			1.0
6658.1			1.0
6659.0			1.0
6659.9			1.0
6660.8			1.0
6661.700000000001			1.0
6662.6			1.0
6663.5			1.0
6664.4			1.0
6665.3			1.0
6666.200000000001			1.0
6667.1			1.0
6668.0			1.0
6668.9			1.0
6669.8			1.0
6670.700000000001			1.0
6671.6			1.0
6672.5			1.0
6673.4			1.0
6674.3			1.0
6675.200000000001			1.0
6676.1			1.0
6677.0			1.0
6677.9			1.0
6678.8			1.0
6679.700000000001			1.0
6680.6			1.0
6681.5			1.0
6682.4			1.0
6683.3			1.0
6684.200000000001			1.0
6685.1			1.0
6686.0			1.0
6686.9			1.0
6687.8			1.0
6688.700000000001			1.0
6689.6			1.0
6690.5			1.0
6691.4			1.0
6692.3			1.0
6693.200000000001			1.0
6694.1			1.0
6695.0			1.0
6695.9			1.0
6696.8			1.0
6697.700000000001			1.0
6698.6			1.0
6699.5			1.0
6700.4			1.0
6701.3			1.0
6702.200000000001			1.0
6703.1			1.0
6704.0			1.0
6704.9			1.0
6705.8			1.0
6706.700000000001			1.0
6707.6			1.0
6708.5			1.0
6709.4			1.0
6710.3			1.0
6711.200000000001			1.0
6712.1			1.0
6713.0			1.0
6713.9			1.0
6714.8			1.0
6715.700000000001			1.0
6716.6			1.0
6717.5			1.0
6718.4			1.0
6719.3			1.0
6720.200000000001			1.0
6721.1			1.0
6722.0			1.0
6722.9			1.0
6723.8			1.0
6724.700000000001			1.0
6725.6			1.0
6726.5			1.0
6727.4			1.0
6728.3			1.0
6729.200000000001			1.0
6730.1			1.0
6731.0			1.0
6731.9			1.0
6732.8			1.0
6733.700000000001			1.0
6734.6			1.0
6735.5			1.0
6736.4			1.0
6737.3			1.0
6738.200000000001			1.0
6739.1			1.0
6740.0			1.0
6740.9			1.0
6741.8			1.0
6742.700000000001			1.0
6743.6			1.0
6744.5			1.0
6745.4			1.0
6746.3			1.0
6747.200000000001			1.0
6748.1			1.0
6749.0			1.0
6749.9			1.0
6750.8			1.0
6751.700000000001			1.0
6752.6			1.0
6753.5			1.0
6754.4			1.0
6755.3			1.0
6756.200000000001			1.0
6757.1			1.0
6758.0			1.0
6758.9			1.0
6759.8			1.0
6760.700000000001			1.0
6761.6			1.0
6762.5			1.0
6763.4			1.0
6764.3			1.0
6765.200000000001			1.0
6766.1			1.0
6767.0			1.0
6767.9			1.0
6768.8			1.0
6769.700000000001			1.0
6770.6			1.0
6771.5			1.0
6772.4			1.0
6773.3			1.0
6774.200000000001			1.0
6775.1			1.0
6776.0			1.0
6776.9			1.0
6777.8			1.0
6778.700000000001			1.0
6779.6			1.0
6780.5			1.0
6781.4			1.0
6782.3			1.0
6783.200000000001			1.0
6784.1			1.0
6785.0			1.0
6785.9			1.0
6786.8			1.0
6787.700000000001			1.0
6788.6			1.0
6789.5			1.0
6790.4			1.0
6791.3			1.0
6792.200000000001			1.0
6793.1			1.0
6794.0			1.0
6794.9			1.0
6795.8			1.0
6796.700000000001			1.0
6797.6			1.0
6798.5			1.0
6799.4			1.0
6800.3			1.0
6801.200000000001			1.0
6802.1			1.0
6803.0			1.0
6803.9			1.0
6804.8			1.0
6805.700000000001			1.0
6806.6			1.0
6807.5			1.0
6808.4			1.0
6809.3			1.0
6810.200000000001			1.0
6811.1			1.0
6812.0			1.0
6812.9			1.0
6813.8			1.0
6814.700000000001			1.0
6815.6			1.0
6816.5			1.0
6817.4			1.0
6818.3			1.0
6819.200000000001			1.0
6820.1			1.0
6821.0			1.0
6821.9			1.0
6822.8			1.0
6823.700000000001			1.0
6824.6			1.0
6825.5			1.0
6826.4			1.0
6827.3			1.0
6828.200000000001			1.0
6829.1			1.0
6830.0			1.0
6830.9			1.0
6831.8			1.0
6832.700000000001			1.0
6833.6			1.0
6834.5			1.0
6835.4			1.0
6836.3			1.0
6837.200000000001			1.0
6838.1			1.0
6839.0			1.0
6839.9			1.0
6840.8			1.0
6841.700000000001			1.0
6842.6			1.0
6843.5			1.0
6844.4			1.0
6845.3			1.0
6846.200000000001			1.0
6847.1			1.0
6848.0			1.0
6848.9			1.0
6849.8			1.0
6850.700000000001			1.0
6851.6			1.0
6852.5			1.0
6853.4			1.0
6854.3			1.0
6855.200000000001			1.0
6856.1			1.0
6857.0			1.0
6857.9			1.0
6858.8			1.0
6859.700000000001			1.0
6860.6			1.0
6861.5			1.0
6862.4			1.0
6863.3			1.0
6864.200000000001			1.0
6865.1			1.0
6866.0			1.0
6866.9			1.0
6867.8			1.0
6868.700000000001			1.0
6869.6			1.0
6870.5			1.0
6871.4			1.0
6872.3			1.0
6873.200000000001			1.0
6874.1			1.0
6875.0			1.0
6875.9			1.0
6876.8			1.0
6877.700000000001			1.0
6878.6			1.0
6879.5			1.0
6880.4			1.0
6881.3			1.0
6882.200000000001			1.0
6883.1			1.0
6884.0			1.0
6884.9			1.0
6885.8			1.0
6886.700000000001			1.0
6887.6			1.0
6888.5			1.0
6889.4			1.0
6890.3			1.0
6891.200000000001			1.0
6892.1			1.0
6893.0			1.0
6893.9			1.0
6894.8			1.0
6895.700000000001			1.0
6896.6			1.0
6897.5			1.0
6898.4			1.0
6899.3			1.0
6900.200000000001			1.0
6901.1			1.0
6902.0			1.0
6902.9			1.0
6903.8			1.0
6904.700000000001			1.0
6905.6			1.0
6906.5			1.0
6907.4			1.0
6908.3			1.0
6909.200000000001			1.0
6910.1			1.0
6911.0			1.0
6911.9			1.0
6912.8			1.0
6913.700000000001			1.0
6914.6			1.0
6915.5			1.0
6916.4			1.0
6917.3			1.0
6918.200000000001			1.0
6919.1			1.0
6920.0			1.0
6920.9			1.0
6921.8			1.0
6922.700000000001			1.0
6923.6			1.0
6924.5			1.0
6925.4			1.0
6926.3			1.0
6927.200000000001			1.0
6928.1			1.0
6929.0			1.0
6929.9			1.0
6930.8			1.0
6931.700000000001			1.0
6932.6			1.0
6933.5			1.0
6934.4			1.0
6935.3			1.0
6936.200000000001			1.0
6937.1			1.0
6938.0			1.0
6938.9			1.0
6939.8			1.0
6940.700000000001			1.0
6941.6			1.0
6942.5			1.0
6943.4			1.0
6944.3			1.0
6945.200000000001			1.0
6946.1			1.0
6947.0			1.0
6947.9			1.0
6948.8			1.0
6949.700000000001			1.0
6950.6			1.0
6951.5			1.0
6952.4			1.0
6953.3			1.0
6954.200000000001			1.0
6955.1			1.0
6956.0			1.0
6956.9			1.0
6957.8			1.0
6958.700000000001			1.0
6959.6			1.0
6960.5			1.0
6961.4			1.0
6962.3			1.0
6963.200000000001			1.0
6964.1			1.0
6965.0			1.0
6965.9			1.0
6966.8			1.0
6967.700000000001			1.0
6968.6			1.0
6969.5			1.0
6970.4			1.0
6971.3			1.0
6972.200000000001			1.0
6973.1			1.0
6974.0			1.0
6974.9			1.0
6975.8			1.0
6976.700000000001			1.0
6977.6			1.0
6978.5			1.0
6979.4			1.0
6980.3			1.0
6981.200000000001			1.0
6982.1			1.0
6983.0			1.0
6983.9			1.0
6984.8			1.0
6985.700000000001			1.0
6986.6			1.0
6987.5			1.0
6988.4			1.0
6989.3			1.0
6990.200000000001			1.0
6991.1			1.0
6992.0			1.0
6992.9			1.0
6993.8			1.0
6994.700000000001			1.0
6995.6			1.0
6996.5			1.0
6997.4			1.0
6998.3			1.0
6999.200000000001			1.0
7000.1			1.0
7001.0			1.0
7001.9			1.0
7002.8			1.0
7003.700000000001			1.0
7004.6			1.0
7005.5			1.0
7006.4			1.0
7007.3			1.0
7008.200000000001			1.0
7009.1			1.0
7010.0			1.0
7010.9			1.0
7011.8			1.0
7012.700000000001			1.0
7013.6			1.0
7014.5			1.0
7015.4			1.0
7016.3			1.0
7017.200000000001			1.0
7018.1			1.0
7019.0			1.0
7019.9			1.0
7020.8			1.0
7021.700000000001			1.0
7022.6			1.0
7023.5			1.0
7024.4			1.0
7025.3			1.0
7026.200000000001			1.0
7027.1			1.0
7028.0			1.0
7028.9			1.0
7029.8			1.0
7030.700000000001			1.0
7031.6			1.0
7032.5			1.0
7033.4			1.0
7034.3			1.0
7035.200000000001			1.0
7036.1			1.0
7037.0			1.0
7037.9			1.0
7038.8			1.0
7039.700000000001			1.0
7040.6			1.0
7041.5			1.0
7042.4			1.0
7043.3			1.0
7044.200000000001			1.0
7045.1			1.0
7046.0			1.0
7046.9			1.0
7047.8			1.0
7048.700000000001			1.0
7049.6			1.0
7050.5			1.0
7051.4			1.0
7052.3			1.0
7053.200000000001			1.0
7054.1			1.0
7055.0			1.0
7055.9			1.0
7056.8			1.0
7057.700000000001			1.0
7058.6			1.0
7059.5			1.0
7060.4			1.0
7061.3			1.0
7062.200000000001			1.0
7063.1			1.0
7064.0			1.0
7064.9			1.0
7065.8			1.0
7066.700000000001			1.0
7067.6			1.0
7068.5			1.0
7069.4			1.0
7070.3			1.0
7071.200000000001			1.0
7072.1			1.0
7073.0			1.0
7073.9			1.0
7074.8			1.0
7075.700000000001			1.0
7076.6			1.0
7077.5			1.0
7078.4			1.0
7079.3			1.0
7080.200000000001			1.0
7081.1			1.0
7082.0			1.0
7082.9			1.0
7083.8			1.0
7084.700000000001			1.0
7085.6			1.0
7086.5			1.0
7087.4			1.0
7088.3			1.0
7089.200000000001			1.0
7090.1			1.0
7091.0			1.0
7091.9			1.0
7092.8			1.0
7093.700000000001			1.0
7094.6			1.0
7095.5			1.0
7096.4			1.0
7097.3			1.0
7098.200000000001			1.0
7099.1			1.0
7100.0			1.0
7100.9			1.0
7101.8			1.0
7102.700000000001			1.0
7103.6			1.0
7104.5			1.0
7105.4			1.0
7106.3			1.0
7107.200000000001			1.0
7108.1			1.0
7109.0			1.0
7109.9			1.0
7110.8			1.0
7111.700000000001			1.0
7112.6			1.0
7113.5			1.0
7114.4			1.0
7115.3			1.0
7116.200000000001			1.0
7117.1			1.0
7118.0			1.0
7118.9			1.0
7119.8			1.0
7120.700000000001			1.0
7121.6			1.0
7122.5			1.0
7123.4			1.0
7124.3			1.0
7125.200000000001			1.0
7126.1			1.0
7127.0			1.0
7127.9			1.0
7128.8			1.0
7129.700000000001			1.0
7130.6			1.0
7131.5			1.0
7132.4			1.0
7133.3			1.0
7134.200000000001			1.0
7135.1			1.0
7136.0			1.0
7136.9			1.0
7137.8			1.0
7138.700000000001			1.0
7139.6			1.0
7140.5			1.0
7141.4			1.0
7142.3			1.0
7143.200000000001			1.0
7144.1			1.0
7145.0			1.0
7145.9			1.0
7146.8			1.0
7147.700000000001			1.0
7148.6			1.0
7149.5			1.0
7150.4			1.0
7151.3			1.0
7152.200000000001			1.0
7153.1			1.0
7154.0			1.0
7154.9			1.0
7155.8			1.0
7156.700000000001			1.0
7157.6			1.0
7158.5			1.0
7159.4			1.0
7160.3			1.0
7161.200000000001			1.0
7162.1			1.0
7163.0			1.0
7163.9			1.0
7164.8			1.0
7165.700000000001			1.0
7166.6			1.0
7167.5			1.0
7168.4			1.0
7169.3			1.0
7170.200000000001			1.0
7171.1			1.0
7172.0			1.0
7172.9			1.0
7173.8			1.0
7174.700000000001			1.0
7175.6			1.0
7176.5			1.0
7177.4			1.0091372951396276
7178.3			1.0083916946459714
7179.200000000001			0.9915919562866367
7180.1			0.9842329944746553
7181.0			1.0092075973694072
7181.9			1.04271610205655
7182.8			1.0403812398038739
7183.700000000001			1.0388193617630752
7184.6			1.0349011928251945
7185.5			1.0091691863255796
7186.4			1.0014420921753457
7187.3			1.0106602795196484
7188.200000000001			1.017504458360642
7189.1			1.0162577204544183
7190.0			0.9968299977976395
7190.9			0.983632062096293
7191.8			0.9837850229356323
7192.700000000001			0.9725765162495469
7193.6			0.9622074255054534
7194.5			0.958352736317486
7195.4			0.9532516476913023
7196.3			0.9561472585254136
7197.200000000001			0.9897330379716646
7198.1			1.033549028403454
7199.0			1.0176344614136499
7199.9			0.9927468573815619
7200.8			1.0270450669478661
7201.700000000001			1.0392542606731168
7202.6			1.0137983593379762
7203.5			1.0252005880974402
7204.4			1.0321271677533783
7205.3			1.0187560016934945
7206.200000000001			1.0224549791523645
7207.1			1.0066152010844525
7208.0			0.9887578427197061
7208.9			0.9956174228366712
7209.8			1.007339502619618
7210.700000000001			1.0094547090608057
7211.6			1.0053698566081788
7212.5			0.9987419921896173
7213.4			1.0001064664074655
7214.3			1.0
7215.200000000001			1.0
7216.1			1.0
7217.0			1.0
7217.9			1.0
7218.8			1.0
7219.700000000001			1.0
7220.6			1.0
7221.5			1.0
7222.4			1.0
7223.3			1.0
7224.200000000001			1.0
7225.1			1.0
7226.0			1.0
7226.9			1.0
7227.8			1.0
7228.700000000001			1.0
7229.6			1.0
7230.5			1.0
7231.4			1.0
7232.3			1.0
7233.200000000001			1.0
7234.1			1.0
7235.0			1.0
7235.9			1.0
7236.8			1.0
7237.700000000001			1.0
7238.6			1.0
7239.5			1.0
7240.4			1.0
7241.3			1.0
7242.200000000001			1.0
7243.1			1.0
7244.0			1.0
7244.9			1.0
7245.8			1.0
7246.700000000001			1.0
7247.6			1.0
7248.5			1.0
7249.4			1.0
7250.3			1.0
7251.200000000001			1.0
7252.1			1.0
7253.0			1.0
7253.9			1.0
7254.8			1.0
7255.700000000001			1.0
7256.6			1.0
7257.5			1.0
7258.4			1.0
7259.3			1.0
7260.200000000001			1.0
7261.1			1.0
7262.0			1.0
7262.9			1.0
7263.8			1.0
7264.700000000001			1.0
7265.6			1.0
7266.5			1.0
7267.4			1.0
7268.3			1.0
7269.200000000001			1.0
7270.1			1.0
7271.0			1.0
7271.9			1.0
7272.8			1.0
7273.700000000001			1.0
7274.6			1.0
7275.5			1.0
7276.4			1.0
7277.3			1.0
7278.200000000001			1.0
7279.1			1.0
7280.0			1.0
7280.9			1.0
7281.8			1.0
7282.700000000001			1.0
7283.6			1.0
7284.5			1.0
7285.4			1.0
7286.3			1.0
7287.200000000001			1.0
7288.1			1.0
7289.0			1.0
7289.9			1.0
7290.8			1.0
7291.700000000001			1.0
7292.6			1.0
7293.5			1.0
7294.4			1.0
7295.3			1.0
7296.200000000001			1.0
7297.1			1.0
7298.0			1.0
7298.9			1.0
7299.8			1.0
7300.700000000001			1.0
7301.6			1.0
7302.5			1.0
7303.4			1.0
7304.3			1.0
7305.200000000001			1.0
7306.1			1.0
7307.0			1.0
7307.9			1.0
7308.8			1.0
7309.700000000001			1.0
7310.6			1.0
7311.5			1.0
7312.4			1.0
7313.3			1.0
7314.200000000001			1.0
7315.1			1.0
7316.0			1.0
7316.9			1.0
7317.8			1.0
7318.700000000001			1.0
7319.6			1.0
7320.5			1.0
7321.4			1.0
7322.3			1.0
7323.200000000001			1.0
7324.1			1.0
7325.0			1.0
7325.9			1.0
7326.8			1.0
7327.700000000001			1.0
7328.6			1.0
7329.5			1.0
7330.4			1.0
7331.3			1.0
7332.200000000001			1.0
7333.1			1.0
7334.0			1.0
7334.9			1.0
7335.8			1.0
7336.700000000001			1.0
7337.6			1.0
7338.5			1.0
7339.4			1.0
7340.3			1.0
7341.200000000001			1.0
7342.1			1.0
7343.0			1.0
7343.9			1.0
7344.8			1.0
7345.700000000001			1.0
7346.6			1.0
7347.5			1.0
7348.4			1.0
7349.3			1.0
7350.200000000001			1.0
7351.1			1.0
7352.0			1.0
7352.9			1.0
7353.8			1.0
7354.700000000001			1.0
7355.6			1.0
7356.5			1.0
7357.4			1.0
7358.3			1.0
7359.200000000001			1.0
7360.1			1.00771242532914
7361.0			1.0124552745764115
7361.9			1.0271488281955314
7362.8			1.0372706951909576
7363.700000000001			1.048143988434269
7364.6			1.0682620095864135
7365.5			1.085948130798208
7366.4			1.103131156892205
7367.3			1.1134191886489893
7368.200000000001			1.1278817787796478
7369.1			1.1496392236032495
7370.0			1.169230463281886
7370.9			1.1775795904937898
7371.8			1.1906210556309318
7372.700000000001			1.2198312549037726
7373.6			1.246273497197885
7374.5			1.256218643200212
7375.4			1.2816171267710939
7376.3			1.3307624392776307
7377.200000000001			1.375896226589329
7378.1			1.3804695055277674
7379.0			1.3818879887147006
7379.9			1.3754549070543356
7380.8			1.3952618100894472
7381.700000000001			1.4438319068330696
7382.6			1.4966077741989823
7383.5			1.519451354351203
7384.4			1.5327568858662246
7385.3			1.563222021802524
7386.200000000001			1.6182703121365558
7387.1			1.6755942183436694
7388.0			1.726545371961713
7388.9			1.7596519161324133
7389.8			1.7936526949732916
7390.700000000001			1.8845482213748705
7391.6			1.9799857136326626
7392.5			2.026571392363508
7393.4			2.119227424057302
7394.3			2.2107536677901107
7395.200000000001			2.3022564429948176
7396.1			2.388585560803277
7397.0			2.4829163916813926
7397.9			2.609923763807935
7398.8			2.762120550550728
7399.700000000001			2.931693832120715
7400.6			3.0875470876366102
7401.5			3.2372854449455453
7402.4			3.4279040107286587
7403.3			3.6604988030698484
7404.200000000001			3.8732180111238814
7405.1			4.079859664151034
7406.0			4.347957294710689
7406.9			4.694531042182227
7407.8			5.393653415579731
7408.700000000001			4.894849371404095
7409.6			0.4140626910980189
7410.5			7.71049935928272e-05
7411.4			0.011963200620362383
7412.3			1.7243950976749832e-05
7413.200000000001			0.00011480541967372749
7414.1			0.00013716021239505241
7415.0			0.0001703258946492456
7415.9			0.00022464581410988063
7416.8			0.0003298364520039843
7417.700000000001			0.000620286040595731
7418.6			0.005194446298410443
7419.5			-0.0008149076957219034
7420.4			1.0
7421.3			1.0
7422.200000000001			1.0
7423.1			1.0
7424.0			1.0
7424.9			1.0
7425.8			1.0
7426.700000000001			1.0
7427.6			1.0
7428.5			1.0
7429.4			1.0
