3500.0			1.0
3500.9			1.0
3501.8			1.0
3502.7			1.0
3503.6			1.0
3504.5			1.0
3505.4			1.0
3506.3			1.0
3507.2			1.0
3508.1			1.0
3509.0			1.0
3509.9			1.0
3510.8			1.0
3511.7			1.0
3512.6			1.0
3513.5			1.0
3514.4			1.0
3515.3			1.0
3516.2			1.0
3517.1			1.0
3518.0			1.0
3518.9			1.0
3519.8			1.0
3520.7			1.0
3521.6			1.0
3522.5			1.0
3523.4			1.0
3524.3			1.0
3525.2			1.0
3526.1			1.0
3527.0			1.0
3527.9			1.0
3528.8			1.0
3529.7			1.0
3530.6			1.0
3531.5			1.0
3532.4			1.0
3533.3			1.0
3534.2			1.0
3535.1			1.0
3536.0			1.0
3536.9			1.0
3537.8			1.0
3538.7			1.0
3539.6			1.0
3540.5			1.0
3541.4			1.0
3542.3			1.0
3543.2			1.0
3544.1			1.0
3545.0			1.0
3545.9			1.0
3546.8			1.0
3547.7			1.0
3548.6			1.0
3549.5			1.0
3550.4			1.0
3551.3			1.0
3552.2			1.0
3553.1			1.0
3554.0			1.0
3554.9			1.0
3555.8			1.0
3556.7			1.0
3557.6			1.0
3558.5			1.0
3559.4			1.0
3560.3			1.0
3561.2			1.0
3562.1			1.0
3563.0			1.0
3563.9			1.0
3564.8			1.0
3565.7			1.0
3566.6			1.0
3567.5			1.0
3568.4			1.0
3569.3			1.0
3570.2			1.0
3571.1			1.0
3572.0			1.0
3572.9			1.0
3573.8			1.0
3574.7			1.0
3575.6			1.0
3576.5			1.0
3577.4			1.0
3578.3			1.0
3579.2			1.0
3580.1			1.0
3581.0			1.0
3581.9			1.0
3582.8			1.0
3583.7			1.0
3584.6			1.0
3585.5			1.0
3586.4			1.0
3587.3			1.0
3588.2			1.0
3589.1			1.0
3590.0			1.0
3590.9			1.0
3591.8			1.0
3592.7			1.0
3593.6			1.0
3594.5			1.0
3595.4			1.0
3596.3			1.0
3597.2			1.0
3598.1			1.0
3599.0			1.0
3599.9			1.0
3600.8			1.0
3601.7			1.0
3602.6			1.0
3603.5			1.0
3604.4			1.0
3605.3			1.0
3606.2			1.0
3607.1			1.0
3608.0			1.0
3608.9			1.0
3609.8			1.0
3610.7			1.0
3611.6			1.0
3612.5			1.0
3613.4			1.0
3614.3			1.0
3615.2			1.0
3616.1			1.0
3617.0			1.0
3617.9			1.0
3618.8			1.0
3619.7			1.0
3620.6			1.0
3621.5			1.0
3622.4			1.0
3623.3			1.0
3624.2			1.0
3625.1			1.0
3626.0			1.0
3626.9			1.0
3627.8			1.0
3628.7			1.0
3629.6			1.0
3630.5			1.0
3631.4			1.0
3632.3			1.0
3633.2			1.0
3634.1			1.0
3635.0			1.0
3635.9			1.0
3636.8			1.0
3637.7			1.0
3638.6			1.0
3639.5			1.0
3640.4			1.0
3641.3			1.0
3642.2			1.0
3643.1			1.0
3644.0			1.0
3644.9			1.0
3645.8			1.0
3646.7			1.0
3647.6			1.0
3648.5			1.0
3649.4			1.0
3650.3			1.0
3651.2			1.0
3652.1			1.0
3653.0			1.0
3653.9			1.0
3654.8			1.0
3655.7			1.0
3656.6			1.0
3657.5			1.0
3658.4			1.0
3659.3			1.0
3660.2			1.0
3661.1			1.0
3662.0			1.0
3662.9			1.0
3663.8			1.0
3664.7			1.0
3665.6			1.0
3666.5			1.0
3667.4			1.0
3668.3			1.0
3669.2			1.0
3670.1			1.0
3671.0			1.0
3671.9			1.0
3672.8			1.0
3673.7			1.0
3674.6			1.0
3675.5			1.0
3676.4			1.0
3677.3			1.0
3678.2			1.0
3679.1			1.0
3680.0			1.0
3680.9			1.0
3681.8			1.0
3682.7			1.0
3683.6			1.0
3684.5			1.0
3685.4			1.0
3686.3			1.0
3687.2			1.0
3688.1			1.0
3689.0			1.0
3689.9			1.0
3690.8			1.0
3691.7			1.0
3692.6			1.0
3693.5			1.0
3694.4			1.0
3695.3			1.0
3696.2			1.0
3697.1			1.0
3698.0			1.0
3698.9			1.0
3699.8			1.0
3700.7			1.0
3701.6			1.0
3702.5			1.0
3703.4			1.0
3704.3			1.0
3705.2			1.0
3706.1			1.0
3707.0			1.0
3707.9			1.0
3708.8			1.0
3709.7			1.0
3710.6			1.0
3711.5			1.0
3712.4			1.0
3713.3			1.0
3714.2			1.0
3715.1			1.0
3716.0			1.0
3716.9			1.0
3717.8			1.0
3718.7			1.0
3719.6			1.0
3720.5			1.0
3721.4			1.0
3722.3			1.0
3723.2			1.0
3724.1			1.0
3725.0			1.0
3725.9			1.0
3726.8			1.0
3727.7			1.0
3728.6			1.0
3729.5			1.0
3730.4			1.0
3731.3			1.0
3732.2			1.0
3733.1			1.0
3734.0			1.0
3734.9			1.0
3735.8			1.0
3736.7			1.0
3737.6			1.0
3738.5			1.0
3739.4			1.0
3740.3			1.0
3741.2			1.0
3742.1			1.0
3743.0			1.0
3743.9			1.0
3744.8			1.0
3745.7			1.0
3746.6			1.0
3747.5			1.0
3748.4			1.0
3749.3			1.0
3750.2			1.0
3751.1			1.0
3752.0			1.0
3752.9			1.0
3753.8			1.0
3754.7			1.0
3755.6			1.0
3756.5			1.0
3757.4			1.0
3758.3			1.0
3759.2			1.0
3760.1			1.0
3761.0			1.0
3761.9			1.0
3762.8			1.0
3763.7			1.0
3764.6			1.0
3765.5			1.0
3766.4			1.0
3767.3			1.0
3768.2			1.0
3769.1			1.0
3770.0			1.0
3770.9			1.0
3771.8			1.0
3772.7			1.0
3773.6			1.0
3774.5			1.0
3775.4			1.0
3776.3			1.0
3777.2			1.0
3778.1			1.0
3779.0			1.0
3779.9			1.0
3780.8			1.0
3781.7			1.0
3782.6			1.0
3783.5			1.0
3784.4			1.0
3785.3			1.0
3786.2			1.0
3787.1			1.0
3788.0			1.0
3788.9			1.0
3789.8			1.0
3790.7			1.0
3791.6			1.0
3792.5			1.0
3793.4			1.0
3794.3			1.0
3795.2			1.0
3796.1			1.0
3797.0			1.0
3797.9			1.0
3798.8			1.0
3799.7			1.0
3800.6			1.0
3801.5			1.0
3802.4			1.0
3803.3			1.0
3804.2			1.0
3805.1			1.0
3806.0			1.0
3806.9			1.0
3807.8			1.0
3808.7			1.0
3809.6			1.0
3810.5			1.0
3811.4			1.0
3812.3			1.0
3813.2			1.0
3814.1			1.0
3815.0			1.0
3815.9			1.0
3816.8			1.0
3817.7			1.0
3818.6			1.0
3819.5			1.0
3820.4			1.0
3821.3			1.0
3822.2			1.0
3823.1			1.0
3824.0			1.0
3824.9			1.0
3825.8			1.0
3826.7			1.0
3827.6			1.0
3828.5			1.0
3829.4			1.0
3830.3			1.0
3831.2			1.0
3832.1			1.0
3833.0			1.0
3833.9			1.0
3834.8			1.0
3835.7			1.0
3836.6			1.0
3837.5			1.0
3838.4			1.0
3839.3			1.0
3840.2			1.0
3841.1			1.0
3842.0			1.0
3842.9			1.0
3843.8			1.0
3844.7			1.0
3845.6			1.0
3846.5			1.0
3847.4			1.0
3848.3			1.0
3849.2			1.0
3850.1			1.0
3851.0			1.0
3851.9			1.0
3852.8			1.0
3853.7			1.0
3854.6			1.0
3855.5			1.0
3856.4			1.0
3857.3			1.0
3858.2			1.0
3859.1			1.0
3860.0			1.0
3860.9			1.0
3861.8			1.0
3862.7			1.0
3863.6			1.0
3864.5			1.0
3865.4			1.0
3866.3			1.0
3867.2			1.0
3868.1			1.0
3869.0			1.0
3869.9			1.0
3870.8			1.0
3871.7			1.0
3872.6			1.0
3873.5			1.0
3874.4			1.0
3875.3			1.0
3876.2			1.0
3877.1			1.0
3878.0			1.0
3878.9			1.0
3879.8			1.0
3880.7			1.0
3881.6			1.0
3882.5			1.0
3883.4			1.0
3884.3			1.0
3885.2			1.0
3886.1			1.0
3887.0			1.0
3887.9			1.0
3888.8			1.0
3889.7			1.0
3890.6			1.0
3891.5			1.0
3892.4			1.0
3893.3			1.0
3894.2			1.0
3895.1			1.0
3896.0			1.0
3896.9			1.0
3897.8			1.0
3898.7			1.0
3899.6			1.0
3900.5			1.0
3901.4			1.0
3902.3			1.0
3903.2			1.0
3904.1			1.0
3905.0			1.0
3905.9			1.0
3906.8			1.0
3907.7			1.0
3908.6			1.0
3909.5			1.0
3910.4			1.0
3911.3			1.0
3912.2			1.0
3913.1			1.0
3914.0			1.0
3914.9			1.0
3915.8			1.0
3916.7			1.0
3917.6			1.0
3918.5			1.0
3919.4			1.0
3920.3			1.0
3921.2			1.0
3922.1			1.0
3923.0			1.0
3923.9			1.0
3924.8			1.0
3925.7			1.0
3926.6			1.0
3927.5			1.0
3928.4			1.0
3929.3			1.0
3930.2			1.0
3931.1			1.0
3932.0			1.0
3932.9			1.0
3933.8			1.0
3934.7			1.0
3935.6			1.0
3936.5			1.0
3937.4			1.0
3938.3			1.0
3939.2			1.0
3940.1			1.0
3941.0			1.0
3941.9			1.0
3942.8			1.0
3943.7			1.0
3944.6			1.0
3945.5			1.0
3946.4			1.0
3947.3			1.0
3948.2			1.0
3949.1			1.0
3950.0			1.0
3950.9			1.0
3951.8			1.0
3952.7			1.0
3953.6			1.0
3954.5			1.0
3955.4			1.0
3956.3			1.0
3957.2			1.0
3958.1			1.0
3959.0			1.0
3959.9			1.0
3960.8			1.0
3961.7			1.0
3962.6			1.0
3963.5			1.0
3964.4			1.0
3965.3			1.0
3966.2			1.0
3967.1			1.0
3968.0			1.0
3968.9			1.0
3969.8			1.0
3970.7			1.0
3971.6			1.0
3972.5			1.0
3973.4			1.0
3974.3			1.0
3975.2			1.0
3976.1			1.0
3977.0			1.0
3977.9			1.0
3978.8			1.0
3979.7			1.0
3980.6			1.0
3981.5			1.0
3982.4			1.0
3983.3			1.0
3984.2			1.0
3985.1			1.0
3986.0			1.0
3986.9			1.0
3987.8			1.0
3988.7			1.0
3989.6			1.0
3990.5			1.0
3991.4			1.0
3992.3			1.0
3993.2			1.0
3994.1			1.0
3995.0			1.0
3995.9			1.0
3996.8			1.0
3997.7			1.0
3998.6			1.0
3999.5			1.0
4000.4			1.0
4001.3			0.980737221926492
4002.2			0.9417419448482346
4003.1			0.9400441710563954
4004.0			0.9279239520450027
4004.9			0.856905775231409
4005.8			0.8020973353445462
4006.7			0.8408941658125049
4007.6			0.9268424341464773
4008.5			0.9798635538186172
4009.4			0.9947325299463001
4010.3			0.9997534328822388
4011.2			1.0
4012.1			1.0
4013.0			1.0
4013.9			1.0
4014.8			1.0
4015.7			1.0
4016.6			1.0
4017.5			1.0
4018.4			1.0
4019.3			1.0
4020.2			1.0
4021.1			1.0
4022.0			1.0
4022.9			1.0
4023.8			1.0
4024.7			0.9601620753716243
4025.6			1.0051007637705327
4026.5			1.1019269687777886
4027.4			1.1399107820130538
4028.3			1.0917430787936522
4029.2			1.0020872838350054
4030.1			0.9007158787188426
4031.0			0.8237188103957948
4031.9			0.8009433221134812
4032.8			0.8211377447365801
4033.7			0.8611380158097777
4034.6			0.9012339287219674
4035.5			0.9317952038254974
4036.4			0.9639861498392938
4037.3			1.0004408985049715
4038.2			1.0203441730867677
4039.1			1.004333357105562
4040.0			1.0
4040.9			1.0
4041.8			1.0
4042.7			1.0331463535033518
4043.6			1.0126286910155924
4044.5			0.9193244945292404
4045.4			0.8351549242035531
4046.3			0.8583783945162095
4047.2			1.0
4048.1			1.053994606642961
4049.0			1.030513996436738
4049.9			1.000338765642583
4050.8			0.9893939800536067
4051.7			0.9698526295376719
4052.6			0.9232869017430098
4053.5			0.86501211380941
4054.4			0.8373123376073821
4055.3			0.8618241978474047
4056.2			0.9037360632740795
4057.1			0.9221070464814353
4058.0			0.9253716290211644
4058.9			0.9478563110153739
4059.8			0.9869387415804332
4060.7			1.0
4061.6			0.9814795767927659
4062.5			0.911229684569115
4063.4			0.8571684768288196
4064.3			0.893332825197228
4065.2			0.9847586002414166
4066.1			1.0
4067.0			1.0
4067.9			1.0
4068.8			1.0
4069.7			1.0
4070.6			1.0
4071.5			1.0
4072.4			1.0
4073.3			1.0
4074.2			1.019528619051525
4075.1			0.9799058594840554
4076.0			0.8719617476845725
4076.9			0.7484650454703005
4077.8			1.0
4078.7			1.0910445151337775
4079.6			1.232194295292717
4080.5			1.338272238596233
4081.4			1.385936553268023
4082.3			1.3582725305302097
4083.2			1.2762514964888878
4084.1			1.1974716049474001
4085.0			1.1435680929646501
4085.9			1.1178836465505786
4086.8			1.1353793940543522
4087.7			1.1869829852263352
4088.6			1.2327640568239895
4089.5			1.2369369637016923
4090.4			1.2117589337520207
4091.3			1.1836062381297447
4092.2			1.1604201735272408
4093.1			1.154928108333624
4094.0			1.145228414673873
4094.9			1.088659729379586
4095.8			1.0027731998051215
4096.7			0.931866031874604
4097.6			0.8767096370895231
4098.5			0.8193427378958795
4099.4			0.7485163755923427
4100.3			0.6392870159957886
4101.2			0.5086579875963415
4102.1			0.4521208432416889
4103.0			0.5207203560122612
4103.9			0.6496868406201013
4104.8			0.7630435288958805
4105.7			0.8359513872560649
4106.6			0.8710598587369792
4107.5			0.888095284817131
4108.4			0.8963542919467523
4109.3			0.8874237190996056
4110.2			0.8764731657653019
4111.1			0.8937513075482363
4112.0			1.0
4112.9			1.0299930087584261
4113.8			1.0523822323273837
4114.7			1.090210568058843
4115.6			1.1378036884883316
4116.5			1.153142949337318
4117.4			1.102941417343615
4118.3			1.0088077164122915
4119.2			0.9480272902441159
4120.1			1.0
4121.0			1.032726778665443
4121.9			1.011667117091807
4122.8			0.9685170913145361
4123.7			0.9667275898229608
4124.6			1.000729501206912
4125.5			1.0226173376249474
4126.4			1.0006602598515566
4127.3			0.9323160509197377
4128.2			0.8628257420944354
4129.1			0.8537850924252204
4130.0			0.8957222831871224
4130.9			0.912062207982249
4131.8			0.877451926666167
4132.7			0.8501207690150585
4133.6			0.8710786051510689
4134.5			0.9291666074042539
4135.4			0.9946106209407726
4136.3			1.0239222193098816
4137.2			1.008504291944074
4138.1			1.0
4139.0			1.0
4139.9			1.0492409150544706
4140.8			1.0
4141.7			0.9576127106752773
4142.6			0.8741290964155203
4143.5			0.8094657219258944
4144.4			0.8268637337156767
4145.3			0.8937557080984142
4146.2			0.9405657401902009
4147.1			0.9559975713115383
4148.0			0.9486243217959286
4148.9			0.916895957529739
4149.8			0.8877631507241084
4150.7			0.8894345121223667
4151.6			0.9116911235293279
4152.5			0.9272503653557423
4153.4			0.9103688728153589
4154.3			0.8725545651468996
4155.2			0.851979016326222
4156.1			0.8515883900911302
4157.0			0.8646735258904092
4157.9			0.8990270601026225
4158.8			0.9415095665255774
4159.7			0.954884199417512
4160.6			0.9194324623227511
4161.5			0.8863701244822519
4162.4			1.0
4163.3			1.0492796259617374
4164.2			1.0877740335957053
4165.1			1.1227473977505629
4166.0			1.1307365455746843
4166.9			1.107166333259851
4167.8			1.097349227482511
4168.7			1.1238439249033008
4169.6			1.1374272431885568
4170.5			1.0810916111399216
4171.4			0.9634658263248872
4172.3			0.8489466844806173
4173.2			0.7982844346981358
4174.1			0.8291989515514615
4175.0			0.918280431052184
4175.9			0.989306690072458
4176.8			0.9739472512634288
4177.7			0.8956316541554756
4178.6			0.8517026652967635
4179.5			1.0
4180.4			1.1221179062191755
4181.3			1.161362893514725
4182.2			1.0
4183.1			0.95295680236632
4184.0			0.9433555383565486
4184.9			0.9765193052175697
4185.8			1.013812588246987
4186.7			0.9854604595735195
4187.6			0.9363596795903081
4188.5			0.9585732560664102
4189.4			1.0179282343085025
4190.3			1.026119183555129
4191.2			0.9936300602470842
4192.1			1.0078251629935704
4193.0			1.0777356223811203
4193.9			1.1175958549013212
4194.8			1.0762070062193945
4195.7			0.9996066252117833
4196.6			0.953744666954402
4197.5			0.9149318861883586
4198.4			0.8601393814075434
4199.3			0.8628256477153521
4200.2			0.9279576911553157
4201.1			0.9455728608952987
4202.0			0.8977838290419287
4202.9			0.8707574474163134
4203.8			0.8718959333886538
4204.7			0.8541259145461172
4205.6			0.845774964529001
4206.5			0.8827368814319954
4207.4			0.9309662884872814
4208.3			0.9457705952362526
4209.2			0.925336937257872
4210.1			0.9116310256831255
4211.0			0.9350303017801355
4211.9			0.9749695310168592
4212.8			1.0
4213.7			1.0048102023337153
4214.6			0.9522232635293226
4215.5			0.8698285718061904
4216.4			0.8516317194861478
4217.3			0.918071356537872
4218.2			0.9860732017032712
4219.1			1.0025089897962136
4220.0			1.0
4220.9			1.0040848085183824
4221.8			1.0052111374182906
4222.7			0.9808896271117286
4223.6			0.9385285565110251
4224.5			0.8775730177047474
4225.4			0.8005763939304643
4226.3			0.7385958237290253
4227.2			0.7454188125574233
4228.1			0.8456795352141628
4229.0			0.9734210982453496
4229.9			1.0461436262342239
4230.8			1.0536919145522023
4231.7			1.0003748076867984
4232.6			1.0
4233.5			1.0
4234.4			1.0
4235.3			1.0
4236.2			1.0
4237.1			1.0175846135512083
4238.0			1.015710039749551
4238.9			0.9860098998395065
4239.8			0.9854167579066317
4240.7			1.0302098146327807
4241.6			1.0599198546089346
4242.5			1.0514686692844328
4243.4			1.052340390335673
4244.3			1.0635651289366774
4245.2			1.0289232751084934
4246.1			0.9396264218366484
4247.0			0.8714081733547857
4247.9			0.8974229558174847
4248.8			0.9658697042614276
4249.7			0.9704770693795542
4250.6			0.9291704518412611
4251.5			0.9272035694974897
4252.4			0.9587820193669324
4253.3			0.9713113558901502
4254.2			0.96428319657059
4255.1			1.0
4256.0			1.0263478499570635
4256.9			1.0203304698033575
4257.8			0.965992324342062
4258.7			0.9137807525733427
4259.6			0.8832763759475816
4260.5			0.8623286272582211
4261.4			0.8737772103871196
4262.3			0.9217118743132886
4263.2			0.9680730452456904
4264.1			0.9905940497584608
4265.0			1.0
4265.9			1.0110140109126013
4266.8			0.9999588131928236
4267.7			0.9711974948360863
4268.6			0.9447114286305093
4269.5			0.9264675122657722
4270.4			0.8928078672990322
4271.3			0.8376670296054561
4272.2			0.820751090990444
4273.1			0.8592195932320097
4274.0			0.8866514577675804
4274.9			0.8903531858113494
4275.8			0.9194880857965528
4276.7			0.9713819463409963
4277.6			0.997143922472613
4278.5			0.9978509329023008
4279.4			1.0
4280.3			1.0
4281.2			1.0
4282.1			1.0
4283.0			1.0
4283.9			1.0
4284.8			1.0
4285.7			1.0
4286.6			0.9929254791546591
4287.5			0.9564354589074681
4288.4			1.0
4289.3			0.9018722553247854
4290.2			0.8522285545432791
4291.1			0.9423131868327299
4292.0			1.0947930773454033
4292.9			1.1561085532433588
4293.8			1.1072701896033157
4294.7			1.048798603244682
4295.6			1.0435224968170524
4296.5			1.0656602608761554
4297.4			1.084608256059713
4298.3			1.049757763330441
4299.2			0.9371293065136672
4300.1			0.8489620923794476
4301.0			0.8457905195058087
4301.9			0.8518530464158609
4302.8			0.8557428848484502
4303.7			0.920715246257081
4304.6			0.9922227535491971
4305.5			0.9973216834625248
4306.4			0.9775448255661972
4307.3			0.9572733747466599
4308.2			0.9235552344184722
4309.1			0.9139482967001723
4310.0			0.9708990519642698
4310.9			1.0
4311.8			1.033503991313224
4312.7			0.9606462813619844
4313.6			0.8390169577276806
4314.5			0.7743411837592484
4315.4			1.0
4316.3			1.1126630041182364
4317.2			1.182435277445791
4318.1			1.1944163915245514
4319.0			1.179200794877569
4319.9			1.1288542272241697
4320.8			1.0636161210112
4321.7			1.0658301308474285
4322.6			1.13535743789557
4323.5			1.1553542799109737
4324.4			1.0565283594105315
4325.3			0.9158191657472758
4326.2			0.869404956219613
4327.1			0.9409929729339919
4328.0			1.0333778015543693
4328.9			1.056703837761346
4329.8			0.9959905948769087
4330.7			0.9207287903826212
4331.6			0.9028188891566643
4332.5			0.9148665773064995
4333.4			0.9047414444396797
4334.3			0.8840170899265029
4335.2			0.8653223338463704
4336.1			0.8049869606409125
4337.0			0.6863057426749625
4337.9			0.5684731906602345
4338.8			0.4883224397350728
4339.7			0.4155604896629165
4340.6			0.36699066781031936
4341.5			0.41017688159571164
4342.4			0.5198534657866652
4343.3			0.5983374545819378
4344.2			0.6327727063665938
4345.1			0.6847975177828174
4346.0			0.7586951994362052
4346.9			0.8108103364134679
4347.8			0.8399094526312193
4348.7			1.0
4349.6			0.9962710563198935
4350.5			0.9264974328709481
4351.4			0.8309812988830529
4352.3			0.8112775066464281
4353.2			0.8834199652391554
4354.1			0.9591192708996742
4355.0			1.0022413076625611
4355.9			0.9207734960191224
4356.8			0.9478971525191462
4357.7			0.9231158923029066
4358.6			0.8706836595634145
4359.5			0.8561512269732089
4360.4			0.8915258228534105
4361.3			0.9321538518186092
4362.2			0.9545433473007261
4363.1			0.9710924846808381
4364.0			0.9891624119165359
4364.9			1.002468841604658
4365.8			1.0
4366.7			1.0
4367.6			1.0
4368.5			1.0
4369.4			1.0
4370.3			1.0
4371.2			1.0
4372.1			1.0339162168134024
4373.0			1.0208278539135216
4373.9			0.9162355761009998
4374.8			0.804355484297562
4375.7			0.8129747135183771
4376.6			0.9161246031810282
4377.5			1.0018028475606866
4378.4			1.0
4379.3			1.0
4380.2			0.99388787381657
4381.1			1.0124255826356334
4382.0			1.005155082278494
4382.9			0.9205246663503228
4383.8			0.7956548939209916
4384.7			0.7271157348612985
4385.6			0.7657828621883103
4386.5			0.8590787221638241
4387.4			0.9288471400007792
4388.3			0.9706528743478646
4389.2			0.997393599485835
4390.1			1.0
4391.0			1.0
4391.9			1.0
4392.8			1.0
4393.7			1.0
4394.6			1.0
4395.5			1.0
4396.4			1.0
4397.3			1.0817293418195744
4398.2			1.0619514579653369
4399.1			0.9706541770123008
4400.0			0.8749510942195525
4400.9			0.8552006097359773
4401.8			0.9390525522027219
4402.7			1.0304795765359327
4403.6			1.035246633247729
4404.5			0.9919203508299775
4405.4			1.0
4406.3			1.0
4407.2			1.0
4408.1			1.0
4409.0			1.0
4409.9			1.0
4410.8			1.0
4411.7			1.0283006596177313
4412.6			1.0590715150077337
4413.5			1.0541662676680557
4414.4			0.9762035812641721
4415.3			0.8856705122970416
4416.2			0.8480248086504016
4417.1			0.8406556099331803
4418.0			0.8586983971399846
4418.9			0.9420134696869488
4419.8			1.0489441615379462
4420.7			1.0891955020004773
4421.6			1.0496054480331074
4422.5			1.001029553601998
4423.4			1.0
4424.3			1.0
4425.2			1.0
4426.1			1.0
4427.0			1.0
4427.9			1.0
4428.8			1.0
4429.7			1.0
4430.6			1.0
4431.5			1.0
4432.4			1.0
4433.3			1.0
4434.2			1.0
4435.1			1.0
4436.0			1.0
4436.9			1.0
4437.8			1.0
4438.7			1.0
4439.6			0.9988625116761982
4440.5			0.9672123987286306
4441.4			0.8980754165374865
4442.3			0.8050443888303356
4443.2			0.7324005809954995
4444.1			0.7430707615884702
4445.0			0.8485155779217117
4445.9			0.9606807456344064
4446.8			1.002476399290822
4447.7			1.0
4448.6			1.0
4449.5			1.0
4450.4			1.0
4451.3			0.995571175661532
4452.2			1.045309707582508
4453.1			1.0666267199259076
4454.0			1.0076353887287735
4454.9			0.9238868961265813
4455.8			0.9026250077913788
4456.7			0.9422368500228575
4457.6			0.9742786594525502
4458.5			0.9733669204130145
4459.4			0.9689725229071273
4460.3			0.9597882125654406
4461.2			0.9260871859754916
4462.1			0.9144292215738697
4463.0			0.9520693972363677
4463.9			0.9795708492159059
4464.8			0.980162060946647
4465.7			0.9872692938215357
4466.6			0.9872351650432466
4467.5			0.9474676477452915
4468.4			0.8811182480870201
4469.3			0.8496306744814159
4470.2			0.8811159311950633
4471.1			0.9362691500543869
4472.0			0.9784443515915837
4472.9			1.01245426414974
4473.8			1.0501396637275662
4474.7			1.0665436530227494
4475.6			1.0488573720280119
4476.5			1.0
4477.4			1.0190980750453538
4478.3			1.0215440144979921
4479.2			0.9812476922081008
4480.1			0.8982540627951264
4481.0			0.8070968851702398
4481.9			0.7833458885257489
4482.8			0.8494119034530403
4483.7			0.9323503690635109
4484.6			0.976525991795125
4485.5			0.9941772887196146
4486.4			1.0004266678994813
4487.3			1.0001764041350973
4488.2			1.0
4489.1			1.0
4490.0			1.0
4490.9			1.0
4491.8			1.0
4492.7			1.0
4493.6			1.0
4494.5			1.0
4495.4			1.0
4496.3			1.0
4497.2			1.0
4498.1			1.0
4499.0			1.005836439458578
4499.9			0.9659768636823062
4500.8			0.8911695108382606
4501.7			0.8622287202185697
4502.6			0.9139394972413742
4503.5			0.9745384676679419
4504.4			0.9908703571606998
4505.3			1.0
4506.2			1.0
4507.1			1.0
4508.0			1.0
4508.9			1.0
4509.8			1.0
4510.7			1.0
4511.6			1.0
4512.5			0.9998687577914293
4513.4			0.9860556100242234
4514.3			0.940442215735409
4515.2			0.8978016913947761
4516.1			0.9082617361982722
4517.0			0.9430569111084752
4517.9			0.950417702884134
4518.8			0.9408448661099089
4519.7			0.9342904197382388
4520.6			0.9394472111886752
4521.5			0.9412721539268093
4522.4			0.9130556306926276
4523.3			0.9006015697733524
4524.2			0.9262520243946448
4525.1			0.9396581972496538
4526.0			0.9400808170127047
4526.9			0.9455727514010194
4527.8			0.9329896924670061
4528.7			0.900868391661414
4529.6			0.8984206815717136
4530.5			0.9424986196235514
4531.4			0.9900480659207601
4532.3			0.9957018782782868
4533.2			0.9367780579444187
4534.1			0.8740255358976301
4535.0			0.9020274900483992
4535.9			1.0029357195388766
4536.8			1.101257473271924
4537.7			1.1553362738201851
4538.6			1.150725587580299
4539.5			1.1119203159672273
4540.4			1.072784848484511
4541.3			1.054506712388707
4542.2			1.079220530422156
4543.1			1.1173524550416392
4544.0			1.1091793535644032
4544.9			1.0
4545.8			1.0080581972168954
4546.7			1.0458101018184334
4547.6			1.0435703436022998
4548.5			0.9613676293870178
4549.4			0.8613882513530197
4550.3			0.8656243848960058
4551.2			0.9621300674980214
4552.1			1.0207241815897434
4553.0			0.999738427699399
4553.9			1.0610739336581594
4554.8			0.9963871789862865
4555.7			0.9974979055578536
4556.6			1.0
4557.5			1.0
4558.4			1.0
4559.3			1.0
4560.2			1.0
4561.1			1.0334993143383968
4562.0			1.0220827502391734
4562.9			0.9604834993404912
4563.8			0.8908176247228741
4564.7			0.8704730584422348
4565.6			0.9039778418289774
4566.5			0.9544511677594926
4567.4			0.9892430136972347
4568.3			1.0002874753045705
4569.2			1.0
4570.1			1.0
4571.0			1.0
4571.9			1.0
4572.8			1.0
4573.7			1.0
4574.6			1.0
4575.5			1.0
4576.4			1.0
4577.3			1.0
4578.2			1.0160220955137467
4579.1			0.9921971916350978
4580.0			0.9542723555040165
4580.9			0.9404147886802612
4581.8			0.9254558582636965
4582.7			0.8693220623120724
4583.6			0.8262042890185783
4584.5			0.8775481249286667
4585.4			1.0
4586.3			1.050935529722245
4587.2			1.0413307427312377
4588.1			1.0071091202722975
4589.0			0.9837857565044077
4589.9			0.978106323786106
4590.8			0.9718348834326087
4591.7			0.9519398874164864
4592.6			0.9411682692724702
4593.5			0.9649586720976555
4594.4			0.99315133237714
4595.3			0.9950725165614264
4596.2			0.9917239545819745
4597.1			0.9984558106703852
4598.0			1.0058207975412
4598.9			0.9987161524529332
4599.8			1.0
4600.7			1.0
4601.6			1.0
4602.5			1.0
4603.4			1.0
4604.3			1.0
4605.2			1.0
4606.1			1.0
4607.0			1.0
4607.9			1.0
4608.8			1.0
4609.7			1.0
4610.6			1.0
4611.5			1.0
4612.4			1.0
4613.3			0.9970336515835553
4614.2			1.003614043140303
4615.1			1.0003151570371396
4616.0			0.9714494632366397
4616.9			0.9506189159424733
4617.8			0.9436961354257404
4618.7			0.9204233920339213
4619.6			0.9048727436695856
4620.5			0.9331757454030224
4621.4			0.9884610904548419
4622.3			1.0331996657911142
4623.2			1.0494738049333565
4624.1			1.038753944930472
4625.0			1.0
4625.9			0.9893887072469435
4626.8			1.0011410714979467
4627.7			0.993564099016357
4628.6			0.9431033130087559
4629.5			0.9108518287235672
4630.4			0.9546817789721412
4631.3			1.0242348050394332
4632.2			1.0411516097496827
4633.1			1.0022423670941552
4634.0			1.0
4634.9			1.0
4635.8			1.0
4636.7			1.0
4637.6			1.0
4638.5			1.0
4639.4			1.0
4640.3			1.0
4641.2			1.0
4642.1			1.0
4643.0			0.9935805576616338
4643.9			0.9869315029720133
4644.8			0.9784456732504644
4645.7			0.953153759027741
4646.6			0.9223770444743009
4647.5			0.9070157663327445
4648.4			0.91398551574699
4649.3			0.9466780926920285
4650.2			0.9861152425779449
4651.1			1.0
4652.0			0.9972538130550068
4652.9			0.9991320889773144
4653.8			0.9838218334660503
4654.7			0.9477107875669101
4655.6			0.9108642153154245
4656.5			0.8800126995630546
4657.4			1.0
4658.3			1.0666363466001452
4659.2			1.1267671578266283
4660.1			1.132609896737541
4661.0			1.1026265379519877
4661.9			1.0613134142363174
4662.8			1.020512939074217
4663.7			0.9991326591606902
4664.6			1.0036798065216006
4665.5			0.9848362644092437
4666.4			0.913888792472137
4667.3			0.8564371568014479
4668.2			0.8607495258160167
4669.1			0.8801665526559668
4670.0			0.8854663334238383
4670.9			0.9126737841984386
4671.8			0.9572555064671424
4672.7			0.9757544810954925
4673.6			0.9762880670207845
4674.5			0.9863374840712632
4675.4			1.0020130219453345
4676.3			1.0053518495833702
4677.2			1.0
4678.1			1.0
4679.0			1.0
4679.9			1.0
4680.8			1.0
4681.7			1.0
4682.6			1.0
4683.5			1.0
4684.4			1.0
4685.3			1.0
4686.2			1.0
4687.1			1.0
4688.0			1.0
4688.9			1.0
4689.8			1.0
4690.7			1.0
4691.6			1.0
4692.5			1.0
4693.4			1.0
4694.3			1.0
4695.2			1.0
4696.1			1.0
4697.0			1.0
4697.9			1.0
4698.8			1.0
4699.7			1.0
4700.6			1.0
4701.5			1.0
4702.4			1.0
4703.3			1.0
4704.2			1.0165151112414863
4705.1			1.0486785569765888
4706.0			1.0494838212886894
4706.9			1.0066567594346076
4707.8			0.9515973752263869
4708.7			0.9256123211966193
4709.6			0.9445980438814922
4710.5			0.9908431392519682
4711.4			1.024499220402532
4712.3			1.0247643559276323
4713.2			0.9953602477512971
4714.1			1.0
4715.0			1.0
4715.9			1.0
4716.8			1.0
4717.7			1.0
4718.6			1.0
4719.5			1.0
4720.4			1.0
4721.3			1.0
4722.2			1.0
4723.1			1.0
4724.0			1.0
4724.9			1.0
4725.8			1.004575379385865
4726.7			0.98667756990231
4727.6			0.9594397142512395
4728.5			0.9498757555098877
4729.4			0.9516617629918079
4730.3			0.9394072015474936
4731.2			0.9251777796634352
4732.1			0.9435344644475392
4733.0			0.9865106583898776
4733.9			1.021250067092353
4734.8			1.035680355281109
4735.7			1.0215877471123085
4736.6			0.997201561759022
4737.5			1.0
4738.4			1.0
4739.3			1.0
4740.2			1.0
4741.1			1.0
4742.0			1.0
4742.9			1.0
4743.8			1.0
4744.7			1.0
4745.6			1.0
4746.5			1.0
4747.4			1.0
4748.3			1.0
4749.2			1.0
4750.1			1.0
4751.0			1.0
4751.9			1.0
4752.8			1.0
4753.7			1.0
4754.6			1.0
4755.5			1.0
4756.4			1.0
4757.3			1.0175245116297793
4758.2			1.0425447731408883
4759.1			1.0567845240397342
4760.0			1.053904172933217
4760.9			1.0222440792424208
4761.8			0.9588259285811978
4762.7			0.8975065307233975
4763.6			0.8713742305457335
4764.5			0.8788673064536228
4765.4			0.9066498204144507
4766.3			0.9392572604060757
4767.2			0.9673806490203672
4768.1			0.9885620546554499
4769.0			1.0002771518664206
4769.9			0.9986515696379263
4770.8			1.0
4771.7			1.0
4772.6			1.0052851025507141
4773.5			1.034455218873462
4774.4			1.0546784079882516
4775.3			1.0523679736721008
4776.2			1.047792974187898
4777.1			1.057413727415744
4778.0			1.0589249840596582
4778.9			1.025603420678753
4779.8			0.9884538181130647
4780.7			0.9984266220868934
4781.6			1.0311820577295205
4782.5			1.0316188403415247
4783.4			1.0138769145594204
4784.3			1.0173450654849738
4785.2			1.018322521650469
4786.1			0.9924810386131595
4787.0			0.978640581198527
4787.9			0.9893643607975864
4788.8			0.9908013062760644
4789.7			0.9889966317246275
4790.6			0.9999738196457139
4791.5			1.0067188542909498
4792.4			1.009456458052421
4793.3			1.0
4794.2			1.0187180717769009
4795.1			1.026141254814754
4796.0			1.0222728037114313
4796.9			1.002574784029328
4797.8			0.9673784728411872
4798.7			0.9365685823202469
4799.6			0.930795946005598
4800.5			0.9496355087887446
4801.4			0.9762180632079197
4802.3			0.9914169663716732
4803.2			0.9804228787234665
4804.1			0.9397322177574239
4805.0			0.9006967218420266
4805.9			0.9042214847558481
4806.8			0.9356125669165276
4807.7			0.9580282650236748
4808.6			0.9673240229122362
4809.5			0.9651466454717006
4810.4			0.9526862693631308
4811.3			0.9389334185238568
4812.2			0.9342430731754267
4813.1			0.949139082247058
4814.0			0.9766193024577947
4814.9			0.9951645560324986
4815.8			0.999673956431763
4816.7			1.0
4817.6			1.0
4818.5			1.0
4819.4			1.0
4820.3			1.0
4821.2			1.000341188435535
4822.1			0.9706959163366629
4823.0			0.9001246122033818
4823.9			0.8522800235227933
4824.8			0.8832231174277413
4825.7			0.951142656187289
4826.6			0.9989998906882213
4827.5			1.0
4828.4			1.0
4829.3			1.0
4830.2			1.0
4831.1			1.0
4832.0			1.0
4832.9			1.0
4833.8			1.0
4834.7			1.0
4835.6			1.0
4836.5			0.9914396470063765
4837.4			1.005253087040452
4838.3			1.0066001641826745
4839.2			0.9838272189419865
4840.1			0.9716430672571671
4841.0			0.9866172265116036
4841.9			0.9998490481478556
4842.8			0.995949776721531
4843.7			0.992341584888219
4844.6			0.9977324806006675
4845.5			1.000245904882331
4846.4			0.9791245930166218
4847.3			0.9257536843217536
4848.2			0.8723250748630182
4849.1			0.870256124105983
4850.0			0.9122173594775252
4850.9			0.9455081173163961
4851.8			0.9486036709607648
4852.7			0.9296555319174026
4853.6			0.8843167394692467
4854.5			0.8020474421929074
4855.4			0.7282373413089556
4856.3			0.7216920926574288
4857.2			0.7516712598594807
4858.1			0.7439972474043005
4859.0			0.6656286577692434
4859.9			0.5307329959378836
4860.8			0.4137088846144943
4861.7			0.41496263323899113
4862.6			0.5257760054474241
4863.5			0.6317873446058869
4864.4			0.6881596785405348
4865.3			0.7350835177387853
4866.2			0.794214748837785
4867.1			0.8537597785595248
4868.0			1.0
4868.9			1.0226190778815976
4869.8			1.007992362846914
4870.7			0.9506247536317717
4871.6			0.9072544300685632
4872.5			0.9279735866296099
4873.4			0.9723160173741928
4874.3			1.0002164440236372
4875.2			0.9548163912065187
4876.1			0.9457375268976128
4877.0			0.9474480652056022
4877.9			1.0
4878.8			1.0452363722929179
4879.7			1.0928657254241454
4880.6			1.1028125679562832
4881.5			1.0753994176686918
4882.4			1.0330024201209127
4883.3			0.983169468061112
4884.2			0.954931194340534
4885.1			0.9683179636798127
4886.0			0.9977229625210378
4886.9			1.0174021834847633
4887.8			1.0290971165080127
4888.7			1.0267745878954806
4889.6			0.9983462856793798
4890.5			1.0
4891.4			1.0
4892.3			1.0
4893.2			1.0
4894.1			1.0
4895.0			1.0223624955627193
4895.9			1.0367234782903045
4896.8			1.0370313999788927
4897.7			1.0296668041308368
4898.6			0.9998864777715745
4899.5			0.9457645737414624
4900.4			0.9231078706676992
4901.3			0.9557454826759832
4902.2			0.9775798656318054
4903.1			0.9586960558097566
4904.0			0.9478945381048233
4904.9			0.9734267678922484
4905.8			1.0023985940228262
4906.7			1.0
4907.6			0.9889238212909751
4908.5			0.9682404467200362
4909.4			0.9239387164860371
4910.3			0.8679868537919475
4911.2			0.8563551586313589
4912.1			0.9035310161254854
4913.0			0.9567188953594222
4913.9			0.9832605437650034
4914.8			1.0
4915.7			1.0100515771881216
4916.6			0.9970928432269939
4917.5			0.952813336953335
4918.4			0.8941122717563488
4919.3			0.8505755414269434
4920.2			0.8339122517738172
4921.1			0.8508158269915823
4922.0			0.8818609574020342
4922.9			0.8664556159683157
4923.8			0.8220209282789723
4924.7			0.846762303808644
4925.6			0.9385862678071171
4926.5			1.0041439983482383
4927.4			1.0161865197460442
4928.3			1.0198073107104655
4929.2			1.0
4930.1			1.0077489612547148
4931.0			1.0049597161059474
4931.9			0.9870965296317629
4932.8			0.9390745899009972
4933.7			0.8937049247433427
4934.6			0.9136698907104428
4935.5			0.9819885876520861
4936.4			1.0194320178266325
4937.3			1.0014776575646733
4938.2			1.0
4939.1			1.0
4940.0			1.0
4940.9			1.0
4941.8			1.0
4942.7			1.0
4943.6			1.0
4944.5			1.0
4945.4			1.0
4946.3			1.0
4947.2			1.0
4948.1			1.0
4949.0			1.0
4949.9			1.0
4950.8			1.0
4951.7			1.0
4952.6			1.0
4953.5			1.0
4954.4			1.0073646896484438
4955.3			1.005422638001488
4956.2			0.9548883699280671
4957.1			0.8781835579956045
4958.0			0.8692584361970168
4958.9			0.9412894341560003
4959.8			1.0034731292629748
4960.7			1.0129197912772698
4961.6			0.9975224651052554
4962.5			1.0
4963.4			1.0
4964.3			1.0
4965.2			1.0
4966.1			1.0
4967.0			1.0
4967.9			1.0
4968.8			1.0
4969.7			1.0
4970.6			1.0
4971.5			1.0
4972.4			1.0
4973.3			1.0
4974.2			1.0
4975.1			1.0
4976.0			1.0
4976.9			1.0
4977.8			0.9817588552142477
4978.7			0.9668505671802207
4979.6			0.9556134366380754
4980.5			0.9306364822416291
4981.4			0.8773289743242361
4982.3			0.817692560979014
4983.2			0.7985221076349783
4984.1			0.8270698113557946
4985.0			0.8723109544949197
4985.9			0.9231741311719804
4986.8			0.9754249545608689
4987.7			1.0039589759594596
4988.6			1.0003233756985066
4989.5			1.0
4990.4			1.0
4991.3			1.0
4992.2			1.0
4993.1			1.0
4994.0			1.0
4994.9			1.0
4995.8			1.0
4996.7			1.0
4997.6			1.0038949208790744
4998.5			0.9907591857943409
4999.4			0.961962422301752
5000.3			0.9294318251947542
5001.2			0.912230976927908
5002.1			0.934720687430552
5003.0			0.986809155321112
5003.9			1.0073026182827156
5004.8			0.9669694587396038
5005.7			0.9178337197219468
5006.6			0.9309024669176441
5007.5			1.0085273478372012
5008.4			1.0836168665669004
5009.3			1.1055498562133046
5010.2			1.0880101315687245
5011.1			1.056916581432634
5012.0			1.021608495257291
5012.9			1.0
5013.8			0.9864079694041514
5014.7			1.0114048035302265
5015.6			1.0510838928688022
5016.5			1.0331803339388894
5017.4			0.9384502802762926
5018.3			0.8630777375149467
5019.2			0.8904532298604952
5020.1			0.9682073670157969
5021.0			1.0064741606964607
5021.9			1.002925743767892
5022.8			1.0051059143528562
5023.7			1.0
5024.6			1.0
5025.5			1.0
5026.4			1.0
5027.3			1.0
5028.2			1.0
5029.1			1.0
5030.0			1.0
5030.9			1.0
5031.8			1.0
5032.7			1.046194543546274
5033.6			1.0652443106418577
5034.5			1.0337509452898466
5035.4			0.9827379450692688
5036.3			0.9679689372196049
5037.2			0.985785690705715
5038.1			0.9925976842707616
5039.0			0.9742404436518235
5039.9			0.9294374289627987
5040.8			0.8795736988263619
5041.7			0.8852429260559465
5042.6			0.9587676809061401
5043.5			1.0327095185627424
5044.4			1.0
5045.3			1.0142056712142444
5046.2			1.0194255191165238
5047.1			1.0022831767536247
5048.0			0.9628666815182209
5048.9			0.9275133785799656
5049.8			0.9160559571500598
5050.7			0.909536465373801
5051.6			0.8999199069862359
5052.5			0.917111174289272
5053.4			0.9607843283329685
5054.3			0.9890691875979855
5055.2			0.9844941666840927
5056.1			0.9743919569274746
5057.0			0.9827216683766354
5057.9			1.0006372215339514
5058.8			1.0
5059.7			1.0
5060.6			1.0
5061.5			1.0
5062.4			1.0
5063.3			1.0
5064.2			1.0
5065.1			1.0
5066.0			1.0
5066.9			1.0
5067.8			1.0
5068.7			1.0
5069.6			1.0
5070.5			1.0
5071.4			1.0
5072.3			1.0
5073.2			1.000020762873537
5074.1			1.006296347263137
5075.0			1.0034181751715336
5075.9			1.013949741541632
5076.8			1.033795445751824
5077.7			1.0209541253038419
5078.6			0.9603751588401259
5079.5			0.9025078332725437
5080.4			0.9012393145439034
5081.3			0.9423268278492182
5082.2			0.9691092280143694
5083.1			0.9647012167318553
5084.0			0.9690476552128787
5084.9			0.9949786270901253
5085.8			1.0016646998004843
5086.7			1.0
5087.6			1.0
5088.5			1.0
5089.4			1.0
5090.3			1.0
5091.2			1.0
5092.1			1.0
5093.0			1.0
5093.9			1.0049488754323688
5094.8			1.005719435241885
5095.7			0.9861205070683076
5096.6			0.9428116583779563
5097.5			0.9008082694906645
5098.4			0.8756714724063989
5099.3			0.871069633453717
5100.2			0.8915260317411149
5101.1			0.9321367028553221
5102.0			0.9743545483605084
5102.9			0.997358584312415
5103.8			1.002026824349548
5104.7			1.0010681740509386
5105.6			1.0
5106.5			1.0
5107.4			1.0
5108.3			1.0
5109.2			1.0
5110.1			1.0
5111.0			1.0
5111.9			1.0
5112.8			1.0
5113.7			1.0
5114.6			1.0
5115.5			1.0
5116.4			1.014698789521173
5117.3			1.0305207955482825
5118.2			1.0294915923735781
5119.1			1.0130605718414747
5120.0			0.9968836064550217
5120.9			0.9906593346931171
5121.8			0.9798009518230383
5122.7			0.9515670079598274
5123.6			0.9290705355382998
5124.5			0.9343931425493859
5125.4			0.9539055950948704
5126.3			0.9675071612749914
5127.2			0.9637278051265433
5128.1			0.9429758343096151
5129.0			0.929993653067442
5129.9			0.9473051041553637
5130.8			0.972790268245555
5131.7			0.9749387192750989
5132.6			0.9610855179263504
5133.5			0.9670115317794503
5134.4			1.0066956723836729
5135.3			1.035685235379007
5136.2			1.0126376871642675
5137.1			0.9748774831067224
5138.0			0.9574146968634114
5138.9			0.9504254142588335
5139.8			0.9723345416896252
5140.7			1.0086526612996423
5141.6			1.0001194409866883
5142.5			1.0
5143.4			1.0
5144.3			1.0
5145.2			1.0
5146.1			1.0
5147.0			1.0
5147.9			1.0
5148.8			1.0192807381210742
5149.7			1.0240518712192792
5150.6			1.0051791490078477
5151.5			0.9885546717529593
5152.4			0.9646627435479428
5153.3			0.9159877244772334
5154.2			0.8911530281977159
5155.1			0.9264989509863072
5156.0			0.9804111782992756
5156.9			1.0103369219735192
5157.8			1.015385082897892
5158.7			1.009132080119531
5159.6			1.0
5160.5			0.9798429520271593
5161.4			0.9542828179460796
5162.3			0.9520794750780355
5163.2			0.9765969547093949
5164.1			0.9883999399244131
5165.0			0.9591447916910963
5165.9			1.0
5166.8			0.9081332997504743
5167.7			0.8303510252557934
5168.6			0.8158112356587596
5169.5			0.8903520144477564
5170.4			0.9719168797944273
5171.3			0.9631368524966034
5172.2			0.9179419724771305
5173.1			0.9463948510235255
5174.0			1.0399585695361222
5174.9			1.10970399560803
5175.8			1.122195884748343
5176.7			1.1143731860133406
5177.6			1.1143578448983789
5178.5			1.1149177043107885
5179.4			1.107746609908758
5180.3			1.1038499845848584
5181.2			1.096685370897297
5182.1			1.044916559146648
5183.0			0.9513622562080981
5183.9			0.9029082073590807
5184.8			0.9364055301677155
5185.7			0.9862127460337269
5186.6			1.0073693344066101
5187.5			0.986303973451044
5188.4			0.9567504280919328
5189.3			0.9787831431919132
5190.2			1.0022949062228252
5191.1			0.9578910595080773
5192.0			0.9123951042008336
5192.9			0.9398305807531356
5193.8			0.9809378779734181
5194.7			0.9688048639864243
5195.6			0.9383962139073002
5196.5			0.9208476456959839
5197.4			0.9149360892725088
5198.3			0.940362168068559
5199.2			1.0
5200.1			1.020795835542345
5201.0			1.0237663556777457
5201.9			1.0225147878883885
5202.8			1.0205348691154152
5203.7			0.9934176631831744
5204.6			0.9365397954778862
5205.5			0.9051674814775325
5206.4			0.9342073770384073
5207.3			0.9657910380939477
5208.2			0.9641432221312287
5209.1			0.9757137667920007
5210.0			0.9971782431935883
5210.9			0.9999071783290358
5211.8			1.0
5212.7			1.0276634858344866
5213.6			1.03203556111538
5214.5			0.9886914296422522
5215.4			0.9284489909792512
5216.3			0.900384798626671
5217.2			0.915888386141295
5218.1			0.9527215718943114
5219.0			0.9870921125248714
5219.9			1.0004471974605385
5220.8			1.0
5221.7			1.0
5222.6			1.0
5223.5			0.9965506908785846
5224.4			0.9715174462769667
5225.3			0.8945530660558982
5226.2			0.7833799352556522
5227.1			0.7508535835126421
5228.0			0.8391990479635928
5228.9			0.9365182479110394
5229.8			0.9810279349849583
5230.7			0.9995745520907007
5231.6			1.0
5232.5			1.0
5233.4			1.0
5234.3			1.0
5235.2			1.0
5236.1			1.0
5237.0			1.0
5237.9			1.0
5238.8			1.0
5239.7			1.0
5240.6			1.0
5241.5			1.0
5242.4			1.0
5243.3			1.0
5244.2			1.0
5245.1			1.0
5246.0			1.0
5246.9			1.0
5247.8			1.0
5248.7			1.0
5249.6			1.0
5250.5			1.0
5251.4			1.0
5252.3			1.0
5253.2			1.0
5254.1			0.9729871652532109
5255.0			0.9541480631458034
5255.9			0.9707027791328768
5256.8			1.0043929762555823
5257.7			1.0359845196431599
5258.6			1.0539167378827061
5259.5			1.050210022511323
5260.4			1.0215148758195134
5261.3			0.9697922215671554
5262.2			0.9207794905512338
5263.1			0.8915002446013923
5264.0			0.8604393894076675
5264.9			0.8376519772249562
5265.8			0.8561523732886421
5266.7			0.9146672397966887
5267.6			0.9552143418259741
5268.5			0.9152797960118821
5269.4			0.8473471189887581
5270.3			0.864042978873867
5271.2			0.9509489554074206
5272.1			0.9977191594867343
5273.0			0.9842622231216047
5273.9			0.9491169488279835
5274.8			0.898787956709518
5275.7			0.8872750731510015
5276.6			0.9624927263876972
5277.5			1.0
5278.4			1.0095876574014755
5279.3			0.9687236116195872
5280.2			0.9430933608541705
5281.1			0.9471233882430236
5282.0			0.9416709061839584
5282.9			0.9056990284387023
5283.8			0.8718277744745981
5284.7			0.9018131276167091
5285.6			0.9720490972543894
5286.5			1.0160181200741305
5287.4			1.0200018585639836
5288.3			1.0074440310233537
5289.2			1.0013494681783566
5290.1			1.0
5291.0			1.0
5291.9			1.0
5292.8			1.0
5293.7			1.0
5294.6			1.0
5295.5			1.0
5296.4			1.0
5297.3			1.0
5298.2			1.0
5299.1			1.0
5300.0			1.0
5300.9			1.0
5301.8			1.0
5302.7			1.0
5303.6			1.0
5304.5			1.0
5305.4			1.0
5306.3			1.0
5307.2			1.0
5308.1			1.0
5309.0			1.0
5309.9			1.0
5310.8			1.0
5311.7			1.0
5312.6			1.0
5313.5			0.9800742287497429
5314.4			0.9767109810660314
5315.3			0.9427920814322238
5316.2			0.8735399281823719
5317.1			0.864124162920191
5318.0			0.928974281670532
5318.9			0.9839884215569192
5319.8			0.9997809463780806
5320.7			1.000006683227183
5321.6			1.0
5322.5			0.9905871036737698
5323.4			0.9521269240408708
5324.3			0.9148340168786011
5325.2			0.9187279989899028
5326.1			0.9436818037015571
5327.0			0.9136304420868145
5327.9			0.8414429178372882
5328.8			0.8436273706717294
5329.7			0.9299554569119781
5330.6			1.0077917655193387
5331.5			1.0353088485236546
5332.4			1.0279993519130342
5333.3			1.0141993630788912
5334.2			1.0065457723830513
5335.1			0.9986684058122087
5336.0			1.0
5336.9			1.0
5337.8			1.0
5338.7			1.0
5339.6			1.0
5340.5			1.0
5341.4			1.0
5342.3			1.0
5343.2			1.0
5344.1			1.0
5345.0			1.0
5345.9			1.0
5346.8			1.0
5347.7			1.0
5348.6			1.0
5349.5			1.0
5350.4			1.0
5351.3			1.0
5352.2			1.0
5353.1			1.0
5354.0			1.0
5354.9			1.0
5355.8			1.0
5356.7			1.0
5357.6			1.0
5358.5			1.0
5359.4			1.0
5360.3			0.9918511447091574
5361.2			0.960334693786149
5362.1			0.9135678584584814
5363.0			0.8916461176176353
5363.9			0.901363227322431
5364.8			0.9118237796147683
5365.7			0.9252859518112834
5366.6			0.9362606783249341
5367.5			0.9398315225151238
5368.4			0.9379275658448474
5369.3			0.9138666092795239
5370.2			0.882509743525066
5371.1			0.8791980214768128
5372.0			0.9167216355378123
5372.9			0.9713992611435099
5373.8			1.007555341015034
5374.7			1.0238142420438832
5375.6			1.0303666619973952
5376.5			1.0307904142899125
5377.4			1.015562733170312
5378.3			1.0050582248708178
5379.2			0.9936167966585043
5380.1			0.9772409642680137
5381.0			0.9796897833863523
5381.9			0.9975106929307119
5382.8			1.0
5383.7			1.0
5384.6			1.0
5385.5			1.0
5386.4			1.0
5387.3			1.0
5388.2			1.0
5389.1			1.0
5390.0			1.0
5390.9			1.0
5391.8			1.0
5392.7			1.0
5393.6			1.019105267616877
5394.5			1.0469812217155094
5395.4			1.0373252903201369
5396.3			0.9961274966289179
5397.2			0.9785647249888999
5398.1			0.9974566032824448
5399.0			1.004929741474437
5399.9			0.9881718222885784
5400.8			0.9799029062071509
5401.7			0.9886780522697534
5402.6			0.9893182788127901
5403.5			0.9672968529683883
5404.4			0.9373030636883732
5405.3			0.9227281961707952
5406.2			0.9422134935761461
5407.1			0.9824966689887441
5408.0			1.000016501270434
5408.9			0.98085250332742
5409.8			0.9501069866341251
5410.7			0.9542279381387473
5411.6			0.9958122987895826
5412.5			1.018961586815728
5413.4			0.9939428014197369
5414.3			0.9600311643571187
5415.2			0.9596284405577583
5416.1			0.9837512584567151
5417.0			0.9992512336682274
5417.9			1.0
5418.8			1.0
5419.7			1.0
5420.6			1.0
5421.5			1.0
5422.4			1.0
5423.3			1.0
5424.2			1.0
5425.1			1.0
5426.0			1.0
5426.9			1.0
5427.8			1.0
5428.7			1.0
5429.6			1.0
5430.5			1.0
5431.4			1.0
5432.3			1.0
5433.2			1.0
5434.1			1.0
5435.0			1.0
5435.9			1.0
5436.8			1.0
5437.7			1.0
5438.6			1.0
5439.5			1.0
5440.4			1.0
5441.3			1.0
5442.2			1.0
5443.1			1.0
5444.0			1.0
5444.9			1.0
5445.8			1.0
5446.7			1.0
5447.6			1.0
5448.5			1.0
5449.4			1.0
5450.3			1.0
5451.2			1.0
5452.1			1.0
5453.0			1.0
5453.9			1.0
5454.8			1.0
5455.7			1.0
5456.6			1.0
5457.5			1.0
5458.4			1.0
5459.3			1.0
5460.2			1.0
5461.1			1.0
5462.0			1.0
5462.9			1.0
5463.8			1.0
5464.7			1.0
5465.6			1.0
5466.5			1.0
5467.4			1.0
5468.3			1.0
5469.2			1.0
5470.1			1.0
5471.0			1.0
5471.9			1.0
5472.8			1.0
5473.7			1.0
5474.6			1.0
5475.5			1.0
5476.4			1.0
5477.3			1.0
5478.2			1.0
5479.1			1.0
5480.0			1.0
5480.9			1.0
5481.8			1.0
5482.7			1.0
5483.6			1.0
5484.5			1.0
5485.4			1.0
5486.3			1.0
5487.2			1.0
5488.1			1.0
5489.0			1.0
5489.9			1.0
5490.8			1.0
5491.7			1.0
5492.6			1.0
5493.5			1.0
5494.4			1.0
5495.3			1.0
5496.2			1.0
5497.1			1.0
5498.0			1.0
5498.9			1.0
5499.8			1.0
5500.7			1.0
5501.6			1.0
5502.5			1.0
5503.4			1.0
5504.3			1.0
5505.2			1.0
5506.1			1.0
5507.0			1.0
5507.9			1.0
5508.8			1.0
5509.7			1.0
5510.6			1.0
5511.5			1.0
5512.4			1.0
5513.3			1.0
5514.2			1.0
5515.1			1.0
5516.0			1.0
5516.9			1.0
5517.8			1.0
5518.7			1.0
5519.6			1.0
5520.5			1.0
5521.4			1.0
5522.3			1.0
5523.2			1.0
5524.1			1.0
5525.0			1.0
5525.9			1.0
5526.8			1.0
5527.7			1.0
5528.6			1.0
5529.5			1.0
5530.4			1.0
5531.3			1.0
5532.2			1.0
5533.1			1.0
5534.0			1.0
5534.9			1.0
5535.8			1.0
5536.7			1.0
5537.6			1.0
5538.5			1.0
5539.4			1.0
5540.3			1.0
5541.2			1.0
5542.1			1.0
5543.0			1.0
5543.9			1.0
5544.8			1.0
5545.7			1.0
5546.6			1.0
5547.5			1.0
5548.4			1.0
5549.3			1.0
5550.200000000001			1.0
5551.1			1.0
5552.0			1.0
5552.9			1.0
5553.8			1.0
5554.700000000001			1.0
5555.6			1.0
5556.5			1.0
5557.4			1.0
5558.3			1.0
5559.200000000001			1.0
5560.1			1.0
5561.0			1.0
5561.9			1.0
5562.8			1.0
5563.700000000001			1.0
5564.6			1.0
5565.5			1.0
5566.4			1.0
5567.3			1.0
5568.200000000001			1.0
5569.1			1.0
5570.0			1.0
5570.9			1.0
5571.8			1.0
5572.700000000001			1.0
5573.6			1.0
5574.5			1.0143191035881318
5575.4			1.020355847254723
5576.3			1.023413627686664
5577.200000000001			1.0089092951794212
5578.1			0.9962386037990992
5579.0			1.008233589220512
5579.9			1.0295233896404625
5580.8			1.0337510856044858
5581.700000000001			1.003074826317192
5582.6			0.9497567096977199
5583.5			0.9154841396324563
5584.4			0.9090439236464881
5585.3			0.9227737114193307
5586.200000000001			0.955881248567771
5587.1			0.9887720606720747
5588.0			1.0067368953952387
5588.9			1.0104040075092091
5589.8			0.985952730465003
5590.700000000001			0.9694775737732606
5591.6			1.0088709098489
5592.5			1.0523891103332188
5593.4			1.040110416070766
5594.3			0.9997166429188357
5595.200000000001			1.0
5596.1			1.0
5597.0			1.0
5597.9			1.0
5598.8			1.0
5599.700000000001			1.0
5600.6			1.0
5601.5			1.0
5602.4			1.0
5603.3			1.0
5604.200000000001			1.0
5605.1			1.0
5606.0			1.0
5606.9			1.0
5607.8			1.0
5608.700000000001			1.0
5609.6			1.0
5610.5			1.0
5611.4			1.0
5612.3			1.0
5613.200000000001			1.0
5614.1			1.0
5615.0			1.0
5615.9			1.0
5616.8			1.0
5617.700000000001			1.0
5618.6			1.0
5619.5			1.0
5620.4			1.0
5621.3			1.0
5622.200000000001			1.0
5623.1			1.0
5624.0			1.0
5624.9			1.0
5625.8			1.0
5626.700000000001			1.0
5627.6			1.0
5628.5			1.0
5629.4			1.0
5630.3			1.0
5631.200000000001			1.0
5632.1			1.0
5633.0			1.0
5633.9			1.0
5634.8			1.0
5635.700000000001			1.0
5636.6			1.0
5637.5			1.0
5638.4			1.0
5639.3			1.0
5640.200000000001			1.0
5641.1			1.0
5642.0			1.0
5642.9			1.0
5643.8			1.0
5644.700000000001			1.0
5645.6			1.0
5646.5			1.0
5647.4			1.0
5648.3			1.0
5649.200000000001			1.0
5650.1			0.9915337462004787
5651.0			0.9741788986620364
5651.9			0.9762165653437783
5652.8			0.980429904624545
5653.700000000001			0.9281296584244035
5654.6			0.8645785116355812
5655.5			0.8947015735845646
5656.4			0.9912707552548964
5657.3			1.0483210703022918
5658.200000000001			1.032714899040977
5659.1			1.0065721711599547
5660.0			1.0
5660.9			1.0
5661.8			1.0
5662.700000000001			1.0
5663.6			1.0
5664.5			1.0
5665.4			1.0
5666.3			1.0
5667.200000000001			1.0
5668.1			1.0
5669.0			1.0
5669.9			1.0
5670.8			1.0
5671.700000000001			1.0
5672.6			1.0
5673.5			1.0
5674.4			1.0
5675.3			1.0
5676.200000000001			1.0
5677.1			1.0
5678.0			1.0
5678.9			1.0
5679.8			1.0
5680.700000000001			1.0
5681.6			1.0
5682.5			1.0
5683.4			1.0
5684.3			1.0
5685.200000000001			1.0
5686.1			1.0
5687.0			1.0
5687.9			1.0
5688.8			1.0
5689.700000000001			1.0
5690.6			1.0
5691.5			1.0
5692.4			1.0
5693.3			1.0
5694.200000000001			1.0
5695.1			1.0
5696.0			1.0
5696.9			1.0
5697.8			1.0
5698.700000000001			1.0
5699.6			1.0
5700.5			1.0
5701.4			1.0
5702.3			1.0
5703.200000000001			1.0
5704.1			1.0
5705.0			1.0
5705.9			1.0
5706.8			1.0
5707.700000000001			1.0
5708.6			1.0
5709.5			1.0
5710.4			1.0
5711.3			1.0
5712.200000000001			1.0
5713.1			1.0
5714.0			1.0
5714.9			1.0
5715.8			1.0
5716.700000000001			1.0
5717.6			1.0
5718.5			1.0
5719.4			1.0
5720.3			1.0
5721.200000000001			1.0
5722.1			1.0
5723.0			1.0
5723.9			1.0
5724.8			1.0
5725.700000000001			1.0
5726.6			1.0
5727.5			1.0
5728.4			1.0
5729.3			1.0
5730.200000000001			1.0
5731.1			1.0
5732.0			1.0
5732.9			1.0
5733.8			1.0
5734.700000000001			1.0
5735.6			1.0
5736.5			1.0
5737.4			1.0
5738.3			1.0
5739.200000000001			1.0
5740.1			1.0
5741.0			1.0
5741.9			1.0
5742.8			1.0
5743.700000000001			1.0
5744.6			1.0
5745.5			1.0
5746.4			1.0
5747.3			1.0
5748.200000000001			1.0
5749.1			1.0
5750.0			1.0
5750.9			1.0
5751.8			1.0
5752.700000000001			1.0
5753.6			1.0
5754.5			1.0
5755.4			1.0
5756.3			1.0
5757.200000000001			1.0
5758.1			1.0
5759.0			1.0
5759.9			1.0
5760.8			1.0
5761.700000000001			1.0
5762.6			1.0
5763.5			1.0
5764.4			1.0
5765.3			1.0
5766.200000000001			1.0
5767.1			1.0
5768.0			1.0
5768.9			1.0
5769.8			1.0
5770.700000000001			1.0
5771.6			1.0
5772.5			1.0
5773.4			1.0
5774.3			1.0
5775.200000000001			1.0
5776.1			1.0
5777.0			1.0
5777.9			1.0
5778.8			1.0
5779.700000000001			1.0
5780.6			1.0
5781.5			1.0
5782.4			1.0
5783.3			1.0
5784.200000000001			1.0
5785.1			1.0
5786.0			1.0
5786.9			1.0
5787.8			1.0
5788.700000000001			1.0
5789.6			1.0
5790.5			1.0
5791.4			1.0
5792.3			1.0
5793.200000000001			1.0
5794.1			1.0
5795.0			1.0
5795.9			1.0
5796.8			1.0
5797.700000000001			1.0
5798.6			1.0
5799.5			1.0
5800.4			1.0
5801.3			1.0
5802.200000000001			1.0
5803.1			1.0
5804.0			1.0
5804.9			1.0
5805.8			1.0
5806.700000000001			1.0
5807.6			1.0
5808.5			1.0
5809.4			1.0
5810.3			1.0
5811.200000000001			1.0
5812.1			1.0
5813.0			1.0
5813.9			1.0
5814.8			1.0
5815.700000000001			1.0
5816.6			1.0
5817.5			1.0
5818.4			1.0
5819.3			1.0
5820.200000000001			1.0
5821.1			1.0
5822.0			1.0
5822.9			1.0
5823.8			1.0
5824.700000000001			1.0
5825.6			1.0
5826.5			1.0
5827.4			1.0
5828.3			1.0
5829.200000000001			1.0
5830.1			1.0
5831.0			1.0
5831.9			1.0
5832.8			1.0
5833.700000000001			1.0
5834.6			1.0
5835.5			1.0
5836.4			1.0
5837.3			1.0
5838.200000000001			1.0
5839.1			1.0
5840.0			1.0
5840.9			1.0
5841.8			1.0
5842.700000000001			1.0
5843.6			1.0
5844.5			1.0
5845.4			1.0
5846.3			1.0
5847.200000000001			1.0
5848.1			1.0
5849.0			1.0
5849.9			1.0
5850.8			1.0
5851.700000000001			1.0
5852.6			1.0
5853.5			1.0
5854.4			1.0
5855.3			1.0
5856.200000000001			1.0
5857.1			1.0
5858.0			1.0
5858.9			1.0
5859.8			1.0
5860.700000000001			1.0
5861.6			1.0
5862.5			1.0
5863.4			1.0
5864.3			1.0
5865.200000000001			1.0
5866.1			1.0
5867.0			1.0
5867.9			1.0
5868.8			1.0
5869.700000000001			1.0
5870.6			1.0
5871.5			1.0
5872.4			1.0
5873.3			1.0
5874.200000000001			1.0
5875.1			1.0
5876.0			1.0
5876.9			1.0
5877.8			1.0
5878.700000000001			1.0
5879.6			1.0
5880.5			1.0
5881.4			1.0
5882.3			1.0
5883.200000000001			1.0
5884.1			1.0
5885.0			0.9919329361228502
5885.9			0.9229254543706076
5886.8			0.803039166123278
5887.700000000001			0.7523186597705788
5888.6			0.8339856151170608
5889.5			0.9441714681112222
5890.4			0.9954938891422326
5891.3			1.0
5892.200000000001			1.0
5893.1			1.0
5894.0			1.0
5894.9			1.0
5895.8			1.0
5896.700000000001			1.0
5897.6			1.0
5898.5			1.0
5899.4			1.0
5900.3			1.0
5901.200000000001			1.0
5902.1			1.0
5903.0			1.0
5903.9			1.0
5904.8			1.0
5905.700000000001			1.0
5906.6			1.0
5907.5			1.0
5908.4			1.0
5909.3			1.0
5910.200000000001			1.0
5911.1			1.0
5912.0			1.0
5912.9			1.0
5913.8			1.0
5914.700000000001			1.0
5915.6			1.0
5916.5			1.0
5917.4			1.0
5918.3			1.0
5919.200000000001			1.0
5920.1			1.0
5921.0			1.0
5921.9			1.0
5922.8			1.0
5923.700000000001			1.0
5924.6			1.0
5925.5			1.0
5926.4			1.0
5927.3			1.0
5928.200000000001			1.0
5929.1			1.0
5930.0			1.0
5930.9			1.0
5931.8			1.0
5932.700000000001			1.0
5933.6			1.0
5934.5			1.0
5935.4			1.0
5936.3			1.0
5937.200000000001			1.0
5938.1			1.0
5939.0			1.0
5939.9			1.0
5940.8			1.0
5941.700000000001			1.0
5942.6			1.0
5943.5			1.0
5944.4			1.0
5945.3			1.0
5946.200000000001			1.0
5947.1			1.0
5948.0			1.0
5948.9			1.0
5949.8			1.0
5950.700000000001			1.0
5951.6			1.0
5952.5			1.0
5953.4			1.0
5954.3			1.0
5955.200000000001			1.0
5956.1			1.0
5957.0			1.0
5957.9			1.0
5958.8			1.0
5959.700000000001			1.0
5960.6			1.0
5961.5			1.0
5962.4			1.0
5963.3			1.0
5964.200000000001			1.0
5965.1			1.0
5966.0			1.0
5966.9			1.0
5967.8			1.0
5968.700000000001			1.0
5969.6			1.0
5970.5			1.0
5971.4			1.0
5972.3			1.0
5973.200000000001			1.0
5974.1			1.0
5975.0			1.0
5975.9			1.0
5976.8			1.0
5977.700000000001			1.0
5978.6			1.0
5979.5			1.0
5980.4			1.0
5981.3			1.0
5982.200000000001			1.0
5983.1			1.0
5984.0			1.0
5984.9			1.0
5985.8			1.0
5986.700000000001			1.0
5987.6			1.0
5988.5			1.0
5989.4			1.0
5990.3			1.0
5991.200000000001			1.0
5992.1			1.0
5993.0			1.0
5993.9			1.0
5994.8			1.0
5995.700000000001			1.0
5996.6			1.0
5997.5			1.0
5998.4			1.0
5999.3			1.0
6000.200000000001			1.0
6001.1			1.0
6002.0			1.0
6002.9			1.0
6003.8			1.0
6004.700000000001			1.0
6005.6			1.0
6006.5			1.0
6007.4			1.0
6008.3			1.0
6009.200000000001			1.0
6010.1			1.0
6011.0			1.0
6011.9			1.0
6012.8			1.0
6013.700000000001			1.0
6014.6			1.0
6015.5			1.0
6016.4			1.0
6017.3			1.0
6018.200000000001			1.0
6019.1			1.0
6020.0			1.0
6020.9			1.0
6021.8			1.0
6022.700000000001			1.0
6023.6			1.0
6024.5			1.0
6025.4			1.0
6026.3			1.0
6027.200000000001			1.0
6028.1			1.0
6029.0			1.0
6029.9			1.0
6030.8			1.0
6031.700000000001			1.0
6032.6			1.0
6033.5			1.0
6034.4			1.0
6035.3			1.0
6036.200000000001			1.0
6037.1			1.0
6038.0			1.0
6038.9			1.0
6039.8			1.0
6040.700000000001			1.0
6041.6			1.0
6042.5			1.0
6043.4			1.0
6044.3			1.0
6045.200000000001			1.0
6046.1			1.0
6047.0			1.0
6047.9			1.0
6048.8			1.0
6049.700000000001			1.0
6050.6			1.0
6051.5			1.0
6052.4			1.0
6053.3			1.0
6054.200000000001			1.0
6055.1			1.0
6056.0			1.0
6056.9			1.0
6057.8			1.0
6058.700000000001			1.0
6059.6			1.0
6060.5			1.0
6061.4			1.0
6062.3			1.0
6063.200000000001			1.0
6064.1			1.0
6065.0			1.0
6065.9			1.0
6066.8			1.0
6067.700000000001			1.0
6068.6			1.0
6069.5			1.0
6070.4			1.0
6071.3			1.0
6072.200000000001			1.0
6073.1			1.0
6074.0			1.0
6074.9			1.0
6075.8			1.0
6076.700000000001			1.0
6077.6			1.0
6078.5			1.0
6079.4			1.0
6080.3			1.0
6081.200000000001			1.0
6082.1			1.0
6083.0			1.0
6083.9			1.0
6084.8			1.0
6085.700000000001			1.0
6086.6			1.0
6087.5			1.0
6088.4			1.0
6089.3			1.0
6090.200000000001			1.0
6091.1			1.0
6092.0			1.0
6092.9			1.0
6093.8			1.0
6094.700000000001			1.0
6095.6			1.0
6096.5			1.0
6097.4			1.0
6098.3			1.0
6099.200000000001			1.0
6100.1			1.0
6101.0			1.0
6101.9			1.0
6102.8			1.0
6103.700000000001			1.0
6104.6			1.0
6105.5			1.0
6106.4			1.0
6107.3			1.0
6108.200000000001			1.0
6109.1			1.0
6110.0			1.0
6110.9			1.0
6111.8			1.0
6112.700000000001			1.0
6113.6			1.0
6114.5			1.0
6115.4			1.0
6116.3			1.0
6117.200000000001			1.0
6118.1			1.0
6119.0			1.0
6119.9			1.0
6120.8			1.0
6121.700000000001			1.0
6122.6			1.0
6123.5			1.0
6124.4			1.0
6125.3			1.0
6126.200000000001			1.0
6127.1			1.0
6128.0			1.0
6128.9			1.0
6129.8			1.0
6130.700000000001			1.0
6131.6			1.0
6132.5			1.0
6133.4			1.0
6134.3			1.0
6135.200000000001			1.0
6136.1			1.0
6137.0			1.0
6137.9			1.0
6138.8			1.0
6139.700000000001			1.0
6140.6			1.0
6141.5			1.0
6142.4			1.0
6143.3			1.0
6144.200000000001			1.0
6145.1			1.0
6146.0			1.0
6146.9			1.0
6147.8			1.0
6148.700000000001			1.0
6149.6			1.0
6150.5			1.0
6151.4			1.0
6152.3			1.0
6153.200000000001			1.0
6154.1			1.0
6155.0			1.0
6155.9			1.0
6156.8			1.0
6157.700000000001			1.0
6158.6			1.0
6159.5			1.0
6160.4			1.0
6161.3			1.0
6162.200000000001			1.0
6163.1			1.0
6164.0			1.0
6164.9			1.0
6165.8			1.0
6166.700000000001			1.0
6167.6			1.0
6168.5			1.0
6169.4			1.0
6170.3			1.0
6171.200000000001			1.0
6172.1			1.0
6173.0			1.0
6173.9			1.0
6174.8			1.0
6175.700000000001			1.0
6176.6			1.0
6177.5			1.0
6178.4			1.0
6179.3			1.0
6180.200000000001			1.0
6181.1			1.0
6182.0			1.0
6182.9			1.0
6183.8			1.0
6184.700000000001			1.0
6185.6			1.0
6186.5			1.0
6187.4			1.0
6188.3			1.0
6189.200000000001			1.0
6190.1			1.0
6191.0			1.0
6191.9			1.0
6192.8			1.0
6193.700000000001			1.0
6194.6			1.0
6195.5			1.0
6196.4			1.0
6197.3			1.0
6198.200000000001			1.0
6199.1			1.0
6200.0			1.0
6200.9			1.0
6201.8			1.0
6202.700000000001			1.0
6203.6			1.0
6204.5			1.0
6205.4			1.0
6206.3			1.0
6207.200000000001			1.0
6208.1			1.0
6209.0			1.0
6209.9			1.0
6210.8			1.0
6211.700000000001			1.0
6212.6			1.0
6213.5			1.0
6214.4			1.0
6215.3			1.0
6216.200000000001			1.0
6217.1			1.0
6218.0			1.0
6218.9			1.0
6219.8			1.0
6220.700000000001			1.0
6221.6			1.0
6222.5			1.0
6223.4			1.0
6224.3			1.0
6225.200000000001			1.0
6226.1			1.0
6227.0			1.0
6227.9			1.0
6228.8			1.0
6229.700000000001			1.0
6230.6			1.0
6231.5			1.0
6232.4			1.0
6233.3			1.0
6234.200000000001			1.0
6235.1			1.0
6236.0			1.0
6236.9			1.0
6237.8			1.0
6238.700000000001			1.0
6239.6			1.0
6240.5			1.0
6241.4			1.0
6242.3			1.0
6243.200000000001			1.0
6244.1			1.0
6245.0			1.0
6245.9			1.0
6246.8			1.0
6247.700000000001			1.0
6248.6			1.0
6249.5			1.0
6250.4			1.0
6251.3			1.0
6252.200000000001			1.0
6253.1			1.0
6254.0			1.0
6254.9			1.0
6255.8			1.0
6256.700000000001			1.0
6257.6			1.0
6258.5			1.0
6259.4			1.0
6260.3			1.0
6261.200000000001			1.0
6262.1			1.0
6263.0			1.0
6263.9			1.0
6264.8			1.0
6265.700000000001			1.0
6266.6			1.0
6267.5			1.0
6268.4			1.0
6269.3			1.0
6270.200000000001			1.0
6271.1			1.0
6272.0			1.0
6272.9			1.0
6273.8			1.0
6274.700000000001			1.0
6275.6			1.0
6276.5			1.0
6277.4			1.0
6278.3			1.0
6279.200000000001			1.0
6280.1			1.0
6281.0			1.0
6281.9			1.0
6282.8			1.0
6283.700000000001			1.0
6284.6			1.0
6285.5			1.0
6286.4			1.0
6287.3			1.0
6288.200000000001			1.0
6289.1			1.0
6290.0			1.0
6290.9			1.0
6291.8			1.0
6292.700000000001			1.0
6293.6			1.0
6294.5			1.0
6295.4			1.0
6296.3			1.0
6297.200000000001			1.0
6298.1			1.0
6299.0			1.0
6299.9			1.0
6300.8			1.0
6301.700000000001			1.0
6302.6			1.0
6303.5			1.0
6304.4			1.0
6305.3			1.0
6306.200000000001			1.0
6307.1			1.0
6308.0			1.0
6308.9			1.0
6309.8			1.0
6310.700000000001			1.0
6311.6			1.0
6312.5			1.0
6313.4			1.0
6314.3			1.0
6315.200000000001			1.0
6316.1			1.0
6317.0			1.0
6317.9			1.0
6318.8			1.0
6319.700000000001			1.0
6320.6			1.0
6321.5			1.0
6322.4			1.0
6323.3			1.0
6324.200000000001			1.0
6325.1			1.0
6326.0			1.0
6326.9			1.0
6327.8			1.0
6328.700000000001			1.0
6329.6			1.0
6330.5			1.0
6331.4			1.0
6332.3			1.0
6333.200000000001			1.0
6334.1			1.0
6335.0			1.0
6335.9			1.0
6336.8			1.0
6337.700000000001			1.0
6338.6			1.0
6339.5			1.0
6340.4			1.0
6341.3			1.0
6342.200000000001			1.0
6343.1			1.0
6344.0			1.0
6344.9			1.0
6345.8			1.0
6346.700000000001			1.0
6347.6			1.0
6348.5			1.0
6349.4			1.0
6350.3			1.0
6351.200000000001			1.0
6352.1			1.0
6353.0			1.0
6353.9			1.0
6354.8			1.0
6355.700000000001			1.0
6356.6			1.0
6357.5			1.0
6358.4			1.0
6359.3			1.0
6360.200000000001			1.0
6361.1			1.0
6362.0			1.0
6362.9			1.0
6363.8			1.0
6364.700000000001			1.0
6365.6			1.0
6366.5			1.0
6367.4			1.0
6368.3			1.0
6369.200000000001			1.0
6370.1			1.0
6371.0			1.0
6371.9			1.0
6372.8			1.0
6373.700000000001			1.0
6374.6			1.0
6375.5			1.0
6376.4			1.0
6377.3			1.0
6378.200000000001			1.0
6379.1			1.0
6380.0			1.0
6380.9			1.0
6381.8			1.0
6382.700000000001			1.0
6383.6			1.0
6384.5			1.0
6385.4			1.0
6386.3			1.0
6387.200000000001			1.0
6388.1			1.0
6389.0			1.0
6389.9			1.0
6390.8			1.0
6391.700000000001			1.0
6392.6			1.0
6393.5			1.0
6394.4			1.0
6395.3			1.0
6396.200000000001			1.0
6397.1			1.0
6398.0			1.0
6398.9			1.0
6399.8			1.0
6400.700000000001			1.0
6401.6			1.0
6402.5			1.0
6403.4			1.0
6404.3			1.0
6405.200000000001			1.0
6406.1			1.0
6407.0			1.0
6407.9			1.0
6408.8			1.0
6409.700000000001			1.0
6410.6			1.0
6411.5			1.0
6412.4			1.0
6413.3			1.0
6414.200000000001			1.0
6415.1			1.0
6416.0			1.0
6416.9			1.0
6417.8			1.0
6418.700000000001			1.0
6419.6			1.0
6420.5			1.0
6421.4			1.0
6422.3			1.0
6423.200000000001			1.0
6424.1			1.0
6425.0			1.0
6425.9			1.0
6426.8			1.0
6427.700000000001			1.0
6428.6			1.0
6429.5			1.0
6430.4			1.0
6431.3			1.0
6432.200000000001			1.0
6433.1			1.0
6434.0			1.0
6434.9			1.0
6435.8			1.0
6436.700000000001			1.0
6437.6			1.0
6438.5			1.0
6439.4			1.0
6440.3			1.0
6441.200000000001			1.0
6442.1			1.0
6443.0			1.0
6443.9			1.0
6444.8			1.0
6445.700000000001			1.0
6446.6			1.0
6447.5			1.0
6448.4			1.0
6449.3			1.0
6450.200000000001			1.0
6451.1			1.0
6452.0			1.0
6452.9			1.0
6453.8			1.0
6454.700000000001			1.0
6455.6			1.0
6456.5			1.0
6457.4			1.0
6458.3			1.0
6459.200000000001			1.0
6460.1			1.0
6461.0			1.0
6461.9			1.0
6462.8			1.0
6463.700000000001			1.0
6464.6			1.0
6465.5			1.0
6466.4			1.0
6467.3			1.0
6468.200000000001			1.0
6469.1			1.0
6470.0			1.0
6470.9			1.0
6471.8			1.0
6472.700000000001			1.0
6473.6			1.0
6474.5			1.0
6475.4			1.0
6476.3			1.0
6477.200000000001			1.0
6478.1			1.0
6479.0			1.0
6479.9			1.0
6480.8			1.0
6481.700000000001			1.0
6482.6			1.0
6483.5			1.0
6484.4			1.0
6485.3			1.0
6486.200000000001			1.0
6487.1			1.0
6488.0			1.0
6488.9			1.0
6489.8			1.0
6490.700000000001			1.0
6491.6			1.0
6492.5			1.0
6493.4			1.0
6494.3			1.0
6495.200000000001			1.0
6496.1			1.0
6497.0			1.0
6497.9			1.0
6498.8			1.0
6499.700000000001			1.0
6500.6			1.0
6501.5			1.0
6502.4			1.0
6503.3			1.0
6504.200000000001			1.0
6505.1			1.0
6506.0			1.0
6506.9			1.0
6507.8			1.0
6508.700000000001			1.0
6509.6			1.0
6510.5			1.0
6511.4			1.0
6512.3			1.0
6513.200000000001			1.0
6514.1			1.0
6515.0			1.0
6515.9			1.0
6516.8			1.0
6517.700000000001			1.0
6518.6			1.0
6519.5			1.0
6520.4			1.0
6521.3			1.0
6522.200000000001			1.0
6523.1			1.0
6524.0			1.0
6524.9			1.0
6525.8			1.0
6526.700000000001			1.0
6527.6			1.0
6528.5			1.0
6529.4			1.0
6530.3			1.0
6531.200000000001			1.0
6532.1			1.0
6533.0			1.0
6533.9			1.0
6534.8			1.0
6535.700000000001			1.0
6536.6			1.0
6537.5			1.0
6538.4			1.0
6539.3			1.0
6540.200000000001			1.0
6541.1			1.0
6542.0			1.0
6542.9			1.0
6543.8			1.0
6544.700000000001			1.0
6545.6			1.0
6546.5			1.0
6547.4			1.0
6548.3			1.0
6549.200000000001			1.0
6550.1			1.0
6551.0			1.0
6551.9			1.0
6552.8			1.0
6553.700000000001			1.0
6554.6			0.9826258265492038
6555.5			0.9648556329266029
6556.4			0.9568852343092323
6557.3			0.9487512117259992
6558.200000000001			0.9220946626128244
6559.1			0.8774742700693904
6560.0			0.8232154302647702
6560.9			0.7310517216359511
6561.8			0.5793590543363769
6562.700000000001			0.475515160728877
6563.6			0.5432046360350121
6564.5			0.7120687333027711
6565.4			0.8390713909958649
6566.3			0.9005450244495469
6567.200000000001			0.9344077401474489
6568.1			0.9505425733962328
6569.0			0.9568487529070372
6569.9			0.9732699668920028
6570.8			1.0017520781845222
6571.700000000001			1.0
6572.6			1.0
6573.5			1.0
6574.4			1.0
6575.3			1.0
6576.200000000001			1.0
6577.1			1.0
6578.0			1.0
6578.9			1.0
6579.8			1.0
6580.700000000001			1.0
6581.6			1.0
6582.5			1.0
6583.4			1.0
6584.3			1.0
6585.200000000001			1.0
6586.1			1.0
6587.0			1.0
6587.9			1.0
6588.8			1.0
6589.700000000001			1.0
6590.6			1.0
6591.5			1.0
6592.4			1.0
6593.3			1.0
6594.200000000001			1.0
6595.1			1.0
6596.0			1.0
6596.9			1.0
6597.8			1.0
6598.700000000001			1.0
6599.6			1.0
6600.5			1.0
6601.4			1.0
6602.3			1.0
6603.200000000001			1.0
6604.1			1.0
6605.0			1.0
6605.9			1.0
6606.8			1.0
6607.700000000001			1.0
6608.6			1.0
6609.5			1.0
6610.4			1.0
6611.3			1.0
6612.200000000001			1.0
6613.1			1.0
6614.0			1.0
6614.9			1.0
6615.8			1.0
6616.700000000001			1.0
6617.6			1.0
6618.5			1.0
6619.4			1.0
6620.3			1.0
6621.200000000001			1.0
6622.1			1.0
6623.0			1.0
6623.9			1.0
6624.8			1.0
6625.700000000001			1.0
6626.6			1.0
6627.5			1.0
6628.4			1.0
6629.3			1.0
6630.200000000001			1.0
6631.1			1.0
6632.0			1.0
6632.9			1.0
6633.8			1.0
6634.700000000001			1.0
6635.6			1.0
6636.5			1.0
6637.4			1.0
6638.3			1.0
6639.200000000001			1.0
6640.1			1.0
6641.0			1.0
6641.9			1.0
6642.8			1.0
6643.700000000001			1.0
6644.6			1.0
6645.5			1.0
6646.4			1.0
6647.3			1.0
6648.200000000001			1.0
6649.1			1.0
6650.0			1.0
6650.9			1.0
6651.8			1.0
6652.700000000001			1.0
6653.6			1.0
6654.5			1.0
6655.4			1.0
6656.3			1.0
6657.200000000001			1.0
6658.1			1.0
6659.0			1.0
6659.9			1.0
6660.8			1.0
6661.700000000001			1.0
6662.6			1.0
6663.5			1.0
6664.4			1.0
6665.3			1.0
6666.200000000001			1.0
6667.1			1.0
6668.0			1.0
6668.9			1.0
6669.8			1.0
6670.700000000001			1.0
6671.6			1.0
6672.5			1.0
6673.4			1.0
6674.3			1.0
6675.200000000001			1.0
6676.1			1.0
6677.0			1.0
6677.9			1.0
6678.8			1.0
6679.700000000001			1.0
6680.6			1.0
6681.5			1.0
6682.4			1.0
6683.3			1.0
6684.200000000001			1.0
6685.1			1.0
6686.0			1.0
6686.9			1.0
6687.8			1.0
6688.700000000001			1.0
6689.6			1.0
6690.5			1.0
6691.4			1.0
6692.3			1.0
6693.200000000001			1.0
6694.1			1.0
6695.0			1.0
6695.9			1.0
6696.8			1.0
6697.700000000001			1.0
6698.6			1.0
6699.5			1.0
6700.4			1.0
6701.3			1.0
6702.200000000001			1.0
6703.1			1.0
6704.0			1.0
6704.9			1.0
6705.8			1.0
6706.700000000001			1.0
6707.6			1.0
6708.5			1.0
6709.4			1.0
6710.3			1.0
6711.200000000001			1.0
6712.1			1.0
6713.0			1.0
6713.9			1.0
6714.8			1.0
6715.700000000001			1.0
6716.6			1.0
6717.5			1.0
6718.4			1.0
6719.3			1.0
6720.200000000001			1.0
6721.1			1.0
6722.0			1.0
6722.9			1.0
6723.8			1.0
6724.700000000001			1.0
6725.6			1.0
6726.5			1.0
6727.4			1.0
6728.3			1.0
6729.200000000001			1.0
6730.1			1.0
6731.0			1.0
6731.9			1.0
6732.8			1.0
6733.700000000001			1.0
6734.6			1.0
6735.5			1.0
6736.4			1.0
6737.3			1.0
6738.200000000001			1.0
6739.1			1.0
6740.0			1.0
6740.9			1.0
6741.8			1.0
6742.700000000001			1.0
6743.6			1.0
6744.5			1.0
6745.4			1.0
6746.3			1.0
6747.200000000001			1.0
6748.1			1.0
6749.0			1.0
6749.9			1.0
6750.8			1.0
6751.700000000001			1.0
6752.6			1.0
6753.5			1.0
6754.4			1.0
6755.3			1.0
6756.200000000001			1.0
6757.1			1.0
6758.0			1.0
6758.9			1.0
6759.8			1.0
6760.700000000001			1.0
6761.6			1.0
6762.5			1.0
6763.4			1.0
6764.3			1.0
6765.200000000001			1.0
6766.1			1.0
6767.0			1.0
6767.9			1.0
6768.8			1.0
6769.700000000001			1.0
6770.6			1.0
6771.5			1.0
6772.4			1.0
6773.3			1.0
6774.200000000001			1.0
6775.1			1.0
6776.0			1.0
6776.9			1.0
6777.8			1.0
6778.700000000001			1.0
6779.6			1.0
6780.5			1.0
6781.4			1.0
6782.3			1.0
6783.200000000001			1.0
6784.1			1.0
6785.0			1.0
6785.9			1.0
6786.8			1.0
6787.700000000001			1.0
6788.6			1.0
6789.5			1.0
6790.4			1.0
6791.3			1.0
6792.200000000001			1.0
6793.1			1.0
6794.0			1.0
6794.9			1.0
6795.8			1.0
6796.700000000001			1.0
6797.6			1.0
6798.5			1.0
6799.4			1.0
6800.3			1.0
6801.200000000001			1.0
6802.1			1.0
6803.0			1.0
6803.9			1.0
6804.8			1.0
6805.700000000001			1.0
6806.6			1.0
6807.5			1.0
6808.4			1.0
6809.3			1.0
6810.200000000001			1.0
6811.1			1.0
6812.0			1.0
6812.9			1.0
6813.8			1.0
6814.700000000001			1.0
6815.6			1.0
6816.5			1.0
6817.4			1.0
6818.3			1.0
6819.200000000001			1.0
6820.1			1.0
6821.0			1.0
6821.9			1.0
6822.8			1.0
6823.700000000001			1.0
6824.6			1.0
6825.5			1.0
6826.4			1.0
6827.3			1.0
6828.200000000001			1.0
6829.1			1.0
6830.0			1.0
6830.9			1.0
6831.8			1.0
6832.700000000001			1.0
6833.6			1.0
6834.5			1.0
6835.4			1.0
6836.3			1.0
6837.200000000001			1.0
6838.1			1.0
6839.0			1.0
6839.9			1.0
6840.8			1.0
6841.700000000001			1.0
6842.6			1.0
6843.5			1.0
6844.4			1.0
6845.3			1.0
6846.200000000001			1.0
6847.1			1.0
6848.0			1.0
6848.9			1.0
6849.8			1.0
6850.700000000001			1.0
6851.6			1.0
6852.5			1.0
6853.4			1.0
6854.3			1.0
6855.200000000001			1.0
6856.1			1.0
6857.0			1.0
6857.9			1.0
6858.8			1.0
6859.700000000001			1.0
6860.6			1.0
6861.5			1.0
6862.4			1.0
6863.3			1.0
6864.200000000001			1.0
6865.1			1.0
6866.0			1.0
6866.9			1.0
6867.8			1.0
6868.700000000001			1.0
6869.6			1.0
6870.5			1.0
6871.4			1.0
6872.3			1.0
6873.200000000001			1.0
6874.1			1.0
6875.0			1.0
6875.9			1.0
6876.8			1.0
6877.700000000001			1.0
6878.6			1.0
6879.5			1.0
6880.4			1.0
6881.3			1.0
6882.200000000001			1.0
6883.1			1.0
6884.0			1.0
6884.9			1.0
6885.8			1.0
6886.700000000001			1.0
6887.6			1.0
6888.5			1.0
6889.4			1.0
6890.3			1.0
6891.200000000001			1.0
6892.1			1.0
6893.0			1.0
6893.9			1.0
6894.8			1.0
6895.700000000001			1.0
6896.6			1.0
6897.5			1.0
6898.4			1.0
6899.3			1.0
6900.200000000001			1.0
6901.1			1.0
6902.0			1.0
6902.9			1.0
6903.8			1.0
6904.700000000001			1.0
6905.6			1.0
6906.5			1.0
6907.4			1.0
6908.3			1.0
6909.200000000001			1.0
6910.1			1.0
6911.0			1.0
6911.9			1.0
6912.8			1.0
6913.700000000001			1.0
6914.6			1.0
6915.5			1.0
6916.4			1.0
6917.3			1.0
6918.200000000001			1.0
6919.1			1.0
6920.0			1.0
6920.9			1.0
6921.8			1.0
6922.700000000001			1.0
6923.6			1.0
6924.5			1.0
6925.4			1.0
6926.3			1.0
6927.200000000001			1.0
6928.1			1.0
6929.0			1.0
6929.9			1.0
6930.8			1.0
6931.700000000001			1.0
6932.6			1.0
6933.5			1.0
6934.4			1.0
6935.3			1.0
6936.200000000001			1.0
6937.1			1.0
6938.0			1.0
6938.9			1.0
6939.8			1.0
6940.700000000001			1.0
6941.6			1.0
6942.5			1.0
6943.4			1.0
6944.3			1.0
6945.200000000001			1.0
6946.1			1.0
6947.0			1.0
6947.9			1.0
6948.8			1.0
6949.700000000001			1.0
6950.6			1.0
6951.5			1.0
6952.4			1.0
6953.3			1.0
6954.200000000001			1.0
6955.1			1.0
6956.0			1.0
6956.9			1.0
6957.8			1.0
6958.700000000001			1.0
6959.6			1.0
6960.5			1.0
6961.4			1.0
6962.3			1.0
6963.200000000001			1.0
6964.1			1.0
6965.0			1.0
6965.9			1.0
6966.8			1.0
6967.700000000001			1.0
6968.6			1.0
6969.5			1.0
6970.4			1.0
6971.3			1.0
6972.200000000001			1.0
6973.1			1.0
6974.0			1.0
6974.9			1.0
6975.8			1.0
6976.700000000001			1.0
6977.6			1.0
6978.5			1.0
6979.4			1.0
6980.3			1.0
6981.200000000001			1.0
6982.1			1.0
6983.0			1.0
6983.9			1.0
6984.8			1.0
6985.700000000001			1.0
6986.6			1.0
6987.5			1.0
6988.4			1.0
6989.3			1.0
6990.200000000001			1.0
6991.1			1.0
6992.0			1.0
6992.9			1.0
6993.8			1.0
6994.700000000001			1.0
6995.6			1.0
6996.5			1.0
6997.4			1.0
6998.3			1.0
6999.200000000001			1.0
7000.1			1.0
7001.0			1.0
7001.9			1.0
7002.8			1.0
7003.700000000001			1.0
7004.6			1.0
7005.5			1.0
7006.4			1.0
7007.3			1.0
7008.200000000001			1.0
7009.1			1.0
7010.0			1.0
7010.9			1.0
7011.8			1.0
7012.700000000001			1.0
7013.6			1.0
7014.5			1.0
7015.4			1.0
7016.3			1.0
7017.200000000001			1.0
7018.1			1.0
7019.0			1.0
7019.9			1.0
7020.8			1.0
7021.700000000001			1.0
7022.6			1.0
7023.5			1.0
7024.4			1.0
7025.3			1.0
7026.200000000001			1.0
7027.1			1.0
7028.0			1.0
7028.9			1.0
7029.8			1.0
7030.700000000001			1.0
7031.6			1.0
7032.5			1.0
7033.4			1.0
7034.3			1.0
7035.200000000001			1.0
7036.1			1.0
7037.0			1.0
7037.9			1.0
7038.8			1.0
7039.700000000001			1.0
7040.6			1.0
7041.5			1.0
7042.4			1.0
7043.3			1.0
7044.200000000001			1.0
7045.1			1.0
7046.0			1.0
7046.9			1.0
7047.8			1.0
7048.700000000001			1.0
7049.6			1.0
7050.5			1.0
7051.4			1.0
7052.3			1.0
7053.200000000001			1.0
7054.1			1.0
7055.0			1.0
7055.9			1.0
7056.8			1.0
7057.700000000001			1.0
7058.6			1.0
7059.5			1.0
7060.4			1.0
7061.3			1.0
7062.200000000001			1.0
7063.1			1.0
7064.0			1.0
7064.9			1.0
7065.8			1.0
7066.700000000001			1.0
7067.6			1.0
7068.5			1.0
7069.4			1.0
7070.3			1.0
7071.200000000001			1.0
7072.1			1.0
7073.0			1.0
7073.9			1.0
7074.8			1.0
7075.700000000001			1.0
7076.6			1.0
7077.5			1.0
7078.4			1.0
7079.3			1.0
7080.200000000001			1.0
7081.1			1.0
7082.0			1.0
7082.9			1.0
7083.8			1.0
7084.700000000001			1.0
7085.6			1.0
7086.5			1.0
7087.4			1.0
7088.3			1.0
7089.200000000001			1.0
7090.1			1.0
7091.0			1.0
7091.9			1.0
7092.8			1.0
7093.700000000001			1.0
7094.6			1.0
7095.5			1.0
7096.4			1.0
7097.3			1.0
7098.200000000001			1.0
7099.1			1.0
7100.0			1.0
7100.9			1.0
7101.8			1.0
7102.700000000001			1.0
7103.6			1.0
7104.5			1.0
7105.4			1.0
7106.3			1.0
7107.200000000001			1.0
7108.1			1.0
7109.0			1.0
7109.9			1.0
7110.8			1.0
7111.700000000001			1.0
7112.6			1.0
7113.5			1.0
7114.4			1.0
7115.3			1.0
7116.200000000001			1.0
7117.1			1.0
7118.0			1.0
7118.9			1.0
7119.8			1.0
7120.700000000001			1.0
7121.6			1.0
7122.5			1.0
7123.4			1.0
7124.3			1.0
7125.200000000001			1.0
7126.1			1.0
7127.0			1.0
7127.9			1.0
7128.8			1.0
7129.700000000001			1.0
7130.6			1.0
7131.5			1.0
7132.4			1.0
7133.3			1.0
7134.200000000001			1.0
7135.1			1.0
7136.0			1.0
7136.9			1.0
7137.8			1.0
7138.700000000001			1.0
7139.6			1.0
7140.5			1.0
7141.4			1.0
7142.3			1.0
7143.200000000001			1.0
7144.1			1.0
7145.0			1.0
7145.9			1.0
7146.8			1.0
7147.700000000001			1.0
7148.6			1.0
7149.5			1.0
7150.4			1.0
7151.3			1.0
7152.200000000001			1.0
7153.1			1.0
7154.0			1.0
7154.9			1.0
7155.8			1.0
7156.700000000001			1.0
7157.6			1.0
7158.5			1.0
7159.4			1.0
7160.3			1.0
7161.200000000001			1.0
7162.1			1.0
7163.0			1.0
7163.9			1.0
7164.8			1.0
7165.700000000001			1.0
7166.6			1.0
7167.5			1.0
7168.4			1.0
7169.3			1.0
7170.200000000001			1.0
7171.1			1.0
7172.0			1.0
7172.9			1.0
7173.8			1.0
7174.700000000001			1.0
7175.6			1.0
7176.5			1.0
7177.4			1.0
7178.3			1.0
7179.200000000001			1.0
7180.1			1.0
7181.0			1.0
7181.9			1.0
7182.8			1.0
7183.700000000001			1.0
7184.6			1.0
7185.5			1.0
7186.4			1.0
7187.3			1.0
7188.200000000001			1.0
7189.1			1.0
7190.0			1.0
7190.9			1.0
7191.8			1.0
7192.700000000001			1.0
7193.6			1.0
7194.5			1.0
7195.4			1.0
7196.3			1.0
7197.200000000001			1.0
7198.1			1.0
7199.0			1.0
7199.9			1.0
7200.8			1.0
7201.700000000001			1.0
7202.6			1.0
7203.5			1.0
7204.4			1.0
7205.3			1.0
7206.200000000001			1.0
7207.1			1.0
7208.0			1.0
7208.9			1.0
7209.8			1.0
7210.700000000001			1.0
7211.6			1.0
7212.5			1.0
7213.4			1.0
7214.3			1.0
7215.200000000001			1.0
7216.1			1.0
7217.0			1.0
7217.9			1.0
7218.8			1.0
7219.700000000001			1.0
7220.6			1.0
7221.5			1.0
7222.4			1.0
7223.3			1.0
7224.200000000001			1.0
7225.1			1.0
7226.0			1.0
7226.9			1.0
7227.8			1.0
7228.700000000001			1.0
7229.6			1.0
7230.5			1.0
7231.4			1.0
7232.3			1.0
7233.200000000001			1.0
7234.1			1.0
7235.0			1.0
7235.9			1.0
7236.8			1.0
7237.700000000001			1.0
7238.6			1.0
7239.5			1.0
7240.4			1.0
7241.3			1.0
7242.200000000001			1.0
7243.1			1.0
7244.0			1.0
7244.9			1.0
7245.8			1.0
7246.700000000001			1.0
7247.6			1.0
7248.5			1.0
7249.4			1.0
7250.3			1.0
7251.200000000001			1.0
7252.1			1.0
7253.0			1.0
7253.9			1.0
7254.8			1.0
7255.700000000001			1.0
7256.6			1.0
7257.5			1.0
7258.4			1.0
7259.3			1.0
7260.200000000001			1.0
7261.1			1.0
7262.0			1.0
7262.9			1.0
7263.8			1.0
7264.700000000001			1.0
7265.6			1.0
7266.5			1.0
7267.4			1.0
7268.3			1.0
7269.200000000001			1.0
7270.1			1.0
7271.0			1.0
7271.9			1.0
7272.8			1.0
7273.700000000001			1.0
7274.6			1.0
7275.5			1.0
7276.4			1.0
7277.3			1.0
7278.200000000001			1.0
7279.1			1.0
7280.0			1.0
7280.9			1.0
7281.8			1.0
7282.700000000001			1.0
7283.6			1.0
7284.5			1.0
7285.4			1.0
7286.3			1.0
7287.200000000001			1.0
7288.1			1.0
7289.0			1.0
7289.9			1.0
7290.8			1.0
7291.700000000001			1.0
7292.6			1.0
7293.5			1.0
7294.4			1.0
7295.3			1.0
7296.200000000001			1.0
7297.1			1.0
7298.0			1.0
7298.9			1.0
7299.8			1.0
7300.700000000001			1.0
7301.6			1.0
7302.5			1.0
7303.4			1.0
7304.3			1.0
7305.200000000001			1.0
7306.1			1.0
7307.0			1.0
7307.9			1.0
7308.8			1.0
7309.700000000001			1.0
7310.6			1.0
7311.5			1.0
7312.4			1.0
7313.3			1.0
7314.200000000001			1.0
7315.1			1.0
7316.0			1.0
7316.9			1.0
7317.8			1.0
7318.700000000001			1.0
7319.6			1.0
7320.5			1.0
7321.4			1.0
7322.3			1.0
7323.200000000001			1.0
7324.1			1.0
7325.0			1.0
7325.9			1.0
7326.8			1.0
7327.700000000001			1.0
7328.6			1.0
7329.5			1.0
7330.4			1.0
7331.3			1.0
7332.200000000001			1.0
7333.1			1.0
7334.0			1.0
7334.9			1.0
7335.8			1.0
7336.700000000001			1.0
7337.6			1.0
7338.5			1.0
7339.4			1.0
7340.3			1.0
7341.200000000001			1.0
7342.1			1.0
7343.0			1.0
7343.9			1.0
7344.8			1.0
7345.700000000001			1.0
7346.6			1.0
7347.5			1.0
7348.4			1.0
7349.3			1.0
7350.200000000001			1.0
7351.1			1.0
7352.0			1.0
7352.9			1.0
7353.8			1.0
7354.700000000001			1.0
7355.6			1.0
7356.5			1.0
7357.4			1.0
7358.3			1.0
7359.200000000001			1.0
7360.1			1.0
7361.0			1.0
7361.9			1.0
7362.8			1.0
7363.700000000001			1.0
7364.6			1.0
7365.5			1.0
7366.4			1.0
7367.3			1.0
7368.200000000001			1.0
7369.1			1.0
7370.0			1.0
7370.9			1.0
7371.8			1.0
7372.700000000001			1.0
7373.6			1.0
7374.5			1.0
7375.4			1.0
7376.3			1.0
7377.200000000001			1.0
7378.1			1.0
7379.0			1.0
7379.9			1.0
7380.8			1.0
7381.700000000001			1.0
7382.6			1.0
7383.5			1.0
7384.4			1.0
7385.3			1.0
7386.200000000001			1.0
7387.1			1.0
7388.0			1.0
7388.9			1.0
7389.8			1.0
7390.700000000001			1.0
7391.6			1.0
7392.5			1.0
7393.4			1.0
7394.3			1.0
7395.200000000001			1.0
7396.1			1.0
7397.0			1.0
7397.9			1.0
7398.8			1.0
7399.700000000001			1.0
7400.6			1.0
7401.5			1.0
7402.4			1.0
7403.3			1.0
7404.200000000001			1.0
7405.1			1.0
7406.0			1.0
7406.9			1.0
7407.8			1.0
7408.700000000001			1.0
7409.6			1.0
7410.5			1.0
7411.4			1.0
7412.3			1.0
7413.200000000001			1.0
7414.1			1.0
7415.0			1.0
7415.9			1.0
7416.8			1.0
7417.700000000001			1.0
7418.6			1.0
7419.5			1.0
7420.4			1.0
7421.3			1.0
7422.200000000001			1.0
7423.1			1.0
7424.0			1.0
7424.9			1.0
7425.8			1.0
7426.700000000001			1.0
7427.6			1.0
7428.5			1.0
7429.4			1.0
