3500.0			1.0
3500.9			1.0
3501.8			1.0
3502.7			1.0
3503.6			1.0
3504.5			1.0
3505.4			1.0
3506.3			1.0
3507.2			1.0
3508.1			1.0
3509.0			1.0
3509.9			1.0
3510.8			1.0
3511.7			1.0
3512.6			1.0
3513.5			1.0
3514.4			1.0
3515.3			1.0
3516.2			1.0
3517.1			1.0
3518.0			1.0
3518.9			1.0
3519.8			1.0
3520.7			1.0
3521.6			1.0
3522.5			1.0
3523.4			1.0
3524.3			1.0
3525.2			1.0
3526.1			1.0
3527.0			1.0
3527.9			1.0
3528.8			1.0
3529.7			1.0
3530.6			1.0
3531.5			1.0
3532.4			1.0
3533.3			1.0
3534.2			1.0
3535.1			1.0
3536.0			1.0
3536.9			1.0
3537.8			1.0
3538.7			1.0
3539.6			1.0
3540.5			1.0
3541.4			1.0
3542.3			1.0
3543.2			1.0
3544.1			1.0
3545.0			1.0
3545.9			1.0
3546.8			1.0
3547.7			1.0
3548.6			1.0
3549.5			1.0
3550.4			1.0
3551.3			1.0
3552.2			1.0
3553.1			1.0
3554.0			1.0
3554.9			1.0
3555.8			1.0
3556.7			1.0
3557.6			1.0
3558.5			1.0
3559.4			1.0
3560.3			1.0
3561.2			1.0
3562.1			1.0
3563.0			1.0
3563.9			1.0
3564.8			1.0
3565.7			1.0
3566.6			1.0
3567.5			1.0
3568.4			1.0
3569.3			1.0
3570.2			1.0
3571.1			1.0
3572.0			1.0
3572.9			1.0
3573.8			1.0
3574.7			1.0
3575.6			1.0
3576.5			1.0
3577.4			1.0
3578.3			1.0
3579.2			1.0
3580.1			1.0
3581.0			1.0
3581.9			1.0
3582.8			1.0
3583.7			1.0
3584.6			1.0
3585.5			1.0
3586.4			1.0
3587.3			1.0
3588.2			1.0
3589.1			1.0
3590.0			1.0
3590.9			1.0
3591.8			1.0
3592.7			1.0
3593.6			1.0
3594.5			1.0
3595.4			1.0
3596.3			1.0
3597.2			1.0
3598.1			1.0
3599.0			1.0
3599.9			1.0
3600.8			1.0
3601.7			1.0
3602.6			1.0
3603.5			1.0
3604.4			1.0
3605.3			1.0
3606.2			1.0
3607.1			1.0
3608.0			1.0
3608.9			1.0
3609.8			1.0
3610.7			1.0
3611.6			1.0
3612.5			1.0
3613.4			1.0
3614.3			1.0
3615.2			1.0
3616.1			1.0
3617.0			1.0
3617.9			1.0
3618.8			1.0
3619.7			1.0
3620.6			1.0
3621.5			1.0
3622.4			1.0
3623.3			1.0
3624.2			1.0
3625.1			1.0
3626.0			1.0
3626.9			1.0
3627.8			1.0
3628.7			1.0
3629.6			1.0
3630.5			1.0
3631.4			1.0
3632.3			1.0
3633.2			1.0
3634.1			1.0
3635.0			1.0
3635.9			1.0
3636.8			1.0
3637.7			1.0
3638.6			1.0
3639.5			1.0
3640.4			1.0
3641.3			1.0
3642.2			1.0
3643.1			1.0
3644.0			1.0
3644.9			1.0
3645.8			1.0
3646.7			1.0
3647.6			1.0
3648.5			1.0
3649.4			1.0
3650.3			1.0
3651.2			1.0
3652.1			1.0
3653.0			1.0
3653.9			1.0
3654.8			1.0
3655.7			1.0
3656.6			1.0
3657.5			1.0
3658.4			1.0
3659.3			1.0
3660.2			1.0
3661.1			1.0
3662.0			1.0
3662.9			1.0
3663.8			1.0
3664.7			1.0
3665.6			1.0
3666.5			1.0
3667.4			1.0
3668.3			1.0
3669.2			1.0
3670.1			1.0
3671.0			1.0
3671.9			1.0
3672.8			1.0
3673.7			1.0
3674.6			1.0
3675.5			1.0
3676.4			1.0
3677.3			1.0
3678.2			1.0
3679.1			1.0
3680.0			1.0
3680.9			1.0
3681.8			1.0
3682.7			1.0
3683.6			1.0
3684.5			1.0
3685.4			1.0
3686.3			1.0
3687.2			1.0
3688.1			1.0
3689.0			1.0
3689.9			1.0
3690.8			1.0
3691.7			1.0
3692.6			1.0
3693.5			1.0
3694.4			1.0
3695.3			1.0
3696.2			1.0
3697.1			1.0
3698.0			1.0
3698.9			1.0
3699.8			1.0
3700.7			1.0
3701.6			1.0
3702.5			1.0
3703.4			1.0
3704.3			1.0
3705.2			1.0
3706.1			1.0
3707.0			1.0
3707.9			1.0
3708.8			1.0
3709.7			1.0
3710.6			1.0
3711.5			1.0
3712.4			1.0
3713.3			1.0
3714.2			1.0
3715.1			1.0
3716.0			1.0
3716.9			1.0
3717.8			1.0
3718.7			1.0
3719.6			1.0
3720.5			1.0
3721.4			1.0
3722.3			1.0
3723.2			1.0
3724.1			1.0
3725.0			1.0
3725.9			1.0
3726.8			1.0
3727.7			1.0
3728.6			1.0
3729.5			1.0
3730.4			1.0
3731.3			1.0
3732.2			1.0
3733.1			1.0
3734.0			1.0
3734.9			1.0
3735.8			1.0
3736.7			1.0
3737.6			1.0
3738.5			1.0
3739.4			1.0
3740.3			1.0
3741.2			1.0
3742.1			1.0
3743.0			1.0
3743.9			1.0
3744.8			1.0
3745.7			1.0
3746.6			1.0
3747.5			1.0
3748.4			1.0
3749.3			1.0
3750.2			1.0
3751.1			1.0
3752.0			1.0
3752.9			1.0
3753.8			1.0
3754.7			1.0
3755.6			1.0
3756.5			1.0
3757.4			1.0
3758.3			1.0
3759.2			1.0
3760.1			1.0
3761.0			1.0
3761.9			1.0
3762.8			1.0
3763.7			1.0
3764.6			1.0
3765.5			1.0
3766.4			1.0
3767.3			1.0
3768.2			1.0
3769.1			1.0
3770.0			1.0
3770.9			1.0
3771.8			1.0
3772.7			1.0
3773.6			1.0
3774.5			1.0
3775.4			1.0
3776.3			1.0
3777.2			1.0
3778.1			1.0
3779.0			1.0
3779.9			1.0
3780.8			1.0
3781.7			1.0
3782.6			1.0
3783.5			1.0
3784.4			1.0
3785.3			1.0
3786.2			1.0
3787.1			1.0
3788.0			1.0
3788.9			1.0
3789.8			1.0
3790.7			1.0
3791.6			1.0
3792.5			1.0
3793.4			1.0
3794.3			1.0
3795.2			1.0
3796.1			1.0
3797.0			1.0
3797.9			1.0
3798.8			1.0
3799.7			1.0
3800.6			1.0
3801.5			1.0
3802.4			1.0
3803.3			1.0
3804.2			1.0
3805.1			1.0
3806.0			1.0
3806.9			1.0
3807.8			1.0
3808.7			1.0
3809.6			1.0
3810.5			1.0
3811.4			1.0
3812.3			1.0
3813.2			1.0
3814.1			1.0
3815.0			1.0
3815.9			1.0
3816.8			1.0
3817.7			1.0
3818.6			1.0
3819.5			1.0
3820.4			1.0
3821.3			1.0
3822.2			1.0
3823.1			1.0
3824.0			1.0
3824.9			1.0
3825.8			1.0
3826.7			1.0
3827.6			1.0
3828.5			1.0
3829.4			1.0
3830.3			1.0
3831.2			1.0
3832.1			1.0
3833.0			1.0
3833.9			1.0
3834.8			1.0
3835.7			1.0
3836.6			1.0
3837.5			1.0
3838.4			1.0
3839.3			1.0
3840.2			1.0
3841.1			1.0
3842.0			1.0
3842.9			1.0
3843.8			1.0
3844.7			1.0
3845.6			1.0
3846.5			1.0
3847.4			1.0
3848.3			1.0
3849.2			1.0
3850.1			1.0
3851.0			1.0
3851.9			1.0
3852.8			1.0
3853.7			1.0
3854.6			1.0
3855.5			1.0
3856.4			1.0
3857.3			1.0
3858.2			1.0
3859.1			1.0
3860.0			1.0
3860.9			1.0
3861.8			1.0
3862.7			1.0
3863.6			1.0
3864.5			1.0
3865.4			1.0
3866.3			1.0
3867.2			1.0
3868.1			1.0
3869.0			1.0
3869.9			1.0
3870.8			1.0
3871.7			1.0
3872.6			1.0
3873.5			1.0
3874.4			1.0
3875.3			1.0
3876.2			1.0
3877.1			1.0
3878.0			1.0
3878.9			1.0
3879.8			1.0
3880.7			1.0
3881.6			1.0
3882.5			1.0
3883.4			1.0
3884.3			1.0
3885.2			1.0
3886.1			1.0
3887.0			1.0
3887.9			1.0
3888.8			1.0
3889.7			1.0
3890.6			1.0
3891.5			1.0
3892.4			1.0
3893.3			1.0
3894.2			1.0
3895.1			1.0
3896.0			1.0
3896.9			1.0
3897.8			1.0
3898.7			1.0
3899.6			1.0
3900.5			1.0
3901.4			1.0
3902.3			1.0
3903.2			1.0
3904.1			1.0
3905.0			1.0
3905.9			1.0
3906.8			1.0
3907.7			1.0
3908.6			1.0
3909.5			1.0
3910.4			1.0
3911.3			1.0
3912.2			1.0
3913.1			1.0
3914.0			1.0
3914.9			1.0
3915.8			1.0
3916.7			1.0
3917.6			1.0
3918.5			1.0
3919.4			1.0
3920.3			1.0
3921.2			1.0
3922.1			1.0
3923.0			1.0
3923.9			1.0
3924.8			1.0
3925.7			1.0
3926.6			1.0
3927.5			1.0
3928.4			1.0
3929.3			1.0
3930.2			1.0
3931.1			1.0
3932.0			1.0
3932.9			1.0
3933.8			1.0
3934.7			1.0
3935.6			1.0
3936.5			1.0
3937.4			1.0
3938.3			1.0
3939.2			1.0
3940.1			1.0
3941.0			1.0
3941.9			1.0
3942.8			1.0
3943.7			1.0
3944.6			1.0
3945.5			1.0
3946.4			1.0
3947.3			1.0
3948.2			1.0
3949.1			1.0
3950.0			1.0
3950.9			1.0
3951.8			1.0
3952.7			1.0
3953.6			1.0
3954.5			1.0
3955.4			1.0
3956.3			1.0
3957.2			1.0
3958.1			1.0
3959.0			1.0
3959.9			1.0
3960.8			1.0
3961.7			1.0
3962.6			1.0
3963.5			1.0
3964.4			1.0
3965.3			1.0
3966.2			1.0
3967.1			1.0
3968.0			1.0
3968.9			1.0
3969.8			1.0
3970.7			1.0
3971.6			1.0
3972.5			1.0
3973.4			1.0
3974.3			1.0
3975.2			1.0
3976.1			1.0
3977.0			1.0
3977.9			1.0
3978.8			1.0
3979.7			1.0
3980.6			1.0
3981.5			1.0
3982.4			1.0
3983.3			1.0
3984.2			1.0
3985.1			1.0
3986.0			1.0
3986.9			1.0
3987.8			1.0
3988.7			1.0
3989.6			1.0
3990.5			1.0
3991.4			1.0
3992.3			1.0
3993.2			1.0
3994.1			1.0
3995.0			1.0
3995.9			1.0
3996.8			1.0
3997.7			1.0
3998.6			1.0
3999.5			1.0
4000.4			1.0
4001.3			1.0
4002.2			1.065924843246384
4003.1			1.1244195333036866
4004.0			1.0316526615909654
4004.9			0.8450382517967738
4005.8			0.7408424904894295
4006.7			0.7872061279439101
4007.6			0.8991616430850927
4008.5			0.9788966210821205
4009.4			1.0040915802105106
4010.3			1.0
4011.2			1.0
4012.1			1.0
4013.0			1.0
4013.9			1.0
4014.8			1.0
4015.7			1.0
4016.6			1.0
4017.5			1.0
4018.4			1.0
4019.3			1.0
4020.2			1.0
4021.1			1.0
4022.0			1.0
4022.9			1.0
4023.8			1.0
4024.7			1.0
4025.6			1.0
4026.5			1.0
4027.4			1.0726612429531208
4028.3			1.1405781383529983
4029.2			1.1154992173153113
4030.1			0.9353727714736012
4031.0			0.7577373355801182
4031.9			0.7050622067891671
4032.8			0.6935594684169818
4033.7			0.6834274376878027
4034.6			0.7339485852148654
4035.5			0.855567862287072
4036.4			1.0018093148346323
4037.3			1.1109200820355851
4038.2			1.1416303329028972
4039.1			1.090542093452131
4040.0			1.0
4040.9			0.9506276618904254
4041.8			0.9915969985834567
4042.7			1.0277069206058662
4043.6			0.918292010972181
4044.5			0.6835738997477488
4045.4			0.4998201180386814
4046.3			0.5224617276293289
4047.2			0.7171591463130901
4048.1			0.894358354443671
4049.0			0.9667320028851251
4049.9			1.000764140724684
4050.8			1.0
4051.7			1.0
4052.6			1.0
4053.5			1.0
4054.4			1.0
4055.3			1.0
4056.2			1.0
4057.1			1.0
4058.0			0.9158353939964795
4058.9			0.9559196953793996
4059.8			1.0961134937243961
4060.7			1.1992418082517653
4061.6			1.1206468698048948
4062.5			0.8675968888842732
4063.4			0.6488266985281943
4064.3			0.6643614153186663
4065.2			0.8349841491120172
4066.1			0.9193064590443663
4067.0			0.8902371990316646
4067.9			0.9059885017590027
4068.8			1.0072086074171596
4069.7			1.0
4070.6			1.0
4071.5			1.0
4072.4			0.9625338035200584
4073.3			1.0924325560088564
4074.2			1.1265891551397114
4075.1			0.9817863966544551
4076.0			0.7846583458186274
4076.9			0.6654655751788682
4077.8			0.6679903235901173
4078.7			0.7465150794120599
4079.6			0.8528653939464508
4080.5			0.9656498919305859
4081.4			0.9967952808797759
4082.3			1.0
4083.2			1.0
4084.1			1.0
4085.0			1.0
4085.9			1.0
4086.8			1.0
4087.7			1.0
4088.6			1.0
4089.5			1.0
4090.4			1.0
4091.3			0.9710593388415069
4092.2			0.9498254884563235
4093.1			0.9627178223763742
4094.0			0.9860432216929427
4094.9			0.9224465690820731
4095.8			0.8095328047049656
4096.7			0.7781488076461922
4097.6			0.8305863664431764
4098.5			0.8768583449365739
4099.4			0.8637658186222962
4100.3			0.7917589347211221
4101.2			0.7393861528189597
4102.1			0.784583566846911
4103.0			0.8767363565121946
4103.9			0.9306834033607687
4104.8			0.9834790387856589
4105.7			1.1006124411999314
4106.6			1.202104544232163
4107.5			1.0
4108.4			0.9429435599572518
4109.3			0.8732210980482972
4110.2			0.8166707659208715
4111.1			0.7851179672917304
4112.0			0.7867396805072373
4112.9			0.850194568698595
4113.8			0.92628979386602
4114.7			0.942823783745144
4115.6			0.9386190604653528
4116.5			0.9580287111639838
4117.4			0.9422460370864613
4118.3			0.8517398503962275
4119.2			0.7958856930238699
4120.1			0.8546086595690905
4121.0			0.9284631434883305
4121.9			0.9210772381527659
4122.8			0.8794590496759112
4123.7			0.9077461752237608
4124.6			1.0019172602369368
4125.5			1.0522774943841182
4126.4			1.0277366863314898
4127.3			0.9733950366862685
4128.2			0.9149863797206608
4129.1			0.8719765971082543
4130.0			0.8496709421614953
4130.9			0.8219283014037471
4131.8			0.7654889476007481
4132.7			0.7140205603974489
4133.6			0.7299825961770094
4134.5			0.8255218268817601
4135.4			0.9492302697272018
4136.3			1.0133092024562267
4137.2			1.0025781742914883
4138.1			0.9948767619907725
4139.0			1.0118273831441187
4139.9			1.0231195328469094
4140.8			0.9986721957558563
4141.7			0.8705770875788491
4142.6			0.6650066281173472
4143.5			0.5635712852909662
4144.4			0.6608906470772441
4145.3			0.8444447636985852
4146.2			0.9640608194810185
4147.1			0.9856479224894741
4148.0			0.950973225686014
4148.9			0.8895124250828819
4149.8			0.8436172458407236
4150.7			0.8523059823787638
4151.6			0.8882653906434086
4152.5			0.9115985789321146
4153.4			0.9165826993559005
4154.3			0.9176401294471461
4155.2			0.9160297169136993
4156.1			0.9114682028123429
4157.0			0.949831882435848
4157.9			1.040837384617756
4158.8			1.1168790274076472
4159.7			1.0
4160.6			0.9780598305290814
4161.5			0.9814936522114891
4162.4			1.0207014859637915
4163.3			1.0266062643158211
4164.2			0.9695840521361029
4165.1			0.9221437983172098
4166.0			0.9116575101577127
4166.9			0.8792107811045414
4167.8			0.8465468704421059
4168.7			0.8732568248565867
4169.6			0.9261678812589742
4170.5			0.9333007440659024
4171.4			0.8532338796274161
4172.3			0.7307709787700206
4173.2			0.6736893181102924
4174.1			0.7111415585982735
4175.0			0.772779638876316
4175.9			0.8028075626571002
4176.8			0.7906272012145146
4177.7			0.7681529306924221
4178.6			0.7931820039291217
4179.5			0.8445391176304899
4180.4			0.8456249328168501
4181.3			0.8053212980183181
4182.2			0.7882569742916173
4183.1			0.8340395818480563
4184.0			0.9289021373512515
4184.9			1.0126842444957653
4185.8			0.9999206710287563
4186.7			1.0
4187.6			1.0
4188.5			1.0
4189.4			1.0
4190.3			1.0
4191.2			0.9784699284669465
4192.1			1.0451876964052835
4193.0			1.1354831468363638
4193.9			1.1404915216264226
4194.8			1.0598806680909836
4195.7			0.9431973003942593
4196.6			0.8479019696678919
4197.5			0.8070430152803201
4198.4			0.8219750647016817
4199.3			0.8575162869244808
4200.2			0.8445431402481883
4201.1			0.7805069264665223
4202.0			0.752587600240729
4202.9			0.8101994220907777
4203.8			0.8776009645892429
4204.7			0.8915247946096961
4205.6			0.9149180636298074
4206.5			0.9847738006986666
4207.4			1.0541744767295154
4208.3			1.0856844885140773
4209.2			1.0567803587024656
4210.1			0.996149616652351
4211.0			0.9862716497029558
4211.9			1.0
4212.8			0.9604693739875474
4213.7			0.861896866460543
4214.6			0.7352110996228685
4215.5			0.6680895193121156
4216.4			0.7624654149212977
4217.3			0.9384557905087749
4218.2			1.022391592740732
4219.1			1.0
4220.0			1.0121492023800098
4220.9			1.0283667120378484
4221.8			0.9890353428435207
4222.7			0.88478652600792
4223.6			0.7640246689579479
4224.5			0.6430527370169802
4225.4			0.48691272907640387
4226.3			0.33763379245331465
4227.2			0.3574540187035702
4228.1			1.0
4229.0			1.3433370743560968
4229.9			1.4867115937228588
4230.8			1.513731868301152
4231.7			1.4387212800935913
4232.6			1.2722218238855485
4233.5			1.1437320579347816
4234.4			1.0986437311832429
4235.3			1.0453754733540495
4236.2			0.961268446736299
4237.1			0.9192999407173509
4238.0			0.9254314675636567
4238.9			0.9244395509380858
4239.8			0.9136516132220922
4240.7			0.9256486402065807
4241.6			1.0
4242.5			1.0181097469673905
4243.4			1.0770077939527845
4244.3			1.188035393554941
4245.2			1.2271752264530422
4246.1			1.1584864893312405
4247.0			1.050500529197522
4247.9			0.9592933781396433
4248.8			0.8961721604409085
4249.7			0.8301215334184853
4250.6			0.8052958035804039
4251.5			0.8969014463095529
4252.4			0.9943413201172893
4253.3			0.9550305137408618
4254.2			0.8475493550772634
4255.1			1.0
4256.0			1.112428449840677
4256.9			1.2227930816206696
4257.8			1.168999129313232
4258.7			0.992543939801819
4259.6			0.8210155250030986
4260.5			0.7208393975327317
4261.4			0.748308525043114
4262.3			0.8798827127566742
4263.2			1.0
4264.1			1.0699739601907459
4265.0			1.0946903687191645
4265.9			1.1012767919061737
4266.8			1.0612040151166116
4267.7			0.9861875875818027
4268.6			0.9254082882765831
4269.5			0.8730077137801944
4270.4			0.7629548034608429
4271.3			0.6263113223853591
4272.2			0.6087480195145244
4273.1			0.6945131609156251
4274.0			0.7303835715532145
4274.9			0.7465983921730964
4275.8			0.8662258282202295
4276.7			1.0
4277.6			1.1534692131499036
4278.5			1.194009534565292
4279.4			1.0619664982592059
4280.3			0.8977914729011985
4281.2			0.8719735718892414
4282.1			0.9368254529158156
4283.0			0.9989362868702649
4283.9			1.017538048253126
4284.8			0.9594024709782298
4285.7			0.8931869176167464
4286.6			0.9085494836624189
4287.5			0.9451372453962565
4288.4			0.8906731642523121
4289.3			0.7676672105654492
4290.2			0.7016235292923272
4291.1			0.7596749649301171
4292.0			0.8898900321763168
4292.9			0.9901505419329768
4293.8			0.9934395532049703
4294.7			0.9605020990765729
4295.6			0.9695288289860454
4296.5			0.962508971542684
4297.4			0.885998623556391
4298.3			0.7608402599047658
4299.2			0.6267472147754672
4300.1			0.5704906836308766
4301.0			0.6224415574562852
4301.9			0.668781210637018
4302.8			0.6657268084477109
4303.7			0.6818486410113209
4304.6			0.6974132313194298
4305.5			0.6665188311059479
4306.4			0.6152081999503907
4307.3			0.5526652761283906
4308.2			0.5001702220542367
4309.1			0.5142001889235613
4310.0			0.5852441490476802
4310.9			0.6740772584201729
4311.8			0.7750596900520573
4312.7			0.8661357636902274
4313.6			0.9160256595213448
4314.5			0.996781890407418
4315.4			1.2035838013979734
4316.3			1.4524273138017672
4317.2			1.5797137719163448
4318.1			1.5619165104526964
4319.0			1.0
4319.9			0.9645851293663442
4320.8			0.9403319109804119
4321.7			0.9205053370153261
4322.6			0.853546324371193
4323.5			0.7093453281833143
4324.4			0.5537290891674106
4325.3			0.4730707715135529
4326.2			0.5367816065507995
4327.1			0.7481192862064033
4328.0			0.9870532638996592
4328.9			1.1016412942442397
4329.8			1.065604741523354
4330.7			1.0035820776113087
4331.6			1.0
4332.5			1.0535012504308887
4333.4			1.0796578976344597
4334.3			1.117829395685449
4335.2			1.1791760171433396
4336.1			1.14870020708292
4337.0			0.9775716686825661
4337.9			0.815282011060247
4338.8			0.743121765768758
4339.7			0.6970589685796633
4340.6			0.6959892587379545
4341.5			0.8013070373483827
4342.4			0.92881312018753
4343.3			0.9679170504401887
4344.2			0.9763012552184385
4345.1			1.0259132270772091
4346.0			1.0
4346.9			0.9622697549639692
4347.8			0.9827329146970808
4348.7			1.0750430923580352
4349.6			1.0803210167603399
4350.5			0.9132310631190399
4351.4			0.718981512115128
4352.3			0.6809395584459071
4353.2			0.7741689131172041
4354.1			0.8558047302892147
4355.0			0.8891295288860289
4355.9			0.9421105183867877
4356.8			1.012761090713182
4357.7			0.9999845199446138
4358.6			1.0
4359.5			1.0
4360.4			1.0
4361.3			1.0
4362.2			1.0
4363.1			1.0
4364.0			1.0
4364.9			1.0
4365.8			1.0
4366.7			1.0
4367.6			1.0
4368.5			1.0
4369.4			1.0
4370.3			1.0182951876358628
4371.2			1.0
4372.1			0.9934757940467729
4373.0			0.9337767016424074
4373.9			0.818256883257343
4374.8			0.7412256467757107
4375.7			0.780673524140442
4376.6			0.917882923575796
4377.5			1.0437692256805047
4378.4			1.0861808716298893
4379.3			1.0589572223991517
4380.2			1.0217162014513739
4381.1			0.9823805853008661
4382.0			0.8389480714963566
4382.9			0.5942070807891933
4383.8			0.4452189605760408
4384.7			0.5269792271868822
4385.6			0.7547725256087134
4386.5			0.9397422556470184
4387.4			0.9873208781935584
4388.3			0.9591457312991855
4389.2			0.9193931697121434
4390.1			0.8873394600991147
4391.0			0.8987366788705061
4391.9			0.9710599219558583
4392.8			1.0456924852965241
4393.7			1.0353307413061736
4394.6			0.9753548264596448
4395.5			1.0001025365476395
4396.4			1.0
4397.3			1.0
4398.2			1.0
4399.1			0.8960947981645347
4400.0			0.792376500988066
4400.9			0.7908983394806572
4401.8			0.8922579208113539
4402.7			0.9252295389035531
4403.6			0.7734559853768849
4404.5			0.5839894626173998
4405.4			0.5632861575805188
4406.3			0.6707797254185002
4407.2			0.7270073617804825
4408.1			0.7071701024293873
4409.0			0.7319674818313154
4409.9			0.8483768207272899
4410.8			1.0
4411.7			1.0482468103268021
4412.6			1.0509215440352802
4413.5			0.982049548066093
4414.4			0.8327124270069383
4415.3			0.728923933031265
4416.2			0.757979547261708
4417.1			0.8479422373044736
4418.0			0.9334276088955259
4418.9			1.0000508425231143
4419.8			1.0
4420.7			1.0
4421.6			1.0
4422.5			1.0
4423.4			1.0
4424.3			1.0
4425.2			1.0
4426.1			1.0
4427.0			1.0
4427.9			1.0
4428.8			1.0
4429.7			1.0
4430.6			0.9492237212567646
4431.5			1.010901275664352
4432.4			1.0420376413899177
4433.3			0.9542966627976927
4434.2			0.8154941479655798
4435.1			0.7257916715861576
4436.0			0.7492030757812356
4436.9			0.8577850008417148
4437.8			0.966071572316951
4438.7			1.0172208117820316
4439.6			0.9836667588733815
4440.5			1.0
4441.4			1.0
4442.3			1.0
4443.2			1.0
4444.1			1.0
4445.0			1.0
4445.9			1.0
4446.8			1.0
4447.7			1.0
4448.6			1.0
4449.5			1.0
4450.4			0.9668257082057841
4451.3			1.0018478507307218
4452.2			1.0201470973386255
4453.1			0.9734367798615213
4454.0			0.8895450932765291
4454.9			0.8147381866074045
4455.8			0.8106535227054609
4456.7			0.8612922609812543
4457.6			0.8835229682120229
4458.5			0.8548334638381595
4459.4			0.8194278103026683
4460.3			0.7832326774522341
4461.2			0.7252038532969546
4462.1			0.7152390348982894
4463.0			0.8132942996615713
4463.9			0.9186960404304736
4464.8			0.9331940000365975
4465.7			0.902706348719238
4466.6			0.8929436264780124
4467.5			0.8992184985178159
4468.4			0.877994536728909
4469.3			0.8427882325814559
4470.2			0.8386692487686366
4471.1			0.8642620519533071
4472.0			0.908166589422701
4472.9			0.9640073428454314
4473.8			0.9969097013472642
4474.7			1.0
4475.6			0.9928532256742059
4476.5			1.0409036008235149
4477.4			1.0791659981022816
4478.3			1.0317807193848412
4479.2			0.9183126559654834
4480.1			0.8196385738547212
4481.0			0.7764203701622475
4481.9			0.7736302640539368
4482.8			0.818448772330418
4483.7			0.8960283350595244
4484.6			1.0
4485.5			1.0408023680973557
4486.4			1.042277759911315
4487.3			0.986860666645508
4488.2			0.8836175183377325
4489.1			0.7895826275801041
4490.0			0.7762442700639929
4490.9			0.8461948280906985
4491.8			0.9229307711745276
4492.7			0.9204885193183111
4493.6			0.8320711560705312
4494.5			0.7389395735931357
4495.4			0.7083338215870274
4496.3			0.7437440716692565
4497.2			0.820889252326761
4498.1			0.895531339561735
4499.0			0.93820277981271
4499.9			0.9308084130119062
4500.8			0.872523841340016
4501.7			0.851718456638345
4502.6			0.9254246802062746
4503.5			1.018181406853519
4504.4			1.0433250449825444
4505.3			1.0025522871796553
4506.2			1.0
4507.1			1.0
4508.0			1.0
4508.9			1.0
4509.8			1.0
4510.7			1.016979342549437
4511.6			0.9839337872228059
4512.5			1.0
4513.4			0.9620849854856117
4514.3			0.9541325503983884
4515.2			0.9752415994481439
4516.1			1.002666744730391
4517.0			0.9798371179947877
4517.9			0.9311054796835164
4518.8			0.9518882326267133
4519.7			1.0407738237279067
4520.6			1.108460932156635
4521.5			1.100705351053127
4522.4			1.0289462029442475
4523.3			0.975754575397415
4524.2			0.9735041383949087
4525.1			0.9512630859290907
4526.0			0.886808703069528
4526.9			1.0
4527.8			0.9416669375576125
4528.7			0.9276819446239696
4529.6			0.9540580553523123
4530.5			0.9814482317777107
4531.4			1.0264691491810058
4532.3			1.082000371511423
4533.2			1.061789262739423
4534.1			0.979693283917178
4535.0			0.9214765582791461
4535.9			0.9633805115841939
4536.8			1.1016241702399507
4537.7			1.2077968915652508
4538.6			1.1953916906079711
4539.5			1.105590594303051
4540.4			1.0127263902063077
4541.3			0.9920208710096778
4542.2			1.0483441968791463
4543.1			1.081340568219522
4544.0			1.0248288532063383
4544.9			0.9563643104099213
4545.8			0.9641978811536963
4546.7			1.0141819669454921
4547.6			1.029323050472449
4548.5			0.9929659086997265
4549.4			0.959285894969777
4550.3			0.9790222951516453
4551.2			1.0010883068147884
4552.1			0.9771069842924289
4553.0			0.9395761241528673
4553.9			0.9054871797373273
4554.8			0.8885538394511597
4555.7			0.9214495416061644
4556.6			0.993345915572266
4557.5			1.047230244830798
4558.4			1.053245051684318
4559.3			1.0252869544532033
4560.2			1.0
4561.1			1.0063297732544358
4562.0			1.0022683224607705
4562.9			0.9437623465023174
4563.8			0.8630767610189333
4564.7			0.8232339069835469
4565.6			0.8571355671402413
4566.5			0.9431040410711691
4567.4			1.0009224475403928
4568.3			1.0009021588890668
4569.2			1.0
4570.1			1.0
4571.0			0.9170847038075368
4571.9			0.9012426217687376
4572.8			0.9877955460762174
4573.7			1.0536509966293834
4574.6			1.0338293952325095
4575.5			1.0024993031566103
4576.4			0.9985029222782865
4577.3			0.9887373396870593
4578.2			0.946319320175298
4579.1			1.0
4580.0			0.9283437302740902
4580.9			0.9326699360484605
4581.8			0.9926002475139959
4582.7			1.021249022318005
4583.6			1.0103700897682046
4584.5			0.9938127131955722
4585.4			0.9704985348337283
4586.3			0.9737237124519043
4587.2			1.0307729357492021
4588.1			1.0981190324671635
4589.0			1.1368006644980246
4589.9			1.1243952016979202
4590.8			1.0613305908941126
4591.7			0.9954184408958795
4592.6			0.9700088833175123
4593.5			0.9522612429976197
4594.4			0.9104500298523353
4595.3			0.8832349163372611
4596.2			0.8926113926867196
4597.1			0.9112079073873731
4598.0			0.9389573280950452
4598.9			0.9609760593680341
4599.8			0.933700320285439
4600.7			0.9015063919408882
4601.6			0.9089400224892732
4602.5			0.9245093966361737
4603.4			0.9274956722297703
4604.3			0.9158989424061987
4605.2			0.8983242236173835
4606.1			0.9121593303195329
4607.0			0.970405892413462
4607.9			1.0476792779567003
4608.8			1.0837923308749848
4609.7			1.0598616232028586
4610.6			1.0038603517166733
4611.5			1.0
4612.4			1.0
4613.3			1.0
4614.2			1.0
4615.1			1.0
4616.0			1.0
4616.9			1.0
4617.8			1.0
4618.7			1.0
4619.6			1.0
4620.5			1.0
4621.4			1.0
4622.3			1.0
4623.2			1.0
4624.1			1.0
4625.0			1.0
4625.9			1.0
4626.8			1.0
4627.7			1.0
4628.6			1.0
4629.5			1.0
4630.4			1.0
4631.3			1.0
4632.2			1.0
4633.1			1.0
4634.0			1.0
4634.9			1.0
4635.8			1.0
4636.7			1.0
4637.6			0.9635835453303899
4638.5			0.9438931550204074
4639.4			0.9409783876745245
4640.3			0.9698736058356635
4641.2			1.0499667235388817
4642.1			1.0994491653598935
4643.0			1.0773828899760767
4643.9			1.0406118292666122
4644.8			1.003716403955576
4645.7			0.9292564860697053
4646.6			0.8661102534635878
4647.5			0.8815428113339422
4648.4			0.9527350191667523
4649.3			1.0269880776061122
4650.2			1.0766113648235198
4651.1			1.0
4652.0			1.0029330210559413
4652.9			1.0
4653.8			0.9677915188153111
4654.7			0.9119750409250071
4655.6			0.8736029864894678
4656.5			0.8804340515409765
4657.4			0.9576455070123013
4658.3			1.0732225248654133
4659.2			1.147315334802368
4660.1			1.1516133596390183
4661.0			1.106186445069465
4661.9			1.031618435345164
4662.8			0.9740519788726503
4663.7			0.9647184255166198
4664.6			0.9834453202025207
4665.5			0.9596561937456473
4666.4			0.863435437707793
4667.3			0.77572334806696
4668.2			0.7915193748861182
4669.1			0.8895747588588409
4670.0			0.9905152022419486
4670.9			1.0615281083022967
4671.8			1.0871412639299949
4672.7			1.0626071357084925
4673.6			1.029370517937625
4674.5			1.0223991571394762
4675.4			1.0
4676.3			1.0570809592415051
4677.2			1.0780117841007915
4678.1			1.0478370587134525
4679.0			1.0037764479443796
4679.9			0.9656408860840293
4680.8			0.9329750325133794
4681.7			0.930614432748367
4682.6			0.9798716183648807
4683.5			1.04462783480737
4684.4			1.0683059099605945
4685.3			1.0522827703797188
4686.2			1.0268392744017323
4687.1			1.0030056258188609
4688.0			1.0
4688.9			1.0
4689.8			1.0
4690.7			1.0
4691.6			1.0
4692.5			1.0
4693.4			1.0
4694.3			1.0
4695.2			1.0358591969439304
4696.1			1.0541842841888465
4697.0			1.0085877199332778
4697.9			0.921192018121827
4698.8			0.869554374133148
4699.7			0.8836970343958843
4700.6			0.9148903803170098
4701.5			0.9183305070197347
4702.4			0.8973463725862
4703.3			0.895746704365022
4704.2			0.9316166451453665
4705.1			0.9571622584959497
4706.0			0.9431273762990747
4706.9			0.9046422713405515
4707.8			0.8659717214918736
4708.7			0.8434159057040055
4709.6			0.86058444166861
4710.5			0.9259906832954466
4711.4			0.9849031375071209
4712.3			0.9891382759286609
4713.2			0.9481816803575943
4714.1			0.8904095830612785
4715.0			0.8802352952072445
4715.9			0.9456753257227608
4716.8			1.0124721084120036
4717.7			1.0339541190831585
4718.6			1.0392908625884343
4719.5			1.0
4720.4			1.0115705956080567
4721.3			0.9991089824260982
4722.2			0.969229794365368
4723.1			0.9708305749992234
4724.0			1.0164587702817305
4724.9			1.058027723032699
4725.8			1.0342151329298708
4726.7			0.9337754518407677
4727.6			0.8369206598051284
4728.5			0.8179502247390037
4729.4			0.8559617963534988
4730.3			0.8917196959301288
4731.2			0.9134390366958202
4732.1			0.9375512978747724
4733.0			0.9587743772789267
4733.9			0.9948992512525167
4734.8			1.0466826085285308
4735.7			1.0443148594071312
4736.6			1.0011273810774788
4737.5			1.0
4738.4			1.0
4739.3			1.0
4740.2			1.0
4741.1			1.0
4742.0			1.0
4742.9			1.0
4743.8			1.0
4744.7			1.0
4745.6			1.0
4746.5			1.0
4747.4			1.0
4748.3			1.0
4749.2			1.0
4750.1			1.0
4751.0			1.0
4751.9			1.0
4752.8			1.0
4753.7			1.0
4754.6			1.0
4755.5			1.0
4756.4			1.0
4757.3			1.0
4758.2			1.0
4759.1			1.0218812998777191
4760.0			1.0565861642407317
4760.9			1.036645575432562
4761.8			0.9658447509691076
4762.7			0.9245279666342157
4763.6			0.9234463124273294
4764.5			0.9177179784399901
4765.4			0.8859177091313637
4766.3			0.8782891835773091
4767.2			0.9247249528947101
4768.1			0.9773154018743082
4769.0			1.0196561672316546
4769.9			1.0401886342686566
4770.8			1.000073222734159
4771.7			0.9473916748528752
4772.6			1.0
4773.5			1.0612596736691449
4774.4			1.1155431298527994
4775.3			1.108628479323051
4776.2			1.0892618765869249
4777.1			1.103352209754164
4778.0			1.1132463582954506
4778.9			1.0913092980792238
4779.8			1.0669415898458439
4780.7			1.0605550576123584
4781.6			1.0438999888724956
4782.5			1.0043644934994331
4783.4			0.9857589284795899
4784.3			1.010644825571959
4785.2			1.0099559538684875
4786.1			0.9695824973379072
4787.0			0.9757487824126189
4787.9			1.01436806941391
4788.8			1.0026614327714019
4789.7			0.9798900738492485
4790.6			0.9950967859321416
4791.5			1.0264373697628948
4792.4			1.0633096831193432
4793.3			1.1181909900711593
4794.2			1.0
4795.1			1.0096202938489047
4796.0			0.9832288019346519
4796.9			0.9412573853370777
4797.8			0.9019945690000837
4798.7			0.871767697029929
4799.6			0.8616941413809165
4800.5			0.8964784272430983
4801.4			0.9659734077305592
4802.3			1.0213070781167717
4803.2			1.0310805690215668
4804.1			0.9970619688417707
4805.0			1.0
4805.9			1.0
4806.8			1.0
4807.7			1.0
4808.6			1.0
4809.5			1.0
4810.4			1.0
4811.3			1.0
4812.2			1.0
4813.1			1.0
4814.0			1.0
4814.9			1.0
4815.8			1.0
4816.7			1.0
4817.6			1.0
4818.5			1.0
4819.4			1.0
4820.3			1.0
4821.2			1.0
4822.1			1.0
4823.0			1.0
4823.9			1.0
4824.8			1.0
4825.7			1.0573517180476903
4826.6			1.0632194609465306
4827.5			1.0236162619688003
4828.4			1.0006287542243093
4829.3			1.0157711114354646
4830.2			1.0213013535340398
4831.1			0.9719364611006429
4832.0			0.9271176744421599
4832.9			0.9527360665925471
4833.8			1.0096999678494474
4834.7			1.0383093536492989
4835.6			1.0296504556555433
4836.5			1.0283510136076313
4837.4			1.0330984945665374
4838.3			1.000246704016862
4839.2			1.0
4840.1			1.0
4841.0			1.0
4841.9			1.0
4842.8			1.0
4843.7			1.0
4844.6			1.0
4845.5			1.0
4846.4			1.0
4847.3			1.0
4848.2			1.0
4849.1			1.0
4850.0			1.0
4850.9			1.0
4851.8			1.0
4852.7			1.0
4853.6			0.9949995005285442
4854.5			0.932435853336097
4855.4			0.8872319418343547
4856.3			0.9356494454024278
4857.2			1.0131719448004664
4858.1			1.017746433686044
4859.0			0.9440269321362739
4859.9			0.8274971486630989
4860.8			0.7225052839984812
4861.7			0.734501982892534
4862.6			0.8490351388500733
4863.5			0.9247075642474228
4864.4			0.9500641468096728
4865.3			0.9869728086339699
4866.2			1.0142003762001952
4867.1			1.0082877907531504
4868.0			1.0
4868.9			1.0125205473859125
4869.8			0.9933725790501435
4870.7			0.9117287097021783
4871.6			0.8683257926254752
4872.5			0.9246745012289366
4873.4			0.9923662703920383
4874.3			0.9992066521916981
4875.2			1.0
4876.1			1.0
4877.0			1.0
4877.9			1.0
4878.8			1.0
4879.7			1.0
4880.6			1.0
4881.5			0.9410667955998926
4882.4			0.9734140429642764
4883.3			1.0198249700086601
4884.2			0.9914896956749109
4885.1			0.9238401673356529
4886.0			0.8868167355598646
4886.9			0.9056165702106045
4887.8			0.9398435930386027
4888.7			0.9422670716827007
4889.6			0.907891914254622
4890.5			0.8524331612045725
4891.4			0.852515518893751
4892.3			0.946604419610818
4893.2			1.0541571250642203
4894.1			1.118139361797384
4895.0			1.1429302233370635
4895.9			1.1437446986095863
4896.8			1.1429330721363598
4897.7			1.1347623431089333
4898.6			1.078898967508854
4899.5			0.9988940480825038
4900.4			1.0
4901.3			1.0
4902.2			1.0
4903.1			1.0
4904.0			1.0059765062760755
4904.9			1.06516198462169
4905.8			1.1111051645219971
4906.7			1.093530998767407
4907.6			1.0258146907688566
4908.5			0.9550282479879547
4909.4			0.9038323233874592
4910.3			1.0
4911.2			1.020832839201261
4912.1			1.062352003967443
4913.0			1.0832197248958082
4913.9			1.0968523958247964
4914.8			1.124481067178963
4915.7			1.1435715027940103
4916.6			1.1153780057450244
4917.5			1.0201163056105886
4918.4			0.8876609777357897
4919.3			0.7833269513119109
4920.2			0.7581870456666833
4921.1			0.8217464584566829
4922.0			0.9184131391901889
4922.9			0.9627667404307158
4923.8			0.9279413341859893
4924.7			0.8851136361669959
4925.6			0.9047598916421509
4926.5			0.9532360330079993
4927.4			0.9779931829898737
4928.3			0.9912556259537619
4929.2			1.000577476435444
4930.1			1.0
4931.0			1.0
4931.9			1.0
4932.8			1.0
4933.7			0.9365957838010386
4934.6			0.9815362914519961
4935.5			1.0328242189661696
4936.4			0.9979867345679471
4937.3			0.9024704120179484
4938.2			0.8185026772929854
4939.1			0.8181205045864881
4940.0			0.9042185292376577
4940.9			0.9794690727784132
4941.8			0.9931667503782493
4942.7			1.003516054786626
4943.6			1.0
4944.5			1.0
4945.4			1.0
4946.3			1.0
4947.2			1.0
4948.1			1.0
4949.0			1.0
4949.9			1.0
4950.8			1.0
4951.7			1.0
4952.6			1.0
4953.5			1.0
4954.4			1.0
4955.3			1.0014483038821622
4956.2			0.906543176180819
4957.1			0.7706331599879045
4958.0			0.7604638145494328
4958.9			0.8804894195523411
4959.8			0.9838746326964488
4960.7			1.0019973077657272
4961.6			1.0
4962.5			1.0
4963.4			1.0
4964.3			1.0
4965.2			1.0
4966.1			1.0
4967.0			1.0
4967.9			1.0
4968.8			1.0
4969.7			1.0
4970.6			1.0
4971.5			1.0
4972.4			1.0
4973.3			1.0
4974.2			1.0
4975.1			1.0
4976.0			1.0
4976.9			1.0
4977.8			0.9513102371194525
4978.7			0.9144804017757912
4979.6			0.9283336129400573
4980.5			0.9249081486490287
4981.4			0.8652076103179263
4982.3			0.806562307947008
4983.2			0.8093600164626571
4984.1			0.8551618785091145
4985.0			0.894113843338499
4985.9			0.9291530483346779
4986.8			0.9767301266654345
4987.7			1.0084648176211681
4988.6			0.9991498694122501
4989.5			1.0
4990.4			1.0
4991.3			1.0
4992.2			1.0
4993.1			0.9869540721177169
4994.0			0.9661913618171944
4994.9			0.9849843936943912
4995.8			0.9989373343798879
4996.7			0.9930036666776659
4997.6			0.9912546638616241
4998.5			0.9637146531949391
4999.4			0.9128598098468306
5000.3			0.8971013059186075
5001.2			0.915633366831353
5002.1			0.9306319979037055
5003.0			0.9374234294907969
5003.9			0.9261113884374215
5004.8			0.8760643310367069
5005.7			0.8236112154827039
5006.6			0.8425125739817823
5007.5			0.9304325679657347
5008.4			0.9923245854325702
5009.3			0.9812191950221284
5010.2			0.9551384612743301
5011.1			0.9249883954818237
5012.0			0.8594045857742632
5012.9			0.7960599759453096
5013.8			0.7808256700360074
5014.7			0.8249698899085589
5015.6			0.8811168508341979
5016.5			0.8974807575524124
5017.4			0.8832953663914244
5018.3			0.8876852900136277
5019.2			0.9142557904467551
5020.1			0.9212867634454018
5021.0			0.8936932229818448
5021.9			0.8553506955824186
5022.8			0.8716551330274135
5023.7			0.9276547353979286
5024.6			0.9504467977071407
5025.5			0.9484910297779219
5026.4			0.9267216894958366
5027.3			0.8829109550636997
5028.2			0.9034424674196165
5029.1			0.9622862207723895
5030.0			0.9896085098018407
5030.9			0.9985038470022886
5031.8			1.0
5032.7			1.0377804440356981
5033.6			1.0490884526243438
5034.5			0.9974704806077724
5035.4			0.9048180824817826
5036.3			0.8876883048873424
5037.2			0.9382570606700523
5038.1			0.9377881427680845
5039.0			0.8669615118174439
5039.9			0.76608221980797
5040.8			0.6980004222031542
5041.7			0.7706178864054973
5042.6			0.9275657509288038
5043.5			1.0344486443113499
5044.4			1.0970703750653785
5045.3			1.1649311295037494
5046.2			1.1992465951268187
5047.1			1.1543463018489528
5048.0			1.0570941707794228
5048.9			1.0023269786597055
5049.8			1.0
5050.7			1.0
5051.6			1.0
5052.5			1.0
5053.4			1.0
5054.3			1.0
5055.2			1.0
5056.1			1.0
5057.0			1.0
5057.9			1.0
5058.8			1.0
5059.7			1.0039921586199554
5060.6			1.0349256613041626
5061.5			1.059036707502659
5062.4			1.044487601440338
5063.3			0.9896198138641086
5064.2			0.8975583288288832
5065.1			0.8617852876944649
5066.0			0.9129330341132167
5066.9			0.954056269909698
5067.8			0.9378613081200461
5068.7			0.9281246501352756
5069.6			1.0
5070.5			1.0214138122430862
5071.4			0.9673396053014357
5072.3			0.9435750302189698
5073.2			0.9953100875596982
5074.1			1.0254697298038966
5075.0			0.9966020788534933
5075.9			0.9784697928557949
5076.8			1.0039489258124297
5077.7			1.0042094292162171
5078.6			0.9054790688272532
5079.5			0.7932818540080006
5080.4			0.7914025192530367
5081.3			0.8544361734455256
5082.2			0.8851518512799696
5083.1			0.8825101761061789
5084.0			0.9030520655602481
5084.9			0.947823259080782
5085.8			0.9707061087941846
5086.7			0.9709604797176309
5087.6			0.9673167521872544
5088.5			0.9811777099215808
5089.4			1.0010300116791373
5090.3			1.000301984922565
5091.2			1.0
5092.1			1.0
5093.0			1.0366283838567671
5093.9			1.0394618496419925
5094.8			1.010876570315347
5095.7			0.9782705003080735
5096.6			0.955194248400661
5097.5			0.9210390749759247
5098.4			0.8691512087008776
5099.3			0.8688147045896386
5100.2			0.9448228446594235
5101.1			1.0224184506328224
5102.0			1.0507484919018246
5102.9			1.0304954787300709
5103.8			1.001819599336359
5104.7			0.999487437433418
5105.6			1.0070386243840062
5106.5			1.0
5107.4			1.0
5108.3			1.0
5109.2			1.0
5110.1			1.0
5111.0			1.0
5111.9			1.0306852921711842
5112.8			1.0251810748679
5113.7			1.036267350336552
5114.6			1.0583037681982939
5115.5			1.0700937947126676
5116.4			1.0879349867983346
5117.3			1.1102277097205318
5118.2			1.1044514932122322
5119.1			1.0747004963479287
5120.0			1.0282034454204332
5120.9			0.9840546513151517
5121.8			0.942569053417412
5122.7			0.8754371204107697
5123.6			0.8178584148214724
5124.5			0.8307554427265103
5125.4			0.8784062937703223
5126.3			0.8940827946251833
5127.2			0.8739879680563939
5128.1			0.8553232927395996
5129.0			0.842730227576131
5129.9			0.8493837199045396
5130.8			0.8915859843851734
5131.7			0.9302877241215636
5132.6			1.0
5133.5			1.016749653702591
5134.4			1.0568814153305304
5135.3			1.0917829805299593
5136.2			1.0530892067494169
5137.1			0.9936680255966763
5138.0			0.9616023291888275
5138.9			0.9432748538902225
5139.8			0.9858185190992783
5140.7			1.0414822293485135
5141.6			1.0025418907280628
5142.5			0.9404196330747572
5143.4			0.9776599641395225
5144.3			1.040959340907682
5145.2			1.035081184263884
5146.1			1.0042436985566512
5147.0			0.9969061243541143
5147.9			1.020374227172424
5148.8			1.0677531971400516
5149.7			1.0801159494085328
5150.6			1.0430540435860043
5151.5			1.0140460663441546
5152.4			1.0191000494656792
5153.3			1.0385913689919581
5154.2			1.0723406720451496
5155.1			1.1427947689622895
5156.0			1.2247067561043001
5156.9			1.0
5157.8			1.0088535970237078
5158.7			0.9889044082108915
5159.6			0.9936601425114637
5160.5			1.0200763345601735
5161.4			0.9978845366045694
5162.3			0.9445712741185902
5163.2			0.9234883359561133
5164.1			0.893422726457633
5165.0			0.803979844430907
5165.9			0.678878628607328
5166.8			0.576800124856141
5167.7			0.5616466718111116
5168.6			0.6620296710767191
5169.5			0.8011685256435777
5170.4			0.821674747662914
5171.3			0.6732006058512224
5172.2			0.5177756423471322
5173.1			0.5449983814311251
5174.0			0.7271159240207312
5174.9			0.8754946855391326
5175.8			0.9192418743779923
5176.7			0.9325911064872462
5177.6			0.9557987653220159
5178.5			1.0
5179.4			0.9762179935166746
5180.3			0.9450760359551902
5181.2			0.8655759937778207
5182.1			0.6998332898663105
5183.0			0.5326975651376462
5183.9			0.5340067108469315
5184.8			1.0
5185.7			1.239715204018894
5186.6			1.3320880753929853
5187.5			1.3031256260867052
5188.4			1.2665942371363155
5189.3			1.2904248200362354
5190.2			1.265606861652155
5191.1			1.1067956280142968
5192.0			0.9513134272298323
5192.9			0.9319448163978257
5193.8			0.9805787310802275
5194.7			0.9815617697135357
5195.6			0.9678171704493377
5196.5			0.9806845144470276
5197.4			0.9910928723578353
5198.3			0.9965137962259041
5199.2			1.0
5200.1			1.0
5201.0			0.9825916647321964
5201.9			0.9673913510250484
5202.8			0.9643391089858762
5203.7			0.9247832819815756
5204.6			0.8454488394747345
5205.5			0.7977347609563069
5206.4			0.8052528917524177
5207.3			0.7924188434163573
5208.2			0.7519768272842781
5209.1			0.7644944913473795
5210.0			0.8271100022015834
5210.9			0.9103334160616637
5211.8			0.9986115987515558
5212.7			1.056099412820914
5213.6			1.0692080931066401
5214.5			1.0374873190826985
5215.4			0.9974110604343961
5216.3			1.0
5217.2			1.0
5218.1			1.0
5219.0			1.0
5219.9			1.0
5220.8			1.0049018625996993
5221.7			0.9950012393489192
5222.6			0.9539153351688188
5223.5			0.8881013189967318
5224.4			0.817984439753735
5225.3			0.7670129240878968
5226.2			0.7304664479928874
5227.1			0.7555178295287198
5228.0			0.8698212263918432
5228.9			0.9623950572274218
5229.8			0.9845525470061769
5230.7			1.0034709546104623
5231.6			0.9996752250698421
5232.5			1.0
5233.4			1.0
5234.3			1.0
5235.2			1.0
5236.1			1.0614053840384856
5237.0			1.102535067696454
5237.9			1.0834629248606222
5238.8			1.0456691652788248
5239.7			1.0408792224850503
5240.6			1.0629464773799993
5241.5			1.0675745959708092
5242.4			1.0497403699612806
5243.3			1.0570394222589163
5244.2			1.0825581495743026
5245.1			1.0551220892621416
5246.0			0.9427262472815323
5246.9			0.8387336692882817
5247.8			0.8473684456927802
5248.7			0.8951712075239159
5249.6			0.8668057189498646
5250.5			0.820955387409526
5251.4			0.8365819847455448
5252.3			0.8804554374348574
5253.2			0.8917382352807182
5254.1			0.8497788619067911
5255.0			0.8128905489864471
5255.9			0.8603183257597119
5256.8			0.9504069773111493
5257.7			1.0
5258.6			1.0024274645482696
5259.5			0.9782429745000029
5260.4			0.942898295023788
5261.3			0.8810538980530969
5262.2			0.8122081043331869
5263.1			0.7653316878563996
5264.0			0.7294641896447013
5264.9			0.6893063921088957
5265.8			0.692139914859354
5266.7			0.7786586186182446
5267.6			0.8356274615859368
5268.5			0.7456789796866781
5269.4			0.6242071962014291
5270.3			0.6667135265174331
5271.2			0.8316583796390988
5272.1			0.9378529323742043
5273.0			0.9463581234367479
5273.9			0.9238827609057128
5274.8			0.8951056707834502
5275.7			0.9037029128340555
5276.6			1.0
5277.5			1.0823395552962427
5278.4			1.1027937102041083
5279.3			1.0545536023313073
5280.2			0.9862262830617695
5281.1			0.9400789897949258
5282.0			0.9080801727656389
5282.9			0.874729825209434
5283.8			0.8752227659695363
5284.7			0.9437893637814092
5285.6			1.0344123234517313
5286.5			1.0671262339516325
5287.4			1.0351584037232222
5288.3			1.0
5289.2			1.0127946619481654
5290.1			1.0538287479358497
5291.0			1.05754747163936
5291.9			1.0148654118532485
5292.8			0.9774664802915003
5293.7			0.9746846218858013
5294.6			0.9722718186170152
5295.5			0.92279064017284
5296.4			0.8266009126620949
5297.3			0.748374141415876
5298.2			0.7605580678076823
5299.1			0.847642117608756
5300.0			0.8935214087646719
5300.9			0.8758949834510442
5301.8			0.8659177501534336
5302.7			0.8986950534314954
5303.6			0.9542594454446228
5304.5			0.9925240369340078
5305.4			0.997717625394796
5306.3			1.0
5307.2			1.0
5308.1			1.0
5309.0			1.0
5309.9			1.0
5310.8			1.0
5311.7			1.0
5312.6			1.0
5313.5			1.0
5314.4			1.0
5315.3			1.0
5316.2			1.0
5317.1			1.0
5318.0			1.0
5318.9			1.0
5319.8			0.9930311085958344
5320.7			0.9907981350176236
5321.6			0.981764445519521
5322.5			0.9625836777992004
5323.4			0.9238859086065777
5324.3			0.9097052411025673
5325.2			0.9372147632796772
5326.1			0.92045438182896
5327.0			0.7965755451396982
5327.9			0.6680469069496268
5328.8			0.6911621475806394
5329.7			0.8214212833480468
5330.6			0.9214386610871764
5331.5			0.9439388613300452
5332.4			0.9253960075636356
5333.3			0.9382200133702002
5334.2			0.9844123820282356
5335.1			1.0146854274391226
5336.0			1.0
5336.9			0.9883762183859287
5337.8			1.0023112966282848
5338.7			0.9777344319977231
5339.6			0.8893546635029098
5340.5			0.8368447356619522
5341.4			0.8856047885275832
5342.3			0.9634333601247542
5343.2			1.004815196021568
5344.1			1.0018040756797062
5345.0			1.0
5345.9			1.0
5346.8			1.0
5347.7			1.0
5348.6			1.0
5349.5			1.0
5350.4			1.0
5351.3			1.0
5352.2			1.0
5353.1			1.0
5354.0			1.0
5354.9			1.0
5355.8			1.0
5356.7			1.0
5357.6			1.0
5358.5			1.0
5359.4			1.0
5360.3			1.0
5361.2			1.0
5362.1			1.0
5363.0			1.0233488002413378
5363.9			1.0216018496222354
5364.8			0.9890172558106212
5365.7			0.9718926112554537
5366.6			0.9713770998018506
5367.5			0.9758778173723061
5368.4			0.9615793059918873
5369.3			0.8970167706919965
5370.2			0.8256234269083809
5371.1			0.7979136522076369
5372.0			0.8709880195059717
5372.9			0.9770611604068057
5373.8			1.0326069916819494
5374.7			1.0516741419984934
5375.6			1.0346414589226625
5376.5			0.9962438141422523
5377.4			0.9859488124727078
5378.3			1.0029097059814562
5379.2			0.9995913634810129
5380.1			1.0
5381.0			0.9871844754999289
5381.9			0.9869510948597059
5382.8			0.9802701275987528
5383.7			0.9923044469685047
5384.6			1.0150625970402622
5385.5			1.0253827861075397
5386.4			1.019168928969558
5387.3			1.0090690714543562
5388.2			0.9862833836888808
5389.1			0.9531498046268317
5390.0			0.9386755123995357
5390.9			0.9410146741025811
5391.8			0.956142149631688
5392.7			0.9653656630753353
5393.6			0.9598517055102231
5394.5			0.9548036622104162
5395.4			0.9316114288969433
5396.3			0.8679721012623929
5397.2			0.8590940135980486
5398.1			0.9483933996724363
5399.0			1.0174653973744108
5399.9			1.013386670707783
5400.8			1.0121252041208846
5401.7			1.0439812777445574
5402.6			1.039195728215859
5403.5			0.9721923728589151
5404.4			0.8884598583753254
5405.3			0.8450744192099651
5406.2			0.8756354307770498
5407.1			0.9517271478165348
5408.0			0.9877322386928706
5408.9			0.9588996582830882
5409.8			0.9536723807548922
5410.7			1.0156949129024437
5411.6			1.0925565122392367
5412.5			1.129083452945219
5413.4			1.1227723502812963
5414.3			1.1076164519408023
5415.2			1.1183059155622728
5416.1			1.1559196531446423
5417.0			1.1790008172313335
5417.9			1.166255844024182
5418.8			1.1299813309734392
5419.7			1.0
5420.6			0.9915293868076869
5421.5			1.0235626937667968
5422.4			1.0330808388730108
5423.3			0.9905914115705975
5424.2			0.9596254161195609
5425.1			0.9852660701137146
5426.0			1.029009972710347
5426.9			1.0491796737486097
5427.8			0.9997504905130661
5428.7			0.8893170890965959
5429.6			0.8433458076710926
5430.5			0.9069055286509583
5431.4			0.949027540417295
5432.3			0.9169051771141352
5433.2			0.8764022563697088
5434.1			0.8494857224055706
5435.0			0.8407317975104306
5435.9			0.8542361743893374
5436.8			0.8984896688741101
5437.7			0.9595936778071714
5438.6			1.0016788796454466
5439.5			1.0
5440.4			1.0
5441.3			1.0
5442.2			1.0
5443.1			0.997488695626796
5444.0			0.9655022128714156
5444.9			0.8996305629394828
5445.8			0.8188141571829506
5446.7			0.7909753956189892
5447.6			0.8607403516410557
5448.5			0.9528073342817059
5449.4			0.9960148165683191
5450.3			0.9999590293123269
5451.2			1.0
5452.1			1.0
5453.0			1.0
5453.9			1.0
5454.8			1.0
5455.7			1.0
5456.6			1.0
5457.5			1.0
5458.4			1.0
5459.3			1.0
5460.2			1.0
5461.1			1.0
5462.0			1.0
5462.9			1.0
5463.8			1.0
5464.7			1.0
5465.6			1.0
5466.5			1.0
5467.4			1.0087830867786474
5468.3			1.0117575418830131
5469.2			0.980196004641414
5470.1			0.9445922549926211
5471.0			0.9501542812815335
5471.9			0.9597864159974543
5472.8			0.9310288074923727
5473.7			0.9159836592433734
5474.6			0.9253972004493729
5475.5			0.8799450452042826
5476.4			0.8142800884565035
5477.3			1.0
5478.2			1.1081580818754513
5479.1			1.147788326232774
5480.0			1.07622858174411
5480.9			0.9902130995428546
5481.8			0.9795143210585334
5482.7			1.0123357933018513
5483.6			1.0660363276987739
5484.5			1.1219953387094561
5485.4			1.1297437508429125
5486.3			1.06685523419035
5487.2			1.0011907917365308
5488.1			0.9981098552481816
5489.0			1.013553151854406
5489.9			1.009347739635611
5490.8			1.0273417404442056
5491.7			1.0459247986228297
5492.6			1.0197004670062646
5493.5			0.9940759211197321
5494.4			1.0130839581390125
5495.3			1.0310813285546345
5496.2			0.9947003227892731
5497.1			1.0
5498.0			1.0
5498.9			1.0
5499.8			1.0
5500.7			1.0
5501.6			1.0
5502.5			1.0
5503.4			1.0
5504.3			1.0
5505.2			0.9590547084898566
5506.1			0.9150552798440139
5507.0			0.9419031937512217
5507.9			0.9977296341419273
5508.8			1.0050402845830066
5509.7			0.983245055866687
5510.6			0.953005041570008
5511.5			0.8982998273876724
5512.4			0.8650411708665241
5513.3			1.0
5514.2			1.014408479441134
5515.1			1.0399227457730464
5516.0			1.0534016118967473
5516.9			1.0733604302927624
5517.8			1.1188564805207912
5518.7			1.1455364048515777
5519.6			1.1345701163847053
5520.5			1.1123107861127908
5521.4			1.0950560045131577
5522.3			1.0835988985324803
5523.2			1.076183913325904
5524.1			1.0684800358622966
5525.0			1.0510567171519896
5525.9			1.0229179658892165
5526.8			0.9751737137435329
5527.7			0.9264151282957459
5528.6			0.9326199414235014
5529.5			0.9846858538943349
5530.4			1.0149728268037213
5531.3			1.007597394775111
5532.2			0.9879885930847012
5533.1			0.9800376022594697
5534.0			0.969063084232973
5534.9			0.954049725608944
5535.8			0.9580314288418612
5536.7			0.9606825205171091
5537.6			0.9493986370406291
5538.5			0.9562636672660335
5539.4			0.985755085122709
5540.3			1.007952845284471
5541.2			1.0026938575321593
5542.1			1.0
5543.0			1.0
5543.9			1.0
5544.8			1.0
5545.7			1.0
5546.6			1.0
5547.5			1.0
5548.4			1.0
5549.3			1.0
5550.200000000001			1.0
5551.1			1.0
5552.0			1.0
5552.9			1.0
5553.8			1.0
5554.700000000001			1.0
5555.6			1.0
5556.5			1.0
5557.4			1.0
5558.3			1.0
5559.200000000001			1.0
5560.1			1.0
5561.0			1.0
5561.9			1.0
5562.8			1.0
5563.700000000001			1.0
5564.6			1.0
5565.5			1.0
5566.4			1.0
5567.3			1.0
5568.200000000001			1.0
5569.1			1.0
5570.0			1.0
5570.9			1.0
5571.8			1.0
5572.700000000001			1.0
5573.6			1.0
5574.5			1.0
5575.4			1.0
5576.3			1.0
5577.200000000001			1.0137245183099883
5578.1			1.0087172322199063
5579.0			1.0113102689792932
5579.9			1.0312568934452073
5580.8			1.0262477665079042
5581.700000000001			1.0077378335502059
5582.6			1.0111927842598771
5583.5			1.01393608809369
5584.4			1.0001946954223264
5585.3			0.9757610607818462
5586.200000000001			0.9294948956173007
5587.1			0.8888218971661201
5588.0			0.8854684146654207
5588.9			0.908172324616812
5589.8			0.9354191442540805
5590.700000000001			0.9586123148908586
5591.6			0.9661455332406553
5592.5			0.9660217650571676
5593.4			0.9645806080903201
5594.3			0.9803734233066171
5595.200000000001			1.0
5596.1			1.038918766895012
5597.0			1.0154197584891003
5597.9			0.9610919284169098
5598.8			0.9414479151265556
5599.700000000001			0.9382313453694515
5600.6			0.9166267781450795
5601.5			0.8902195049559642
5602.4			0.881993033492207
5603.3			0.913931566871656
5604.200000000001			0.9674686527665154
5605.1			1.0051193093984352
5606.0			1.0211897268589663
5606.9			1.020735305702437
5607.8			1.0095484822607605
5608.700000000001			1.0004279253656132
5609.6			1.0
5610.5			1.0
5611.4			1.0
5612.3			1.0156192098935517
5613.200000000001			0.9961466823827356
5614.1			0.9239245394832003
5615.0			0.8572945724227645
5615.9			0.8788644480248242
5616.8			0.9533597775005701
5617.700000000001			0.9911502026384011
5618.6			1.0
5619.5			0.9823849002191284
5620.4			0.9928345138926996
5621.3			1.018494076919853
5622.200000000001			1.01906210198223
5623.1			0.9635574108221091
5624.0			0.8832405858874788
5624.9			0.8573654354867241
5625.8			0.8931225697268693
5626.700000000001			0.9243963621342777
5627.6			0.937995432093186
5628.5			0.9643284038610346
5629.4			0.9926370048581682
5630.3			1.0005559953104772
5631.200000000001			1.0
5632.1			1.0
5633.0			1.0
5633.9			1.0
5634.8			1.0
5635.700000000001			1.0
5636.6			1.0
5637.5			1.0
5638.4			1.0
5639.3			1.0
5640.200000000001			1.0
5641.1			1.0
5642.0			1.0
5642.9			1.0
5643.8			1.0
5644.700000000001			1.0
5645.6			1.0
5646.5			1.0
5647.4			1.0
5648.3			0.9996285883631634
5649.200000000001			0.9899274711732113
5650.1			0.9926734140059814
5651.0			1.0157734902563933
5651.9			1.0429037723799643
5652.8			1.0476347733778382
5653.700000000001			1.0144301462499365
5654.6			0.9871263424111478
5655.5			1.0039397154178167
5656.4			1.0004987358527686
5657.3			0.9181344337911925
5658.200000000001			0.8530154684447342
5659.1			0.9020621290856753
5660.0			0.9854650298841366
5660.9			0.9970840138788921
5661.8			0.96319705081711
5662.700000000001			0.9633671474796945
5663.6			1.0157429340635877
5664.5			1.063439390104488
5665.4			1.067299423672776
5666.3			1.0362481978009777
5667.200000000001			1.0030066835626383
5668.1			0.9997112142699544
5669.0			1.0
5669.9			1.0
5670.8			1.0
5671.700000000001			1.0
5672.6			1.0
5673.5			1.0
5674.4			1.0
5675.3			1.0
5676.200000000001			1.0
5677.1			1.0
5678.0			1.0
5678.9			1.0
5679.8			1.0
5680.700000000001			1.0
5681.6			1.0
5682.5			1.0
5683.4			1.0
5684.3			1.0
5685.200000000001			1.0
5686.1			1.0
5687.0			1.0
5687.9			1.0
5688.8			1.0
5689.700000000001			1.0
5690.6			1.0
5691.5			1.0134595378047473
5692.4			1.0214236288795189
5693.3			1.0173099273713937
5694.200000000001			1.0093672082963918
5695.1			1.0104815561924332
5696.0			1.0146285807521354
5696.9			0.9979863327697971
5697.8			0.954833742585183
5698.700000000001			0.9297675151523221
5699.6			0.9269210170574467
5700.5			0.9065786590134033
5701.4			0.8925416849362776
5702.3			0.9100474931403592
5703.200000000001			0.9403990864410166
5704.1			0.9655702237455875
5705.0			0.9562413298831847
5705.9			0.9230238491357663
5706.8			0.8986686444071004
5707.700000000001			0.874257464424628
5708.6			0.852230915301185
5709.5			0.8616638958822564
5710.4			0.8742084152507053
5711.3			0.8598039393761769
5712.200000000001			0.882791698817833
5713.1			0.9435928755906364
5714.0			0.9775201404912341
5714.9			0.9861419166427872
5715.8			0.9963999911167578
5716.700000000001			0.9948347572560511
5717.6			0.993211076090277
5718.5			1.0078987533026469
5719.4			1.015714440044451
5720.3			1.0157626636772081
5721.200000000001			1.024971687037418
5722.1			1.0396235909733529
5723.0			1.043885743992517
5723.9			1.0
5724.8			1.0020097696544314
5725.700000000001			0.9768503362983567
5726.6			0.9324438485197615
5727.5			0.9307771179747032
5728.4			0.983753479502625
5729.3			1.0211278624046298
5730.200000000001			0.9986997533387653
5731.1			1.0
5732.0			1.0
5732.9			1.0
5733.8			1.0
5734.700000000001			1.0
5735.6			1.0
5736.5			1.0
5737.4			1.0
5738.3			1.0
5739.200000000001			1.0
5740.1			1.0
5741.0			1.0
5741.9			1.0
5742.8			1.0
5743.700000000001			1.0
5744.6			1.0
5745.5			1.0
5746.4			1.0
5747.3			1.0
5748.200000000001			1.0
5749.1			1.0
5750.0			1.0353279086088867
5750.9			1.0328858264437013
5751.8			0.9882206555392136
5752.700000000001			0.9295341236071445
5753.6			0.8970824028621976
5754.5			0.9115768786167138
5755.4			0.9601611711433286
5756.3			0.9965890802596777
5757.200000000001			1.0
5758.1			0.9954652269648668
5759.0			0.9754034970356661
5759.9			0.9476116885685103
5760.8			0.9206977468521759
5761.700000000001			0.8951462063157498
5762.6			0.8933964675529442
5763.5			0.9370358707568395
5764.4			0.9852082271944005
5765.3			1.003833069644799
5766.200000000001			1.0025855116067484
5767.1			0.9998376262529838
5768.0			1.0
5768.9			1.0
5769.8			1.0
5770.700000000001			1.0
5771.6			1.0
5772.5			0.9962933627133822
5773.4			0.9993433511333604
5774.3			0.9929987922574064
5775.200000000001			0.9967166946110965
5776.1			1.0146382577398874
5777.0			1.027407030120811
5777.9			1.0266692006498008
5778.8			1.0100594567464782
5779.700000000001			0.9590572545762786
5780.6			0.8941071067126249
5781.5			0.8749291439036835
5782.4			0.9063087509640237
5783.3			0.930306305051373
5784.200000000001			0.91133923087189
5785.1			0.8948516512118322
5786.0			0.930180040628867
5786.9			0.9861962053450456
5787.8			1.0206012478836008
5788.700000000001			1.0393567174571325
5789.6			1.0321150365156115
5790.5			1.001905176748027
5791.4			1.0
5792.3			1.0
5793.200000000001			1.0
5794.1			1.0
5795.0			1.0091730561447432
5795.9			0.9891878665065494
5796.8			0.9396228130526006
5797.700000000001			0.9051394271929266
5798.6			0.9302023743947098
5799.5			0.9771999347094523
5800.4			0.9982566951604365
5801.3			1.0
5802.200000000001			1.0
5803.1			1.0
5804.0			1.0
5804.9			1.0
5805.8			1.0
5806.700000000001			1.0
5807.6			1.0
5808.5			1.0
5809.4			1.0
5810.3			1.0
5811.200000000001			1.0
5812.1			1.0
5813.0			1.0
5813.9			1.0
5814.8			1.0
5815.700000000001			1.0
5816.6			1.0
5817.5			1.0
5818.4			1.0
5819.3			1.0
5820.200000000001			1.0
5821.1			1.0
5822.0			1.0
5822.9			1.0
5823.8			1.0
5824.700000000001			1.0
5825.6			1.0
5826.5			1.0
5827.4			1.0
5828.3			1.0
5829.200000000001			1.0
5830.1			1.0
5831.0			1.0
5831.9			1.0
5832.8			1.0
5833.700000000001			1.0
5834.6			1.0
5835.5			1.0
5836.4			1.0
5837.3			1.0
5838.200000000001			1.0
5839.1			1.0
5840.0			1.0
5840.9			1.0
5841.8			1.0
5842.700000000001			1.0
5843.6			1.0
5844.5			1.0
5845.4			1.0
5846.3			1.0
5847.200000000001			1.0
5848.1			1.0093890578492815
5849.0			1.025777641086924
5849.9			1.0351521968569588
5850.8			1.0323846968029564
5851.700000000001			1.00372911162208
5852.6			0.9666587729971644
5853.5			0.9602730545859707
5854.4			0.9838815078521537
5855.3			0.9961317814408528
5856.200000000001			0.9721634079831781
5857.1			0.9357161255037026
5858.0			0.9310359160422318
5858.9			0.9553922063167748
5859.8			0.9845674926132428
5860.700000000001			1.009007123860055
5861.6			1.0085613458539409
5862.5			0.9939122415478734
5863.4			0.997108098513447
5864.3			1.011739668708316
5865.200000000001			1.0022120698287944
5866.1			0.9690093055968051
5867.0			0.9650654345285382
5867.9			0.9997113228705389
5868.8			1.0
5869.700000000001			1.0
5870.6			1.0
5871.5			1.0
5872.4			1.0
5873.3			1.0
5874.200000000001			1.0
5875.1			1.0
5876.0			1.0
5876.9			1.0
5877.8			1.0
5878.700000000001			1.0
5879.6			0.968886441546543
5880.5			0.9627408789116165
5881.4			0.9940128721682716
5882.3			1.0120391193836782
5883.200000000001			1.0003524433668909
5884.1			1.0005885823754745
5885.0			1.0250653379548067
5885.9			1.0362917986009827
5886.8			1.02375420907526
5887.700000000001			0.9698435123834888
5888.6			0.8366111823349099
5889.5			0.6780387513331098
5890.4			0.6821168706649444
5891.3			0.8230102288909503
5892.200000000001			0.9202942662122949
5893.1			0.9592682862219966
5894.0			0.957852307717948
5894.9			0.8592836656613871
5895.8			0.7657504856888321
5896.700000000001			0.8370975270164808
5897.6			0.9588429129643954
5898.5			0.9959425393406147
5899.4			0.9993271761454404
5900.3			1.0
5901.200000000001			1.0
5902.1			1.0
5903.0			1.0
5903.9			1.0
5904.8			1.0006955268562427
5905.700000000001			0.9934824542598087
5906.6			1.0003198613642115
5907.5			1.008720870701413
5908.4			1.0067752410349327
5909.3			0.9937155529204578
5910.200000000001			0.9884586891336361
5911.1			1.0052081379053897
5912.0			1.0149641150410018
5912.9			0.9842879427227107
5913.8			0.941396745059774
5914.700000000001			0.9246076301685839
5915.6			0.919050385206683
5916.5			0.9389843391912908
5917.4			0.9616043495610137
5918.3			0.954477937065798
5919.200000000001			0.9507048244669876
5920.1			0.9711854695569684
5921.0			0.9742487634555126
5921.9			0.9560826206430816
5922.8			0.9532390040648776
5923.700000000001			0.9601094777093209
5924.6			0.9719736524516225
5925.5			0.9898269106894746
5926.4			1.0009421610394729
5927.3			1.0
5928.200000000001			1.0
5929.1			1.0
5930.0			1.0
5930.9			1.0
5931.8			1.0
5932.700000000001			1.0
5933.6			1.0
5934.5			1.0
5935.4			1.0
5936.3			1.0
5937.200000000001			1.0044146804098315
5938.1			1.0127720819500086
5939.0			1.0236844559913467
5939.9			0.9974022407216669
5940.8			0.9432178770229221
5941.700000000001			0.9179295806584128
5942.6			0.9375857776224837
5943.5			0.9622761592786679
5944.4			0.9809586732284006
5945.3			0.99464285075783
5946.200000000001			0.9992544825637094
5947.1			1.0
5948.0			1.0
5948.9			1.0
5949.8			1.0
5950.700000000001			1.0
5951.6			1.0
5952.5			1.0
5953.4			1.0
5954.3			1.0
5955.200000000001			1.0
5956.1			1.0
5957.0			1.0
5957.9			1.0
5958.8			1.0
5959.700000000001			1.0
5960.6			1.0
5961.5			1.0
5962.4			1.0
5963.3			1.0
5964.200000000001			1.0
5965.1			1.0
5966.0			1.0
5966.9			1.0
5967.8			1.0
5968.700000000001			1.0
5969.6			1.0
5970.5			1.0
5971.4			1.0
5972.3			1.0
5973.200000000001			1.0
5974.1			1.0
5975.0			1.0
5975.9			1.0
5976.8			1.0
5977.700000000001			1.0
5978.6			1.0164038896393628
5979.5			1.0485190443725785
5980.4			1.0645154885628956
5981.3			1.0575788966214414
5982.200000000001			1.0358990642868708
5983.1			0.98792826858384
5984.0			0.9408367453187231
5984.9			0.9453870757426921
5985.8			0.9849070040554423
5986.700000000001			1.0008592602360296
5987.6			1.002577495440825
5988.5			1.0026739380537721
5989.4			1.0010821392899674
5990.3			1.0
5991.200000000001			1.0
5992.1			1.0
5993.0			1.0
5993.9			1.0
5994.8			1.0
5995.700000000001			1.0
5996.6			1.0
5997.5			1.0
5998.4			1.0
5999.3			1.0
6000.200000000001			1.022887689637332
6001.1			1.0342517421164708
6002.0			1.0090133446472047
6002.9			0.9849392210547329
6003.8			1.0017237440682283
6004.700000000001			1.0196534095281222
6005.6			1.016333922501038
6006.5			0.992672411681866
6007.4			0.9539657523174725
6008.3			0.9468484782046166
6009.200000000001			0.9932485495960802
6010.1			1.0454785915700413
6011.0			1.0509188699656462
6011.9			1.019673805353569
6012.8			0.9878336995208344
6013.700000000001			0.9890059432862508
6014.6			1.0141740442841964
6015.5			1.0157433449987232
6016.4			1.000013618537226
6017.3			1.0
6018.200000000001			1.0
6019.1			1.0
6020.0			1.0
6020.9			1.0
6021.8			1.0
6022.700000000001			1.0
6023.6			1.0
6024.5			1.0
6025.4			1.0
6026.3			1.0
6027.200000000001			1.0
6028.1			1.0
6029.0			1.0
6029.9			1.0
6030.8			1.0
6031.700000000001			1.0
6032.6			1.0
6033.5			1.0
6034.4			1.0
6035.3			1.0
6036.200000000001			1.0
6037.1			1.0
6038.0			1.0
6038.9			1.0
6039.8			1.0
6040.700000000001			1.0
6041.6			1.0
6042.5			1.0
6043.4			1.0
6044.3			1.0
6045.200000000001			1.0
6046.1			1.0
6047.0			1.0
6047.9			1.0
6048.8			1.0
6049.700000000001			1.0
6050.6			1.0
6051.5			1.0
6052.4			1.0
6053.3			1.0
6054.200000000001			1.0
6055.1			1.0
6056.0			1.0
6056.9			1.0
6057.8			1.0
6058.700000000001			1.0
6059.6			1.0
6060.5			1.0049098471203899
6061.4			0.9959865197812017
6062.3			0.9745903239205428
6063.200000000001			0.9575051444942567
6064.1			0.9359105514238395
6065.0			0.9087967866886775
6065.9			0.9216813330044814
6066.8			0.966865067836263
6067.700000000001			0.9952588071962413
6068.6			1.0031480845275487
6069.5			0.9999019969496632
6070.4			1.0
6071.3			1.0
6072.200000000001			1.0
6073.1			1.0
6074.0			1.0
6074.9			1.0
6075.8			1.0
6076.700000000001			1.0
6077.6			1.0
6078.5			1.0
6079.4			1.0
6080.3			1.0
6081.200000000001			1.0
6082.1			1.0
6083.0			1.0
6083.9			1.0
6084.8			0.9892168510050212
6085.700000000001			0.9803236661859227
6086.6			0.9961268355735408
6087.5			1.0170051984272301
6088.4			1.0160514601300308
6089.3			0.9804550382140778
6090.200000000001			0.9404826726708101
6091.1			0.9381445122696874
6092.0			0.9446531379710836
6092.9			0.9404692860069123
6093.8			0.9566055935240225
6094.700000000001			0.9909027021113365
6095.6			1.0006985730018918
6096.5			1.0
6097.4			1.0
6098.3			1.0
6099.200000000001			1.0
6100.1			1.0103677068529713
6101.0			0.9833136761677714
6101.9			0.9113575386897818
6102.8			0.8662043204854754
6103.700000000001			0.9122509782473712
6104.6			0.979237367308248
6105.5			0.9998492395974238
6106.4			1.0
6107.3			1.0
6108.200000000001			1.0
6109.1			1.0
6110.0			1.0
6110.9			1.0
6111.8			1.0
6112.700000000001			1.0
6113.6			1.0
6114.5			1.0
6115.4			1.0
6116.3			1.0
6117.200000000001			1.011797668478564
6118.1			1.0275947800314718
6119.0			1.0042009790691198
6119.9			0.9722358179362744
6120.8			0.9554481525697769
6121.700000000001			0.9373755234913913
6122.6			0.9524521619113834
6123.5			1.014155376452158
6124.4			1.0434426596403348
6125.3			1.0236175471809492
6126.200000000001			0.9996704102793385
6127.1			1.0
6128.0			1.0
6128.9			1.0
6129.8			1.0
6130.700000000001			1.0
6131.6			1.0
6132.5			1.0101932744427677
6133.4			1.0074363704933071
6134.3			0.9787275582464758
6135.200000000001			0.9220652997329702
6136.1			0.8472526678517704
6137.0			0.8064452310531404
6137.9			0.8660819006209397
6138.8			0.9825773831307266
6139.700000000001			1.054249405619783
6140.6			1.0447198738959385
6141.5			1.0043763308968712
6142.4			1.0
6143.3			1.0
6144.200000000001			1.0
6145.1			1.0
6146.0			1.0
6146.9			1.0
6147.8			1.0
6148.700000000001			1.0
6149.6			1.0
6150.5			1.0
6151.4			1.0
6152.3			1.0
6153.200000000001			1.0
6154.1			1.0
6155.0			1.0
6155.9			1.0
6156.8			1.0
6157.700000000001			1.0040132826911867
6158.6			1.0172794336337052
6159.5			1.0136505554921225
6160.4			0.9562396240428155
6161.3			0.8756016864426105
6162.200000000001			0.8404244070511442
6163.1			0.8660166554274158
6164.0			0.9217195128812087
6164.9			0.9664587571377047
6165.8			0.9817063324750682
6166.700000000001			0.9989112373576374
6167.6			1.0
6168.5			1.0
6169.4			1.0
6170.3			1.0
6171.200000000001			1.0
6172.1			1.0
6173.0			1.0
6173.9			1.0
6174.8			1.0
6175.700000000001			1.0
6176.6			1.0
6177.5			1.0
6178.4			1.0
6179.3			1.0
6180.200000000001			1.0
6181.1			1.0
6182.0			1.0
6182.9			1.0
6183.8			1.0
6184.700000000001			1.0009640493665337
6185.6			0.983003130635015
6186.5			0.9549828525449502
6187.4			0.9382736557607175
6188.3			0.9329665294999003
6189.200000000001			0.9298350083253494
6190.1			0.9030845658586014
6191.0			0.8531008076641687
6191.9			0.8566958995376018
6192.8			0.9281088750036857
6193.700000000001			0.9796201620603849
6194.6			0.9898685920209847
6195.5			0.9921439583752991
6196.4			1.0
6197.3			1.0021636577978645
6198.200000000001			0.9699071810591862
6199.1			0.9163745952467469
6200.0			0.8970327997724711
6200.9			0.9333383237169546
6201.8			0.9804404984682192
6202.700000000001			0.9999348546021939
6203.6			1.0
6204.5			1.0
6205.4			1.0
6206.3			1.0
6207.200000000001			1.0
6208.1			1.0
6209.0			1.0
6209.9			0.9906132504475658
6210.8			0.9840283583864426
6211.700000000001			0.9837363892385764
6212.6			0.9609303789845655
6213.5			0.922284742782772
6214.4			0.9072463554111772
6215.3			0.9181361283759111
6216.200000000001			0.9514248473925951
6217.1			1.004367620838323
6218.0			1.0283094371286452
6218.9			1.0002809232083223
6219.8			1.0
6220.700000000001			1.0
6221.6			1.0
6222.5			1.0
6223.4			1.0
6224.3			1.0
6225.200000000001			1.0025005119134391
6226.1			1.0130636736001348
6227.0			1.0142098488994298
6227.9			1.00578768504317
6228.8			0.9697119874969499
6229.700000000001			0.9015050664962093
6230.6			0.8548733651086585
6231.5			0.8689234430412739
6232.4			0.9021135887939068
6233.3			0.9342341455592403
6234.200000000001			1.0
6235.1			1.0362357741756847
6236.0			1.0364046744150806
6236.9			1.0153724117091167
6237.8			0.9949706475373821
6238.700000000001			0.9713759518751822
6239.6			0.9341008828743691
6240.5			0.9276419672787058
6241.4			0.9471272629751448
6242.3			0.9271211395955424
6243.200000000001			0.9013103252203333
6244.1			0.9287069930047717
6245.0			0.9597082371268482
6245.9			1.0
6246.8			1.0247017839933477
6247.700000000001			1.0687920785232523
6248.6			1.087636707783998
6249.5			1.076802869934575
6250.4			1.05253830550142
6251.3			1.0031102516470698
6252.200000000001			0.9514347274338664
6253.1			0.9420660075436912
6254.0			0.9620278093505426
6254.9			0.972192927129067
6255.8			0.9515566426919926
6256.700000000001			0.9101616830041378
6257.6			0.8694968955386327
6258.5			0.8636372723476697
6259.4			0.9218584176513955
6260.3			0.9768643217501124
6261.200000000001			0.9900080029044185
6262.1			1.0211890194584115
6263.0			1.065706204854831
6263.9			1.0578770035942993
6264.8			1.003951332633625
6265.700000000001			0.9810806903057603
6266.6			1.0124115163868361
6267.5			1.0329472429724054
6268.4			1.0155107759609538
6269.3			0.9995918193881008
6270.200000000001			0.9994092805701242
6271.1			1.0
6272.0			1.0
6272.9			1.0
6273.8			1.0
6274.700000000001			1.0
6275.6			1.0
6276.5			1.0
6277.4			1.0
6278.3			1.0
6279.200000000001			1.0
6280.1			1.0
6281.0			1.0
6281.9			1.0
6282.8			1.0
6283.700000000001			1.0
6284.6			1.0
6285.5			0.9961271352874597
6286.4			1.0110205484961905
6287.3			1.028630670578252
6288.200000000001			1.0387160089107677
6289.1			1.0342290479958431
6290.0			1.0063585860675066
6290.9			0.9775885131283576
6291.8			0.9638838106722277
6292.700000000001			0.9589244685784546
6293.6			0.9759426453211936
6294.5			0.9958202200775401
6295.4			0.9680646406076228
6296.3			0.9181326073726289
6297.200000000001			0.9056951001224867
6298.1			0.9348206702142318
6299.0			0.9626088770227518
6299.9			0.9594418444813939
6300.8			0.9379496703476964
6301.700000000001			0.9214934767365985
6302.6			0.9283082812789816
6303.5			0.9514017254313633
6304.4			1.0
6305.3			0.9848119697903702
6306.200000000001			0.994373356036591
6307.1			1.0314866635477948
6308.0			1.0508473031160297
6308.9			1.0383406160532733
6309.8			1.0110506909507693
6310.700000000001			0.980470071586779
6311.6			0.9669354391429266
6312.5			0.9817434401245292
6313.4			0.9867666078719868
6314.3			0.951162996483257
6315.200000000001			0.9235786975496129
6316.1			0.9410477509123993
6317.0			0.9441922683746367
6317.9			0.910434967793571
6318.8			0.901960255793964
6319.700000000001			0.9367481675406498
6320.6			0.9658558068061206
6321.5			0.9680466725132755
6322.4			0.9623851319844227
6323.3			0.9734398517880536
6324.200000000001			0.9899547305854458
6325.1			0.9941543144298314
6326.0			0.9887929818046365
6326.9			0.9778600255195272
6327.8			0.9822052803735689
6328.700000000001			0.9919713531655945
6329.6			1.0
6330.5			0.9846890796460117
6331.4			1.0010494809062067
6332.3			1.0280573473721688
6333.200000000001			1.0320765939183614
6334.1			0.9955770056559401
6335.0			0.9335813232547084
6335.9			0.9000685950865918
6336.8			0.9223448567344981
6337.700000000001			0.9591488518407508
6338.6			0.968938937243947
6339.5			0.9741527307994241
6340.4			0.9924700414656635
6341.3			1.0003296707630505
6342.200000000001			1.0
6343.1			1.0
6344.0			1.0
6344.9			1.0
6345.8			1.0
6346.700000000001			1.0
6347.6			1.0
6348.5			1.0
6349.4			0.99812931066194
6350.3			0.9934472746016856
6351.200000000001			0.9994002657021397
6352.1			1.00481363393889
6353.0			0.9920470500802201
6353.9			0.9601941230419403
6354.8			0.9369406637329171
6355.700000000001			0.9488380346994415
6356.6			0.9678648807137724
6357.5			0.946913335129605
6358.4			0.9042929418980934
6359.3			0.8941043225845443
6360.200000000001			0.9114435389953232
6361.1			0.9127544237860432
6362.0			0.8979777158842677
6362.9			0.8924347300180171
6363.8			0.9031846453281567
6364.700000000001			0.9202016429042356
6365.6			0.9343302247571912
6366.5			0.9514594861568431
6367.4			0.9777558967091172
6368.3			0.9932340765761322
6369.200000000001			0.9853954454047422
6370.1			0.9736633917963089
6371.0			0.9795086043872955
6371.9			1.0026694513180685
6372.8			1.0148076435294997
6373.700000000001			1.004588912856667
6374.6			0.9956924874445017
6375.5			0.9965481860925934
6376.4			1.0000023469855215
6377.3			1.0
6378.200000000001			1.0
6379.1			1.0
6380.0			1.0
6380.9			1.0
6381.8			1.0
6382.700000000001			1.0
6383.6			1.0
6384.5			1.0
6385.4			1.0
6386.3			1.0
6387.200000000001			1.0
6388.1			1.0
6389.0			1.0
6389.9			1.0
6390.8			1.0
6391.700000000001			1.0
6392.6			1.0
6393.5			1.0
6394.4			1.0
6395.3			1.0
6396.200000000001			1.022278259412665
6397.1			1.0265993288235953
6398.0			1.0077986654531044
6398.9			0.9436775502551866
6399.8			0.874118779517101
6400.700000000001			0.885991515385498
6401.6			0.9572534544704449
6402.5			0.9949760130391654
6403.4			0.9952804462900284
6404.3			1.0
6405.200000000001			1.0
6406.1			1.0
6407.0			1.0
6407.9			1.0
6408.8			1.0
6409.700000000001			1.0
6410.6			1.0
6411.5			1.0
6412.4			1.0
6413.3			1.0
6414.200000000001			1.0
6415.1			1.0
6416.0			1.0100390696741104
6416.9			1.0069481054164067
6417.8			0.9951341054771866
6418.700000000001			0.9756888324845108
6419.6			0.9438719144640821
6420.5			0.9190041826847648
6421.4			0.9321701889235114
6422.3			0.9812587233187086
6423.200000000001			1.0198800800550956
6424.1			1.016611890196917
6425.0			0.9982124533515637
6425.9			1.0
6426.8			1.0
6427.700000000001			1.0077754475055494
6428.6			0.9945995229175872
6429.5			0.9509095059286903
6430.4			0.9022076268165314
6431.3			0.9011382223938826
6432.200000000001			0.9402142070317187
6433.1			0.9741352278126031
6434.0			0.9915734823703465
6434.9			0.9994282446946224
6435.8			1.0
6436.700000000001			1.0
6437.6			1.0
6438.5			1.0
6439.4			1.0
6440.3			1.0
6441.200000000001			1.0
6442.1			1.0
6443.0			1.0
6443.9			1.0
6444.8			1.0
6445.700000000001			1.0
6446.6			1.0065205697200719
6447.5			0.992290261506641
6448.4			0.9319014270722151
6449.3			0.8446572825095456
6450.200000000001			0.8193120718942171
6451.1			0.8829737137978906
6452.0			0.9529113558673538
6452.9			0.98994654183282
6453.8			1.0006511726537455
6454.700000000001			1.0
6455.6			1.0
6456.5			1.0
6457.4			1.0
6458.3			1.0
6459.200000000001			1.0
6460.1			1.0027043992015892
6461.0			0.9761463083183074
6461.9			0.9139949033494078
6462.8			0.8807502640795597
6463.700000000001			0.9157270473523555
6464.6			0.9662690192784593
6465.5			0.9971140121595468
6466.4			1.0
6467.3			1.0
6468.200000000001			1.0
6469.1			1.0
6470.0			1.0
6470.9			1.0
6471.8			1.0
6472.700000000001			1.0
6473.6			1.0
6474.5			1.0
6475.4			1.0
6476.3			1.0
6477.200000000001			1.0
6478.1			1.0
6479.0			1.0009900278860888
6479.9			0.9922365717931313
6480.8			0.9640011560030425
6481.700000000001			0.9231536231790335
6482.6			0.90570152608613
6483.5			0.9265291861274766
6484.4			0.9626342563624111
6485.3			1.0
6486.200000000001			1.0086016831164837
6487.1			1.0080995659477316
6488.0			1.0104497814851705
6488.9			1.0078788173392554
6489.8			0.9889458728612031
6490.700000000001			0.9625936079932521
6491.6			0.9553250664750274
6492.5			0.9424847491257227
6493.4			0.8816271773928576
6494.3			0.8171721851015321
6495.200000000001			0.8059824428605692
6496.1			0.8291289579727152
6497.0			0.8605751493397913
6497.9			0.8896977918128703
6498.8			0.901963270362873
6499.700000000001			0.9249958915154507
6500.6			0.9631904120935665
6501.5			0.986555915640939
6502.4			0.9952843750873547
6503.3			0.9975121491404362
6504.200000000001			0.9999740053490163
6505.1			1.0
6506.0			1.0
6506.9			1.0
6507.8			1.0
6508.700000000001			1.0
6509.6			1.0
6510.5			1.0
6511.4			1.0
6512.3			0.9925975559577824
6513.200000000001			0.9910425936995837
6514.1			0.982104380306703
6515.0			0.9602783514862044
6515.9			0.9413649349125887
6516.8			0.9292184715214309
6517.700000000001			0.918859728849474
6518.6			0.9262932088482622
6519.5			0.9603843903751007
6520.4			0.9932099020158073
6521.3			1.0055449042025355
6522.200000000001			1.0029472653926599
6523.1			1.0002621754141081
6524.0			1.0
6524.9			1.0
6525.8			1.0
6526.700000000001			1.0
6527.6			1.0
6528.5			1.0
6529.4			1.0
6530.3			1.0
6531.200000000001			1.0
6532.1			1.0
6533.0			1.0
6533.9			1.0
6534.8			1.0
6535.700000000001			1.0
6536.6			1.0
6537.5			1.0
6538.4			1.0
6539.3			1.0
6540.200000000001			1.0
6541.1			1.0
6542.0			1.0
6542.9			1.0
6543.8			1.0
6544.700000000001			1.0
6545.6			1.0
6546.5			1.0
6547.4			1.0
6548.3			1.0
6549.200000000001			1.0
6550.1			1.0
6551.0			1.0
6551.9			1.0
6552.8			1.0
6553.700000000001			1.0
6554.6			1.0
6555.5			1.0
6556.4			1.0
6557.3			1.0
6558.200000000001			1.0004191784489689
6559.1			0.9904903294535798
6560.0			0.9735286480590057
6560.9			0.89118940314586
6561.8			0.704680426314699
6562.700000000001			0.5743315430699962
6563.6			0.6678185214066716
6564.5			0.8555242282018721
6565.4			0.9610158594579483
6566.3			0.9929496999480656
6567.200000000001			0.998288270129121
6568.1			1.0
6569.0			1.0
6569.9			0.9970119945618982
6570.8			1.003772496210874
6571.700000000001			0.9791544236191929
6572.6			0.9363057261720319
6573.5			0.9062393072249605
6574.4			0.8922719504898817
6575.3			0.9146570507752606
6576.200000000001			0.9693262778689989
6577.1			1.0083262390415717
6578.0			1.016866935679383
6578.9			1.0034062008983755
6579.8			1.0
6580.700000000001			1.0
6581.6			1.0
6582.5			1.0
6583.4			1.0
6584.3			1.0
6585.200000000001			0.987653945641531
6586.1			0.9700466894963036
6587.0			0.9757078033592668
6587.9			0.9974367709461857
6588.8			1.0078510458143322
6589.700000000001			1.0107171302386169
6590.6			1.0014947308253714
6591.5			0.9561785852704147
6592.4			0.8865875032047741
6593.3			0.8585281209476215
6594.200000000001			0.9013123970636254
6595.1			0.9559415380035293
6596.0			0.9725368029812017
6596.9			0.9608355579189028
6597.8			0.9414624766529015
6598.700000000001			0.9349774723339526
6599.6			0.9551360348612323
6600.5			0.9840533421135397
6601.4			1.0
6602.3			0.9998155114413158
6603.200000000001			0.9868806210444211
6604.1			0.9668312956099033
6605.0			0.9517590933474989
6605.9			0.9485702044611521
6606.8			0.9490739199888447
6607.700000000001			0.9318507400863841
6608.6			0.9017169804770717
6609.5			0.9095384803676291
6610.4			0.9643965949864433
6611.3			1.0038470962621573
6612.200000000001			0.9976922238764886
6613.1			0.9734207770642325
6614.0			0.973996348733982
6614.9			0.999456873079286
6615.8			1.0
6616.700000000001			1.0
6617.6			1.0
6618.5			1.0
6619.4			1.0
6620.3			1.0
6621.200000000001			1.0
6622.1			1.0
6623.0			1.0
6623.9			1.0
6624.8			1.0
6625.700000000001			1.0
6626.6			1.0
6627.5			1.004424354920388
6628.4			1.0052500749278974
6629.3			0.9972675564333916
6630.200000000001			0.9876424640386856
6631.1			0.9796097103107205
6632.0			0.9630491547908318
6632.9			0.9386039962024662
6633.8			0.9311644402595793
6634.700000000001			0.9610811250806889
6635.6			1.0022766709123556
6636.5			1.023287165769583
6637.4			1.0235011763379218
6638.3			1.0136255911521874
6639.200000000001			0.9982974811740799
6640.1			0.9998331388639565
6641.0			1.0
6641.9			1.0
6642.8			1.0
6643.700000000001			1.0
6644.6			1.0
6645.5			1.0
6646.4			1.0
6647.3			1.0
6648.200000000001			1.0
6649.1			1.0
6650.0			1.0
6650.9			1.0
6651.8			1.0
6652.700000000001			1.0
6653.6			1.0
6654.5			1.0
6655.4			1.0
6656.3			0.9932232946214185
6657.200000000001			0.9957239553489389
6658.1			1.0016400491454907
6659.0			0.9965227826071332
6659.9			0.9888090966473296
6660.8			0.9837686643759657
6661.700000000001			0.9664578695564052
6662.6			0.930400767975225
6663.5			0.9154513358621701
6664.4			0.9370859288834352
6665.3			0.9531138969311708
6666.200000000001			0.9492304588741939
6667.1			0.942558257973604
6668.0			0.9496898840557173
6668.9			0.9703412164559063
6669.8			0.9912490261264623
6670.700000000001			1.000513878657079
6671.6			1.0
6672.5			1.0
6673.4			1.0
6674.3			1.0064727232644157
6675.200000000001			1.0129886292796821
6676.1			0.9935924310129959
6677.0			0.9356392518088994
6677.9			0.8939165278419974
6678.8			0.919734610438258
6679.700000000001			0.9719943067446004
6680.6			0.9970219728157597
6681.5			0.9996229020834764
6682.4			1.0
6683.3			1.0
6684.200000000001			1.0
6685.1			1.0
6686.0			1.0
6686.9			1.0
6687.8			1.0
6688.700000000001			1.0
6689.6			1.0
6690.5			1.0
6691.4			1.0
6692.3			1.0
6693.200000000001			1.0
6694.1			1.0
6695.0			1.0
6695.9			1.0
6696.8			1.0
6697.700000000001			1.0
6698.6			1.0
6699.5			1.0
6700.4			1.0
6701.3			1.0
6702.200000000001			1.0
6703.1			1.0
6704.0			1.0
6704.9			1.0
6705.8			1.0
6706.700000000001			1.0
6707.6			1.0070644864066969
6708.5			1.0041056682882938
6709.4			0.9847888066534777
6710.3			0.9734843608278254
6711.200000000001			0.9822722395819409
6712.1			0.9859894767853981
6713.0			0.9784823479305395
6713.9			0.9769059552169884
6714.8			0.975236395971264
6715.700000000001			0.9585515512068887
6716.6			0.9323830865746815
6717.5			0.927220357403596
6718.4			0.960206866815917
6719.3			0.9984328476114401
6720.200000000001			1.0136697815627236
6721.1			1.0082774309499223
6722.0			1.002947311546256
6722.9			1.009316131614182
6723.8			1.0141271340496645
6724.700000000001			1.0036886703091115
6725.6			0.9879276492829485
6726.5			0.9878098449003655
6727.4			1.0004456656676601
6728.3			1.0
6729.200000000001			1.0
6730.1			1.0
6731.0			1.0
6731.9			1.0
6732.8			1.0
6733.700000000001			1.0
6734.6			1.0
6735.5			1.0
6736.4			1.0
6737.3			1.0
6738.200000000001			1.0
6739.1			1.0
6740.0			1.0
6740.9			1.0
6741.8			1.0
6742.700000000001			1.0
6743.6			1.0
6744.5			1.0
6745.4			1.0
6746.3			1.0
6747.200000000001			1.0
6748.1			1.0
6749.0			1.0
6749.9			1.0
6750.8			1.0
6751.700000000001			1.0
6752.6			1.0
6753.5			1.0
6754.4			1.0
6755.3			1.0
6756.200000000001			1.0
6757.1			1.0
6758.0			1.0
6758.9			1.0
6759.8			1.0
6760.700000000001			1.0
6761.6			1.0
6762.5			1.0
6763.4			1.0
6764.3			1.0
6765.200000000001			1.0
6766.1			1.0
6767.0			1.0
6767.9			1.0
6768.8			1.0
6769.700000000001			1.0
6770.6			1.0
6771.5			1.0
6772.4			1.0
6773.3			1.0
6774.200000000001			1.0
6775.1			1.0
6776.0			1.0
6776.9			1.0
6777.8			1.0
6778.700000000001			1.0
6779.6			1.0
6780.5			1.0
6781.4			1.0
6782.3			1.0
6783.200000000001			1.0
6784.1			1.0
6785.0			1.0
6785.9			1.0
6786.8			1.0
6787.700000000001			1.0
6788.6			1.0
6789.5			1.0
6790.4			1.0
6791.3			1.0
6792.200000000001			1.0
6793.1			1.0
6794.0			1.0
6794.9			1.0
6795.8			1.0
6796.700000000001			1.0
6797.6			1.0
6798.5			1.0
6799.4			1.0
6800.3			1.0
6801.200000000001			1.0
6802.1			1.0
6803.0			1.0
6803.9			1.0
6804.8			1.0
6805.700000000001			1.0
6806.6			1.0
6807.5			1.0
6808.4			1.0
6809.3			1.0
6810.200000000001			1.0
6811.1			1.0
6812.0			1.0
6812.9			1.0
6813.8			1.0
6814.700000000001			1.0
6815.6			1.0
6816.5			1.0
6817.4			1.0
6818.3			1.0
6819.200000000001			1.0
6820.1			1.0
6821.0			1.0
6821.9			1.0
6822.8			1.0
6823.700000000001			1.0
6824.6			1.0
6825.5			1.0
6826.4			1.0
6827.3			1.0
6828.200000000001			1.0
6829.1			1.0
6830.0			1.0
6830.9			1.0
6831.8			1.0
6832.700000000001			1.0
6833.6			1.0
6834.5			1.0
6835.4			1.004555957403573
6836.3			1.003120990936455
6837.200000000001			0.9961882283161543
6838.1			0.9810048401085776
6839.0			0.9619218085011819
6839.9			0.943523665021022
6840.8			0.9261223751022256
6841.700000000001			0.9212503741871255
6842.6			0.9380170854203119
6843.5			0.9667741953757899
6844.4			0.9917437537692116
6845.3			1.0032038268824748
6846.200000000001			1.0031152506098318
6847.1			1.0001266121517973
6848.0			0.9995987700655241
6848.9			1.0
6849.8			1.0
6850.700000000001			1.0
6851.6			1.0
6852.5			1.0
6853.4			1.0
6854.3			1.0
6855.200000000001			1.0
6856.1			1.0
6857.0			1.0
6857.9			1.0
6858.8			1.0
6859.700000000001			1.0
6860.6			1.0
6861.5			1.0
6862.4			1.0
6863.3			1.0
6864.200000000001			1.0
6865.1			1.002628944784914
6866.0			0.9898560562112159
6866.9			0.9523199193443984
6867.8			0.9047024950522037
6868.700000000001			0.9123707903847863
6869.6			0.9750322582583673
6870.5			0.9986762348304229
6871.4			1.0
6872.3			1.0
6873.200000000001			1.0
6874.1			1.0
6875.0			1.0
6875.9			1.0
6876.8			1.0
6877.700000000001			1.0
6878.6			1.0
6879.5			1.0
6880.4			1.0
6881.3			1.0
6882.200000000001			1.0
6883.1			1.0
6884.0			1.0
6884.9			1.0
6885.8			1.0
6886.700000000001			1.0
6887.6			1.0
6888.5			1.0
6889.4			1.0
6890.3			1.0
6891.200000000001			1.0
6892.1			1.0
6893.0			1.0
6893.9			1.0
6894.8			1.0
6895.700000000001			1.0
6896.6			1.0
6897.5			1.0
6898.4			1.0
6899.3			1.0
6900.200000000001			1.0
6901.1			1.0
6902.0			1.0
6902.9			1.0
6903.8			1.0
6904.700000000001			1.0
6905.6			1.0
6906.5			1.0
6907.4			1.0
6908.3			1.0
6909.200000000001			1.0
6910.1			1.0
6911.0			1.0
6911.9			1.0
6912.8			1.0
6913.700000000001			1.0
6914.6			1.0
6915.5			1.0
6916.4			1.0
6917.3			1.0
6918.200000000001			1.0
6919.1			1.0
6920.0			1.0179849679692632
6920.9			1.020363606594455
6921.8			1.005196950045111
6922.700000000001			0.9736993537790505
6923.6			0.9373040843588148
6924.5			0.9204600085498502
6925.4			0.9319233548922903
6926.3			0.9579829089942283
6927.200000000001			0.9793968574621327
6928.1			0.9809628696713092
6929.0			0.9661262224856525
6929.9			0.9615511762799868
6930.8			0.9722990563839033
6931.700000000001			0.969744389024555
6932.6			0.9448985876810284
6933.5			0.9337579272458908
6934.4			0.957886915658087
6935.3			0.988329540043489
6936.200000000001			0.9954940358857638
6937.1			0.9796914998932916
6938.0			0.9617879450594589
6938.9			0.9518398482788963
6939.8			0.9415150628354545
6940.700000000001			0.9338801436946581
6941.6			0.9316180475674011
6942.5			0.9270411417257514
6943.4			0.9116108814627186
6944.3			0.8944691440924479
6945.200000000001			0.9052493512545046
6946.1			0.9365385316536113
6947.0			0.9427590644701297
6947.9			0.9323407903351699
6948.8			0.9365755278423159
6949.700000000001			0.9400891207942643
6950.6			0.928942572303444
6951.5			0.9260836031314865
6952.4			0.936907218186935
6953.3			0.9393800514125861
6954.200000000001			0.938087698791641
6955.1			0.9407660696441081
6956.0			0.9323724596073305
6956.9			0.9288618291522709
6957.8			0.9472568887962654
6958.700000000001			0.9580444443716232
6959.6			0.9488695444325771
6960.5			0.9421521075222744
6961.4			0.9499195429413926
6962.3			0.9699037190922367
6963.200000000001			0.9861904652210286
6964.1			0.9828623728767432
6965.0			0.9690950259115297
6965.9			0.9676519974629847
6966.8			0.9810255687431457
6967.700000000001			0.9946663707584771
6968.6			0.9999903296705147
6969.5			1.0
6970.4			1.0
6971.3			1.0
6972.200000000001			1.0
6973.1			1.0
6974.0			0.9883847026079965
6974.9			0.971146699165029
6975.8			0.9582981911091997
6976.700000000001			0.9288849644960686
6977.6			0.8762706238330404
6978.5			0.8501081347388527
6979.4			0.8880912758944819
6980.3			0.945586265172456
6981.200000000001			0.9736288708045054
6982.1			0.9867023001485881
6983.0			1.000465949097836
6983.9			1.0
6984.8			1.0
6985.700000000001			1.0
6986.6			1.0
6987.5			1.0
6988.4			1.0
6989.3			1.0
6990.200000000001			1.0
6991.1			1.0
6992.0			1.0
6992.9			1.0
6993.8			1.0
6994.700000000001			1.0
6995.6			1.0255834798935861
6996.5			1.045298297191637
6997.4			1.0396918433867444
6998.3			0.9969028987673837
6999.200000000001			0.9505759334571303
7000.1			0.9514706678011055
7001.0			0.9919346719460088
7001.9			1.0267715032583768
7002.8			1.0255594260359067
7003.700000000001			0.9893779079156423
7004.6			0.9475449629253385
7005.5			0.9432298816220825
7006.4			0.973592765572712
7007.3			1.002551229491932
7008.200000000001			1.017870033026749
7009.1			1.02043451854959
7010.0			1.004711971084452
7010.9			0.9867593989760101
7011.8			0.9948921830941878
7012.700000000001			1.0177012729325041
7013.6			1.024237646604259
7014.5			0.9885188739610498
7015.4			0.909402268208286
7016.3			0.8636972223242826
7017.200000000001			0.9183700444542144
7018.1			1.010900916568471
7019.0			1.0544933901172326
7019.9			1.0582115147684645
7020.8			1.0583662853272304
7021.700000000001			1.044098024779781
7022.6			1.0008519729881977
7023.5			0.9622732732882998
7024.4			0.9690609171345939
7025.3			1.0047595235321534
7026.200000000001			1.0160169310768945
7027.1			0.993597313469166
7028.0			0.9846856571642028
7028.9			1.0071783506994063
7029.8			1.0322186323318512
7030.700000000001			1.0438995531827384
7031.6			1.0479457303986457
7032.5			1.046311101308062
7033.4			1.0
7034.3			0.9937466646950232
7035.200000000001			0.9986397688575661
7036.1			0.9910677140042289
7037.0			0.9454273754467433
7037.9			0.8962120886476873
7038.8			1.0
7039.700000000001			1.0446859756055307
7040.6			1.0952710278493345
7041.5			1.1294141662524015
7042.4			1.1413355910615512
7043.3			1.1289137408629897
7044.200000000001			1.1037964478558648
7045.1			1.0938353665305682
7046.0			1.1043022571450969
7046.9			1.121936071739814
7047.8			1.137323461929206
7048.700000000001			1.145326173811915
7049.6			1.1375407127252797
7050.5			1.105671054911506
7051.4			1.0520929444367126
7052.3			1.0082986211553022
7053.200000000001			1.0140315038914933
7054.1			1.05780919853366
7055.0			1.0982648429640813
7055.9			1.116840738077039
7056.8			1.1147066335419125
7057.700000000001			1.1032794110533026
7058.6			1.0870585279213123
7059.5			1.0684006792456384
7060.4			1.0631350223901324
7061.3			1.0698709035774674
7062.200000000001			1.0743308494376873
7063.1			1.0810644578172723
7064.0			1.0916471345019474
7064.9			1.0886453851325764
7065.8			1.0673132140674422
7066.700000000001			1.0365371025919565
7067.6			1.0108300178414622
7068.5			1.0144139602089284
7069.4			1.050386269630613
7070.3			1.0849868777594938
7071.200000000001			1.093138357997949
7072.1			1.0888312957522275
7073.0			1.0913634392877878
7073.9			1.0989758741179605
7074.8			1.0992254845492049
7075.700000000001			1.0931881626423043
7076.6			1.0903184690357477
7077.5			1.088851419599524
7078.4			1.0841255386517061
7079.3			1.0853094308304376
7080.200000000001			1.0957680334211513
7081.1			1.1004841522017106
7082.0			1.0868730815893408
7082.9			1.0474113634514781
7083.8			0.9963805745398647
7084.700000000001			0.9759278680163157
7085.6			1.0002322246856357
7086.5			1.033486972358235
7087.4			1.0479876393193206
7088.3			1.04386152025212
7089.200000000001			1.0303360082082615
7090.1			1.0205966514878224
7091.0			1.0227972628660604
7091.9			1.0275562768237028
7092.8			1.0291348675140484
7093.700000000001			1.0316142349845063
7094.6			1.0329743701496195
7095.5			1.0330699887962687
7096.4			1.0341433636431656
7097.3			1.0386818227632981
7098.200000000001			1.044052054013447
7099.1			1.046133020269746
7100.0			1.0418605466629667
7100.9			1.0303580583614484
7101.8			1.0166540294183912
7102.700000000001			1.0139515629544602
7103.6			1.0304379435235165
7104.5			1.0514118565496713
7105.4			1.0472329446783197
7106.3			1.0198839416815697
7107.200000000001			1.0084515712493993
7108.1			1.0198017074888157
7109.0			1.0194416827474193
7109.9			0.9954327697728103
7110.8			0.9747407057916665
7111.700000000001			0.9794610832067746
7112.6			1.0016096210010081
7113.5			1.0195847929739956
7114.4			1.0265050820601445
7115.3			1.03010578544398
7116.200000000001			1.033630873097661
7117.1			1.0358026733985768
7118.0			1.03171084211075
7118.9			1.0245797963587522
7119.8			1.0204494001552655
7120.700000000001			1.0094129637914548
7121.6			0.990061084686023
7122.5			0.9918748983005167
7123.4			1.020304626407076
7124.3			1.0426548966560234
7125.200000000001			1.0422043945175203
7126.1			1.0328086326098402
7127.0			1.0384472530341573
7127.9			1.0465007181618176
7128.8			1.0322373568530716
7129.700000000001			0.9994217651065295
7130.6			1.0
7131.5			1.0
7132.4			1.0
7133.3			1.0
7134.200000000001			1.0
7135.1			1.0
7136.0			1.0
7136.9			1.0
7137.8			1.0
7138.700000000001			1.0
7139.6			1.0
7140.5			1.0
7141.4			1.0
7142.3			1.0
7143.200000000001			1.0
7144.1			1.0
7145.0			1.0
7145.9			1.0
7146.8			1.0
7147.700000000001			1.0
7148.6			1.0
7149.5			1.0
7150.4			1.0
7151.3			1.0
7152.200000000001			1.0
7153.1			1.0
7154.0			1.0
7154.9			1.0
7155.8			1.0
7156.700000000001			1.0
7157.6			1.0
7158.5			1.0
7159.4			1.0
7160.3			1.0
7161.200000000001			1.0
7162.1			1.0
7163.0			1.0
7163.9			1.0
7164.8			1.0
7165.700000000001			1.0
7166.6			1.0
7167.5			1.0
7168.4			1.0
7169.3			1.0
7170.200000000001			1.0
7171.1			1.0
7172.0			1.0
7172.9			1.0
7173.8			1.0
7174.700000000001			1.0090773057808435
7175.6			1.0049455151082656
7176.5			0.9752714680493794
7177.4			0.9615077689307207
7178.3			0.976988340376013
7179.200000000001			0.9824039968433563
7180.1			0.9550300033058517
7181.0			0.9245081849542364
7181.9			0.9468966008307174
7182.8			1.0130987030864462
7183.700000000001			1.0534557182009623
7184.6			1.0505602565172136
7185.5			1.0171063946736991
7186.4			0.945362369793059
7187.3			1.0
7188.200000000001			1.0080937144295583
7189.1			1.0526203531972582
7190.0			1.0884057769126398
7190.9			1.0916851541849413
7191.8			1.0571495256246104
7192.700000000001			1.0248684432003308
7193.6			1.0273002860029512
7194.5			1.0549971205069084
7195.4			1.067157272713326
7196.3			1.044645930320615
7197.200000000001			1.0202012395820437
7198.1			1.0337299287038553
7199.0			1.0757561573621652
7199.9			1.0875640301005214
7200.8			1.0608911038793951
7201.700000000001			1.062059932714584
7202.6			1.0978664740842237
7203.5			1.1086260496332656
7204.4			1.0959419717339385
7205.3			1.0
7206.200000000001			0.9653533595796647
7207.1			0.9391081609517209
7208.0			0.9401162783763185
7208.9			0.9439845247463846
7209.8			0.9576437215306728
7210.700000000001			0.9860803769496552
7211.6			0.9957163331619686
7212.5			0.981020303012641
7213.4			0.9645011809450743
7214.3			0.9534952779759934
7215.200000000001			0.9446603313622773
7216.1			0.9460651073874812
7217.0			0.9658683553227358
7217.9			0.989017704842939
7218.8			0.9956827534156337
7219.700000000001			0.9916890008289908
7220.6			0.9914693766923657
7221.5			0.9913556872770564
7222.4			1.0
7223.3			0.9860699225583245
7224.200000000001			1.005464418842835
7225.1			1.04485492999576
7226.0			1.0580988938900726
7226.9			1.028265223164077
7227.8			0.9834959640666363
7228.700000000001			0.9747879343856168
7229.6			1.0066218338726147
7230.5			1.039804022611737
7231.4			1.0464399406935314
7232.3			1.0339393918711801
7233.200000000001			1.0302752450029158
7234.1			1.0284529642456688
7235.0			1.0085597230908052
7235.9			0.9923570112854353
7236.8			0.9980595958848469
7237.700000000001			1.008269999442312
7238.6			0.9974471991076629
7239.5			0.9582608520780268
7240.4			0.933443758066245
7241.3			0.9719524170325231
7242.200000000001			1.0183620071299972
7243.1			0.9938345128233053
7244.0			0.9355532789099058
7244.9			0.9205094994627305
7245.8			0.9444673996054984
7246.700000000001			0.9671445168518185
7247.6			0.9837841895641684
7248.5			0.9924352818683687
7249.4			0.9798244895937365
7250.3			0.9605727807814926
7251.200000000001			0.959142065568175
7252.1			0.9603736627994403
7253.0			0.9577176757009354
7253.9			0.9797110296411751
7254.8			1.0258977696407814
7255.700000000001			1.058014799016323
7256.6			1.052327237076739
7257.5			1.024809702126183
7258.4			1.018924807424468
7259.3			1.0240164763688506
7260.200000000001			0.9877129455935675
7261.1			0.9389794670449262
7262.0			0.9553557362607759
7262.9			1.0158837167940749
7263.8			1.0
7264.700000000001			1.0027163546608653
7265.6			1.0148979797832376
7266.5			1.0459628229156184
7267.4			1.0587217938862887
7268.3			1.0396783494135315
7269.200000000001			1.0064454724960994
7270.1			0.9880399774841774
7271.0			1.0003918406188437
7271.9			1.0165535959810603
7272.8			1.0157051352617856
7273.700000000001			1.0232311915325896
7274.6			1.0359876752220594
7275.5			1.0254306051609026
7276.4			0.9949512054177094
7277.3			0.9753840198403226
7278.200000000001			0.995759056824465
7279.1			1.0395210043136125
7280.0			1.0645004375083258
7280.9			1.0574214869190735
7281.8			1.0329070867974741
7282.700000000001			1.0202224466375216
7283.6			1.0290204981732887
7284.5			1.0517547956954167
7285.4			1.0855295886920995
7286.3			1.1060450548197025
7287.200000000001			1.0831684082993036
7288.1			1.058795539525843
7289.0			1.0738099042380576
7289.9			1.071078230412358
7290.8			1.033013329228491
7291.700000000001			1.0161889582639165
7292.6			1.0408788649426053
7293.5			1.0810816732819633
7294.4			1.0
7295.3			1.0235607239828655
7296.200000000001			1.0520959250585655
7297.1			1.065209731608805
7298.0			1.0575827255458483
7298.9			1.0388757897107535
7299.8			1.0263022295371738
7300.700000000001			1.0376528361075539
7301.6			1.054365345690805
7302.5			1.0512045127572234
7303.4			1.0462427156312721
7304.3			1.0643862826426658
7305.200000000001			1.0824684813616614
7306.1			1.0782160941664591
7307.0			1.064080227733971
7307.9			1.0594074520029615
7308.8			1.061812600334021
7309.700000000001			1.0549915092148443
7310.6			1.0491662758094649
7311.5			1.0654032753653584
7312.4			1.094447958128927
7313.3			1.116253421589221
7314.200000000001			1.1250776807480936
7315.1			1.1142068480192817
7316.0			1.0965170675243683
7316.9			1.079298554471822
7317.8			1.0666826988600722
7318.700000000001			1.088816408159372
7319.6			1.1300700141772673
7320.5			1.1546894320546122
7321.4			1.1678771536893604
7322.3			1.1646443702375062
7323.200000000001			1.1414361135596274
7324.1			1.1242278631354197
7325.0			1.1171594133823073
7325.9			1.1208718222221492
7326.8			1.1411070095462865
7327.700000000001			1.169906077207806
7328.6			1.1899688114813645
7329.5			1.1900877241164276
7330.4			1.1791278818382778
7331.3			1.179566029086528
7332.200000000001			1.185030623108078
7333.1			1.1843738557032528
7334.0			1.195307809602172
7334.9			1.218356350740384
7335.8			1.2430737642716756
7336.700000000001			1.2607714053730301
7337.6			1.2659510391327198
7338.5			1.2635647746974594
7339.4			1.2694788808808237
7340.3			1.2899627366820514
7341.200000000001			1.3083445893343977
7342.1			1.2994609324606108
7343.0			1.251342400892373
7343.9			1.2024673198398732
7344.8			1.2198529199296544
7345.700000000001			1.2832729404569314
7346.6			1.3279455197168752
7347.5			1.344797793534845
7348.4			1.3380816989034936
7349.3			1.3005969929389198
7350.200000000001			1.2700142537437475
7351.1			1.2894451812704535
7352.0			1.3314698140739871
7352.9			1.3433520200418747
7353.8			1.3200397028739927
7354.700000000001			1.2820509143158354
7355.6			1.2600674076104443
7356.5			1.2763987255162599
7357.4			1.331482249955091
7358.3			1.3927410568812184
7359.200000000001			1.4170575933503193
7360.1			1.3945147563628748
7361.0			1.357343958864904
7361.9			1.3353955380979226
7362.8			1.3208580350626453
7363.700000000001			1.3259797079044897
7364.6			1.3513491787472653
7365.5			1.3662799109770913
7366.4			1.388729784148884
7367.3			1.420706600259062
7368.200000000001			1.413017782336039
7369.1			1.3928271011420372
7370.0			1.4151079057073936
7370.9			1.4511511654459492
7371.8			1.4642246275418571
7372.700000000001			1.4651276939544746
7373.6			1.4653398066439935
7374.5			1.4700276307012892
7375.4			1.4716636810097592
7376.3			1.4737822143772774
7377.200000000001			1.4894464663883953
7378.1			1.512029117792316
7379.0			1.528984191707554
7379.9			1.5231739240112152
7380.8			1.4917983781233914
7381.700000000001			1.458863129736948
7382.6			1.4470591078126718
7383.5			1.443352392590404
7384.4			1.4377866794908947
7385.3			1.441372155927471
7386.200000000001			1.460644474813557
7387.1			1.4738887503228713
7388.0			1.4620523241717742
7388.9			1.4529611725975344
7389.8			1.484251658963322
7390.700000000001			1.5329050132862916
7391.6			1.5470682719686366
7392.5			1.5424509094327412
7393.4			1.573880103049136
7394.3			1.630995672972718
7395.200000000001			1.651868155825781
7396.1			1.6450932762064923
7397.0			1.656618307843598
7397.9			1.6718428873217563
7398.8			1.6615871108442426
7399.700000000001			1.643852995505466
7400.6			1.6665096299684796
7401.5			1.7316836001285076
7402.4			1.802906198475041
7403.3			1.8420016366839973
7404.200000000001			1.8323786778320386
7405.1			1.8143373391060966
7406.0			1.831778678462709
7406.9			1.8498311266049003
7407.8			1.822536479333228
7408.700000000001			1.7883016739433315
7409.6			1.7931710426088086
7410.5			1.8377071183577691
7411.4			2.0313682042360646
7412.3			1.2066264615923568
7413.200000000001			1.756678294319398e-05
7414.1			1.7706256393175377e-05
7415.0			0.0013099479736181664
7415.9			1.600068298226189e-06
7416.8			1.8138289361684595e-05
7417.700000000001			1.828702393057537e-05
7418.6			1.8438217923530606e-05
7419.5			1.859193285140686e-05
7420.4			1.8748232293508922e-05
7421.3			1.8907181985272497e-05
7422.200000000001			1.90688499104454e-05
7423.1			1.9233306398038723e-05
7424.0			1.940062422433851e-05
7424.9			1.9570878720288794e-05
7425.8			1.9744147884578867e-05
7426.700000000001			1.9920512502791452e-05
7427.6			2.0100056272994217e-05
7428.5			2.0282865938184734e-05
7429.4			1.0
