3500.0			1.0
3500.9			1.0
3501.8			1.0
3502.7			1.0
3503.6			1.0
3504.5			1.0
3505.4			1.0
3506.3			1.0
3507.2			1.0
3508.1			1.0
3509.0			1.0
3509.9			1.0
3510.8			1.0
3511.7			1.0
3512.6			1.0
3513.5			1.0
3514.4			1.0
3515.3			1.0
3516.2			1.0
3517.1			1.0
3518.0			1.0
3518.9			1.0
3519.8			1.0
3520.7			1.0
3521.6			1.0
3522.5			1.0
3523.4			1.0
3524.3			1.0
3525.2			1.0
3526.1			1.0
3527.0			1.0
3527.9			1.0
3528.8			1.0
3529.7			1.0
3530.6			1.0
3531.5			1.0
3532.4			1.0
3533.3			1.0
3534.2			1.0
3535.1			1.0
3536.0			1.0
3536.9			1.0
3537.8			1.0
3538.7			1.0
3539.6			1.0
3540.5			1.0
3541.4			1.0
3542.3			1.0
3543.2			1.0
3544.1			1.0
3545.0			1.0
3545.9			1.0
3546.8			1.0
3547.7			1.0
3548.6			1.0
3549.5			1.0
3550.4			1.0
3551.3			1.0
3552.2			1.0
3553.1			1.0
3554.0			1.0
3554.9			1.0
3555.8			1.0
3556.7			1.0
3557.6			1.0
3558.5			1.0
3559.4			1.0
3560.3			1.0
3561.2			1.0
3562.1			1.0
3563.0			1.0
3563.9			1.0
3564.8			1.0
3565.7			1.0
3566.6			1.0
3567.5			1.0
3568.4			1.0
3569.3			1.0
3570.2			1.0
3571.1			1.0
3572.0			1.0
3572.9			1.0
3573.8			1.0
3574.7			1.0
3575.6			1.0
3576.5			1.0
3577.4			1.0
3578.3			1.0
3579.2			1.0
3580.1			1.0
3581.0			1.0
3581.9			1.0
3582.8			1.0
3583.7			1.0
3584.6			1.0
3585.5			1.0
3586.4			1.0
3587.3			1.0
3588.2			1.0
3589.1			1.0
3590.0			1.0
3590.9			1.0
3591.8			1.0
3592.7			1.0
3593.6			1.0
3594.5			1.0
3595.4			1.0
3596.3			1.0
3597.2			1.0
3598.1			1.0
3599.0			1.0
3599.9			1.0
3600.8			1.0
3601.7			1.0
3602.6			1.0
3603.5			1.0
3604.4			1.0
3605.3			1.0
3606.2			1.0
3607.1			1.0
3608.0			1.0
3608.9			1.0
3609.8			1.0
3610.7			1.0
3611.6			1.0
3612.5			1.0
3613.4			1.0
3614.3			1.0
3615.2			1.0
3616.1			1.0
3617.0			1.0
3617.9			1.0
3618.8			1.0
3619.7			1.0
3620.6			1.0
3621.5			1.0
3622.4			1.0
3623.3			1.0
3624.2			1.0
3625.1			1.0
3626.0			1.0
3626.9			1.0
3627.8			1.0
3628.7			1.0
3629.6			1.0
3630.5			1.0
3631.4			1.0
3632.3			1.0
3633.2			1.0
3634.1			1.0
3635.0			1.0
3635.9			1.0
3636.8			1.0
3637.7			1.0
3638.6			1.0
3639.5			1.0
3640.4			1.0
3641.3			1.0
3642.2			1.0
3643.1			1.0
3644.0			1.0
3644.9			1.0
3645.8			1.0
3646.7			1.0
3647.6			1.0
3648.5			1.0
3649.4			1.0
3650.3			1.0
3651.2			1.0
3652.1			1.0
3653.0			1.0
3653.9			1.0
3654.8			1.0
3655.7			1.0
3656.6			1.0
3657.5			1.0
3658.4			1.0
3659.3			1.0
3660.2			1.0
3661.1			1.0
3662.0			1.0
3662.9			1.0
3663.8			1.0
3664.7			1.0
3665.6			1.0
3666.5			1.0
3667.4			1.0
3668.3			1.0
3669.2			1.0
3670.1			1.0
3671.0			1.0
3671.9			1.0
3672.8			1.0
3673.7			1.0
3674.6			1.0
3675.5			1.0
3676.4			1.0
3677.3			1.0
3678.2			1.0
3679.1			1.0
3680.0			1.0
3680.9			1.0
3681.8			1.0
3682.7			1.0
3683.6			1.0
3684.5			1.0
3685.4			1.0
3686.3			1.0
3687.2			1.0
3688.1			1.0
3689.0			1.0
3689.9			1.0
3690.8			1.0
3691.7			1.0
3692.6			1.0
3693.5			1.0
3694.4			1.0
3695.3			1.0
3696.2			1.0
3697.1			1.0
3698.0			1.0
3698.9			1.0
3699.8			1.0
3700.7			1.0
3701.6			1.0
3702.5			1.0
3703.4			1.0
3704.3			1.0
3705.2			1.0
3706.1			1.0
3707.0			1.0
3707.9			1.0
3708.8			1.0
3709.7			1.0
3710.6			1.0
3711.5			1.0
3712.4			1.0
3713.3			1.0
3714.2			1.0
3715.1			1.0
3716.0			1.0
3716.9			1.0
3717.8			1.0
3718.7			1.0
3719.6			1.0
3720.5			1.0
3721.4			1.0
3722.3			1.0
3723.2			1.0
3724.1			1.0
3725.0			1.0
3725.9			1.0
3726.8			1.0
3727.7			1.0
3728.6			1.0
3729.5			1.0
3730.4			1.0
3731.3			1.0
3732.2			1.0
3733.1			1.0
3734.0			1.0
3734.9			1.0
3735.8			1.0
3736.7			1.0
3737.6			1.0
3738.5			1.0
3739.4			1.0
3740.3			1.0
3741.2			1.0
3742.1			1.0
3743.0			1.0
3743.9			1.0
3744.8			1.0
3745.7			1.0
3746.6			1.0
3747.5			1.0
3748.4			1.0
3749.3			1.0
3750.2			1.0
3751.1			1.0
3752.0			1.0
3752.9			1.0
3753.8			1.0
3754.7			1.0
3755.6			1.0
3756.5			1.0
3757.4			1.0
3758.3			1.0
3759.2			1.0
3760.1			1.0
3761.0			1.0
3761.9			1.0
3762.8			1.0
3763.7			1.0
3764.6			1.0
3765.5			1.0
3766.4			1.0
3767.3			1.0
3768.2			1.0
3769.1			1.0
3770.0			1.0
3770.9			1.0
3771.8			1.0
3772.7			1.0
3773.6			1.0
3774.5			1.0
3775.4			1.0
3776.3			1.0
3777.2			1.0
3778.1			1.0
3779.0			1.0
3779.9			1.0
3780.8			1.0
3781.7			1.0
3782.6			1.0
3783.5			1.0
3784.4			1.0
3785.3			1.0
3786.2			1.0
3787.1			1.0
3788.0			1.0
3788.9			1.0
3789.8			1.0
3790.7			1.0
3791.6			1.0
3792.5			1.0
3793.4			1.0
3794.3			1.0
3795.2			1.0
3796.1			1.0
3797.0			1.0
3797.9			1.0
3798.8			1.0
3799.7			1.0
3800.6			1.0
3801.5			1.0
3802.4			1.0
3803.3			1.0
3804.2			1.0
3805.1			1.0
3806.0			1.0
3806.9			1.0
3807.8			1.0
3808.7			1.0
3809.6			1.0
3810.5			1.0
3811.4			1.0
3812.3			1.0
3813.2			1.0
3814.1			1.0
3815.0			1.0
3815.9			1.0
3816.8			1.0
3817.7			1.0
3818.6			1.0
3819.5			1.0
3820.4			1.0
3821.3			1.0
3822.2			1.0
3823.1			1.0
3824.0			1.0
3824.9			1.0
3825.8			1.0
3826.7			1.0
3827.6			1.0
3828.5			1.0
3829.4			1.0
3830.3			1.0
3831.2			1.0
3832.1			1.0
3833.0			1.0
3833.9			1.0
3834.8			1.0
3835.7			1.0
3836.6			1.0
3837.5			1.0
3838.4			1.0
3839.3			1.0
3840.2			1.0
3841.1			1.0
3842.0			1.0
3842.9			1.0
3843.8			1.0
3844.7			1.0
3845.6			1.0
3846.5			1.0
3847.4			1.0
3848.3			1.0
3849.2			1.0
3850.1			1.0
3851.0			1.0
3851.9			1.0
3852.8			1.0
3853.7			1.0
3854.6			1.0
3855.5			1.0
3856.4			1.0
3857.3			1.0
3858.2			1.0
3859.1			1.0
3860.0			1.0
3860.9			1.0
3861.8			1.0
3862.7			1.0
3863.6			1.0
3864.5			1.0
3865.4			1.0
3866.3			1.0
3867.2			1.0
3868.1			1.0
3869.0			1.0
3869.9			1.0
3870.8			1.0
3871.7			1.0
3872.6			1.0
3873.5			1.0
3874.4			1.0
3875.3			1.0
3876.2			1.0
3877.1			1.0
3878.0			1.0
3878.9			1.0
3879.8			1.0
3880.7			1.0
3881.6			1.0
3882.5			1.0
3883.4			1.0
3884.3			1.0
3885.2			1.0
3886.1			1.0
3887.0			1.0
3887.9			1.0
3888.8			1.0
3889.7			1.0
3890.6			1.0
3891.5			1.0
3892.4			1.0
3893.3			1.0
3894.2			1.0
3895.1			1.0
3896.0			1.0
3896.9			1.0
3897.8			1.0
3898.7			1.0
3899.6			1.0
3900.5			1.0
3901.4			1.0
3902.3			1.0
3903.2			1.0
3904.1			1.0
3905.0			1.0
3905.9			1.0
3906.8			1.0
3907.7			1.0
3908.6			1.0
3909.5			1.0
3910.4			1.0
3911.3			1.0
3912.2			1.0
3913.1			1.0
3914.0			1.0
3914.9			1.0
3915.8			1.0
3916.7			1.0
3917.6			1.0
3918.5			1.0
3919.4			1.0
3920.3			1.0
3921.2			1.0
3922.1			1.0
3923.0			1.0
3923.9			1.0
3924.8			1.0
3925.7			1.0
3926.6			1.0
3927.5			1.0
3928.4			1.0
3929.3			1.0
3930.2			1.0
3931.1			1.0
3932.0			1.0
3932.9			1.0
3933.8			1.0
3934.7			1.0
3935.6			1.0
3936.5			1.0
3937.4			1.0
3938.3			1.0
3939.2			1.0
3940.1			1.0
3941.0			1.0
3941.9			1.0
3942.8			1.0
3943.7			1.0
3944.6			1.0
3945.5			1.0
3946.4			1.0
3947.3			1.0
3948.2			1.0
3949.1			1.0
3950.0			1.0
3950.9			1.0
3951.8			1.0
3952.7			1.0
3953.6			1.0
3954.5			1.0
3955.4			1.0
3956.3			1.0
3957.2			1.0
3958.1			1.0
3959.0			1.0
3959.9			1.0
3960.8			1.0
3961.7			1.0
3962.6			1.0
3963.5			1.0
3964.4			1.0
3965.3			1.0
3966.2			1.0
3967.1			1.0
3968.0			1.0
3968.9			1.0
3969.8			1.0
3970.7			1.0
3971.6			1.0
3972.5			1.0
3973.4			1.0
3974.3			1.0
3975.2			1.0
3976.1			1.0
3977.0			1.0
3977.9			1.0
3978.8			1.0
3979.7			1.0
3980.6			1.0
3981.5			1.0
3982.4			1.0
3983.3			1.0
3984.2			1.0
3985.1			1.0
3986.0			1.0
3986.9			1.0
3987.8			1.0
3988.7			1.0
3989.6			1.0
3990.5			1.0
3991.4			1.0
3992.3			1.0
3993.2			1.0
3994.1			1.0
3995.0			1.0
3995.9			1.0
3996.8			1.0
3997.7			1.0
3998.6			1.0
3999.5			1.0
4000.4			1.0
4001.3			1.0
4002.2			1.0
4003.1			1.0257438395005043
4004.0			0.9740012294192184
4004.9			0.8658316223303117
4005.8			0.8073112072144004
4006.7			0.8471451347016159
4007.6			0.9379634010951386
4008.5			1.0038022740403347
4009.4			1.0
4010.3			1.0
4011.2			1.0
4012.1			1.0
4013.0			1.0
4013.9			1.0
4014.8			1.0
4015.7			1.0
4016.6			1.0
4017.5			1.0
4018.4			1.0
4019.3			1.0
4020.2			1.0
4021.1			1.0
4022.0			1.0
4022.9			1.0
4023.8			1.0
4024.7			1.0
4025.6			1.0217712708121058
4026.5			1.0731941503489504
4027.4			1.0993629358489332
4028.3			1.0892693127909718
4029.2			1.0233468511483794
4030.1			0.9077405158484617
4031.0			0.8262605613455708
4031.9			0.8089830385686114
4032.8			0.8050350085894378
4033.7			0.7983099851682177
4034.6			0.8067321623040158
4035.5			0.8529963390728004
4036.4			0.926631550763291
4037.3			0.9882480050070953
4038.2			1.0040130706158845
4039.1			1.0
4040.0			1.0
4040.9			1.0
4041.8			1.0428224382807967
4042.7			1.0790067175751166
4043.6			1.0248027287450747
4044.5			0.9078559436592307
4045.4			0.8258916672775667
4046.3			0.8695998668309529
4047.2			0.9872879961923461
4048.1			1.0312008695165722
4049.0			0.9970152531404536
4049.9			1.0
4050.8			1.0206891721021645
4051.7			1.0129626440348625
4052.6			0.9861977118029024
4053.5			0.9639805395858059
4054.4			0.9436096280950038
4055.3			0.9479345702295706
4056.2			0.9738070037221083
4057.1			0.971024894273199
4058.0			0.9414520407690152
4058.9			0.9538288302838611
4059.8			1.0
4060.7			1.0657306994612243
4061.6			1.0487478241547354
4062.5			0.9526601320498455
4063.4			0.8802321236774044
4064.3			0.9068874236518105
4065.2			0.9392530598981692
4066.1			0.8929933422905191
4067.0			0.8607383168676848
4067.9			0.9283989533200793
4068.8			1.0334972771365314
4069.7			1.0644464535167395
4070.6			1.0028490419960805
4071.5			1.0
4072.4			1.0198889978464734
4073.3			1.0633883163507785
4074.2			1.0487750604220738
4075.1			0.9788151458249565
4076.0			0.8844757608802388
4076.9			0.7989998960385637
4077.8			0.7841675198053157
4078.7			0.8670031781837768
4079.6			0.984881368146274
4080.5			1.0788062525189255
4081.4			1.125834438665847
4082.3			1.0928239380130171
4083.2			1.00013509350415
4084.1			1.0
4085.0			1.0
4085.9			1.0
4086.8			1.0
4087.7			1.0
4088.6			1.0
4089.5			1.0
4090.4			1.0
4091.3			1.0
4092.2			1.0
4093.1			1.0
4094.0			1.0
4094.9			1.0
4095.8			0.9423788192161592
4096.7			0.9227616114453937
4097.6			0.9448494287518504
4098.5			0.9648348199697717
4099.4			0.9310358974416925
4100.3			0.8191394774140541
4101.2			0.6911049112900922
4102.1			0.6666175615579899
4103.0			0.7641491588290206
4103.9			0.8788265578265744
4104.8			0.9477493103636587
4105.7			0.9835664527454084
4106.6			1.006073635433066
4107.5			1.0175103090388067
4108.4			1.0009159166201498
4109.3			1.0
4110.2			1.0
4111.1			1.0
4112.0			1.0
4112.9			1.0
4113.8			1.0
4114.7			1.0
4115.6			1.0280515871234466
4116.5			1.0382670256242423
4117.4			0.9897486847025343
4118.3			0.9098620260943561
4119.2			0.8804688302951151
4120.1			0.9104098428658104
4121.0			0.9381745019810825
4121.9			0.9291417690588725
4122.8			0.9113866142305808
4123.7			0.9196706817554023
4124.6			0.9458553622984337
4125.5			0.9580766243826492
4126.4			1.0
4127.3			0.9716519191954983
4128.2			0.9463271528890974
4129.1			0.9397784109310618
4130.0			0.9613373201661963
4130.9			0.9778364334159606
4131.8			0.9479994048359686
4132.7			0.8999998025859929
4133.6			0.8803434874480633
4134.5			0.9148422097990365
4135.4			0.991380215051704
4136.3			1.040166888976864
4137.2			1.0378550397343314
4138.1			1.0476249426518298
4139.0			1.0751309898244816
4139.9			1.0812733361461526
4140.8			1.0587822069106223
4141.7			0.9968005306909178
4142.6			0.906834200214928
4143.5			0.8568021626657193
4144.4			0.891002490070185
4145.3			0.9595812798343699
4146.2			1.0008602576287753
4147.1			1.0146441952637055
4148.0			0.9995570479304119
4148.9			0.9406820033391661
4149.8			0.8822431770189253
4150.7			0.8913885406579217
4151.6			0.9309124345492297
4152.5			0.9358710179270274
4153.4			0.9052768410456813
4154.3			0.8699317568276055
4155.2			0.8657809436791783
4156.1			0.8759501201893041
4157.0			0.8846853099717035
4157.9			0.9219297720493185
4158.8			0.9810645246588364
4159.7			1.0178557131791026
4160.6			1.0044826808985603
4161.5			0.9791142852465501
4162.4			0.9805533788218819
4163.3			0.9866662799631724
4164.2			0.9867271159180739
4165.1			0.9897088535345759
4166.0			0.9678105700801151
4166.9			0.9202867428300346
4167.8			0.9092795520069202
4168.7			0.9542021006733113
4169.6			0.9892478373994086
4170.5			0.9726708852750484
4171.4			0.8996917570857381
4172.3			0.8032160718603818
4173.2			0.7625752981627502
4174.1			0.8020519851280153
4175.0			0.8634671202748558
4175.9			0.8868696399030495
4176.8			0.8559979412640144
4177.7			0.8049040987942423
4178.6			0.7951035133794736
4179.5			0.831812924629647
4180.4			0.8711139545557168
4181.3			0.8838404033489579
4182.2			0.8797413199558599
4183.1			0.8842755265460811
4184.0			0.9184963576760743
4184.9			0.9633654939362291
4185.8			0.9591581176631087
4186.7			0.8963066781729107
4187.6			0.856480512158211
4188.5			0.8864108300229857
4189.4			0.9366149067180605
4190.3			1.0
4191.2			0.9747115836852356
4192.1			0.9700467621346128
4193.0			1.0184454437559685
4193.9			1.038396062903646
4194.8			0.9727013357066353
4195.7			0.8920207548480132
4196.6			0.8754818907787197
4197.5			0.9033797234930026
4198.4			0.9428896328616827
4199.3			0.9994556674685552
4200.2			1.0394689560306518
4201.1			1.0267696721917685
4202.0			1.0067721680672261
4202.9			0.8706422799019088
4203.8			0.8766428421087202
4204.7			0.8627168753589479
4205.6			0.8780881743187174
4206.5			0.934822623433867
4207.4			0.9840112134494493
4208.3			0.9885787820292103
4209.2			0.9552255835512268
4210.1			0.9288321043786527
4211.0			1.0
4211.9			1.0033297825881964
4212.8			0.9859957053165164
4213.7			0.9350181638473739
4214.6			0.8462830145039665
4215.5			0.7708183532014106
4216.4			0.8014777408799115
4217.3			0.9035839078194527
4218.2			0.9744153963990794
4219.1			1.0060471293800164
4220.0			1.0
4220.9			1.0327617914207643
4221.8			1.0132049638373912
4222.7			0.9489184366678219
4223.6			0.8884909589927997
4224.5			0.8518471204407064
4225.4			0.8044027466725079
4226.3			0.7386019127492967
4227.2			0.7495490783758649
4228.1			0.887523076926723
4229.0			1.0157767356952356
4229.9			1.0415455600141144
4230.8			1.0269266950990785
4231.7			1.0
4232.6			0.9530176703639867
4233.5			0.94114956669004
4234.4			0.978008466363595
4235.3			0.948762730334076
4236.2			0.8572953231935521
4237.1			0.8351162563366801
4238.0			0.8795840266777654
4238.9			0.9137933652260022
4239.8			0.9378783212728257
4240.7			0.9832328410664462
4241.6			0.9992646970809291
4242.5			1.0
4243.4			1.0
4244.3			1.0543674431311147
4245.2			1.0861686549553702
4246.1			1.048598263690643
4247.0			0.9628093059600826
4247.9			0.8845730733919169
4248.8			0.8633226194806223
4249.7			0.8929036403227562
4250.6			0.9576430988436819
4251.5			1.0356935637257552
4252.4			1.0599515050632802
4253.3			0.9984415070453097
4254.2			1.0
4255.1			1.0
4256.0			1.0564392179331994
4256.9			1.124001754856637
4257.8			1.084315834363754
4258.7			0.9710857437978011
4259.6			0.8970738292416361
4260.5			0.8731771774197484
4261.4			0.8927579656002183
4262.3			1.0
4263.2			1.0672147582583573
4264.1			1.0718178472439237
4265.0			1.081844467597054
4265.9			1.11670194354343
4266.8			1.0985327588681395
4267.7			1.037647790220819
4268.6			1.0056238754507811
4269.5			0.9763204742272146
4270.4			0.9155050582132589
4271.3			0.8713218211211545
4272.2			0.8949881907296786
4273.1			0.9324794619338063
4274.0			0.9139284872003699
4274.9			0.9006089222981395
4275.8			0.9740688028097996
4276.7			1.0
4277.6			1.0433475971498962
4278.5			1.012493430263033
4279.4			0.911348076203468
4280.3			0.8290897888462435
4281.2			0.8569077116170712
4282.1			1.0
4283.0			1.0808126769551083
4283.9			1.0923937984610097
4284.8			1.0133868064570892
4285.7			0.927029558500099
4286.6			0.9394716029376977
4287.5			1.0
4288.4			0.9878249809579226
4289.3			0.907721579110489
4290.2			0.8584319569091476
4291.1			0.8964423556541228
4292.0			0.999125301215094
4292.9			1.0853885709563647
4293.8			1.0752726905613514
4294.7			1.0065183276085385
4295.6			0.9431250489577175
4296.5			0.870633998401569
4297.4			0.793502235218079
4298.3			0.7272674233476085
4299.2			0.642887070758606
4300.1			0.5813169732048076
4301.0			0.5955676711262817
4301.9			0.622215760493997
4302.8			0.6084925925174124
4303.7			0.599505874467882
4304.6			0.6234677964760538
4305.5			0.6678340335779397
4306.4			0.6945459280125191
4307.3			0.6534198665738065
4308.2			0.568377726317241
4309.1			0.5214041434933882
4310.0			0.5215325961541606
4310.9			0.5335063454610797
4311.8			0.5654687180978955
4312.7			0.6345630069247378
4313.6			0.7217483333917525
4314.5			0.825868621474873
4315.4			0.9759438944881497
4316.3			1.1235491956206767
4317.2			1.1871310734140612
4318.1			1.1895096674447696
4319.0			1.0
4319.9			0.9866305552473656
4320.8			0.9494918306854931
4321.7			0.9115636053692198
4322.6			0.8250859379901938
4323.5			0.681389032843199
4324.4			0.5985775200542124
4325.3			0.6237403427407368
4326.2			0.726180642268438
4327.1			0.8616996677725445
4328.0			0.9631926216066714
4328.9			1.00146048407052
4329.8			1.0028649041493902
4330.7			1.0
4331.6			1.0
4332.5			1.0271690905862532
4333.4			1.0117379581347574
4334.3			1.0025941166914765
4335.2			1.026856779291279
4336.1			1.0077882175549135
4337.0			0.8935333106719251
4337.9			0.75846679854818
4338.8			0.6752799796792743
4339.7			0.6095800315064799
4340.6			0.579309354860003
4341.5			0.6671354167989739
4342.4			0.8112239762111677
4343.3			0.8769216793908372
4344.2			0.8942773325370592
4345.1			1.0
4346.0			1.043316135140463
4346.9			1.0249009186085398
4347.8			1.02251754224164
4348.7			1.0785583363777151
4349.6			1.1114343189773257
4350.5			1.0239944902748586
4351.4			0.8707668697247992
4352.3			0.8019673751545261
4353.2			0.86410787158287
4354.1			0.9455812398187264
4355.0			0.9624176778032514
4355.9			0.9701164450949148
4356.8			1.017514997900063
4357.7			1.038206784077616
4358.6			0.9970872604985963
4359.5			1.0
4360.4			1.0
4361.3			1.0
4362.2			1.0
4363.1			1.0
4364.0			1.0
4364.9			1.0
4365.8			1.0
4366.7			1.0
4367.6			1.0
4368.5			1.012538753629974
4369.4			1.020475040349191
4370.3			0.9842738226536075
4371.2			0.9563780221369634
4372.1			0.9591388438495874
4373.0			0.9409534521938827
4373.9			1.0
4374.8			0.9300119551555505
4375.7			0.9563846826841657
4376.6			1.0611588320801377
4377.5			1.1561909571763642
4378.4			1.1915940392792213
4379.3			1.1835748775907482
4380.2			1.1680003472583078
4381.1			1.164649975592883
4382.0			1.111799654903397
4382.9			0.9739739159089632
4383.8			0.8497085641813084
4384.7			0.8376118509024479
4385.6			0.9215872514042642
4386.5			1.011019511403394
4387.4			1.048702698545579
4388.3			1.0558932014673983
4389.2			1.0401107721322027
4390.1			1.0082589469419923
4391.0			1.0045158258979483
4391.9			1.0540019759749373
4392.8			1.0938644021147053
4393.7			1.0657829070949658
4394.6			1.0021692320358542
4395.5			1.0
4396.4			1.0
4397.3			1.0478857648199458
4398.2			1.0248203563949543
4399.1			0.9453294983392262
4400.0			0.8672449813539052
4400.9			0.8603535580825351
4401.8			0.9371366459652953
4402.7			0.9951104050582804
4403.6			1.0
4404.5			1.0
4405.4			1.0
4406.3			1.0
4407.2			1.0
4408.1			1.0
4409.0			1.0
4409.9			1.0
4410.8			1.0
4411.7			1.0470721406616708
4412.6			1.0707868753405554
4413.5			1.0386548573191339
4414.4			0.9472415951250375
4415.3			0.8676240704931804
4416.2			0.8502114138073511
4417.1			0.8626377537781298
4418.0			0.8894751933626269
4418.9			0.952189609471119
4419.8			1.0139071284160839
4420.7			1.0042955444483608
4421.6			1.0
4422.5			1.0
4423.4			1.0
4424.3			1.0
4425.2			1.0
4426.1			1.0
4427.0			1.0
4427.9			1.0
4428.8			1.0
4429.7			1.0
4430.6			1.0
4431.5			1.0
4432.4			1.0
4433.3			1.0
4434.2			1.0
4435.1			1.0
4436.0			1.0
4436.9			1.0
4437.8			1.0
4438.7			1.0260984159894422
4439.6			1.008344359920218
4440.5			0.9704411982127242
4441.4			0.9200547085282671
4442.3			0.8631260726439293
4443.2			0.8288788673277083
4444.1			0.8619111018927799
4445.0			1.0
4445.9			1.056837829641899
4446.8			1.0399036534274644
4447.7			1.0222937075174172
4448.6			1.0316969773892042
4449.5			1.0246900717810634
4450.4			1.0021354335638895
4451.3			1.0107187259921504
4452.2			1.0366393246949797
4453.1			1.0311646771512817
4454.0			0.9761472860822712
4454.9			0.912336931241168
4455.8			0.9043959782300041
4456.7			0.9399573778499606
4457.6			0.9563163011818888
4458.5			0.9478331790374452
4459.4			0.9485320235745837
4460.3			0.9489707465769315
4461.2			0.914838264685699
4462.1			0.9008337223323483
4463.0			0.9480883418469217
4463.9			0.9939251850971709
4464.8			0.9968921473916381
4465.7			1.0000621039853776
4466.6			1.0
4467.5			1.0
4468.4			1.0
4469.3			1.0
4470.2			1.0
4471.1			1.0
4472.0			1.0
4472.9			1.0
4473.8			1.0
4474.7			1.0
4475.6			1.0
4476.5			1.0
4477.4			1.0175707863442371
4478.3			1.0162387665394785
4479.2			0.9748597087147153
4480.1			0.9183110734384478
4481.0			0.8812353194485574
4481.9			0.8717815525885719
4482.8			0.8991190851994667
4483.7			0.948527658281151
4484.6			0.9855099443107432
4485.5			0.9986709066862439
4486.4			1.0000566841665808
4487.3			1.0
4488.2			1.0
4489.1			1.0
4490.0			1.0
4490.9			1.0
4491.8			1.0
4492.7			1.0
4493.6			1.0
4494.5			1.0
4495.4			1.0
4496.3			1.0
4497.2			1.0
4498.1			1.0
4499.0			1.0
4499.9			1.0
4500.8			1.0
4501.7			1.0
4502.6			1.0
4503.5			1.0
4504.4			1.0
4505.3			1.0
4506.2			1.0
4507.1			1.0
4508.0			1.0
4508.9			1.0
4509.8			1.0
4510.7			1.0
4511.6			1.0
4512.5			1.0
4513.4			1.0
4514.3			1.0
4515.2			1.0
4516.1			1.0
4517.0			1.0
4517.9			1.0
4518.8			1.0
4519.7			1.0
4520.6			1.0188631998967512
4521.5			1.0137961422708506
4522.4			0.9709146173978571
4523.3			0.9507102867251358
4524.2			0.9633051914192076
4525.1			0.9664159691268637
4526.0			0.9539015116831485
4526.9			0.9379636275142099
4527.8			0.9180751020812751
4528.7			0.9063783783254771
4529.6			0.9231473886385605
4530.5			0.9488455772664316
4531.4			0.9747797996053641
4532.3			0.9908725960994339
4533.2			0.9614444017907366
4534.1			0.9182085482719746
4535.0			0.9131258821835911
4535.9			1.0
4536.8			1.0893856636533157
4537.7			1.1555269857671313
4538.6			1.1558339266839979
4539.5			1.1156495633027543
4540.4			1.0676321683484487
4541.3			1.0435386621951113
4542.2			1.060045994431938
4543.1			1.0814720082917275
4544.0			1.058701406675709
4544.9			1.0158032975534228
4545.8			1.0050498652017357
4546.7			1.0207420546692032
4547.6			1.014958883353939
4548.5			0.9600565511056769
4549.4			0.8919839021969121
4550.3			0.9004767608506401
4551.2			0.9603481491368226
4552.1			0.9756929998597021
4553.0			0.9442449742281329
4553.9			0.9017498865687352
4554.8			0.8808306885692179
4555.7			0.8966213498526526
4556.6			0.9464001696876696
4557.5			0.995331658410243
4558.4			1.0013622465035914
4559.3			0.9889815563179284
4560.2			0.9928349480791732
4561.1			1.0070141978026899
4562.0			1.0042299339380332
4562.9			1.0
4563.8			1.0
4564.7			1.0
4565.6			1.0
4566.5			1.0
4567.4			1.0
4568.3			1.0
4569.2			1.0036362769573828
4570.1			0.9885380203459828
4571.0			0.9299719156477716
4571.9			0.8885441136110251
4572.8			0.9308071405426366
4573.7			0.9929210070021244
4574.6			1.0
4575.5			0.9847340547208205
4576.4			0.9878267190891267
4577.3			1.0016286822275449
4578.2			1.0041704832588372
4579.1			0.9856947717281318
4580.0			0.9572237282017734
4580.9			0.939864391682714
4581.8			0.9426386980495995
4582.7			0.93767449995006
4583.6			0.9244843312437987
4584.5			0.9435619230916158
4585.4			0.9877380282089645
4586.3			1.0208240374911128
4587.2			1.0412088455381436
4588.1			1.0507855068717213
4589.0			1.0526557507132102
4589.9			1.0465722444852275
4590.8			1.029601222706389
4591.7			1.0030381688850873
4592.6			1.0
4593.5			1.0
4594.4			1.0
4595.3			1.0
4596.2			1.0
4597.1			1.0
4598.0			1.0
4598.9			1.0
4599.8			1.0
4600.7			1.0
4601.6			1.0
4602.5			1.0
4603.4			1.0
4604.3			1.0
4605.2			1.0
4606.1			1.0
4607.0			1.0
4607.9			1.0
4608.8			1.0
4609.7			1.0
4610.6			1.0
4611.5			1.0
4612.4			1.0
4613.3			0.9901352303602461
4614.2			0.9979777803889619
4615.1			1.0064011917936697
4616.0			0.9924090958330294
4616.9			0.9848773049216125
4617.8			0.9837896138232581
4618.7			0.9689055231359797
4619.6			0.96491994523767
4620.5			0.9912417020022812
4621.4			1.0166758285599098
4622.3			1.0271143925321142
4623.2			1.0315257902704207
4624.1			1.026129334427795
4625.0			1.0059216220424456
4625.9			0.9936539851530978
4626.8			1.0015758783353899
4627.7			1.0017461312056861
4628.6			0.9741043920858177
4629.5			0.9528412157944831
4630.4			0.971817569606726
4631.3			1.0064388351731766
4632.2			1.0061474214287285
4633.1			0.977400074882093
4634.0			0.963483739457249
4634.9			0.9746934109264376
4635.8			0.9838912180311018
4636.7			0.9693607525962122
4637.6			0.95189318104799
4638.5			0.9563053250749429
4639.4			0.9779664652389631
4640.3			1.0003642717469055
4641.2			1.0180707359307857
4642.1			1.020177676635544
4643.0			1.0079465259577525
4643.9			0.9987607145011315
4644.8			0.9895897505847702
4645.7			0.9593853690689653
4646.6			0.91880280633955
4647.5			0.8993948182630047
4648.4			0.9152389861551201
4649.3			0.9528660668358753
4650.2			0.9777941343044941
4651.1			0.972559508638967
4652.0			0.9680959217304355
4652.9			0.973311240668831
4653.8			0.9581744281056527
4654.7			0.929029173978132
4655.6			0.9108314312260312
4656.5			0.9050555064211834
4657.4			0.9261510625711245
4658.3			0.9758917958839618
4659.2			1.0207228984549572
4660.1			1.028296712511017
4661.0			1.0032696081357857
4661.9			0.9683654385538086
4662.8			0.9437213681878748
4663.7			0.9385935032182384
4664.6			0.9502018069671768
4665.5			0.9399623317489826
4666.4			0.883824240315362
4667.3			0.8234533022130706
4668.2			0.8116214200434151
4669.1			0.8387887967030048
4670.0			0.8729180688443705
4670.9			0.9131988517541577
4671.8			0.9434258825842939
4672.7			0.9477727219700395
4673.6			0.9441332041982397
4674.5			0.9489803507981942
4675.4			0.9573641762923772
4676.3			0.9602764745833903
4677.2			0.9460525396553401
4678.1			0.914713376666576
4679.0			0.8863037641298603
4679.9			0.8789595784862899
4680.8			0.8859810931106298
4681.7			0.8947068110161946
4682.6			0.9066087771864966
4683.5			0.9226658955776179
4684.4			0.9336138806744096
4685.3			0.9462220187689152
4686.2			0.9627659810818612
4687.1			0.972134577435444
4688.0			0.9736018866361644
4688.9			0.9693181970296054
4689.8			0.9561770839955377
4690.7			0.9384297076484522
4691.6			0.9318503756201281
4692.5			0.9441767857955777
4693.4			0.9541291706057703
4694.3			0.9536960012721569
4695.2			0.9523841005219064
4696.1			0.9488781601715465
4697.0			0.9348784245984567
4697.9			0.9195064211866836
4698.8			0.9208080798135571
4699.7			0.9400620748639604
4700.6			0.9563159518857658
4701.5			0.9496036206400388
4702.4			0.9226930480175551
4703.3			1.0
4704.2			1.0082673804322622
4705.1			1.0317791860784211
4706.0			1.0339103606051627
4706.9			0.997872487857095
4707.8			0.9601138424284489
4708.7			0.9472268205224358
4709.6			0.9625221513480747
4710.5			1.0036280754225786
4711.4			1.0410772409107545
4712.3			1.0385981684297485
4713.2			0.9985637808528777
4714.1			0.8820978971891816
4715.0			0.8735917895222072
4715.9			0.9216053022960286
4716.8			0.9787153958142971
4717.7			0.9999672592829437
4718.6			0.9987428310546599
4719.5			0.9999208919618968
4720.4			1.0030872710697085
4721.3			0.9972354058112508
4722.2			0.992540131978325
4723.1			0.9999203860127525
4724.0			1.0
4724.9			1.0101409050572239
4725.8			1.001687798787126
4726.7			0.9657038995826157
4727.6			0.9248058612547425
4728.5			0.9087511812212989
4729.4			0.9183568669086616
4730.3			0.9266876505918857
4731.2			0.9243982073352645
4732.1			0.926885663987073
4733.0			0.9312673907187656
4733.9			0.9287415600865431
4734.8			0.9229027637191355
4735.7			0.8969693655911197
4736.6			0.8685459042293041
4737.5			0.8919777129312859
4738.4			0.9557032672417889
4739.3			0.9902029344531362
4740.2			0.9771078187675005
4741.1			0.9605759992085374
4742.0			0.9700530142381851
4742.9			0.9905297316140454
4743.8			1.0018162226026797
4744.7			0.9970824283672519
4745.6			0.9871245748397608
4746.5			0.9917304108384964
4747.4			1.0010106353403705
4748.3			0.999778328519911
4749.2			1.0
4750.1			1.0
4751.0			1.0
4751.9			1.0
4752.8			1.0
4753.7			1.0
4754.6			1.0
4755.5			1.0
4756.4			0.995952976106056
4757.3			1.010821207688369
4758.2			1.0339382600646736
4759.1			1.0471098680156898
4760.0			1.0442128201878695
4760.9			1.0141520372375263
4761.8			0.9567602215407373
4762.7			0.9135318429153904
4763.6			0.9100723378492928
4764.5			0.9212827880271347
4765.4			0.9233972109972904
4766.3			0.9327516411461817
4767.2			0.9564446628177431
4768.1			0.978359404937366
4769.0			0.994169738519492
4769.9			1.0061665054422833
4770.8			0.9981369992536722
4771.7			1.0
4772.6			1.0
4773.5			1.0
4774.4			1.0
4775.3			1.0
4776.2			1.0
4777.1			1.0
4778.0			1.0
4778.9			1.0
4779.8			1.0
4780.7			1.0
4781.6			1.0
4782.5			1.0
4783.4			1.0
4784.3			1.0
4785.2			1.0
4786.1			1.0
4787.0			1.0
4787.9			1.0
4788.8			1.0
4789.7			1.0
4790.6			1.0
4791.5			1.0
4792.4			1.0
4793.3			1.0
4794.2			1.0
4795.1			1.0
4796.0			1.0
4796.9			1.0
4797.8			1.0
4798.7			1.0
4799.6			1.0
4800.5			1.0
4801.4			1.0
4802.3			1.0
4803.2			1.0
4804.1			1.0
4805.0			1.0
4805.9			1.0
4806.8			1.0
4807.7			1.0
4808.6			1.0
4809.5			1.0
4810.4			1.0
4811.3			1.0
4812.2			1.0
4813.1			1.0
4814.0			1.0
4814.9			1.0
4815.8			1.0
4816.7			1.0
4817.6			1.0
4818.5			1.0
4819.4			1.0
4820.3			1.0
4821.2			0.9985541027753613
4822.1			0.9810104543817392
4823.0			0.9318554855058885
4823.9			0.8954723577158806
4824.8			0.9150653879682048
4825.7			0.9653037691412844
4826.6			0.9992186509796218
4827.5			1.0
4828.4			1.0
4829.3			1.0
4830.2			1.0
4831.1			1.0
4832.0			1.0
4832.9			1.0
4833.8			1.0
4834.7			1.0
4835.6			1.0
4836.5			1.0
4837.4			1.0
4838.3			1.0
4839.2			1.0
4840.1			1.0
4841.0			1.0
4841.9			1.0
4842.8			1.0
4843.7			1.0
4844.6			1.0
4845.5			1.0
4846.4			1.0
4847.3			1.0
4848.2			1.0
4849.1			1.0
4850.0			1.0
4850.9			1.0
4851.8			1.0
4852.7			1.0
4853.6			1.0
4854.5			1.0
4855.4			1.0
4856.3			0.9991216795963858
4857.2			1.040286106350777
4858.1			1.0498790835001632
4859.0			0.9835636273112525
4859.9			0.8363538086300868
4860.8			0.6652537350260029
4861.7			0.6102167771900983
4862.6			0.7226170815797615
4863.5			0.8729545612683649
4864.4			0.9504189835674698
4865.3			0.9718699595124536
4866.2			0.9843192213837375
4867.1			1.0
4868.0			1.0207938490451969
4868.9			1.0369122556915524
4869.8			1.023128577328172
4870.7			0.9668531357807223
4871.6			0.9152245542791103
4872.5			0.9248993916421601
4873.4			0.9738979167765816
4874.3			1.0041245597109316
4875.2			0.9999994131217056
4876.1			1.0
4877.0			1.0
4877.9			1.0
4878.8			1.0
4879.7			1.0
4880.6			1.005190309232014
4881.5			0.9749485658070854
4882.4			0.9490580883105812
4883.3			0.9424218543695136
4884.2			0.9350319793124502
4885.1			0.9207148463953834
4886.0			0.9099433345059633
4886.9			0.9127674598934791
4887.8			0.9251993788499135
4888.7			0.9323617136152964
4889.6			0.9245794631535388
4890.5			0.8982899199601233
4891.4			0.8902654300800307
4892.3			0.9316165336602027
4893.2			0.9882051870991351
4894.1			1.0222062133962013
4895.0			1.0385018088564453
4895.9			1.0438734761943638
4896.8			1.0432017564405092
4897.7			1.0437229757757347
4898.6			1.0294705855883954
4899.5			0.9913295090561538
4900.4			0.9703837158317822
4901.3			0.9886588765568678
4902.2			0.9998031826443153
4903.1			1.0
4904.0			1.0
4904.9			1.0
4905.8			1.0
4906.7			1.0086051845603519
4907.6			0.9967442405820736
4908.5			0.9726612390077571
4909.4			0.933638924457337
4910.3			0.8943879973688577
4911.2			1.0
4912.1			1.0317695205627646
4913.0			1.0637749489148678
4913.9			1.078339002704625
4914.8			1.0921399564928245
4915.7			1.1025918602100129
4916.6			1.0862255399519578
4917.5			1.039264583722748
4918.4			0.9798312059643068
4919.3			0.9274851971956839
4920.2			0.894649827753361
4921.1			0.8985004323662727
4922.0			0.9308694377905252
4922.9			0.9428872798273384
4923.8			0.9169899029529784
4924.7			0.9060904951400616
4925.6			0.9450551020162191
4926.5			0.991441139340485
4927.4			1.0033238667508397
4928.3			1.000709856368245
4929.2			1.0
4930.1			1.0
4931.0			0.9945382424831248
4931.9			0.9778842010230048
4932.8			0.9339303619645918
4933.7			0.8813843281104643
4934.6			0.8789077137679445
4935.5			0.925315039605794
4936.4			0.9553627715852554
4937.3			0.9393362683191275
4938.2			0.8974525115045765
4939.1			0.8698978573856178
4940.0			0.8962129292170916
4940.9			0.9587284500019876
4941.8			1.0018246967021815
4942.7			1.0146770437970227
4943.6			1.0229644277991587
4944.5			1.0235402358954688
4945.4			1.0034972248787408
4946.3			0.9860462572418454
4947.2			0.9984000656346529
4948.1			1.0
4949.0			1.0
4949.9			1.0
4950.8			1.0
4951.7			1.0
4952.6			1.0
4953.5			1.0
4954.4			1.0
4955.3			0.9998094448640317
4956.2			0.9606948352585993
4957.1			0.8888975403164349
4958.0			0.8588664105397927
4958.9			0.9109429169079282
4959.8			0.9797716634537417
4960.7			1.0006532882946388
4961.6			1.0
4962.5			1.0
4963.4			1.0
4964.3			1.0
4965.2			1.0
4966.1			1.0
4967.0			1.0
4967.9			1.0
4968.8			1.0
4969.7			1.0
4970.6			1.0
4971.5			1.0
4972.4			1.0
4973.3			1.0
4974.2			1.0
4975.1			1.0
4976.0			1.0
4976.9			1.005974661728522
4977.8			0.988622065573882
4978.7			0.956578731459405
4979.6			0.9409763003831851
4980.5			0.9389876673478207
4981.4			0.9147046821893973
4982.3			0.8660439166940046
4983.2			0.834012559711041
4984.1			0.8438566907550653
4985.0			0.8773581876262365
4985.9			0.919000991323798
4986.8			0.9673661380974036
4987.7			1.0030084560590011
4988.6			1.0111118444292009
4989.5			0.9982645116119325
4990.4			1.0
4991.3			1.0
4992.2			1.0
4993.1			1.0
4994.0			1.0
4994.9			1.0
4995.8			1.0
4996.7			1.0
4997.6			0.996492030943644
4998.5			0.9853382360564248
4999.4			0.963485793899825
5000.3			0.9438810638275515
5001.2			0.9413134152822006
5002.1			0.9523041763078464
5003.0			0.9714420975476549
5003.9			0.9866205507822909
5004.8			1.0
5005.7			0.9491675466706095
5006.6			0.9293642613595839
5007.5			0.9735140823522328
5008.4			1.039223295248051
5009.3			1.0688961511929524
5010.2			1.0552998244560228
5011.1			1.0192485222175007
5012.0			0.9745522455983714
5012.9			0.9334997489473378
5013.8			0.9128807758264825
5014.7			0.9258235946348963
5015.6			0.9635010079268841
5016.5			0.9773811358787675
5017.4			0.9388670732723926
5018.3			0.8994675238358237
5019.2			0.9186668153278494
5020.1			0.9716415263812356
5021.0			0.997127467785571
5021.9			0.9872098582516523
5022.8			0.9804381187675146
5023.7			0.9946255326625345
5024.6			1.0109133375623185
5025.5			1.0128582491701794
5026.4			0.9984338038498661
5027.3			0.9755899700894327
5028.2			0.9712978947742392
5029.1			0.9911731671185119
5030.0			1.002404238891708
5030.9			0.9998261472146868
5031.8			1.0
5032.7			1.0
5033.6			1.0123597123038197
5034.5			0.9907770443146635
5035.4			0.9505928792720806
5036.3			0.929159108701665
5037.2			0.9414505598509381
5038.1			0.9566984614101992
5039.0			0.9458138415591362
5039.9			0.9060823177822364
5040.8			0.8538978298559842
5041.7			0.8425883725910622
5042.6			0.9061964587124667
5043.5			0.9924310308491482
5044.4			1.0418760144016017
5045.3			1.0
5046.2			1.0142840358288074
5047.1			1.0063615950711142
5048.0			0.9707745926524135
5048.9			0.9335685547285584
5049.8			0.9179062074478164
5050.7			0.9143756677205767
5051.6			0.9078045291218048
5052.5			0.9147406559389677
5053.4			0.950497582190832
5054.3			0.9917138489457872
5055.2			1.0060780686397481
5056.1			1.0011274742118619
5057.0			0.9994931079169351
5057.9			1.0
5058.8			1.0
5059.7			1.0
5060.6			1.0
5061.5			1.0
5062.4			1.0
5063.3			1.0
5064.2			1.0
5065.1			1.0
5066.0			1.0
5066.9			1.0
5067.8			1.0
5068.7			1.0
5069.6			1.0
5070.5			1.0
5071.4			1.0
5072.3			1.0
5073.2			1.0
5074.1			1.0106366284658508
5075.0			1.0150366218903215
5075.9			1.012172314452096
5076.8			1.0188570918863047
5077.7			1.0180901355193723
5078.6			0.9709114734977541
5079.5			0.8978055777172349
5080.4			0.8727753070901588
5081.3			0.9097209122969269
5082.2			0.9453559345386462
5083.1			0.9450827980472616
5084.0			0.9477689176035009
5084.9			0.9781584231782777
5085.8			1.004612145776666
5086.7			0.9999399691948059
5087.6			1.0
5088.5			1.0
5089.4			1.0
5090.3			1.0
5091.2			1.0
5092.1			1.0
5093.0			1.0
5093.9			1.0
5094.8			0.9997206528300703
5095.7			0.9851234674038456
5096.6			0.9560547223042091
5097.5			0.9147065864138074
5098.4			0.8781563270560961
5099.3			0.8745201561640513
5100.2			0.912503847907217
5101.1			0.9696246761302493
5102.0			1.0091086194408114
5102.9			1.0142950311411196
5103.8			1.0004726811161448
5104.7			1.0
5105.6			1.0
5106.5			1.0
5107.4			1.0
5108.3			1.0
5109.2			1.0
5110.1			1.0
5111.0			1.0
5111.9			1.0
5112.8			1.0
5113.7			1.0
5114.6			1.0
5115.5			1.0
5116.4			1.0
5117.3			1.0
5118.2			1.0
5119.1			0.9962437688845798
5120.0			0.9878850681576626
5120.9			0.9794779789636983
5121.8			0.9658826317127355
5122.7			0.9430898937494423
5123.6			0.9201198753973113
5124.5			0.9170040878292108
5125.4			0.9284757446713379
5126.3			0.9351267966375837
5127.2			0.9301083272783948
5128.1			1.0
5129.0			0.9924173952926104
5129.9			1.013529294502527
5130.8			1.0504300582901478
5131.7			1.0742562057918645
5132.6			1.0819509961957132
5133.5			1.088169146356682
5134.4			1.1047249939769581
5135.3			1.1178898262122468
5136.2			1.0978287606421322
5137.1			1.0541404656565103
5138.0			1.0262556476235216
5138.9			1.0204094092937428
5139.8			1.0309670352017821
5140.7			1.050922685286698
5141.6			1.0437662983107439
5142.5			1.0117665994264042
5143.4			1.0136803725341001
5144.3			1.052449814491842
5145.2			1.0725524295165012
5146.1			1.0597142433321944
5147.0			1.043358726522706
5147.9			1.0403000059427205
5148.8			1.053368285339177
5149.7			1.067346098476697
5150.6			1.055467688219738
5151.5			1.0329508025722933
5152.4			1.0259959492381707
5153.3			1.0234854079552036
5154.2			1.0174050261674856
5155.1			1.0233056534202027
5156.0			1.0496314175834762
5156.9			1.07827763350925
5157.8			1.0901540324595798
5158.7			1.0842261340499209
5159.6			1.0774546832122207
5160.5			1.073129667369248
5161.4			1.0487327819555328
5162.3			1.0061656650365813
5163.2			0.968780158642754
5164.1			0.9367735082955022
5165.0			0.9164428718150202
5165.9			0.9135221584142139
5166.8			0.9001805646439229
5167.7			0.8683961483523667
5168.6			0.8699296404263261
5169.5			0.9401267047770293
5170.4			1.0300344073987455
5171.3			1.038289522343632
5172.2			0.9570650540755113
5173.1			0.9116408114055059
5174.0			0.9821950506707882
5174.9			1.0990386129649545
5175.8			1.161851420768642
5176.7			1.167029828185255
5177.6			1.1646337504639659
5178.5			1.168453424359332
5179.4			1.0
5180.3			1.0054794632335189
5181.2			1.0111431843323597
5182.1			0.9796419687262784
5183.0			0.8819864233731909
5183.9			0.7967795951697263
5184.8			1.0
5185.7			1.1026447379187228
5186.6			1.1640224192365891
5187.5			1.1544011039551039
5188.4			1.1138224981650169
5189.3			1.1019137823149605
5190.2			1.1194367167667714
5191.1			1.0886848310000892
5192.0			1.0083130112661207
5192.9			0.9753883771657129
5193.8			1.0066382773382447
5194.7			1.0175684086238554
5195.6			0.9875565734461849
5196.5			0.9714497850932251
5197.4			0.9739366869144459
5198.3			0.9766659832796769
5199.2			0.9875167749102784
5200.1			1.0012577149667792
5201.0			1.1066022956080703
5201.9			1.1013723793439787
5202.8			1.0963804069945262
5203.7			1.0829240427002258
5204.6			1.0412734863303272
5205.5			0.9981376011122108
5206.4			0.9998318004326953
5207.3			1.0
5208.2			1.0
5209.1			1.0
5210.0			1.0
5210.9			1.0
5211.8			1.0
5212.7			1.0
5213.6			1.007569414612401
5214.5			0.9856442775910019
5215.4			0.9424704823108989
5216.3			0.9092831830580808
5217.2			0.9063690037656682
5218.1			0.9314367631178594
5219.0			0.9686765134354614
5219.9			0.9939563059659743
5220.8			1.0010493215121012
5221.7			1.0
5222.6			1.0039544381233818
5223.5			0.9995080074451996
5224.4			0.9770114728467593
5225.3			0.9251728887852717
5226.2			0.8493666254525011
5227.1			0.8015565480381347
5228.0			0.8419016360722205
5228.9			0.9289286792524798
5229.8			0.9822623441067634
5230.7			1.0006521767274965
5231.6			1.0028951663771757
5232.5			1.0
5233.4			1.0
5234.3			1.0
5235.2			1.0
5236.1			1.0
5237.0			1.0
5237.9			1.0
5238.8			1.0
5239.7			1.0
5240.6			1.0
5241.5			1.0
5242.4			1.0
5243.3			1.0
5244.2			1.0
5245.1			1.0
5246.0			1.0
5246.9			1.0
5247.8			1.0
5248.7			1.0
5249.6			1.0
5250.5			1.0
5251.4			1.0
5252.3			1.0
5253.2			1.0
5254.1			1.0
5255.0			0.9773596270194466
5255.9			0.9779016502698797
5256.8			1.0077060756772718
5257.7			1.0421908609566886
5258.6			1.0583673808095306
5259.5			1.0590818703456437
5260.4			1.0443744730982634
5261.3			1.0066651256902472
5262.2			0.9558028263323373
5263.1			0.9140463862646706
5264.0			0.8868104551603715
5264.9			0.8633380357979001
5265.8			0.8530032293857386
5266.7			0.8827017890720589
5267.6			0.9376029624631494
5268.5			0.950809461373564
5269.4			0.893665295756122
5270.3			0.8482720840205943
5271.2			0.8878006455174328
5272.1			0.9551575002813721
5273.0			0.966122396879943
5273.9			0.9376934404959458
5274.8			0.9159351314843591
5275.7			0.9077914550653766
5276.6			0.9325831372068126
5277.5			0.9924832778624031
5278.4			1.0
5279.3			0.9986960528812877
5280.2			0.9738662810329782
5281.1			0.9515681700230539
5282.0			0.9365986111040197
5282.9			0.9199698237539222
5283.8			0.9023588617624371
5284.7			0.9127444327099433
5285.6			0.9613132633801774
5286.5			1.0059424792101697
5287.4			1.0148790287723064
5288.3			1.0006592138208197
5289.2			1.0
5290.1			1.0
5291.0			1.0077712077170875
5291.9			1.000494585103138
5292.8			0.9850533350078939
5293.7			0.9809336117490756
5294.6			0.9892003043206802
5295.5			0.9861914091510793
5296.4			0.9543361083922857
5297.3			0.9042454547960986
5298.2			0.8770095579313855
5299.1			0.9001449975248683
5300.0			0.9470247307015519
5300.9			0.9650763863165086
5301.8			0.9517941223874972
5302.7			0.9461786307076799
5303.6			0.9655119885658204
5304.5			0.9910489340135703
5305.4			1.000058136166109
5306.3			1.0
5307.2			1.0
5308.1			1.0
5309.0			1.0
5309.9			1.0
5310.8			1.0
5311.7			1.0
5312.6			1.0
5313.5			1.0
5314.4			1.0
5315.3			1.0
5316.2			1.0
5317.1			1.0
5318.0			1.0
5318.9			1.0
5319.8			1.0
5320.7			1.0
5321.6			0.9972954967620475
5322.5			0.9952433780489334
5323.4			0.9838699693441593
5324.3			0.961504831267169
5325.2			0.9525192890287247
5326.1			0.9627338651557592
5327.0			0.9455803136384149
5327.9			0.8770446184915364
5328.8			0.827120144584334
5329.7			0.8711806355139181
5330.6			0.9587825159930599
5331.5			1.000792796881835
5332.4			0.98889392759989
5333.3			0.9727358649205642
5334.2			0.983133581729002
5335.1			1.0014947214340855
5336.0			1.0002441053598021
5336.9			1.0
5337.8			1.0
5338.7			1.0
5339.6			1.0
5340.5			1.0
5341.4			1.0
5342.3			1.0
5343.2			1.0
5344.1			1.0
5345.0			1.0
5345.9			1.0
5346.8			1.0
5347.7			1.0
5348.6			1.0
5349.5			1.0
5350.4			1.0
5351.3			1.0
5352.2			1.0
5353.1			1.0
5354.0			1.0
5354.9			1.0
5355.8			1.0
5356.7			1.0
5357.6			1.0
5358.5			1.0
5359.4			1.0
5360.3			0.9997529190867551
5361.2			0.9886735993294653
5362.1			0.9652671256490354
5363.0			0.9439324719693702
5363.9			0.9394144352833081
5364.8			0.9389033395353759
5365.7			0.9410493233050419
5366.6			0.9519823866006651
5367.5			0.9652800394581265
5368.4			0.9732471267890872
5369.3			0.9640327495554661
5370.2			0.9320088461398484
5371.1			0.8989917136334146
5372.0			0.9069054863163185
5372.9			0.9571180457274224
5373.8			1.0085652602217088
5374.7			1.0316234329283283
5375.6			1.0367387985703174
5376.5			1.036886890012303
5377.4			1.0326002431339252
5378.3			1.0279920232015873
5379.2			1.0194425700081682
5380.1			1.0035648790592888
5381.0			0.9938872540475372
5381.9			0.9999705041836854
5382.8			1.0
5383.7			1.0
5384.6			1.0
5385.5			1.0
5386.4			1.0
5387.3			1.0
5388.2			1.0
5389.1			1.0
5390.0			1.0
5390.9			1.0
5391.8			1.0
5392.7			1.0
5393.6			1.0
5394.5			1.0
5395.4			1.0
5396.3			0.9814268242920511
5397.2			0.9522807720486337
5398.1			0.9518239175160114
5399.0			0.9809940020004178
5399.9			1.0010335919154592
5400.8			1.0034599498004482
5401.7			1.0112287232721842
5402.6			1.0115094660026978
5403.5			0.9845289949645745
5404.4			0.9400736998291537
5405.3			0.9134602434231189
5406.2			0.9201463494583108
5407.1			0.9528573124725894
5408.0			0.9822559726921356
5408.9			0.981683764830773
5409.8			0.9568108097756063
5410.7			0.9469774297776523
5411.6			0.9704277127115146
5412.5			1.0059964674368735
5413.4			1.0161390766950849
5414.3			1.0002782423357037
5415.2			1.0
5416.1			1.0
5417.0			1.0
5417.9			1.0
5418.8			1.0
5419.7			1.0
5420.6			1.0
5421.5			1.009654561423006
5422.4			1.0217936337169844
5423.3			1.0062841155930737
5424.2			0.969369990856165
5425.1			0.9577185195046785
5426.0			0.9877719670748085
5426.9			1.0264414897315188
5427.8			1.0323173461878723
5428.7			0.9884101649669886
5429.6			0.929563690457261
5430.5			0.917813610354235
5431.4			0.9547197097135709
5432.3			0.9731529533121319
5433.2			0.9522867297527816
5434.1			0.9216393506099088
5435.0			0.9097716634275675
5435.9			0.9204452456217622
5436.8			0.9442536662996263
5437.7			0.9706402440273492
5438.6			0.9903113691204776
5439.5			0.997888441536123
5440.4			1.0
5441.3			1.0
5442.2			1.0
5443.1			1.0013436344176407
5444.0			0.9930972331557479
5444.9			0.9618132893985045
5445.8			0.9171870772180051
5446.7			0.8827859494290926
5447.6			0.8963969649096206
5448.5			0.9492794208512363
5449.4			0.9915665112174528
5450.3			1.0004388424657757
5451.2			1.0
5452.1			0.9935652236300477
5453.0			0.9927351431597223
5453.9			0.9762214947091601
5454.8			0.9332019494227846
5455.7			0.8923323363837055
5456.6			0.9049975905592281
5457.5			0.9552101232697318
5458.4			0.9918509810879161
5459.3			0.9991661629379627
5460.2			1.0
5461.1			1.0
5462.0			1.0
5462.9			1.0
5463.8			1.0
5464.7			1.0
5465.6			1.0
5466.5			1.0
5467.4			1.0
5468.3			1.0
5469.2			1.0
5470.1			1.0
5471.0			1.0
5471.9			1.0
5472.8			1.0
5473.7			0.990093196069062
5474.6			0.9900567324451941
5475.5			0.9725072796756853
5476.4			0.9233583654727613
5477.3			0.8988367497672375
5478.2			0.9384513823690073
5479.1			0.9977951874691219
5480.0			1.0169913888502755
5480.9			0.9983678697348203
5481.8			1.0
5482.7			1.0
5483.6			1.0
5484.5			1.0
5485.4			1.0
5486.3			1.0
5487.2			1.0
5488.1			1.0
5489.0			1.0
5489.9			1.0
5490.8			1.0
5491.7			1.0
5492.6			1.0
5493.5			1.0
5494.4			1.0
5495.3			1.0
5496.2			1.0
5497.1			1.0
5498.0			1.0
5498.9			1.0
5499.8			1.0
5500.7			1.0
5501.6			1.0
5502.5			1.0
5503.4			1.0
5504.3			1.0
5505.2			1.0
5506.1			1.0
5507.0			1.0
5507.9			1.0
5508.8			1.0
5509.7			1.0
5510.6			1.0
5511.5			1.0
5512.4			1.0
5513.3			1.0
5514.2			1.0
5515.1			1.0
5516.0			1.0
5516.9			1.0
5517.8			1.0
5518.7			1.0
5519.6			1.0
5520.5			1.0
5521.4			1.0
5522.3			1.0
5523.2			1.0
5524.1			1.0
5525.0			1.0
5525.9			1.0
5526.8			1.0
5527.7			1.0
5528.6			1.0
5529.5			1.0
5530.4			1.0
5531.3			1.0
5532.2			1.0
5533.1			1.0
5534.0			1.0
5534.9			1.0
5535.8			1.0
5536.7			1.0
5537.6			1.0
5538.5			1.0
5539.4			1.0
5540.3			1.0
5541.2			1.0
5542.1			1.0
5543.0			1.0
5543.9			1.0
5544.8			1.0
5545.7			1.0
5546.6			1.0
5547.5			1.0
5548.4			1.0
5549.3			1.0
5550.200000000001			1.0
5551.1			1.0
5552.0			1.0
5552.9			1.0
5553.8			1.0
5554.700000000001			1.0
5555.6			1.0
5556.5			1.0
5557.4			1.0
5558.3			1.0
5559.200000000001			1.0
5560.1			1.0
5561.0			1.0
5561.9			1.0
5562.8			1.0
5563.700000000001			1.0
5564.6			1.0
5565.5			1.0
5566.4			1.0
5567.3			1.0
5568.200000000001			1.0
5569.1			1.0
5570.0			1.0
5570.9			1.0
5571.8			1.0
5572.700000000001			1.0
5573.6			0.9962307521296583
5574.5			1.0247852973864982
5575.4			1.0399357082847775
5576.3			1.0294431050221213
5577.200000000001			1.025423744427333
5578.1			1.0305499367260333
5579.0			1.0338579594549355
5579.9			1.0449731265269757
5580.8			1.04929968318526
5581.700000000001			1.0345975053257161
5582.6			1.0212947170802626
5583.5			1.0292405993423188
5584.4			1.0353877532763966
5585.3			1.025891377617534
5586.200000000001			1.006555843463885
5587.1			0.9786275309052929
5588.0			0.958926352554624
5588.9			0.9627881910554594
5589.8			0.9871860736337787
5590.700000000001			1.0126906797960218
5591.6			1.0289347110832183
5592.5			1.035577918967557
5593.4			1.0274581675171217
5594.3			1.0106213179767631
5595.200000000001			1.0165969666143242
5596.1			1.0520538714968082
5597.0			1.0694904028901318
5597.9			1.0478568342674077
5598.8			1.0235035861965447
5599.700000000001			1.0279295976409681
5600.6			1.038905808485186
5601.5			1.0258555842646098
5602.4			1.0000850852533691
5603.3			1.0
5604.200000000001			1.0
5605.1			1.0
5606.0			1.0
5606.9			1.0
5607.8			1.0
5608.700000000001			1.0
5609.6			1.0
5610.5			1.0
5611.4			1.0
5612.3			1.010582311755741
5613.200000000001			1.018624622651808
5614.1			1.002091704619938
5615.0			0.9519176283583547
5615.9			0.911220222148047
5616.8			0.932349472365486
5617.700000000001			0.983087461677397
5618.6			1.00377204115597
5619.5			0.9999029721404115
5620.4			1.0
5621.3			1.0
5622.200000000001			1.0
5623.1			1.0
5624.0			1.0
5624.9			1.0
5625.8			1.0
5626.700000000001			1.0
5627.6			1.0
5628.5			1.0
5629.4			1.0
5630.3			1.0
5631.200000000001			1.0
5632.1			1.0
5633.0			1.0
5633.9			1.0
5634.8			1.0
5635.700000000001			1.0
5636.6			1.0
5637.5			1.0
5638.4			1.0
5639.3			1.0
5640.200000000001			1.0
5641.1			1.0
5642.0			1.0
5642.9			1.0
5643.8			1.0
5644.700000000001			1.0
5645.6			1.0
5646.5			1.0
5647.4			1.0
5648.3			1.0
5649.200000000001			1.0
5650.1			1.0
5651.0			1.0
5651.9			1.0033109063111478
5652.8			1.0077649825617492
5653.700000000001			1.0045356850424452
5654.6			0.9882788000627123
5655.5			0.978929323358692
5656.4			0.9834112987357551
5657.3			0.9684397918104065
5658.200000000001			0.9143048983867023
5659.1			0.8854453933797407
5660.0			0.924612733727807
5660.9			0.9757615790434447
5661.8			0.9790645451471548
5662.700000000001			0.95909088210904
5663.6			0.9615278290963349
5664.5			0.9895891989421088
5665.4			1.0063894236562398
5666.3			0.9997848260870813
5667.200000000001			1.0
5668.1			1.0
5669.0			1.0
5669.9			1.0
5670.8			1.0
5671.700000000001			1.0
5672.6			1.0
5673.5			1.0
5674.4			1.0
5675.3			1.0
5676.200000000001			1.0
5677.1			1.0
5678.0			1.0
5678.9			1.0
5679.8			1.0
5680.700000000001			1.0
5681.6			1.0
5682.5			1.0
5683.4			1.0
5684.3			1.0
5685.200000000001			1.0
5686.1			1.0
5687.0			1.0
5687.9			1.0
5688.8			1.0
5689.700000000001			1.0
5690.6			1.0
5691.5			1.0
5692.4			1.0
5693.3			1.0
5694.200000000001			1.0
5695.1			1.0
5696.0			1.0
5696.9			1.0
5697.8			1.0
5698.700000000001			1.0
5699.6			1.0
5700.5			1.0
5701.4			1.0
5702.3			0.9925168674220372
5703.200000000001			1.0052212282001884
5704.1			1.0200055231347844
5705.0			1.0172926568236678
5705.9			0.9967386551318846
5706.8			0.9815673332297257
5707.700000000001			0.972926675526383
5708.6			0.9524656797336345
5709.5			0.9280183657951997
5710.4			0.9265891440403806
5711.3			0.9393393305607836
5712.200000000001			0.9481390384119804
5713.1			0.9708226942496789
5714.0			0.9963519562029493
5714.9			1.0054071574057624
5715.8			1.0054294655876181
5716.700000000001			1.0099595332824711
5717.6			1.0069489836028083
5718.5			0.9999197995880174
5719.4			1.0
5720.3			1.0
5721.200000000001			1.0
5722.1			1.0
5723.0			1.0
5723.9			1.0
5724.8			1.0
5725.700000000001			1.0
5726.6			1.0
5727.5			1.0
5728.4			1.0
5729.3			1.0
5730.200000000001			1.0
5731.1			1.0
5732.0			1.0
5732.9			1.0
5733.8			1.0
5734.700000000001			1.0
5735.6			1.0
5736.5			1.0
5737.4			1.0
5738.3			1.0
5739.200000000001			1.0
5740.1			1.0
5741.0			1.0
5741.9			1.0
5742.8			1.0
5743.700000000001			1.0
5744.6			1.0
5745.5			1.0
5746.4			1.0
5747.3			1.0
5748.200000000001			1.0
5749.1			1.0
5750.0			1.0
5750.9			1.0
5751.8			1.0
5752.700000000001			1.0
5753.6			1.0
5754.5			1.0
5755.4			1.0
5756.3			1.0
5757.200000000001			1.0
5758.1			1.0
5759.0			1.0
5759.9			1.0
5760.8			1.0
5761.700000000001			1.0
5762.6			1.0
5763.5			1.0
5764.4			1.0
5765.3			1.0
5766.200000000001			1.0
5767.1			1.0
5768.0			1.0
5768.9			1.0
5769.8			1.0
5770.700000000001			1.0
5771.6			1.0
5772.5			1.0
5773.4			1.0
5774.3			1.0
5775.200000000001			1.0
5776.1			1.0
5777.0			1.0
5777.9			1.0
5778.8			1.0
5779.700000000001			1.0
5780.6			1.0
5781.5			1.0
5782.4			1.0
5783.3			1.0
5784.200000000001			1.0
5785.1			1.0
5786.0			1.0
5786.9			1.0
5787.8			1.0
5788.700000000001			1.0
5789.6			1.0
5790.5			1.0
5791.4			1.0
5792.3			1.0
5793.200000000001			1.0
5794.1			1.0
5795.0			1.0
5795.9			1.0
5796.8			1.0
5797.700000000001			1.0
5798.6			1.0
5799.5			1.0
5800.4			1.0
5801.3			1.0
5802.200000000001			1.0
5803.1			1.0
5804.0			1.0
5804.9			1.0
5805.8			1.0
5806.700000000001			1.0
5807.6			1.0
5808.5			1.0
5809.4			1.0
5810.3			1.0
5811.200000000001			1.0
5812.1			1.0
5813.0			1.0
5813.9			1.0
5814.8			1.0
5815.700000000001			1.0
5816.6			1.0
5817.5			1.0
5818.4			1.0
5819.3			1.0
5820.200000000001			1.0
5821.1			1.0
5822.0			1.0
5822.9			1.0
5823.8			1.0
5824.700000000001			1.0
5825.6			1.0
5826.5			1.0
5827.4			1.0
5828.3			1.0
5829.200000000001			1.0
5830.1			1.0
5831.0			1.0
5831.9			1.0
5832.8			1.0
5833.700000000001			1.0
5834.6			1.0
5835.5			1.0
5836.4			1.0
5837.3			1.0
5838.200000000001			1.0
5839.1			1.0
5840.0			1.0
5840.9			1.0
5841.8			1.0
5842.700000000001			1.0
5843.6			1.0
5844.5			1.0
5845.4			1.0
5846.3			1.0
5847.200000000001			1.0
5848.1			1.0
5849.0			1.0
5849.9			1.0
5850.8			1.0
5851.700000000001			1.0
5852.6			1.0
5853.5			1.0
5854.4			1.0
5855.3			1.0
5856.200000000001			1.0
5857.1			1.0
5858.0			1.0
5858.9			1.0
5859.8			1.0
5860.700000000001			1.0
5861.6			1.0
5862.5			1.0
5863.4			1.0
5864.3			1.0
5865.200000000001			1.0
5866.1			1.0
5867.0			1.0
5867.9			1.0
5868.8			1.0
5869.700000000001			1.0
5870.6			1.0
5871.5			1.0
5872.4			1.0
5873.3			1.0
5874.200000000001			1.0
5875.1			1.0
5876.0			1.0
5876.9			1.0
5877.8			1.0
5878.700000000001			1.0
5879.6			1.0
5880.5			1.0
5881.4			1.0
5882.3			1.0
5883.200000000001			1.0
5884.1			1.0
5885.0			1.0
5885.9			1.0164795086399283
5886.8			1.0214895521135372
5887.700000000001			1.0128079599294673
5888.6			0.9859393684487999
5889.5			0.9113829224889262
5890.4			0.8370009962541631
5891.3			0.859050438641999
5892.200000000001			0.9496966978907458
5893.1			1.0076596519381762
5894.0			1.021802109534146
5894.9			1.0023301456964546
5895.8			1.0
5896.700000000001			1.0
5897.6			1.0
5898.5			1.0
5899.4			1.0
5900.3			1.0
5901.200000000001			1.0
5902.1			1.0
5903.0			1.0
5903.9			1.0
5904.8			1.0
5905.700000000001			1.0
5906.6			1.0
5907.5			1.0
5908.4			1.0
5909.3			1.0
5910.200000000001			1.0
5911.1			1.0
5912.0			1.0
5912.9			1.0
5913.8			1.0
5914.700000000001			1.0
5915.6			1.0
5916.5			1.0
5917.4			1.0
5918.3			1.0
5919.200000000001			1.0
5920.1			1.0
5921.0			1.0
5921.9			1.0
5922.8			1.0
5923.700000000001			1.0
5924.6			1.0
5925.5			1.0
5926.4			1.0
5927.3			1.0
5928.200000000001			1.0
5929.1			1.0
5930.0			1.0
5930.9			1.0
5931.8			1.0
5932.700000000001			1.0
5933.6			1.0
5934.5			1.0
5935.4			1.0
5936.3			1.0
5937.200000000001			1.0
5938.1			1.0
5939.0			1.0
5939.9			1.0
5940.8			1.0
5941.700000000001			1.0
5942.6			1.0
5943.5			1.0
5944.4			1.0
5945.3			1.0
5946.200000000001			1.0
5947.1			1.0
5948.0			1.0
5948.9			1.0
5949.8			1.0
5950.700000000001			1.0
5951.6			1.0
5952.5			1.0
5953.4			1.0
5954.3			1.0
5955.200000000001			1.0
5956.1			1.0
5957.0			1.0
5957.9			1.0
5958.8			1.0
5959.700000000001			1.0
5960.6			1.0
5961.5			1.0
5962.4			1.0
5963.3			1.0
5964.200000000001			1.0
5965.1			1.0
5966.0			1.0
5966.9			1.0
5967.8			1.0
5968.700000000001			1.0
5969.6			1.0
5970.5			1.0
5971.4			1.0
5972.3			1.0
5973.200000000001			1.0
5974.1			1.0
5975.0			1.0
5975.9			1.0
5976.8			1.0
5977.700000000001			1.0
5978.6			1.0
5979.5			1.0
5980.4			1.0
5981.3			1.0
5982.200000000001			1.0
5983.1			1.0
5984.0			1.0
5984.9			1.0
5985.8			1.0
5986.700000000001			1.0
5987.6			1.0
5988.5			1.0
5989.4			1.0
5990.3			1.0
5991.200000000001			1.0
5992.1			1.0
5993.0			1.0
5993.9			1.0
5994.8			1.0
5995.700000000001			1.0
5996.6			1.0
5997.5			1.0
5998.4			1.0
5999.3			1.0
6000.200000000001			1.0
6001.1			1.0
6002.0			1.0
6002.9			1.0
6003.8			1.0
6004.700000000001			1.0
6005.6			1.0
6006.5			1.0
6007.4			1.0
6008.3			1.0
6009.200000000001			1.0
6010.1			1.0
6011.0			1.0
6011.9			1.0
6012.8			1.0
6013.700000000001			1.0
6014.6			1.0
6015.5			1.0
6016.4			1.0
6017.3			1.0
6018.200000000001			1.0
6019.1			1.0
6020.0			1.0
6020.9			1.0
6021.8			1.0
6022.700000000001			1.0
6023.6			1.0
6024.5			1.0
6025.4			1.0
6026.3			1.0
6027.200000000001			1.0
6028.1			1.0
6029.0			1.0
6029.9			1.0
6030.8			1.0
6031.700000000001			1.0
6032.6			1.0
6033.5			1.0
6034.4			1.0
6035.3			1.0
6036.200000000001			1.0
6037.1			1.0
6038.0			1.0
6038.9			1.0
6039.8			1.0
6040.700000000001			1.0
6041.6			1.0
6042.5			1.0
6043.4			1.0
6044.3			1.0
6045.200000000001			1.0
6046.1			1.0
6047.0			1.0
6047.9			1.0
6048.8			1.0
6049.700000000001			1.0
6050.6			1.0
6051.5			1.0
6052.4			1.0
6053.3			1.0
6054.200000000001			1.0
6055.1			1.0
6056.0			1.0
6056.9			1.0
6057.8			1.0
6058.700000000001			1.0
6059.6			1.0
6060.5			1.0
6061.4			1.0
6062.3			1.0
6063.200000000001			1.0
6064.1			1.0
6065.0			1.0
6065.9			1.0
6066.8			1.0
6067.700000000001			1.0
6068.6			1.0
6069.5			1.0
6070.4			1.0
6071.3			1.0
6072.200000000001			1.0
6073.1			1.0
6074.0			1.0
6074.9			1.0
6075.8			1.0
6076.700000000001			1.0
6077.6			1.0
6078.5			1.0
6079.4			1.0
6080.3			1.0
6081.200000000001			1.0
6082.1			1.0
6083.0			1.0
6083.9			1.0
6084.8			1.0
6085.700000000001			1.0
6086.6			1.0
6087.5			1.0
6088.4			1.0
6089.3			1.0
6090.200000000001			1.0
6091.1			1.0
6092.0			1.0
6092.9			1.0
6093.8			1.0
6094.700000000001			1.0
6095.6			1.0
6096.5			1.0
6097.4			1.0
6098.3			1.0
6099.200000000001			1.0
6100.1			1.0
6101.0			1.0
6101.9			1.0
6102.8			1.0
6103.700000000001			1.0
6104.6			1.0
6105.5			1.0
6106.4			1.0
6107.3			1.0
6108.200000000001			1.0
6109.1			1.0
6110.0			1.0
6110.9			1.0
6111.8			1.0
6112.700000000001			1.0
6113.6			1.0
6114.5			1.0
6115.4			1.0
6116.3			1.0
6117.200000000001			1.0
6118.1			1.0
6119.0			1.0
6119.9			1.0
6120.8			1.0
6121.700000000001			1.0
6122.6			1.0
6123.5			1.0
6124.4			1.0
6125.3			1.0
6126.200000000001			1.0
6127.1			1.0
6128.0			1.0
6128.9			1.0
6129.8			1.0
6130.700000000001			1.0
6131.6			1.0
6132.5			1.0
6133.4			1.0
6134.3			1.0115523177536105
6135.200000000001			1.0100351809709562
6136.1			0.9743240843211806
6137.0			0.918308021788098
6137.9			0.9081436005922969
6138.8			0.9672916105386237
6139.700000000001			1.0331662287961425
6140.6			1.0446726418928196
6141.5			1.007944757065036
6142.4			1.0
6143.3			1.0
6144.200000000001			1.0
6145.1			1.0
6146.0			1.0
6146.9			1.0
6147.8			1.0
6148.700000000001			1.0
6149.6			1.0
6150.5			1.0
6151.4			1.0
6152.3			1.0
6153.200000000001			1.0
6154.1			1.0
6155.0			1.0
6155.9			1.0
6156.8			1.0
6157.700000000001			1.0
6158.6			1.0
6159.5			1.0
6160.4			1.0
6161.3			1.0
6162.200000000001			1.0
6163.1			1.0
6164.0			1.0
6164.9			1.0
6165.8			1.0
6166.700000000001			1.0
6167.6			1.0
6168.5			1.0
6169.4			1.0
6170.3			1.0
6171.200000000001			1.0
6172.1			1.0
6173.0			1.0
6173.9			1.0
6174.8			1.0
6175.700000000001			1.0
6176.6			1.0
6177.5			1.0
6178.4			1.0
6179.3			1.0
6180.200000000001			1.0
6181.1			1.0
6182.0			1.0
6182.9			1.0
6183.8			1.0
6184.700000000001			1.0
6185.6			1.0
6186.5			1.0
6187.4			1.0
6188.3			1.0
6189.200000000001			1.0
6190.1			1.0
6191.0			1.0
6191.9			1.0
6192.8			1.0
6193.700000000001			1.0
6194.6			1.0
6195.5			1.0
6196.4			1.0
6197.3			1.0
6198.200000000001			1.0
6199.1			1.0
6200.0			1.0
6200.9			1.0
6201.8			1.0
6202.700000000001			1.0
6203.6			1.0
6204.5			1.0
6205.4			1.0
6206.3			1.0
6207.200000000001			1.0
6208.1			1.0
6209.0			1.0
6209.9			1.0
6210.8			1.0
6211.700000000001			1.0
6212.6			1.0
6213.5			1.0
6214.4			1.0
6215.3			1.0
6216.200000000001			1.0
6217.1			1.0
6218.0			1.0
6218.9			1.0
6219.8			1.0
6220.700000000001			1.0
6221.6			1.0
6222.5			1.0
6223.4			1.0
6224.3			1.0
6225.200000000001			1.0
6226.1			1.0
6227.0			1.0
6227.9			1.0
6228.8			1.0
6229.700000000001			1.0
6230.6			1.0
6231.5			1.0
6232.4			1.0
6233.3			1.0
6234.200000000001			1.0
6235.1			1.0
6236.0			1.0
6236.9			1.0
6237.8			1.0
6238.700000000001			1.0
6239.6			1.0
6240.5			1.0
6241.4			1.0
6242.3			1.0
6243.200000000001			1.0
6244.1			1.0
6245.0			1.0
6245.9			1.0
6246.8			1.0
6247.700000000001			1.0
6248.6			1.0
6249.5			1.0
6250.4			1.0
6251.3			1.0
6252.200000000001			1.0
6253.1			1.0
6254.0			1.0
6254.9			1.0
6255.8			1.0
6256.700000000001			1.0
6257.6			1.0
6258.5			1.0
6259.4			1.0
6260.3			1.0
6261.200000000001			1.0
6262.1			1.0
6263.0			1.0
6263.9			1.0
6264.8			1.0
6265.700000000001			1.0
6266.6			1.0
6267.5			1.0
6268.4			1.0
6269.3			1.0
6270.200000000001			1.0
6271.1			1.0
6272.0			1.0
6272.9			1.0
6273.8			1.0
6274.700000000001			1.0
6275.6			1.0
6276.5			1.0
6277.4			1.0
6278.3			1.0
6279.200000000001			1.0
6280.1			1.0
6281.0			1.0
6281.9			1.0
6282.8			1.0
6283.700000000001			1.0
6284.6			1.0
6285.5			1.0
6286.4			1.0
6287.3			1.0
6288.200000000001			1.0
6289.1			1.0
6290.0			1.0
6290.9			1.0
6291.8			1.0
6292.700000000001			1.0
6293.6			1.0
6294.5			1.0
6295.4			1.0
6296.3			1.0
6297.200000000001			1.0
6298.1			1.0
6299.0			1.0
6299.9			1.0
6300.8			1.0
6301.700000000001			1.0
6302.6			1.0
6303.5			1.0
6304.4			1.0
6305.3			1.0
6306.200000000001			1.0
6307.1			1.0
6308.0			1.0
6308.9			1.0
6309.8			1.0
6310.700000000001			1.0
6311.6			1.0
6312.5			1.0
6313.4			1.0
6314.3			1.0
6315.200000000001			1.0
6316.1			1.0
6317.0			1.0
6317.9			1.0
6318.8			1.0
6319.700000000001			1.0
6320.6			1.0
6321.5			1.0
6322.4			1.0
6323.3			1.0
6324.200000000001			1.0
6325.1			1.0
6326.0			1.0
6326.9			1.0
6327.8			1.0
6328.700000000001			1.0
6329.6			1.0
6330.5			1.0
6331.4			1.0
6332.3			1.0
6333.200000000001			1.0
6334.1			1.0
6335.0			1.0
6335.9			1.0
6336.8			1.0
6337.700000000001			1.0
6338.6			1.0
6339.5			1.0
6340.4			1.0
6341.3			1.0
6342.200000000001			1.0
6343.1			1.0
6344.0			1.0
6344.9			1.0
6345.8			1.0
6346.700000000001			1.0
6347.6			1.0
6348.5			1.0
6349.4			1.0
6350.3			1.0
6351.200000000001			1.0
6352.1			1.0
6353.0			1.0
6353.9			1.0
6354.8			1.0
6355.700000000001			1.0
6356.6			1.0
6357.5			1.0
6358.4			1.0
6359.3			1.0
6360.200000000001			1.0
6361.1			1.0
6362.0			1.0
6362.9			1.0
6363.8			1.0
6364.700000000001			1.0
6365.6			1.0
6366.5			1.0
6367.4			1.0
6368.3			1.0
6369.200000000001			1.0
6370.1			1.0
6371.0			1.0
6371.9			1.0
6372.8			1.0
6373.700000000001			1.0
6374.6			1.0
6375.5			1.0
6376.4			1.0
6377.3			1.0
6378.200000000001			1.0
6379.1			1.0
6380.0			1.0
6380.9			1.0
6381.8			1.0
6382.700000000001			1.0
6383.6			1.0
6384.5			1.0
6385.4			1.0
6386.3			1.0
6387.200000000001			1.0
6388.1			1.0
6389.0			1.0
6389.9			1.0
6390.8			1.0
6391.700000000001			1.0
6392.6			1.0
6393.5			1.0
6394.4			1.0
6395.3			1.0
6396.200000000001			1.0
6397.1			1.0
6398.0			1.0
6398.9			1.0
6399.8			1.0
6400.700000000001			1.0
6401.6			1.0
6402.5			1.0
6403.4			1.0
6404.3			1.0
6405.200000000001			1.0
6406.1			1.0
6407.0			1.0
6407.9			1.0
6408.8			1.0
6409.700000000001			1.0
6410.6			1.0
6411.5			1.0
6412.4			1.0
6413.3			1.0
6414.200000000001			1.0
6415.1			1.0
6416.0			1.0
6416.9			1.0
6417.8			1.0
6418.700000000001			1.0
6419.6			1.0
6420.5			1.0
6421.4			1.0
6422.3			1.0
6423.200000000001			1.0
6424.1			1.0
6425.0			1.0
6425.9			1.0
6426.8			1.0
6427.700000000001			1.0
6428.6			1.0
6429.5			1.0
6430.4			1.0
6431.3			1.0
6432.200000000001			1.0
6433.1			1.0
6434.0			1.0
6434.9			1.0
6435.8			1.0
6436.700000000001			1.0
6437.6			1.0
6438.5			1.0
6439.4			1.0
6440.3			1.0
6441.200000000001			1.0
6442.1			1.0
6443.0			1.0
6443.9			1.0
6444.8			1.0
6445.700000000001			1.0
6446.6			1.0
6447.5			1.0
6448.4			1.0
6449.3			1.0
6450.200000000001			1.0
6451.1			1.0
6452.0			1.0
6452.9			1.0
6453.8			1.0
6454.700000000001			1.0
6455.6			1.0
6456.5			1.0
6457.4			1.0
6458.3			1.0
6459.200000000001			1.0
6460.1			1.0
6461.0			1.0
6461.9			1.0
6462.8			1.0
6463.700000000001			1.0
6464.6			1.0
6465.5			1.0
6466.4			1.0
6467.3			1.0
6468.200000000001			1.0
6469.1			1.0
6470.0			1.0
6470.9			1.0
6471.8			1.0
6472.700000000001			1.0
6473.6			1.0
6474.5			1.0
6475.4			1.0
6476.3			1.0
6477.200000000001			1.0
6478.1			1.0
6479.0			1.0
6479.9			1.0
6480.8			1.0
6481.700000000001			1.0
6482.6			1.0
6483.5			1.0
6484.4			1.0
6485.3			1.0
6486.200000000001			1.0
6487.1			1.0
6488.0			1.0024476945158662
6488.9			1.0026248707141219
6489.8			0.9967237922517319
6490.700000000001			0.9773439053870141
6491.6			0.959545856657773
6492.5			0.942869179748527
6493.4			0.9076321442054405
6494.3			0.8756690346099708
6495.200000000001			0.8643924143223942
6496.1			0.857456395175758
6497.0			0.8743831165602863
6497.9			0.919895575261307
6498.8			0.9540243234281062
6499.700000000001			0.9713354366294245
6500.6			0.9924116066484846
6501.5			1.0035360024988071
6502.4			1.0041127889298942
6503.3			1.0018181388577594
6504.200000000001			1.0002520346050678
6505.1			1.0
6506.0			1.0
6506.9			1.0
6507.8			1.0
6508.700000000001			1.0
6509.6			1.0
6510.5			1.0
6511.4			1.0
6512.3			1.0
6513.200000000001			1.0
6514.1			1.0
6515.0			1.0
6515.9			1.0
6516.8			1.0
6517.700000000001			1.0
6518.6			1.0
6519.5			1.0
6520.4			1.0
6521.3			1.0
6522.200000000001			1.0
6523.1			1.0
6524.0			1.0
6524.9			1.0
6525.8			1.0
6526.700000000001			1.0
6527.6			1.0
6528.5			1.0
6529.4			1.0
6530.3			1.0
6531.200000000001			1.0
6532.1			1.0
6533.0			1.0
6533.9			1.0
6534.8			1.0
6535.700000000001			1.0
6536.6			1.0
6537.5			1.0
6538.4			1.0
6539.3			1.0
6540.200000000001			1.0
6541.1			1.0
6542.0			1.0
6542.9			1.0
6543.8			1.0
6544.700000000001			1.0
6545.6			1.0
6546.5			1.0
6547.4			1.0
6548.3			1.0
6549.200000000001			1.0
6550.1			1.0
6551.0			1.0
6551.9			1.0
6552.8			1.0
6553.700000000001			1.0
6554.6			1.0
6555.5			1.0
6556.4			1.0
6557.3			1.0
6558.200000000001			0.9803262802224875
6559.1			0.9605364004399751
6560.0			0.9161255006513777
6560.9			0.7925927848603542
6561.8			0.60312467352524
6562.700000000001			0.5013429994396141
6563.6			0.6065805304671475
6564.5			0.8042585727750214
6565.4			0.9339224874380846
6566.3			0.9871500836254813
6567.200000000001			1.000038787885543
6568.1			1.0
6569.0			1.0
6569.9			1.0
6570.8			1.0
6571.700000000001			1.0
6572.6			1.0
6573.5			1.0
6574.4			1.0
6575.3			1.0
6576.200000000001			1.0
6577.1			1.0
6578.0			1.0
6578.9			1.0
6579.8			1.0
6580.700000000001			1.0
6581.6			1.0
6582.5			1.0
6583.4			1.0
6584.3			1.0
6585.200000000001			1.0
6586.1			1.0
6587.0			1.0
6587.9			1.0
6588.8			1.0
6589.700000000001			1.0
6590.6			1.0
6591.5			1.0
6592.4			1.0
6593.3			1.0
6594.200000000001			1.0
6595.1			1.0
6596.0			1.0
6596.9			1.0
6597.8			1.0
6598.700000000001			1.0
6599.6			1.0
6600.5			1.0
6601.4			1.0
6602.3			1.0
6603.200000000001			1.0
6604.1			1.0
6605.0			1.0
6605.9			1.0
6606.8			1.0
6607.700000000001			1.0
6608.6			1.0
6609.5			1.0
6610.4			1.0
6611.3			1.0
6612.200000000001			1.0
6613.1			1.0
6614.0			1.0
6614.9			1.0
6615.8			1.0
6616.700000000001			1.0
6617.6			1.0
6618.5			1.0
6619.4			1.0
6620.3			1.0
6621.200000000001			1.0
6622.1			1.0
6623.0			1.0
6623.9			1.0
6624.8			1.0
6625.700000000001			1.0
6626.6			1.0
6627.5			1.0
6628.4			1.0
6629.3			1.0
6630.200000000001			1.0
6631.1			1.0
6632.0			1.0
6632.9			1.0
6633.8			1.0
6634.700000000001			1.0
6635.6			1.0
6636.5			1.0
6637.4			1.0
6638.3			1.0
6639.200000000001			1.0
6640.1			1.0
6641.0			1.0
6641.9			1.0
6642.8			1.0
6643.700000000001			1.0
6644.6			1.0
6645.5			1.0
6646.4			1.0
6647.3			1.0
6648.200000000001			1.0
6649.1			1.0
6650.0			1.0
6650.9			1.0
6651.8			1.0
6652.700000000001			1.0
6653.6			1.0
6654.5			1.0
6655.4			1.0
6656.3			1.0
6657.200000000001			1.0
6658.1			1.0
6659.0			1.0
6659.9			1.0
6660.8			1.0
6661.700000000001			1.0
6662.6			1.0
6663.5			1.0
6664.4			1.0
6665.3			1.0
6666.200000000001			1.0
6667.1			1.0
6668.0			1.0
6668.9			1.0
6669.8			1.0
6670.700000000001			1.0
6671.6			1.0
6672.5			1.0
6673.4			1.0
6674.3			1.0
6675.200000000001			1.0
6676.1			1.0
6677.0			1.0
6677.9			1.0
6678.8			1.0
6679.700000000001			1.0
6680.6			1.0
6681.5			1.0
6682.4			1.0
6683.3			1.0
6684.200000000001			1.0
6685.1			1.0
6686.0			1.0
6686.9			1.0
6687.8			1.0
6688.700000000001			1.0
6689.6			1.0
6690.5			1.0
6691.4			1.0
6692.3			1.0
6693.200000000001			1.0
6694.1			1.0
6695.0			1.0
6695.9			1.0
6696.8			1.0
6697.700000000001			1.0
6698.6			1.0
6699.5			1.0
6700.4			1.0
6701.3			1.0
6702.200000000001			1.0
6703.1			1.0
6704.0			1.0
6704.9			1.0
6705.8			1.0
6706.700000000001			1.0
6707.6			1.0
6708.5			1.0
6709.4			1.0
6710.3			1.0
6711.200000000001			1.0
6712.1			1.0
6713.0			1.0
6713.9			1.0
6714.8			1.0
6715.700000000001			1.0
6716.6			1.0
6717.5			1.0
6718.4			1.0
6719.3			1.0
6720.200000000001			1.0
6721.1			1.0
6722.0			1.0
6722.9			1.0
6723.8			1.0
6724.700000000001			1.0
6725.6			1.0
6726.5			1.0
6727.4			1.0
6728.3			1.0
6729.200000000001			1.0
6730.1			1.0
6731.0			1.0
6731.9			1.0
6732.8			1.0
6733.700000000001			1.0
6734.6			1.0
6735.5			1.0
6736.4			1.0
6737.3			1.0
6738.200000000001			1.0
6739.1			1.0
6740.0			1.0
6740.9			1.0
6741.8			1.0
6742.700000000001			1.0
6743.6			1.0
6744.5			1.0
6745.4			1.0
6746.3			1.0
6747.200000000001			1.0
6748.1			1.0
6749.0			1.0
6749.9			1.0
6750.8			1.0
6751.700000000001			1.0
6752.6			1.0
6753.5			1.0
6754.4			1.0
6755.3			1.0
6756.200000000001			1.0
6757.1			1.0
6758.0			1.0
6758.9			1.0
6759.8			1.0
6760.700000000001			1.0
6761.6			1.0
6762.5			1.0
6763.4			1.0
6764.3			1.0
6765.200000000001			1.0
6766.1			1.0
6767.0			1.0
6767.9			1.0
6768.8			1.0
6769.700000000001			1.0
6770.6			1.0
6771.5			1.0
6772.4			1.0
6773.3			1.0
6774.200000000001			1.0
6775.1			1.0
6776.0			1.0
6776.9			1.0
6777.8			1.0
6778.700000000001			1.0
6779.6			1.0
6780.5			1.0
6781.4			1.0
6782.3			1.0
6783.200000000001			1.0
6784.1			1.0
6785.0			1.0
6785.9			1.0
6786.8			1.0
6787.700000000001			1.0
6788.6			1.0
6789.5			1.0
6790.4			1.0
6791.3			1.0
6792.200000000001			1.0
6793.1			1.0
6794.0			1.0
6794.9			1.0
6795.8			1.0
6796.700000000001			1.0
6797.6			1.0
6798.5			1.0
6799.4			1.0
6800.3			1.0
6801.200000000001			1.0
6802.1			1.0
6803.0			1.0
6803.9			1.0
6804.8			1.0
6805.700000000001			1.0
6806.6			1.0
6807.5			1.0
6808.4			1.0
6809.3			1.0
6810.200000000001			1.0
6811.1			1.0
6812.0			1.0
6812.9			1.0
6813.8			1.0
6814.700000000001			1.0
6815.6			1.0
6816.5			1.0
6817.4			1.0
6818.3			1.0
6819.200000000001			1.0
6820.1			1.0
6821.0			1.0
6821.9			1.0
6822.8			1.0
6823.700000000001			1.0
6824.6			1.0
6825.5			1.0
6826.4			1.0
6827.3			1.0
6828.200000000001			1.0
6829.1			1.0
6830.0			1.0
6830.9			1.0
6831.8			1.0
6832.700000000001			1.0
6833.6			1.0
6834.5			1.0
6835.4			1.0
6836.3			1.0
6837.200000000001			1.0
6838.1			1.0
6839.0			1.0
6839.9			1.0
6840.8			1.0
6841.700000000001			1.0
6842.6			1.007098183774249
6843.5			1.0181886310177433
6844.4			1.0266757444455041
6845.3			1.029062835177571
6846.200000000001			1.0273246694456835
6847.1			1.020505752229792
6848.0			1.0236271065175404
6848.9			1.0290974482495263
6849.8			1.0271389300095164
6850.700000000001			1.025233006905622
6851.6			1.027828975504428
6852.5			1.0185686816522284
6853.4			0.9984214646857138
6854.3			0.9884718380764357
6855.200000000001			1.000611725826233
6856.1			1.0117420801340533
6857.0			1.016244144857897
6857.9			1.022105418319288
6858.8			1.0260993200325454
6859.700000000001			1.0221421900335281
6860.6			1.017022198829566
6861.5			1.0269403639745045
6862.4			1.0362290044084406
6863.3			1.0426246305863556
6864.200000000001			1.047092554737671
6865.1			1.0477480625212994
6866.0			1.0289984644781183
6866.9			0.9916263716059174
6867.8			0.9822894919145561
6868.700000000001			1.0236306380707372
6869.6			1.0521798800484552
6870.5			1.0419679126374461
6871.4			1.0302781091733568
6872.3			1.0321094023943196
6873.200000000001			1.031107200045367
6874.1			1.0266859761281921
6875.0			1.0289740376473435
6875.9			1.0304335454181819
6876.8			1.0294741692993126
6877.700000000001			1.033161179771985
6878.6			1.028766292775145
6879.5			1.0264537292596925
6880.4			1.030249625484772
6881.3			1.0300628906348523
6882.200000000001			1.0249687316133191
6883.1			1.024597705541542
6884.0			1.0236871781327748
6884.9			1.0069798370551937
6885.8			0.997622668527698
6886.700000000001			1.0256116279488476
6887.6			1.0355090651111762
6888.5			1.015735405068535
6889.4			1.023411986296823
6890.3			1.0490063878642732
6891.200000000001			1.0343677402843885
6892.1			1.004982844153568
6893.0			1.0188261725887902
6893.9			1.042463809581341
6894.8			1.0299565421707622
6895.700000000001			1.008174221122269
6896.6			1.0232615572159944
6897.5			1.046953553521855
6898.4			1.0387106602130691
6899.3			1.0153937688142265
6900.200000000001			1.0231296879417888
6901.1			1.054523204756168
6902.0			1.05973871655427
6902.9			1.0348007955233889
6903.8			1.0213976403769511
6904.700000000001			1.0385383807994264
6905.6			1.064037875409454
6906.5			1.0582639084029004
6907.4			1.0353600576843942
6908.3			1.02344362789332
6909.200000000001			1.0327124562531038
6910.1			1.0412165949832
6911.0			1.0313869960591466
6911.9			1.0069902501073873
6912.8			0.9841436656768153
6913.700000000001			0.9917213798564123
6914.6			1.0112657994394394
6915.5			1.0057449887394743
6916.4			1.0033727919339623
6917.3			1.0065264976626234
6918.200000000001			1.0085711259965011
6919.1			1.018593385069526
6920.0			1.0284759141049462
6920.9			1.0199927229680128
6921.8			0.9966466908479477
6922.700000000001			0.9790207194679262
6923.6			0.9837006306091884
6924.5			1.005169260213945
6925.4			1.021210384849988
6926.3			1.0201569778545487
6927.200000000001			1.0089819697251272
6928.1			0.9889589038011131
6929.0			0.9843152295451093
6929.9			0.9998369499053291
6930.8			1.003016073190308
6931.700000000001			0.9903511843269398
6932.6			0.987047611200391
6933.5			0.9995578258918728
6934.4			1.0153293128021759
6935.3			1.0179458509879897
6936.200000000001			1.002628012490001
6937.1			0.9839197058066621
6938.0			0.9734262756452358
6938.9			0.9540459324670497
6939.8			0.9362597365483691
6940.700000000001			0.9398681585415414
6941.6			0.9460003563802214
6942.5			0.9423558262895975
6943.4			0.9434340292890836
6944.3			0.9645588281155936
6945.200000000001			0.9841949669032696
6946.1			0.9700405850579202
6947.0			0.9497773175718796
6947.9			0.9545503942475211
6948.8			0.9647053584950535
6949.700000000001			0.9705262257957411
6950.6			0.9794754138766367
6951.5			0.9833430095441773
6952.4			0.9760427811113671
6953.3			0.9740404900392688
6954.200000000001			0.9745586833734939
6955.1			0.956692963344028
6956.0			0.9494669434031001
6956.9			0.9706038498039489
6957.8			0.9806248086578506
6958.700000000001			0.9693896462358403
6959.6			0.963183949401428
6960.5			0.9685026720365906
6961.4			0.9821945241572427
6962.3			0.996482842368142
6963.200000000001			0.9942795650622946
6964.1			0.9870233551472787
6965.0			0.9905692295847545
6965.9			1.0005581797406846
6966.8			1.007147896169512
6967.700000000001			1.0077644393229512
6968.6			0.9966190096860431
6969.5			0.9796696093802044
6970.4			0.9789128397992147
6971.3			0.9941029586033848
6972.200000000001			0.998542176542141
6973.1			0.9891972349268535
6974.0			0.9804648905087079
6974.9			0.9688874280593099
6975.8			0.9442985355269816
6976.700000000001			0.9192644542676364
6977.6			0.9230499899649287
6978.5			0.9551602731156744
6979.4			0.9764788144998734
6980.3			0.9756080878721752
6981.200000000001			0.9780593352453048
6982.1			0.9854103752223013
6983.0			0.9842085232356187
6983.9			0.9733415602735029
6984.8			0.9552488285487405
6985.700000000001			0.9436892971585279
6986.6			0.9412248228464019
6987.5			0.9376831365247711
6988.4			0.9430686862966609
6989.3			0.9614257416061263
6990.200000000001			0.9695085955523547
6991.1			0.9598873873316467
6992.0			0.9426036598898407
6992.9			0.9353974024509694
6993.8			0.9579083601489086
6994.700000000001			0.9889767624698779
6995.6			0.9907439669877983
6996.5			0.9609580306079074
6997.4			0.9204977689394338
6998.3			0.9123448131153393
6999.200000000001			0.9453309649796459
7000.1			0.9731669539683876
7001.0			0.9749636711805009
7001.9			0.9587017075341284
7002.8			0.9287849438065012
7003.700000000001			0.9040761549497875
7004.6			0.91203319492304
7005.5			0.9428864379468564
7006.4			0.9635527469186093
7007.3			0.9680983144258308
7008.200000000001			0.9634890034607562
7009.1			0.9483781324313826
7010.0			0.9360702868311288
7010.9			0.9470624975999867
7011.8			0.9669747889333139
7012.700000000001			0.9656140031346497
7013.6			0.9308847053558962
7014.5			0.8829894031087446
7015.4			0.8761428845462312
7016.3			0.9196866441382854
7017.200000000001			0.9599501163095989
7018.1			0.9705922105181344
7019.0			0.9704409466760021
7019.9			0.965546654780921
7020.8			0.9483405280381101
7021.700000000001			0.9272239870019218
7022.6			0.924393840718325
7023.5			0.9435480455604677
7024.4			0.9512721710170017
7025.3			0.9328572108928289
7026.200000000001			0.9223976535591457
7027.1			0.9386827456508372
7028.0			0.9567147576979567
7028.9			0.9600345507142433
7029.8			0.9630334496515823
7030.700000000001			0.9617477014448087
7031.6			0.9564935876322354
7032.5			0.9504820767849835
7033.4			0.95112465271008
7034.3			0.9595177039829365
7035.200000000001			0.9452897243481111
7036.1			0.9114028842214067
7037.0			0.9007686855944878
7037.9			0.916299242588414
7038.8			0.9320622471923315
7039.700000000001			0.9558842409213557
7040.6			0.9721573937147926
7041.5			0.9700564036219611
7042.4			0.958321261194247
7043.3			0.9488404025992467
7044.200000000001			0.9509889121506351
7045.1			0.9517616828786343
7046.0			0.9556623543058649
7046.9			0.9682572841875839
7047.8			0.9716709057111738
7048.700000000001			0.956890261561331
7049.6			0.9313620373021045
7050.5			0.920580792184142
7051.4			0.9243210746049517
7052.3			0.9379734495059858
7053.200000000001			0.9521968220395333
7054.1			0.9583896175880274
7055.0			0.959620700897197
7055.9			0.9560155048239086
7056.8			0.9497234111361468
7057.700000000001			0.9409648567704273
7058.6			0.9367656906589357
7059.5			0.9463219410989887
7060.4			0.9551231402853763
7061.3			0.9563292301226908
7062.200000000001			0.9612452328550936
7063.1			0.9682308823615664
7064.0			0.9607369644531288
7064.9			0.9434897909443778
7065.8			0.9318809071160461
7066.700000000001			0.9278459655957368
7067.6			0.9435660631930024
7068.5			0.9600129068385883
7069.4			0.9566683532880325
7070.3			0.9503978473775366
7071.200000000001			0.9488168388683744
7072.1			0.9544340116829515
7073.0			0.9516792506395315
7073.9			0.9455117916252239
7074.8			0.944845561785361
7075.700000000001			0.9437833366853434
7076.6			0.9379685592224258
7077.5			0.9371617770200857
7078.4			0.9433406672536089
7079.3			0.95169994851425
7080.200000000001			0.9501740696784796
7081.1			0.9418184528185003
7082.0			0.9282865885719358
7082.9			0.9203257845337308
7083.8			0.9261583264378291
7084.700000000001			0.9319944110126811
7085.6			0.9304666309778189
7086.5			0.9225001674392057
7087.4			0.9159051733507536
7088.3			0.9096589813464588
7089.200000000001			0.9139249047644772
7090.1			0.920842349535081
7091.0			0.9175974878011433
7091.9			0.9162187680456951
7092.8			0.9166287376612561
7093.700000000001			0.9204107827189462
7094.6			0.9215207543650078
7095.5			0.9200867286583096
7096.4			0.9165461656487417
7097.3			0.9135442898422264
7098.200000000001			0.9156049962989814
7099.1			0.9152445879933017
7100.0			0.918033212716841
7100.9			0.9220397054852287
7101.8			0.9294120375552438
7102.700000000001			0.9284830826592009
7103.6			0.920914024633308
7104.5			0.9121246126656566
7105.4			0.9080250509810199
7106.3			0.9141973409376775
7107.200000000001			0.9186394914615031
7108.1			0.9111522244553449
7109.0			0.9011462174430742
7109.9			0.9019789899267373
7110.8			0.9173773116004976
7111.700000000001			0.9289561043678044
7112.6			0.927900275905037
7113.5			0.9208356051063823
7114.4			0.9174665081866726
7115.3			0.9168126819079353
7116.200000000001			0.9180002385647543
7117.1			0.9113984854879431
7118.0			0.90893165098909
7118.9			0.9046231375030082
7119.8			0.8917182578215348
7120.700000000001			0.9010945034819484
7121.6			0.9331198422861805
7122.5			0.9445931362382491
7123.4			0.9365839084670429
7124.3			0.9273024144177352
7125.200000000001			0.9352849315516809
7126.1			0.9441361757375286
7127.0			0.9398733817412128
7127.9			0.9275070120415301
7128.8			0.9176690875201317
7129.700000000001			0.9304747431491666
7130.6			0.951122893569287
7131.5			0.9617172788398017
7132.4			0.9620665681492444
7133.3			0.9570597548347657
7134.200000000001			0.9616392043199463
7135.1			0.9705709907905369
7136.0			0.9692954735665372
7136.9			0.9614259456181221
7137.8			0.9589364491784028
7138.700000000001			0.9632052490365488
7139.6			0.9711845125232236
7140.5			0.973936652853303
7141.4			0.973451197096738
7142.3			0.974947668341182
7143.200000000001			0.9776669281323734
7144.1			0.9768176657467197
7145.0			0.9536596530292955
7145.9			0.9344113164964528
7146.8			0.9551690965800839
7147.700000000001			0.975843722093098
7148.6			0.9730735236485293
7149.5			0.9799961884815623
7150.4			0.9988890570827589
7151.3			1.0036594678535427
7152.200000000001			0.9921691321707706
7153.1			0.9849983795802247
7154.0			0.9952971852712689
7154.9			1.0
7155.8			0.9992847597453453
7156.700000000001			0.9846006163555943
7157.6			0.975471515948456
7158.5			0.9783026443142255
7159.4			0.9870150509795498
7160.3			0.9852441023754839
7161.200000000001			0.96066046524358
7162.1			0.9257071831658666
7163.0			0.9240198863140248
7163.9			0.9565063290254742
7164.8			0.967927221809038
7165.700000000001			0.9558021851048079
7166.6			0.9613561454976913
7167.5			0.963880750095786
7168.4			0.9487738599660462
7169.3			0.9647610655114635
7170.200000000001			0.9730658183701186
7171.1			0.932021223557919
7172.0			0.9222907700717285
7172.9			0.9628537355490031
7173.8			0.9738491967132527
7174.700000000001			0.9373516369530145
7175.6			0.9123764317379828
7176.5			0.9343385727596974
7177.4			0.9678383098402912
7178.3			0.9670550565600486
7179.200000000001			0.9423547663288843
7180.1			0.9636747598164684
7181.0			1.0
7181.9			1.0183218716777862
7182.8			1.0005212686148424
7183.700000000001			0.9759680507958195
7184.6			0.9141431626470192
7185.5			0.9085900374957909
7186.4			0.9792993581128471
7187.3			1.0292986166480622
7188.200000000001			1.0393518816050784
7189.1			1.0027049217355908
7190.0			0.9846130551229054
7190.9			0.9851883421245835
7191.8			0.9920854104685598
7192.700000000001			1.0074128880308981
7193.6			1.021544929395125
7194.5			1.0172572112776206
7195.4			1.0016909382570012
7196.3			1.0
7197.200000000001			1.0
7198.1			1.0
7199.0			1.0
7199.9			1.0
7200.8			1.0
7201.700000000001			1.0
7202.6			1.0
7203.5			1.0
7204.4			1.0
7205.3			1.0
7206.200000000001			1.0
7207.1			1.0
7208.0			1.0
7208.9			1.0
7209.8			1.0
7210.700000000001			1.0
7211.6			1.0
7212.5			1.0
7213.4			1.0
7214.3			1.0
7215.200000000001			1.0
7216.1			1.0
7217.0			1.0
7217.9			1.0
7218.8			1.0
7219.700000000001			1.0
7220.6			1.0
7221.5			1.0
7222.4			1.0
7223.3			1.0
7224.200000000001			1.0
7225.1			1.0
7226.0			1.0
7226.9			1.0
7227.8			1.0
7228.700000000001			1.0
7229.6			1.0
7230.5			1.0
7231.4			1.0
7232.3			1.0
7233.200000000001			1.0
7234.1			1.0
7235.0			1.0
7235.9			1.0
7236.8			1.0
7237.700000000001			1.0
7238.6			1.0
7239.5			1.0
7240.4			1.0
7241.3			1.0
7242.200000000001			1.0
7243.1			1.0
7244.0			1.0
7244.9			1.0
7245.8			1.0
7246.700000000001			1.0
7247.6			1.0
7248.5			1.0
7249.4			1.0
7250.3			1.0
7251.200000000001			1.0
7252.1			1.0
7253.0			1.0
7253.9			1.0
7254.8			1.0
7255.700000000001			1.0
7256.6			1.0
7257.5			1.0
7258.4			1.0
7259.3			1.0
7260.200000000001			1.0
7261.1			1.0
7262.0			1.0
7262.9			1.0
7263.8			1.0
7264.700000000001			1.0
7265.6			1.0
7266.5			1.0
7267.4			1.0
7268.3			1.0
7269.200000000001			1.0
7270.1			1.0
7271.0			1.0
7271.9			1.0
7272.8			1.0
7273.700000000001			1.0
7274.6			1.0
7275.5			1.0
7276.4			1.0
7277.3			1.0
7278.200000000001			1.0
7279.1			1.0
7280.0			1.0
7280.9			1.0
7281.8			1.0
7282.700000000001			1.0
7283.6			1.0
7284.5			1.0
7285.4			1.0
7286.3			1.0
7287.200000000001			1.0
7288.1			1.0
7289.0			1.0
7289.9			1.0
7290.8			1.0
7291.700000000001			1.0
7292.6			1.0
7293.5			1.0
7294.4			1.0
7295.3			1.0
7296.200000000001			1.0
7297.1			1.0
7298.0			1.0
7298.9			1.0
7299.8			1.0
7300.700000000001			1.0
7301.6			1.0
7302.5			1.0
7303.4			1.0
7304.3			1.0
7305.200000000001			1.0
7306.1			1.0
7307.0			1.0
7307.9			1.0
7308.8			1.0
7309.700000000001			1.0
7310.6			1.0
7311.5			1.0
7312.4			1.0
7313.3			1.0
7314.200000000001			1.0
7315.1			1.0
7316.0			1.0
7316.9			1.0
7317.8			1.0
7318.700000000001			1.0
7319.6			1.0
7320.5			1.0
7321.4			1.0
7322.3			1.0
7323.200000000001			1.0
7324.1			1.0
7325.0			1.0
7325.9			1.0
7326.8			1.0
7327.700000000001			1.0
7328.6			1.0
7329.5			1.0
7330.4			1.0
7331.3			1.0
7332.200000000001			1.0
7333.1			1.0
7334.0			1.0
7334.9			1.0
7335.8			1.0
7336.700000000001			1.0
7337.6			1.0
7338.5			1.0
7339.4			1.0
7340.3			1.0
7341.200000000001			1.0
7342.1			1.0
7343.0			1.0
7343.9			1.0
7344.8			1.0
7345.700000000001			1.0
7346.6			1.0
7347.5			1.0
7348.4			1.0
7349.3			1.0
7350.200000000001			1.0
7351.1			1.0
7352.0			1.0
7352.9			1.0
7353.8			1.0
7354.700000000001			1.0
7355.6			1.0
7356.5			1.0
7357.4			1.0
7358.3			1.0
7359.200000000001			1.0
7360.1			1.0
7361.0			1.0
7361.9			1.0
7362.8			1.0
7363.700000000001			1.0
7364.6			1.0
7365.5			1.0
7366.4			1.0
7367.3			1.0
7368.200000000001			1.0
7369.1			1.0
7370.0			1.0
7370.9			1.0
7371.8			1.0
7372.700000000001			1.0
7373.6			1.0
7374.5			1.0
7375.4			1.0
7376.3			1.0
7377.200000000001			1.0
7378.1			1.0
7379.0			1.0
7379.9			1.0
7380.8			1.0
7381.700000000001			1.0
7382.6			1.0
7383.5			1.0
7384.4			1.0
7385.3			1.0
7386.200000000001			1.0
7387.1			1.0
7388.0			1.0
7388.9			1.0
7389.8			1.0
7390.700000000001			1.0
7391.6			1.0
7392.5			1.0
7393.4			1.0
7394.3			1.0
7395.200000000001			1.0
7396.1			1.0
7397.0			1.0
7397.9			1.0
7398.8			1.0
7399.700000000001			1.0
7400.6			1.0
7401.5			1.0
7402.4			1.0
7403.3			1.0
7404.200000000001			1.0
7405.1			1.0
7406.0			1.0
7406.9			1.0
7407.8			1.0
7408.700000000001			1.0
7409.6			1.0
7410.5			1.0
7411.4			1.0
7412.3			1.0
7413.200000000001			1.0
7414.1			1.0
7415.0			1.0
7415.9			1.0
7416.8			1.0
7417.700000000001			1.0
7418.6			1.0
7419.5			1.0
7420.4			1.0
7421.3			1.0
7422.200000000001			1.0
7423.1			1.0
7424.0			1.0
7424.9			1.0
7425.8			1.0
7426.700000000001			1.0
7427.6			1.0
7428.5			1.0
7429.4			1.0
