3500.0			1.0
3500.9			1.0
3501.8			1.0
3502.7			1.0
3503.6			1.0
3504.5			1.0
3505.4			1.0
3506.3			1.0
3507.2			1.0
3508.1			1.0
3509.0			1.0
3509.9			1.0
3510.8			1.0
3511.7			1.0
3512.6			1.0
3513.5			1.0
3514.4			1.0
3515.3			1.0
3516.2			1.0
3517.1			1.0
3518.0			1.0
3518.9			1.0
3519.8			1.0
3520.7			1.0
3521.6			1.0
3522.5			1.0
3523.4			1.0
3524.3			1.0
3525.2			1.0
3526.1			1.0
3527.0			1.0
3527.9			1.0
3528.8			1.0
3529.7			1.0
3530.6			1.0
3531.5			1.0
3532.4			1.0
3533.3			1.0
3534.2			1.0
3535.1			1.0
3536.0			1.0
3536.9			1.0
3537.8			1.0
3538.7			1.0
3539.6			1.0
3540.5			1.0
3541.4			1.0
3542.3			1.0
3543.2			1.0
3544.1			1.0
3545.0			1.0
3545.9			1.0
3546.8			1.0
3547.7			1.0
3548.6			1.0
3549.5			1.0
3550.4			1.0
3551.3			1.0
3552.2			1.0
3553.1			1.0
3554.0			1.0
3554.9			1.0
3555.8			1.0
3556.7			1.0
3557.6			1.0
3558.5			1.0
3559.4			1.0
3560.3			1.0
3561.2			1.0
3562.1			1.0
3563.0			1.0
3563.9			1.0
3564.8			1.0
3565.7			1.0
3566.6			1.0
3567.5			1.0
3568.4			1.0
3569.3			1.0
3570.2			1.0
3571.1			1.0
3572.0			1.0
3572.9			1.0
3573.8			1.0
3574.7			1.0
3575.6			1.0
3576.5			1.0
3577.4			1.0
3578.3			1.0
3579.2			1.0
3580.1			1.0
3581.0			1.0
3581.9			1.0
3582.8			1.0
3583.7			1.0
3584.6			1.0
3585.5			1.0
3586.4			1.0
3587.3			1.0
3588.2			1.0
3589.1			1.0
3590.0			1.0
3590.9			1.0
3591.8			1.0
3592.7			1.0
3593.6			1.0
3594.5			1.0
3595.4			1.0
3596.3			1.0
3597.2			1.0
3598.1			1.0
3599.0			1.0
3599.9			1.0
3600.8			1.0
3601.7			1.0
3602.6			1.0
3603.5			1.0
3604.4			1.0
3605.3			1.0
3606.2			1.0
3607.1			1.0
3608.0			1.0
3608.9			1.0
3609.8			1.0
3610.7			1.0
3611.6			1.0
3612.5			1.0
3613.4			1.0
3614.3			1.0
3615.2			1.0
3616.1			1.0
3617.0			1.0
3617.9			1.0
3618.8			1.0
3619.7			1.0
3620.6			1.0
3621.5			1.0
3622.4			1.0
3623.3			1.0
3624.2			1.0
3625.1			1.0
3626.0			1.0
3626.9			1.0
3627.8			1.0
3628.7			1.0
3629.6			1.0
3630.5			1.0
3631.4			1.0
3632.3			1.0
3633.2			1.0
3634.1			1.0
3635.0			1.0
3635.9			1.0
3636.8			1.0
3637.7			1.0
3638.6			1.0
3639.5			1.0
3640.4			1.0
3641.3			1.0
3642.2			1.0
3643.1			1.0
3644.0			1.0
3644.9			1.0
3645.8			1.0
3646.7			1.0
3647.6			1.0
3648.5			1.0
3649.4			1.0
3650.3			1.0
3651.2			1.0
3652.1			1.0
3653.0			1.0
3653.9			1.0
3654.8			1.0
3655.7			1.0
3656.6			1.0
3657.5			1.0
3658.4			1.0
3659.3			1.0
3660.2			1.0
3661.1			1.0
3662.0			1.0
3662.9			1.0
3663.8			1.0
3664.7			1.0
3665.6			1.0
3666.5			1.0
3667.4			1.0
3668.3			1.0
3669.2			1.0
3670.1			1.0
3671.0			1.0
3671.9			1.0
3672.8			1.0
3673.7			1.0
3674.6			1.0
3675.5			1.0
3676.4			1.0
3677.3			1.0
3678.2			1.0
3679.1			1.0
3680.0			1.0
3680.9			1.0
3681.8			1.0
3682.7			1.0
3683.6			1.0
3684.5			1.0
3685.4			1.0
3686.3			1.0
3687.2			1.0
3688.1			1.0
3689.0			1.0
3689.9			1.0
3690.8			1.0
3691.7			1.0
3692.6			1.0
3693.5			1.0
3694.4			1.0
3695.3			1.0
3696.2			1.0
3697.1			1.0
3698.0			1.0
3698.9			1.0
3699.8			1.0
3700.7			1.0
3701.6			1.0
3702.5			1.0
3703.4			1.0
3704.3			1.0
3705.2			1.0
3706.1			1.0
3707.0			1.0
3707.9			1.0
3708.8			1.0
3709.7			1.0
3710.6			1.0
3711.5			1.0
3712.4			1.0
3713.3			1.0
3714.2			1.0
3715.1			1.0
3716.0			1.0
3716.9			1.0
3717.8			1.0
3718.7			1.0
3719.6			1.0
3720.5			1.0
3721.4			1.0
3722.3			1.0
3723.2			1.0
3724.1			1.0
3725.0			1.0
3725.9			1.0
3726.8			1.0
3727.7			1.0
3728.6			1.0
3729.5			1.0
3730.4			1.0
3731.3			1.0
3732.2			1.0
3733.1			1.0
3734.0			1.0
3734.9			1.0
3735.8			1.0
3736.7			1.0
3737.6			1.0
3738.5			1.0
3739.4			1.0
3740.3			1.0
3741.2			1.0
3742.1			1.0
3743.0			1.0
3743.9			1.0
3744.8			1.0
3745.7			1.0
3746.6			1.0
3747.5			1.0
3748.4			1.0
3749.3			1.0
3750.2			1.0
3751.1			1.0
3752.0			1.0
3752.9			1.0
3753.8			1.0
3754.7			1.0
3755.6			1.0
3756.5			1.0
3757.4			1.0
3758.3			1.0
3759.2			1.0
3760.1			1.0
3761.0			1.0
3761.9			1.0
3762.8			1.0
3763.7			1.0
3764.6			1.0
3765.5			1.0
3766.4			1.0
3767.3			1.0
3768.2			1.0
3769.1			1.0
3770.0			1.0
3770.9			1.0
3771.8			1.0
3772.7			1.0
3773.6			1.0
3774.5			1.0
3775.4			1.0
3776.3			1.0
3777.2			1.0
3778.1			1.0
3779.0			1.0
3779.9			1.0
3780.8			1.0
3781.7			1.0
3782.6			1.0
3783.5			1.0
3784.4			1.0
3785.3			1.0
3786.2			1.0
3787.1			1.0
3788.0			1.0
3788.9			1.0
3789.8			1.0
3790.7			1.0
3791.6			1.0
3792.5			1.0
3793.4			1.0
3794.3			1.0
3795.2			1.0
3796.1			1.0
3797.0			1.0
3797.9			1.0
3798.8			1.0
3799.7			1.0
3800.6			1.0
3801.5			1.0
3802.4			1.0
3803.3			1.0
3804.2			1.0
3805.1			1.0
3806.0			1.0
3806.9			1.0
3807.8			1.0
3808.7			1.0
3809.6			1.0
3810.5			1.0
3811.4			1.0
3812.3			1.0
3813.2			1.0
3814.1			1.0
3815.0			1.0
3815.9			1.0
3816.8			1.0
3817.7			1.0
3818.6			1.0
3819.5			1.0
3820.4			1.0
3821.3			1.0
3822.2			1.0
3823.1			1.0
3824.0			1.0
3824.9			1.0
3825.8			1.0
3826.7			1.0
3827.6			1.0
3828.5			1.0
3829.4			1.0
3830.3			1.0
3831.2			1.0
3832.1			1.0
3833.0			1.0
3833.9			1.0
3834.8			1.0
3835.7			1.0
3836.6			1.0
3837.5			1.0
3838.4			1.0
3839.3			1.0
3840.2			1.0
3841.1			1.0
3842.0			1.0
3842.9			1.0
3843.8			1.0
3844.7			1.0
3845.6			1.0
3846.5			1.0
3847.4			1.0
3848.3			1.0
3849.2			1.0
3850.1			1.0
3851.0			1.0
3851.9			1.0
3852.8			1.0
3853.7			1.0
3854.6			1.0
3855.5			1.0
3856.4			1.0
3857.3			1.0
3858.2			1.0
3859.1			1.0
3860.0			1.0
3860.9			1.0
3861.8			1.0
3862.7			1.0
3863.6			1.0
3864.5			1.0
3865.4			1.0
3866.3			1.0
3867.2			1.0
3868.1			1.0
3869.0			1.0
3869.9			1.0
3870.8			1.0
3871.7			1.0
3872.6			1.0
3873.5			1.0
3874.4			1.0
3875.3			1.0
3876.2			1.0
3877.1			1.0
3878.0			1.0
3878.9			1.0
3879.8			1.0
3880.7			1.0
3881.6			1.0
3882.5			1.0
3883.4			1.0
3884.3			1.0
3885.2			1.0
3886.1			1.0
3887.0			1.0
3887.9			1.0
3888.8			1.0
3889.7			1.0
3890.6			1.0
3891.5			1.0
3892.4			1.0
3893.3			1.0
3894.2			1.0
3895.1			1.0
3896.0			1.0
3896.9			1.0
3897.8			1.0
3898.7			1.0
3899.6			1.0
3900.5			1.0
3901.4			1.0
3902.3			1.0
3903.2			1.0
3904.1			1.0
3905.0			1.0
3905.9			1.0
3906.8			1.0
3907.7			1.0
3908.6			1.0
3909.5			1.0
3910.4			1.0
3911.3			1.0
3912.2			1.0
3913.1			1.0
3914.0			1.0
3914.9			1.0
3915.8			1.0
3916.7			1.0
3917.6			1.0
3918.5			1.0
3919.4			1.0
3920.3			1.0
3921.2			1.0
3922.1			1.0
3923.0			1.0
3923.9			1.0
3924.8			1.0
3925.7			1.0
3926.6			1.0
3927.5			1.0
3928.4			1.0
3929.3			1.0
3930.2			1.0
3931.1			1.0
3932.0			1.0
3932.9			1.0
3933.8			1.0
3934.7			1.0
3935.6			1.0
3936.5			1.0
3937.4			1.0
3938.3			1.0
3939.2			1.0
3940.1			1.0
3941.0			1.0
3941.9			1.0
3942.8			1.0
3943.7			1.0
3944.6			1.0
3945.5			1.0
3946.4			1.0
3947.3			1.0
3948.2			1.0
3949.1			1.0
3950.0			1.0
3950.9			1.0
3951.8			1.0
3952.7			1.0
3953.6			1.0
3954.5			1.0
3955.4			1.0
3956.3			1.0
3957.2			1.0
3958.1			1.0
3959.0			1.0
3959.9			1.0
3960.8			1.0
3961.7			1.0
3962.6			1.0
3963.5			1.0
3964.4			1.0
3965.3			1.0
3966.2			1.0
3967.1			1.0
3968.0			1.0
3968.9			1.0
3969.8			1.0
3970.7			1.0
3971.6			1.0
3972.5			1.0
3973.4			1.0
3974.3			1.0
3975.2			1.0
3976.1			1.0
3977.0			1.0
3977.9			1.0
3978.8			1.0
3979.7			1.0
3980.6			1.0
3981.5			1.0
3982.4			1.0
3983.3			1.0
3984.2			1.0
3985.1			1.0
3986.0			1.0
3986.9			1.0
3987.8			1.0
3988.7			1.0
3989.6			1.0
3990.5			1.0
3991.4			1.0
3992.3			1.0
3993.2			1.0
3994.1			1.0
3995.0			1.0
3995.9			1.0
3996.8			1.0
3997.7			1.0
3998.6			1.0
3999.5			1.0
4000.4			1.0
4001.3			1.0
4002.2			1.0123991962139507
4003.1			1.027725372050475
4004.0			0.9793570868588533
4004.9			0.8749662473967406
4005.8			0.8218473777325203
4006.7			0.8706980518450059
4007.6			0.953039986662629
4008.5			0.9972048164666566
4009.4			0.9993276618915757
4010.3			1.0
4011.2			1.0
4012.1			1.0
4013.0			1.0
4013.9			1.0
4014.8			1.0
4015.7			1.0
4016.6			1.0
4017.5			1.0
4018.4			1.0
4019.3			1.0
4020.2			1.0
4021.1			1.0
4022.0			1.0
4022.9			1.0
4023.8			1.0
4024.7			1.0
4025.6			1.012523146362212
4026.5			1.0524997266712082
4027.4			1.0736543877910045
4028.3			1.0598861912323665
4029.2			1.0017623710170613
4030.1			0.9136466151847915
4031.0			0.8546810089978283
4031.9			0.8440728142563986
4032.8			0.8476827631923436
4033.7			0.8591729175658412
4034.6			0.8818514070116622
4035.5			0.9141263814214117
4036.4			0.9592051430413441
4037.3			0.9984761558480412
4038.2			1.002069893584357
4039.1			1.0
4040.0			1.0
4040.9			1.0
4041.8			1.0
4042.7			1.0204044019026823
4043.6			0.960294582285673
4044.5			0.8266734209270205
4045.4			0.7257255749026834
4046.3			0.7654372509491141
4047.2			0.9070899811716762
4048.1			1.0002535793418474
4049.0			1.0
4049.9			1.0
4050.8			1.0
4051.7			1.0
4052.6			1.0
4053.5			1.0
4054.4			1.0
4055.3			1.0
4056.2			1.0
4057.1			0.9612618081415735
4058.0			0.922573868325003
4058.9			0.9510502693708606
4059.8			1.021351644167226
4060.7			1.0538688443619164
4061.6			1.011157701359211
4062.5			0.9089816349369167
4063.4			0.8265013668545054
4064.3			0.8447190459867325
4065.2			0.9165422735664166
4066.1			0.9324712640654549
4067.0			0.9068994157847131
4067.9			0.9269565477979059
4068.8			0.9861001647722886
4069.7			0.9944954493167604
4070.6			1.0
4071.5			1.0
4072.4			1.0
4073.3			1.0705188371213337
4074.2			1.0905557775618795
4075.1			1.0383019752737683
4076.0			0.9502983972119046
4076.9			0.8654837166497176
4077.8			0.8352771778603123
4078.7			0.8743224058032161
4079.6			0.947800776592379
4080.5			1.013396392390622
4081.4			1.0355263103292363
4082.3			1.0001552022778009
4083.2			1.0
4084.1			1.0
4085.0			1.0
4085.9			1.0
4086.8			1.0
4087.7			1.0332242121538262
4088.6			1.0392101251326156
4089.5			1.0251375174682533
4090.4			1.005373981034292
4091.3			0.9799284299726937
4092.2			0.9594082470811944
4093.1			0.962118546938614
4094.0			0.961914390870048
4094.9			0.922634819203133
4095.8			0.8700238175945536
4096.7			0.8410571006873088
4097.6			0.8268945752401878
4098.5			0.8023606230180322
4099.4			0.7512344562775848
4100.3			0.6582874055080651
4101.2			0.5600482113713119
4102.1			0.541704413741191
4103.0			0.6197528092054899
4103.9			0.7243778135526725
4104.8			0.8034114393864755
4105.7			0.8504239753282608
4106.6			0.8708815678446669
4107.5			0.877114702004416
4108.4			0.8792857509064199
4109.3			0.878367209151203
4110.2			0.8815885971281555
4111.1			0.8921536021510927
4112.0			0.9096006511719522
4112.9			0.9326126091044599
4113.8			0.9542983681582148
4114.7			0.9688062627581405
4115.6			0.9859264246526847
4116.5			0.9982746183167155
4117.4			1.0
4118.3			1.0
4119.2			1.0
4120.1			1.0
4121.0			1.0
4121.9			1.0
4122.8			0.99409648594396
4123.7			1.0067876986649564
4124.6			1.0281236518253263
4125.5			1.023774246191258
4126.4			1.000008606516365
4127.3			0.9785619032209146
4128.2			0.974145251750854
4129.1			0.9940632001914818
4130.0			1.014766575021005
4130.9			0.9996037126426089
4131.8			0.949520277937686
4132.7			0.9189668597591015
4133.6			0.9354893784109505
4134.5			0.9814231293877936
4135.4			1.0516507090773177
4136.3			1.1001225780091595
4137.2			1.1022462709973193
4138.1			1.112480255620326
4139.0			1.0
4139.9			1.0133801093888133
4140.8			1.0038237352517774
4141.7			0.9581037010836476
4142.6			0.880430093579654
4143.5			0.8376369765139284
4144.4			0.8791480740086661
4145.3			0.9537625847812964
4146.2			0.9917150444284556
4147.1			0.9970859377629988
4148.0			1.0
4148.9			0.9811659897466026
4149.8			0.9621482385407639
4150.7			0.9688661128865332
4151.6			0.9820559891040833
4152.5			0.9751856065370409
4153.4			0.9474938847037053
4154.3			0.9163700415841998
4155.2			0.908720292655244
4156.1			0.914109963642945
4157.0			0.9262139913891718
4157.9			0.9548004306280461
4158.8			0.981811908011301
4159.7			0.9920465570667786
4160.6			0.9898755823575001
4161.5			1.0000795152159945
4162.4			1.0
4163.3			1.0283482181045085
4164.2			1.030043630373933
4165.1			1.023451429920991
4166.0			1.0033465093675722
4166.9			0.9655615624889133
4167.8			0.9531684547095248
4168.7			0.9892098466679837
4169.6			1.0205524057710118
4170.5			0.9941763409408112
4171.4			0.9192602063870072
4172.3			0.8546587492371727
4173.2			0.8522932895993125
4174.1			0.9038470507164508
4175.0			0.9609866583799218
4175.9			0.9890393341225104
4176.8			0.9827289025991794
4177.7			0.9709509656420617
4178.6			0.9919383674422477
4179.5			1.044009212394896
4180.4			1.0744636713935072
4181.3			1.0506834445317454
4182.2			1.0116662352014594
4183.1			1.0046814298006566
4184.0			1.0
4184.9			1.0326529810807503
4185.8			1.0
4186.7			0.9470031922289985
4187.6			0.9005642933636958
4188.5			0.9278657334293191
4189.4			0.9900881171852283
4190.3			1.012208980961745
4191.2			0.9984928154758369
4192.1			1.0181526761589395
4193.0			1.0700898798773506
4193.9			1.0770654943503999
4194.8			1.0193731209959676
4195.7			0.9664674919919188
4196.6			0.9480734815751576
4197.5			0.9169538855829185
4198.4			0.8748729562115531
4199.3			0.8828000957497794
4200.2			0.9187859628100551
4201.1			0.9188624198201298
4202.0			0.9040198951487496
4202.9			0.9227807289237299
4203.8			0.9539238645089416
4204.7			0.9725483697051795
4205.6			0.988020338517177
4206.5			1.0085550568459234
4207.4			1.0268658289372155
4208.3			1.0283814215588603
4209.2			1.0096316168684456
4210.1			0.9998969751098481
4211.0			1.0
4211.9			1.0335872106215847
4212.8			1.047860759499578
4213.7			1.0295458586487627
4214.6			0.9716725183518343
4215.5			0.9079705157494945
4216.4			0.8998099704560738
4217.3			0.9397027184049535
4218.2			0.9656198163689761
4219.1			0.967822515298008
4220.0			0.9791662854780587
4220.9			1.0
4221.8			0.9961012232357471
4222.7			0.9636126898166248
4223.6			0.919374857196686
4224.5			0.8571446924656043
4225.4			0.7604487388571335
4226.3			0.6657929911563213
4227.2			1.0
4228.1			1.1774089432609087
4229.0			1.3280117574844417
4229.9			1.3604304825339675
4230.8			1.3489452470960004
4231.7			1.3077268759216052
4232.6			1.2208422273691177
4233.5			1.1581933800216933
4234.4			1.138416457239998
4235.3			1.0901154650351739
4236.2			1.0331455757082957
4237.1			1.0285272311676652
4238.0			1.0324756808020343
4238.9			1.0060359095704579
4239.8			0.9944707523702945
4240.7			1.0241793940277253
4241.6			1.0399030215498375
4242.5			1.0114196506956654
4243.4			1.0
4244.3			1.0282060190820592
4245.2			1.0352109466599595
4246.1			1.00143958642105
4247.0			0.9620819376700288
4247.9			0.9501052281007192
4248.8			0.9508473978363514
4249.7			0.9397070996843959
4250.6			0.9506373937139955
4251.5			1.0185652265046814
4252.4			1.0792131091443822
4253.3			1.0655889305312125
4254.2			1.0145165227790682
4255.1			1.0017837575257098
4256.0			1.0
4256.9			1.0325661569312299
4257.8			1.006784468488087
4258.7			0.9338421819562919
4259.6			0.8558569828175353
4260.5			0.8151982081591002
4261.4			0.8565719938614572
4262.3			0.9471915634586997
4263.2			1.000649682204337
4264.1			1.0
4265.0			1.004787468477716
4265.9			1.0107273228442681
4266.8			0.9956513981335995
4267.7			0.965496159199865
4268.6			0.9478786024131479
4269.5			0.9292969376056469
4270.4			0.8710672445477191
4271.3			0.8048483452951648
4272.2			0.808358981849237
4273.1			0.865289006759709
4274.0			0.8924481816883767
4274.9			0.9031135838346478
4275.8			0.9542278004657776
4276.7			1.0
4277.6			1.0294327488666588
4278.5			1.0191831235739413
4279.4			0.9847653550927921
4280.3			0.9616010229235672
4281.2			0.9725168291514471
4282.1			0.9908146724835639
4283.0			1.0026938916742334
4283.9			1.0107858200051425
4284.8			0.9935511209523447
4285.7			0.9615222470810201
4286.6			0.9540030657358817
4287.5			0.9558911775358389
4288.4			0.925186248285577
4289.3			0.8710075032211835
4290.2			0.8567755066029644
4291.1			0.9123603495154614
4292.0			0.997096300550907
4292.9			1.0485564971638048
4293.8			1.0457256390490008
4294.7			1.0217844535335496
4295.6			1.0097358811292978
4296.5			0.9928139117803734
4297.4			0.9517314920036875
4298.3			0.8793120155762184
4299.2			0.7960866414012879
4300.1			0.7659712232910711
4301.0			0.8018852172385151
4301.9			0.835324080287446
4302.8			0.8505814591313936
4303.7			0.8812719150662093
4304.6			0.9128269970820988
4305.5			0.9219526120115491
4306.4			0.9025362834776743
4307.3			0.8470082008428654
4308.2			0.8019860890226674
4309.1			0.8195193659789489
4310.0			0.8839663936235884
4310.9			0.9518791387869103
4311.8			1.0072130853410828
4312.7			1.055503917771768
4313.6			1.0932789487492343
4314.5			1.1389816077918276
4315.4			1.2363120630158537
4316.3			1.346712513247152
4317.2			1.398697296034564
4318.1			1.3945446735500069
4319.0			1.3798438581419115
4319.9			1.0
4320.8			0.9837827045953256
4321.7			0.9742242010568637
4322.6			0.9413992021354102
4323.5			0.8655971090756628
4324.4			0.7815666729722566
4325.3			0.7355292268184024
4326.2			0.7712205747183154
4327.1			0.8745371766369975
4328.0			0.9700023530406376
4328.9			1.0104016852383104
4329.8			1.0
4330.7			0.9778167228943935
4331.6			0.9771980069678491
4332.5			0.989032388623303
4333.4			0.9924573637320809
4334.3			0.9916224492800291
4335.2			0.9794581838897274
4336.1			0.9252517715575861
4337.0			0.8352493812746598
4337.9			0.7509876166783174
4338.8			0.670608588565277
4339.7			0.583633796109338
4340.6			0.5583291107829151
4341.5			0.6443596107466975
4342.4			0.7632170136551932
4343.3			0.8261570552713561
4344.2			0.8625268567231877
4345.1			0.92057067531813
4346.0			0.9757914863172564
4346.9			1.0030836697871406
4347.8			1.0232589650742467
4348.7			1.0
4349.6			1.0087347988493551
4350.5			0.9482884704368493
4351.4			0.858739406344867
4352.3			0.8423027069514138
4353.2			0.9148270377656414
4354.1			0.9790918391560138
4355.0			0.9977130504259325
4355.9			1.0
4356.8			1.0
4357.7			1.0
4358.6			1.0
4359.5			1.0
4360.4			1.0
4361.3			1.0
4362.2			1.0
4363.1			1.0
4364.0			1.0
4364.9			1.0
4365.8			1.0
4366.7			1.0
4367.6			1.0
4368.5			1.0
4369.4			1.0
4370.3			1.0
4371.2			1.0038093796346026
4372.1			1.0058521322742733
4373.0			1.0
4373.9			0.9410074406879751
4374.8			0.9040795386792496
4375.7			0.9293305397339227
4376.6			0.9922707087539822
4377.5			1.0428071733589017
4378.4			1.0580896010658065
4379.3			1.0479140169840024
4380.2			1.041202563497847
4381.1			1.0320708145825759
4382.0			0.9622756433406767
4382.9			0.823253655119548
4383.8			0.7258809160841018
4384.7			0.7624116023542953
4385.6			0.881367468354511
4386.5			0.9701077250420533
4387.4			0.9873762851363591
4388.3			0.9744173000167485
4389.2			0.9670686413856328
4390.1			0.9627657276649477
4391.0			0.9705444098093182
4391.9			0.9969999409682941
4392.8			1.015852998114118
4393.7			1.0001938601233595
4394.6			1.0
4395.5			1.0
4396.4			1.0
4397.3			1.0
4398.2			0.9982838739230633
4399.1			0.9566857874078852
4400.0			0.9025930488575602
4400.9			0.8853894614989651
4401.8			0.9248295026412567
4402.7			0.9549116783261808
4403.6			0.9092159252671583
4404.5			0.8470727561152522
4405.4			0.8634149193446401
4406.3			0.9242575154718053
4407.2			0.9350264699599287
4408.1			0.9101936930244302
4409.0			0.9207370028979006
4409.9			1.0
4410.8			1.0282781000730667
4411.7			1.041958774885725
4412.6			1.0435371257816604
4413.5			1.0038062358655626
4414.4			0.9228808814524719
4415.3			0.8696541409008711
4416.2			0.8806124190912453
4417.1			0.910324999625678
4418.0			0.9339253057250361
4418.9			0.9694960423876525
4419.8			0.9971221793633631
4420.7			1.0
4421.6			1.0
4422.5			1.0
4423.4			1.0
4424.3			1.0
4425.2			1.0
4426.1			1.0
4427.0			1.0
4427.9			1.0261464308587036
4428.8			1.0387430263400075
4429.7			1.0154275958305263
4430.6			0.9889419965867714
4431.5			0.9956058423538183
4432.4			1.0101400355109176
4433.3			0.9957044265307158
4434.2			0.9583399860079984
4435.1			0.9391716842550863
4436.0			1.0
4436.9			1.0635345348555192
4437.8			1.1136169371602622
4438.7			1.131240468095443
4439.6			1.1155484859756628
4440.5			1.073981273319065
4441.4			1.0183192745218717
4442.3			0.9696274800915661
4443.2			0.9558814393687299
4444.1			0.9933886674911477
4445.0			1.05456470747879
4445.9			1.0801197623237777
4446.8			1.0581058261139502
4447.7			1.0435030945853707
4448.6			1.0508591820013369
4449.5			1.042917699308574
4450.4			1.021392081155094
4451.3			1.0215838465000615
4452.2			1.0298193210021716
4453.1			1.0058225228073567
4454.0			0.9401380295646745
4454.9			0.8776876329216737
4455.8			0.8688871507821322
4456.7			0.8997208634463455
4457.6			0.9156607787412894
4458.5			0.9089305990559674
4459.4			0.9099537336535122
4460.3			0.9129546903963426
4461.2			0.8958638455320086
4462.1			0.8968321710111885
4463.0			0.9339490182641519
4463.9			0.9596445465984815
4464.8			0.9598623877815056
4465.7			0.9595940684059568
4466.6			0.959605978683797
4467.5			0.9521487206949896
4468.4			0.927530633944902
4469.3			0.9024135417269724
4470.2			0.9085891344972575
4471.1			0.9413776831416505
4472.0			0.9706499776955808
4472.9			0.9890405569056231
4473.8			1.0021261327011102
4474.7			0.9992321282912153
4475.6			1.0
4476.5			0.9997242758865467
4477.4			1.0210056441927013
4478.3			1.0148940184369142
4479.2			0.9638245612862774
4480.1			0.895633643299649
4481.0			0.8444288010214954
4481.9			0.8448803299877188
4482.8			0.8963765026951886
4483.7			0.9545301756205852
4484.6			1.0
4485.5			1.0191465129959343
4486.4			1.0232578562630963
4487.3			1.0067038214512187
4488.2			0.9684565846183976
4489.1			0.934599166606877
4490.0			0.9355553195018275
4490.9			0.9713547937511691
4491.8			1.017108679772062
4492.7			1.038779175820418
4493.6			1.0227341099204064
4494.5			1.0017719320283438
4495.4			1.0
4496.3			1.0
4497.2			1.0
4498.1			1.0
4499.0			1.0
4499.9			1.0
4500.8			1.0
4501.7			1.0
4502.6			1.0
4503.5			1.0
4504.4			1.0
4505.3			1.0
4506.2			1.0
4507.1			1.0
4508.0			1.0
4508.9			1.0
4509.8			1.0
4510.7			1.0
4511.6			1.0
4512.5			1.0
4513.4			1.0
4514.3			0.985923173707426
4515.2			0.9849413130757454
4516.1			0.9961669823100082
4517.0			0.9933941972773979
4517.9			0.9821793077953526
4518.8			0.9889826093133174
4519.7			1.0067576482687823
4520.6			1.0141907213173065
4521.5			1.002818627777569
4522.4			0.9783556258158573
4523.3			0.969364492419939
4524.2			0.973085006110397
4525.1			0.9540783584550853
4526.0			0.9224864350050102
4526.9			0.9031553287720188
4527.8			0.8884647310574981
4528.7			0.8750453967731443
4529.6			0.8811593263965941
4530.5			0.9042759933483127
4531.4			0.9292416951314686
4532.3			0.9372461044246241
4533.2			0.9138476961878641
4534.1			0.8830289620505147
4535.0			0.880881094889466
4535.9			1.0
4536.8			1.0657754939541353
4537.7			1.1129396677200754
4538.6			1.1084846107901623
4539.5			1.0730589444535246
4540.4			1.0420365882765181
4541.3			1.0337076299310775
4542.2			1.0476245814432492
4543.1			1.0561477931586472
4544.0			1.0385689058382375
4544.9			1.0105759419631053
4545.8			0.9991882123392386
4546.7			0.9978153905541958
4547.6			0.9831390981638974
4548.5			0.944574293250691
4549.4			0.9106876909430791
4550.3			0.9231882386432797
4551.2			0.9650566642053705
4552.1			0.9831008978102431
4553.0			0.9697235372445585
4553.9			0.943935203061775
4554.8			0.9227996951060794
4555.7			0.9238149576834325
4556.6			0.9518754345013262
4557.5			0.981228628615505
4558.4			0.9912823338606523
4559.3			0.9918037482924797
4560.2			1.0
4561.1			1.0110666970404212
4562.0			1.0112070311769004
4562.9			0.9881970784087935
4563.8			0.9470712753431895
4564.7			0.9177286550413933
4565.6			0.9215951172886053
4566.5			0.9516874703991952
4567.4			0.9849690603777321
4568.3			1.0000020860842453
4569.2			1.0
4570.1			1.0
4571.0			0.9667457313648955
4571.9			0.9515991122679979
4572.8			0.9791132809234444
4573.7			1.0124491902746795
4574.6			1.02017344758271
4575.5			1.0157459198808467
4576.4			1.0181833953450212
4577.3			1.022830150509075
4578.2			1.0122718835834466
4579.1			0.9826524170949621
4580.0			0.9498999892001347
4580.9			0.9318454151530257
4581.8			0.9346166684234238
4582.7			0.9420950864346733
4583.6			0.9423393474398248
4584.5			0.9412434953554698
4585.4			0.9475293593878189
4586.3			0.9638462123565439
4587.2			0.9874919394473233
4588.1			1.0095786726508658
4589.0			1.0233255380713158
4589.9			1.021469770847784
4590.8			1.0011932650361324
4591.7			1.0
4592.6			1.0
4593.5			1.0
4594.4			1.0
4595.3			1.0
4596.2			1.0
4597.1			1.0
4598.0			1.0
4598.9			1.0
4599.8			1.0
4600.7			1.0
4601.6			1.0
4602.5			1.0
4603.4			1.0
4604.3			1.0
4605.2			1.0
4606.1			1.0
4607.0			1.0
4607.9			1.0
4608.8			1.0
4609.7			1.0
4610.6			1.0
4611.5			1.0
4612.4			1.0
4613.3			1.0
4614.2			1.0
4615.1			1.0
4616.0			1.0
4616.9			1.0
4617.8			1.0
4618.7			1.0
4619.6			1.0
4620.5			1.0
4621.4			1.0
4622.3			1.0
4623.2			1.0
4624.1			1.0
4625.0			1.0
4625.9			1.0
4626.8			1.0
4627.7			1.0
4628.6			1.0
4629.5			1.0
4630.4			1.0
4631.3			1.0
4632.2			1.0
4633.1			0.9809156174222873
4634.0			0.9752759626696245
4634.9			0.9826110046608162
4635.8			0.9854540163627297
4636.7			0.9727383591395367
4637.6			0.9573859804014719
4638.5			0.9570250893244472
4639.4			0.9645026017795723
4640.3			0.9740141387286674
4641.2			0.9887506362073147
4642.1			0.999129798791827
4643.0			0.9916173415288873
4643.9			0.9772218350660363
4644.8			0.9625706050182903
4645.7			0.9383146598938755
4646.6			0.9109818871769141
4647.5			0.9009614382916002
4648.4			0.9147628264408231
4649.3			0.9470109313563139
4650.2			0.9773339340196362
4651.1			0.9865206493125969
4652.0			0.9873265778537179
4652.9			0.9903614982165241
4653.8			0.9766618092010283
4654.7			0.9535159612858025
4655.6			1.0
4656.5			1.0061284795556322
4657.4			1.0290333701631427
4658.3			1.0678573569788568
4659.2			1.0950218897570703
4660.1			1.092069262829777
4661.0			1.0709354493449796
4661.9			1.0484312938361395
4662.8			1.0287944092140133
4663.7			1.0177816177750945
4664.6			1.0110995402997058
4665.5			0.9826237119728405
4666.4			0.922601581682589
4667.3			0.8730568551380637
4668.2			0.8829422069495637
4669.1			0.9388141998676294
4670.0			0.9888897731185505
4670.9			1.0126431647503393
4671.8			1.0107225245111393
4672.7			0.9963133472524942
4673.6			0.9945888673196885
4674.5			1.0142173574750746
4675.4			1.0395021583958879
4676.3			1.052127140447598
4677.2			1.0368267686784778
4678.1			0.9993346235210221
4679.0			1.0
4679.9			1.0
4680.8			1.0
4681.7			1.0
4682.6			1.0
4683.5			1.0
4684.4			1.0
4685.3			1.0
4686.2			1.0
4687.1			1.0
4688.0			1.0
4688.9			1.0
4689.8			0.9946519589144367
4690.7			0.9836833648464719
4691.6			0.9757767447048591
4692.5			0.987319595821272
4693.4			1.0049456318336814
4694.3			1.0150365383587738
4695.2			1.0219105359652243
4696.1			1.0240615838134906
4697.0			1.011507844911239
4697.9			0.9806343707789814
4698.8			0.9482109028680727
4699.7			0.9415830384510827
4700.6			0.9470156358786311
4701.5			0.931282261273206
4702.4			0.8981492821540616
4703.3			0.8912120368568976
4704.2			0.9259839696577256
4705.1			0.9654685748751963
4706.0			0.9717635135436303
4706.9			0.9472873875760855
4707.8			0.9206679030941507
4708.7			0.9154889599690066
4709.6			0.9320409451056618
4710.5			0.9615558163446953
4711.4			0.9868865838733265
4712.3			0.9913387094465534
4713.2			0.9699632079393403
4714.1			0.9436947151435533
4715.0			0.9453515162855614
4715.9			0.9752248468795528
4716.8			0.9991575675534773
4717.7			1.0
4718.6			1.0
4719.5			1.0
4720.4			1.0
4721.3			1.0
4722.2			1.0
4723.1			1.0
4724.0			1.0
4724.9			1.0
4725.8			1.0
4726.7			1.0
4727.6			1.0
4728.5			1.0
4729.4			1.0
4730.3			1.0
4731.2			1.0
4732.1			1.0
4733.0			1.0
4733.9			1.0
4734.8			1.0
4735.7			1.0
4736.6			1.0
4737.5			1.0
4738.4			1.0
4739.3			1.0
4740.2			1.0
4741.1			1.0
4742.0			1.0
4742.9			1.0
4743.8			1.0
4744.7			1.0
4745.6			1.0
4746.5			1.0
4747.4			1.0
4748.3			1.0
4749.2			1.0
4750.1			1.0
4751.0			1.0
4751.9			1.0
4752.8			1.0
4753.7			1.0
4754.6			1.0
4755.5			1.0
4756.4			1.0016558728729932
4757.3			1.0150180485788407
4758.2			1.0362412886803904
4759.1			1.0498176781278628
4760.0			1.0456744157513742
4760.9			1.017765730611506
4761.8			0.9768723032088932
4762.7			0.9525244381287465
4763.6			0.9499943286434467
4764.5			0.9432851464221295
4765.4			0.929879062532698
4766.3			0.9313386684786613
4767.2			0.95282644489883
4768.1			0.9772384241899483
4769.0			0.994891120305248
4769.9			0.9995921224513161
4770.8			0.9814098284385856
4771.7			0.9572717318767001
4772.6			0.958575437168405
4773.5			0.9813151745759809
4774.4			0.9989235170854454
4775.3			1.0
4776.2			1.0
4777.1			1.0
4778.0			1.0
4778.9			1.0
4779.8			1.0
4780.7			1.0
4781.6			1.0
4782.5			1.0
4783.4			1.0
4784.3			1.0
4785.2			1.0
4786.1			1.0
4787.0			1.0
4787.9			1.0
4788.8			1.0
4789.7			1.0
4790.6			1.0
4791.5			1.0
4792.4			1.0
4793.3			1.0
4794.2			1.0
4795.1			1.0
4796.0			1.0
4796.9			1.0
4797.8			1.0
4798.7			1.0
4799.6			1.0
4800.5			1.0
4801.4			1.0
4802.3			1.0
4803.2			1.0
4804.1			1.0
4805.0			1.0
4805.9			1.0
4806.8			1.0
4807.7			1.0
4808.6			1.0
4809.5			1.0
4810.4			1.0
4811.3			1.0
4812.2			1.0
4813.1			1.0
4814.0			1.0
4814.9			1.0
4815.8			1.0
4816.7			1.0
4817.6			1.0
4818.5			1.0
4819.4			1.0
4820.3			1.0
4821.2			1.0
4822.1			1.0
4823.0			1.0
4823.9			1.0
4824.8			1.0
4825.7			1.0
4826.6			1.0
4827.5			1.0
4828.4			1.0
4829.3			1.0
4830.2			1.0
4831.1			1.0
4832.0			1.0
4832.9			1.0
4833.8			1.0
4834.7			1.0
4835.6			1.0
4836.5			1.0
4837.4			1.0
4838.3			1.0
4839.2			1.0
4840.1			1.0
4841.0			1.0
4841.9			1.0
4842.8			1.0
4843.7			1.0
4844.6			1.0
4845.5			1.0
4846.4			1.0
4847.3			1.0
4848.2			1.0
4849.1			0.9966831453988683
4850.0			1.0159879009634165
4850.9			1.0266832365554721
4851.8			1.0193894438632292
4852.7			1.005314204864745
4853.6			0.9786838855159117
4854.5			0.9302760268537958
4855.4			0.8870876675450731
4856.3			0.878142073040712
4857.2			0.8866148912830416
4858.1			0.8677512885341048
4859.0			0.7968842763490063
4859.9			0.6800287800699779
4860.8			0.5738888905350829
4861.7			0.5666769446960093
4862.6			0.6636854134560647
4863.5			0.7733854662654609
4864.4			0.8443150571392881
4865.3			0.888132884318375
4866.2			0.9219082394376527
4867.1			0.9490796299967579
4868.0			0.96972935819708
4868.9			0.9806651710189063
4869.8			0.9645695885485515
4870.7			0.9175564249816446
4871.6			0.8867897017551694
4872.5			0.9144861157484696
4873.4			0.9677592922569344
4874.3			0.9999971920550821
4875.2			1.0
4876.1			1.0
4877.0			1.0
4877.9			1.0
4878.8			1.0
4879.7			1.0
4880.6			1.0
4881.5			1.0
4882.4			1.0
4883.3			0.9990589336330181
4884.2			0.9848193735813014
4885.1			0.959049807965498
4886.0			0.9430561436591897
4886.9			0.9432031024796513
4887.8			0.9481932423799658
4888.7			0.9503264028287124
4889.6			0.9333078391835293
4890.5			0.8951292051359646
4891.4			0.8859393899572138
4892.3			0.938777879690852
4893.2			1.0056513525556967
4894.1			1.0431433640394518
4895.0			1.0522730497616648
4895.9			1.0455438143480549
4896.8			1.038111430821368
4897.7			1.0351040205320126
4898.6			1.0221252081216992
4899.5			1.0005566615381294
4900.4			1.0
4901.3			1.0
4902.2			1.0
4903.1			1.0
4904.0			1.0
4904.9			1.0
4905.8			1.0218565916441578
4906.7			1.024199850959273
4907.6			1.0076794110176142
4908.5			0.9788284398576131
4909.4			0.9387249057295336
4910.3			1.0
4911.2			1.0026824205063862
4912.1			1.0360318345141273
4913.0			1.0638761665285428
4913.9			1.0751305456093774
4914.8			1.0845263392047442
4915.7			1.086493443202774
4916.6			1.05495253483453
4917.5			0.9924894775976317
4918.4			0.9275065388224009
4919.3			0.8853046612592483
4920.2			0.8763252096597394
4921.1			0.9047873518979273
4922.0			0.9447067951171959
4922.9			0.9486942134328418
4923.8			0.9236746416645928
4924.7			0.9258301911041694
4925.6			0.9633083754254231
4926.5			0.9910659346033873
4927.4			0.992630950190423
4928.3			0.9920580440626064
4929.2			0.9964018935029255
4930.1			1.0
4931.0			0.9956021605691284
4931.9			0.9818390220472746
4932.8			0.9460033843402771
4933.7			0.9133226760037141
4934.6			0.924160569889809
4935.5			0.9559027584433956
4936.4			0.9585436171179256
4937.3			0.9287008496422491
4938.2			0.8935678726232434
4939.1			0.8902372705859093
4940.0			0.9328542208547893
4940.9			0.9873720653937014
4941.8			1.0128441562867614
4942.7			1.018247313557733
4943.6			1.0237062624531947
4944.5			1.0173923709990547
4945.4			0.9940486766179195
4946.3			0.98381402254724
4947.2			1.0002674073380629
4948.1			1.0
4949.0			1.0
4949.9			1.0
4950.8			1.0
4951.7			1.0
4952.6			1.0
4953.5			1.0
4954.4			1.0021312800470008
4955.3			0.9902266415204534
4956.2			0.9347714357540243
4957.1			0.857728599765047
4958.0			0.8519106451300668
4958.9			0.9288901104319396
4959.8			0.9952690994677714
4960.7			1.009129673081683
4961.6			0.997291344414188
4962.5			1.0
4963.4			1.0
4964.3			1.0
4965.2			1.0
4966.1			1.0
4967.0			1.0
4967.9			1.0
4968.8			1.0
4969.7			1.0
4970.6			1.0
4971.5			1.0
4972.4			1.0
4973.3			1.0
4974.2			1.0
4975.1			1.0
4976.0			1.0002849260691253
4976.9			0.9920952559976048
4977.8			0.9779012174864815
4978.7			0.9625974817492786
4979.6			0.9564114427025808
4980.5			0.9524433209389767
4981.4			0.9261941197140583
4982.3			0.8812012940343102
4983.2			0.853689096630594
4984.1			0.8636231857654916
4985.0			0.8984205309238434
4985.9			0.9529474300049955
4986.8			1.0188119021053519
4987.7			1.0536678509381876
4988.6			1.0409908645964772
4989.5			1.0172645524204051
4990.4			1.0007548472288157
4991.3			1.0
4992.2			1.0
4993.1			1.0
4994.0			1.0
4994.9			1.0
4995.8			1.0
4996.7			1.0055472213782293
4997.6			1.0026627355753954
4998.5			0.9892403449936994
4999.4			0.9708719435025603
5000.3			0.9543359888609437
5001.2			0.9442236713498641
5002.1			0.9514660315483632
5003.0			0.9755175936093334
5003.9			0.9862613969632834
5004.8			1.0
5005.7			0.9478696662850967
5006.6			0.9390437577194544
5007.5			0.9878581786413464
5008.4			1.0433924005084112
5009.3			1.063709901513327
5010.2			1.0489707236388808
5011.1			1.0111403615265158
5012.0			0.9678527799469215
5012.9			0.9398595486780413
5013.8			0.9333471333576472
5014.7			0.9468890129883237
5015.6			0.9709000803711788
5016.5			0.9698426859544951
5017.4			0.9343557821963034
5018.3			0.9131357084142979
5019.2			0.9399546323159224
5020.1			0.9772437280169743
5021.0			0.9846130230328739
5021.9			0.9710938719134338
5022.8			0.9706712470636815
5023.7			0.9920587221150514
5024.6			1.0102221022756204
5025.5			1.0067102693670247
5026.4			0.9815392741492209
5027.3			0.9522735313492829
5028.2			0.9560299690012699
5029.1			0.9858452097440941
5030.0			0.9998835894729303
5030.9			0.998282643113934
5031.8			1.0
5032.7			1.0236802920527994
5033.6			1.0318043288463186
5034.5			1.0039412392601843
5035.4			0.9590411349890081
5036.3			0.9469368798779152
5037.2			0.9719194600165663
5038.1			0.9806156949503602
5039.0			0.9532531567434593
5039.9			0.9079244327365863
5040.8			0.8672267125119343
5041.7			0.8763347298227905
5042.6			0.9499239748680124
5043.5			1.024508198878744
5044.4			1.0598925870052633
5045.3			1.077248580763562
5046.2			1.084176919339671
5047.1			1.0630951039566348
5048.0			1.024154384408147
5048.9			1.0006687149000137
5049.8			1.0
5050.7			1.0
5051.6			1.0
5052.5			1.0
5053.4			1.0
5054.3			1.0
5055.2			1.0
5056.1			1.0
5057.0			1.0
5057.9			1.0
5058.8			1.0
5059.7			1.0
5060.6			1.0
5061.5			1.0
5062.4			1.0
5063.3			1.0
5064.2			1.0
5065.1			1.0
5066.0			1.0
5066.9			1.0
5067.8			1.0
5068.7			1.0
5069.6			1.0
5070.5			1.0
5071.4			1.0
5072.3			1.0
5073.2			1.0
5074.1			1.0066422983507908
5075.0			1.0023118172771925
5075.9			1.0074859637481455
5076.8			1.0235900337120047
5077.7			1.0148153656185708
5078.6			0.9607798299376463
5079.5			0.9007735982773056
5080.4			0.8905890165926221
5081.3			0.925162662908054
5082.2			0.9540490616319697
5083.1			0.9554050093975255
5084.0			0.9606688168070315
5084.9			0.9856143460352507
5085.8			1.0051212131959777
5086.7			1.0017297900701514
5087.6			1.0
5088.5			1.0
5089.4			1.0
5090.3			1.0
5091.2			1.0
5092.1			1.0
5093.0			1.0
5093.9			1.0
5094.8			0.9973065926788082
5095.7			0.9839508203717107
5096.6			0.9513011793909867
5097.5			0.9087285731254519
5098.4			0.8781967470331379
5099.3			0.8784107696896337
5100.2			0.9214332521761845
5101.1			0.9805856038994392
5102.0			1.0126193555527698
5102.9			1.0117265059804954
5103.8			1.0004990203851214
5104.7			1.0
5105.6			1.0
5106.5			1.0
5107.4			1.0
5108.3			1.0
5109.2			1.0
5110.1			1.0
5111.0			1.0
5111.9			1.0
5112.8			1.0
5113.7			1.0
5114.6			1.0
5115.5			1.0
5116.4			1.0
5117.3			1.0
5118.2			1.0
5119.1			1.0
5120.0			1.0
5120.9			1.0
5121.8			1.0
5122.7			1.0
5123.6			1.0
5124.5			1.0
5125.4			1.0
5126.3			1.0
5127.2			1.0
5128.1			1.0
5129.0			1.0
5129.9			1.0
5130.8			1.0
5131.7			1.0
5132.6			1.0
5133.5			1.0
5134.4			1.0
5135.3			1.0
5136.2			1.0
5137.1			1.0
5138.0			1.0
5138.9			1.0
5139.8			1.0
5140.7			1.0
5141.6			1.0
5142.5			1.0
5143.4			1.0
5144.3			1.0
5145.2			1.0
5146.1			1.0
5147.0			1.0
5147.9			1.0
5148.8			1.0
5149.7			1.0
5150.6			1.0
5151.5			1.0
5152.4			1.0
5153.3			1.0
5154.2			1.0
5155.1			1.0
5156.0			1.0
5156.9			1.0
5157.8			1.0
5158.7			1.0007829382919824
5159.6			1.0002053689180779
5160.5			0.9954459122435201
5161.4			0.976011075240367
5162.3			0.9563984586816872
5163.2			0.9575871624427006
5164.1			0.9581187795803459
5165.0			0.9230712003782809
5165.9			0.8504743029876731
5166.8			0.7707626630113172
5167.7			0.7353884693310089
5168.6			0.7719905508316393
5169.5			0.8469062218437698
5170.4			0.8806112701294448
5171.3			0.8238433798248677
5172.2			0.7370805904658729
5173.1			0.7404600939597801
5174.0			0.8485463907252468
5174.9			0.9569408503889018
5175.8			0.9979381405017232
5176.7			1.0002513909899622
5177.6			1.0
5178.5			1.0
5179.4			1.0038785512641069
5180.3			1.000668067771255
5181.2			0.9714817571517492
5182.1			0.8823489504667864
5183.0			0.7600561895051753
5183.9			0.7198742216428908
5184.8			0.8131971146192223
5185.7			0.9430692156427034
5186.6			1.010193498812853
5187.5			1.0149593613816763
5188.4			1.0056859266754006
5189.3			1.0
5190.2			1.0
5191.1			1.0
5192.0			1.0
5192.9			1.0
5193.8			1.0
5194.7			1.0
5195.6			1.0
5196.5			1.0
5197.4			1.0
5198.3			1.0
5199.2			1.0
5200.1			1.0
5201.0			1.0
5201.9			1.0
5202.8			1.0
5203.7			1.0
5204.6			1.0
5205.5			1.0
5206.4			1.0
5207.3			1.0
5208.2			1.0
5209.1			1.0
5210.0			1.0
5210.9			1.0
5211.8			1.0140999754357318
5212.7			1.0193935194034667
5213.6			1.0056507835368713
5214.5			0.9698530608345958
5215.4			0.9284700719117053
5216.3			0.9093800360195744
5217.2			0.9212213397879544
5218.1			0.9515984737505538
5219.0			0.982291773310949
5219.9			0.9987116506599407
5220.8			0.9983954543382568
5221.7			1.0
5222.6			1.0002623492260596
5223.5			0.9907669957853803
5224.4			0.9625958911729411
5225.3			0.9116334250062552
5226.2			0.8543346734827485
5227.1			0.8394481247109092
5228.0			0.8903412058316927
5228.9			0.9540434874528082
5229.8			0.9895432609291386
5230.7			1.0052149947448263
5231.6			0.9962918277327671
5232.5			1.0
5233.4			1.0
5234.3			1.0
5235.2			1.0
5236.1			1.0
5237.0			1.0
5237.9			1.0
5238.8			1.0
5239.7			1.0
5240.6			1.0
5241.5			1.0
5242.4			1.0
5243.3			1.0
5244.2			1.0
5245.1			1.0
5246.0			1.0
5246.9			1.0
5247.8			1.0
5248.7			1.0
5249.6			1.0
5250.5			1.0
5251.4			1.0
5252.3			1.0
5253.2			1.0
5254.1			1.0
5255.0			0.9891242965752967
5255.9			1.0039554031783307
5256.8			1.0326216813096458
5257.7			1.0507746816890262
5258.6			1.0557689746304615
5259.5			1.0483798452896587
5260.4			1.0204269971504245
5261.3			0.973276034810854
5262.2			0.9263761067262132
5263.1			0.8965032059575223
5264.0			0.8770467411718881
5264.9			0.8571785732540237
5265.8			0.8530173739017819
5266.7			0.8845225456799055
5267.6			0.9223214793323908
5268.5			0.9062348178300533
5269.4			0.8532004551286901
5270.3			0.8476444792611927
5271.2			0.9051334247189736
5272.1			0.9512539069505601
5273.0			0.9524712630133841
5273.9			0.9362184219889943
5274.8			0.918141275813389
5275.7			0.9152816632661666
5276.6			0.9535969099511276
5277.5			1.004619467003625
5278.4			1.02161629339889
5279.3			1.005033673137286
5280.2			0.9803578564729977
5281.1			0.9607691790361222
5282.0			0.9474472692243151
5282.9			0.9333500675666544
5283.8			0.9263565811070837
5284.7			0.9516002660272068
5285.6			1.000789540280032
5286.5			1.0
5287.4			1.0
5288.3			1.0
5289.2			1.0
5290.1			1.0
5291.0			1.0057969755065599
5291.9			0.9993545679344668
5292.8			0.9874316400788462
5293.7			0.9803838540881611
5294.6			0.9815312925130072
5295.5			0.9726793014411507
5296.4			0.9391112887116033
5297.3			0.9001673866316333
5298.2			0.8939034569905834
5299.1			0.9257338204699069
5300.0			0.9582455529570508
5300.9			0.9621833466123144
5301.8			0.952228920064927
5302.7			0.9570498754001102
5303.6			0.9805227934384811
5304.5			0.9999558188614641
5305.4			0.9998965135558979
5306.3			1.0
5307.2			1.0
5308.1			1.0
5309.0			1.0
5309.9			1.0
5310.8			1.0
5311.7			1.0
5312.6			1.0
5313.5			1.0
5314.4			1.0
5315.3			1.0
5316.2			1.0
5317.1			1.0
5318.0			1.0
5318.9			1.0
5319.8			1.0
5320.7			0.9953630316669113
5321.6			0.9912015323736957
5322.5			0.9763817945725707
5323.4			0.9464383933942355
5324.3			0.9256251597644616
5325.2			0.9392024430961177
5326.1			0.9556855270241517
5327.0			0.922148983378744
5327.9			0.8596505778085013
5328.8			0.8507051808844737
5329.7			0.9124897313767812
5330.6			0.9778206924326704
5331.5			0.9986256242241248
5332.4			0.9904356206067426
5333.3			0.9875600284457613
5334.2			1.0017851370164825
5335.1			1.0131201353708112
5336.0			1.0089288703737618
5336.9			1.000454018758568
5337.8			1.0
5338.7			1.0
5339.6			1.0
5340.5			1.0
5341.4			1.0
5342.3			1.0
5343.2			1.0
5344.1			1.0
5345.0			1.0
5345.9			1.0
5346.8			1.0
5347.7			1.0
5348.6			1.0
5349.5			1.0
5350.4			1.0
5351.3			1.0
5352.2			1.0
5353.1			1.0
5354.0			1.0
5354.9			1.0
5355.8			1.0
5356.7			1.0
5357.6			1.0
5358.5			1.0
5359.4			1.0
5360.3			1.0
5361.2			0.9879754430546378
5362.1			0.9724540985539883
5363.0			0.9596647693946279
5363.9			0.9490645033717191
5364.8			0.9400835980386096
5365.7			0.9444155335989938
5366.6			0.9538043396984514
5367.5			0.9565327103818172
5368.4			0.9533105840764605
5369.3			0.9355365785266748
5370.2			0.9079915179331615
5371.1			0.9026132555669699
5372.0			0.9361569292998044
5372.9			0.9834734381854567
5373.8			1.0123468266435114
5374.7			1.026059059829507
5375.6			1.0312468894088138
5376.5			1.0278930489507943
5377.4			1.0233459263057598
5378.3			1.0204696661752684
5379.2			1.0138118536899856
5380.1			1.006582019465298
5381.0			1.002462279710443
5381.9			1.0
5382.8			0.9894875492064379
5383.7			0.9964247130248501
5384.6			1.0240820987498707
5385.5			1.042113978149018
5386.4			1.0403172949593427
5387.3			1.0336587995129276
5388.2			1.025291283059128
5389.1			1.011773293211347
5390.0			0.9973701183174993
5390.9			0.9874224650927312
5391.8			0.9798074139246629
5392.7			0.97745528648121
5393.6			0.9855187592216597
5394.5			1.0018021765905536
5395.4			1.0021668634053469
5396.3			0.9756685287520999
5397.2			0.9523784207783991
5398.1			0.9586113259952582
5399.0			0.9756631307672838
5399.9			0.9793475504865419
5400.8			0.9842680421101717
5401.7			0.9981275919220826
5402.6			0.988664464197685
5403.5			0.9459572957412876
5404.4			0.9050698799115937
5405.3			0.8984070856182765
5406.2			0.925059239245926
5407.1			0.9620532671469031
5408.0			0.9784082002791412
5408.9			0.9621651445403594
5409.8			0.9348570407689512
5410.7			0.9357139242542581
5411.6			0.9674578692268645
5412.5			0.9943479078068799
5413.4			0.9908367663986557
5414.3			0.9670800110628159
5415.2			0.9585264476456958
5416.1			0.9801546329189742
5417.0			1.0026883964574205
5417.9			1.0063237323142498
5418.8			0.9992979279636534
5419.7			0.9897948434060727
5420.6			0.9808733194438086
5421.5			0.9811884813704537
5422.4			0.9771400594955018
5423.3			0.9518628749300085
5424.2			0.9301234878092527
5425.1			0.9500613687356357
5426.0			0.9931569880711366
5426.9			1.0158053038098078
5427.8			1.0003031051830498
5428.7			1.0
5429.6			1.0
5430.5			1.0
5431.4			1.0
5432.3			1.0
5433.2			1.0
5434.1			1.0
5435.0			1.0
5435.9			1.0
5436.8			1.0
5437.7			1.0
5438.6			1.0
5439.5			1.0
5440.4			1.0
5441.3			1.0
5442.2			1.0
5443.1			0.9955147360414571
5444.0			0.9729468999382752
5444.9			0.9393185916330625
5445.8			0.9072611271624585
5446.7			0.8990884156063594
5447.6			0.9287611841270237
5448.5			0.9705983436157086
5449.4			0.9937669821665802
5450.3			0.9999956595496926
5451.2			1.0
5452.1			0.9951269857553176
5453.0			0.9849279237168143
5453.9			0.9593444374264128
5454.8			0.9188245737350138
5455.7			0.9030786066288966
5456.6			0.9353286340517225
5457.5			0.9789306764876023
5458.4			0.9985449766752833
5459.3			0.9999239303292521
5460.2			1.0
5461.1			1.0
5462.0			1.0
5462.9			1.0
5463.8			1.0
5464.7			1.0
5465.6			1.0
5466.5			1.0
5467.4			1.0
5468.3			1.0
5469.2			1.0
5470.1			1.0
5471.0			1.0024552794249775
5471.9			0.9991410403156755
5472.8			0.9867037419643282
5473.7			0.9810995329170237
5474.6			0.9796851484614602
5475.5			0.9517295754934264
5476.4			0.9153042443104069
5477.3			0.9246278497857914
5478.2			0.9761915578628791
5479.1			1.0138806581746473
5480.0			1.0108820187700123
5480.9			0.9946373969064756
5481.8			0.9984615073633465
5482.7			1.0
5483.6			1.0
5484.5			1.0
5485.4			1.0
5486.3			1.0
5487.2			1.0
5488.1			1.0
5489.0			1.0
5489.9			1.0
5490.8			1.0
5491.7			1.0
5492.6			1.0
5493.5			1.0
5494.4			1.0
5495.3			1.0
5496.2			1.0
5497.1			1.0
5498.0			1.0
5498.9			1.0
5499.8			1.0
5500.7			1.0
5501.6			1.0
5502.5			1.0
5503.4			1.0
5504.3			1.0
5505.2			1.0
5506.1			1.0
5507.0			1.0
5507.9			1.0
5508.8			1.0
5509.7			1.0
5510.6			1.0
5511.5			1.0
5512.4			1.0
5513.3			1.0
5514.2			1.0
5515.1			1.0
5516.0			1.0
5516.9			1.0
5517.8			1.0
5518.7			1.0
5519.6			1.0
5520.5			1.0
5521.4			1.0
5522.3			1.0
5523.2			1.0
5524.1			1.0
5525.0			1.0
5525.9			1.0
5526.8			1.0
5527.7			1.0
5528.6			1.0
5529.5			1.0
5530.4			1.0
5531.3			1.0
5532.2			1.0
5533.1			1.0
5534.0			1.0
5534.9			1.0
5535.8			1.0
5536.7			1.0
5537.6			1.0
5538.5			1.0
5539.4			1.0
5540.3			1.0
5541.2			1.0
5542.1			1.0
5543.0			1.0
5543.9			1.0
5544.8			1.0
5545.7			1.0
5546.6			1.0
5547.5			1.0
5548.4			1.0
5549.3			1.0
5550.200000000001			1.0
5551.1			1.0
5552.0			1.0
5552.9			1.0
5553.8			1.0
5554.700000000001			1.0
5555.6			1.0
5556.5			1.0
5557.4			1.0
5558.3			1.0
5559.200000000001			1.0
5560.1			1.0
5561.0			1.0
5561.9			1.0
5562.8			1.0
5563.700000000001			1.0
5564.6			1.0
5565.5			1.0
5566.4			1.0
5567.3			1.0
5568.200000000001			1.0
5569.1			1.0
5570.0			1.0
5570.9			1.0
5571.8			1.0
5572.700000000001			1.0
5573.6			1.0
5574.5			1.0
5575.4			1.0
5576.3			1.0
5577.200000000001			1.013214947756021
5578.1			1.026016779739332
5579.0			1.0273293217244377
5579.9			1.0302458567281176
5580.8			1.0252656399241984
5581.700000000001			1.013202179580922
5582.6			1.0178179223383743
5583.5			1.0331762593936644
5584.4			1.034025919079766
5585.3			1.0105334577822151
5586.200000000001			0.9681047343121971
5587.1			0.9356454819476134
5588.0			0.934821800308934
5588.9			0.9481132980303716
5589.8			0.9695958123886009
5590.700000000001			0.9972120148237781
5591.6			1.0117063138333517
5592.5			1.0139400956597717
5593.4			1.0015620575355375
5594.3			0.9877412620292277
5595.200000000001			1.0068836710551676
5596.1			1.0431699334384896
5597.0			1.0447667043101878
5597.9			1.0144414627948044
5598.8			1.0004313661888946
5599.700000000001			1.0
5600.6			1.0
5601.5			1.0
5602.4			1.0
5603.3			1.0
5604.200000000001			1.0
5605.1			1.0
5606.0			1.0
5606.9			1.0
5607.8			1.0
5608.700000000001			1.0
5609.6			1.0
5610.5			1.0
5611.4			1.0
5612.3			1.0082402596711193
5613.200000000001			1.0003077890114827
5614.1			0.9595901792925291
5615.0			0.9038387537599817
5615.9			0.8942241382500988
5616.8			0.9449008709847405
5617.700000000001			0.989500302682896
5618.6			0.9992904135023025
5619.5			1.0025258550120155
5620.4			1.0
5621.3			1.0
5622.200000000001			1.0
5623.1			1.0
5624.0			1.0
5624.9			1.0
5625.8			1.0
5626.700000000001			1.0
5627.6			1.0
5628.5			1.0
5629.4			1.0
5630.3			1.0
5631.200000000001			1.0
5632.1			1.0
5633.0			1.0
5633.9			1.0
5634.8			1.0
5635.700000000001			1.0
5636.6			1.0
5637.5			1.0
5638.4			1.0
5639.3			1.0
5640.200000000001			1.0
5641.1			1.0
5642.0			1.0
5642.9			1.0
5643.8			1.0
5644.700000000001			1.0
5645.6			1.0
5646.5			1.0
5647.4			1.0
5648.3			0.9946879646124843
5649.200000000001			0.9773772017732099
5650.1			0.9687922628006117
5651.0			0.9784214803627371
5651.9			0.992590936588914
5652.8			0.9919464298758472
5653.700000000001			0.9710907359896269
5654.6			0.9452971328190595
5655.5			0.9455695855846872
5656.4			0.9620717311947418
5657.3			0.947186635898398
5658.200000000001			0.9074459515668629
5659.1			0.907646424356234
5660.0			0.9504204477793325
5660.9			0.9735952481358532
5661.8			0.9640433758414753
5662.700000000001			0.9580019901608016
5663.6			0.9710677685556511
5664.5			0.9902813773170193
5665.4			0.9961070784276972
5666.3			0.9890893763516496
5667.200000000001			0.9827870968344045
5668.1			0.9847751029475877
5669.0			0.9909731788490685
5669.9			1.00089261181859
5670.8			1.0
5671.700000000001			1.0
5672.6			1.0
5673.5			1.0
5674.4			1.0
5675.3			1.0
5676.200000000001			1.0
5677.1			1.0
5678.0			1.0
5678.9			1.0
5679.8			1.0
5680.700000000001			1.0
5681.6			1.0
5682.5			1.0
5683.4			1.0
5684.3			1.0
5685.200000000001			1.0
5686.1			1.0
5687.0			1.0
5687.9			1.0
5688.8			1.0
5689.700000000001			1.0
5690.6			1.0
5691.5			1.0
5692.4			1.0
5693.3			1.0
5694.200000000001			1.0
5695.1			1.0
5696.0			1.0
5696.9			1.0
5697.8			1.0
5698.700000000001			1.0
5699.6			1.0
5700.5			1.0
5701.4			1.0
5702.3			1.0
5703.200000000001			1.0
5704.1			1.0
5705.0			1.0
5705.9			1.0
5706.8			1.0
5707.700000000001			1.0
5708.6			1.0
5709.5			1.0
5710.4			1.0
5711.3			1.0
5712.200000000001			1.0
5713.1			1.0
5714.0			1.0
5714.9			1.0
5715.8			1.0
5716.700000000001			1.0
5717.6			1.0
5718.5			1.0
5719.4			1.0
5720.3			1.0
5721.200000000001			1.0
5722.1			1.0
5723.0			1.0
5723.9			1.0
5724.8			1.0
5725.700000000001			1.0
5726.6			1.0
5727.5			1.0
5728.4			1.0
5729.3			1.0
5730.200000000001			1.0
5731.1			1.0
5732.0			1.0
5732.9			1.0
5733.8			1.0
5734.700000000001			1.0
5735.6			1.0
5736.5			1.0
5737.4			1.0
5738.3			1.0
5739.200000000001			1.0
5740.1			1.0
5741.0			1.0
5741.9			1.0
5742.8			1.0
5743.700000000001			1.0
5744.6			1.0
5745.5			1.0
5746.4			1.0
5747.3			1.0
5748.200000000001			1.0
5749.1			1.0
5750.0			1.0
5750.9			1.0
5751.8			1.0
5752.700000000001			1.0
5753.6			1.0
5754.5			1.0
5755.4			1.0
5756.3			1.0
5757.200000000001			1.0
5758.1			1.0
5759.0			1.0
5759.9			1.0
5760.8			1.0
5761.700000000001			1.0
5762.6			1.0
5763.5			1.0
5764.4			1.0
5765.3			1.0
5766.200000000001			1.0
5767.1			1.0
5768.0			1.0
5768.9			1.0
5769.8			1.0
5770.700000000001			1.0
5771.6			1.0
5772.5			1.0
5773.4			1.0
5774.3			1.0
5775.200000000001			1.0
5776.1			1.0
5777.0			1.0
5777.9			1.0
5778.8			1.0
5779.700000000001			1.0
5780.6			1.0
5781.5			1.0
5782.4			1.0
5783.3			1.0
5784.200000000001			1.0
5785.1			1.0
5786.0			1.0
5786.9			1.0
5787.8			1.0
5788.700000000001			1.0
5789.6			1.0
5790.5			1.0
5791.4			1.0
5792.3			1.0
5793.200000000001			1.0
5794.1			1.0
5795.0			1.0
5795.9			1.0
5796.8			1.0
5797.700000000001			1.0
5798.6			1.0
5799.5			1.0
5800.4			1.0
5801.3			1.0
5802.200000000001			1.0
5803.1			1.0
5804.0			1.0
5804.9			1.0
5805.8			1.0
5806.700000000001			1.0
5807.6			1.0
5808.5			1.0
5809.4			1.0
5810.3			1.0
5811.200000000001			1.0
5812.1			1.0
5813.0			1.0
5813.9			1.0
5814.8			1.0
5815.700000000001			1.0
5816.6			1.0
5817.5			1.0
5818.4			1.0
5819.3			1.0
5820.200000000001			1.0
5821.1			1.0
5822.0			1.0
5822.9			1.0
5823.8			1.0
5824.700000000001			1.0
5825.6			1.0
5826.5			1.0
5827.4			1.0
5828.3			1.0
5829.200000000001			1.0
5830.1			1.0
5831.0			1.0
5831.9			1.0
5832.8			1.0
5833.700000000001			1.0
5834.6			1.0
5835.5			1.0
5836.4			1.0
5837.3			1.0
5838.200000000001			1.0
5839.1			1.0
5840.0			1.0
5840.9			1.0
5841.8			1.0
5842.700000000001			1.0
5843.6			1.0
5844.5			1.0
5845.4			1.0
5846.3			1.0
5847.200000000001			1.0
5848.1			1.0
5849.0			1.0
5849.9			1.0
5850.8			1.0
5851.700000000001			1.0
5852.6			1.0
5853.5			1.0
5854.4			1.0
5855.3			1.0
5856.200000000001			1.0
5857.1			1.0
5858.0			1.0
5858.9			1.0
5859.8			1.0
5860.700000000001			1.0
5861.6			1.0
5862.5			1.0
5863.4			1.0
5864.3			1.0
5865.200000000001			1.0
5866.1			1.0
5867.0			1.0
5867.9			1.0
5868.8			1.0
5869.700000000001			1.0
5870.6			1.0
5871.5			1.0
5872.4			1.0
5873.3			1.0
5874.200000000001			1.0
5875.1			1.0
5876.0			1.0
5876.9			1.0
5877.8			1.0
5878.700000000001			1.0
5879.6			1.0
5880.5			1.0
5881.4			1.0
5882.3			1.0
5883.200000000001			1.0
5884.1			1.0
5885.0			1.0
5885.9			1.0
5886.8			1.0035746754833714
5887.700000000001			0.9912930989375751
5888.6			0.9324840198732602
5889.5			0.8499144240607586
5890.4			0.8386935464677561
5891.3			0.9162055746721488
5892.200000000001			0.9828282785569923
5893.1			1.0039356841419746
5894.0			1.0014315718327058
5894.9			1.0
5895.8			1.0
5896.700000000001			1.0
5897.6			1.0
5898.5			1.0
5899.4			1.0
5900.3			1.0
5901.200000000001			1.0
5902.1			1.0
5903.0			1.0
5903.9			1.0
5904.8			1.0
5905.700000000001			1.0
5906.6			1.0
5907.5			1.0
5908.4			1.0
5909.3			1.0
5910.200000000001			1.0
5911.1			1.0
5912.0			1.0
5912.9			1.0
5913.8			1.0
5914.700000000001			1.0
5915.6			1.0
5916.5			1.0
5917.4			1.0
5918.3			1.0
5919.200000000001			1.0
5920.1			1.0
5921.0			1.0
5921.9			1.0
5922.8			1.0
5923.700000000001			1.0
5924.6			1.0
5925.5			1.0
5926.4			1.0
5927.3			1.0
5928.200000000001			1.0
5929.1			1.0
5930.0			1.0
5930.9			1.0
5931.8			1.0
5932.700000000001			1.0
5933.6			1.0
5934.5			1.0
5935.4			1.0
5936.3			1.0
5937.200000000001			1.0
5938.1			1.0
5939.0			1.0
5939.9			1.0
5940.8			1.0
5941.700000000001			1.0
5942.6			1.0
5943.5			1.0
5944.4			1.0
5945.3			1.0
5946.200000000001			1.0
5947.1			1.0
5948.0			1.0
5948.9			1.0
5949.8			1.0
5950.700000000001			1.0
5951.6			1.0
5952.5			1.0
5953.4			1.0
5954.3			1.0
5955.200000000001			1.0
5956.1			1.0
5957.0			1.0
5957.9			1.0
5958.8			1.0
5959.700000000001			1.0
5960.6			1.0
5961.5			1.0
5962.4			1.0
5963.3			1.0
5964.200000000001			1.0
5965.1			1.0
5966.0			1.0
5966.9			1.0
5967.8			1.0
5968.700000000001			1.0
5969.6			1.0
5970.5			1.0
5971.4			1.0
5972.3			1.0
5973.200000000001			1.0
5974.1			1.0
5975.0			1.0
5975.9			1.0
5976.8			1.0
5977.700000000001			1.0
5978.6			1.0
5979.5			1.0
5980.4			1.0
5981.3			1.0
5982.200000000001			1.0
5983.1			1.0
5984.0			1.0
5984.9			1.0
5985.8			1.0
5986.700000000001			1.0
5987.6			1.0
5988.5			1.0
5989.4			1.0
5990.3			1.0
5991.200000000001			1.0
5992.1			1.0
5993.0			1.0
5993.9			1.0
5994.8			1.0
5995.700000000001			1.0
5996.6			1.0
5997.5			1.0
5998.4			1.0
5999.3			1.0
6000.200000000001			1.0
6001.1			1.0
6002.0			1.0
6002.9			1.0
6003.8			1.0
6004.700000000001			1.0
6005.6			1.0
6006.5			1.0
6007.4			1.0
6008.3			1.0
6009.200000000001			1.0
6010.1			1.0
6011.0			1.0
6011.9			1.0
6012.8			1.0
6013.700000000001			1.0
6014.6			1.0
6015.5			1.0
6016.4			1.0
6017.3			1.0
6018.200000000001			1.0
6019.1			1.0
6020.0			1.0
6020.9			1.0
6021.8			1.0
6022.700000000001			1.0
6023.6			1.0
6024.5			1.0
6025.4			1.0
6026.3			1.0
6027.200000000001			1.0
6028.1			1.0
6029.0			1.0
6029.9			1.0
6030.8			1.0
6031.700000000001			1.0
6032.6			1.0
6033.5			1.0
6034.4			1.0
6035.3			1.0
6036.200000000001			1.0
6037.1			1.0
6038.0			1.0
6038.9			1.0
6039.8			1.0
6040.700000000001			1.0
6041.6			1.0
6042.5			1.0
6043.4			1.0
6044.3			1.0
6045.200000000001			1.0
6046.1			1.0
6047.0			1.0
6047.9			1.0
6048.8			1.0
6049.700000000001			1.0
6050.6			1.0
6051.5			1.0
6052.4			1.0
6053.3			1.0
6054.200000000001			1.0
6055.1			1.0
6056.0			1.0
6056.9			1.0
6057.8			1.0
6058.700000000001			1.0
6059.6			1.0
6060.5			1.0
6061.4			1.0
6062.3			1.0
6063.200000000001			1.0
6064.1			1.0
6065.0			1.0
6065.9			1.0
6066.8			1.0
6067.700000000001			1.0
6068.6			1.0
6069.5			1.0
6070.4			1.0
6071.3			1.0
6072.200000000001			1.0
6073.1			1.0
6074.0			1.0
6074.9			1.0
6075.8			1.0
6076.700000000001			1.0
6077.6			1.0
6078.5			1.0
6079.4			1.0
6080.3			1.0
6081.200000000001			1.0
6082.1			1.0
6083.0			1.0
6083.9			1.0
6084.8			1.0
6085.700000000001			1.0
6086.6			1.0
6087.5			1.0
6088.4			1.0
6089.3			1.0
6090.200000000001			1.0
6091.1			1.0
6092.0			1.0
6092.9			1.0
6093.8			1.0
6094.700000000001			1.0
6095.6			1.0
6096.5			1.0
6097.4			1.0
6098.3			1.0
6099.200000000001			1.0
6100.1			1.0
6101.0			1.0
6101.9			1.0
6102.8			1.0
6103.700000000001			1.0
6104.6			1.0
6105.5			1.0
6106.4			1.0
6107.3			1.0
6108.200000000001			1.0
6109.1			1.0
6110.0			1.0
6110.9			1.0
6111.8			1.0
6112.700000000001			1.0
6113.6			1.0
6114.5			1.0
6115.4			1.0
6116.3			1.0
6117.200000000001			1.0
6118.1			1.0
6119.0			1.0
6119.9			1.0
6120.8			1.0
6121.700000000001			1.0
6122.6			1.0
6123.5			1.0
6124.4			1.0
6125.3			1.0
6126.200000000001			1.0
6127.1			1.0
6128.0			1.0
6128.9			1.0
6129.8			1.0
6130.700000000001			1.0
6131.6			1.0
6132.5			1.0
6133.4			1.0
6134.3			1.0
6135.200000000001			1.0
6136.1			1.0
6137.0			1.0
6137.9			1.0
6138.8			1.0
6139.700000000001			1.0
6140.6			1.0
6141.5			1.0
6142.4			1.0
6143.3			1.0
6144.200000000001			1.0
6145.1			1.0
6146.0			1.0
6146.9			1.0
6147.8			1.0
6148.700000000001			1.0
6149.6			1.0
6150.5			1.0
6151.4			1.0
6152.3			1.0
6153.200000000001			1.0
6154.1			1.0
6155.0			1.0
6155.9			1.0055940784664887
6156.8			1.0223661162491944
6157.700000000001			1.0369922491189536
6158.6			1.046149746582895
6159.5			1.0394623564057641
6160.4			1.0076748301565248
6161.3			0.958759196072909
6162.200000000001			0.9277749295721417
6163.1			0.9433947531996527
6164.0			0.9792311668901977
6164.9			1.0037637584517256
6165.8			1.0129473442934445
6166.700000000001			1.0199101515761317
6167.6			1.0227746727264386
6168.5			0.9990822661590255
6169.4			1.0
6170.3			1.0
6171.200000000001			1.0
6172.1			1.0
6173.0			1.0
6173.9			1.0
6174.8			1.0
6175.700000000001			1.0
6176.6			1.0
6177.5			1.0
6178.4			1.0
6179.3			1.0
6180.200000000001			1.0
6181.1			1.0
6182.0			1.0
6182.9			1.0
6183.8			1.0
6184.700000000001			1.0
6185.6			1.0
6186.5			1.0
6187.4			1.0
6188.3			1.0
6189.200000000001			1.0
6190.1			1.0
6191.0			1.0
6191.9			1.0
6192.8			1.0
6193.700000000001			1.0
6194.6			1.0
6195.5			1.0
6196.4			1.0
6197.3			1.0
6198.200000000001			1.0
6199.1			1.0
6200.0			1.0
6200.9			1.0
6201.8			1.0
6202.700000000001			1.0
6203.6			1.0
6204.5			1.0
6205.4			1.0
6206.3			1.0
6207.200000000001			1.0
6208.1			1.0
6209.0			1.0
6209.9			1.0
6210.8			1.0
6211.700000000001			1.0
6212.6			1.0
6213.5			1.0
6214.4			1.0
6215.3			1.0
6216.200000000001			1.0
6217.1			1.0
6218.0			1.0
6218.9			1.0
6219.8			1.0
6220.700000000001			1.0
6221.6			1.0
6222.5			1.0
6223.4			1.0
6224.3			1.0
6225.200000000001			1.0
6226.1			1.0
6227.0			1.0
6227.9			1.0
6228.8			1.0
6229.700000000001			1.0
6230.6			1.0
6231.5			1.0
6232.4			1.0
6233.3			1.0
6234.200000000001			1.0
6235.1			1.0
6236.0			1.0
6236.9			1.0
6237.8			1.0
6238.700000000001			1.0
6239.6			1.0
6240.5			1.0
6241.4			1.0
6242.3			1.0
6243.200000000001			1.0
6244.1			1.0
6245.0			1.0
6245.9			1.0
6246.8			1.0
6247.700000000001			1.0
6248.6			1.0
6249.5			1.0
6250.4			1.0
6251.3			1.0
6252.200000000001			1.0
6253.1			1.0
6254.0			1.0
6254.9			1.0
6255.8			1.0
6256.700000000001			1.0
6257.6			1.0
6258.5			1.0
6259.4			1.0
6260.3			1.0
6261.200000000001			1.0
6262.1			1.0
6263.0			1.0
6263.9			1.0
6264.8			1.0
6265.700000000001			1.0
6266.6			1.0
6267.5			1.0
6268.4			1.0
6269.3			1.0
6270.200000000001			1.0
6271.1			1.0
6272.0			1.0
6272.9			1.0
6273.8			1.0
6274.700000000001			1.0
6275.6			1.0
6276.5			1.0
6277.4			1.0
6278.3			1.0
6279.200000000001			1.0
6280.1			1.0
6281.0			1.0
6281.9			1.0
6282.8			1.0
6283.700000000001			1.0
6284.6			1.0
6285.5			1.0
6286.4			1.0
6287.3			1.0
6288.200000000001			1.0
6289.1			1.0
6290.0			1.0
6290.9			1.0
6291.8			1.0
6292.700000000001			1.0
6293.6			1.0
6294.5			1.0
6295.4			1.0
6296.3			1.0
6297.200000000001			1.0
6298.1			1.0
6299.0			1.0
6299.9			1.0
6300.8			1.0
6301.700000000001			1.0
6302.6			1.0
6303.5			1.0
6304.4			1.0
6305.3			1.0
6306.200000000001			1.0
6307.1			1.0
6308.0			1.0
6308.9			1.0
6309.8			1.0
6310.700000000001			1.0
6311.6			1.0
6312.5			1.0
6313.4			1.0
6314.3			1.0
6315.200000000001			1.0
6316.1			1.0
6317.0			1.0
6317.9			1.0
6318.8			1.0
6319.700000000001			1.0
6320.6			1.0
6321.5			1.0
6322.4			1.0
6323.3			1.0
6324.200000000001			1.0
6325.1			1.0
6326.0			1.0
6326.9			1.0
6327.8			1.0
6328.700000000001			1.0
6329.6			1.0
6330.5			1.0
6331.4			1.0
6332.3			1.0
6333.200000000001			1.0
6334.1			1.0
6335.0			1.0
6335.9			1.0
6336.8			1.0
6337.700000000001			1.0
6338.6			1.0
6339.5			1.0
6340.4			1.0
6341.3			1.0
6342.200000000001			1.0
6343.1			1.0
6344.0			1.0
6344.9			1.0
6345.8			1.0
6346.700000000001			1.0
6347.6			1.0
6348.5			1.0
6349.4			1.0
6350.3			1.0
6351.200000000001			1.0
6352.1			1.0
6353.0			1.0
6353.9			1.0
6354.8			1.0
6355.700000000001			1.0
6356.6			1.0
6357.5			1.0
6358.4			1.0
6359.3			1.0
6360.200000000001			1.0
6361.1			1.0
6362.0			1.0
6362.9			1.0
6363.8			1.0
6364.700000000001			1.0
6365.6			1.0
6366.5			1.0
6367.4			1.0
6368.3			1.0
6369.200000000001			1.0
6370.1			1.0
6371.0			1.0
6371.9			1.0
6372.8			1.0
6373.700000000001			1.0
6374.6			1.0
6375.5			1.0
6376.4			1.0
6377.3			1.0
6378.200000000001			1.0
6379.1			1.0
6380.0			1.0
6380.9			1.0
6381.8			1.0
6382.700000000001			1.0
6383.6			1.0
6384.5			1.0
6385.4			1.0
6386.3			1.0
6387.200000000001			1.0
6388.1			1.0
6389.0			1.0
6389.9			1.0
6390.8			1.0
6391.700000000001			1.0
6392.6			1.0
6393.5			1.0
6394.4			1.0
6395.3			1.0
6396.200000000001			1.0
6397.1			1.0
6398.0			1.0
6398.9			1.0
6399.8			1.0
6400.700000000001			1.0
6401.6			1.0
6402.5			1.0
6403.4			1.0
6404.3			1.0
6405.200000000001			1.0
6406.1			1.0
6407.0			1.0
6407.9			1.0
6408.8			1.0
6409.700000000001			1.0
6410.6			1.0
6411.5			1.0
6412.4			1.0
6413.3			1.0
6414.200000000001			1.0
6415.1			1.0
6416.0			1.0
6416.9			1.0
6417.8			1.0
6418.700000000001			1.0
6419.6			1.0
6420.5			1.0
6421.4			1.0
6422.3			1.0
6423.200000000001			1.0
6424.1			1.0
6425.0			1.0
6425.9			1.0
6426.8			1.0
6427.700000000001			1.0
6428.6			1.0
6429.5			1.0
6430.4			1.0
6431.3			1.0
6432.200000000001			1.0
6433.1			1.0
6434.0			1.0
6434.9			1.0
6435.8			1.0
6436.700000000001			1.0
6437.6			1.0
6438.5			1.0
6439.4			1.0
6440.3			1.0
6441.200000000001			1.0
6442.1			1.0
6443.0			1.0
6443.9			1.0
6444.8			1.0
6445.700000000001			1.0
6446.6			1.0
6447.5			1.0
6448.4			1.0
6449.3			1.0
6450.200000000001			1.0
6451.1			1.0
6452.0			1.0
6452.9			1.0
6453.8			1.0
6454.700000000001			1.0
6455.6			1.0
6456.5			1.0
6457.4			1.0
6458.3			1.0
6459.200000000001			1.0
6460.1			1.0
6461.0			1.0
6461.9			1.0
6462.8			1.0
6463.700000000001			1.0
6464.6			1.0
6465.5			1.0
6466.4			1.0
6467.3			1.0
6468.200000000001			1.0
6469.1			1.0
6470.0			1.0
6470.9			1.0
6471.8			1.0
6472.700000000001			1.0
6473.6			1.0
6474.5			1.0
6475.4			1.0
6476.3			1.0
6477.200000000001			1.0
6478.1			1.0
6479.0			1.0
6479.9			1.0
6480.8			1.0
6481.700000000001			1.0
6482.6			1.0
6483.5			1.0
6484.4			1.0
6485.3			1.0
6486.200000000001			1.0
6487.1			1.0
6488.0			1.0
6488.9			1.0
6489.8			1.0
6490.700000000001			1.0
6491.6			1.0
6492.5			1.0
6493.4			1.0
6494.3			1.0
6495.200000000001			1.0
6496.1			1.0
6497.0			1.0
6497.9			1.0
6498.8			1.0
6499.700000000001			1.0
6500.6			1.0
6501.5			1.0
6502.4			1.0
6503.3			1.0
6504.200000000001			1.0
6505.1			1.0
6506.0			1.0
6506.9			1.0
6507.8			1.0
6508.700000000001			1.0
6509.6			1.0
6510.5			1.0
6511.4			1.0
6512.3			1.0
6513.200000000001			1.0
6514.1			1.0
6515.0			1.0
6515.9			1.0
6516.8			1.0
6517.700000000001			1.0
6518.6			1.0
6519.5			1.0
6520.4			1.0
6521.3			1.0
6522.200000000001			1.0
6523.1			1.0
6524.0			1.0
6524.9			1.0
6525.8			1.0
6526.700000000001			1.0
6527.6			1.0
6528.5			1.0
6529.4			1.0
6530.3			1.0
6531.200000000001			1.0
6532.1			1.0
6533.0			1.0
6533.9			1.0
6534.8			1.0
6535.700000000001			1.0
6536.6			1.0
6537.5			1.0
6538.4			1.0
6539.3			1.0
6540.200000000001			1.0
6541.1			1.0
6542.0			1.0
6542.9			1.0
6543.8			1.0
6544.700000000001			1.0
6545.6			1.0
6546.5			1.0
6547.4			1.0
6548.3			1.0
6549.200000000001			1.0
6550.1			1.0
6551.0			1.0
6551.9			1.0
6552.8			1.0
6553.700000000001			1.0
6554.6			1.0
6555.5			0.9808993879134883
6556.4			0.9726293577965837
6557.3			0.9713122832438313
6558.200000000001			0.9538063643077893
6559.1			0.9189259063557308
6560.0			0.8724714656842062
6560.9			0.7880554279563573
6561.8			0.648966268570809
6562.700000000001			0.542098603625325
6563.6			0.586293046656376
6564.5			0.7376993250188868
6565.4			0.8618733655335424
6566.3			0.926463085820517
6567.200000000001			0.9613084762236523
6568.1			0.976213321286606
6569.0			0.9823354768675139
6569.9			0.9987711751110715
6570.8			1.0
6571.700000000001			1.0
6572.6			1.0
6573.5			1.0
6574.4			1.0
6575.3			1.0
6576.200000000001			1.0
6577.1			1.0
6578.0			1.0
6578.9			1.0
6579.8			1.0
6580.700000000001			1.0
6581.6			1.0
6582.5			1.0
6583.4			1.0
6584.3			1.0
6585.200000000001			1.0
6586.1			1.0
6587.0			1.0
6587.9			1.0
6588.8			1.0
6589.700000000001			1.0
6590.6			1.0
6591.5			1.0
6592.4			1.0
6593.3			1.0
6594.200000000001			1.0
6595.1			1.0
6596.0			1.0
6596.9			1.0
6597.8			1.0
6598.700000000001			1.0
6599.6			1.0
6600.5			1.0
6601.4			1.0
6602.3			1.0
6603.200000000001			1.0
6604.1			1.0
6605.0			1.0
6605.9			1.0
6606.8			1.0
6607.700000000001			1.0
6608.6			1.0
6609.5			1.0
6610.4			1.0
6611.3			1.0
6612.200000000001			1.0
6613.1			1.0
6614.0			1.0
6614.9			1.0
6615.8			1.0
6616.700000000001			1.0
6617.6			1.0
6618.5			1.0
6619.4			1.0
6620.3			1.0
6621.200000000001			1.0
6622.1			1.0
6623.0			1.0
6623.9			1.0
6624.8			1.0
6625.700000000001			1.0
6626.6			1.0
6627.5			1.0
6628.4			1.0
6629.3			1.0
6630.200000000001			1.0
6631.1			1.0
6632.0			1.0
6632.9			1.0
6633.8			1.0
6634.700000000001			1.0
6635.6			1.0
6636.5			1.0
6637.4			1.0
6638.3			1.0
6639.200000000001			1.0
6640.1			1.0
6641.0			1.0
6641.9			1.0
6642.8			1.0
6643.700000000001			1.0
6644.6			1.0
6645.5			1.0
6646.4			1.0
6647.3			1.0
6648.200000000001			1.0
6649.1			1.0
6650.0			1.0
6650.9			1.0
6651.8			1.0
6652.700000000001			1.0
6653.6			1.0
6654.5			1.0
6655.4			1.0
6656.3			1.0
6657.200000000001			1.0
6658.1			1.0
6659.0			1.0
6659.9			1.0
6660.8			1.0
6661.700000000001			1.0
6662.6			1.0
6663.5			1.0
6664.4			1.0
6665.3			1.0
6666.200000000001			1.0
6667.1			1.0
6668.0			1.0
6668.9			1.0
6669.8			1.0
6670.700000000001			1.0
6671.6			1.0
6672.5			1.0
6673.4			1.0
6674.3			1.0
6675.200000000001			1.0
6676.1			1.0
6677.0			1.0
6677.9			1.0
6678.8			1.0
6679.700000000001			1.0
6680.6			1.0
6681.5			1.0
6682.4			1.0
6683.3			1.0
6684.200000000001			1.0
6685.1			1.0
6686.0			1.0
6686.9			1.0
6687.8			1.0
6688.700000000001			1.0
6689.6			1.0
6690.5			1.0
6691.4			1.0
6692.3			1.0
6693.200000000001			1.0
6694.1			1.0
6695.0			1.0
6695.9			1.0
6696.8			1.0
6697.700000000001			1.0
6698.6			1.0
6699.5			1.0
6700.4			1.0
6701.3			1.0
6702.200000000001			1.0
6703.1			1.0
6704.0			1.0
6704.9			1.0
6705.8			1.0
6706.700000000001			1.0
6707.6			1.0
6708.5			1.0
6709.4			1.0
6710.3			1.0
6711.200000000001			1.0
6712.1			1.0
6713.0			1.0
6713.9			1.0
6714.8			1.0
6715.700000000001			1.0
6716.6			1.0
6717.5			1.0
6718.4			1.0
6719.3			1.0
6720.200000000001			1.0
6721.1			1.0
6722.0			1.0
6722.9			1.0
6723.8			1.0
6724.700000000001			1.0
6725.6			1.0
6726.5			1.0
6727.4			1.0
6728.3			1.0
6729.200000000001			1.0
6730.1			1.0
6731.0			1.0
6731.9			1.0
6732.8			1.0
6733.700000000001			1.0
6734.6			1.0
6735.5			1.0
6736.4			1.0
6737.3			1.0
6738.200000000001			1.0
6739.1			1.0
6740.0			1.0
6740.9			1.0
6741.8			1.0
6742.700000000001			1.0
6743.6			1.0
6744.5			1.0
6745.4			1.0
6746.3			1.0
6747.200000000001			1.0
6748.1			1.0
6749.0			1.0
6749.9			1.0
6750.8			1.0
6751.700000000001			1.0
6752.6			1.0
6753.5			1.0
6754.4			1.0
6755.3			1.0
6756.200000000001			1.0
6757.1			1.0
6758.0			1.0
6758.9			1.0
6759.8			1.0
6760.700000000001			1.0
6761.6			1.0
6762.5			1.0
6763.4			1.0
6764.3			1.0
6765.200000000001			1.0
6766.1			1.0
6767.0			1.0
6767.9			1.0
6768.8			1.0
6769.700000000001			1.0
6770.6			1.0
6771.5			1.0
6772.4			1.0
6773.3			1.0
6774.200000000001			1.0
6775.1			1.0
6776.0			1.0
6776.9			1.0
6777.8			1.0
6778.700000000001			1.0
6779.6			1.0
6780.5			1.0
6781.4			1.0
6782.3			1.0
6783.200000000001			1.0
6784.1			1.0
6785.0			1.0
6785.9			1.0
6786.8			1.0
6787.700000000001			1.0
6788.6			1.0
6789.5			1.0
6790.4			1.0
6791.3			1.0
6792.200000000001			1.0
6793.1			1.0
6794.0			1.0
6794.9			1.0
6795.8			1.0
6796.700000000001			1.0
6797.6			1.0
6798.5			1.0
6799.4			1.0
6800.3			1.0
6801.200000000001			1.0
6802.1			1.0
6803.0			1.0
6803.9			1.0
6804.8			1.0
6805.700000000001			1.0
6806.6			1.0
6807.5			1.0
6808.4			1.0
6809.3			1.0
6810.200000000001			1.0
6811.1			1.0
6812.0			1.0
6812.9			1.0
6813.8			1.0
6814.700000000001			1.0
6815.6			1.0
6816.5			1.0
6817.4			1.0
6818.3			1.0
6819.200000000001			1.0
6820.1			1.0
6821.0			1.0
6821.9			1.0
6822.8			1.0
6823.700000000001			1.0
6824.6			1.0
6825.5			1.0
6826.4			1.0
6827.3			1.0
6828.200000000001			1.0
6829.1			1.0
6830.0			1.0
6830.9			1.0
6831.8			1.0
6832.700000000001			1.0
6833.6			1.0
6834.5			1.0
6835.4			1.0
6836.3			1.0
6837.200000000001			1.0
6838.1			1.0
6839.0			1.0
6839.9			1.0
6840.8			1.0
6841.700000000001			1.0
6842.6			1.0
6843.5			1.0
6844.4			1.0
6845.3			1.0
6846.200000000001			1.0
6847.1			1.0
6848.0			1.0
6848.9			1.0
6849.8			1.0
6850.700000000001			1.0
6851.6			1.0
6852.5			1.0
6853.4			1.0
6854.3			1.0
6855.200000000001			1.0
6856.1			1.0
6857.0			1.0
6857.9			1.0
6858.8			1.0
6859.700000000001			1.0
6860.6			1.0
6861.5			1.0
6862.4			1.0
6863.3			1.0
6864.200000000001			1.0
6865.1			1.0
6866.0			1.0
6866.9			1.0
6867.8			1.0
6868.700000000001			1.0
6869.6			1.0
6870.5			1.0
6871.4			1.0
6872.3			1.0
6873.200000000001			1.0
6874.1			1.0
6875.0			1.0
6875.9			1.0
6876.8			1.0
6877.700000000001			1.0
6878.6			1.0
6879.5			1.0
6880.4			1.0
6881.3			1.0
6882.200000000001			1.0
6883.1			1.0
6884.0			1.0
6884.9			1.0
6885.8			1.0
6886.700000000001			1.0
6887.6			1.0
6888.5			1.0
6889.4			1.0
6890.3			1.0
6891.200000000001			1.0
6892.1			1.0
6893.0			1.0
6893.9			1.0
6894.8			1.0
6895.700000000001			1.0
6896.6			1.0
6897.5			1.0
6898.4			1.0
6899.3			1.0
6900.200000000001			1.0
6901.1			1.0
6902.0			1.0
6902.9			1.0
6903.8			1.0
6904.700000000001			1.0
6905.6			1.0
6906.5			1.0
6907.4			1.0
6908.3			1.0
6909.200000000001			1.0
6910.1			1.0
6911.0			1.0
6911.9			1.0
6912.8			1.0
6913.700000000001			1.0
6914.6			1.0
6915.5			1.0
6916.4			1.0
6917.3			1.0
6918.200000000001			1.0
6919.1			1.0
6920.0			1.0
6920.9			1.0
6921.8			1.0
6922.700000000001			1.0
6923.6			1.0
6924.5			1.0
6925.4			1.0
6926.3			1.0
6927.200000000001			1.0
6928.1			1.0
6929.0			1.0
6929.9			1.0
6930.8			1.0
6931.700000000001			1.0
6932.6			1.0
6933.5			1.0
6934.4			1.0
6935.3			1.0
6936.200000000001			1.0
6937.1			1.0
6938.0			1.0
6938.9			1.0
6939.8			1.0
6940.700000000001			1.0
6941.6			1.0
6942.5			1.0
6943.4			1.0
6944.3			1.0
6945.200000000001			1.0
6946.1			1.0
6947.0			1.0
6947.9			1.0
6948.8			1.0
6949.700000000001			1.0
6950.6			1.0
6951.5			1.0
6952.4			1.0
6953.3			1.0
6954.200000000001			1.0
6955.1			1.0
6956.0			1.0
6956.9			1.0
6957.8			1.0
6958.700000000001			1.0
6959.6			1.0
6960.5			1.0
6961.4			1.0
6962.3			1.0
6963.200000000001			1.0
6964.1			1.0
6965.0			1.0
6965.9			1.0
6966.8			1.0
6967.700000000001			1.0
6968.6			1.0
6969.5			1.0
6970.4			1.0
6971.3			1.0
6972.200000000001			1.0
6973.1			1.0
6974.0			1.0
6974.9			1.0
6975.8			1.0
6976.700000000001			1.0
6977.6			1.0
6978.5			1.0
6979.4			1.0
6980.3			1.0
6981.200000000001			1.0
6982.1			1.0
6983.0			1.0
6983.9			1.0
6984.8			1.0
6985.700000000001			1.0
6986.6			1.0
6987.5			1.0
6988.4			1.0
6989.3			1.0
6990.200000000001			1.0
6991.1			1.0
6992.0			1.0
6992.9			1.0
6993.8			1.0
6994.700000000001			1.0
6995.6			1.0
6996.5			1.0
6997.4			1.0
6998.3			1.0
6999.200000000001			1.0
7000.1			1.0
7001.0			1.0
7001.9			1.0
7002.8			1.0
7003.700000000001			1.0
7004.6			1.0
7005.5			1.0
7006.4			1.0
7007.3			1.0
7008.200000000001			1.0
7009.1			1.0
7010.0			1.0
7010.9			1.0
7011.8			1.0
7012.700000000001			1.0
7013.6			1.0
7014.5			1.0
7015.4			1.0
7016.3			1.0
7017.200000000001			1.0
7018.1			1.0
7019.0			1.0
7019.9			1.0
7020.8			1.0
7021.700000000001			1.0
7022.6			1.0
7023.5			1.0
7024.4			1.0
7025.3			1.0
7026.200000000001			1.0
7027.1			1.0
7028.0			1.0
7028.9			1.0
7029.8			1.0
7030.700000000001			1.0
7031.6			1.0
7032.5			1.0
7033.4			1.0
7034.3			1.0
7035.200000000001			1.0
7036.1			1.0
7037.0			1.0
7037.9			1.0
7038.8			1.0
7039.700000000001			1.0
7040.6			1.0
7041.5			1.0
7042.4			1.0
7043.3			1.0
7044.200000000001			1.0
7045.1			1.0
7046.0			1.0
7046.9			1.0
7047.8			1.0
7048.700000000001			1.0
7049.6			1.0
7050.5			1.0
7051.4			1.0
7052.3			1.0
7053.200000000001			1.0
7054.1			1.0
7055.0			1.0
7055.9			1.0
7056.8			1.0
7057.700000000001			1.0
7058.6			1.0
7059.5			1.0
7060.4			1.0
7061.3			1.0
7062.200000000001			1.0
7063.1			1.0
7064.0			1.0
7064.9			1.0
7065.8			1.0
7066.700000000001			1.0
7067.6			1.0
7068.5			1.0
7069.4			1.0
7070.3			1.0
7071.200000000001			1.0
7072.1			1.0
7073.0			1.0
7073.9			1.0
7074.8			1.0
7075.700000000001			1.0
7076.6			1.0
7077.5			1.0
7078.4			1.0
7079.3			1.0
7080.200000000001			1.0
7081.1			1.0
7082.0			1.0
7082.9			1.0
7083.8			1.0
7084.700000000001			1.0
7085.6			1.0
7086.5			1.0
7087.4			1.0
7088.3			1.0
7089.200000000001			1.0
7090.1			1.0
7091.0			1.0
7091.9			1.0
7092.8			1.0
7093.700000000001			1.0
7094.6			1.0
7095.5			1.0
7096.4			1.0
7097.3			1.0
7098.200000000001			1.0
7099.1			1.0
7100.0			1.0
7100.9			1.0
7101.8			1.0
7102.700000000001			1.0
7103.6			1.0
7104.5			1.0
7105.4			1.0
7106.3			1.0
7107.200000000001			1.0
7108.1			1.0
7109.0			1.0
7109.9			1.0
7110.8			1.0
7111.700000000001			1.0
7112.6			1.0
7113.5			1.0
7114.4			1.0
7115.3			1.0
7116.200000000001			1.0
7117.1			1.0
7118.0			1.0
7118.9			1.0
7119.8			1.0
7120.700000000001			1.0
7121.6			1.0
7122.5			1.0
7123.4			1.0
7124.3			1.0
7125.200000000001			1.0
7126.1			1.0
7127.0			1.0
7127.9			1.0
7128.8			1.0
7129.700000000001			1.0
7130.6			1.0
7131.5			1.0
7132.4			1.0
7133.3			1.0
7134.200000000001			1.0
7135.1			1.0
7136.0			1.0
7136.9			1.0
7137.8			1.0
7138.700000000001			1.0
7139.6			1.0
7140.5			1.0
7141.4			1.0
7142.3			1.0
7143.200000000001			1.0
7144.1			1.0
7145.0			1.0
7145.9			1.0
7146.8			1.0
7147.700000000001			1.0
7148.6			1.0
7149.5			1.0
7150.4			1.0
7151.3			1.0
7152.200000000001			1.0
7153.1			1.0
7154.0			1.0
7154.9			1.0
7155.8			1.0
7156.700000000001			1.0
7157.6			1.0
7158.5			1.0
7159.4			1.0
7160.3			1.0
7161.200000000001			1.0
7162.1			1.0
7163.0			1.0
7163.9			1.0
7164.8			1.0
7165.700000000001			1.0
7166.6			1.0
7167.5			1.0
7168.4			1.0
7169.3			1.0
7170.200000000001			1.0
7171.1			1.0
7172.0			1.0
7172.9			1.0
7173.8			1.0
7174.700000000001			1.0
7175.6			1.0
7176.5			1.0
7177.4			1.0
7178.3			1.0
7179.200000000001			1.0
7180.1			1.0
7181.0			1.0
7181.9			1.0
7182.8			1.0
7183.700000000001			1.0
7184.6			1.0
7185.5			1.0
7186.4			1.0
7187.3			1.0
7188.200000000001			1.0
7189.1			1.0
7190.0			1.0
7190.9			1.0
7191.8			1.0
7192.700000000001			1.0
7193.6			1.0
7194.5			1.0
7195.4			1.0
7196.3			1.0
7197.200000000001			1.0
7198.1			1.0
7199.0			1.0
7199.9			1.0
7200.8			1.0
7201.700000000001			1.0
7202.6			1.0
7203.5			1.0
7204.4			1.0
7205.3			1.0
7206.200000000001			1.0
7207.1			1.0
7208.0			1.0
7208.9			1.0
7209.8			1.0
7210.700000000001			1.0
7211.6			1.0
7212.5			1.0
7213.4			1.0
7214.3			1.0
7215.200000000001			1.0
7216.1			1.0
7217.0			1.0
7217.9			1.0
7218.8			1.0
7219.700000000001			1.0
7220.6			1.0
7221.5			1.0
7222.4			1.0
7223.3			1.0
7224.200000000001			1.0
7225.1			1.0
7226.0			1.0
7226.9			1.0
7227.8			1.0
7228.700000000001			1.0
7229.6			1.0
7230.5			1.0
7231.4			1.0
7232.3			1.0
7233.200000000001			1.0
7234.1			1.0
7235.0			1.0
7235.9			1.0
7236.8			1.0
7237.700000000001			1.0
7238.6			1.0
7239.5			1.0
7240.4			1.0
7241.3			1.0
7242.200000000001			1.0
7243.1			1.0
7244.0			1.0
7244.9			1.0
7245.8			1.0
7246.700000000001			1.0
7247.6			1.0
7248.5			1.0
7249.4			1.0
7250.3			1.0
7251.200000000001			1.0
7252.1			1.0
7253.0			1.0
7253.9			1.0
7254.8			1.0
7255.700000000001			1.0
7256.6			1.0
7257.5			1.0
7258.4			1.0
7259.3			1.0
7260.200000000001			1.0
7261.1			1.0
7262.0			1.0
7262.9			1.0
7263.8			1.0
7264.700000000001			1.0
7265.6			1.0
7266.5			1.0
7267.4			1.0
7268.3			1.0
7269.200000000001			1.0
7270.1			1.0
7271.0			1.0
7271.9			1.0
7272.8			1.0
7273.700000000001			1.0
7274.6			1.0
7275.5			1.0
7276.4			1.0
7277.3			1.0
7278.200000000001			1.0
7279.1			1.0
7280.0			1.0
7280.9			1.0
7281.8			1.0
7282.700000000001			1.0
7283.6			1.0
7284.5			1.0
7285.4			1.0
7286.3			1.0
7287.200000000001			1.0
7288.1			1.0
7289.0			1.0
7289.9			1.0
7290.8			1.0
7291.700000000001			1.0
7292.6			1.0
7293.5			1.0
7294.4			1.0
7295.3			1.0
7296.200000000001			1.0
7297.1			1.0
7298.0			1.0
7298.9			1.0
7299.8			1.0
7300.700000000001			1.0
7301.6			1.0
7302.5			1.0
7303.4			1.0
7304.3			1.0
7305.200000000001			1.0
7306.1			1.0
7307.0			1.0
7307.9			1.0
7308.8			1.0
7309.700000000001			1.0
7310.6			1.0
7311.5			1.0
7312.4			1.0
7313.3			1.0
7314.200000000001			1.0
7315.1			1.0
7316.0			1.0
7316.9			1.0
7317.8			1.0
7318.700000000001			1.0
7319.6			1.0
7320.5			1.0
7321.4			1.0
7322.3			1.0
7323.200000000001			1.0
7324.1			1.0
7325.0			1.0
7325.9			1.0
7326.8			1.0
7327.700000000001			1.0
7328.6			1.0
7329.5			1.0
7330.4			1.0
7331.3			1.0
7332.200000000001			1.0
7333.1			1.0
7334.0			1.0
7334.9			1.0
7335.8			1.0
7336.700000000001			1.0
7337.6			1.0
7338.5			1.0
7339.4			1.0
7340.3			1.0
7341.200000000001			1.0
7342.1			1.0
7343.0			1.0
7343.9			1.0
7344.8			1.0
7345.700000000001			1.0
7346.6			1.0
7347.5			1.0
7348.4			1.0
7349.3			1.0
7350.200000000001			1.0
7351.1			1.0
7352.0			1.0
7352.9			1.0
7353.8			1.0
7354.700000000001			1.0
7355.6			1.0
7356.5			1.0
7357.4			1.0
7358.3			1.0
7359.200000000001			1.0
7360.1			1.0
7361.0			1.0
7361.9			1.0
7362.8			1.0
7363.700000000001			1.0
7364.6			1.0
7365.5			1.0
7366.4			1.0
7367.3			1.0
7368.200000000001			1.0
7369.1			1.0
7370.0			1.0
7370.9			1.0
7371.8			1.0
7372.700000000001			1.0
7373.6			1.0
7374.5			1.0
7375.4			1.0
7376.3			1.0
7377.200000000001			1.0
7378.1			1.0
7379.0			1.0
7379.9			1.0
7380.8			1.0
7381.700000000001			1.0
7382.6			1.0
7383.5			1.0
7384.4			1.0
7385.3			1.0
7386.200000000001			1.0
7387.1			1.0
7388.0			1.0
7388.9			1.0
7389.8			1.0
7390.700000000001			1.0
7391.6			1.0
7392.5			1.0
7393.4			1.0
7394.3			1.0
7395.200000000001			1.0
7396.1			1.0
7397.0			1.0
7397.9			1.0
7398.8			1.0
7399.700000000001			1.0
7400.6			1.0
7401.5			1.0
7402.4			1.0
7403.3			1.0
7404.200000000001			1.0
7405.1			1.0
7406.0			1.0
7406.9			1.0
7407.8			1.0
7408.700000000001			1.0
7409.6			1.0
7410.5			1.0
7411.4			1.0
7412.3			1.0
7413.200000000001			1.0
7414.1			1.0
7415.0			1.0
7415.9			1.0
7416.8			1.0
7417.700000000001			1.0
7418.6			1.0
7419.5			1.0
7420.4			1.0
7421.3			1.0
7422.200000000001			1.0
7423.1			1.0
7424.0			1.0
7424.9			1.0
7425.8			1.0
7426.700000000001			1.0
7427.6			1.0
7428.5			1.0
7429.4			1.0
