3500.0			1.0
3500.9			1.0
3501.8			1.0
3502.7			1.0
3503.6			1.0
3504.5			1.0
3505.4			1.0
3506.3			1.0
3507.2			1.0
3508.1			1.0
3509.0			1.0
3509.9			1.0
3510.8			1.0
3511.7			1.0
3512.6			1.0
3513.5			1.0
3514.4			1.0
3515.3			1.0
3516.2			1.0
3517.1			1.0
3518.0			1.0
3518.9			1.0
3519.8			1.0
3520.7			1.0
3521.6			1.0
3522.5			1.0
3523.4			1.0
3524.3			1.0
3525.2			1.0
3526.1			1.0
3527.0			1.0
3527.9			1.0
3528.8			1.0
3529.7			1.0
3530.6			1.0
3531.5			1.0
3532.4			1.0
3533.3			1.0
3534.2			1.0
3535.1			1.0
3536.0			1.0
3536.9			1.0
3537.8			1.0
3538.7			1.0
3539.6			1.0
3540.5			1.0
3541.4			1.0
3542.3			1.0
3543.2			1.0
3544.1			1.0
3545.0			1.0
3545.9			1.0
3546.8			1.0
3547.7			1.0
3548.6			1.0
3549.5			1.0
3550.4			1.0
3551.3			1.0
3552.2			1.0
3553.1			1.0
3554.0			1.0
3554.9			1.0
3555.8			1.0
3556.7			1.0
3557.6			1.0
3558.5			1.0
3559.4			1.0
3560.3			1.0
3561.2			1.0
3562.1			1.0
3563.0			1.0
3563.9			1.0
3564.8			1.0
3565.7			1.0
3566.6			1.0
3567.5			1.0
3568.4			1.0
3569.3			1.0
3570.2			1.0
3571.1			1.0
3572.0			1.0
3572.9			1.0
3573.8			1.0
3574.7			1.0
3575.6			1.0
3576.5			1.0
3577.4			1.0
3578.3			1.0
3579.2			1.0
3580.1			1.0
3581.0			1.0
3581.9			1.0
3582.8			1.0
3583.7			1.0
3584.6			1.0
3585.5			1.0
3586.4			1.0
3587.3			1.0
3588.2			1.0
3589.1			1.0
3590.0			1.0
3590.9			1.0
3591.8			1.0
3592.7			1.0
3593.6			1.0
3594.5			1.0
3595.4			1.0
3596.3			1.0
3597.2			1.0
3598.1			1.0
3599.0			1.0
3599.9			1.0
3600.8			1.0
3601.7			1.0
3602.6			1.0
3603.5			1.0
3604.4			1.0
3605.3			1.0
3606.2			1.0
3607.1			1.0
3608.0			1.0
3608.9			1.0
3609.8			1.0
3610.7			1.0
3611.6			1.0
3612.5			1.0
3613.4			1.0
3614.3			1.0
3615.2			1.0
3616.1			1.0
3617.0			1.0
3617.9			1.0
3618.8			1.0
3619.7			1.0
3620.6			1.0
3621.5			1.0
3622.4			1.0
3623.3			1.0
3624.2			1.0
3625.1			1.0
3626.0			1.0
3626.9			1.0
3627.8			1.0
3628.7			1.0
3629.6			1.0
3630.5			1.0
3631.4			1.0
3632.3			1.0
3633.2			1.0
3634.1			1.0
3635.0			1.0
3635.9			1.0
3636.8			1.0
3637.7			1.0
3638.6			1.0
3639.5			1.0
3640.4			1.0
3641.3			1.0
3642.2			1.0
3643.1			1.0
3644.0			1.0
3644.9			1.0
3645.8			1.0
3646.7			1.0
3647.6			1.0
3648.5			1.0
3649.4			1.0
3650.3			1.0
3651.2			1.0
3652.1			1.0
3653.0			1.0
3653.9			1.0
3654.8			1.0
3655.7			1.0
3656.6			1.0
3657.5			1.0
3658.4			1.0
3659.3			1.0
3660.2			1.0
3661.1			1.0
3662.0			1.0
3662.9			1.0
3663.8			1.0
3664.7			1.0
3665.6			1.0
3666.5			1.0
3667.4			1.0
3668.3			1.0
3669.2			1.0
3670.1			1.0
3671.0			1.0
3671.9			1.0
3672.8			1.0
3673.7			1.0
3674.6			1.0
3675.5			1.0
3676.4			1.0
3677.3			1.0
3678.2			1.0
3679.1			1.0
3680.0			1.0
3680.9			1.0
3681.8			1.0
3682.7			1.0
3683.6			1.0
3684.5			1.0
3685.4			1.0
3686.3			1.0
3687.2			1.0
3688.1			1.0
3689.0			1.0
3689.9			1.0
3690.8			1.0
3691.7			1.0
3692.6			1.0
3693.5			1.0
3694.4			1.0
3695.3			1.0
3696.2			1.0
3697.1			1.0
3698.0			1.0
3698.9			1.0
3699.8			1.0
3700.7			1.0
3701.6			1.0
3702.5			1.0
3703.4			1.0
3704.3			1.0
3705.2			1.0
3706.1			1.0
3707.0			1.0
3707.9			1.0
3708.8			1.0
3709.7			1.0
3710.6			1.0
3711.5			1.0
3712.4			1.0
3713.3			1.0
3714.2			1.0
3715.1			1.0
3716.0			1.0
3716.9			1.0
3717.8			1.0
3718.7			1.0
3719.6			1.0
3720.5			1.0
3721.4			1.0
3722.3			1.0
3723.2			1.0
3724.1			1.0
3725.0			1.0
3725.9			1.0
3726.8			1.0
3727.7			1.0
3728.6			1.0
3729.5			1.0
3730.4			1.0
3731.3			1.0
3732.2			1.0
3733.1			1.0
3734.0			1.0
3734.9			1.0
3735.8			1.0
3736.7			1.0
3737.6			1.0
3738.5			1.0
3739.4			1.0
3740.3			1.0
3741.2			1.0
3742.1			1.0
3743.0			1.0
3743.9			1.0
3744.8			1.0
3745.7			1.0
3746.6			1.0
3747.5			1.0
3748.4			1.0
3749.3			1.0
3750.2			1.0
3751.1			1.0
3752.0			1.0
3752.9			1.0
3753.8			1.0
3754.7			1.0
3755.6			1.0
3756.5			1.0
3757.4			1.0
3758.3			1.0
3759.2			1.0
3760.1			1.0
3761.0			1.0
3761.9			1.0
3762.8			1.0
3763.7			1.0
3764.6			1.0
3765.5			1.0
3766.4			1.0
3767.3			1.0
3768.2			1.0
3769.1			1.0
3770.0			1.0
3770.9			1.0
3771.8			1.0
3772.7			1.0
3773.6			1.0
3774.5			1.0
3775.4			1.0
3776.3			1.0
3777.2			1.0
3778.1			1.0
3779.0			1.0
3779.9			1.0
3780.8			1.0
3781.7			1.0
3782.6			1.0
3783.5			1.0
3784.4			1.0
3785.3			1.0
3786.2			1.0
3787.1			1.0
3788.0			1.0
3788.9			1.0
3789.8			1.0
3790.7			1.0
3791.6			1.0
3792.5			1.0
3793.4			1.0
3794.3			1.0
3795.2			1.0
3796.1			1.0
3797.0			1.0
3797.9			1.0
3798.8			1.0
3799.7			1.0
3800.6			1.0
3801.5			1.0
3802.4			1.0
3803.3			1.0
3804.2			1.0
3805.1			1.0
3806.0			1.0
3806.9			1.0
3807.8			1.0
3808.7			1.0
3809.6			1.0
3810.5			1.0
3811.4			1.0
3812.3			1.0
3813.2			1.0
3814.1			1.0
3815.0			1.0
3815.9			1.0
3816.8			1.0
3817.7			1.0
3818.6			1.0
3819.5			1.0
3820.4			1.0
3821.3			1.0
3822.2			1.0
3823.1			1.0
3824.0			1.0
3824.9			1.0
3825.8			1.0
3826.7			1.0
3827.6			1.0
3828.5			1.0
3829.4			1.0
3830.3			1.0
3831.2			1.0
3832.1			1.0
3833.0			1.0
3833.9			1.0
3834.8			1.0
3835.7			1.0
3836.6			1.0
3837.5			1.0
3838.4			1.0
3839.3			1.0
3840.2			1.0
3841.1			1.0
3842.0			1.0
3842.9			1.0
3843.8			1.0
3844.7			1.0
3845.6			1.0
3846.5			1.0
3847.4			1.0
3848.3			1.0
3849.2			1.0
3850.1			1.0
3851.0			1.0
3851.9			1.0
3852.8			1.0
3853.7			1.0
3854.6			1.0
3855.5			1.0
3856.4			1.0
3857.3			1.0
3858.2			1.0
3859.1			1.0
3860.0			1.0
3860.9			1.0
3861.8			1.0
3862.7			1.0
3863.6			1.0
3864.5			1.0
3865.4			1.0
3866.3			1.0
3867.2			1.0
3868.1			1.0
3869.0			1.0
3869.9			1.0
3870.8			1.0
3871.7			1.0
3872.6			1.0
3873.5			1.0
3874.4			1.0
3875.3			1.0
3876.2			1.0
3877.1			1.0
3878.0			1.0
3878.9			1.0
3879.8			1.0
3880.7			1.0
3881.6			1.0
3882.5			1.0
3883.4			1.0
3884.3			1.0
3885.2			1.0
3886.1			1.0
3887.0			1.0
3887.9			1.0
3888.8			1.0
3889.7			1.0
3890.6			1.0
3891.5			1.0
3892.4			1.0
3893.3			1.0
3894.2			1.0
3895.1			1.0
3896.0			1.0
3896.9			1.0
3897.8			1.0
3898.7			1.0
3899.6			1.0
3900.5			1.0
3901.4			1.0
3902.3			1.0
3903.2			1.0
3904.1			1.0
3905.0			1.0
3905.9			1.0
3906.8			1.0
3907.7			1.0
3908.6			1.0
3909.5			1.0
3910.4			1.0
3911.3			1.0
3912.2			1.0
3913.1			1.0
3914.0			1.0
3914.9			1.0
3915.8			1.0
3916.7			1.0
3917.6			1.0
3918.5			1.0
3919.4			1.0
3920.3			1.0
3921.2			1.0
3922.1			1.0
3923.0			1.0
3923.9			1.0
3924.8			1.0
3925.7			1.0
3926.6			1.0
3927.5			1.0
3928.4			1.0
3929.3			1.0
3930.2			1.0
3931.1			1.0
3932.0			1.0
3932.9			1.0
3933.8			1.0
3934.7			1.0
3935.6			1.0
3936.5			1.0
3937.4			1.0
3938.3			1.0
3939.2			1.0
3940.1			1.0
3941.0			1.0
3941.9			1.0
3942.8			1.0
3943.7			1.0
3944.6			1.0
3945.5			1.0
3946.4			1.0
3947.3			1.0
3948.2			1.0
3949.1			1.0
3950.0			1.0
3950.9			1.0
3951.8			1.0
3952.7			1.0
3953.6			1.0
3954.5			1.0
3955.4			1.0
3956.3			1.0
3957.2			1.0
3958.1			1.0
3959.0			1.0
3959.9			1.0
3960.8			1.0
3961.7			1.0
3962.6			1.0
3963.5			1.0
3964.4			1.0
3965.3			1.0
3966.2			1.0
3967.1			1.0
3968.0			1.0
3968.9			1.0
3969.8			1.0
3970.7			1.0
3971.6			1.0
3972.5			1.0
3973.4			1.0
3974.3			1.0
3975.2			1.0
3976.1			1.0
3977.0			1.0
3977.9			1.0
3978.8			1.0
3979.7			1.0
3980.6			1.0
3981.5			1.0
3982.4			1.0
3983.3			1.0
3984.2			1.0
3985.1			1.0
3986.0			1.0
3986.9			1.0
3987.8			1.0
3988.7			1.0
3989.6			1.0
3990.5			1.0
3991.4			1.0
3992.3			1.0
3993.2			1.0
3994.1			1.0
3995.0			1.0
3995.9			1.0
3996.8			1.0
3997.7			1.0
3998.6			1.0
3999.5			1.0
4000.4			1.0
4001.3			1.0
4002.2			1.0417012968656776
4003.1			1.0910078017513527
4004.0			1.0244991771776615
4004.9			0.8359473300225607
4005.8			0.713620054015983
4006.7			0.7793363051437286
4007.6			0.9088000469090298
4008.5			0.9836242336280541
4009.4			0.9999206114635024
4010.3			1.0
4011.2			1.0
4012.1			1.0
4013.0			1.0
4013.9			1.0
4014.8			1.0
4015.7			1.0
4016.6			1.0
4017.5			1.0
4018.4			1.0
4019.3			1.0
4020.2			1.0
4021.1			1.0
4022.0			1.0
4022.9			1.0
4023.8			1.0
4024.7			1.0
4025.6			1.0
4026.5			1.056740518433274
4027.4			1.1108225994554999
4028.3			1.1557410143432159
4029.2			1.119766527989851
4030.1			0.9658669506905716
4031.0			0.8197597505430331
4031.9			0.7741637252544799
4032.8			0.758623446298744
4033.7			0.7522997329522416
4034.6			0.7788073170772151
4035.5			0.8391135237484658
4036.4			0.9337487266957081
4037.3			1.0213036686762935
4038.2			1.0463734395142732
4039.1			1.0036349242092546
4040.0			1.0
4040.9			1.0
4041.8			1.0376566263772014
4042.7			1.0666428115721949
4043.6			0.9655302239997915
4044.5			0.751977125638563
4045.4			0.5721243096853423
4046.3			0.5918330862449898
4047.2			0.789108381026765
4048.1			0.9554946099712945
4049.0			1.002970411187752
4049.9			1.0
4050.8			1.0
4051.7			1.0
4052.6			1.0
4053.5			1.0
4054.4			1.0
4055.3			1.0
4056.2			1.0
4057.1			0.9409262787796391
4058.0			0.8660169851239352
4058.9			0.8834322730539277
4059.8			0.9884667866711626
4060.7			1.0756920649596247
4061.6			1.037432840524513
4062.5			0.8550609956226815
4063.4			0.6639720759166201
4064.3			0.6571719950531931
4065.2			0.7842303932079875
4066.1			0.83418580785245
4067.0			0.8015251935090245
4067.9			0.8344727525570759
4068.8			0.9433479653732835
4069.7			0.9877728654466218
4070.6			1.0
4071.5			1.0
4072.4			0.9857918867623136
4073.3			1.128969211522723
4074.2			1.1527448819973192
4075.1			1.0272120555515203
4076.0			0.851571529287304
4076.9			0.7144010874610628
4077.8			0.6979662526699294
4078.7			0.7784131933466333
4079.6			0.8731481026875322
4080.5			0.960293295663898
4081.4			1.0027279712066066
4082.3			1.0
4083.2			1.0
4084.1			1.0
4085.0			1.0
4085.9			1.0
4086.8			1.0
4087.7			1.0
4088.6			1.0
4089.5			1.0
4090.4			1.0
4091.3			1.0
4092.2			0.9662810439365872
4093.1			0.9850946163179128
4094.0			1.032679471716259
4094.9			0.9783999006448074
4095.8			0.8692766693706543
4096.7			0.8332519979949057
4097.6			0.8825145376753948
4098.5			0.9385811205272541
4099.4			0.9361966647488569
4100.3			0.8478567763229183
4101.2			0.751541153834029
4102.1			0.7747700340686822
4103.0			0.8794505841530165
4103.9			0.941755057803701
4104.8			0.975194975814719
4105.7			1.0483850251946905
4106.6			1.1146501098837154
4107.5			1.1226958149623996
4108.4			1.091838409558185
4109.3			1.0397165402605129
4110.2			0.9939036710433599
4111.1			1.0
4112.0			1.0
4112.9			1.0
4113.8			1.0
4114.7			1.0
4115.6			1.0
4116.5			1.0
4117.4			1.0
4118.3			1.0
4119.2			1.0
4120.1			1.0
4121.0			1.0
4121.9			1.0
4122.8			0.9650309020369813
4123.7			0.9801524697425673
4124.6			1.0489685119703664
4125.5			1.0846809102566748
4126.4			1.0536049493847046
4127.3			1.00510238085227
4128.2			0.9710555960072249
4129.1			0.9533727153296261
4130.0			0.9445190019509654
4130.9			0.9246845786705864
4131.8			0.8634522457445243
4132.7			0.8145384262829579
4133.6			0.8141554028253642
4134.5			0.853177338517109
4135.4			0.9553701216659929
4136.3			1.0449061104620905
4137.2			1.0490335632951422
4138.1			1.0411337178631812
4139.0			1.0602416658920368
4139.9			1.074836787274123
4140.8			1.0560766806320276
4141.7			0.945711451038592
4142.6			0.7589593882906864
4143.5			0.6436395400246925
4144.4			0.705576388475609
4145.3			0.8531642806910449
4146.2			0.9487477723250856
4147.1			0.9772157893689941
4148.0			0.9711521413073041
4148.9			0.9251457372526661
4149.8			0.8666593233832861
4150.7			0.8539631332454855
4151.6			0.8694496316846321
4152.5			0.8842013959807569
4153.4			0.8891452900193065
4154.3			0.8819019262162751
4155.2			0.8799323313538984
4156.1			0.8629981619108286
4157.0			0.8672363075846987
4157.9			0.9306237048100976
4158.8			0.998937318301977
4159.7			1.0
4160.6			0.9720664771246063
4161.5			0.9816721218336842
4162.4			1.0421023160199996
4163.3			1.0459457683574185
4164.2			0.982934317798375
4165.1			0.9493124240163238
4166.0			0.9456440400035439
4166.9			0.8968915730539758
4167.8			0.862862847793533
4168.7			0.9093724233408982
4169.6			0.9687657834047151
4170.5			0.9817154659079651
4171.4			0.89809155630991
4172.3			0.7603713848365835
4173.2			0.7043670805759065
4174.1			0.7588045855616619
4175.0			0.8291379233846089
4175.9			0.862566530356192
4176.8			0.8422716599126122
4177.7			0.8026906455627062
4178.6			0.8177139544579051
4179.5			0.8681710798986353
4180.4			0.8822991903999461
4181.3			0.8481489842749026
4182.2			0.8279979166618316
4183.1			0.8564563539575453
4184.0			0.9218167214593375
4184.9			1.0
4185.8			1.0008054724324886
4186.7			0.8968182200246629
4187.6			0.8273290774922962
4188.5			0.868120305472973
4189.4			0.9173818113976692
4190.3			0.9044935068715451
4191.2			0.8766278538595007
4192.1			0.9107203039330972
4193.0			0.990500166084731
4193.9			1.001969312393176
4194.8			0.9168361466437764
4195.7			0.8094761460429473
4196.6			0.7584013410306224
4197.5			0.7613789956729868
4198.4			0.7775547922284074
4199.3			0.810944637499772
4200.2			0.8402707645102401
4201.1			0.8143821474084117
4202.0			0.7781760770640701
4202.9			0.8069292237413936
4203.8			0.8602416689008573
4204.7			0.8718410470400045
4205.6			0.8958229521798674
4206.5			0.9527997284756475
4207.4			1.000067933572133
4208.3			1.0
4209.2			1.0
4210.1			1.0
4211.0			1.0
4211.9			1.0013584047667996
4212.8			0.9750856453413104
4213.7			0.8979627033345478
4214.6			0.780701121741315
4215.5			0.6958681311578289
4216.4			0.743685834995192
4217.3			0.8786623186880576
4218.2			0.9644212338897088
4219.1			0.9811867221539807
4220.0			1.0
4220.9			1.0298457472400608
4221.8			1.0050801650547134
4222.7			0.9117472252898221
4223.6			0.808180570985422
4224.5			0.7094455128385051
4225.4			0.5711820668799151
4226.3			0.4260232591989872
4227.2			0.43085133727211267
4228.1			1.0
4229.0			1.2937662825668075
4229.9			1.384070491440132
4230.8			1.3821765788180578
4231.7			1.3322583089519804
4232.6			1.2067997637318637
4233.5			1.1113956736692396
4234.4			1.0918332391721712
4235.3			1.0343550389350837
4236.2			0.9272864349684462
4237.1			0.8844062389203989
4238.0			0.9061200349932067
4238.9			0.9129362479990488
4239.8			1.0
4240.7			1.0662582586973846
4241.6			1.116913709133054
4242.5			1.089536932811528
4243.4			1.0901442913105417
4244.3			1.1805422226062927
4245.2			1.2413666902933351
4246.1			1.1949962017157703
4247.0			1.0839362284722172
4247.9			0.9841949300700131
4248.8			0.9221390162376575
4249.7			0.8809020125512587
4250.6			0.8842881135751748
4251.5			0.9664277139255444
4252.4			1.0514050691108605
4253.3			1.0377514893267563
4254.2			0.9483160203855269
4255.1			1.0
4256.0			1.0610464460593108
4256.9			1.1700317669525397
4257.8			1.1411145758779726
4258.7			0.9864409122563434
4259.6			0.8389110585960595
4260.5			0.7553272602881059
4261.4			0.7804641036062466
4262.3			0.896233036857313
4263.2			1.0
4264.1			1.049284361270395
4265.0			1.070278782040932
4265.9			1.1018553195275709
4266.8			1.0787402384381677
4267.7			0.9961062243451485
4268.6			0.943482397400708
4269.5			0.9159360036479091
4270.4			0.8293116429270346
4271.3			0.7018925036819479
4272.2			0.6876152965351473
4273.1			0.7825632673845022
4274.0			0.8184349699500534
4274.9			0.8251675897779641
4275.8			0.9263302776234327
4276.7			1.0780445627865092
4277.6			1.1995087202801704
4278.5			1.2408200429750864
4279.4			1.1422124225917056
4280.3			1.006870139167998
4281.2			1.0
4282.1			1.0
4283.0			1.0
4283.9			1.0
4284.8			1.0
4285.7			0.9046912906142863
4286.6			0.9131341914367394
4287.5			1.0
4288.4			0.9714318537896456
4289.3			0.8454847383043458
4290.2			0.7732405873553513
4291.1			0.8239782678977428
4292.0			0.9415374123572047
4292.9			1.040969362078692
4293.8			1.0251190863671973
4294.7			0.9522420238840879
4295.6			0.929604295492098
4296.5			0.8987888929220703
4297.4			0.8226611698370654
4298.3			0.7215190762282861
4299.2			0.6000101101422008
4300.1			0.5423424570605387
4301.0			0.5910939844082942
4301.9			0.6414171459227958
4302.8			0.629347005797701
4303.7			0.6229084531642128
4304.6			0.6268779986140872
4305.5			0.613410722791013
4306.4			0.5947527380710115
4307.3			0.5445884565510585
4308.2			0.47854764558401897
4309.1			0.4716847008664195
4310.0			0.5115295211938938
4310.9			0.5558766617638027
4311.8			0.6057107035286877
4312.7			0.6788506860132277
4313.6			0.7556623281639582
4314.5			0.8367715665881827
4315.4			0.9913344467428092
4316.3			1.1715000750623559
4317.2			1.2406681891925704
4318.1			1.2128951394102556
4319.0			1.0
4319.9			0.9817305764316099
4320.8			0.9448174930676844
4321.7			0.9087988600071224
4322.6			0.8442914162087333
4323.5			0.7135867475331512
4324.4			0.5853866799406315
4325.3			0.5228189072083598
4326.2			0.5780532597099913
4327.1			0.7679004671575483
4328.0			0.9729119838907192
4328.9			1.0659419035440163
4329.8			1.0419079241814844
4330.7			1.0034247214835343
4331.6			1.0
4332.5			1.0
4333.4			1.0190502115419968
4334.3			1.049349367278708
4335.2			1.098111709029334
4336.1			1.0800587171603904
4337.0			0.9411533423694066
4337.9			0.7944076555310733
4338.8			0.7316880384111822
4339.7			0.6964886632511881
4340.6			0.6939082378673094
4341.5			0.7922812877184919
4342.4			0.9147518454281299
4343.3			0.9482051486804612
4344.2			0.9560065643236932
4345.1			1.0
4346.0			1.0238611379289688
4346.9			0.9916430641641601
4347.8			1.001395410510521
4348.7			1.0874483654955425
4349.6			1.127012555062156
4350.5			1.0056513484414706
4351.4			0.8152639813780881
4352.3			0.747191989142486
4353.2			0.8321766762620593
4354.1			0.9281507970577282
4355.0			0.9588321609527947
4355.9			0.9899071293348688
4356.8			1.0564836063228809
4357.7			1.073770639677609
4358.6			1.003427503689639
4359.5			1.0
4360.4			1.0
4361.3			1.0
4362.2			1.0
4363.1			1.0
4364.0			1.0
4364.9			1.0
4365.8			1.0
4366.7			1.0
4367.6			1.0
4368.5			1.0000981234181736
4369.4			1.03817873704936
4370.3			1.0421500961456789
4371.2			1.0320492014283593
4372.1			1.026310575952087
4373.0			0.9778339765233027
4373.9			0.881995980527235
4374.8			0.8138208134211597
4375.7			0.8421419534212519
4376.6			0.9524392122910329
4377.5			1.0625442281326627
4378.4			1.1054453261411847
4379.3			1.0791623709395783
4380.2			1.0423764531228905
4381.1			1.016301910413013
4382.0			0.9098333092933168
4382.9			0.6887758200711512
4383.8			0.5237728023004163
4384.7			0.5709709705116539
4385.6			0.7667921420780719
4386.5			0.9237917646072956
4387.4			0.9565111223341942
4388.3			0.931148588927976
4389.2			0.8949375791492475
4390.1			0.8598821645033377
4391.0			0.865199209973783
4391.9			0.9191490151637924
4392.8			0.9622861348735327
4393.7			0.9441297139973787
4394.6			0.8973146439311409
4395.5			0.906271594782435
4396.4			1.0064107963820996
4397.3			1.0932436360641302
4398.2			1.0
4399.1			0.9226849409359297
4400.0			0.8341055871027095
4400.9			0.8141138080787124
4401.8			0.8984294948591535
4402.7			0.9481906123996983
4403.6			0.833071776169903
4404.5			0.6725163186524674
4405.4			0.6655665299775577
4406.3			0.7673595417264891
4407.2			0.8025888016724421
4408.1			0.7632716063744901
4409.0			0.7782362154287962
4409.9			1.0
4410.8			1.0845986346152998
4411.7			1.1163952934765793
4412.6			1.1177614402282192
4413.5			1.0572367412525643
4414.4			0.9129154579024731
4415.3			0.8011976450083271
4416.2			0.8150126723960767
4417.1			0.8703455903825339
4418.0			0.9161148240141495
4418.9			0.9672783052969781
4419.8			0.988042671237101
4420.7			1.0
4421.6			1.0
4422.5			1.0
4423.4			1.0
4424.3			1.0
4425.2			1.0
4426.1			1.0
4427.0			1.0
4427.9			1.0
4428.8			1.0
4429.7			1.0
4430.6			0.9336534927977556
4431.5			0.976572583428217
4432.4			1.0166892928816957
4433.3			0.959953407889456
4434.2			0.8512164846749565
4435.1			0.7755294665308108
4436.0			0.7902689564292359
4436.9			0.8796466452429738
4437.8			0.9681587459427332
4438.7			1.0140796211599332
4439.6			0.9987622468997145
4440.5			1.0
4441.4			1.0
4442.3			1.0
4443.2			1.0
4444.1			1.0
4445.0			1.0
4445.9			1.0
4446.8			1.0
4447.7			1.0
4448.6			1.0
4449.5			1.0
4450.4			1.0
4451.3			1.001724770396946
4452.2			1.0179752293713562
4453.1			0.9869123724930814
4454.0			0.91551279592208
4454.9			0.85068201749538
4455.8			0.8413281045261038
4456.7			0.8722746103946615
4457.6			0.8838768431523203
4458.5			0.8625582350238091
4459.4			0.8404135507102155
4460.3			0.8241118782285669
4461.2			0.7885358552414392
4462.1			0.7785303595726497
4463.0			0.8536427490170668
4463.9			0.9388492196754012
4464.8			0.9544364623216153
4465.7			0.9370145578730089
4466.6			0.9355944023594108
4467.5			0.940771454189504
4468.4			0.9182660751875373
4469.3			0.8772481103382307
4470.2			0.8735453960011288
4471.1			0.9098882053959148
4472.0			0.9548806401501034
4472.9			1.00225069657455
4473.8			1.0
4474.7			1.0
4475.6			1.0
4476.5			1.0291926088027392
4477.4			1.0629690232364657
4478.3			1.041365453325389
4479.2			0.9583480716395562
4480.1			0.8614665895800947
4481.0			0.8051001027204996
4481.9			0.8020242407802112
4482.8			0.8477200950912731
4483.7			0.9198136988210664
4484.6			1.0
4485.5			1.0268503995340805
4486.4			1.023250597506462
4487.3			0.9808312765537961
4488.2			0.9030734444212414
4489.1			0.832220942545356
4490.0			0.8157428096805777
4490.9			0.8605915486175516
4491.8			0.920463453458595
4492.7			0.9348578696893648
4493.6			0.8821809846091948
4494.5			0.8070125059780138
4495.4			0.7761790292800324
4496.3			0.8011455144647118
4497.2			0.8612801764778505
4498.1			0.9206967954950324
4499.0			0.9463152056668442
4499.9			0.9294499973470022
4500.8			0.8808861597678048
4501.7			0.85963523348741
4502.6			0.9149626557522945
4503.5			0.9925673804659797
4504.4			1.020538976430955
4505.3			1.0030987784987193
4506.2			1.0
4507.1			1.0
4508.0			1.0
4508.9			1.0
4509.8			1.0
4510.7			1.0185218698269851
4511.6			1.0013803988593717
4512.5			1.0
4513.4			0.9647482762379812
4514.3			0.948892416434002
4515.2			0.9612896561519115
4516.1			0.986937534897723
4517.0			0.9752500698053975
4517.9			0.9394265992864184
4518.8			0.9519847975374709
4519.7			1.0128344195996586
4520.6			1.0665257681559799
4521.5			1.0625733099404957
4522.4			1.0015655983835872
4523.3			0.9598432919166441
4524.2			0.9592470726827188
4525.1			0.9417318310554689
4526.0			0.8967187799490041
4526.9			0.8522279758421031
4527.8			0.8175284758608085
4528.7			0.8039584223729991
4529.6			0.8219719318276401
4530.5			0.8537002797202712
4531.4			1.0
4532.3			1.0436313051699826
4533.2			1.0223004337705341
4534.1			0.9505286043732075
4535.0			0.8994847117700264
4535.9			0.9395757813519139
4536.8			1.0704932594448995
4537.7			1.164046253022274
4538.6			1.1520874245547144
4539.5			1.0918008568366697
4540.4			1.0405229782326972
4541.3			1.0295612013006608
4542.2			1.0654585975846067
4543.1			1.0919319197113824
4544.0			1.0556880073362207
4544.9			1.0045463594164938
4545.8			1.0056539572186822
4546.7			1.0370957855158742
4547.6			1.045922436965502
4548.5			1.0054420798107748
4549.4			0.963940446034284
4550.3			0.991609404423005
4551.2			1.0355359610314567
4552.1			1.0282994289270817
4553.0			1.0048329316112543
4553.9			0.9825082063766459
4554.8			0.964665680521676
4555.7			0.9846713493028694
4556.6			1.0496306355608462
4557.5			1.1066672329707998
4558.4			1.1263199179460537
4559.3			1.1147576020305463
4560.2			1.0
4561.1			1.0015434920374902
4562.0			1.0037241927411384
4562.9			0.9598563929485491
4563.8			0.8879735685003183
4564.7			0.8384992523439365
4565.6			0.8467713689525879
4566.5			0.9146699407160515
4567.4			0.9838617306647184
4568.3			1.0006824946101887
4569.2			1.0
4570.1			1.0
4571.0			1.0
4571.9			0.9737206338600554
4572.8			1.0494890218995419
4573.7			1.1091204621039523
4574.6			1.0958779126596998
4575.5			1.0731068073294738
4576.4			1.067326725710509
4577.3			1.055534648110624
4578.2			1.0
4579.1			0.9362109099272323
4580.0			0.8754283180542479
4580.9			0.8664008665460163
4581.8			0.9095184840961995
4582.7			0.9480244504999996
4583.6			0.9508799312637771
4584.5			0.9401887907484688
4585.4			0.9199395491112369
4586.3			0.9155852239342738
4587.2			0.9638996341368731
4588.1			1.026012860012675
4589.0			1.0563389810919508
4589.9			1.0456845509121921
4590.8			1.0011762899293783
4591.7			0.9524191402421375
4592.6			0.9345737236606286
4593.5			0.9344928039214193
4594.4			0.9196254038034419
4595.3			0.9031376596905221
4596.2			0.9092016190558142
4597.1			0.9226086568446402
4598.0			0.9439316708730084
4598.9			0.9659058721914779
4599.8			0.9393333137953567
4600.7			0.9034803035217794
4601.6			0.9255878940451214
4602.5			0.9578614386240728
4603.4			0.9636249901054948
4604.3			0.9516321650705124
4605.2			0.9346792152369434
4606.1			0.9451795589577378
4607.0			0.9904163972696715
4607.9			1.0468584524032927
4608.8			1.0844023426138227
4609.7			1.0754358970717421
4610.6			1.0334101201793409
4611.5			0.9988481888182781
4612.4			1.0
4613.3			1.0
4614.2			1.0
4615.1			1.0
4616.0			1.0
4616.9			1.0
4617.8			1.0
4618.7			1.0
4619.6			1.0
4620.5			1.0
4621.4			1.0
4622.3			1.0
4623.2			1.0
4624.1			1.0
4625.0			1.0
4625.9			1.0
4626.8			1.0
4627.7			1.0
4628.6			1.0
4629.5			1.0
4630.4			1.0
4631.3			1.0
4632.2			1.0
4633.1			0.9540812036684853
4634.0			0.9381375415942027
4634.9			0.9452425376533509
4635.8			0.9452209372380522
4636.7			0.9300071484004314
4637.6			0.9079795337165608
4638.5			0.8947870085404422
4639.4			0.8858675492268401
4640.3			0.9007023792887622
4641.2			0.9569116452578019
4642.1			0.9986482634419941
4643.0			0.9883137125024425
4643.9			0.9606386462295519
4644.8			0.9288871535084818
4645.7			0.8769454922998405
4646.6			0.829939386093149
4647.5			0.8285336464383055
4648.4			0.8608667813792488
4649.3			0.9019443068537975
4650.2			0.9429854887054114
4651.1			0.9736943089580987
4652.0			0.9924301591540798
4652.9			0.9959144857373302
4653.8			0.9611598544928283
4654.7			0.9107182914332211
4655.6			0.8871165560365816
4656.5			0.8958595261434288
4657.4			1.0
4658.3			1.0820438619442287
4659.2			1.1385832597522125
4660.1			1.1396359086023882
4661.0			1.0933961604576763
4661.9			1.0288991574399735
4662.8			0.9757178240134322
4663.7			0.9619366660345888
4664.6			0.9739370553536887
4665.5			0.9443689553687676
4666.4			0.8500097051766167
4667.3			0.7671929098789246
4668.2			0.773623944289256
4669.1			0.8483785781103205
4670.0			0.926301679005136
4670.9			0.981258169301823
4671.8			0.9968990265294025
4672.7			0.9716524153782218
4673.6			0.9382502370373239
4674.5			1.0
4675.4			1.0345213391427457
4676.3			1.0762370914970822
4677.2			1.0715557180890467
4678.1			1.0260629954498475
4679.0			0.9778811723979995
4679.9			0.9447644076874081
4680.8			0.9246239790159556
4681.7			0.9259825256614772
4682.6			0.9605014069868026
4683.5			1.0065970423499893
4684.4			1.0
4685.3			0.9932225673700935
4686.2			0.9824062528906731
4687.1			0.9647764057563578
4688.0			0.9548720353824995
4688.9			0.9632797469470845
4689.8			0.9636860767754911
4690.7			0.9476164518081679
4691.6			0.9433748499724517
4692.5			0.9584934874759768
4693.4			0.9740547086083883
4694.3			0.9942942688856908
4695.2			1.0261838477394953
4696.1			1.041190349034193
4697.0			1.0072075498868716
4697.9			0.9352287288102943
4698.8			0.8878575546001387
4699.7			0.901184513858192
4700.6			0.9273649157838675
4701.5			0.9239372208217713
4702.4			0.9032088690293685
4703.3			0.8996513840600944
4704.2			0.9284816200455028
4705.1			0.9608609933203426
4706.0			0.9620228322974511
4706.9			0.935583898557422
4707.8			0.9069895315808832
4708.7			0.8904591295575551
4709.6			0.8991675399995437
4710.5			0.9459242027307434
4711.4			0.9949090637199849
4712.3			1.0001729074617969
4713.2			1.0
4714.1			1.0
4715.0			1.0
4715.9			1.0
4716.8			1.055137398654312
4717.7			1.076441835261222
4718.6			1.0866330193957412
4719.5			1.0984585405319587
4720.4			1.0956540507156618
4721.3			1.0683314941808935
4722.2			1.0357495472243252
4723.1			1.0368445155508415
4724.0			1.0738031054948711
4724.9			1.1027550606018763
4725.8			1.0800134699799786
4726.7			0.9970838620456898
4727.6			0.9091599317797544
4728.5			0.8785298060965951
4729.4			0.8953062132741518
4730.3			0.9156671753309633
4731.2			0.934854525753703
4732.1			0.9638683541700976
4733.0			0.985388333257371
4733.9			0.9972519176244198
4734.8			1.008803367434613
4735.7			0.9908927371371636
4736.6			0.9546152778521956
4737.5			0.96836659186074
4738.4			1.0215721364095809
4739.3			1.0344083073225594
4740.2			0.9996977128808214
4741.1			1.0
4742.0			1.0
4742.9			1.0
4743.8			1.0
4744.7			1.0
4745.6			1.0
4746.5			1.0
4747.4			1.0
4748.3			1.0
4749.2			1.0
4750.1			1.0
4751.0			1.0
4751.9			1.0
4752.8			1.0
4753.7			1.0
4754.6			1.0
4755.5			1.0
4756.4			1.0
4757.3			1.0
4758.2			1.0
4759.1			1.02085645435673
4760.0			1.0404188557592566
4760.9			1.0211015512693342
4761.8			0.9675482874680423
4762.7			0.9321203071220704
4763.6			0.9272946050041155
4764.5			0.9177405943449676
4765.4			0.8943778991958834
4766.3			0.8902258096356237
4767.2			0.9181655307918644
4768.1			0.9573876218569406
4769.0			1.0019302118209334
4769.9			1.027747946935973
4770.8			1.0029296855369143
4771.7			0.9611582217655579
4772.6			0.9581471513608616
4773.5			1.0
4774.4			1.0469305673456843
4775.3			1.0477927835124103
4776.2			1.0292691394811764
4777.1			1.0420551473808324
4778.0			1.05827834280427
4778.9			1.0455129803442744
4779.8			1.0282270690692263
4780.7			1.0264994980755608
4781.6			1.0173791148048081
4782.5			0.9922542985904361
4783.4			0.9840077353071656
4784.3			1.0109439830772469
4785.2			1.0158366993712087
4786.1			0.9774078267275172
4787.0			0.9679355713540936
4787.9			0.9935623449949669
4788.8			0.9935643979054312
4789.7			0.9842841503156592
4790.6			0.99454606986021
4791.5			1.0076201994517615
4792.4			1.0300290747332594
4793.3			1.0805337514929627
4794.2			1.0
4795.1			1.0152470525089907
4796.0			0.997056435555847
4796.9			0.9677189695933425
4797.8			0.9307535458577015
4798.7			0.894233163511849
4799.6			0.8855523331442898
4800.5			0.9172639528504982
4801.4			0.9733361113535582
4802.3			1.0185972958220346
4803.2			1.0283646030008091
4804.1			1.001555153244503
4805.0			1.0
4805.9			1.0
4806.8			1.0
4807.7			1.0
4808.6			1.0
4809.5			1.0
4810.4			1.0
4811.3			1.0
4812.2			1.0
4813.1			1.0
4814.0			1.0
4814.9			1.0
4815.8			1.0
4816.7			1.0
4817.6			1.0
4818.5			1.0
4819.4			1.0
4820.3			1.0
4821.2			1.0
4822.1			1.0
4823.0			1.0
4823.9			1.0
4824.8			1.0
4825.7			1.0
4826.6			1.0
4827.5			1.0
4828.4			1.0
4829.3			1.0
4830.2			1.0
4831.1			1.0
4832.0			1.0
4832.9			1.017551283530064
4833.8			1.0615835637156181
4834.7			1.0747145976986867
4835.6			1.061233645397406
4836.5			1.055604806805197
4837.4			1.054676776494849
4838.3			1.0255895569184943
4839.2			0.9771662759415646
4840.1			0.9534483018113904
4841.0			0.9695273742135987
4841.9			1.0
4842.8			0.9826230340925873
4843.7			0.9838810677792404
4844.6			1.0289057668613513
4845.5			1.070858031555879
4846.4			1.074756647109536
4847.3			1.0372722188473902
4848.2			0.9853068423452939
4849.1			0.9801050586670269
4850.0			1.026251162211205
4850.9			1.0482590232392717
4851.8			1.0363255423191073
4852.7			1.0358253158227273
4853.6			1.0223461317127487
4854.5			0.9575175722846202
4855.4			0.8986155920874751
4856.3			0.924597477841313
4857.2			0.9868436483259314
4858.1			0.9941260979391272
4859.0			0.9348702124096644
4859.9			0.8286455349158083
4860.8			0.7206984725759465
4861.7			0.7176323173019397
4862.6			0.8230747348757702
4863.5			0.8954710183120207
4864.4			0.9107784955519683
4865.3			0.9402428083433567
4866.2			0.9722033675126698
4867.1			1.0
4868.0			0.9902387890410983
4868.9			1.0031916014963569
4869.8			0.9926136013968757
4870.7			0.9217713541883963
4871.6			0.8750628181149632
4872.5			0.9177533526444477
4873.4			0.9856085782253196
4874.3			1.0072207711912757
4875.2			1.0049778576565735
4876.1			0.9441778512675035
4877.0			0.9730993129216285
4877.9			0.9870504922793485
4878.8			1.0200011223591816
4879.7			1.045041538077688
4880.6			0.9992360268797502
4881.5			1.0
4882.4			1.010581251473323
4883.3			1.0439916740065136
4884.2			1.0182042690771027
4885.1			0.9552279050203725
4886.0			0.9242522077214852
4886.9			0.9405256301888294
4887.8			0.967452647954206
4888.7			0.9734393411392359
4889.6			0.9514497646659658
4890.5			0.89617330705872
4891.4			0.8797098914905985
4892.3			0.9628518149144246
4893.2			1.059609990637471
4894.1			1.1095661721735537
4895.0			1.1316622206636964
4895.9			1.1282834823819885
4896.8			1.1143980617798634
4897.7			1.1024445653020578
4898.6			1.0691374109783243
4899.5			1.0156756510168605
4900.4			0.9998154443148687
4901.3			1.0
4902.2			1.0
4903.1			1.0
4904.0			0.9906392779166615
4904.9			1.0286507665707612
4905.8			1.070731457291376
4906.7			1.0657229503645353
4907.6			1.0189570731253663
4908.5			0.9658961741712221
4909.4			0.9139279539417121
4910.3			1.0
4911.2			1.008188702449512
4912.1			1.0449588186625043
4913.0			1.0686009750304593
4913.9			1.081268019566487
4914.8			1.1083897392618
4915.7			1.126404903391792
4916.6			1.0929020378751666
4917.5			1.007004308765771
4918.4			0.8999217449921857
4919.3			0.8206465408333696
4920.2			0.7969621780891325
4921.1			0.8357013044478829
4922.0			0.9080227281616
4922.9			0.9444850446082708
4923.8			0.9230095539458144
4924.7			0.8952510655850916
4925.6			0.9148897211263414
4926.5			0.9544699143345746
4927.4			0.9680612436564888
4928.3			0.979677340755889
4929.2			0.9998096426911592
4930.1			1.0
4931.0			1.0
4931.9			1.0
4932.8			1.0
4933.7			0.9424677764060025
4934.6			0.9684799005478308
4935.5			1.0085347458179756
4936.4			0.980028047206115
4937.3			0.9052689125681265
4938.2			0.8405911969017931
4939.1			0.8375253865974386
4940.0			0.9065032381803553
4940.9			0.9799960850241534
4941.8			1.0008637454073015
4942.7			1.0027538148355717
4943.6			1.0
4944.5			1.0
4945.4			1.0
4946.3			1.0
4947.2			1.0
4948.1			1.0
4949.0			1.0
4949.9			1.0
4950.8			1.0
4951.7			1.0
4952.6			1.0
4953.5			1.0
4954.4			1.0
4955.3			0.9939729478840633
4956.2			0.9221209044822584
4957.1			0.811154425362286
4958.0			0.7963034408234406
4958.9			0.9044400708430019
4959.8			0.9930137357982101
4960.7			1.0014715297152939
4961.6			1.0
4962.5			1.0
4963.4			1.0
4964.3			1.0
4965.2			1.0
4966.1			1.0
4967.0			1.0
4967.9			1.0
4968.8			1.0
4969.7			1.0
4970.6			1.0
4971.5			1.0
4972.4			1.0
4973.3			1.0
4974.2			1.0
4975.1			0.9944986399580924
4976.0			0.975527492226497
4976.9			0.9579197344026038
4977.8			0.9325225432909654
4978.7			0.9134142965042433
4979.6			0.9234344705073994
4980.5			1.0
4981.4			0.9581422247256445
4982.3			0.894184835544172
4983.2			0.8710318184102469
4984.1			0.8974716629803879
4985.0			0.934391766466085
4985.9			0.9806946557085561
4986.8			1.041239328051659
4987.7			1.0654689938143014
4988.6			1.0379550614936628
4989.5			1.0070813997360668
4990.4			0.9880493190594739
4991.3			0.9900298297492603
4992.2			1.0154051038220593
4993.1			1.0146771017317726
4994.0			0.9953611267656294
4994.9			1.0081990630454478
4995.8			1.0226300187900423
4996.7			1.0135693186856163
4997.6			1.0055868385480549
4998.5			0.9868744371403461
4999.4			0.949056713490933
5000.3			0.9295142508861509
5001.2			0.9372091603360229
5002.1			0.9471920700469144
5003.0			0.9515826485289869
5003.9			0.9424714433872662
5004.8			0.9037342668123376
5005.7			0.8568109115314401
5006.6			0.8621105212307707
5007.5			0.9284717745521793
5008.4			0.9880902652490526
5009.3			0.9898951230933837
5010.2			0.9614536622062629
5011.1			0.927058612868872
5012.0			0.8737606575320142
5012.9			0.8227441565314823
5013.8			0.8060210316534991
5014.7			0.8343673146200721
5015.6			0.8851827526676967
5016.5			0.9036046863021044
5017.4			0.8836615194997545
5018.3			0.8757437478988336
5019.2			0.8993873211532172
5020.1			0.918321202863783
5021.0			0.9033652884645053
5021.9			0.8758125909757873
5022.8			0.8792416763423961
5023.7			0.9140111279420173
5024.6			0.9344495667208172
5025.5			0.9279683437708531
5026.4			0.9063285968029373
5027.3			0.8810702524861691
5028.2			0.8973869623117886
5029.1			0.9456799175050926
5030.0			0.9655534790098601
5030.9			0.9679564259699496
5031.8			1.0
5032.7			1.040246474324529
5033.6			1.0541856364967028
5034.5			1.009992204968905
5035.4			0.9302875023236217
5036.3			0.8984087340417723
5037.2			0.9345676263262469
5038.1			0.9490028859297522
5039.0			0.8981148138655712
5039.9			0.8181667268806346
5040.8			0.7618901952991388
5041.7			0.8032087724234505
5042.6			0.9334393532447953
5043.5			1.0369272009809885
5044.4			1.086379622789838
5045.3			1.131331616661193
5046.2			1.1592068529511197
5047.1			1.127824838751143
5048.0			1.0513655169744112
5048.9			1.0028099804251143
5049.8			1.0
5050.7			1.0
5051.6			1.0
5052.5			1.0
5053.4			1.0
5054.3			1.0
5055.2			1.0
5056.1			1.0
5057.0			1.0
5057.9			1.0
5058.8			1.0
5059.7			1.0023836726955961
5060.6			1.0205678012259982
5061.5			1.0432353116662445
5062.4			1.0396919033317602
5063.3			0.9917067536784799
5064.2			0.9168333486631036
5065.1			0.8822003363619694
5066.0			0.915665474932824
5066.9			0.9459958246059608
5067.8			0.9390641819255404
5068.7			0.9437709999299408
5069.6			0.9818938239939674
5070.5			1.0027990303135073
5071.4			1.0
5072.3			1.0
5073.2			1.025070708648626
5074.1			1.0607826987775266
5075.0			1.0546660712634963
5075.9			1.0422903862264834
5076.8			1.055482497510058
5077.7			1.0466129674209694
5078.6			0.9597001349305317
5079.5			0.8575354615491245
5080.4			0.8495951517404421
5081.3			0.9133649961125585
5082.2			0.9535249507310057
5083.1			0.9534661075055133
5084.0			0.9643161069704462
5084.9			0.9964457831655203
5085.8			1.0151538656974644
5086.7			1.0091657388990138
5087.6			1.000895549670592
5088.5			1.0
5089.4			1.0
5090.3			1.0
5091.2			1.0
5092.1			1.0
5093.0			1.0
5093.9			1.0
5094.8			0.9842651853852408
5095.7			0.9617953408674285
5096.6			0.9329360571923948
5097.5			0.8886004219368254
5098.4			1.0
5099.3			0.9874270621514658
5100.2			1.0560847788172225
5101.1			1.1282278438662336
5102.0			1.137356888858542
5102.9			1.0992827927240192
5103.8			1.0567392477032063
5104.7			1.0335681048731729
5105.6			1.0199307024359505
5106.5			0.9877153581636402
5107.4			0.9498784771242472
5108.3			0.9384581819299741
5109.2			0.9348166156073513
5110.1			0.9239858100294521
5111.0			0.9423727087601788
5111.9			1.0
5112.8			1.0137745658824815
5113.7			1.0167472284760584
5114.6			1.0243938744764194
5115.5			1.0295424835937066
5116.4			1.0465879540124265
5117.3			1.0727112605890219
5118.2			1.080338748767784
5119.1			1.06284117572322
5120.0			1.0280548948197072
5120.9			0.9900006081435975
5121.8			0.9552808278808277
5122.7			1.0
5123.6			0.9563368107361616
5124.5			0.9550483268231609
5125.4			0.9808582418577856
5126.3			0.9912964437064328
5127.2			0.9794363332115332
5128.1			0.9643111938155883
5129.0			0.9607913837026117
5129.9			0.9779572676990893
5130.8			1.0121347341760738
5131.7			1.0416386511583056
5132.6			1.0537721413910472
5133.5			1.0612416226401455
5134.4			1.082670903961044
5135.3			1.0934982526720005
5136.2			1.0560479371136184
5137.1			1.0034322918482086
5138.0			0.9708763652760615
5138.9			0.952081290236981
5139.8			0.9719228050787464
5140.7			1.0050341850276463
5141.6			0.9710621204692619
5142.5			0.916401159404969
5143.4			0.9352560043196513
5144.3			0.9781984502815395
5145.2			0.9699480150785026
5146.1			0.9375638585982684
5147.0			0.9189741607119732
5147.9			0.9290161572809674
5148.8			0.9595353252546962
5149.7			0.9682263119107187
5150.6			0.9379175822906638
5151.5			0.9110895516949
5152.4			0.9111732590774504
5153.3			0.919415741945893
5154.2			0.9328274170306942
5155.1			0.9603848587500233
5156.0			0.9935390699786176
5156.9			1.0210193882080967
5157.8			1.031131901314825
5158.7			1.0251430956725616
5159.6			1.0244700602005377
5160.5			1.026714175620276
5161.4			1.0
5162.3			0.9723934895986311
5163.2			0.9608752571038331
5164.1			0.9365680820070915
5165.0			0.8698938054344003
5165.9			0.772428984942814
5166.8			0.6815586117577559
5167.7			0.6705912474009397
5168.6			0.776937862385971
5169.5			0.9229947815176206
5170.4			0.9617491141547492
5171.3			0.8274456230742876
5172.2			0.6675712423917536
5173.1			0.6957419447318439
5174.0			0.9070668638598431
5174.9			1.1027836103091275
5175.8			1.1754926654591573
5176.7			1.1988554519204615
5177.6			1.0
5178.5			1.010161855342057
5179.4			0.9962493313835777
5180.3			0.964975152915956
5181.2			0.8952012550126721
5182.1			0.7486148336891173
5183.0			0.5828638669205408
5183.9			0.5569371950906433
5184.8			0.7091741476445598
5185.7			0.8869927246947884
5186.6			0.9728288439699999
5187.5			0.9785197210273269
5188.4			0.9709485681635899
5189.3			0.9997576762208414
5190.2			1.0
5191.1			1.0
5192.0			1.0
5192.9			1.0
5193.8			1.0
5194.7			1.0
5195.6			1.0
5196.5			1.0
5197.4			1.0
5198.3			1.0
5199.2			1.0
5200.1			1.0
5201.0			0.9954257128799513
5201.9			0.9871428566314739
5202.8			0.9843508887188657
5203.7			0.9589707288022311
5204.6			0.9010971399773563
5205.5			0.8665555065362937
5206.4			0.8782979412631853
5207.3			0.8779337925238009
5208.2			0.8521930077637214
5209.1			0.8628427376500407
5210.0			0.9114773137619658
5210.9			0.9622523422901564
5211.8			1.0157618439206146
5212.7			1.0622020639626888
5213.6			1.0759857215868214
5214.5			1.045095122411733
5215.4			0.9970199717811369
5216.3			1.0
5217.2			1.0
5218.1			1.0
5219.0			1.0
5219.9			1.0
5220.8			1.0063241034255759
5221.7			1.0019331296021463
5222.6			0.9744031621522042
5223.5			0.9273899079935171
5224.4			0.8719732770488006
5225.3			0.8146419578185722
5226.2			0.7705087139381026
5227.1			0.7875752195846611
5228.0			0.8809444856125566
5228.9			0.9680516853402299
5229.8			0.9973806141449775
5230.7			1.0089030437439679
5231.6			1.001774815249959
5232.5			1.0
5233.4			1.0
5234.3			1.0
5235.2			1.0
5236.1			1.0
5237.0			1.0
5237.9			1.0
5238.8			1.0
5239.7			1.0
5240.6			1.0152431733139906
5241.5			1.0190977546163233
5242.4			1.005080957887206
5243.3			1.006092101828314
5244.2			1.0318180375408679
5245.1			1.0317099132121224
5246.0			0.966080822897654
5246.9			0.8926902477645173
5247.8			0.8904274890798247
5248.7			0.9207170256475743
5249.6			0.905863970684788
5250.5			0.881856517383715
5251.4			0.9037219938366221
5252.3			0.9415279421168178
5253.2			0.9496662677353891
5254.1			1.0
5255.0			0.9755663992838626
5255.9			1.0212947013678186
5256.8			1.1043639103752698
5257.7			1.1501101799669
5258.6			1.1535223804920003
5259.5			1.1331242455162396
5260.4			1.090570777575241
5261.3			1.0244268169225303
5262.2			0.9503803208131382
5263.1			0.8946745250879725
5264.0			0.8595107376392059
5264.9			0.830389000172768
5265.8			0.8303882535832321
5266.7			0.8987445705469035
5267.6			0.9560192476285465
5268.5			0.8872623506599581
5269.4			0.7783762431852486
5270.3			0.8070139202010601
5271.2			0.9473272926736279
5272.1			1.034800883132597
5273.0			1.0348157225842
5273.9			1.0121102379257219
5274.8			0.986371653047195
5275.7			0.992790895245449
5276.6			1.0704068956900998
5277.5			1.0
5278.4			1.0153007804687488
5279.3			0.9802171415042604
5280.2			0.9316537283907027
5281.1			0.899438189032632
5282.0			0.8833154284083548
5282.9			0.8637322304018823
5283.8			0.8604455126879935
5284.7			0.9130656184844355
5285.6			0.9908929081051879
5286.5			1.025714054441597
5287.4			1.0102421155201053
5288.3			0.9905139752617104
5289.2			1.0
5290.1			1.0255674990895733
5291.0			1.0318009026095103
5291.9			1.012784770564394
5292.8			0.9869278486161212
5293.7			0.9747024533798414
5294.6			0.9690967821964441
5295.5			0.9367541729889031
5296.4			0.8708689519099637
5297.3			0.8084002463859628
5298.2			0.8075117486668516
5299.1			0.871351750937462
5300.0			0.9157319489980469
5300.9			0.9123019290949352
5301.8			0.915661705395897
5302.7			0.9523600845299736
5303.6			0.9997827463626721
5304.5			1.0274465339014929
5305.4			1.0245444004074826
5306.3			1.0003116266588126
5307.2			1.0
5308.1			1.0
5309.0			1.0
5309.9			1.0
5310.8			1.0
5311.7			1.0
5312.6			1.0
5313.5			1.0
5314.4			1.0
5315.3			1.0
5316.2			1.0
5317.1			0.9995242042692473
5318.0			1.016866440777226
5318.9			1.0234601474262663
5319.8			1.019159921649578
5320.7			1.0153121289727187
5321.6			1.0100764969489076
5322.5			0.9937503315382218
5323.4			0.9609505955109507
5324.3			0.9410394228826042
5325.2			0.9575688631908041
5326.1			0.9500880917545929
5327.0			0.8578086986444879
5327.9			0.7487740950374231
5328.8			0.7587508913886769
5329.7			0.8783951167129218
5330.6			0.9713140856551638
5331.5			0.9846782275108752
5332.4			0.9640932268307333
5333.3			0.9743957108068257
5334.2			1.018076085466682
5335.1			1.045323290314457
5336.0			1.0
5336.9			0.9885767567530602
5337.8			0.9889562294640852
5338.7			0.9690905217117123
5339.6			0.9112259297878327
5340.5			0.8714862036427957
5341.4			0.9035905292241143
5342.3			0.964179004313099
5343.2			0.9965505311252489
5344.1			1.0002384096612837
5345.0			1.0
5345.9			1.0
5346.8			1.0
5347.7			1.0
5348.6			1.0
5349.5			1.0
5350.4			1.0
5351.3			1.0
5352.2			1.0
5353.1			1.0
5354.0			1.0
5354.9			1.0
5355.8			1.0
5356.7			1.0
5357.6			1.0
5358.5			1.0
5359.4			1.0
5360.3			1.0
5361.2			1.0
5362.1			1.0
5363.0			0.998218691445568
5363.9			0.990906727682267
5364.8			0.9708699697650148
5365.7			0.9659727763060344
5366.6			0.974584652192472
5367.5			0.97409620421908
5368.4			0.9579847721191164
5369.3			0.9129848611851231
5370.2			0.8584240586432481
5371.1			0.8444888120863591
5372.0			0.8957992415149904
5372.9			0.9746110027640017
5373.8			1.0197521803886052
5374.7			1.0355943600807094
5375.6			1.0329543289229188
5376.5			1.0134314258351447
5377.4			1.002269360793114
5378.3			1.0049485130797475
5379.2			1.0
5380.1			0.9836913842204289
5381.0			0.9759678721516416
5381.9			0.9786736621181417
5382.8			0.978387351228118
5383.7			0.9893445291115124
5384.6			1.013316753235834
5385.5			1.0209738402830528
5386.4			1.009815738750099
5387.3			0.9964464337080643
5388.2			0.9791626282192599
5389.1			0.9561145074133569
5390.0			0.9419895655943898
5390.9			0.9416781145252259
5391.8			0.945312687749091
5392.7			0.9480513012344077
5393.6			0.946373341549134
5394.5			0.942787132038174
5395.4			0.9275131351639554
5396.3			0.8853112750151941
5397.2			0.8672410420789229
5398.1			0.9216523046464861
5399.0			0.9782473725314733
5399.9			0.9826909981456824
5400.8			0.9811234901001165
5401.7			1.0037023458537475
5402.6			1.0028796349618923
5403.5			0.9466412614367848
5404.4			0.8770606210666342
5405.3			0.846988877017896
5406.2			0.8730824142860657
5407.1			0.9307095886207785
5408.0			0.9625534098375154
5408.9			0.9453424419694926
5409.8			0.925600506809311
5410.7			0.9569882837666236
5411.6			1.0169151644359595
5412.5			1.0519773504318994
5413.4			1.0511382113714354
5414.3			1.0393393930380816
5415.2			1.0441798958909905
5416.1			1.0703213333405455
5417.0			1.088139591163814
5417.9			1.0779232643351226
5418.8			1.0528857830355842
5419.7			1.0
5420.6			0.9888520842500959
5421.5			1.0103701621921926
5422.4			1.0229892726036816
5423.3			0.9884782215973993
5424.2			0.9530119746483873
5425.1			0.9723857428154222
5426.0			1.0224518165874132
5426.9			1.0480892596200828
5427.8			1.0129565005509067
5428.7			0.9232451025555899
5429.6			0.8714077928444736
5430.5			0.9152253113287276
5431.4			0.9629766256083832
5432.3			0.9426890699169538
5433.2			0.9058301630765391
5434.1			0.8830799055932858
5435.0			0.8721873787813025
5435.9			0.8802506170187855
5436.8			0.9127921736192739
5437.7			0.9634258950220354
5438.6			1.0009955011913831
5439.5			1.0
5440.4			1.0
5441.3			1.0
5442.2			1.0
5443.1			0.9938897363466666
5444.0			0.9646173274164075
5444.9			0.9127002517659256
5445.8			0.8543466275517789
5446.7			0.8322921651963398
5447.6			0.8838982366155723
5448.5			0.9598095149495937
5449.4			0.9955993415305369
5450.3			0.99994692136234
5451.2			1.0
5452.1			0.9820007985380984
5453.0			0.958323299509835
5453.9			0.9161964856336318
5454.8			0.8656912518538513
5455.7			0.8607260982120586
5456.6			0.9228247219219609
5457.5			0.9903778466380417
5458.4			1.0135370534403494
5459.3			1.000302485232
5460.2			1.0
5461.1			1.0
5462.0			0.9702924098115169
5462.9			0.9489782716888253
5463.8			0.9690668335372605
5464.7			1.0102539870670746
5465.6			1.0189251291921095
5466.5			1.0076328577426945
5467.4			1.0152661384574333
5468.3			1.0246104233156368
5469.2			1.0058962414732417
5470.1			0.9803683021214921
5471.0			0.9814252076679826
5471.9			0.990506630024641
5472.8			0.9735774432222464
5473.7			0.9592955186040183
5474.6			0.9607632688794172
5475.5			0.9237677429475073
5476.4			0.8655137342789195
5477.3			0.8808508992828408
5478.2			0.9630619517815963
5479.1			1.0096302103972545
5480.0			0.9784950138035465
5480.9			0.921606309483783
5481.8			0.9097104407265433
5482.7			0.9420765073938947
5483.6			0.9889855858029024
5484.5			1.0364613201779027
5485.4			1.0521278148949254
5486.3			1.0187985387483174
5487.2			0.9723781098448179
5488.1			0.9647946634225312
5489.0			0.9834918684950846
5489.9			0.9902350214439409
5490.8			0.9997904670269868
5491.7			1.0
5492.6			1.0
5493.5			1.0
5494.4			1.0
5495.3			1.0
5496.2			1.0
5497.1			1.0
5498.0			1.0
5498.9			1.0
5499.8			1.0
5500.7			1.0
5501.6			1.0
5502.5			1.0
5503.4			1.0
5504.3			1.0
5505.2			0.9772267533294813
5506.1			0.9450923931112553
5507.0			0.9549499112230982
5507.9			0.9939556903346507
5508.8			1.0028206064847005
5509.7			0.9851515181759902
5510.6			0.9637589520927745
5511.5			0.9262359294814176
5512.4			0.892894579714779
5513.3			1.0
5514.2			1.0195350831239791
5515.1			1.0401347441913291
5516.0			1.0543677536222662
5516.9			1.066264442954289
5517.8			1.0940482548746688
5518.7			1.1153545690723377
5519.6			1.1097477133327622
5520.5			1.0917602895247465
5521.4			1.0753494295330883
5522.3			1.0644822939349663
5523.2			1.0601028600576152
5524.1			1.0544004169422754
5525.0			1.0365199908233353
5525.9			1.009371357518934
5526.8			0.9705268498825195
5527.7			0.9289968616323406
5528.6			0.9270916431047552
5529.5			0.9721236681165968
5530.4			1.0058937511336388
5531.3			1.0044610408091048
5532.2			0.9930742015323232
5533.1			0.9837249622820559
5534.0			0.9715795003327219
5534.9			0.9560844218174681
5535.8			0.9594516244795548
5536.7			0.9703616179347567
5537.6			0.9660286341111212
5538.5			0.9674833350931876
5539.4			0.9864856932477112
5540.3			1.0035835862184446
5541.2			1.000646703148734
5542.1			1.0
5543.0			1.0
5543.9			1.0
5544.8			1.0
5545.7			1.0
5546.6			1.0
5547.5			1.0
5548.4			1.0
5549.3			1.0
5550.200000000001			1.0
5551.1			1.0
5552.0			1.0
5552.9			1.0
5553.8			1.0
5554.700000000001			1.0
5555.6			1.0
5556.5			1.0
5557.4			1.0
5558.3			1.0
5559.200000000001			1.0
5560.1			1.0
5561.0			1.0
5561.9			1.0
5562.8			1.0
5563.700000000001			1.0
5564.6			1.0
5565.5			1.0
5566.4			1.0
5567.3			1.0
5568.200000000001			1.0
5569.1			1.0
5570.0			1.0
5570.9			1.0
5571.8			1.0
5572.700000000001			1.0
5573.6			1.0
5574.5			1.0
5575.4			1.0
5576.3			1.0
5577.200000000001			1.00898844958057
5578.1			1.0120770432052597
5579.0			1.0102306155117775
5579.9			1.025400660735563
5580.8			1.0311196402839535
5581.700000000001			1.0208628786512013
5582.6			1.0221384674545617
5583.5			1.0302589398120716
5584.4			1.018557256139165
5585.3			0.9865991758602863
5586.200000000001			0.9451878957041664
5587.1			0.911759980539608
5588.0			0.9061535315952899
5588.9			0.9226274493672418
5589.8			0.9480431009435493
5590.700000000001			0.9723431774178839
5591.6			0.9819777109225711
5592.5			0.9784247529729652
5593.4			0.975771525112133
5594.3			0.9853052937508523
5595.200000000001			1.0
5596.1			1.0386605090742138
5597.0			1.0221259815401607
5597.9			0.9724708250052947
5598.8			0.9488804661959054
5599.700000000001			0.9495407144439298
5600.6			0.9328862266638923
5601.5			0.902953807814762
5602.4			0.8908976845720826
5603.3			0.9141330916026159
5604.200000000001			0.9659614471186422
5605.1			1.0036423998181685
5606.0			1.0153126043375333
5606.9			1.0
5607.8			0.9969829010829468
5608.700000000001			0.9969370005272657
5609.6			1.0019511316842813
5610.5			1.008341127528887
5611.4			1.0165373228166847
5612.3			1.0210150334547794
5613.200000000001			1.0006548414482668
5614.1			0.9351894280468734
5615.0			0.8662509639941022
5615.9			0.8679111572145572
5616.8			0.9278630105751896
5617.700000000001			0.9678140727285749
5618.6			0.9673821529287182
5619.5			1.0
5620.4			1.004848362038692
5621.3			1.0198217929053688
5622.200000000001			1.0206322955728477
5623.1			0.9835750127333359
5624.0			0.9245475153871132
5624.9			0.9016065157108002
5625.8			0.9265780640868245
5626.700000000001			0.9512216608151578
5627.6			0.9552857235795955
5628.5			0.9689326790328757
5629.4			0.9988683595561181
5630.3			1.0
5631.200000000001			1.0
5632.1			1.0
5633.0			1.0
5633.9			1.0
5634.8			1.0
5635.700000000001			1.0
5636.6			1.0
5637.5			1.0
5638.4			1.0
5639.3			1.0
5640.200000000001			1.0
5641.1			1.0
5642.0			1.0
5642.9			1.0
5643.8			1.0
5644.700000000001			1.0
5645.6			1.0
5646.5			1.0
5647.4			1.001726940270015
5648.3			0.998188754463022
5649.200000000001			0.9906087962458692
5650.1			0.9893619908385207
5651.0			1.0017228519974766
5651.9			1.0183085337393598
5652.8			1.0212044491176542
5653.700000000001			1.0019668828343202
5654.6			0.9785658639071302
5655.5			0.981504662059361
5656.4			0.9866339786375549
5657.3			0.9408768586913557
5658.200000000001			0.8815639127725092
5659.1			0.8922530627265282
5660.0			0.95248045362176
5660.9			0.9760349644935218
5661.8			0.9560489660108112
5662.700000000001			0.9558526634646062
5663.6			0.995166918989951
5664.5			1.0352994568674438
5665.4			1.0398479355598211
5666.3			1.0136389775333425
5667.200000000001			0.9898997241051822
5668.1			0.987483144590793
5669.0			1.0002842701780958
5669.9			1.0
5670.8			1.0
5671.700000000001			1.0
5672.6			1.0
5673.5			1.0
5674.4			1.0
5675.3			1.0
5676.200000000001			1.0
5677.1			1.0
5678.0			1.0
5678.9			1.0
5679.8			1.0
5680.700000000001			1.0
5681.6			1.0
5682.5			1.0
5683.4			1.0
5684.3			1.0
5685.200000000001			1.0
5686.1			1.0
5687.0			1.0
5687.9			1.0
5688.8			1.0
5689.700000000001			1.0
5690.6			1.0
5691.5			1.0
5692.4			1.01020722285817
5693.3			1.0042881347297188
5694.200000000001			0.9917434968563565
5695.1			0.9932247300547715
5696.0			1.0007377027111592
5696.9			0.9912466454922683
5697.8			0.963003857585296
5698.700000000001			0.9433268148128449
5699.6			0.9351243599368584
5700.5			0.9204989812735885
5701.4			0.9096650821983282
5702.3			0.9221885150531733
5703.200000000001			0.9495730042248317
5704.1			0.9629386907143133
5705.0			0.9460987244781229
5705.9			0.9139955732862551
5706.8			0.8910288493263743
5707.700000000001			0.8767205658184236
5708.6			0.8629677471991822
5709.5			0.8627456923315511
5710.4			0.8711542621040466
5711.3			0.8729963737948335
5712.200000000001			0.8917980142762186
5713.1			0.9365634484928622
5714.0			0.969351847068969
5714.9			0.9780111392227516
5715.8			0.9820730294393084
5716.700000000001			0.9839057083826915
5717.6			0.9790528922781854
5718.5			0.9823022483336833
5719.4			0.9926319368406475
5720.3			0.9960516273458923
5721.200000000001			1.0008637157574873
5722.1			1.0109279746832451
5723.0			1.0155288306321377
5723.9			1.0103169835589803
5724.8			1.000162427589992
5725.700000000001			1.0
5726.6			1.0
5727.5			1.0
5728.4			1.0
5729.3			1.0
5730.200000000001			1.0
5731.1			1.0
5732.0			1.0
5732.9			1.0
5733.8			1.0
5734.700000000001			1.0
5735.6			1.0
5736.5			1.0
5737.4			1.0
5738.3			1.0
5739.200000000001			1.0
5740.1			1.0
5741.0			1.0
5741.9			1.0
5742.8			1.0
5743.700000000001			1.0
5744.6			1.0
5745.5			1.0
5746.4			1.0
5747.3			1.0
5748.200000000001			1.0
5749.1			1.019659993521046
5750.0			1.0493021636655466
5750.9			1.0456484183642174
5751.8			1.0045431616570304
5752.700000000001			0.9525725516526536
5753.6			0.9177857458992779
5754.5			0.9219078767422664
5755.4			0.9583434345490016
5756.3			0.9898696688815303
5757.200000000001			1.0011683841662546
5758.1			0.9991023410241504
5759.0			1.0
5759.9			1.0
5760.8			1.0
5761.700000000001			1.0
5762.6			1.0
5763.5			1.0
5764.4			1.0
5765.3			1.0
5766.200000000001			1.0
5767.1			1.0
5768.0			1.0
5768.9			1.0
5769.8			1.0
5770.700000000001			1.0
5771.6			1.0
5772.5			0.9958135585005539
5773.4			0.996741852421762
5774.3			0.9934189428226098
5775.200000000001			0.9977242110691944
5776.1			1.0144487909372442
5777.0			1.0262687319335735
5777.9			1.0249680045096876
5778.8			1.0080228252169066
5779.700000000001			0.9667194744317721
5780.6			0.9144647548861683
5781.5			0.8942614967806759
5782.4			0.9151795938778464
5783.3			0.933948934118993
5784.200000000001			0.9235792113082052
5785.1			0.9092479762367425
5786.0			0.9334929264929583
5786.9			0.9846036092356378
5787.8			1.0188165879158444
5788.700000000001			1.0310094878227754
5789.6			1.0223916748064503
5790.5			1.0002201599089469
5791.4			1.0
5792.3			1.0
5793.200000000001			1.0
5794.1			1.0
5795.0			1.0
5795.9			1.0
5796.8			1.0
5797.700000000001			1.0
5798.6			1.0
5799.5			1.0
5800.4			1.0
5801.3			1.0
5802.200000000001			1.0
5803.1			1.0
5804.0			1.0
5804.9			1.0
5805.8			1.0
5806.700000000001			1.0
5807.6			1.0
5808.5			1.0
5809.4			1.0
5810.3			1.0
5811.200000000001			1.0
5812.1			1.0
5813.0			1.0
5813.9			1.0
5814.8			1.0
5815.700000000001			1.0
5816.6			1.0
5817.5			1.0
5818.4			1.0
5819.3			1.0
5820.200000000001			1.0
5821.1			1.0
5822.0			1.0
5822.9			1.0
5823.8			1.0
5824.700000000001			1.0
5825.6			1.0
5826.5			1.0
5827.4			1.0
5828.3			1.0
5829.200000000001			1.0
5830.1			1.0
5831.0			1.0
5831.9			1.0
5832.8			1.0
5833.700000000001			1.0
5834.6			1.0
5835.5			1.0
5836.4			1.0
5837.3			1.0
5838.200000000001			1.0
5839.1			1.0
5840.0			1.0
5840.9			1.0
5841.8			1.0
5842.700000000001			1.0
5843.6			1.0
5844.5			1.0
5845.4			1.0
5846.3			1.0
5847.200000000001			0.9890068440837964
5848.1			0.9947240295739288
5849.0			1.011760585638373
5849.9			1.0230219718865754
5850.8			1.0195497566597882
5851.700000000001			0.9961927113496339
5852.6			0.9661666426342431
5853.5			0.9575468718553849
5854.4			0.9742540830938229
5855.3			0.9839172765294689
5856.200000000001			0.9612361725467967
5857.1			0.92333532518333
5858.0			0.9115327995415609
5858.9			0.9353967449679178
5859.8			0.9641553737136971
5860.700000000001			0.9819993706138398
5861.6			0.9850479016161549
5862.5			0.9834727062051767
5863.4			0.9933950786912287
5864.3			1.0016160192877073
5865.200000000001			0.9895792764998611
5866.1			0.9634198936901991
5867.0			0.9571581153331488
5867.9			0.9786027246899897
5868.8			0.9999308954573195
5869.700000000001			1.0
5870.6			1.0
5871.5			1.0
5872.4			1.0
5873.3			1.0
5874.200000000001			1.0
5875.1			1.0
5876.0			1.0
5876.9			1.0
5877.8			1.0
5878.700000000001			1.0
5879.6			1.0
5880.5			0.9940470996563869
5881.4			1.012749894841128
5882.3			1.0259653546177163
5883.200000000001			1.0192919923881405
5884.1			1.0148895863938094
5885.0			1.0289041196810293
5885.9			1.0446870766758738
5886.8			1.0400790435231788
5887.700000000001			0.9942633290967896
5888.6			0.8888253483144638
5889.5			0.7686444043589762
5890.4			0.7487863851303698
5891.3			0.8406640377948534
5892.200000000001			0.9201300377274682
5893.1			0.9449979563203647
5894.0			0.942159038735734
5894.9			0.8834782154432552
5895.8			0.8146249473481794
5896.700000000001			0.8442073002221142
5897.6			0.9351774633133851
5898.5			0.9789382209845358
5899.4			0.9837990950289541
5900.3			0.9998768338271506
5901.200000000001			1.0
5902.1			1.0
5903.0			1.0
5903.9			1.0
5904.8			1.0
5905.700000000001			1.0
5906.6			1.0
5907.5			1.0
5908.4			1.0
5909.3			1.0
5910.200000000001			1.0
5911.1			1.0
5912.0			1.0
5912.9			1.0
5913.8			1.0
5914.700000000001			1.0
5915.6			1.0
5916.5			1.0
5917.4			1.0
5918.3			1.0
5919.200000000001			1.0
5920.1			1.0
5921.0			1.0
5921.9			1.0
5922.8			1.0
5923.700000000001			1.0
5924.6			1.0
5925.5			1.0
5926.4			1.0
5927.3			1.0
5928.200000000001			1.0
5929.1			1.0
5930.0			1.0
5930.9			1.0
5931.8			1.0
5932.700000000001			1.0
5933.6			1.0
5934.5			1.0
5935.4			1.0
5936.3			1.0
5937.200000000001			1.0
5938.1			1.0
5939.0			1.0
5939.9			1.0
5940.8			1.0
5941.700000000001			1.0
5942.6			1.0
5943.5			1.0
5944.4			1.0
5945.3			1.0
5946.200000000001			1.0
5947.1			1.0
5948.0			1.0
5948.9			1.0
5949.8			1.0
5950.700000000001			1.0
5951.6			1.0
5952.5			1.0
5953.4			1.0
5954.3			1.0
5955.200000000001			1.0
5956.1			1.0
5957.0			1.0
5957.9			1.0
5958.8			1.0
5959.700000000001			1.0
5960.6			1.0
5961.5			1.0
5962.4			1.0
5963.3			1.0
5964.200000000001			1.0
5965.1			1.0
5966.0			1.0
5966.9			1.0
5967.8			1.0
5968.700000000001			1.0
5969.6			1.0
5970.5			1.0
5971.4			1.0
5972.3			1.0
5973.200000000001			1.0
5974.1			1.0
5975.0			1.0
5975.9			1.0
5976.8			1.0
5977.700000000001			1.0
5978.6			1.0
5979.5			1.0
5980.4			1.0
5981.3			1.0
5982.200000000001			1.0
5983.1			1.0
5984.0			1.0
5984.9			1.0
5985.8			1.0
5986.700000000001			1.0
5987.6			1.0
5988.5			1.0
5989.4			1.0
5990.3			1.0
5991.200000000001			1.0
5992.1			1.0
5993.0			1.0
5993.9			1.0
5994.8			1.0
5995.700000000001			1.0
5996.6			1.0
5997.5			1.0
5998.4			1.0
5999.3			1.0
6000.200000000001			1.0168018544942679
6001.1			1.0218131335512577
6002.0			1.007877599024463
6002.9			0.9916401663136948
6003.8			1.0001026197942975
6004.700000000001			1.0166430330254859
6005.6			1.011098858605869
6006.5			0.9883460986245609
6007.4			0.9590461147112131
6008.3			0.9495187640591369
6009.200000000001			0.9860027721696583
6010.1			1.0299610241092902
6011.0			1.0366929200841852
6011.9			1.0112374858031963
6012.8			0.9844649836754135
6013.700000000001			0.9863858001462387
6014.6			1.007331368400347
6015.5			1.0122666149310893
6016.4			1.0000625803563044
6017.3			1.0
6018.200000000001			1.0
6019.1			1.0
6020.0			1.0
6020.9			1.0
6021.8			1.0
6022.700000000001			1.0
6023.6			1.0
6024.5			1.0
6025.4			1.0
6026.3			1.0
6027.200000000001			1.0
6028.1			1.0
6029.0			1.0
6029.9			1.0
6030.8			1.0
6031.700000000001			1.0
6032.6			1.0
6033.5			1.0
6034.4			1.0
6035.3			1.0
6036.200000000001			1.0
6037.1			1.0
6038.0			1.0
6038.9			1.0
6039.8			1.0
6040.700000000001			1.0
6041.6			1.0
6042.5			1.0
6043.4			1.0
6044.3			1.0
6045.200000000001			1.0
6046.1			1.0
6047.0			1.0
6047.9			1.0
6048.8			1.0
6049.700000000001			1.0
6050.6			1.0
6051.5			1.0
6052.4			1.0
6053.3			1.0
6054.200000000001			1.0
6055.1			1.0
6056.0			1.0
6056.9			1.0
6057.8			1.0
6058.700000000001			1.0
6059.6			1.0
6060.5			1.0
6061.4			1.0
6062.3			1.0
6063.200000000001			1.0
6064.1			1.0
6065.0			1.0
6065.9			1.0
6066.8			1.0
6067.700000000001			1.0
6068.6			1.0
6069.5			1.0
6070.4			1.0
6071.3			1.0
6072.200000000001			1.0
6073.1			1.0
6074.0			1.0
6074.9			1.0
6075.8			1.0
6076.700000000001			1.0
6077.6			1.0
6078.5			1.0
6079.4			1.0
6080.3			1.0
6081.200000000001			1.0
6082.1			1.0
6083.0			1.0
6083.9			1.0
6084.8			1.0
6085.700000000001			1.0
6086.6			1.0
6087.5			1.0
6088.4			1.0
6089.3			1.0
6090.200000000001			1.0
6091.1			1.0
6092.0			1.0
6092.9			1.0
6093.8			1.0
6094.700000000001			1.0
6095.6			1.0
6096.5			1.0
6097.4			1.0
6098.3			1.0
6099.200000000001			1.0
6100.1			1.0053987644683373
6101.0			0.9787254394594547
6101.9			0.9203272072878514
6102.8			0.8803685360190417
6103.700000000001			0.9105303117518002
6104.6			0.9729382439632065
6105.5			0.9997966333425652
6106.4			1.0
6107.3			1.0
6108.200000000001			1.0
6109.1			1.0
6110.0			1.0
6110.9			1.0
6111.8			1.0
6112.700000000001			1.0
6113.6			1.0
6114.5			1.0
6115.4			1.0
6116.3			1.0
6117.200000000001			1.0
6118.1			1.0
6119.0			1.0
6119.9			1.0
6120.8			1.0
6121.700000000001			1.0
6122.6			1.0
6123.5			1.0
6124.4			1.0
6125.3			1.0
6126.200000000001			1.0
6127.1			1.0
6128.0			1.0
6128.9			1.0
6129.8			1.0
6130.700000000001			1.0
6131.6			1.0
6132.5			1.0
6133.4			1.0032506639552414
6134.3			0.9891508706359182
6135.200000000001			0.9458138601930038
6136.1			0.8735754205578513
6137.0			0.8215505463833399
6137.9			0.8536320177334978
6138.8			0.9467307434161076
6139.700000000001			1.0066378397412505
6140.6			0.9989578715847748
6141.5			1.0
6142.4			1.0
6143.3			1.0
6144.200000000001			1.0
6145.1			1.0
6146.0			1.0
6146.9			1.0
6147.8			1.0
6148.700000000001			1.0
6149.6			1.0
6150.5			1.0
6151.4			1.0
6152.3			1.0
6153.200000000001			1.0
6154.1			1.0
6155.0			1.0
6155.9			1.0
6156.8			1.0
6157.700000000001			1.0114250046887487
6158.6			1.0271492130461095
6159.5			1.0273025507154014
6160.4			0.9851622683426287
6161.3			0.9184455259120913
6162.200000000001			0.8783535912867774
6163.1			0.8882870445251494
6164.0			0.9318374807084976
6164.9			0.9761402314365646
6165.8			0.9938771939392295
6166.700000000001			0.9996112498683055
6167.6			1.0
6168.5			1.0
6169.4			1.0
6170.3			1.0
6171.200000000001			1.0
6172.1			1.0
6173.0			1.0
6173.9			1.0
6174.8			1.0
6175.700000000001			1.0
6176.6			1.0
6177.5			1.0
6178.4			1.0
6179.3			1.0
6180.200000000001			1.0
6181.1			1.0
6182.0			1.0
6182.9			1.0
6183.8			1.0
6184.700000000001			1.0
6185.6			0.987955696175879
6186.5			0.9701858848994347
6187.4			0.9584772154047935
6188.3			0.9537092847386908
6189.200000000001			0.9537841266253608
6190.1			0.9379413071886908
6191.0			0.8986011220916
6191.9			0.8973103970940399
6192.8			0.9557360309983902
6193.700000000001			0.9994721779202058
6194.6			1.0040632532101488
6195.5			1.0079404707575526
6196.4			1.02042360144292
6197.3			1.0224907950725795
6198.200000000001			0.9999254885169029
6199.1			1.0
6200.0			1.0
6200.9			1.0
6201.8			1.0
6202.700000000001			1.0
6203.6			1.0
6204.5			1.0
6205.4			1.0
6206.3			1.0
6207.200000000001			1.0
6208.1			1.0
6209.0			1.0
6209.9			1.0
6210.8			1.0
6211.700000000001			1.0
6212.6			1.0
6213.5			1.0
6214.4			1.0
6215.3			1.0
6216.200000000001			1.0
6217.1			1.0
6218.0			1.0
6218.9			1.0
6219.8			1.0
6220.700000000001			1.0
6221.6			1.0
6222.5			1.0
6223.4			1.0
6224.3			1.0
6225.200000000001			1.0
6226.1			1.0073005802151556
6227.0			1.001072804055803
6227.9			0.9919989111738519
6228.8			0.9717374479407915
6229.700000000001			0.9251311792091013
6230.6			0.880874224778997
6231.5			0.8846783808760965
6232.4			0.9185683081219788
6233.3			0.9476546750127843
6234.200000000001			0.9813385590820699
6235.1			1.0016044935249049
6236.0			1.0
6236.9			1.0
6237.8			1.0
6238.700000000001			1.0
6239.6			1.0
6240.5			1.0
6241.4			1.0
6242.3			1.0
6243.200000000001			1.0
6244.1			1.0
6245.0			1.0
6245.9			1.0
6246.8			1.0
6247.700000000001			1.0323854049749395
6248.6			1.0568198946923102
6249.5			1.0600749058959091
6250.4			1.0469057485918674
6251.3			1.0098337397637869
6252.200000000001			0.9654960241786309
6253.1			0.9484845981559191
6254.0			0.9592256123058571
6254.9			0.9732073963475802
6255.8			0.9690097720286744
6256.700000000001			0.9450244980847854
6257.6			0.92212841159718
6258.5			0.91548083649076
6259.4			0.943586271387403
6260.3			0.983231140150837
6261.200000000001			1.0021988544731482
6262.1			1.0233100062881304
6263.0			1.0461295407804796
6263.9			1.0365003434417475
6264.8			1.0007782507111298
6265.700000000001			0.9855590224728029
6266.6			1.006031048258253
6267.5			1.0246963449939726
6268.4			1.0186547519368288
6269.3			0.9992840376562296
6270.200000000001			1.0
6271.1			1.0
6272.0			1.0
6272.9			1.0
6273.8			1.0
6274.700000000001			1.0
6275.6			1.0
6276.5			1.0
6277.4			1.0
6278.3			1.0
6279.200000000001			1.0
6280.1			1.0
6281.0			1.0
6281.9			1.0
6282.8			1.0
6283.700000000001			1.0
6284.6			1.0
6285.5			1.0
6286.4			1.0
6287.3			1.0
6288.200000000001			1.0
6289.1			1.0
6290.0			1.0
6290.9			1.0
6291.8			1.0
6292.700000000001			1.0
6293.6			1.0
6294.5			1.0
6295.4			1.0
6296.3			1.0
6297.200000000001			1.0
6298.1			1.0
6299.0			1.0
6299.9			1.0
6300.8			1.0
6301.700000000001			1.0
6302.6			1.0
6303.5			1.0
6304.4			1.0
6305.3			1.0
6306.200000000001			1.0071647517316713
6307.1			1.0237621543826052
6308.0			1.034496995416242
6308.9			1.0287575318999695
6309.8			1.0085071533720025
6310.700000000001			0.988327167312699
6311.6			0.9791490383150265
6312.5			0.9850588398484241
6313.4			0.9880589490854812
6314.3			0.9633962051672249
6315.200000000001			0.9386551201284882
6316.1			0.9462504402803639
6317.0			0.9519096554398859
6317.9			0.9289864697219716
6318.8			0.9206075055257165
6319.700000000001			0.9518214768387041
6320.6			0.9855514909714133
6321.5			0.9887550204885099
6322.4			0.9778279972873843
6323.3			0.9904673336494804
6324.200000000001			1.0150799368271168
6325.1			1.023617238980158
6326.0			1.015008387817989
6326.9			1.002125227502135
6327.8			0.9977318298767829
6328.700000000001			1.0050574604000295
6329.6			1.0028055717251325
6330.5			0.9935518215335918
6331.4			1.0002868832983582
6332.3			1.0
6333.200000000001			1.0
6334.1			1.0
6335.0			1.0
6335.9			1.0
6336.8			1.0
6337.700000000001			1.0
6338.6			1.0
6339.5			1.0
6340.4			1.0
6341.3			1.0
6342.200000000001			1.0
6343.1			1.0
6344.0			1.0
6344.9			1.0
6345.8			1.0
6346.700000000001			1.0
6347.6			1.0
6348.5			1.0
6349.4			1.0009659572150766
6350.3			1.0010530644920883
6351.200000000001			1.0026007732748583
6352.1			1.0000426748235884
6353.0			0.9899193567574925
6353.9			0.970543831522543
6354.8			0.9543104262293842
6355.700000000001			0.9621608534804951
6356.6			0.9764178610234165
6357.5			0.9640165142047156
6358.4			0.9344993967701528
6359.3			0.9226185484077617
6360.200000000001			0.9286375366856333
6361.1			0.9272794539009418
6362.0			0.9163500167230751
6362.9			0.9118627749451399
6363.8			0.9204706912265521
6364.700000000001			0.9367499312794555
6365.6			0.9503446283963819
6366.5			0.9613158256724174
6367.4			0.979269138447812
6368.3			0.9942026452893025
6369.200000000001			0.9904425230432666
6370.1			0.9769825229122322
6371.0			0.9750768605258038
6371.9			0.9901278722103851
6372.8			1.006268801714778
6373.700000000001			1.0105164678555296
6374.6			1.0050443361141554
6375.5			1.0010568801708903
6376.4			1.0000344558685608
6377.3			1.0
6378.200000000001			1.0
6379.1			1.0
6380.0			1.0
6380.9			1.0
6381.8			1.0
6382.700000000001			1.0
6383.6			1.0
6384.5			1.0
6385.4			1.0
6386.3			1.0
6387.200000000001			1.0
6388.1			1.0
6389.0			1.0
6389.9			1.0
6390.8			1.0
6391.700000000001			1.0
6392.6			1.0
6393.5			1.0
6394.4			1.0
6395.3			1.0
6396.200000000001			1.023428974553896
6397.1			1.0244933164884165
6398.0			1.0025934804794583
6398.9			0.9543032089093021
6399.8			0.9059394731227556
6400.700000000001			0.9118315592811939
6401.6			0.9617593072608468
6402.5			0.9949414882705502
6403.4			0.9998731450654262
6404.3			1.0
6405.200000000001			1.0
6406.1			1.0
6407.0			1.0
6407.9			1.0
6408.8			1.0
6409.700000000001			1.0
6410.6			1.0
6411.5			1.0
6412.4			1.0
6413.3			1.0
6414.200000000001			1.0
6415.1			1.0
6416.0			1.0
6416.9			1.0
6417.8			1.0
6418.700000000001			1.0
6419.6			1.0
6420.5			1.0
6421.4			1.0
6422.3			1.0
6423.200000000001			1.0
6424.1			1.0
6425.0			1.0
6425.9			1.0
6426.8			1.0
6427.700000000001			1.0
6428.6			1.0
6429.5			1.0
6430.4			1.0
6431.3			1.0
6432.200000000001			1.0
6433.1			1.0
6434.0			1.0
6434.9			1.0
6435.8			1.0
6436.700000000001			1.0
6437.6			1.0
6438.5			1.0
6439.4			1.0
6440.3			1.0
6441.200000000001			1.0
6442.1			1.0
6443.0			1.0
6443.9			1.0
6444.8			1.0
6445.700000000001			1.0
6446.6			1.006278200265591
6447.5			0.9922987147483513
6448.4			0.9432574730692628
6449.3			0.8784083096812118
6450.200000000001			0.860671920642091
6451.1			0.9123517273874437
6452.0			0.9743745693602491
6452.9			1.0004102934805696
6453.8			0.998459269764895
6454.700000000001			1.0
6455.6			1.0
6456.5			1.0
6457.4			1.0
6458.3			1.0
6459.200000000001			1.0
6460.1			0.9998902377080351
6461.0			0.9747335704097085
6461.9			0.9254040603832594
6462.8			0.9008163020119381
6463.700000000001			0.9333520566564758
6464.6			0.9791319866531956
6465.5			0.9994137092385649
6466.4			1.0
6467.3			1.0
6468.200000000001			1.0
6469.1			1.0
6470.0			1.0
6470.9			1.0
6471.8			1.0
6472.700000000001			1.0
6473.6			1.0
6474.5			1.0
6475.4			1.0
6476.3			1.0
6477.200000000001			1.0
6478.1			1.0
6479.0			1.0
6479.9			1.0
6480.8			1.0
6481.700000000001			1.0
6482.6			1.0
6483.5			1.0
6484.4			1.0
6485.3			1.0
6486.200000000001			1.0
6487.1			1.0037849529271559
6488.0			1.007644666740533
6488.9			1.0043041691443593
6489.8			0.992991745162122
6490.700000000001			0.9814850565254556
6491.6			0.9715733169859586
6492.5			0.9500812764768995
6493.4			0.9028383483778207
6494.3			0.8532235132360375
6495.200000000001			0.8416341470969223
6496.1			0.8634411663967638
6497.0			0.8903806977790167
6497.9			0.9085328613064891
6498.8			0.9157826917218442
6499.700000000001			0.9325808590104764
6500.6			0.9643773052970517
6501.5			0.9860398884976549
6502.4			0.9953958701286448
6503.3			1.0003710977970002
6504.200000000001			1.0
6505.1			1.0
6506.0			1.0
6506.9			1.0
6507.8			1.0
6508.700000000001			1.0
6509.6			1.0
6510.5			1.0
6511.4			1.0
6512.3			1.0
6513.200000000001			1.0
6514.1			1.0
6515.0			1.0
6515.9			1.0
6516.8			1.0
6517.700000000001			1.0
6518.6			1.0
6519.5			1.0
6520.4			1.0
6521.3			1.0
6522.200000000001			1.0
6523.1			1.0
6524.0			1.0
6524.9			1.0
6525.8			1.0
6526.700000000001			1.0
6527.6			1.0
6528.5			1.0
6529.4			1.0
6530.3			1.0
6531.200000000001			1.0
6532.1			1.0
6533.0			1.0
6533.9			1.0
6534.8			1.0
6535.700000000001			1.0
6536.6			1.0
6537.5			1.0
6538.4			1.0
6539.3			1.0
6540.200000000001			1.0
6541.1			1.0
6542.0			1.0
6542.9			1.0
6543.8			1.0
6544.700000000001			1.0
6545.6			1.0
6546.5			1.0
6547.4			1.0
6548.3			1.0
6549.200000000001			1.0
6550.1			1.0
6551.0			1.0
6551.9			1.0
6552.8			1.0
6553.700000000001			1.0
6554.6			1.0
6555.5			1.0
6556.4			1.0
6557.3			1.0
6558.200000000001			0.9991852978134658
6559.1			0.9811422497821803
6560.0			0.9453931868961212
6560.9			0.8517530871699671
6561.8			0.6983448232239431
6562.700000000001			0.6212461726958555
6563.6			0.7258709725827142
6564.5			0.8900247261309975
6565.4			0.9743004678926408
6566.3			0.9960630698386811
6567.200000000001			0.9979937043452023
6568.1			1.0
6569.0			1.0
6569.9			1.0
6570.8			1.0
6571.700000000001			1.0
6572.6			1.0
6573.5			1.0
6574.4			1.0
6575.3			1.0
6576.200000000001			1.0
6577.1			1.0
6578.0			1.0
6578.9			1.0
6579.8			1.0
6580.700000000001			1.0
6581.6			1.0
6582.5			1.0
6583.4			1.0
6584.3			1.0
6585.200000000001			1.0
6586.1			1.0
6587.0			1.0
6587.9			1.0
6588.8			1.0
6589.700000000001			1.0028973908574177
6590.6			0.9954635642845479
6591.5			0.958919252986086
6592.4			0.9099418064581686
6593.3			0.9023392712586186
6594.200000000001			0.9478113369220426
6595.1			0.9942014482763533
6596.0			1.0070818756404456
6596.9			0.9979210487112168
6597.8			1.0
6598.700000000001			1.0
6599.6			1.0
6600.5			1.0
6601.4			1.0
6602.3			1.0
6603.200000000001			1.0
6604.1			1.0
6605.0			1.0
6605.9			1.0
6606.8			1.0
6607.700000000001			1.0
6608.6			1.0
6609.5			1.0
6610.4			1.0
6611.3			1.0
6612.200000000001			1.0
6613.1			1.0
6614.0			1.0
6614.9			1.0
6615.8			1.0
6616.700000000001			1.0
6617.6			1.0
6618.5			1.0
6619.4			1.0
6620.3			1.0
6621.200000000001			1.0
6622.1			1.0
6623.0			1.0
6623.9			1.0
6624.8			1.0
6625.700000000001			1.0
6626.6			1.0
6627.5			1.0
6628.4			1.0
6629.3			1.0
6630.200000000001			1.0
6631.1			1.0
6632.0			1.0
6632.9			1.0
6633.8			1.0
6634.700000000001			1.0
6635.6			1.0
6636.5			1.0
6637.4			1.0
6638.3			1.0
6639.200000000001			1.0
6640.1			1.0
6641.0			1.0
6641.9			1.0
6642.8			1.0
6643.700000000001			1.0
6644.6			1.0
6645.5			1.0
6646.4			1.0
6647.3			1.0
6648.200000000001			1.0
6649.1			1.0
6650.0			1.0
6650.9			1.0
6651.8			1.0
6652.700000000001			1.0
6653.6			1.0
6654.5			1.0
6655.4			1.0
6656.3			1.0
6657.200000000001			1.0
6658.1			1.0
6659.0			1.0
6659.9			1.0
6660.8			1.0
6661.700000000001			1.0
6662.6			1.0
6663.5			1.0
6664.4			1.0
6665.3			1.0
6666.200000000001			1.0
6667.1			1.0
6668.0			1.0
6668.9			1.0
6669.8			1.0
6670.700000000001			1.0
6671.6			1.0
6672.5			1.0
6673.4			1.0
6674.3			1.001744902521003
6675.200000000001			1.0049247536958945
6676.1			0.997033328000833
6677.0			0.966531908393092
6677.9			0.9282489014887936
6678.8			0.9206964926378061
6679.700000000001			0.9524987964509453
6680.6			0.9865042835946709
6681.5			1.0004413411480548
6682.4			1.0015798868743435
6683.3			0.9995648966086231
6684.200000000001			1.0
6685.1			1.0
6686.0			1.0
6686.9			1.0
6687.8			1.0
6688.700000000001			1.0
6689.6			1.0
6690.5			1.0
6691.4			1.0
6692.3			1.0
6693.200000000001			1.0
6694.1			1.0
6695.0			1.0
6695.9			1.0
6696.8			1.0
6697.700000000001			1.0
6698.6			1.0
6699.5			1.0
6700.4			1.0
6701.3			1.0
6702.200000000001			1.0
6703.1			1.0
6704.0			1.0
6704.9			1.0
6705.8			1.0
6706.700000000001			1.0
6707.6			1.0
6708.5			1.0
6709.4			1.0
6710.3			1.0
6711.200000000001			1.0
6712.1			1.0
6713.0			1.0
6713.9			1.0
6714.8			1.0
6715.700000000001			1.0
6716.6			1.0
6717.5			1.0
6718.4			1.0
6719.3			1.0
6720.200000000001			1.0
6721.1			1.0
6722.0			1.0
6722.9			1.0
6723.8			1.0
6724.700000000001			1.0
6725.6			1.0
6726.5			1.0
6727.4			1.0
6728.3			1.0
6729.200000000001			1.0
6730.1			1.0
6731.0			1.0
6731.9			1.0
6732.8			1.0
6733.700000000001			1.0
6734.6			1.0
6735.5			1.0
6736.4			1.0
6737.3			1.0
6738.200000000001			1.0
6739.1			1.0
6740.0			1.0
6740.9			1.0
6741.8			1.0
6742.700000000001			1.0
6743.6			1.0
6744.5			1.0
6745.4			1.0
6746.3			1.0
6747.200000000001			1.0
6748.1			1.0
6749.0			1.0
6749.9			1.0
6750.8			1.0
6751.700000000001			1.0
6752.6			1.0
6753.5			1.0
6754.4			1.0
6755.3			1.0
6756.200000000001			1.0
6757.1			1.0
6758.0			1.0
6758.9			1.0
6759.8			1.0
6760.700000000001			1.0
6761.6			1.0
6762.5			1.0
6763.4			1.0
6764.3			1.0
6765.200000000001			1.0
6766.1			1.0
6767.0			1.0
6767.9			1.0
6768.8			1.0
6769.700000000001			1.0
6770.6			1.0
6771.5			1.0
6772.4			1.0
6773.3			1.0
6774.200000000001			1.0
6775.1			1.0
6776.0			1.0
6776.9			1.0
6777.8			1.0
6778.700000000001			1.0
6779.6			1.0
6780.5			1.0
6781.4			1.0
6782.3			1.0
6783.200000000001			1.0
6784.1			1.0
6785.0			1.0
6785.9			1.0
6786.8			1.0
6787.700000000001			1.0
6788.6			1.0
6789.5			1.0
6790.4			1.0
6791.3			1.0
6792.200000000001			1.0
6793.1			1.0
6794.0			1.0
6794.9			1.0
6795.8			1.0
6796.700000000001			1.0
6797.6			1.0
6798.5			1.0
6799.4			1.0
6800.3			1.0
6801.200000000001			1.0
6802.1			1.0
6803.0			1.0
6803.9			1.0
6804.8			1.0
6805.700000000001			1.0
6806.6			1.0
6807.5			1.0
6808.4			1.0
6809.3			1.0
6810.200000000001			1.0
6811.1			1.0
6812.0			1.0
6812.9			1.0
6813.8			1.0
6814.700000000001			1.0
6815.6			1.0
6816.5			1.0
6817.4			1.0
6818.3			1.0
6819.200000000001			1.0
6820.1			1.0
6821.0			1.0
6821.9			1.0
6822.8			1.0
6823.700000000001			1.0
6824.6			1.0
6825.5			1.0
6826.4			1.0
6827.3			1.0
6828.200000000001			1.0
6829.1			1.0
6830.0			1.0
6830.9			1.0
6831.8			1.0
6832.700000000001			1.0
6833.6			1.0
6834.5			1.0
6835.4			1.0
6836.3			1.0
6837.200000000001			1.0
6838.1			1.0
6839.0			1.0
6839.9			1.0
6840.8			1.0
6841.700000000001			1.0
6842.6			1.0
6843.5			1.0
6844.4			1.0
6845.3			1.0
6846.200000000001			1.0
6847.1			1.0
6848.0			1.0
6848.9			1.0
6849.8			1.0
6850.700000000001			1.0
6851.6			1.0
6852.5			1.0
6853.4			1.0
6854.3			1.0
6855.200000000001			1.0
6856.1			1.0
6857.0			1.0
6857.9			1.0
6858.8			1.0
6859.700000000001			1.0
6860.6			1.0
6861.5			1.0
6862.4			1.0
6863.3			1.0
6864.200000000001			1.0
6865.1			1.0
6866.0			1.0
6866.9			1.0
6867.8			1.0
6868.700000000001			1.0
6869.6			1.0
6870.5			1.0
6871.4			1.0
6872.3			1.0
6873.200000000001			1.0
6874.1			1.0
6875.0			1.0
6875.9			1.0
6876.8			1.0
6877.700000000001			1.0
6878.6			1.0
6879.5			1.0
6880.4			1.0
6881.3			1.0
6882.200000000001			1.0
6883.1			1.0
6884.0			1.0
6884.9			1.0
6885.8			1.0
6886.700000000001			1.0
6887.6			1.0
6888.5			1.0
6889.4			1.0
6890.3			1.0
6891.200000000001			1.0
6892.1			1.0
6893.0			1.0
6893.9			1.0
6894.8			1.0
6895.700000000001			1.0
6896.6			1.0
6897.5			1.0
6898.4			1.0
6899.3			1.0
6900.200000000001			1.0
6901.1			1.0
6902.0			1.0
6902.9			1.0
6903.8			1.0
6904.700000000001			1.0
6905.6			1.0
6906.5			1.0
6907.4			1.0
6908.3			1.0
6909.200000000001			1.0
6910.1			1.0
6911.0			1.0
6911.9			1.0
6912.8			1.0
6913.700000000001			1.0
6914.6			1.0
6915.5			1.0
6916.4			1.0
6917.3			1.0
6918.200000000001			1.0
6919.1			1.0
6920.0			1.0
6920.9			1.0
6921.8			1.0
6922.700000000001			1.0
6923.6			1.0
6924.5			1.0
6925.4			1.0
6926.3			1.0
6927.200000000001			1.0
6928.1			1.0
6929.0			1.0
6929.9			1.0
6930.8			1.0
6931.700000000001			1.0
6932.6			1.0
6933.5			1.0
6934.4			1.0
6935.3			1.0
6936.200000000001			1.0
6937.1			1.0
6938.0			1.0
6938.9			1.0
6939.8			1.0
6940.700000000001			1.0
6941.6			1.0
6942.5			1.0
6943.4			1.0
6944.3			1.0
6945.200000000001			1.0
6946.1			1.0
6947.0			1.0
6947.9			1.0
6948.8			1.0
6949.700000000001			1.0
6950.6			1.0
6951.5			1.0
6952.4			1.0
6953.3			1.0
6954.200000000001			1.0
6955.1			1.0
6956.0			1.0
6956.9			1.0
6957.8			1.0
6958.700000000001			1.0
6959.6			1.0
6960.5			1.0
6961.4			1.0
6962.3			1.0
6963.200000000001			1.0
6964.1			1.0
6965.0			1.0
6965.9			1.0
6966.8			1.0
6967.700000000001			1.0
6968.6			1.0
6969.5			1.0
6970.4			1.0
6971.3			1.0
6972.200000000001			1.0
6973.1			1.008574029144544
6974.0			1.0051136164228949
6974.9			0.9884703559818052
6975.8			0.9682667650812721
6976.700000000001			0.9447769448062642
6977.6			0.9126653917860481
6978.5			0.8882619898483022
6979.4			0.9017360221415972
6980.3			0.9434409515990972
6981.200000000001			0.9753604672577603
6982.1			0.9896716184741997
6983.0			0.998105700773389
6983.9			1.0008177059330823
6984.8			1.0
6985.700000000001			1.0
6986.6			1.0
6987.5			1.0
6988.4			1.0
6989.3			1.0
6990.200000000001			1.0
6991.1			1.0
6992.0			1.0
6992.9			1.0
6993.8			1.0
6994.700000000001			0.998834354834871
6995.6			1.0030923200888402
6996.5			1.004949445735013
6997.4			0.9992551104990414
6998.3			0.9850053126447676
6999.200000000001			0.9677981611439762
7000.1			0.9605865564899764
7001.0			0.9711133008470263
7001.9			0.9897164464756936
7002.8			0.996093990249317
7003.700000000001			0.9842443556453901
7004.6			0.9714889740596924
7005.5			0.9726060746695474
7006.4			0.9843861023023909
7007.3			0.9960850409788089
7008.200000000001			1.0033892577129964
7009.1			1.0108383902553464
7010.0			1.0118233364327982
7010.9			1.0026809848811273
7011.8			0.9983742201496076
7012.700000000001			1.0069331863864097
7013.6			1.0112358901111613
7014.5			0.9868763074167416
7015.4			0.9370719508432629
7016.3			0.9112861067805101
7017.200000000001			0.9451453586245634
7018.1			1.0020611214815787
7019.0			1.0378487434723334
7019.9			1.0495545350748618
7020.8			1.0463890226894081
7021.700000000001			1.0282968149098524
7022.6			1.000696138201239
7023.5			0.9827185055351556
7024.4			0.9849363601090975
7025.3			1.001706847914479
7026.200000000001			1.0192040277057868
7027.1			1.02932055242676
7028.0			1.0323606065723445
7028.9			1.0333027996862625
7029.8			1.0368298022471145
7030.700000000001			1.0407489584202254
7031.6			1.0410150080130036
7032.5			1.0439199560983714
7033.4			1.046249982470823
7034.3			1.045622243830789
7035.200000000001			1.0519297129259364
7036.1			1.055378382261215
7037.0			1.0318950697657745
7037.9			1.0007894089059082
7038.8			1.0
7039.700000000001			1.0
7040.6			1.0
7041.5			1.0
7042.4			1.0
7043.3			1.0
7044.200000000001			1.0
7045.1			1.0
7046.0			1.0
7046.9			1.0
7047.8			1.0
7048.700000000001			1.0
7049.6			1.0
7050.5			1.0
7051.4			1.0
7052.3			1.0
7053.200000000001			1.0
7054.1			1.0
7055.0			1.0
7055.9			1.0
7056.8			1.0
7057.700000000001			1.0
7058.6			1.0
7059.5			1.0
7060.4			1.0
7061.3			1.0
7062.200000000001			1.0
7063.1			1.0
7064.0			1.0
7064.9			1.0
7065.8			1.0
7066.700000000001			1.0
7067.6			0.9792859452994078
7068.5			0.9794992016690786
7069.4			1.002282071829618
7070.3			1.0220034209182451
7071.200000000001			1.0269243072404453
7072.1			1.0265078643734808
7073.0			1.0321697032354051
7073.9			1.0363586699061758
7074.8			1.0298185410951866
7075.700000000001			1.0224577773475585
7076.6			1.0243002824252794
7077.5			1.0286126654116352
7078.4			1.027647262748683
7079.3			1.0236045372146683
7080.200000000001			1.018717120245356
7081.1			1.0090213978691143
7082.0			0.9846705624461881
7082.9			0.9425879665848257
7083.8			0.9037515806338444
7084.700000000001			0.8984602686617837
7085.6			0.923881964481576
7086.5			0.9478247863630712
7087.4			0.9557493257557906
7088.3			0.9508905286281282
7089.200000000001			0.9360413080922417
7090.1			0.9239900281036012
7091.0			0.9219464687467395
7091.9			0.9229716740223224
7092.8			0.9209603411443463
7093.700000000001			0.9151500110852903
7094.6			0.9078518455298007
7095.5			0.9046096989709974
7096.4			0.9063040275541431
7097.3			0.9319618867853801
7098.200000000001			0.9910552164146674
7099.1			1.0187150224348778
7100.0			1.0140926043053688
7100.9			1.0036420854374088
7101.8			0.9999890764855195
7102.700000000001			1.0
7103.6			1.0
7104.5			1.0
7105.4			1.0
7106.3			1.0
7107.200000000001			1.0
7108.1			1.0
7109.0			1.0
7109.9			1.0
7110.8			1.0
7111.700000000001			1.0
7112.6			1.0
7113.5			1.0
7114.4			1.0
7115.3			1.0
7116.200000000001			1.0
7117.1			1.0
7118.0			1.0
7118.9			1.0
7119.8			1.0
7120.700000000001			1.0
7121.6			1.0
7122.5			1.0
7123.4			1.0
7124.3			1.0
7125.200000000001			1.0
7126.1			1.0
7127.0			1.0
7127.9			1.0
7128.8			1.0
7129.700000000001			1.0
7130.6			1.0
7131.5			1.0
7132.4			1.0
7133.3			1.0
7134.200000000001			1.0
7135.1			1.0
7136.0			1.0
7136.9			1.0
7137.8			1.0
7138.700000000001			1.0
7139.6			1.0
7140.5			1.0
7141.4			1.0
7142.3			1.0
7143.200000000001			1.0
7144.1			1.0
7145.0			1.0
7145.9			1.0
7146.8			1.0
7147.700000000001			1.0
7148.6			1.0
7149.5			1.0
7150.4			1.0
7151.3			1.0
7152.200000000001			1.0
7153.1			1.0
7154.0			1.0
7154.9			1.0
7155.8			1.0
7156.700000000001			1.0
7157.6			1.0
7158.5			1.0
7159.4			1.0
7160.3			1.0
7161.200000000001			1.0
7162.1			1.0
7163.0			1.0
7163.9			1.0
7164.8			1.0
7165.700000000001			1.0
7166.6			1.0
7167.5			1.0
7168.4			1.0
7169.3			0.9930392625689498
7170.200000000001			0.9954648858832282
7171.1			1.0063191579981734
7172.0			1.0166930821858715
7172.9			1.0188564639567779
7173.8			1.003116851821048
7174.700000000001			0.9787105287949374
7175.6			0.9769156783201893
7176.5			1.0007377591214248
7177.4			1.0
7178.3			1.0
7179.200000000001			1.0
7180.1			1.0
7181.0			1.0
7181.9			1.0
7182.8			1.0
7183.700000000001			1.0
7184.6			1.0
7185.5			1.0
7186.4			1.0
7187.3			1.0
7188.200000000001			1.0
7189.1			1.0
7190.0			1.0
7190.9			1.0
7191.8			1.0
7192.700000000001			1.0
7193.6			1.0
7194.5			1.0
7195.4			1.0
7196.3			1.0
7197.200000000001			1.0
7198.1			1.0
7199.0			1.0
7199.9			1.0
7200.8			1.0
7201.700000000001			1.0
7202.6			1.0
7203.5			1.0108838647277534
7204.4			1.0010468365275023
7205.3			0.9669318120335292
7206.200000000001			0.9328245975939564
7207.1			0.9273166059954144
7208.0			0.9464409338633964
7208.9			0.9789670002271614
7209.8			1.0067633781430965
7210.700000000001			1.0130599343163658
7211.6			1.0037190420014694
7212.5			0.9910205980198807
7213.4			0.9824398738774764
7214.3			0.9826735238657692
7215.200000000001			0.9964663566762378
7216.1			1.0165448527313434
7217.0			1.0286482580899874
7217.9			1.0234105205071866
7218.8			1.0134807266353365
7219.700000000001			1.0085429219467406
7220.6			1.0042806241337863
7221.5			1.0015105417106995
7222.4			1.0068115432269462
7223.3			1.0239027431893175
7224.200000000001			1.0376431621385118
7225.1			1.0398610803330157
7226.0			1.036038009979207
7226.9			1.0282029997468138
7227.8			1.0236050237604857
7228.700000000001			1.0286384809392188
7229.6			1.0428872784109688
7230.5			1.0568639685680896
7231.4			1.0695749334557796
7232.3			1.0752214183850939
7233.200000000001			1.0652982497018435
7234.1			1.051646319815007
7235.0			1.043518401324738
7235.9			1.039884547061385
7236.8			1.0340194402944
7237.700000000001			1.0246075003343171
7238.6			1.0245732854463843
7239.5			1.0408493456383758
7240.4			1.0553008440415297
7241.3			1.047874935000245
7242.200000000001			1.0285987791496867
7243.1			1.0148818817684302
7244.0			1.0080617824330542
7244.9			1.0154478477201314
7245.8			1.0328712636006163
7246.700000000001			1.0417307067734232
7247.6			1.0362153980692759
7248.5			1.0174235219455565
7249.4			0.9965808762991303
7250.3			0.9926550854720051
7251.200000000001			1.0124502666670223
7252.1			1.0370841166448292
7253.0			1.040586438774571
7253.9			1.0293199919047704
7254.8			1.0286690314799338
7255.700000000001			1.0429976857392773
7256.6			1.052397781027625
7257.5			1.0419728343937906
7258.4			1.01468237295103
7259.3			0.9831365983001673
7260.200000000001			0.9740496356568974
7261.1			0.9999351585583812
7262.0			1.0
7262.9			1.0
7263.8			1.0
7264.700000000001			1.0
7265.6			1.0
7266.5			1.0
7267.4			1.0
7268.3			1.0
7269.200000000001			1.0
7270.1			1.0
7271.0			1.0
7271.9			1.0
7272.8			1.0
7273.700000000001			1.0
7274.6			1.0
7275.5			1.0
7276.4			1.0
7277.3			1.0
7278.200000000001			1.0
7279.1			1.0
7280.0			1.0
7280.9			1.0
7281.8			1.0
7282.700000000001			1.0
7283.6			1.0
7284.5			1.0
7285.4			1.0
7286.3			1.0
7287.200000000001			1.0
7288.1			1.0
7289.0			1.0
7289.9			1.0
7290.8			1.0
7291.700000000001			1.0
7292.6			1.0
7293.5			1.0
7294.4			1.0
7295.3			1.0
7296.200000000001			1.0
7297.1			1.0
7298.0			1.0
7298.9			1.0
7299.8			1.0
7300.700000000001			1.0
7301.6			1.0
7302.5			1.0
7303.4			1.0
7304.3			1.0
7305.200000000001			1.0
7306.1			1.0
7307.0			1.0
7307.9			1.0
7308.8			1.0
7309.700000000001			1.0
7310.6			1.0
7311.5			1.0
7312.4			1.0
7313.3			1.0
7314.200000000001			1.0
7315.1			1.0
7316.0			1.0
7316.9			1.0
7317.8			1.0
7318.700000000001			1.0
7319.6			1.0
7320.5			1.0
7321.4			1.0
7322.3			1.0
7323.200000000001			1.0
7324.1			1.0
7325.0			1.0
7325.9			1.0
7326.8			1.0
7327.700000000001			1.0
7328.6			1.0
7329.5			1.0
7330.4			1.0
7331.3			1.0
7332.200000000001			1.0
7333.1			1.0
7334.0			1.0
7334.9			1.0
7335.8			1.0
7336.700000000001			1.0
7337.6			1.0
7338.5			1.0
7339.4			1.0
7340.3			1.0
7341.200000000001			1.0
7342.1			1.0
7343.0			1.0
7343.9			1.0
7344.8			1.0
7345.700000000001			1.0
7346.6			1.0
7347.5			1.0
7348.4			1.0
7349.3			1.0
7350.200000000001			1.0
7351.1			1.0
7352.0			1.0
7352.9			1.0
7353.8			1.0
7354.700000000001			1.0
7355.6			1.0
7356.5			1.0
7357.4			1.0
7358.3			1.0
7359.200000000001			1.0
7360.1			1.0
7361.0			1.0
7361.9			1.0
7362.8			1.0
7363.700000000001			1.0
7364.6			1.0
7365.5			1.0
7366.4			1.0
7367.3			1.0
7368.200000000001			1.0
7369.1			1.0
7370.0			1.0
7370.9			1.0
7371.8			1.0
7372.700000000001			1.0
7373.6			1.0
7374.5			1.0
7375.4			1.0
7376.3			1.0
7377.200000000001			1.0
7378.1			1.0
7379.0			1.0
7379.9			1.0
7380.8			1.0
7381.700000000001			1.0
7382.6			1.0
7383.5			1.0
7384.4			1.0
7385.3			1.0
7386.200000000001			1.0
7387.1			1.0
7388.0			1.0
7388.9			1.0
7389.8			1.0
7390.700000000001			1.0
7391.6			1.0
7392.5			1.0
7393.4			1.0
7394.3			1.0
7395.200000000001			1.0
7396.1			1.0
7397.0			1.0
7397.9			1.0
7398.8			1.0
7399.700000000001			1.0
7400.6			1.0
7401.5			1.0
7402.4			1.0
7403.3			1.0
7404.200000000001			1.0
7405.1			1.0
7406.0			1.0
7406.9			1.0
7407.8			1.0
7408.700000000001			1.0
7409.6			1.0
7410.5			1.0
7411.4			1.0
7412.3			1.0
7413.200000000001			1.0
7414.1			1.0
7415.0			1.0
7415.9			1.0
7416.8			1.0
7417.700000000001			1.0
7418.6			1.0
7419.5			1.0
7420.4			1.0
7421.3			1.0
7422.200000000001			1.0
7423.1			1.0
7424.0			1.0
7424.9			1.0
7425.8			1.0
7426.700000000001			1.0
7427.6			1.0
7428.5			1.0
7429.4			1.0
