3500.0			1.0
3500.9			1.0
3501.8			1.0
3502.7			1.0
3503.6			1.0
3504.5			1.0
3505.4			1.0
3506.3			1.0
3507.2			1.0
3508.1			1.0
3509.0			1.0
3509.9			1.0
3510.8			1.0
3511.7			1.0
3512.6			1.0
3513.5			1.0
3514.4			1.0
3515.3			1.0
3516.2			1.0
3517.1			1.0
3518.0			1.0
3518.9			1.0
3519.8			1.0
3520.7			1.0
3521.6			1.0
3522.5			1.0
3523.4			1.0
3524.3			1.0
3525.2			1.0
3526.1			1.0
3527.0			1.0
3527.9			1.0
3528.8			1.0
3529.7			1.0
3530.6			1.0
3531.5			1.0
3532.4			1.0
3533.3			1.0
3534.2			1.0
3535.1			1.0
3536.0			1.0
3536.9			1.0
3537.8			1.0
3538.7			1.0
3539.6			1.0
3540.5			1.0
3541.4			1.0
3542.3			1.0
3543.2			1.0
3544.1			1.0
3545.0			1.0
3545.9			1.0
3546.8			1.0
3547.7			1.0
3548.6			1.0
3549.5			1.0
3550.4			1.0
3551.3			1.0
3552.2			1.0
3553.1			1.0
3554.0			1.0
3554.9			1.0
3555.8			1.0
3556.7			1.0
3557.6			1.0
3558.5			1.0
3559.4			1.0
3560.3			1.0
3561.2			1.0
3562.1			1.0
3563.0			1.0
3563.9			1.0
3564.8			1.0
3565.7			1.0
3566.6			1.0
3567.5			1.0
3568.4			1.0
3569.3			1.0
3570.2			1.0
3571.1			1.0
3572.0			1.0
3572.9			1.0
3573.8			1.0
3574.7			1.0
3575.6			1.0
3576.5			1.0
3577.4			1.0
3578.3			1.0
3579.2			1.0
3580.1			1.0
3581.0			1.0
3581.9			1.0
3582.8			1.0
3583.7			1.0
3584.6			1.0
3585.5			1.0
3586.4			1.0
3587.3			1.0
3588.2			1.0
3589.1			1.0
3590.0			1.0
3590.9			1.0
3591.8			1.0
3592.7			1.0
3593.6			1.0
3594.5			1.0
3595.4			1.0
3596.3			1.0
3597.2			1.0
3598.1			1.0
3599.0			1.0
3599.9			1.0
3600.8			1.0
3601.7			1.0
3602.6			1.0
3603.5			1.0
3604.4			1.0
3605.3			1.0
3606.2			1.0
3607.1			1.0
3608.0			1.0
3608.9			1.0
3609.8			1.0
3610.7			1.0
3611.6			1.0
3612.5			1.0
3613.4			1.0
3614.3			1.0
3615.2			1.0
3616.1			1.0
3617.0			1.0
3617.9			1.0
3618.8			1.0
3619.7			1.0
3620.6			1.0
3621.5			1.0
3622.4			1.0
3623.3			1.0
3624.2			1.0
3625.1			1.0
3626.0			1.0
3626.9			1.0
3627.8			1.0
3628.7			1.0
3629.6			1.0
3630.5			1.0
3631.4			1.0
3632.3			1.0
3633.2			1.0
3634.1			1.0
3635.0			1.0
3635.9			1.0
3636.8			1.0
3637.7			1.0
3638.6			1.0
3639.5			1.0
3640.4			1.0
3641.3			1.0
3642.2			1.0
3643.1			1.0
3644.0			1.0
3644.9			1.0
3645.8			1.0
3646.7			1.0
3647.6			1.0
3648.5			1.0
3649.4			1.0
3650.3			1.0
3651.2			1.0
3652.1			1.0
3653.0			1.0
3653.9			1.0
3654.8			1.0
3655.7			1.0
3656.6			1.0
3657.5			1.0
3658.4			1.0
3659.3			1.0
3660.2			1.0
3661.1			1.0
3662.0			1.0
3662.9			1.0
3663.8			1.0
3664.7			1.0
3665.6			1.0
3666.5			1.0
3667.4			1.0
3668.3			1.0
3669.2			1.0
3670.1			1.0
3671.0			1.0
3671.9			1.0
3672.8			1.0
3673.7			1.0
3674.6			1.0
3675.5			1.0
3676.4			1.0
3677.3			1.0
3678.2			1.0
3679.1			1.0
3680.0			1.0
3680.9			1.0
3681.8			1.0
3682.7			1.0
3683.6			1.0
3684.5			1.0
3685.4			1.0
3686.3			1.0
3687.2			1.0
3688.1			1.0
3689.0			1.0
3689.9			1.0
3690.8			1.0
3691.7			1.0
3692.6			1.0
3693.5			1.0
3694.4			1.0
3695.3			1.0
3696.2			1.0
3697.1			1.0
3698.0			1.0
3698.9			1.0
3699.8			1.0
3700.7			1.0
3701.6			1.0
3702.5			1.0
3703.4			1.0
3704.3			1.0
3705.2			1.0
3706.1			1.0
3707.0			1.0
3707.9			1.0
3708.8			1.0
3709.7			1.0
3710.6			1.0
3711.5			1.0
3712.4			1.0
3713.3			1.0
3714.2			1.0
3715.1			1.0
3716.0			1.0
3716.9			1.0
3717.8			1.0
3718.7			1.0
3719.6			1.0
3720.5			1.0
3721.4			1.0
3722.3			1.0
3723.2			1.0
3724.1			1.0
3725.0			1.0
3725.9			1.0
3726.8			1.0
3727.7			1.0
3728.6			1.0
3729.5			1.0
3730.4			1.0
3731.3			1.0
3732.2			1.0
3733.1			1.0
3734.0			1.0
3734.9			1.0
3735.8			1.0
3736.7			1.0
3737.6			1.0
3738.5			1.0
3739.4			1.0
3740.3			1.0
3741.2			1.0
3742.1			1.0
3743.0			1.0
3743.9			1.0
3744.8			1.0
3745.7			1.0
3746.6			1.0
3747.5			1.0
3748.4			1.0
3749.3			1.0
3750.2			1.0
3751.1			1.0
3752.0			1.0
3752.9			1.0
3753.8			1.0
3754.7			1.0
3755.6			1.0
3756.5			1.0
3757.4			1.0
3758.3			1.0
3759.2			1.0
3760.1			1.0
3761.0			1.0
3761.9			1.0
3762.8			1.0
3763.7			1.0
3764.6			1.0
3765.5			1.0
3766.4			1.0
3767.3			1.0
3768.2			1.0
3769.1			1.0
3770.0			1.0
3770.9			1.0
3771.8			1.0
3772.7			1.0
3773.6			1.0
3774.5			1.0
3775.4			1.0
3776.3			1.0
3777.2			1.0
3778.1			1.0
3779.0			1.0
3779.9			1.0
3780.8			1.0
3781.7			1.0
3782.6			1.0
3783.5			1.0
3784.4			1.0
3785.3			1.0
3786.2			1.0
3787.1			1.0
3788.0			1.0
3788.9			1.0
3789.8			1.0
3790.7			1.0
3791.6			1.0
3792.5			1.0
3793.4			1.0
3794.3			1.0
3795.2			1.0
3796.1			1.0
3797.0			1.0
3797.9			1.0
3798.8			1.0
3799.7			1.0
3800.6			1.0
3801.5			1.0
3802.4			1.0
3803.3			1.0
3804.2			1.0
3805.1			1.0
3806.0			1.0
3806.9			1.0
3807.8			1.0
3808.7			1.0
3809.6			1.0
3810.5			1.0
3811.4			1.0
3812.3			1.0
3813.2			1.0
3814.1			1.0
3815.0			1.0
3815.9			1.0
3816.8			1.0
3817.7			1.0
3818.6			1.0
3819.5			1.0
3820.4			1.0
3821.3			1.0
3822.2			1.0
3823.1			1.0
3824.0			1.0
3824.9			1.0
3825.8			1.0
3826.7			1.0
3827.6			1.0
3828.5			1.0
3829.4			1.0
3830.3			1.0
3831.2			1.0
3832.1			1.0
3833.0			1.0
3833.9			1.0
3834.8			1.0
3835.7			1.0
3836.6			1.0
3837.5			1.0
3838.4			1.0
3839.3			1.0
3840.2			1.0
3841.1			1.0
3842.0			1.0
3842.9			1.0
3843.8			1.0
3844.7			1.0
3845.6			1.0
3846.5			1.0
3847.4			1.0
3848.3			1.0
3849.2			1.0
3850.1			1.0
3851.0			1.0
3851.9			1.0
3852.8			1.0
3853.7			1.0
3854.6			1.0
3855.5			1.0
3856.4			1.0
3857.3			1.0
3858.2			1.0
3859.1			1.0
3860.0			1.0
3860.9			1.0
3861.8			1.0
3862.7			1.0
3863.6			1.0
3864.5			1.0
3865.4			1.0
3866.3			1.0
3867.2			1.0
3868.1			1.0
3869.0			1.0
3869.9			1.0
3870.8			1.0
3871.7			1.0
3872.6			1.0
3873.5			1.0
3874.4			1.0
3875.3			1.0
3876.2			1.0
3877.1			1.0
3878.0			1.0
3878.9			1.0
3879.8			1.0
3880.7			1.0
3881.6			1.0
3882.5			1.0
3883.4			1.0
3884.3			1.0
3885.2			1.0
3886.1			1.0
3887.0			1.0
3887.9			1.0
3888.8			1.0
3889.7			1.0
3890.6			1.0
3891.5			1.0
3892.4			1.0
3893.3			1.0
3894.2			1.0
3895.1			1.0
3896.0			1.0
3896.9			1.0
3897.8			1.0
3898.7			1.0
3899.6			1.0
3900.5			1.0
3901.4			1.0
3902.3			1.0
3903.2			1.0
3904.1			1.0
3905.0			1.0
3905.9			1.0
3906.8			1.0
3907.7			1.0
3908.6			1.0
3909.5			1.0
3910.4			1.0
3911.3			1.0
3912.2			1.0
3913.1			1.0
3914.0			1.0
3914.9			1.0
3915.8			1.0
3916.7			1.0
3917.6			1.0
3918.5			1.0
3919.4			1.0
3920.3			1.0
3921.2			1.0
3922.1			1.0
3923.0			1.0
3923.9			1.0
3924.8			1.0
3925.7			1.0
3926.6			1.0
3927.5			1.0
3928.4			1.0
3929.3			1.0
3930.2			1.0
3931.1			1.0
3932.0			1.0
3932.9			1.0
3933.8			1.0
3934.7			1.0
3935.6			1.0
3936.5			1.0
3937.4			1.0
3938.3			1.0
3939.2			1.0
3940.1			1.0
3941.0			1.0
3941.9			1.0
3942.8			1.0
3943.7			1.0
3944.6			1.0
3945.5			1.0
3946.4			1.0
3947.3			1.0
3948.2			1.0
3949.1			1.0
3950.0			1.0
3950.9			1.0
3951.8			1.0
3952.7			1.0
3953.6			1.0
3954.5			1.0
3955.4			1.0
3956.3			1.0
3957.2			1.0
3958.1			1.0
3959.0			1.0
3959.9			1.0
3960.8			1.0
3961.7			1.0
3962.6			1.0
3963.5			1.0
3964.4			1.0
3965.3			1.0
3966.2			1.0
3967.1			1.0
3968.0			1.0
3968.9			1.0
3969.8			1.0
3970.7			1.0
3971.6			1.0
3972.5			1.0
3973.4			1.0
3974.3			1.0
3975.2			1.0
3976.1			1.0
3977.0			1.0
3977.9			1.0
3978.8			1.0
3979.7			1.0
3980.6			1.0
3981.5			1.0
3982.4			1.0
3983.3			1.0
3984.2			1.0
3985.1			1.0
3986.0			1.0
3986.9			1.0
3987.8			1.0
3988.7			1.0
3989.6			1.0
3990.5			1.0
3991.4			1.0
3992.3			1.0
3993.2			1.0
3994.1			1.0
3995.0			1.0
3995.9			1.0
3996.8			1.0
3997.7			1.0
3998.6			1.0
3999.5			1.0
4000.4			1.0
4001.3			1.0
4002.2			1.0200653034034817
4003.1			1.0188977808109458
4004.0			0.9453244102744616
4004.9			0.8466154958037252
4005.8			0.8269955484128756
4006.7			0.8971532533890937
4007.6			0.9729795439765075
4008.5			1.0018821904180355
4009.4			0.9993260142588765
4010.3			1.0
4011.2			1.0
4012.1			1.0
4013.0			1.0
4013.9			1.0
4014.8			1.0
4015.7			1.0
4016.6			1.0
4017.5			1.0
4018.4			1.0
4019.3			1.0
4020.2			1.0
4021.1			1.0
4022.0			1.0
4022.9			1.0
4023.8			1.0
4024.7			1.0
4025.6			1.0201518441846165
4026.5			1.0470934156212321
4027.4			1.0565232087746372
4028.3			1.0358983199277365
4029.2			0.9724684427018209
4030.1			0.8930541819214437
4031.0			0.8431811072204146
4031.9			0.8236311929472
4032.8			0.8253847603058349
4033.7			0.8475003069659411
4034.6			0.8772114011635733
4035.5			0.917932386022366
4036.4			0.972499239463435
4037.3			1.0071274228145668
4038.2			0.9998358416429095
4039.1			1.0
4040.0			1.0
4040.9			1.0
4041.8			1.028043123955503
4042.7			1.0275832131826268
4043.6			0.943829601106967
4044.5			0.805853566362679
4045.4			0.7269925065497302
4046.3			0.7899722493038542
4047.2			0.9170349665418994
4048.1			0.9867672308092785
4049.0			0.9989860102791438
4049.9			1.0
4050.8			1.0
4051.7			1.0
4052.6			1.0
4053.5			1.0
4054.4			1.0
4055.3			1.0
4056.2			1.0
4057.1			0.9607979998835486
4058.0			0.9446617362662898
4058.9			0.9883365032680543
4059.8			1.0469657180537013
4060.7			1.0591830194789609
4061.6			0.9994900769754996
4062.5			0.8937344535301115
4063.4			0.8348601666252953
4064.3			0.8802537214872448
4065.2			0.9441560237137994
4066.1			0.9423177962175997
4067.0			0.9291669102378557
4067.9			0.971470066082058
4068.8			1.0248922921550938
4069.7			1.0046917228363272
4070.6			1.0
4071.5			1.0
4072.4			1.0359754258561156
4073.3			1.1008479616747635
4074.2			1.100125721474448
4075.1			1.0294531368894493
4076.0			0.9223456558513998
4076.9			0.8369270849308542
4077.8			0.8239603529664421
4078.7			0.8696117532106977
4079.6			0.9314747820762882
4080.5			0.9816646836071515
4081.4			0.9898822224154387
4082.3			1.0
4083.2			1.0
4084.1			1.0
4085.0			1.0
4085.9			1.0
4086.8			1.0
4087.7			1.0
4088.6			1.009810151241699
4089.5			0.9935255526469483
4090.4			0.9685144894283649
4091.3			0.9444566382423928
4092.2			0.9309571622816415
4093.1			0.9357473009848558
4094.0			0.9309314019799466
4094.9			0.8961117538817066
4095.8			0.8576885560820037
4096.7			0.8358238151385082
4097.6			0.8188259899133651
4098.5			0.7927140058029183
4099.4			0.7358296593546498
4100.3			0.6376203363293251
4101.2			0.5553505789372546
4102.1			0.5644839083788684
4103.0			0.6513911497701194
4103.9			0.7491585013060114
4104.8			0.8235125101817509
4105.7			0.8691036957003008
4106.6			0.8885806916544948
4107.5			0.8955159042240916
4108.4			0.900225708974865
4109.3			0.903002766745344
4110.2			0.908725442940814
4111.1			0.9218473836563849
4112.0			0.9438949043259939
4112.9			0.9741971089546323
4113.8			0.999535112695451
4114.7			1.0
4115.6			1.0
4116.5			1.0
4117.4			1.0
4118.3			1.0
4119.2			1.0
4120.1			1.0
4121.0			1.0
4121.9			1.0
4122.8			1.0
4123.7			1.0238800292861059
4124.6			1.0354513891226826
4125.5			1.0178894421737785
4126.4			0.9888929876949072
4127.3			0.9684291530685765
4128.2			0.9704752493791186
4129.1			0.9904405043315139
4130.0			0.997011759739107
4130.9			0.9592011819902981
4131.8			0.9026812949999228
4132.7			0.8862864889144447
4133.6			0.9127100244536457
4134.5			0.9609082920828543
4135.4			1.0135382542065352
4136.3			1.0388016057908598
4137.2			1.0451167364174418
4138.1			1.0
4139.0			1.0237252621754658
4139.9			1.0334535244470393
4140.8			1.0154108231588788
4141.7			0.9531274059258361
4142.6			0.8699692559325862
4143.5			0.8396176418514414
4144.4			0.8937732300916651
4145.3			0.9660771026023035
4146.2			0.9993204821248906
4147.1			1.005993335207419
4148.0			1.0
4148.9			0.982836812039488
4149.8			0.9746134123375629
4150.7			1.0
4151.6			1.0077329174695089
4152.5			0.9921960399733797
4153.4			0.9497900380281369
4154.3			0.9194614284811539
4155.2			0.92080869340279
4156.1			0.9249014160503871
4157.0			0.932715514538525
4157.9			0.956797261139343
4158.8			0.9802796093377818
4159.7			0.9899627177027129
4160.6			0.9962220003603114
4161.5			1.0206491654817889
4162.4			1.0536149795069785
4163.3			1.0654033097985152
4164.2			1.0572237892414158
4165.1			1.0365540361128978
4166.0			0.9987191332206597
4166.9			0.9549620652928013
4167.8			0.9482885926912472
4168.7			0.9852132553565918
4169.6			1.0018302449134098
4170.5			0.9557972169213295
4171.4			0.8744591023550748
4172.3			0.8188122578631033
4173.2			0.8215032688745862
4174.1			0.8617107730365771
4175.0			0.8994650893870422
4175.9			0.9123632633321254
4176.8			0.9025254857321167
4177.7			0.8941121940163272
4178.6			0.9113909095616771
4179.5			0.9481735038969937
4180.4			0.9612849930956583
4181.3			0.9269392570661088
4182.2			0.888690524160659
4183.1			0.8860254426834333
4184.0			1.0
4184.9			1.0276889555590831
4185.8			1.005330021164445
4186.7			1.0
4187.6			0.9653967156982013
4188.5			1.0063609122957822
4189.4			1.0645367684200182
4190.3			1.0745121474637394
4191.2			1.064201409635005
4192.1			1.0933990284626733
4193.0			1.1354449767133277
4193.9			1.1216856073762895
4194.8			1.05504027633229
4195.7			1.0021300873117607
4196.6			0.9758052178310409
4197.5			0.9310342431014594
4198.4			0.8921850938180791
4199.3			0.9082451573295569
4200.2			0.9357204093186472
4201.1			0.9255292119131354
4202.0			0.9167261542359452
4202.9			0.9455181584201172
4203.8			0.9802041705876947
4204.7			0.9949844180949284
4205.6			1.0015070204100622
4206.5			1.0137426605988504
4207.4			1.0264239977022942
4208.3			1.0223076024097852
4209.2			1.0018244411451658
4210.1			1.0
4211.0			1.0
4211.9			1.0328529305805603
4212.8			1.0479282407912187
4213.7			1.024486741476331
4214.6			0.9610949575362778
4215.5			0.9094053107616208
4216.4			0.918098391627091
4217.3			0.9604894361282078
4218.2			0.9897430034678559
4219.1			1.0006450287809165
4220.0			1.0
4220.9			1.0
4221.8			0.9889723948922055
4222.7			0.9529130088937144
4223.6			0.9017592152375695
4224.5			0.8315123890231237
4225.4			0.7344111872660259
4226.3			0.6556765908819445
4227.2			1.0
4228.1			1.1715766861523276
4229.0			1.297084281830966
4229.9			1.3357452234285065
4230.8			1.3328265835477475
4231.7			1.2768572078736733
4232.6			1.1888533989561252
4233.5			1.1409488865551005
4234.4			1.119946485583683
4235.3			1.0678571490145166
4236.2			1.0268559446678227
4237.1			1.0302967921824315
4238.0			1.0249390666933016
4238.9			0.9911721950536441
4239.8			0.9851571892165218
4240.7			1.0224902890004202
4241.6			1.0338816593873816
4242.5			1.0084251223810696
4243.4			1.0
4244.3			1.0295610429505517
4245.2			1.0281728518770048
4246.1			0.9886681795155465
4247.0			0.9523291120873808
4247.9			0.9468200371885652
4248.8			0.9433292320002217
4249.7			0.9215860223368763
4250.6			0.935745345392947
4251.5			1.0061237645720253
4252.4			1.055792938939832
4253.3			1.0355190500784202
4254.2			0.9924362686411637
4255.1			0.9977586783564157
4256.0			1.0
4256.9			1.0273359316395743
4257.8			0.9911852384992207
4258.7			0.9141352198691105
4259.6			0.8351356803803146
4260.5			0.8049611359211402
4261.4			0.8589835962510006
4262.3			0.9477019419488659
4263.2			1.0
4264.1			1.0125080952260044
4265.0			1.0170586171322067
4265.9			1.013508330984344
4266.8			0.9835595289206893
4267.7			0.9496208874647176
4268.6			0.9318334757327713
4269.5			0.900629785713491
4270.4			0.8299313688972805
4271.3			0.7688457146851964
4272.2			0.7846756618818369
4273.1			0.835809248284201
4274.0			0.8550221389777135
4274.9			0.8724334855182847
4275.8			0.9263206346967132
4276.7			0.984324527835836
4277.6			1.0110042173182971
4278.5			1.0008766054988119
4279.4			1.0
4280.3			1.0
4281.2			1.0
4282.1			1.0
4283.0			1.0
4283.9			1.0
4284.8			1.0
4285.7			1.0
4286.6			0.9889730717973091
4287.5			0.9752445149378773
4288.4			0.9221096866634896
4289.3			0.8535450575231552
4290.2			0.8398429066542081
4291.1			0.9034457019465693
4292.0			0.9879073612803785
4292.9			1.0198251417591888
4293.8			0.9970988848544541
4294.7			0.9770474834456281
4295.6			0.970895889487931
4296.5			0.9485363102159098
4297.4			0.896996808589117
4298.3			0.8160754852704446
4299.2			0.7400662234477895
4300.1			0.7235347728631817
4301.0			0.749651335254664
4301.9			0.764541428766348
4302.8			0.7778687955124352
4303.7			0.8064013119222957
4304.6			0.823188506177765
4305.5			0.8168675916357695
4306.4			0.7849701267715105
4307.3			0.7269481738570249
4308.2			0.6917396695460877
4309.1			0.7155708335064358
4310.0			0.7698693603012062
4310.9			0.8193565792545432
4311.8			0.857139327459933
4312.7			0.8842729774028711
4313.6			0.8970525630169354
4314.5			0.923076150833295
4315.4			0.9966777836825097
4316.3			1.0760497541221328
4317.2			1.1026045346356237
4318.1			1.0878886957045237
4319.0			1.0654563376529416
4319.9			1.0
4320.8			0.982918225391502
4321.7			0.9779361175694239
4322.6			0.9451813248808104
4323.5			0.8682769278526555
4324.4			0.7773995689076246
4325.3			0.7288436668696017
4326.2			0.774344314346021
4327.1			0.8842248070071013
4328.0			0.9794717741002509
4328.9			1.0157510759436827
4329.8			1.0
4330.7			0.9843158398382441
4331.6			0.9905741089077718
4332.5			1.0026190822492347
4333.4			1.0078812078460495
4334.3			1.007627215778429
4335.2			0.992975702841923
4336.1			0.9314687523822817
4337.0			0.833249939369307
4337.9			0.7508796338046676
4338.8			0.6760964950541796
4339.7			0.5932888358241174
4340.6			0.5786499093590346
4341.5			0.671920717305009
4342.4			0.7822888676752259
4343.3			0.839506945517409
4344.2			0.882743096586192
4345.1			0.9414295071682084
4346.0			0.9869913310823333
4346.9			1.0125734858531585
4347.8			1.0
4348.7			1.0269311610165404
4349.6			1.0189629241711737
4350.5			0.941316292889782
4351.4			0.8454065061389685
4352.3			0.8353516378095361
4353.2			0.9068810764336158
4354.1			0.9605313171629961
4355.0			0.9750474955187726
4355.9			0.9981513906670945
4356.8			1.0
4357.7			1.0
4358.6			1.0
4359.5			1.0
4360.4			1.0
4361.3			1.0
4362.2			1.0
4363.1			1.0
4364.0			1.0
4364.9			1.0
4365.8			1.0
4366.7			1.0
4367.6			1.0
4368.5			1.0
4369.4			1.0
4370.3			1.0
4371.2			1.005357708924331
4372.1			1.0078707526722368
4373.0			1.0
4373.9			0.940245920004428
4374.8			0.9052895241603731
4375.7			0.9328035817727304
4376.6			0.9965115158899108
4377.5			1.0432622387690529
4378.4			1.0509980663564178
4379.3			1.0368765601884322
4380.2			1.0262574666188666
4381.1			1.0111404721702992
4382.0			0.9348855429104398
4382.9			0.7970341048177683
4383.8			0.7157367904768642
4384.7			0.7676563569910264
4385.6			0.8873386026164758
4386.5			0.9684642424182142
4387.4			0.9837713482558657
4388.3			0.9757433893484807
4389.2			0.9711843714016649
4390.1			0.9716212276978071
4391.0			0.9821150326870978
4391.9			1.0050893163798438
4392.8			1.0187465218909324
4393.7			1.0
4394.6			0.9700096576387865
4395.5			0.9839644174614265
4396.4			1.0449466176010456
4397.3			1.0888136785535085
4398.2			1.0793961091658093
4399.1			1.029130578710225
4400.0			0.9715133990583262
4400.9			0.9584407436072914
4401.8			0.9998412824148286
4402.7			1.019173358052698
4403.6			0.9615963759938833
4404.5			0.9007188285401739
4405.4			0.9286722815434081
4406.3			0.9946595642728403
4407.2			1.009368358151951
4408.1			0.995568701148259
4409.0			1.0156844510588972
4409.9			1.0
4410.8			1.0258788604003675
4411.7			1.0409870185973178
4412.6			1.0391844319427108
4413.5			0.9901193348970894
4414.4			0.9061938238826489
4415.3			0.8600967062841146
4416.2			0.8740955676847939
4417.1			0.9060269397558803
4418.0			0.9380296430959213
4418.9			0.9745429695222207
4419.8			0.9968133424433824
4420.7			1.0
4421.6			1.0
4422.5			1.0
4423.4			1.0
4424.3			1.0
4425.2			1.0
4426.1			1.0
4427.0			1.0
4427.9			1.0265263312746704
4428.8			1.0368766225847414
4429.7			1.0094424471634262
4430.6			0.988388762796708
4431.5			1.002728037774282
4432.4			1.013116215202906
4433.3			0.9914630581416186
4434.2			0.947324538671004
4435.1			1.0
4436.0			1.0356667882425425
4436.9			1.1134563721429465
4437.8			1.1754986046276086
4438.7			1.1945609650959697
4439.6			1.1728454313458163
4440.5			1.1230195680515442
4441.4			1.0593577289929985
4442.3			1.0015339908602277
4443.2			0.9880788179171349
4444.1			1.0393133647047152
4445.0			1.1071199718188989
4445.9			1.1207719511617589
4446.8			1.085728342179307
4447.7			1.0722644022654673
4448.6			1.0870644600848536
4449.5			1.0773252779192715
4450.4			1.050372684788104
4451.3			1.0464835844709437
4452.2			1.0517054485653696
4453.1			1.0184525425175517
4454.0			0.9390797003697694
4454.9			0.8776407769757717
4455.8			0.8812805265083788
4456.7			0.9143799232906935
4457.6			0.9241054645968154
4458.5			0.9111265927930785
4459.4			0.9147785734976147
4460.3			0.9174525541955644
4461.2			0.896658975234263
4462.1			0.9035279275824571
4463.0			0.9496232966238244
4463.9			0.9743061558897574
4464.8			0.9691966046147176
4465.7			0.960970228996382
4466.6			0.9611674999608817
4467.5			0.9557127191615981
4468.4			0.9266153547233176
4469.3			0.9040219963031199
4470.2			0.9152283984201063
4471.1			0.9479338424722296
4472.0			0.974543313161207
4472.9			0.9910608998709195
4473.8			1.000340172017386
4474.7			1.0
4475.6			1.0
4476.5			1.0062651674547265
4477.4			1.0292685626278681
4478.3			1.0211954829681045
4479.2			1.0
4480.1			0.9234571031513602
4481.0			0.8701011806479154
4481.9			0.8733559650682806
4482.8			0.9336644539189326
4483.7			0.9987985830671949
4484.6			1.0311970745372188
4485.5			1.0458247767180013
4486.4			1.048893835748489
4487.3			1.0236382248746478
4488.2			0.9711057590020639
4489.1			0.9253191812206217
4490.0			0.9174039414877928
4490.9			0.9445274957908824
4491.8			0.9839679448570421
4492.7			0.9999843606672675
4493.6			0.9744324867640515
4494.5			0.9443460606845355
4495.4			0.9441964710683233
4496.3			0.9616658604277314
4497.2			0.9855114572469246
4498.1			1.005324580719225
4499.0			1.011391989916928
4499.9			0.998855627991201
4500.8			1.0
4501.7			1.0
4502.6			1.0
4503.5			1.0
4504.4			1.0
4505.3			1.0
4506.2			1.0
4507.1			1.0
4508.0			1.0
4508.9			1.0
4509.8			1.0
4510.7			1.0
4511.6			1.0
4512.5			1.0
4513.4			1.0
4514.3			1.0
4515.2			1.0
4516.1			1.0
4517.0			1.0
4517.9			1.0
4518.8			1.0
4519.7			1.0
4520.6			1.0143455256051033
4521.5			1.0110147591713563
4522.4			0.9879271292245381
4523.3			0.9785076836268135
4524.2			0.9796062691702011
4525.1			0.9599988656713092
4526.0			0.9306954883754189
4526.9			0.9135315329923922
4527.8			0.9035274574206753
4528.7			0.8997203883688517
4529.6			0.9121754762774976
4530.5			0.9356428686322524
4531.4			0.9643553867974647
4532.3			0.9766373812900895
4533.2			0.9521660139751325
4534.1			0.9195639241830236
4535.0			0.922456168625308
4535.9			1.0
4536.8			1.0725701114109307
4537.7			1.117760839357049
4538.6			1.1150889378995807
4539.5			1.0844672612780542
4540.4			1.051165630275992
4541.3			1.0398087825792681
4542.2			1.0549920351872646
4543.1			1.067051787348293
4544.0			1.0498732582270995
4544.9			1.0214867912947805
4545.8			1.007701416996016
4546.7			1.0043667473453781
4547.6			0.9898312822793729
4548.5			0.9497022174141799
4549.4			0.9142730115645957
4550.3			0.9295016780718384
4551.2			0.9693835979762278
4552.1			0.9822770191654839
4553.0			0.9645121571246251
4553.9			0.9363985104455009
4554.8			0.91518751967395
4555.7			0.9189533929407886
4556.6			0.9513331059871489
4557.5			0.9814680246363969
4558.4			0.9904648238850017
4559.3			0.9932398619459695
4560.2			1.0
4561.1			1.0087539800337695
4562.0			1.0058466961068266
4562.9			0.9799905428917097
4563.8			0.9387308196140038
4564.7			0.9114504415555498
4565.6			0.9185032651950783
4566.5			0.95528573239518
4567.4			0.9891108753867255
4568.3			1.000094579441955
4569.2			1.0
4570.1			1.0
4571.0			1.0
4571.9			0.9863380493033246
4572.8			1.018693703311562
4573.7			1.0498773582616074
4574.6			1.0495283898581167
4575.5			1.03884816496943
4576.4			1.041347488365524
4577.3			1.0436606759053864
4578.2			1.0270277015832265
4579.1			0.9953703300386829
4580.0			0.9590223121157647
4580.9			0.9379225308593593
4581.8			0.9413516328061319
4582.7			0.9443939759122992
4583.6			0.9377581926469193
4584.5			0.93614477087437
4585.4			0.9403157097876123
4586.3			0.9556202610516328
4587.2			0.9795000450687033
4588.1			0.9979421113891354
4589.0			1.0073228800214193
4589.9			1.000566381102055
4590.8			1.0
4591.7			1.0
4592.6			1.0
4593.5			1.0
4594.4			1.0
4595.3			1.0
4596.2			1.0
4597.1			1.0
4598.0			1.0
4598.9			1.0
4599.8			1.0
4600.7			1.0
4601.6			1.0
4602.5			1.0
4603.4			1.0
4604.3			1.0
4605.2			1.0
4606.1			1.0
4607.0			1.0
4607.9			1.0
4608.8			1.0
4609.7			1.0
4610.6			1.0
4611.5			1.0
4612.4			1.0
4613.3			1.0
4614.2			1.0
4615.1			1.0
4616.0			1.0
4616.9			1.0
4617.8			1.0
4618.7			1.0
4619.6			1.0
4620.5			1.0
4621.4			1.0
4622.3			1.0
4623.2			1.0
4624.1			1.0
4625.0			1.0
4625.9			1.0
4626.8			1.0
4627.7			1.0
4628.6			1.0
4629.5			1.0
4630.4			1.0
4631.3			1.0
4632.2			1.0
4633.1			0.9776674565429758
4634.0			0.9704643434942263
4634.9			0.97664074945518
4635.8			0.9812117855556908
4636.7			0.9707219432674155
4637.6			0.9553921861093226
4638.5			0.9523258142365973
4639.4			0.9555278044530924
4640.3			0.9676236389409266
4641.2			0.9887870185471951
4642.1			0.9991187399225735
4643.0			0.987227826629848
4643.9			0.9753063833557161
4644.8			0.9629838714085347
4645.7			0.9325645229379976
4646.6			0.9013698659569632
4647.5			0.8929723922639802
4648.4			0.9113973464091204
4649.3			0.9485814253293711
4650.2			0.9760766604348343
4651.1			0.9817716492407681
4652.0			0.9852580937936998
4652.9			0.9908780425430719
4653.8			0.9764064187985362
4654.7			1.0
4655.6			0.9936776300717837
4656.5			0.9949496430083736
4657.4			1.018742407931104
4658.3			1.0611719378502809
4659.2			1.0914493705903672
4660.1			1.0924136768232833
4661.0			1.0715810328218216
4661.9			1.0463625992745338
4662.8			1.0237986331791293
4663.7			1.0134643181576006
4664.6			1.009892704978306
4665.5			0.9778835149058855
4666.4			0.9094291048432188
4667.3			0.8615750046447744
4668.2			0.8839919492880525
4669.1			0.9487663520915903
4670.0			1.0069034606539886
4670.9			1.0359292309100967
4671.8			1.0317937767873113
4672.7			1.0152336883339341
4673.6			1.0185900758711985
4674.5			1.0453308485463144
4675.4			1.0775421192755503
4676.3			1.0915340450620907
4677.2			1.0693933581033042
4678.1			1.0263580161078387
4679.0			0.9998908007473104
4679.9			1.0
4680.8			1.0
4681.7			1.0
4682.6			1.0
4683.5			1.0
4684.4			1.0
4685.3			1.0
4686.2			1.0
4687.1			1.0
4688.0			1.0
4688.9			1.0
4689.8			0.9961225057793626
4690.7			0.9840506555536584
4691.6			0.9765699598538707
4692.5			0.9860764174784835
4693.4			0.9975997903973043
4694.3			1.0057542005793452
4695.2			1.0179083854217148
4696.1			1.0262896529586565
4697.0			1.0115127347692008
4697.9			0.9765404265451518
4698.8			0.9481893285392171
4699.7			0.9418257093793518
4700.6			0.9427550817355751
4701.5			0.9240176870790496
4702.4			0.8872160383055516
4703.3			0.8830231703966273
4704.2			0.9232855760869159
4705.1			0.9611442907426092
4706.0			0.9637864538770989
4706.9			0.9367596748256272
4707.8			0.9130135769988936
4708.7			0.9120219030965447
4709.6			0.9300381078260425
4710.5			0.9602559031528568
4711.4			0.9847139871678487
4712.3			0.9866523555993786
4713.2			0.9667739496044685
4714.1			0.9426228545957672
4715.0			0.9447482804525076
4715.9			0.9745839586356911
4716.8			0.9993641238002116
4717.7			1.0
4718.6			1.0
4719.5			1.0
4720.4			1.0
4721.3			1.0
4722.2			1.0
4723.1			1.0
4724.0			1.0
4724.9			1.0
4725.8			1.0
4726.7			1.0
4727.6			1.0
4728.5			1.0
4729.4			1.0
4730.3			1.0
4731.2			1.0
4732.1			1.0
4733.0			1.0
4733.9			1.0
4734.8			1.0
4735.7			1.0
4736.6			1.0
4737.5			1.0
4738.4			1.0
4739.3			1.0
4740.2			1.0
4741.1			1.0
4742.0			1.0
4742.9			1.0
4743.8			1.0
4744.7			1.0
4745.6			1.0
4746.5			1.0
4747.4			1.0
4748.3			1.0
4749.2			1.0
4750.1			1.0
4751.0			1.0
4751.9			1.0
4752.8			1.0
4753.7			1.0
4754.6			1.0
4755.5			1.0
4756.4			1.0
4757.3			1.0153196909047533
4758.2			1.0359135715081116
4759.1			1.0531356277652195
4760.0			1.0541938600539869
4760.9			1.026037881738687
4761.8			0.9847765949993692
4762.7			0.9626933442940265
4763.6			0.9594404447410105
4764.5			0.9505226809954415
4765.4			0.9334467764325524
4766.3			0.9337889553864049
4767.2			0.9581175961684889
4768.1			0.9866030444286413
4769.0			1.0076608986782372
4769.9			1.0155386177266739
4770.8			0.997526058211155
4771.7			0.9743521556020679
4772.6			0.9764343759037942
4773.5			1.0015076308122106
4774.4			1.0
4775.3			1.0
4776.2			1.0
4777.1			1.0
4778.0			1.0
4778.9			1.0
4779.8			1.0
4780.7			1.0
4781.6			1.0
4782.5			1.0
4783.4			1.0
4784.3			1.0
4785.2			1.0
4786.1			1.0
4787.0			1.0
4787.9			1.0
4788.8			1.0
4789.7			1.0
4790.6			1.0
4791.5			1.0
4792.4			1.0
4793.3			1.0
4794.2			1.0
4795.1			1.0
4796.0			1.0
4796.9			1.0
4797.8			1.0
4798.7			1.0
4799.6			1.0
4800.5			1.0
4801.4			1.0
4802.3			1.0
4803.2			1.0
4804.1			1.0
4805.0			1.0
4805.9			1.0
4806.8			1.0
4807.7			1.0
4808.6			1.0
4809.5			1.0
4810.4			1.0
4811.3			1.0
4812.2			1.0
4813.1			1.0
4814.0			1.0
4814.9			1.0
4815.8			1.0
4816.7			1.0
4817.6			1.0
4818.5			1.0
4819.4			1.0
4820.3			1.0
4821.2			1.0
4822.1			1.0
4823.0			1.0
4823.9			1.0
4824.8			1.0
4825.7			1.0
4826.6			1.0
4827.5			1.0
4828.4			1.0
4829.3			1.0
4830.2			1.0
4831.1			1.0
4832.0			1.0
4832.9			1.0
4833.8			1.0
4834.7			1.0
4835.6			1.0
4836.5			1.0
4837.4			1.0
4838.3			1.0
4839.2			1.0
4840.1			1.0
4841.0			1.0
4841.9			1.0
4842.8			1.0
4843.7			1.0
4844.6			1.0
4845.5			1.0
4846.4			1.0
4847.3			1.0
4848.2			1.0
4849.1			0.9958187367493885
4850.0			1.0132185636706164
4850.9			1.0240957295219584
4851.8			1.0168896251413595
4852.7			1.0028109140812616
4853.6			0.9818420518334803
4854.5			0.9358912748794161
4855.4			0.8891556686800591
4856.3			0.8836279047559437
4857.2			0.8943007774522839
4858.1			0.8733767191932347
4859.0			0.8046247432437539
4859.9			0.6932930969325134
4860.8			0.5810905158869474
4861.7			0.5696444091025926
4862.6			0.6693477669695591
4863.5			0.7738975382430613
4864.4			0.8408436886422159
4865.3			0.8848086936527699
4866.2			0.9191789414131927
4867.1			0.947091377096589
4868.0			1.0
4868.9			1.0101180959929668
4869.8			0.9832405233254945
4870.7			0.9173782833567784
4871.6			0.8791395902336652
4872.5			0.9107341536350692
4873.4			0.9678322770163547
4874.3			1.0007791352312747
4875.2			1.0
4876.1			1.0
4877.0			1.0
4877.9			1.0
4878.8			1.0
4879.7			1.0
4880.6			1.0
4881.5			1.0
4882.4			1.0
4883.3			1.0004684764846072
4884.2			0.9848844973037272
4885.1			0.9601167291129304
4886.0			0.942596753110645
4886.9			0.9431723765131393
4887.8			0.9483067986868445
4888.7			0.9452244421205231
4889.6			0.9248568737451671
4890.5			0.8751287436412888
4891.4			0.8607318300046656
4892.3			0.9200119969075429
4893.2			0.9938206537484325
4894.1			1.0382925155566314
4895.0			1.053309685313289
4895.9			1.048317994451656
4896.8			1.038594723165914
4897.7			1.033456128361443
4898.6			1.0211693379958888
4899.5			0.9996347976786121
4900.4			1.0
4901.3			1.0
4902.2			1.0
4903.1			1.0
4904.0			1.0
4904.9			1.0
4905.8			1.025414847450665
4906.7			1.0255006760007441
4907.6			1.0107574645206792
4908.5			0.9868830056214489
4909.4			0.9424113279797399
4910.3			1.0
4911.2			1.0060607645726372
4912.1			1.0401159306474432
4913.0			1.0631430383133935
4913.9			1.0722060247805385
4914.8			1.0824024453936212
4915.7			1.0842183741329023
4916.6			1.0571997359455354
4917.5			0.9921947345679096
4918.4			0.9129357376605093
4919.3			0.8607473190418237
4920.2			0.8477515888069503
4921.1			0.8829640566167223
4922.0			0.9336960733826275
4922.9			0.9455133636958151
4923.8			0.9183105958784384
4924.7			0.9156908216869976
4925.6			0.9537649992694525
4926.5			0.9848062029262599
4927.4			0.9864956907755076
4928.3			0.9877378176411988
4929.2			0.9948952074199054
4930.1			1.0
4931.0			0.9965291183092543
4931.9			0.9818029737690249
4932.8			0.9422312100333498
4933.7			0.9080382772174107
4934.6			0.9232745747470791
4935.5			0.9564264443779397
4936.4			0.9573931497597891
4937.3			0.92368768703026
4938.2			0.8824969705850708
4939.1			0.8743296428822673
4940.0			0.9172064729855811
4940.9			0.9744739363111391
4941.8			1.0063373971621838
4942.7			1.0191948054032673
4943.6			1.0256957523000187
4944.5			1.0129523521325667
4945.4			0.9863423560112033
4946.3			0.9793672077394767
4947.2			1.00014014289342
4948.1			1.0
4949.0			1.0
4949.9			1.0
4950.8			1.0
4951.7			1.0
4952.6			1.0
4953.5			1.0
4954.4			0.9985117555073774
4955.3			0.9872045524057196
4956.2			0.9295307658338869
4957.1			0.8414155959297996
4958.0			0.8315336739084535
4958.9			0.9137148687612278
4959.8			0.9892325535021206
4960.7			1.009189799713203
4961.6			0.9980081224717884
4962.5			1.0
4963.4			1.0
4964.3			1.0
4965.2			1.0
4966.1			1.0
4967.0			1.0
4967.9			1.0
4968.8			1.0
4969.7			1.0
4970.6			1.0
4971.5			1.0
4972.4			1.0
4973.3			1.0
4974.2			1.0
4975.1			1.0
4976.0			1.0
4976.9			1.0
4977.8			0.9764251858191547
4978.7			0.9573806730281211
4979.6			0.9525505709971058
4980.5			0.9443024251033753
4981.4			0.9078299600149184
4982.3			0.8518493861308848
4983.2			0.822582920952719
4984.1			0.8384026540091692
4985.0			0.8728487627227344
4985.9			0.9185567397746005
4986.8			0.972683201744354
4987.7			1.0034167723793885
4988.6			0.9993903665740207
4989.5			1.0
4990.4			1.0
4991.3			1.0
4992.2			1.0
4993.1			1.0
4994.0			1.0
4994.9			1.0
4995.8			1.0
4996.7			1.0
4997.6			0.9981370125027267
4998.5			0.9826157994548185
4999.4			0.9574618337184404
5000.3			0.9368276546276278
5001.2			0.9289198756142727
5002.1			0.936830702421572
5003.0			0.9586443534668565
5003.9			0.972173460872292
5004.8			1.0
5005.7			0.9442672022667028
5006.6			0.9318213524681801
5007.5			0.9783034184274679
5008.4			1.0374501955539117
5009.3			1.0646664836911015
5010.2			1.0538069362177445
5011.1			1.0178432422378099
5012.0			0.9702254076603709
5012.9			0.9360901300631483
5013.8			0.9242301870451376
5014.7			0.9369325680530564
5015.6			0.9654250560769457
5016.5			0.9675025533606155
5017.4			0.9315602138387536
5018.3			0.9085052603305236
5019.2			0.9331846126057116
5020.1			0.9700576461167792
5021.0			0.9754548460159334
5021.9			0.9612193750546192
5022.8			0.9628142427112094
5023.7			0.9824747161321997
5024.6			0.9980859888814985
5025.5			0.9982945422301904
5026.4			0.9722531146851188
5027.3			0.9379121477479845
5028.2			0.9412317571494689
5029.1			0.9747164080035396
5030.0			0.996713492012855
5030.9			0.998714976960925
5031.8			1.0
5032.7			1.0222042684932466
5033.6			1.0342970151218502
5034.5			1.0089885499448712
5035.4			0.9613707871475792
5036.3			0.9502034376523447
5037.2			0.9765437759181635
5038.1			0.9806623589425473
5039.0			0.9520174085931746
5039.9			0.9104043341157478
5040.8			0.8675354168896117
5041.7			1.0
5042.6			1.0705227484457358
5043.5			1.1331445601901722
5044.4			1.1548183167411727
5045.3			1.1619916480169383
5046.2			1.1569405727414732
5047.1			1.1213343099850608
5048.0			1.0590290018812556
5048.9			1.0096243924399901
5049.8			0.997314483916845
5050.7			0.9958735122286003
5051.6			0.9873765276217449
5052.5			0.9919914119303898
5053.4			1.0092182054012095
5054.3			1.0195774557456063
5055.2			1.0144913463833978
5056.1			1.000755847124928
5057.0			0.9915441441859483
5057.9			1.0
5058.8			1.0
5059.7			1.0
5060.6			1.0
5061.5			1.0
5062.4			1.0
5063.3			1.0
5064.2			1.0
5065.1			1.0
5066.0			1.0
5066.9			1.0
5067.8			1.0
5068.7			1.0
5069.6			1.0
5070.5			1.0
5071.4			1.0
5072.3			1.0
5073.2			1.0
5074.1			1.0078122993837386
5075.0			0.9996102216701238
5075.9			1.0024888661973188
5076.8			1.021584761852174
5077.7			1.0162673113555256
5078.6			0.9590619124598091
5079.5			0.8943263427120767
5080.4			0.8800667234860838
5081.3			0.9132166644753066
5082.2			0.9448180788750183
5083.1			0.9497876000628627
5084.0			0.955236225600358
5084.9			0.9793679537026092
5085.8			1.0022537660485673
5086.7			1.001609090962516
5087.6			1.0
5088.5			1.0
5089.4			1.0
5090.3			1.0
5091.2			1.0
5092.1			1.0
5093.0			1.0
5093.9			1.0
5094.8			0.9933244873073783
5095.7			0.9780891045499098
5096.6			0.9508592437466619
5097.5			0.912538320782737
5098.4			0.8740028162610195
5099.3			0.8676638462055314
5100.2			0.9099757728142395
5101.1			0.9687775376105695
5102.0			1.0037759263098145
5102.9			1.0078870168189427
5103.8			0.9987878642138759
5104.7			1.0
5105.6			1.0
5106.5			1.0
5107.4			1.0
5108.3			1.0
5109.2			1.0
5110.1			1.0
5111.0			1.0
5111.9			1.0
5112.8			1.0
5113.7			1.0
5114.6			1.0
5115.5			1.0
5116.4			1.0
5117.3			1.0
5118.2			1.0
5119.1			1.0
5120.0			1.0
5120.9			1.0
5121.8			1.0
5122.7			1.0
5123.6			1.0
5124.5			1.0
5125.4			1.0
5126.3			1.0
5127.2			1.0
5128.1			1.0
5129.0			1.0
5129.9			1.0
5130.8			1.0130404439503944
5131.7			1.0183964442838818
5132.6			1.009578824091094
5133.5			1.003469653686367
5134.4			1.022599675586647
5135.3			1.0469868049346553
5136.2			1.0353987798731419
5137.1			1.0041516548830396
5138.0			0.9779080299239211
5138.9			0.9569555876720868
5139.8			0.9703674758555143
5140.7			1.0040625940678944
5141.6			0.993451719900111
5142.5			0.9643291387848927
5143.4			0.9861216859206815
5144.3			1.0300596275983966
5145.2			1.0366460010869138
5146.1			1.0171994709705532
5147.0			0.9998212956528973
5147.9			1.0
5148.8			1.0
5149.7			1.0
5150.6			1.0
5151.5			1.0
5152.4			1.0
5153.3			1.0
5154.2			1.0
5155.1			1.0
5156.0			1.0
5156.9			1.0
5157.8			1.0
5158.7			1.0
5159.6			1.0
5160.5			1.0
5161.4			1.0
5162.3			1.0
5163.2			1.0
5164.1			1.007851018255547
5165.0			0.975165520327824
5165.9			0.9036209136660988
5166.8			0.8181388350197543
5167.7			0.7717373596213546
5168.6			0.8040024379115357
5169.5			0.8917314468849818
5170.4			0.9460924861267094
5171.3			0.8920136086283459
5172.2			0.7915382067870776
5173.1			0.7934387606678353
5174.0			0.9166506596393673
5174.9			1.042469840194374
5175.8			1.095988465438371
5176.7			1.1080388261592031
5177.6			1.1217962785527407
5178.5			1.0
5179.4			0.9959098015024056
5180.3			0.9831403572162785
5181.2			0.9589143096091424
5182.1			0.8812159435098014
5183.0			0.7552304889924836
5183.9			0.7028382703608681
5184.8			0.7876431096375295
5185.7			0.9179455182970276
5186.6			0.9987793715122552
5187.5			1.011076451555362
5188.4			0.9997962134681884
5189.3			1.0
5190.2			1.0
5191.1			1.0
5192.0			1.0
5192.9			1.0
5193.8			1.0
5194.7			1.0
5195.6			1.0
5196.5			1.0
5197.4			1.0
5198.3			1.0
5199.2			1.0
5200.1			1.0
5201.0			0.9996715512488293
5201.9			0.9890347037996816
5202.8			0.9872489325629927
5203.7			0.9755897609152993
5204.6			0.9403758320503685
5205.5			0.9161848685382896
5206.4			0.929709472996168
5207.3			0.9369743547406323
5208.2			0.9250557387339219
5209.1			0.9437462603146862
5210.0			0.9912996953572147
5210.9			1.0342224244860603
5211.8			1.0664353683993768
5212.7			1.0876079860773684
5213.6			1.083401868208388
5214.5			1.0462485894638782
5215.4			1.0040680790287324
5216.3			1.0
5217.2			1.0
5218.1			1.0
5219.0			1.0
5219.9			1.0
5220.8			1.0
5221.7			1.0
5222.6			0.9964647241989194
5223.5			0.9823252467496124
5224.4			0.9552825616612615
5225.3			0.911512220875051
5226.2			0.8494036517646724
5227.1			0.8281996769818591
5228.0			0.8844335458863063
5228.9			0.953038124959105
5229.8			0.9896586528446186
5230.7			1.0098780755415544
5231.6			0.9972281704724888
5232.5			1.0
5233.4			1.0
5234.3			1.0
5235.2			1.0
5236.1			1.0
5237.0			1.0
5237.9			1.0
5238.8			1.0
5239.7			1.0
5240.6			1.0
5241.5			1.0
5242.4			1.0
5243.3			1.0
5244.2			1.0
5245.1			1.0
5246.0			1.0
5246.9			1.0
5247.8			1.0
5248.7			1.0
5249.6			1.0
5250.5			1.0
5251.4			1.0
5252.3			1.0
5253.2			1.0
5254.1			1.0
5255.0			0.9867634340719029
5255.9			1.0030373978754497
5256.8			1.0354034086372548
5257.7			1.0592248703594747
5258.6			1.064279617443601
5259.5			1.0500819824095249
5260.4			1.0188684486548851
5261.3			0.9712176123147332
5262.2			0.9223463181519569
5263.1			0.8877353534264844
5264.0			0.8647505258452131
5264.9			0.8402292979975902
5265.8			0.8273126682801923
5266.7			0.860389912360154
5267.6			0.904157348014668
5268.5			0.8837632129922386
5269.4			0.8216427009747957
5270.3			0.82027488855339
5271.2			0.8910960746064707
5272.1			0.9437570340945649
5273.0			0.949746872815828
5273.9			0.9382141442680537
5274.8			0.9114950965445527
5275.7			0.9035062628752585
5276.6			0.9467668320652083
5277.5			0.9992101339863765
5278.4			1.0
5279.3			0.987565716816025
5280.2			0.9652731433358139
5281.1			0.944132832795331
5282.0			0.9260056196639658
5282.9			0.9036149236653885
5283.8			0.8940930023285816
5284.7			0.926156100563339
5285.6			0.9782071168673114
5286.5			1.0080625685698845
5287.4			1.0086799783523968
5288.3			1.0006366723597362
5289.2			1.0
5290.1			1.0
5291.0			1.005172439922296
5291.9			0.9967382101981266
5292.8			0.9846088866122009
5293.7			0.9826802336389867
5294.6			0.9857350065643186
5295.5			0.9711073219187626
5296.4			0.9294365496354886
5297.3			0.8815359300114247
5298.2			0.871380124928466
5299.1			0.9085979383562551
5300.0			0.9471629615362734
5300.9			0.9549432956581769
5301.8			0.944530200902526
5302.7			0.9496899968523678
5303.6			0.9784065720074521
5304.5			1.001391643055708
5305.4			1.000206452371785
5306.3			1.0
5307.2			1.0
5308.1			1.0
5309.0			1.0
5309.9			1.0
5310.8			1.0
5311.7			1.0
5312.6			1.0
5313.5			1.0
5314.4			1.0
5315.3			1.0
5316.2			1.0
5317.1			1.0
5318.0			1.0
5318.9			1.0
5319.8			1.0
5320.7			0.9992727632356883
5321.6			0.9924314451506947
5322.5			0.9744823975490776
5323.4			0.9361998726163696
5324.3			0.9121060795864314
5325.2			0.9256997078361506
5326.1			0.9437127003759113
5327.0			0.9073746786795573
5327.9			0.8332485074107274
5328.8			0.8206405748454618
5329.7			0.8914810091744777
5330.6			0.9728171414264251
5331.5			1.003035042663046
5332.4			0.9921446163027289
5333.3			0.9904925053526362
5334.2			1.0082984989367143
5335.1			1.0
5336.0			0.9947037505447045
5336.9			0.9820831404978467
5337.8			0.9774479006278688
5338.7			0.966528869366752
5339.6			0.9363110790463991
5340.5			0.9154115636088971
5341.4			0.9389321260032758
5342.3			0.9825359017934797
5343.2			1.0082720995438172
5344.1			1.0139353611865878
5345.0			1.0005611710895603
5345.9			1.0
5346.8			1.0
5347.7			1.0
5348.6			1.0
5349.5			1.0
5350.4			1.0
5351.3			1.0
5352.2			1.0
5353.1			1.0
5354.0			1.0
5354.9			1.0
5355.8			1.0
5356.7			1.0
5357.6			1.0
5358.5			1.0
5359.4			1.0
5360.3			1.0
5361.2			0.9827434293866244
5362.1			0.9582666596401951
5363.0			0.947888016100185
5363.9			0.9398451691851297
5364.8			0.9292865761921607
5365.7			0.9342226510949806
5366.6			0.9402377666587348
5367.5			0.9424036111864119
5368.4			0.9404358621125385
5369.3			0.9186126059025765
5370.2			0.8857673887427818
5371.1			0.8748343249623494
5372.0			0.9105329522433034
5372.9			0.9625889332573648
5373.8			0.9980360955466138
5374.7			1.0188247204644962
5375.6			1.03006633071465
5376.5			1.0279206166067372
5377.4			1.0228348783200292
5378.3			1.0222990854068956
5379.2			1.0155413721886908
5380.1			1.0027797898238913
5381.0			0.9997561366146364
5381.9			1.0
5382.8			1.0
5383.7			1.0
5384.6			1.0
5385.5			1.0
5386.4			1.0
5387.3			1.0
5388.2			1.0
5389.1			1.0
5390.0			1.0
5390.9			1.0
5391.8			1.0
5392.7			1.0
5393.6			1.0
5394.5			1.0
5395.4			1.004352732358287
5396.3			0.9729463705645216
5397.2			0.9454743955064072
5398.1			0.9599117077355566
5399.0			0.9892131495337226
5399.9			0.9969881474805379
5400.8			0.9989606549322577
5401.7			1.013113076584622
5402.6			1.0079506424759608
5403.5			0.9620549109397297
5404.4			0.9124238837571478
5405.3			0.8974437433917637
5406.2			0.9272444374734967
5407.1			0.9770794462791067
5408.0			1.0032656389876105
5408.9			0.9872123557503781
5409.8			0.958619265258063
5410.7			0.9582914036940295
5411.6			0.9942053249928016
5412.5			1.0301046751019387
5413.4			1.033921062794655
5414.3			1.0095649998324687
5415.2			0.9991902217141346
5416.1			1.0
5417.0			1.0
5417.9			1.0
5418.8			1.0
5419.7			1.0
5420.6			1.0
5421.5			1.0029945660938393
5422.4			1.0036799733699657
5423.3			0.9725590847878879
5424.2			0.9452033240589904
5425.1			0.9633971694058049
5426.0			1.006283270940324
5426.9			1.0331881751995364
5427.8			1.0188416019903797
5428.7			0.9641835311122026
5429.6			0.9246506931803403
5430.5			0.9461330083112184
5431.4			0.984725033419138
5432.3			0.9880102172091326
5433.2			0.9641159104376484
5434.1			0.9415991016458015
5435.0			0.9391693529156314
5435.9			0.954499968972197
5436.8			0.9778269793920364
5437.7			1.0013321628725054
5438.6			1.0
5439.5			1.0
5440.4			1.0
5441.3			1.0
5442.2			1.0
5443.1			0.9951782866497226
5444.0			0.9710234683967892
5444.9			0.9331891932188604
5445.8			0.893070390910285
5446.7			0.8769684846748828
5447.6			0.9095654794169313
5448.5			0.9630437299153766
5449.4			0.995082945192568
5450.3			0.999887615035523
5451.2			1.0
5452.1			0.9937384026208912
5453.0			0.9841282637030049
5453.9			0.9558002001661903
5454.8			0.9060348537925312
5455.7			0.8855258459011662
5456.6			0.9220869015611594
5457.5			0.9739486079757139
5458.4			0.999210357932862
5459.3			0.9997928271825682
5460.2			1.0
5461.1			1.0
5462.0			1.0
5462.9			1.0
5463.8			1.0
5464.7			1.0
5465.6			1.0
5466.5			1.0
5467.4			1.0
5468.3			1.0
5469.2			1.0
5470.1			1.0
5471.0			1.0
5471.9			0.9994388391135951
5472.8			0.9852594062961131
5473.7			0.9761493936424388
5474.6			0.97739915358422
5475.5			0.9476219132323243
5476.4			0.9026189538465443
5477.3			0.9046496971841149
5478.2			0.9560074602379404
5479.1			1.0000379016280045
5480.0			0.999837925038555
5480.9			0.980003558567007
5481.8			0.9795992090246459
5482.7			0.9991515251771059
5483.6			1.0
5484.5			1.0
5485.4			1.0
5486.3			1.0
5487.2			1.0
5488.1			1.0
5489.0			1.0
5489.9			1.0
5490.8			1.0
5491.7			1.0
5492.6			1.0
5493.5			1.0
5494.4			1.0
5495.3			1.0
5496.2			1.0
5497.1			1.0
5498.0			1.0
5498.9			1.0
5499.8			1.0
5500.7			1.0
5501.6			1.0
5502.5			1.0
5503.4			1.0
5504.3			1.0
5505.2			1.0
5506.1			1.0
5507.0			1.0
5507.9			1.0
5508.8			1.0
5509.7			1.0
5510.6			1.0
5511.5			1.0
5512.4			1.0
5513.3			1.0
5514.2			1.0
5515.1			1.0
5516.0			1.0
5516.9			1.0
5517.8			1.0
5518.7			1.0
5519.6			1.0
5520.5			1.0
5521.4			1.0
5522.3			1.0
5523.2			1.0
5524.1			1.0003619065970526
5525.0			0.9860219549894841
5525.9			0.9651438379291846
5526.8			0.939780860789893
5527.7			0.9090136748681091
5528.6			0.9065620964370168
5529.5			0.9456008037444561
5530.4			0.9870992089706307
5531.3			1.0043803685616028
5532.2			1.0058019001108252
5533.1			1.0011236775843053
5534.0			1.0
5534.9			1.0
5535.8			1.0
5536.7			1.0
5537.6			1.0
5538.5			1.0
5539.4			1.0
5540.3			1.0
5541.2			1.0
5542.1			1.0
5543.0			1.0
5543.9			1.0
5544.8			1.0
5545.7			1.0
5546.6			1.0
5547.5			1.0
5548.4			1.0
5549.3			1.0
5550.200000000001			1.0
5551.1			1.0
5552.0			1.0
5552.9			1.0
5553.8			1.0
5554.700000000001			1.0
5555.6			1.0
5556.5			1.0
5557.4			1.0
5558.3			1.0
5559.200000000001			1.0
5560.1			1.0
5561.0			1.0
5561.9			1.0
5562.8			1.0
5563.700000000001			1.0
5564.6			1.0
5565.5			1.0
5566.4			1.0
5567.3			1.0
5568.200000000001			1.0
5569.1			1.0
5570.0			1.0
5570.9			1.0
5571.8			1.0
5572.700000000001			1.0
5573.6			1.0
5574.5			1.0
5575.4			1.0
5576.3			1.0
5577.200000000001			1.0121529829952014
5578.1			1.0213134085693296
5579.0			1.0215901844043227
5579.9			1.023759540359239
5580.8			1.0197827787157674
5581.700000000001			1.0089021259800894
5582.6			1.0098103517940518
5583.5			1.02555005107448
5584.4			1.0281612425307667
5585.3			1.0031039647020572
5586.200000000001			0.9633925544840034
5587.1			0.9335325525425358
5588.0			0.9247856624547496
5588.9			0.9364448746227991
5589.8			0.9656397835228159
5590.700000000001			0.9998468192742752
5591.6			1.01937822230113
5592.5			1.0164184922991146
5593.4			0.9966270495315884
5594.3			0.982927871717399
5595.200000000001			1.0073634155767954
5596.1			1.045437077771158
5597.0			1.0464704993779619
5597.9			1.0152568044777615
5598.8			0.9998177421382811
5599.700000000001			1.0
5600.6			1.0
5601.5			1.0
5602.4			1.0
5603.3			1.0
5604.200000000001			1.0
5605.1			1.0
5606.0			1.0
5606.9			1.0
5607.8			1.0
5608.700000000001			1.0
5609.6			1.0
5610.5			1.0
5611.4			1.0
5612.3			1.0047230717569913
5613.200000000001			0.9999443313106959
5614.1			0.9619276125332459
5615.0			0.9048299434386456
5615.9			0.8922077542621305
5616.8			0.9369169144833045
5617.700000000001			0.9825490187679052
5618.6			0.9960555426710871
5619.5			0.9981672121577976
5620.4			1.0
5621.3			1.0
5622.200000000001			1.0
5623.1			1.0
5624.0			1.0
5624.9			1.0
5625.8			1.0
5626.700000000001			1.0
5627.6			1.0
5628.5			1.0
5629.4			1.0
5630.3			1.0
5631.200000000001			1.0
5632.1			1.0
5633.0			1.0
5633.9			1.0
5634.8			1.0
5635.700000000001			1.0
5636.6			1.0
5637.5			1.0
5638.4			1.0
5639.3			1.0
5640.200000000001			1.0
5641.1			1.0
5642.0			1.0
5642.9			1.0
5643.8			1.0
5644.700000000001			1.0
5645.6			1.0
5646.5			1.0
5647.4			1.0
5648.3			1.0
5649.200000000001			1.0
5650.1			1.0
5651.0			1.0
5651.9			1.0
5652.8			1.0
5653.700000000001			1.0
5654.6			1.0
5655.5			1.0
5656.4			1.0
5657.3			1.0
5658.200000000001			1.0
5659.1			1.0
5660.0			1.0
5660.9			1.0
5661.8			1.0
5662.700000000001			1.0
5663.6			1.0
5664.5			1.0
5665.4			1.0
5666.3			1.0
5667.200000000001			1.0
5668.1			1.0
5669.0			1.0
5669.9			1.0
5670.8			1.0
5671.700000000001			1.0
5672.6			1.0
5673.5			1.0
5674.4			1.0
5675.3			1.0
5676.200000000001			1.0
5677.1			1.0
5678.0			1.0
5678.9			1.0
5679.8			1.0
5680.700000000001			1.0
5681.6			1.0
5682.5			1.0
5683.4			1.0
5684.3			1.0
5685.200000000001			1.0
5686.1			1.0
5687.0			1.0
5687.9			1.0
5688.8			1.0
5689.700000000001			1.0
5690.6			1.0
5691.5			1.0
5692.4			1.0
5693.3			1.0
5694.200000000001			1.0
5695.1			1.0
5696.0			1.0
5696.9			1.0
5697.8			1.0
5698.700000000001			1.0
5699.6			1.0
5700.5			0.9905048919161817
5701.4			0.9762457514612742
5702.3			0.9772101129429909
5703.200000000001			0.992255631031528
5704.1			0.9956855751452367
5705.0			0.9791322430109471
5705.9			0.960752600723884
5706.8			0.9511431397842963
5707.700000000001			0.9411847664340305
5708.6			0.9245287350942717
5709.5			0.9168310248777168
5710.4			0.9233603638207832
5711.3			0.9325086179253628
5712.200000000001			0.9531451371498407
5713.1			0.9825703269475852
5714.0			0.9992868741997328
5714.9			0.9998327734093769
5715.8			0.9991318154453329
5716.700000000001			1.0002290708280162
5717.6			0.9987284546256859
5718.5			1.000004787558223
5719.4			1.0
5720.3			1.0
5721.200000000001			1.0
5722.1			1.0
5723.0			1.0
5723.9			1.0
5724.8			1.0
5725.700000000001			1.0
5726.6			1.0
5727.5			1.0
5728.4			1.0
5729.3			1.0
5730.200000000001			1.0
5731.1			1.0
5732.0			1.0
5732.9			1.0
5733.8			1.0
5734.700000000001			1.0
5735.6			1.0
5736.5			1.0
5737.4			1.0
5738.3			1.0
5739.200000000001			1.0
5740.1			1.0
5741.0			1.0
5741.9			1.0
5742.8			1.0
5743.700000000001			1.0
5744.6			1.0
5745.5			1.0
5746.4			1.0
5747.3			1.0
5748.200000000001			1.0
5749.1			1.0
5750.0			1.0
5750.9			1.0
5751.8			1.0
5752.700000000001			1.0
5753.6			1.0
5754.5			1.0
5755.4			1.0
5756.3			1.0
5757.200000000001			1.0
5758.1			1.0
5759.0			1.0
5759.9			1.0
5760.8			1.0
5761.700000000001			1.0
5762.6			1.0
5763.5			1.0
5764.4			1.0
5765.3			1.0
5766.200000000001			1.0
5767.1			1.0
5768.0			1.0
5768.9			1.0
5769.8			1.0
5770.700000000001			1.0
5771.6			1.0
5772.5			1.0
5773.4			1.0
5774.3			1.0
5775.200000000001			1.0
5776.1			1.0
5777.0			1.0
5777.9			1.0
5778.8			1.0
5779.700000000001			1.0
5780.6			1.0
5781.5			1.0
5782.4			1.0
5783.3			1.0
5784.200000000001			1.0
5785.1			1.0
5786.0			1.0
5786.9			1.0
5787.8			1.0
5788.700000000001			1.0
5789.6			1.0
5790.5			1.0
5791.4			1.0
5792.3			1.0
5793.200000000001			1.0
5794.1			1.0
5795.0			1.0
5795.9			1.0
5796.8			1.0
5797.700000000001			1.0
5798.6			1.0
5799.5			1.0
5800.4			1.0
5801.3			1.0
5802.200000000001			1.0
5803.1			1.0
5804.0			1.0
5804.9			1.0
5805.8			1.0
5806.700000000001			1.0
5807.6			1.0
5808.5			1.0
5809.4			1.0
5810.3			1.0
5811.200000000001			1.0
5812.1			1.0
5813.0			1.0
5813.9			1.0
5814.8			1.0
5815.700000000001			1.0
5816.6			1.0
5817.5			1.0
5818.4			1.0
5819.3			1.0
5820.200000000001			1.0
5821.1			1.0
5822.0			1.0
5822.9			1.0
5823.8			1.0
5824.700000000001			1.0
5825.6			1.0
5826.5			1.0
5827.4			1.0
5828.3			1.0
5829.200000000001			1.0
5830.1			1.0
5831.0			1.0
5831.9			1.0
5832.8			1.0
5833.700000000001			1.0
5834.6			1.0
5835.5			1.0
5836.4			1.0
5837.3			1.0
5838.200000000001			1.0
5839.1			1.0
5840.0			1.0
5840.9			1.0
5841.8			1.0
5842.700000000001			1.0
5843.6			1.0
5844.5			1.0
5845.4			1.0
5846.3			1.0
5847.200000000001			1.0
5848.1			1.0
5849.0			1.0
5849.9			1.0
5850.8			1.0
5851.700000000001			1.0
5852.6			1.0
5853.5			1.0
5854.4			1.0
5855.3			1.0
5856.200000000001			1.0
5857.1			1.0
5858.0			1.0
5858.9			1.0
5859.8			1.0
5860.700000000001			1.0
5861.6			1.0
5862.5			1.0
5863.4			1.0
5864.3			1.0
5865.200000000001			1.0
5866.1			1.0
5867.0			1.0
5867.9			1.0
5868.8			1.0
5869.700000000001			1.0
5870.6			1.0
5871.5			1.0
5872.4			1.0
5873.3			1.0
5874.200000000001			1.0
5875.1			1.0
5876.0			1.0
5876.9			1.0
5877.8			1.0
5878.700000000001			1.0
5879.6			1.0
5880.5			1.000363966039064
5881.4			1.00449874531646
5882.3			1.0023044677329331
5883.200000000001			0.9917376676236442
5884.1			0.9825302077933358
5885.0			0.9853646714894799
5885.9			0.9934378709744315
5886.8			0.9895338478936855
5887.700000000001			0.9618008586732322
5888.6			0.8904609121158789
5889.5			0.8031071311792254
5890.4			0.787343272817551
5891.3			0.85843666431182
5892.200000000001			0.927975604570725
5893.1			0.9483681068328873
5894.0			0.9333137921401193
5894.9			0.881256975387645
5895.8			0.8297709843558638
5896.700000000001			0.8527952232480216
5897.6			0.9255836373721784
5898.5			0.9739187869109714
5899.4			0.9896930551642019
5900.3			1.0000185669621564
5901.200000000001			1.0
5902.1			1.0
5903.0			1.0
5903.9			1.0
5904.8			1.0
5905.700000000001			1.0
5906.6			1.0
5907.5			1.0
5908.4			1.0
5909.3			1.0
5910.200000000001			1.0
5911.1			1.0
5912.0			1.0
5912.9			1.0
5913.8			1.0
5914.700000000001			1.0
5915.6			1.0
5916.5			1.0
5917.4			1.0
5918.3			1.0
5919.200000000001			1.0
5920.1			1.0
5921.0			1.0
5921.9			1.0
5922.8			1.0
5923.700000000001			1.0
5924.6			1.0
5925.5			1.0
5926.4			1.0
5927.3			1.0
5928.200000000001			1.0
5929.1			1.0
5930.0			1.0
5930.9			1.0
5931.8			1.0
5932.700000000001			1.0
5933.6			1.0
5934.5			1.0
5935.4			1.0
5936.3			1.0
5937.200000000001			1.0
5938.1			1.0
5939.0			1.0
5939.9			1.0
5940.8			1.0
5941.700000000001			1.0
5942.6			1.0
5943.5			1.0
5944.4			1.0
5945.3			1.0
5946.200000000001			1.0
5947.1			1.0
5948.0			1.0
5948.9			1.0
5949.8			1.0
5950.700000000001			1.0
5951.6			1.0
5952.5			1.0
5953.4			1.0
5954.3			1.0
5955.200000000001			1.0
5956.1			1.0
5957.0			1.0
5957.9			1.0
5958.8			1.0
5959.700000000001			1.0
5960.6			1.0
5961.5			1.0
5962.4			1.0
5963.3			1.0
5964.200000000001			1.0
5965.1			1.0
5966.0			1.0
5966.9			1.0
5967.8			1.0
5968.700000000001			1.0
5969.6			1.0
5970.5			1.0
5971.4			1.0
5972.3			1.0
5973.200000000001			1.0
5974.1			1.0
5975.0			1.0
5975.9			1.0
5976.8			1.0
5977.700000000001			1.0
5978.6			1.0
5979.5			1.0
5980.4			1.0
5981.3			1.0
5982.200000000001			1.0
5983.1			1.0
5984.0			1.0
5984.9			1.0
5985.8			1.0
5986.700000000001			1.0
5987.6			1.0
5988.5			1.0
5989.4			1.0
5990.3			1.0
5991.200000000001			1.0
5992.1			1.0
5993.0			1.0
5993.9			1.0
5994.8			1.0
5995.700000000001			1.0
5996.6			1.0
5997.5			1.0
5998.4			1.0
5999.3			1.0
6000.200000000001			1.0
6001.1			1.0
6002.0			1.0
6002.9			1.0
6003.8			1.0
6004.700000000001			1.0
6005.6			1.0
6006.5			1.0
6007.4			1.0
6008.3			1.0
6009.200000000001			1.0
6010.1			1.0
6011.0			1.0
6011.9			1.0
6012.8			1.0
6013.700000000001			1.0
6014.6			1.0
6015.5			1.0
6016.4			1.0
6017.3			1.0
6018.200000000001			1.0
6019.1			1.0
6020.0			1.0
6020.9			1.0
6021.8			1.0
6022.700000000001			1.0
6023.6			1.0
6024.5			1.0
6025.4			1.0
6026.3			1.0
6027.200000000001			1.0
6028.1			1.0
6029.0			1.0
6029.9			1.0
6030.8			1.0
6031.700000000001			1.0
6032.6			1.0
6033.5			1.0
6034.4			1.0
6035.3			1.0
6036.200000000001			1.0
6037.1			1.0
6038.0			1.0
6038.9			1.0
6039.8			1.0
6040.700000000001			1.0
6041.6			1.0
6042.5			1.0
6043.4			1.0
6044.3			1.0
6045.200000000001			1.0
6046.1			1.0
6047.0			1.0
6047.9			1.0
6048.8			1.0
6049.700000000001			1.0
6050.6			1.0
6051.5			1.0
6052.4			1.0
6053.3			1.0
6054.200000000001			1.0
6055.1			1.0
6056.0			1.0
6056.9			1.0
6057.8			1.0
6058.700000000001			1.0
6059.6			1.0
6060.5			1.0
6061.4			1.0
6062.3			1.0
6063.200000000001			1.0
6064.1			1.0
6065.0			1.0
6065.9			1.0
6066.8			1.0
6067.700000000001			1.0
6068.6			1.0
6069.5			1.0
6070.4			1.0
6071.3			1.0
6072.200000000001			1.0
6073.1			1.0
6074.0			1.0
6074.9			1.0
6075.8			1.0
6076.700000000001			1.0
6077.6			1.0
6078.5			1.0
6079.4			1.0
6080.3			1.0
6081.200000000001			1.0
6082.1			1.0
6083.0			1.0
6083.9			1.0
6084.8			1.0
6085.700000000001			1.0
6086.6			1.0
6087.5			1.0
6088.4			1.0
6089.3			1.0
6090.200000000001			1.0
6091.1			1.0
6092.0			1.0
6092.9			1.0
6093.8			1.0
6094.700000000001			1.0
6095.6			1.0
6096.5			1.0
6097.4			1.0
6098.3			1.0
6099.200000000001			1.001934701795547
6100.1			0.9936551671280668
6101.0			0.9622978807018402
6101.9			0.9133118737687007
6102.8			0.8875116678539491
6103.700000000001			0.9169136656063278
6104.6			0.9683896194924969
6105.5			0.9981415334343398
6106.4			0.9997332546517433
6107.3			1.0
6108.200000000001			1.0
6109.1			1.0
6110.0			1.0
6110.9			1.0
6111.8			1.0
6112.700000000001			1.0
6113.6			1.0
6114.5			1.0
6115.4			1.0
6116.3			1.0
6117.200000000001			1.0
6118.1			1.0
6119.0			1.0
6119.9			1.0
6120.8			1.0
6121.700000000001			1.0
6122.6			1.0
6123.5			1.0
6124.4			1.0
6125.3			1.0
6126.200000000001			1.0
6127.1			1.0
6128.0			1.0
6128.9			1.0
6129.8			1.0
6130.700000000001			1.0
6131.6			1.0
6132.5			1.0
6133.4			1.0
6134.3			1.0
6135.200000000001			1.0
6136.1			1.0
6137.0			1.0
6137.9			1.0
6138.8			1.0
6139.700000000001			1.0
6140.6			1.0
6141.5			1.0
6142.4			1.0
6143.3			1.0
6144.200000000001			1.0
6145.1			1.0
6146.0			1.0
6146.9			1.0
6147.8			1.0
6148.700000000001			1.0
6149.6			1.0
6150.5			1.0
6151.4			1.0
6152.3			1.0
6153.200000000001			1.0
6154.1			1.0
6155.0			1.0
6155.9			1.0
6156.8			1.0074297753155892
6157.700000000001			1.0074441182904643
6158.6			1.0085377528099768
6159.5			1.003940369912103
6160.4			0.9726992303018438
6161.3			0.923955796417
6162.200000000001			0.8987169922620984
6163.1			0.9156273529754739
6164.0			0.9552903792898968
6164.9			0.9879227289207025
6165.8			1.0023456450640014
6166.700000000001			1.0069883261708048
6167.6			1.0005921368676665
6168.5			1.0
6169.4			1.0
6170.3			1.0
6171.200000000001			1.0
6172.1			1.0
6173.0			1.0
6173.9			1.0
6174.8			1.0
6175.700000000001			1.0
6176.6			1.0
6177.5			1.0
6178.4			1.0
6179.3			1.0
6180.200000000001			1.0
6181.1			1.0
6182.0			1.0
6182.9			1.0
6183.8			1.0
6184.700000000001			1.0
6185.6			1.0
6186.5			1.0
6187.4			1.0
6188.3			1.0
6189.200000000001			1.0
6190.1			1.0
6191.0			1.0
6191.9			1.0
6192.8			1.0
6193.700000000001			1.0
6194.6			1.0
6195.5			1.0
6196.4			1.0
6197.3			1.0
6198.200000000001			1.0
6199.1			1.0
6200.0			1.0
6200.9			1.0
6201.8			1.0
6202.700000000001			1.0
6203.6			1.0
6204.5			1.0
6205.4			1.0
6206.3			1.0
6207.200000000001			1.0
6208.1			1.0
6209.0			1.0
6209.9			1.0
6210.8			1.0
6211.700000000001			1.0
6212.6			1.0
6213.5			1.0
6214.4			1.0
6215.3			1.0
6216.200000000001			1.0
6217.1			1.0
6218.0			1.0
6218.9			1.0
6219.8			1.0
6220.700000000001			1.0
6221.6			1.0
6222.5			1.0
6223.4			1.0
6224.3			1.0
6225.200000000001			1.0
6226.1			1.0
6227.0			1.0
6227.9			1.0
6228.8			1.0
6229.700000000001			1.0
6230.6			1.0
6231.5			1.0
6232.4			1.0
6233.3			1.0
6234.200000000001			1.0
6235.1			1.0
6236.0			1.0
6236.9			1.0
6237.8			1.0
6238.700000000001			1.0
6239.6			1.0
6240.5			1.0
6241.4			1.0
6242.3			1.0
6243.200000000001			1.0
6244.1			1.0
6245.0			1.0
6245.9			1.0
6246.8			1.0
6247.700000000001			1.0
6248.6			1.0
6249.5			1.0
6250.4			1.0
6251.3			1.0
6252.200000000001			1.0
6253.1			1.0
6254.0			1.0
6254.9			1.0
6255.8			1.0
6256.700000000001			1.0
6257.6			1.0
6258.5			1.0
6259.4			1.0
6260.3			1.0
6261.200000000001			1.0
6262.1			1.0
6263.0			1.0
6263.9			1.0
6264.8			1.0
6265.700000000001			1.0
6266.6			1.0
6267.5			1.0
6268.4			1.0
6269.3			1.0
6270.200000000001			1.0
6271.1			1.0
6272.0			1.0
6272.9			1.0
6273.8			1.0
6274.700000000001			1.0
6275.6			1.0
6276.5			1.0
6277.4			1.0
6278.3			1.0
6279.200000000001			1.0
6280.1			1.0
6281.0			1.0
6281.9			1.0
6282.8			1.0
6283.700000000001			1.0
6284.6			1.0
6285.5			1.0
6286.4			1.0
6287.3			1.0
6288.200000000001			1.0
6289.1			1.0
6290.0			1.0
6290.9			1.0
6291.8			1.0
6292.700000000001			1.0
6293.6			1.0
6294.5			1.0
6295.4			1.0
6296.3			1.0
6297.200000000001			1.0
6298.1			1.0
6299.0			1.0
6299.9			1.0
6300.8			1.0
6301.700000000001			1.0
6302.6			1.0
6303.5			1.0
6304.4			1.0
6305.3			1.0
6306.200000000001			1.0
6307.1			1.0
6308.0			1.0
6308.9			1.0
6309.8			1.0
6310.700000000001			1.0
6311.6			1.0
6312.5			1.0
6313.4			1.0
6314.3			1.0
6315.200000000001			1.0
6316.1			1.0
6317.0			1.0
6317.9			1.0
6318.8			1.0
6319.700000000001			1.0
6320.6			1.0
6321.5			1.0
6322.4			1.0
6323.3			1.0
6324.200000000001			1.0
6325.1			1.0
6326.0			1.0
6326.9			1.0
6327.8			1.0
6328.700000000001			1.0
6329.6			1.0
6330.5			1.0
6331.4			1.0
6332.3			1.0
6333.200000000001			1.0
6334.1			1.0
6335.0			1.0
6335.9			1.0
6336.8			1.0
6337.700000000001			1.0
6338.6			1.0
6339.5			1.0
6340.4			1.0
6341.3			1.0
6342.200000000001			1.0
6343.1			1.0
6344.0			1.0
6344.9			1.0
6345.8			1.0
6346.700000000001			1.0
6347.6			1.0
6348.5			1.0
6349.4			1.0
6350.3			1.0
6351.200000000001			1.0
6352.1			1.0
6353.0			1.0
6353.9			1.0
6354.8			1.0
6355.700000000001			1.0
6356.6			1.0
6357.5			1.0
6358.4			1.0
6359.3			1.0
6360.200000000001			1.0
6361.1			1.0
6362.0			1.0
6362.9			1.0
6363.8			1.0
6364.700000000001			1.0
6365.6			1.0
6366.5			1.0
6367.4			1.0
6368.3			1.0
6369.200000000001			1.0
6370.1			1.0
6371.0			1.0
6371.9			1.0
6372.8			1.0
6373.700000000001			1.0
6374.6			1.0
6375.5			1.0
6376.4			1.0
6377.3			1.0
6378.200000000001			1.0
6379.1			1.0
6380.0			1.0
6380.9			1.0
6381.8			1.0
6382.700000000001			1.0
6383.6			1.0
6384.5			1.0
6385.4			1.0
6386.3			1.0
6387.200000000001			1.0
6388.1			1.0
6389.0			1.0
6389.9			1.0
6390.8			1.0
6391.700000000001			1.0
6392.6			1.0
6393.5			1.0
6394.4			1.0
6395.3			1.0
6396.200000000001			1.0
6397.1			1.0
6398.0			1.0
6398.9			1.0
6399.8			1.0
6400.700000000001			1.0
6401.6			1.0
6402.5			1.0
6403.4			1.0
6404.3			1.0
6405.200000000001			1.0
6406.1			1.0
6407.0			1.0
6407.9			1.0
6408.8			1.0
6409.700000000001			1.0
6410.6			1.0
6411.5			1.0
6412.4			1.0
6413.3			1.0
6414.200000000001			1.0
6415.1			1.0
6416.0			1.0
6416.9			1.0
6417.8			1.0
6418.700000000001			1.0
6419.6			1.0
6420.5			1.0
6421.4			1.0
6422.3			1.0
6423.200000000001			1.0
6424.1			1.0
6425.0			1.0
6425.9			1.0
6426.8			1.0
6427.700000000001			1.0
6428.6			1.0
6429.5			1.0
6430.4			1.0
6431.3			1.0
6432.200000000001			1.0
6433.1			1.0
6434.0			1.0
6434.9			1.0
6435.8			1.0
6436.700000000001			1.0
6437.6			1.0
6438.5			1.0
6439.4			1.0
6440.3			1.0
6441.200000000001			1.0
6442.1			1.0
6443.0			1.0
6443.9			1.0
6444.8			1.0
6445.700000000001			1.0
6446.6			1.0
6447.5			1.0
6448.4			1.0
6449.3			1.0
6450.200000000001			1.0
6451.1			1.0
6452.0			1.0
6452.9			1.0
6453.8			1.0
6454.700000000001			1.0
6455.6			1.0
6456.5			1.0
6457.4			1.0
6458.3			1.0
6459.200000000001			1.0
6460.1			1.0
6461.0			1.0
6461.9			1.0
6462.8			1.0
6463.700000000001			1.0
6464.6			1.0
6465.5			1.0
6466.4			1.0
6467.3			1.0
6468.200000000001			1.0
6469.1			1.0
6470.0			1.0
6470.9			1.0
6471.8			1.0
6472.700000000001			1.0
6473.6			1.0
6474.5			1.0
6475.4			1.0
6476.3			1.0
6477.200000000001			1.0
6478.1			1.0
6479.0			1.0
6479.9			1.0
6480.8			1.0
6481.700000000001			1.0
6482.6			1.0
6483.5			1.0
6484.4			1.0
6485.3			1.0
6486.200000000001			1.0
6487.1			1.006943952148905
6488.0			1.008411417031233
6488.9			1.0039236848281599
6489.8			0.9976441071068357
6490.700000000001			0.9902422326341763
6491.6			0.97908086730982
6492.5			0.9587656797533938
6493.4			0.9242929661262367
6494.3			0.892407235492226
6495.200000000001			0.8834469924739567
6496.1			0.8914873452144141
6497.0			0.9117186018307127
6497.9			0.9388026275847404
6498.8			0.9521705085840012
6499.700000000001			0.9559660022584013
6500.6			0.969517645164563
6501.5			0.9878769575802716
6502.4			0.9980845584623524
6503.3			0.9999497933424865
6504.200000000001			1.0
6505.1			1.0
6506.0			1.0
6506.9			1.0
6507.8			1.0
6508.700000000001			1.0
6509.6			1.0
6510.5			1.0
6511.4			1.0
6512.3			1.0
6513.200000000001			1.0
6514.1			1.0
6515.0			1.0
6515.9			1.0
6516.8			1.0
6517.700000000001			1.0
6518.6			1.0
6519.5			1.0
6520.4			1.0
6521.3			1.0
6522.200000000001			1.0
6523.1			1.0
6524.0			1.0
6524.9			1.0
6525.8			1.0
6526.700000000001			1.0
6527.6			1.0
6528.5			1.0
6529.4			1.0
6530.3			1.0
6531.200000000001			1.0
6532.1			1.0
6533.0			1.0
6533.9			1.0
6534.8			1.0
6535.700000000001			1.0
6536.6			1.0
6537.5			1.0
6538.4			1.0
6539.3			1.0
6540.200000000001			1.0
6541.1			1.0
6542.0			1.0
6542.9			1.0
6543.8			1.0
6544.700000000001			1.0
6545.6			1.0
6546.5			1.0
6547.4			1.0
6548.3			1.0
6549.200000000001			1.0
6550.1			1.0
6551.0			1.0
6551.9			1.0
6552.8			1.0
6553.700000000001			1.0
6554.6			0.9802367189574563
6555.5			0.9614791590049057
6556.4			0.9520074631713112
6557.3			0.9470403912112046
6558.200000000001			0.9394116110309142
6559.1			0.9204695146861064
6560.0			0.878706739949258
6560.9			0.796013965426707
6561.8			0.6721656082050355
6562.700000000001			0.5795113843681772
6563.6			0.6045775165930198
6564.5			0.722902658396572
6565.4			0.838390818402674
6566.3			0.9068694140209184
6567.200000000001			0.9408195601092741
6568.1			0.9548872372027737
6569.0			0.9635541965229212
6569.9			0.9802475813326847
6570.8			1.0016042575007484
6571.700000000001			1.0
6572.6			1.0
6573.5			1.0
6574.4			1.0
6575.3			1.0
6576.200000000001			1.0
6577.1			1.0
6578.0			1.0
6578.9			1.0
6579.8			1.0
6580.700000000001			1.0
6581.6			1.0
6582.5			1.0
6583.4			1.0
6584.3			1.0
6585.200000000001			1.0
6586.1			1.0
6587.0			1.0
6587.9			1.0
6588.8			1.0
6589.700000000001			1.0
6590.6			1.0
6591.5			1.0
6592.4			1.0
6593.3			1.0
6594.200000000001			1.0
6595.1			1.0
6596.0			1.0
6596.9			1.0
6597.8			1.0
6598.700000000001			1.0
6599.6			1.0
6600.5			1.0
6601.4			1.0
6602.3			1.0
6603.200000000001			1.0
6604.1			1.0
6605.0			1.0
6605.9			1.0
6606.8			1.0
6607.700000000001			1.0
6608.6			1.0
6609.5			1.0
6610.4			1.0
6611.3			1.0
6612.200000000001			1.0
6613.1			1.0
6614.0			1.0
6614.9			1.0
6615.8			1.0
6616.700000000001			1.0
6617.6			1.0
6618.5			1.0
6619.4			1.0
6620.3			1.0
6621.200000000001			1.0
6622.1			1.0
6623.0			1.0
6623.9			1.0
6624.8			1.0
6625.700000000001			1.0
6626.6			1.0
6627.5			1.0
6628.4			1.0
6629.3			1.0
6630.200000000001			1.0
6631.1			1.0
6632.0			1.0
6632.9			1.0
6633.8			1.0
6634.700000000001			1.0
6635.6			1.0
6636.5			1.0
6637.4			1.0
6638.3			1.0
6639.200000000001			1.0
6640.1			1.0
6641.0			1.0
6641.9			1.0
6642.8			1.0
6643.700000000001			1.0
6644.6			1.0
6645.5			1.0
6646.4			1.0
6647.3			1.0
6648.200000000001			1.0
6649.1			1.0
6650.0			1.0
6650.9			1.0
6651.8			1.0
6652.700000000001			1.0
6653.6			1.0
6654.5			1.0
6655.4			1.0
6656.3			1.0
6657.200000000001			1.0
6658.1			1.0
6659.0			1.0
6659.9			1.0
6660.8			1.0
6661.700000000001			1.0
6662.6			1.0
6663.5			1.0
6664.4			1.0
6665.3			1.0
6666.200000000001			1.0
6667.1			1.0
6668.0			1.0
6668.9			1.0
6669.8			1.0
6670.700000000001			1.0
6671.6			1.0
6672.5			1.0
6673.4			1.0
6674.3			1.0
6675.200000000001			1.0
6676.1			1.0
6677.0			1.0
6677.9			1.0
6678.8			1.0
6679.700000000001			1.0
6680.6			1.0
6681.5			1.0
6682.4			1.0
6683.3			1.0
6684.200000000001			1.0
6685.1			1.0
6686.0			1.0
6686.9			1.0
6687.8			1.0
6688.700000000001			1.0
6689.6			1.0
6690.5			1.0
6691.4			1.0
6692.3			1.0
6693.200000000001			1.0
6694.1			1.0
6695.0			1.0
6695.9			1.0
6696.8			1.0
6697.700000000001			1.0
6698.6			1.0
6699.5			1.0
6700.4			1.0
6701.3			1.0
6702.200000000001			1.0
6703.1			1.0
6704.0			1.0
6704.9			1.0
6705.8			1.0
6706.700000000001			1.0
6707.6			1.0
6708.5			1.0
6709.4			1.0
6710.3			1.0
6711.200000000001			1.0
6712.1			1.0
6713.0			1.0
6713.9			1.0
6714.8			1.0
6715.700000000001			1.0
6716.6			1.0
6717.5			1.0
6718.4			1.0
6719.3			1.0
6720.200000000001			1.0
6721.1			1.0
6722.0			1.0
6722.9			1.0
6723.8			1.0
6724.700000000001			1.0
6725.6			1.0
6726.5			1.0
6727.4			1.0
6728.3			1.0
6729.200000000001			1.0
6730.1			1.0
6731.0			1.0
6731.9			1.0
6732.8			1.0
6733.700000000001			1.0
6734.6			1.0
6735.5			1.0
6736.4			1.0
6737.3			1.0
6738.200000000001			1.0
6739.1			1.0
6740.0			1.0
6740.9			1.0
6741.8			1.0
6742.700000000001			1.0
6743.6			1.0
6744.5			1.0
6745.4			1.0
6746.3			1.0
6747.200000000001			1.0
6748.1			1.0
6749.0			1.0
6749.9			1.0
6750.8			1.0
6751.700000000001			1.0
6752.6			1.0
6753.5			1.0
6754.4			1.0
6755.3			1.0
6756.200000000001			1.0
6757.1			1.0
6758.0			1.0
6758.9			1.0
6759.8			1.0
6760.700000000001			1.0
6761.6			1.0
6762.5			1.0
6763.4			1.0
6764.3			1.0
6765.200000000001			1.0
6766.1			1.0
6767.0			1.0
6767.9			1.0
6768.8			1.0
6769.700000000001			1.0
6770.6			1.0
6771.5			1.0
6772.4			1.0
6773.3			1.0
6774.200000000001			1.0
6775.1			1.0
6776.0			1.0
6776.9			1.0
6777.8			1.0
6778.700000000001			1.0
6779.6			1.0
6780.5			1.0
6781.4			1.0
6782.3			1.0
6783.200000000001			1.0
6784.1			1.0
6785.0			1.0
6785.9			1.0
6786.8			1.0
6787.700000000001			1.0
6788.6			1.0
6789.5			1.0
6790.4			1.0
6791.3			1.0
6792.200000000001			1.0
6793.1			1.0
6794.0			1.0
6794.9			1.0
6795.8			1.0
6796.700000000001			1.0
6797.6			1.0
6798.5			1.0
6799.4			1.0
6800.3			1.0
6801.200000000001			1.0
6802.1			1.0
6803.0			1.0
6803.9			1.0
6804.8			1.0
6805.700000000001			1.0
6806.6			1.0
6807.5			1.0
6808.4			1.0
6809.3			1.0
6810.200000000001			1.0
6811.1			1.0
6812.0			1.0
6812.9			1.0
6813.8			1.0
6814.700000000001			1.0
6815.6			1.0
6816.5			1.0
6817.4			1.0
6818.3			1.0
6819.200000000001			1.0
6820.1			1.0
6821.0			1.0
6821.9			1.0
6822.8			1.0
6823.700000000001			1.0
6824.6			1.0
6825.5			1.0
6826.4			1.0
6827.3			1.0
6828.200000000001			1.0
6829.1			1.0
6830.0			1.0
6830.9			1.0
6831.8			1.0
6832.700000000001			1.0
6833.6			1.0
6834.5			1.0
6835.4			1.0
6836.3			1.0
6837.200000000001			1.0
6838.1			1.0
6839.0			1.0
6839.9			1.0
6840.8			1.0
6841.700000000001			1.0
6842.6			1.0
6843.5			1.0
6844.4			1.0
6845.3			1.0
6846.200000000001			1.0
6847.1			1.0
6848.0			1.0
6848.9			1.0
6849.8			1.0
6850.700000000001			1.0
6851.6			1.0
6852.5			1.0
6853.4			1.0
6854.3			1.0
6855.200000000001			1.0
6856.1			1.0
6857.0			1.0
6857.9			1.0
6858.8			1.0
6859.700000000001			1.0
6860.6			1.0
6861.5			1.0
6862.4			1.0
6863.3			1.0
6864.200000000001			1.0
6865.1			1.0
6866.0			1.0
6866.9			1.0
6867.8			1.0
6868.700000000001			1.0
6869.6			1.0
6870.5			1.0
6871.4			1.0
6872.3			1.0
6873.200000000001			1.0
6874.1			1.0
6875.0			1.0
6875.9			1.0
6876.8			1.0
6877.700000000001			1.0
6878.6			1.0
6879.5			1.0
6880.4			1.0
6881.3			1.0
6882.200000000001			1.0
6883.1			1.0
6884.0			1.0
6884.9			1.0
6885.8			1.0
6886.700000000001			1.0
6887.6			1.0
6888.5			1.0
6889.4			1.0
6890.3			1.0
6891.200000000001			1.0
6892.1			1.0
6893.0			1.0
6893.9			1.0
6894.8			1.0
6895.700000000001			1.0
6896.6			1.0
6897.5			1.0
6898.4			1.0
6899.3			1.0
6900.200000000001			1.0
6901.1			1.0
6902.0			1.0
6902.9			1.0
6903.8			1.0
6904.700000000001			1.0
6905.6			1.0
6906.5			1.0
6907.4			1.0
6908.3			1.0
6909.200000000001			1.0
6910.1			1.0
6911.0			1.0
6911.9			1.0
6912.8			1.0
6913.700000000001			1.0
6914.6			1.0
6915.5			1.0
6916.4			1.0
6917.3			1.0
6918.200000000001			1.0
6919.1			1.0
6920.0			1.0
6920.9			1.0
6921.8			1.0
6922.700000000001			1.0
6923.6			1.0
6924.5			1.0
6925.4			1.0
6926.3			1.0
6927.200000000001			1.0
6928.1			1.0
6929.0			1.0
6929.9			1.0
6930.8			1.0
6931.700000000001			1.0
6932.6			1.0
6933.5			1.0
6934.4			1.0
6935.3			1.0
6936.200000000001			1.0
6937.1			1.0
6938.0			1.0
6938.9			1.0
6939.8			1.0
6940.700000000001			1.0
6941.6			1.0
6942.5			1.0
6943.4			1.0
6944.3			1.0
6945.200000000001			1.0
6946.1			1.0
6947.0			1.0
6947.9			1.0
6948.8			1.0
6949.700000000001			1.0
6950.6			1.0
6951.5			1.0
6952.4			1.0
6953.3			1.0
6954.200000000001			1.0
6955.1			1.0
6956.0			1.0
6956.9			1.0
6957.8			1.0
6958.700000000001			1.0
6959.6			1.0
6960.5			1.0
6961.4			1.0
6962.3			1.0
6963.200000000001			1.0
6964.1			1.0
6965.0			1.0
6965.9			1.0
6966.8			1.0
6967.700000000001			1.0
6968.6			1.0
6969.5			1.0
6970.4			1.0
6971.3			1.0
6972.200000000001			1.0
6973.1			1.0
6974.0			1.0
6974.9			1.0
6975.8			1.0
6976.700000000001			1.0
6977.6			1.0
6978.5			1.0
6979.4			1.0
6980.3			1.0
6981.200000000001			1.0
6982.1			1.0
6983.0			1.0
6983.9			1.0
6984.8			1.0
6985.700000000001			1.0
6986.6			1.0
6987.5			1.0
6988.4			1.0
6989.3			1.0
6990.200000000001			1.0
6991.1			1.0
6992.0			1.0
6992.9			1.0
6993.8			1.0
6994.700000000001			1.0
6995.6			1.0
6996.5			1.0
6997.4			1.0
6998.3			1.0
6999.200000000001			1.0
7000.1			1.0
7001.0			1.0
7001.9			1.0
7002.8			1.0
7003.700000000001			1.0
7004.6			1.0
7005.5			1.0
7006.4			1.0
7007.3			1.0
7008.200000000001			1.0
7009.1			1.0
7010.0			1.0
7010.9			1.0
7011.8			1.0
7012.700000000001			1.0
7013.6			1.0
7014.5			1.0
7015.4			1.0
7016.3			1.0
7017.200000000001			1.0
7018.1			1.0
7019.0			1.0
7019.9			1.0
7020.8			1.0
7021.700000000001			1.0
7022.6			1.0
7023.5			1.0
7024.4			1.0
7025.3			1.0
7026.200000000001			1.0
7027.1			1.0
7028.0			1.0
7028.9			1.0
7029.8			1.0
7030.700000000001			1.0
7031.6			1.0
7032.5			1.0
7033.4			1.0
7034.3			1.0
7035.200000000001			1.0
7036.1			1.0
7037.0			1.0
7037.9			1.0
7038.8			1.0
7039.700000000001			1.0
7040.6			1.0
7041.5			1.0
7042.4			1.0
7043.3			1.0
7044.200000000001			1.0
7045.1			1.0
7046.0			1.0
7046.9			1.0
7047.8			1.0
7048.700000000001			1.0
7049.6			1.0
7050.5			1.0
7051.4			1.0
7052.3			1.0
7053.200000000001			1.0
7054.1			1.0
7055.0			1.0
7055.9			1.0
7056.8			1.0
7057.700000000001			1.0
7058.6			1.0
7059.5			1.0
7060.4			1.0
7061.3			1.0
7062.200000000001			1.0
7063.1			1.0
7064.0			1.0
7064.9			1.0
7065.8			1.0
7066.700000000001			1.0
7067.6			1.0
7068.5			1.0
7069.4			1.0
7070.3			1.0
7071.200000000001			1.0
7072.1			1.0
7073.0			1.0
7073.9			1.0
7074.8			1.0
7075.700000000001			1.0
7076.6			1.0
7077.5			1.0
7078.4			1.0
7079.3			1.0
7080.200000000001			1.0
7081.1			1.0
7082.0			1.0
7082.9			1.0
7083.8			1.0
7084.700000000001			1.0
7085.6			1.0
7086.5			1.0
7087.4			1.0
7088.3			1.0
7089.200000000001			1.0
7090.1			1.0
7091.0			1.0
7091.9			1.0
7092.8			1.0
7093.700000000001			1.0
7094.6			1.0
7095.5			1.0
7096.4			1.0
7097.3			1.0
7098.200000000001			1.0
7099.1			1.0
7100.0			1.0
7100.9			1.0
7101.8			1.0
7102.700000000001			1.0
7103.6			1.0
7104.5			1.0
7105.4			1.0
7106.3			1.0
7107.200000000001			1.0
7108.1			1.0
7109.0			1.0
7109.9			1.0
7110.8			1.0
7111.700000000001			1.0
7112.6			1.0
7113.5			1.0
7114.4			1.0
7115.3			1.0
7116.200000000001			1.0
7117.1			1.0
7118.0			1.0
7118.9			1.0
7119.8			1.0
7120.700000000001			1.0
7121.6			1.0
7122.5			1.0
7123.4			1.0
7124.3			1.0
7125.200000000001			1.0
7126.1			1.0
7127.0			1.0
7127.9			1.0
7128.8			1.0
7129.700000000001			1.0
7130.6			1.0
7131.5			1.0
7132.4			1.0
7133.3			1.0
7134.200000000001			1.0
7135.1			1.0
7136.0			1.0
7136.9			1.0
7137.8			1.0
7138.700000000001			1.0
7139.6			1.0
7140.5			1.0
7141.4			1.0
7142.3			1.0
7143.200000000001			1.0
7144.1			1.0
7145.0			1.0
7145.9			1.0
7146.8			1.0
7147.700000000001			1.0
7148.6			1.0
7149.5			1.0
7150.4			1.0
7151.3			1.0
7152.200000000001			1.0
7153.1			1.0
7154.0			1.0
7154.9			1.0
7155.8			1.0
7156.700000000001			1.0
7157.6			1.0
7158.5			1.0
7159.4			1.0
7160.3			1.0
7161.200000000001			1.0
7162.1			1.0
7163.0			1.0
7163.9			1.0
7164.8			1.0
7165.700000000001			1.0
7166.6			1.0
7167.5			1.0
7168.4			1.0
7169.3			1.0
7170.200000000001			1.0
7171.1			1.0
7172.0			1.0
7172.9			1.0
7173.8			1.0
7174.700000000001			1.0
7175.6			1.0
7176.5			1.0
7177.4			1.0
7178.3			1.0
7179.200000000001			1.0
7180.1			1.0
7181.0			1.0
7181.9			1.0
7182.8			1.0
7183.700000000001			1.0
7184.6			1.0
7185.5			1.0
7186.4			1.0
7187.3			1.0
7188.200000000001			1.0
7189.1			1.0
7190.0			1.0
7190.9			1.0
7191.8			1.0
7192.700000000001			1.0
7193.6			1.0
7194.5			1.0
7195.4			1.0
7196.3			1.0
7197.200000000001			1.0
7198.1			1.0
7199.0			1.0
7199.9			1.0
7200.8			1.0
7201.700000000001			1.0
7202.6			1.0
7203.5			1.0
7204.4			1.0
7205.3			1.0
7206.200000000001			1.0
7207.1			1.0
7208.0			1.0
7208.9			1.0
7209.8			1.0
7210.700000000001			1.0
7211.6			1.0
7212.5			1.0
7213.4			1.0
7214.3			1.0
7215.200000000001			1.0
7216.1			1.0
7217.0			1.0
7217.9			1.0
7218.8			1.0
7219.700000000001			1.0
7220.6			1.0
7221.5			1.0
7222.4			1.0
7223.3			1.0
7224.200000000001			1.0
7225.1			1.0
7226.0			1.0
7226.9			1.0
7227.8			1.0
7228.700000000001			1.0
7229.6			1.0
7230.5			1.0
7231.4			1.0
7232.3			1.0
7233.200000000001			1.0
7234.1			1.0
7235.0			1.0
7235.9			1.0
7236.8			1.0
7237.700000000001			1.0
7238.6			1.0
7239.5			1.0
7240.4			1.0
7241.3			1.0
7242.200000000001			1.0
7243.1			1.0
7244.0			1.0
7244.9			1.0
7245.8			1.0
7246.700000000001			1.0
7247.6			1.0
7248.5			1.0
7249.4			1.0
7250.3			1.0
7251.200000000001			1.0
7252.1			1.0
7253.0			1.0
7253.9			1.0
7254.8			1.0
7255.700000000001			1.0
7256.6			1.0
7257.5			1.0
7258.4			1.0
7259.3			1.0
7260.200000000001			1.0
7261.1			1.0
7262.0			1.0
7262.9			1.0
7263.8			1.0
7264.700000000001			1.0
7265.6			1.0
7266.5			1.0
7267.4			1.0
7268.3			1.0
7269.200000000001			1.0
7270.1			1.0
7271.0			1.0
7271.9			1.0
7272.8			1.0
7273.700000000001			1.0
7274.6			1.0
7275.5			1.0
7276.4			1.0
7277.3			1.0
7278.200000000001			1.0
7279.1			1.0
7280.0			1.0
7280.9			1.0
7281.8			1.0
7282.700000000001			1.0
7283.6			1.0
7284.5			1.0
7285.4			1.0
7286.3			1.0
7287.200000000001			1.0
7288.1			1.0
7289.0			1.0
7289.9			1.0
7290.8			1.0
7291.700000000001			1.0
7292.6			1.0
7293.5			1.0
7294.4			1.0
7295.3			1.0
7296.200000000001			1.0
7297.1			1.0
7298.0			1.0
7298.9			1.0
7299.8			1.0
7300.700000000001			1.0
7301.6			1.0
7302.5			1.0
7303.4			1.0
7304.3			1.0
7305.200000000001			1.0
7306.1			1.0
7307.0			1.0
7307.9			1.0
7308.8			1.0
7309.700000000001			1.0
7310.6			1.0
7311.5			1.0
7312.4			1.0
7313.3			1.0
7314.200000000001			1.0
7315.1			1.0
7316.0			1.0
7316.9			1.0
7317.8			1.0
7318.700000000001			1.0
7319.6			1.0
7320.5			1.0
7321.4			1.0
7322.3			1.0
7323.200000000001			1.0
7324.1			1.0
7325.0			1.0
7325.9			1.0
7326.8			1.0
7327.700000000001			1.0
7328.6			1.0
7329.5			1.0
7330.4			1.0
7331.3			1.0
7332.200000000001			1.0
7333.1			1.0
7334.0			1.0
7334.9			1.0
7335.8			1.0
7336.700000000001			1.0
7337.6			1.0
7338.5			1.0
7339.4			1.0
7340.3			1.0
7341.200000000001			1.0
7342.1			1.0
7343.0			1.0
7343.9			1.0
7344.8			1.0
7345.700000000001			1.0
7346.6			1.0
7347.5			1.0
7348.4			1.0
7349.3			1.0
7350.200000000001			1.0
7351.1			1.0
7352.0			1.0
7352.9			1.0
7353.8			1.0
7354.700000000001			1.0
7355.6			1.0
7356.5			1.0
7357.4			1.0
7358.3			1.0
7359.200000000001			1.0
7360.1			1.0
7361.0			1.0
7361.9			1.0
7362.8			1.0
7363.700000000001			1.0
7364.6			1.0
7365.5			1.0
7366.4			1.0
7367.3			1.0
7368.200000000001			1.0
7369.1			1.0
7370.0			1.0
7370.9			1.0
7371.8			1.0
7372.700000000001			1.0
7373.6			1.0
7374.5			1.0
7375.4			1.0
7376.3			1.0
7377.200000000001			1.0
7378.1			1.0
7379.0			1.0
7379.9			1.0
7380.8			1.0
7381.700000000001			1.0
7382.6			1.0
7383.5			1.0
7384.4			1.0
7385.3			1.0
7386.200000000001			1.0
7387.1			1.0
7388.0			1.0
7388.9			1.0
7389.8			1.0
7390.700000000001			1.0
7391.6			1.0
7392.5			1.0
7393.4			1.0
7394.3			1.0
7395.200000000001			1.0
7396.1			1.0
7397.0			1.0
7397.9			1.0
7398.8			1.0
7399.700000000001			1.0
7400.6			1.0
7401.5			1.0
7402.4			1.0
7403.3			1.0
7404.200000000001			1.0
7405.1			1.0
7406.0			1.0
7406.9			1.0
7407.8			1.0
7408.700000000001			1.0
7409.6			1.0
7410.5			1.0
7411.4			1.0
7412.3			1.0
7413.200000000001			1.0
7414.1			1.0
7415.0			1.0
7415.9			1.0
7416.8			1.0
7417.700000000001			1.0
7418.6			1.0
7419.5			1.0
7420.4			1.0
7421.3			1.0
7422.200000000001			1.0
7423.1			1.0
7424.0			1.0
7424.9			1.0
7425.8			1.0
7426.700000000001			1.0
7427.6			1.0
7428.5			1.0
7429.4			1.0
