3500.0			1.0
3500.9			1.0
3501.8			1.0
3502.7			1.0
3503.6			1.0
3504.5			1.0
3505.4			1.0
3506.3			1.0
3507.2			1.0
3508.1			1.0
3509.0			1.0
3509.9			1.0
3510.8			1.0
3511.7			1.0
3512.6			1.0
3513.5			1.0
3514.4			1.0
3515.3			1.0
3516.2			1.0
3517.1			1.0
3518.0			1.0
3518.9			1.0
3519.8			1.0
3520.7			1.0
3521.6			1.0
3522.5			1.0
3523.4			1.0
3524.3			1.0
3525.2			1.0
3526.1			1.0
3527.0			1.0
3527.9			1.0
3528.8			1.0
3529.7			1.0
3530.6			1.0
3531.5			1.0
3532.4			1.0
3533.3			1.0
3534.2			1.0
3535.1			1.0
3536.0			1.0
3536.9			1.0
3537.8			1.0
3538.7			1.0
3539.6			1.0
3540.5			1.0
3541.4			1.0
3542.3			1.0
3543.2			1.0
3544.1			1.0
3545.0			1.0
3545.9			1.0
3546.8			1.0
3547.7			1.0
3548.6			1.0
3549.5			1.0
3550.4			1.0
3551.3			1.0
3552.2			1.0
3553.1			1.0
3554.0			1.0
3554.9			1.0
3555.8			1.0
3556.7			1.0
3557.6			1.0
3558.5			1.0
3559.4			1.0
3560.3			1.0
3561.2			1.0
3562.1			1.0
3563.0			1.0
3563.9			1.0
3564.8			1.0
3565.7			1.0
3566.6			1.0
3567.5			1.0
3568.4			1.0
3569.3			1.0
3570.2			1.0
3571.1			1.0
3572.0			1.0
3572.9			1.0
3573.8			1.0
3574.7			1.0
3575.6			1.0
3576.5			1.0
3577.4			1.0
3578.3			1.0
3579.2			1.0
3580.1			1.0
3581.0			1.0
3581.9			1.0
3582.8			1.0
3583.7			1.0
3584.6			1.0
3585.5			1.0
3586.4			1.0
3587.3			1.0
3588.2			1.0
3589.1			1.0
3590.0			1.0
3590.9			1.0
3591.8			1.0
3592.7			1.0
3593.6			1.0
3594.5			1.0
3595.4			1.0
3596.3			1.0
3597.2			1.0
3598.1			1.0
3599.0			1.0
3599.9			1.0
3600.8			1.0
3601.7			1.0
3602.6			1.0
3603.5			1.0
3604.4			1.0
3605.3			1.0
3606.2			1.0
3607.1			1.0
3608.0			1.0
3608.9			1.0
3609.8			1.0
3610.7			1.0
3611.6			1.0
3612.5			1.0
3613.4			1.0
3614.3			1.0
3615.2			1.0
3616.1			1.0
3617.0			1.0
3617.9			1.0
3618.8			1.0
3619.7			1.0
3620.6			1.0
3621.5			1.0
3622.4			1.0
3623.3			1.0
3624.2			1.0
3625.1			1.0
3626.0			1.0
3626.9			1.0
3627.8			1.0
3628.7			1.0
3629.6			1.0
3630.5			1.0
3631.4			1.0
3632.3			1.0
3633.2			1.0
3634.1			1.0
3635.0			1.0
3635.9			1.0
3636.8			1.0
3637.7			1.0
3638.6			1.0
3639.5			1.0
3640.4			1.0
3641.3			1.0
3642.2			1.0
3643.1			1.0
3644.0			1.0
3644.9			1.0
3645.8			1.0
3646.7			1.0
3647.6			1.0
3648.5			1.0
3649.4			1.0
3650.3			1.0
3651.2			1.0
3652.1			1.0
3653.0			1.0
3653.9			1.0
3654.8			1.0
3655.7			1.0
3656.6			1.0
3657.5			1.0
3658.4			1.0
3659.3			1.0
3660.2			1.0
3661.1			1.0
3662.0			1.0
3662.9			1.0
3663.8			1.0
3664.7			1.0
3665.6			1.0
3666.5			1.0
3667.4			1.0
3668.3			1.0
3669.2			1.0
3670.1			1.0
3671.0			1.0
3671.9			1.0
3672.8			1.0
3673.7			1.0
3674.6			1.0
3675.5			1.0
3676.4			1.0
3677.3			1.0
3678.2			1.0
3679.1			1.0
3680.0			1.0
3680.9			1.0
3681.8			1.0
3682.7			1.0
3683.6			1.0
3684.5			1.0
3685.4			1.0
3686.3			1.0
3687.2			1.0
3688.1			1.0
3689.0			1.0
3689.9			1.0
3690.8			1.0
3691.7			1.0
3692.6			1.0
3693.5			1.0
3694.4			1.0
3695.3			1.0
3696.2			1.0
3697.1			1.0
3698.0			1.0
3698.9			1.0
3699.8			1.0
3700.7			1.0
3701.6			1.0
3702.5			1.0
3703.4			1.0
3704.3			1.0
3705.2			1.0
3706.1			1.0
3707.0			1.0
3707.9			1.0
3708.8			1.0
3709.7			1.0
3710.6			1.0
3711.5			1.0
3712.4			1.0
3713.3			1.0
3714.2			1.0
3715.1			1.0
3716.0			1.0
3716.9			1.0
3717.8			1.0
3718.7			1.0
3719.6			1.0
3720.5			1.0
3721.4			1.0
3722.3			1.0
3723.2			1.0
3724.1			1.0
3725.0			1.0
3725.9			1.0
3726.8			1.0
3727.7			1.0
3728.6			1.0
3729.5			1.0
3730.4			1.0
3731.3			1.0
3732.2			1.0
3733.1			1.0
3734.0			1.0
3734.9			1.0
3735.8			1.0
3736.7			1.0
3737.6			1.0
3738.5			1.0
3739.4			1.0
3740.3			1.0
3741.2			1.0
3742.1			1.0
3743.0			1.0
3743.9			1.0
3744.8			1.0
3745.7			1.0
3746.6			1.0
3747.5			1.0
3748.4			1.0
3749.3			1.0
3750.2			1.0
3751.1			1.0
3752.0			1.0
3752.9			1.0
3753.8			1.0
3754.7			1.0
3755.6			1.0
3756.5			1.0
3757.4			1.0
3758.3			1.0
3759.2			1.0
3760.1			1.0
3761.0			1.0
3761.9			1.0
3762.8			1.0
3763.7			1.0
3764.6			1.0
3765.5			1.0
3766.4			1.0
3767.3			1.0
3768.2			1.0
3769.1			1.0
3770.0			1.0
3770.9			1.0
3771.8			1.0
3772.7			1.0
3773.6			1.0
3774.5			1.0
3775.4			1.0
3776.3			1.0
3777.2			1.0
3778.1			1.0
3779.0			1.0
3779.9			1.0
3780.8			1.0
3781.7			1.0
3782.6			1.0
3783.5			1.0
3784.4			1.0
3785.3			1.0
3786.2			1.0
3787.1			1.0
3788.0			1.0
3788.9			1.0
3789.8			1.0
3790.7			1.0
3791.6			1.0
3792.5			1.0
3793.4			1.0
3794.3			1.0
3795.2			1.0
3796.1			1.0
3797.0			1.0
3797.9			1.0
3798.8			1.0
3799.7			1.0
3800.6			1.0
3801.5			1.0
3802.4			1.0
3803.3			1.0
3804.2			1.0
3805.1			1.0
3806.0			1.0
3806.9			1.0
3807.8			1.0
3808.7			1.0
3809.6			1.0
3810.5			1.0
3811.4			1.0
3812.3			1.0
3813.2			1.0
3814.1			1.0
3815.0			1.0
3815.9			1.0
3816.8			1.0
3817.7			1.0
3818.6			1.0
3819.5			1.0
3820.4			1.0
3821.3			1.0
3822.2			1.0
3823.1			1.0
3824.0			1.0
3824.9			1.0
3825.8			1.0
3826.7			1.0
3827.6			1.0
3828.5			1.0
3829.4			1.0
3830.3			1.0
3831.2			1.0
3832.1			1.0
3833.0			1.0
3833.9			1.0
3834.8			1.0
3835.7			1.0
3836.6			1.0
3837.5			1.0
3838.4			1.0
3839.3			1.0
3840.2			1.0
3841.1			1.0
3842.0			1.0
3842.9			1.0
3843.8			1.0
3844.7			1.0
3845.6			1.0
3846.5			1.0
3847.4			1.0
3848.3			1.0
3849.2			1.0
3850.1			1.0
3851.0			1.0
3851.9			1.0
3852.8			1.0
3853.7			1.0
3854.6			1.0
3855.5			1.0
3856.4			1.0
3857.3			1.0
3858.2			1.0
3859.1			1.0
3860.0			1.0
3860.9			1.0
3861.8			1.0
3862.7			1.0
3863.6			1.0
3864.5			1.0
3865.4			1.0
3866.3			1.0
3867.2			1.0
3868.1			1.0
3869.0			1.0
3869.9			1.0
3870.8			1.0
3871.7			1.0
3872.6			1.0
3873.5			1.0
3874.4			1.0
3875.3			1.0
3876.2			1.0
3877.1			1.0
3878.0			1.0
3878.9			1.0
3879.8			1.0
3880.7			1.0
3881.6			1.0
3882.5			1.0
3883.4			1.0
3884.3			1.0
3885.2			1.0
3886.1			1.0
3887.0			1.0
3887.9			1.0
3888.8			1.0
3889.7			1.0
3890.6			1.0
3891.5			1.0
3892.4			1.0
3893.3			1.0
3894.2			1.0
3895.1			1.0
3896.0			1.0
3896.9			1.0
3897.8			1.0
3898.7			1.0
3899.6			1.0
3900.5			1.0
3901.4			1.0
3902.3			1.0
3903.2			1.0
3904.1			1.0
3905.0			1.0
3905.9			1.0
3906.8			1.0
3907.7			1.0
3908.6			1.0
3909.5			1.0
3910.4			1.0
3911.3			1.0
3912.2			1.0
3913.1			1.0
3914.0			1.0
3914.9			1.0
3915.8			1.0
3916.7			1.0
3917.6			1.0
3918.5			1.0
3919.4			1.0
3920.3			1.0
3921.2			1.0
3922.1			1.0
3923.0			1.0
3923.9			1.0
3924.8			1.0
3925.7			1.0
3926.6			1.0
3927.5			1.0
3928.4			1.0
3929.3			1.0
3930.2			1.0
3931.1			1.0
3932.0			1.0
3932.9			1.0
3933.8			1.0
3934.7			1.0
3935.6			1.0
3936.5			1.0
3937.4			1.0
3938.3			1.0
3939.2			1.0
3940.1			1.0
3941.0			1.0
3941.9			1.0
3942.8			1.0
3943.7			1.0
3944.6			1.0
3945.5			1.0
3946.4			1.0
3947.3			1.0
3948.2			1.0
3949.1			1.0
3950.0			1.0
3950.9			1.0
3951.8			1.0
3952.7			1.0
3953.6			1.0
3954.5			1.0
3955.4			1.0
3956.3			1.0
3957.2			1.0
3958.1			1.0
3959.0			1.0
3959.9			1.0
3960.8			1.0
3961.7			1.0
3962.6			1.0
3963.5			1.0
3964.4			1.0
3965.3			1.0
3966.2			1.0
3967.1			1.0
3968.0			1.0
3968.9			1.0
3969.8			1.0
3970.7			1.0
3971.6			1.0
3972.5			1.0
3973.4			1.0
3974.3			1.0
3975.2			1.0
3976.1			1.0
3977.0			1.0
3977.9			1.0
3978.8			1.0
3979.7			1.0
3980.6			1.0
3981.5			1.0
3982.4			1.0
3983.3			1.0
3984.2			1.0
3985.1			1.0
3986.0			1.0
3986.9			1.0
3987.8			1.0
3988.7			1.0
3989.6			1.0
3990.5			1.0
3991.4			1.0
3992.3			1.0
3993.2			1.0
3994.1			1.0
3995.0			1.0
3995.9			1.0
3996.8			1.0
3997.7			1.0
3998.6			1.0
3999.5			1.0
4000.4			1.0
4001.3			1.0498118326276715
4002.2			1.073640764190721
4003.1			1.0284122565869767
4004.0			0.9188715454195187
4004.9			0.8197523043274476
4005.8			0.8211821922867509
4006.7			0.894799319995405
4007.6			0.9320737184245249
4008.5			0.9530049582765878
4009.4			0.9743542239304359
4010.3			1.0073086150472605
4011.2			1.0
4012.1			1.0
4013.0			1.0
4013.9			1.0
4014.8			1.0
4015.7			1.0
4016.6			1.0
4017.5			1.0
4018.4			1.0
4019.3			1.0
4020.2			1.0
4021.1			1.0
4022.0			1.0
4022.9			1.0
4023.8			1.0
4024.7			1.0
4025.6			1.0630388962922412
4026.5			1.1240879490157838
4027.4			1.1158381573186438
4028.3			1.0508310500965008
4029.2			1.0005082058385786
4030.1			0.9288423521190866
4031.0			0.8303370304835266
4031.9			0.8130215007327829
4032.8			0.8184989372347113
4033.7			0.8152888601629915
4034.6			1.0
4035.5			1.058578224907597
4036.4			1.145115035631879
4037.3			1.217585873464324
4038.2			1.2487007073649092
4039.1			1.181444477547143
4040.0			1.0535486614409735
4040.9			0.9862908002528841
4041.8			1.032793464635083
4042.7			1.094073169795449
4043.6			1.0428653014908702
4044.5			0.9275993123263714
4045.4			0.8671917905108425
4046.3			0.9366354073171308
4047.2			1.041904183657867
4048.1			1.0669643507307087
4049.0			1.0224628639418156
4049.9			1.0612103082409774
4050.8			1.1532710923205662
4051.7			1.1540288327396753
4052.6			1.0819028552583434
4053.5			1.009977948311606
4054.4			0.9849259312504307
4055.3			1.000492085931462
4056.2			1.0
4057.1			1.0
4058.0			1.0
4058.9			1.0
4059.8			1.0340472823361588
4060.7			1.0827314808763076
4061.6			1.0535059770518314
4062.5			0.9233154276918588
4063.4			0.8219328010215254
4064.3			0.869856262814016
4065.2			0.9886894011817036
4066.1			1.0207750826522095
4067.0			1.0
4067.9			1.0482376406208818
4068.8			1.081725648248577
4069.7			1.0127055784988561
4070.6			0.9103257236688129
4071.5			0.8473448254178808
4072.4			0.8518102545960583
4073.3			0.9077134756545152
4074.2			0.9451830895887311
4075.1			0.9098542515728896
4076.0			0.8213154981535603
4076.9			0.7284489101305391
4077.8			0.7126094316713708
4078.7			0.8070836113679881
4079.6			0.903693479022396
4080.5			0.9556196108339441
4081.4			0.9848273376224188
4082.3			0.9439678497984053
4083.2			0.8418605316851022
4084.1			0.7703050152437257
4085.0			0.7675639737740966
4085.9			0.8341135832672171
4086.8			0.9368685937089474
4087.7			1.0008571980413636
4088.6			1.0
4089.5			1.0
4090.4			1.0
4091.3			1.0
4092.2			1.0
4093.1			1.0
4094.0			1.0
4094.9			1.0
4095.8			0.9201606959330474
4096.7			0.8965782471612697
4097.6			0.9381980526976912
4098.5			0.9784759562097368
4099.4			0.9320887637291331
4100.3			0.8196086357259764
4101.2			0.7299870944598883
4102.1			0.7033391188899366
4103.0			0.751177037912317
4103.9			0.8372116691777833
4104.8			0.9061660253627125
4105.7			0.9484862647062111
4106.6			0.978773704171402
4107.5			1.0194170177459936
4108.4			0.9983689140074685
4109.3			1.0
4110.2			1.0
4111.1			1.0
4112.0			1.0
4112.9			1.0
4113.8			1.0
4114.7			0.988607797807466
4115.6			1.002656681805927
4116.5			1.0400175603097415
4117.4			1.0450957707053543
4118.3			0.9969291496385833
4119.2			0.9705035692385687
4120.1			0.9912516371617234
4121.0			1.0246510871822259
4121.9			1.0222463848180092
4122.8			0.9817520306416022
4123.7			0.9568094357243959
4124.6			0.9962083509471026
4125.5			1.0
4126.4			1.003965543344309
4127.3			0.9793571116678303
4128.2			0.9056808524445602
4129.1			0.896405968503347
4130.0			0.926013996451512
4130.9			0.9459001086713663
4131.8			0.9060292476171155
4132.7			0.8477037582826894
4133.6			0.8167438305251402
4134.5			0.8466437415103637
4135.4			0.9378092924866
4136.3			0.9931710708448948
4137.2			1.006811368742265
4138.1			1.0440008110944015
4139.0			1.0918266991565706
4139.9			1.0940178749935798
4140.8			1.0449033601680329
4141.7			0.969146179822494
4142.6			0.8697591967487173
4143.5			0.8096258294256188
4144.4			0.8435909551217704
4145.3			0.9103201254233144
4146.2			0.95042543156441
4147.1			0.9777608813332048
4148.0			0.9790557660226622
4148.9			0.9331653604516418
4149.8			0.8707382388146178
4150.7			0.8944074487073399
4151.6			0.9447230008692128
4152.5			0.9133092340062355
4153.4			0.8708802619388518
4154.3			0.8914261828725433
4155.2			0.9237857259050269
4156.1			0.9202517790301792
4157.0			0.9050588063966332
4157.9			1.0
4158.8			1.0654529816886074
4159.7			1.1342709057386842
4160.6			1.1054552627523078
4161.5			1.074214939570331
4162.4			1.121148356502831
4163.3			1.1631607616500501
4164.2			1.1355895809844438
4165.1			1.0999725556018123
4166.0			1.087089237983696
4166.9			1.0721573774071809
4167.8			1.0656999129194205
4168.7			1.0823263978273878
4169.6			1.093584164701937
4170.5			1.061208036764899
4171.4			0.9924928826543525
4172.3			0.8983504967709115
4173.2			0.845925239314781
4174.1			0.8800178688404543
4175.0			0.9734540604563273
4175.9			1.0469222230372548
4176.8			1.0188742909143842
4177.7			0.9608723316618685
4178.6			0.984969485557426
4179.5			1.0409754695143916
4180.4			1.0496399997878396
4181.3			1.0359619044056907
4182.2			1.0600943070508393
4183.1			1.0776503342049328
4184.0			1.093247235114538
4184.9			1.0
4185.8			0.9645885261376512
4186.7			0.8982849569739788
4187.6			0.8812781436986546
4188.5			0.9299870424553723
4189.4			0.9965985903123736
4190.3			0.9574124221420676
4191.2			0.9161639846967541
4192.1			0.9686128472959639
4193.0			1.0221744288026877
4193.9			1.0130278319261885
4194.8			0.9248419781347927
4195.7			0.8735593392254977
4196.6			0.8690540069671612
4197.5			0.8324286759603882
4198.4			0.8136176365743928
4199.3			0.839738522353907
4200.2			0.895433408867188
4201.1			0.922165136965352
4202.0			0.9220749319709169
4202.9			0.9289051326512566
4203.8			0.9106538825886126
4204.7			0.8787841613217213
4205.6			0.8922949626102366
4206.5			0.9351581185675371
4207.4			0.9487514962400418
4208.3			0.96529998006841
4209.2			0.9819297935853049
4210.1			1.0012279131190451
4211.0			0.9995981649110334
4211.9			1.0
4212.8			1.0
4213.7			1.0
4214.6			1.0
4215.5			1.0
4216.4			1.0
4217.3			1.0
4218.2			1.0
4219.1			1.0
4220.0			1.0
4220.9			1.0311417252893504
4221.8			0.9895109670948568
4222.7			0.9032911658184154
4223.6			0.8727998096191136
4224.5			0.8433456076462762
4225.4			0.7211832055351743
4226.3			0.6268764634819969
4227.2			1.0
4228.1			1.2142517661361534
4229.0			1.3573312745310386
4229.9			1.3980763054603214
4230.8			1.3661950741906201
4231.7			1.273770262667302
4232.6			1.1929728676111628
4233.5			1.167245797087238
4234.4			1.1422511650577012
4235.3			1.082344751827103
4236.2			1.0163145015238377
4237.1			0.9766703343785965
4238.0			0.9792128747754965
4238.9			1.0131183448961862
4239.8			1.033078976499819
4240.7			1.0581322663619084
4241.6			1.0922391478688465
4242.5			1.0889865600313913
4243.4			1.0513374132755533
4244.3			1.0242463383915545
4245.2			1.020280938094364
4246.1			0.9867015833929372
4247.0			1.0
4247.9			1.0
4248.8			1.0
4249.7			1.0
4250.6			1.0
4251.5			1.0
4252.4			1.0
4253.3			1.0
4254.2			1.0
4255.1			1.0
4256.0			1.0
4256.9			1.0243113077645534
4257.8			0.9641089210661374
4258.7			0.8862963512030784
4259.6			0.8550025286869122
4260.5			0.8446270741257423
4261.4			0.8971716601300964
4262.3			0.9837556797096643
4263.2			1.0156042253681294
4264.1			1.0049343845133114
4265.0			1.0
4265.9			0.986665450239442
4266.8			0.955461666294136
4267.7			0.9408272256346247
4268.6			0.9507435752703776
4269.5			0.9442973108542186
4270.4			0.8599852536352762
4271.3			0.780370716758209
4272.2			0.8058166103598997
4273.1			0.8355840573475223
4274.0			0.8467497417848386
4274.9			0.9184475930156616
4275.8			1.0001446628505428
4276.7			1.0
4277.6			0.9738711250931986
4278.5			1.0128982664965789
4279.4			0.9893888873295814
4280.3			0.9240471561445223
4281.2			0.9290133131898767
4282.1			0.9936782983702834
4283.0			1.034886858551069
4283.9			0.9954656383745059
4284.8			0.9118828210375992
4285.7			0.8751623765095646
4286.6			0.9126932148407196
4287.5			0.9576749256663601
4288.4			0.9531256977235057
4289.3			0.8638905153536867
4290.2			0.7820768039898025
4291.1			0.8078394625677534
4292.0			0.8914249071155622
4292.9			0.9317487748125243
4293.8			0.9332301963840388
4294.7			0.8812542839283987
4295.6			0.8911836706733904
4296.5			0.8916283833673349
4297.4			0.8531245505027587
4298.3			0.7985431115850595
4299.2			0.7353640705592385
4300.1			0.7196523123798092
4301.0			0.7333504420847804
4301.9			0.742412839257656
4302.8			0.7645256167068326
4303.7			0.8195207264903855
4304.6			0.8520892603267815
4305.5			0.8563569396718307
4306.4			0.8086580100973905
4307.3			0.7113035976872444
4308.2			0.643467106278297
4309.1			0.6609669366954088
4310.0			0.734729821576744
4310.9			0.7705455975324211
4311.8			0.7802163772732946
4312.7			0.8058906468871669
4313.6			0.839371021393338
4314.5			0.9532074768542753
4315.4			1.1442348125639723
4316.3			1.290087357173586
4317.2			1.3180522986813479
4318.1			1.2287552813134832
4319.0			1.197675326200001
4319.9			1.0
4320.8			1.001757044953359
4321.7			0.9949053863812861
4322.6			0.9252340248257932
4323.5			0.8538985214381395
4324.4			0.8208729714107312
4325.3			0.7648523775799765
4326.2			0.7502525603842374
4327.1			0.8578327658009841
4328.0			0.989271057836787
4328.9			1.0271143526505953
4329.8			0.9879322470066317
4330.7			0.9872423075350796
4331.6			1.0000922568667965
4332.5			1.0
4333.4			0.9917077978955763
4334.3			1.0168229330681515
4335.2			1.0623819879052545
4336.1			1.0188126474467325
4337.0			0.9396184302128759
4337.9			0.8705179196625484
4338.8			0.785114389291852
4339.7			0.6888250530416344
4340.6			0.6817868692793085
4341.5			0.7858847460661998
4342.4			0.8656927549807228
4343.3			0.8960989717961051
4344.2			0.9502311125242958
4345.1			1.0370870913982333
4346.0			1.0
4346.9			0.9416151226957856
4347.8			0.9604560583177681
4348.7			1.0014579943346544
4349.6			0.9646105144298206
4350.5			0.8759079800155202
4351.4			0.8109149273508357
4352.3			0.8367174056214951
4353.2			0.9030343588931292
4354.1			0.9268205992965359
4355.0			0.9378937999805114
4355.9			0.9994526998614509
4356.8			1.0
4357.7			1.0
4358.6			1.0
4359.5			1.0
4360.4			1.0
4361.3			1.0
4362.2			1.0
4363.1			1.0
4364.0			1.0
4364.9			1.0
4365.8			1.0
4366.7			1.0
4367.6			1.0
4368.5			1.0
4369.4			1.0
4370.3			1.0203416062483968
4371.2			1.013063117281938
4372.1			0.9818860356988268
4373.0			1.0
4373.9			0.9332013450204963
4374.8			0.8742019971363373
4375.7			0.9114870261537844
4376.6			1.0096923740543795
4377.5			1.0828590073946829
4378.4			1.0881157241263641
4379.3			1.0632030161474073
4380.2			1.0694254853971263
4381.1			1.1088572333620583
4382.0			0.9985717964990636
4382.9			0.8277686340056791
4383.8			0.7734471782893994
4384.7			0.8079113270386484
4385.6			0.8755934648153162
4386.5			0.9468361410246527
4387.4			1.0160920320825848
4388.3			1.0306636212671048
4389.2			1.0107869392821194
4390.1			0.9655120034063966
4391.0			0.9907429309423736
4391.9			1.0633573471722135
4392.8			1.0538513089048007
4393.7			0.9993324991894657
4394.6			1.0
4395.5			1.0
4396.4			1.0
4397.3			1.0
4398.2			1.0
4399.1			1.0
4400.0			1.0
4400.9			1.0
4401.8			1.091726141607593
4402.7			1.1449742223044526
4403.6			1.084699020874103
4404.5			1.0211125866088442
4405.4			1.0321065586783655
4406.3			1.0662382565883737
4407.2			0.9903922807433541
4408.1			0.9046050652366405
4409.0			0.9613941813225961
4409.9			1.0645656271021295
4410.8			1.1637809489656712
4411.7			1.1870681666771563
4412.6			1.1600492354130814
4413.5			1.0861119889880002
4414.4			0.9959495266910879
4415.3			1.0
4416.2			1.0
4417.1			1.0
4418.0			1.0
4418.9			1.0
4419.8			1.0
4420.7			1.0
4421.6			1.0
4422.5			1.0
4423.4			1.0
4424.3			1.0
4425.2			1.0117247963467855
4426.1			1.0123515361438002
4427.0			0.9715421883059728
4427.9			0.9662570084685571
4428.8			0.9714051432533847
4429.7			0.9361907892963752
4430.6			0.9277449418926297
4431.5			0.9810594353044605
4432.4			0.9959092049458818
4433.3			0.9431964203927188
4434.2			0.8710736696443474
4435.1			0.8381332311010183
4436.0			0.9158374102666257
4436.9			1.0244788596588237
4437.8			1.0662361065391637
4438.7			1.0773854407132455
4439.6			1.0593309933826123
4440.5			1.0064529804948101
4441.4			0.9373064969560014
4442.3			0.881558225753696
4443.2			0.8497035691426675
4444.1			0.9090389279344842
4445.0			1.0
4445.9			1.017313616449176
4446.8			0.9858512072969311
4447.7			1.007763507198653
4448.6			1.032881222426674
4449.5			0.9992251234844411
4450.4			0.9584025488663201
4451.3			0.9734295112014013
4452.2			1.0197214331430755
4453.1			1.0170503923629814
4454.0			0.92995973788425
4454.9			0.8372427200977904
4455.8			0.8246502125012569
4456.7			0.8956886416651989
4457.6			0.9455280362537507
4458.5			0.9351033969302871
4459.4			0.9508981427765207
4460.3			0.9466864259175571
4461.2			0.8823023540023629
4462.1			0.8781138534662255
4463.0			0.9480737557372803
4463.9			1.005672061959597
4464.8			1.0288937104412397
4465.7			0.9999088287842824
4466.6			1.0
4467.5			1.0
4468.4			1.0
4469.3			1.0
4470.2			1.0
4471.1			1.0
4472.0			1.0
4472.9			1.0
4473.8			1.0
4474.7			1.0
4475.6			1.0
4476.5			1.0
4477.4			1.0
4478.3			1.0233334138194785
4479.2			0.9756812491970951
4480.1			0.9066047705529282
4481.0			0.8664311386148317
4481.9			0.8435427143344844
4482.8			0.8938547133643863
4483.7			0.9769144511204103
4484.6			1.0046114417054821
4485.5			1.0004411722855875
4486.4			1.0
4487.3			1.0
4488.2			1.0
4489.1			1.0
4490.0			1.0
4490.9			1.0
4491.8			1.0
4492.7			1.0
4493.6			1.0
4494.5			1.0
4495.4			1.0
4496.3			1.0
4497.2			1.0
4498.1			1.0
4499.0			1.0
4499.9			1.0
4500.8			1.0
4501.7			1.0
4502.6			1.0
4503.5			1.0
4504.4			1.0
4505.3			1.0
4506.2			1.0
4507.1			1.0
4508.0			1.0
4508.9			1.0
4509.8			1.0
4510.7			1.0
4511.6			1.0
4512.5			0.9535446839344849
4513.4			0.9670788368312223
4514.3			0.9793256139958131
4515.2			0.9639539664020811
4516.1			0.919394246303383
4517.0			0.9003022745446166
4517.9			0.8935177967977962
4518.8			0.9147741448696145
4519.7			0.9352270834067101
4520.6			0.961098944379032
4521.5			0.9580697847785972
4522.4			0.9153286384881398
4523.3			0.9229585755743991
4524.2			0.925015264885101
4525.1			0.9021362736741881
4526.0			0.893379847573108
4526.9			0.8779763848057192
4527.8			0.8564336628658157
4528.7			0.9011027893072104
4529.6			0.9665018486366439
4530.5			0.9496105108018995
4531.4			0.9127055960215987
4532.3			0.9165132046148419
4533.2			0.8934965515344145
4534.1			1.0
4535.0			0.98506348667524
4535.9			1.0402419513659
4536.8			1.1308704440170263
4537.7			1.1729230225753255
4538.6			1.1617874181043402
4539.5			1.156976490903284
4540.4			1.1502955674815176
4541.3			1.1638614143543407
4542.2			1.1696177809155923
4543.1			1.1325535739306283
4544.0			1.0910566182447026
4544.9			1.0611997596603042
4545.8			1.0518250449959816
4546.7			1.0776989985026963
4547.6			1.0802571375549108
4548.5			1.0100875921481631
4549.4			0.9714273218604925
4550.3			1.0043568381335353
4551.2			1.0621586896945825
4552.1			1.0515511267217026
4553.0			1.0088842163695677
4553.9			0.9890353902840723
4554.8			1.009085179927672
4555.7			1.0450724021747826
4556.6			1.0673581681553388
4557.5			1.0532587804065243
4558.4			1.0
4559.3			1.0354185641469842
4560.2			1.0485430433037173
4561.1			1.0665980122902008
4562.0			1.0677960337583075
4562.9			0.9885231260590976
4563.8			0.9218186563491958
4564.7			0.9183682149503074
4565.6			0.9170708155075813
4566.5			0.9425394570983563
4567.4			0.9939155912072797
4568.3			0.9992093886696745
4569.2			1.0
4570.1			1.0
4571.0			1.0
4571.9			1.0
4572.8			1.0702434209212266
4573.7			1.116045654640821
4574.6			1.0890858251192097
4575.5			1.0837277630286646
4576.4			1.0715855205758553
4577.3			1.0417669896543182
4578.2			1.0289922362109427
4579.1			1.0099701948605428
4580.0			0.990901356531485
4580.9			0.9899856172841107
4581.8			1.0001541403569523
4582.7			0.9955809680433467
4583.6			0.9812264191439692
4584.5			0.9883189932571155
4585.4			0.9961821477112792
4586.3			1.0147326778377315
4587.2			1.048810150955257
4588.1			1.0794912000133225
4589.0			1.0949759538307748
4589.9			1.0644630088081413
4590.8			1.009348537046067
4591.7			0.9804165885399215
4592.6			0.9910815070570723
4593.5			1.0031862036833983
4594.4			1.0006010414908946
4595.3			1.0
4596.2			1.0
4597.1			1.0
4598.0			1.0
4598.9			1.0
4599.8			1.0
4600.7			1.0
4601.6			1.0
4602.5			1.0
4603.4			1.0
4604.3			1.0
4605.2			1.0
4606.1			1.0
4607.0			1.0
4607.9			1.0
4608.8			1.0
4609.7			1.0
4610.6			1.0
4611.5			1.0
4612.4			1.0
4613.3			1.0
4614.2			1.0
4615.1			1.0
4616.0			1.0
4616.9			1.0
4617.8			1.0
4618.7			1.0
4619.6			1.0
4620.5			1.0
4621.4			1.0
4622.3			1.0
4623.2			1.0
4624.1			1.0
4625.0			1.0
4625.9			1.0
4626.8			1.0
4627.7			1.0
4628.6			1.0
4629.5			1.0
4630.4			1.0
4631.3			1.0
4632.2			1.0
4633.1			1.0
4634.0			1.0
4634.9			1.0
4635.8			1.0
4636.7			1.0
4637.6			1.0
4638.5			1.0
4639.4			0.9967910768111197
4640.3			1.032110108157912
4641.2			1.0598918437942955
4642.1			1.0669394785798751
4643.0			1.0570037687894311
4643.9			1.0432632411604024
4644.8			0.970710900580508
4645.7			0.9022874018141811
4646.6			0.900269054435808
4647.5			0.9110823374450807
4648.4			0.9309806637921768
4649.3			1.0
4650.2			0.976809463629143
4651.1			1.024674456476613
4652.0			1.0563701059832138
4652.9			1.0323386748596342
4653.8			0.9609432337874757
4654.7			0.9121987511618427
4655.6			0.9104286284147707
4656.5			0.9032809784600525
4657.4			0.9101209177638118
4658.3			0.9536275091026236
4659.2			1.002962609050685
4660.1			1.0
4661.0			1.0
4661.9			1.0
4662.8			1.0
4663.7			1.0332017645256426
4664.6			1.029820696389864
4665.5			0.9743768584567083
4666.4			0.9072822207139568
4667.3			0.8693321444023276
4668.2			0.8513752337157727
4669.1			0.8914481206446117
4670.0			0.9606522174050278
4670.9			1.013223374437171
4671.8			1.0103587746785874
4672.7			1.0004263843627816
4673.6			1.0
4674.5			1.0
4675.4			1.0
4676.3			1.0
4677.2			1.0
4678.1			1.0
4679.0			1.0
4679.9			1.0
4680.8			1.0
4681.7			1.0
4682.6			1.0
4683.5			1.0
4684.4			1.0
4685.3			1.0
4686.2			1.0
4687.1			1.0
4688.0			1.0
4688.9			1.0
4689.8			1.0
4690.7			1.0
4691.6			1.0
4692.5			1.0
4693.4			1.0
4694.3			1.0251949236924667
4695.2			1.0591786504453415
4696.1			1.070926578513171
4697.0			1.0172349667617848
4697.9			0.9614541908416511
4698.8			0.9390849836296472
4699.7			0.9596723106909049
4700.6			0.9988580064627409
4701.5			1.0023740762181181
4702.4			0.9561983059875595
4703.3			0.947127287481545
4704.2			0.9896734949778703
4705.1			0.9996403253800925
4706.0			0.9576464840103843
4706.9			0.8979931080299729
4707.8			0.8696320571923901
4708.7			0.8915075305208525
4709.6			0.937494337474005
4710.5			0.9763436388119601
4711.4			1.013306448823908
4712.3			1.0300428532789214
4713.2			0.9986328812622717
4714.1			0.9570591577454087
4715.0			0.9688260899484998
4715.9			1.010465493876392
4716.8			1.0274841365571523
4717.7			1.0050475377533543
4718.6			0.9946115496433151
4719.5			1.0025356920974733
4720.4			1.0083695454140926
4721.3			1.000140781555165
4722.2			1.0
4723.1			1.0
4724.0			1.0
4724.9			1.0
4725.8			1.0
4726.7			1.0
4727.6			1.0
4728.5			1.0
4729.4			1.0
4730.3			1.0
4731.2			1.0
4732.1			1.0
4733.0			1.0
4733.9			1.0
4734.8			1.0
4735.7			1.0
4736.6			1.0
4737.5			1.0
4738.4			1.0
4739.3			1.0
4740.2			1.0
4741.1			1.0
4742.0			1.0
4742.9			1.0
4743.8			1.0
4744.7			1.0
4745.6			1.0
4746.5			1.0
4747.4			1.0
4748.3			1.0
4749.2			1.0
4750.1			1.0
4751.0			0.9909734095879134
4751.9			0.9604228362987222
4752.8			0.9653803655271977
4753.7			0.9722549451068957
4754.6			0.9779707116267348
4755.5			0.985477768284745
4756.4			0.9803463001596662
4757.3			0.9655434149763624
4758.2			0.9844338266782171
4759.1			1.0212655548640484
4760.0			1.0015048783060312
4760.9			0.969803739837269
4761.8			0.9479061469487171
4762.7			0.9265100076457983
4763.6			0.9143015808721121
4764.5			0.9210998606739923
4765.4			0.94378396253478
4766.3			0.9594246475603536
4767.2			0.9454895412089803
4768.1			0.9524150567269353
4769.0			0.9817562144947523
4769.9			1.0
4770.8			0.9611741204725586
4771.7			0.940130520569451
4772.6			0.939669724792589
4773.5			0.9762352433346199
4774.4			1.0411896699107779
4775.3			1.036395152632911
4776.2			1.012516665076688
4777.1			1.0185761328314737
4778.0			0.9981231147591568
4778.9			0.953159282052202
4779.8			0.9291156654066665
4780.7			0.9582756093539945
4781.6			0.9864614609926755
4782.5			0.9810647653810968
4783.4			0.9707114657205193
4784.3			0.9784609815015045
4785.2			0.9526989663110255
4786.1			0.9183287531822285
4787.0			0.9482072626864366
4787.9			0.9622210103677837
4788.8			0.924131531015179
4789.7			0.935946945274995
4790.6			0.9710391309928147
4791.5			0.9637499007147539
4792.4			0.951745365736046
4793.3			0.9734874626615251
4794.2			1.014477565091865
4795.1			1.043200269166842
4796.0			1.0194840742764795
4796.9			0.9630433438309339
4797.8			0.9339541505298431
4798.7			0.9306805843002768
4799.6			0.957460969729964
4800.5			0.9939728424202531
4801.4			1.000201570203206
4802.3			1.0
4803.2			1.0
4804.1			1.0
4805.0			1.0
4805.9			1.0
4806.8			1.0
4807.7			1.0
4808.6			1.0
4809.5			1.0
4810.4			1.0
4811.3			1.0
4812.2			1.0
4813.1			1.0
4814.0			1.0
4814.9			1.0
4815.8			1.0
4816.7			1.0
4817.6			1.0123417840189866
4818.5			1.0255870961724558
4819.4			1.0201218703591821
4820.3			1.0135930943624143
4821.2			1.0302859093764107
4822.1			1.0038653014293213
4823.0			0.944782163820627
4823.9			0.958359300115886
4824.8			1.038412194163817
4825.7			1.0979350734913054
4826.6			1.0571869334132775
4827.5			0.9987448623943651
4828.4			0.9999297554867852
4829.3			1.0
4830.2			1.0
4831.1			1.0
4832.0			1.0
4832.9			1.0
4833.8			1.0
4834.7			1.0
4835.6			1.0
4836.5			1.0
4837.4			1.0
4838.3			1.0
4839.2			1.0
4840.1			1.0
4841.0			1.0
4841.9			1.0
4842.8			1.0
4843.7			1.0
4844.6			1.0
4845.5			1.0
4846.4			1.0
4847.3			1.0
4848.2			1.0
4849.1			1.0
4850.0			1.0
4850.9			1.0
4851.8			1.0
4852.7			1.0
4853.6			1.0
4854.5			1.0
4855.4			1.0
4856.3			1.0
4857.2			1.05342773237355
4858.1			1.0707282394175344
4859.0			1.019647104161923
4859.9			0.8490993458095499
4860.8			0.6960220857246148
4861.7			0.7470415706151848
4862.6			0.9289401374489911
4863.5			1.0190218959546127
4864.4			1.0002785890774442
4865.3			1.0
4866.2			1.0
4867.1			1.0
4868.0			1.0059179910168088
4868.9			1.0047404932725301
4869.8			0.9468671786117243
4870.7			0.8901592463002925
4871.6			0.9050755569077177
4872.5			0.9736411524078844
4873.4			1.0000633445888059
4874.3			1.0
4875.2			1.0
4876.1			1.0
4877.0			1.0
4877.9			1.0
4878.8			1.0
4879.7			1.0
4880.6			1.0
4881.5			1.0
4882.4			1.0
4883.3			1.0
4884.2			1.0
4885.1			1.0
4886.0			1.0
4886.9			1.0
4887.8			1.0
4888.7			1.0
4889.6			1.0
4890.5			1.0
4891.4			1.0
4892.3			1.0
4893.2			1.0
4894.1			1.0
4895.0			1.0
4895.9			1.0
4896.8			1.0
4897.7			1.0
4898.6			1.0
4899.5			1.0
4900.4			1.0
4901.3			1.0
4902.2			1.0
4903.1			1.0
4904.0			1.0
4904.9			1.0
4905.8			1.0
4906.7			1.0079225292533371
4907.6			1.001809728754442
4908.5			0.9787805967387696
4909.4			1.0
4910.3			0.9750015248972417
4911.2			0.9898889263852353
4912.1			1.0267322629316713
4913.0			1.0402643568671657
4913.9			1.0339629630688807
4914.8			1.0427558376540491
4915.7			1.0597942109588303
4916.6			1.0524784294809175
4917.5			1.003627048496544
4918.4			0.9386377188760701
4919.3			0.8867834937355114
4920.2			0.8709440584186305
4921.1			0.9007956779486266
4922.0			0.9386259582183989
4922.9			0.9460465950067182
4923.8			0.9294244410693222
4924.7			0.9262067283450026
4925.6			0.9528078284575451
4926.5			0.9703992624848585
4927.4			0.9695326497826964
4928.3			0.9741293691175998
4929.2			0.9842110320445258
4930.1			1.0
4931.0			1.018739358206645
4931.9			0.9914610704535607
4932.8			0.9264888009657327
4933.7			0.8792858975506327
4934.6			0.8975861140032547
4935.5			0.9501132902319483
4936.4			0.9670066602775733
4937.3			0.9358819994392574
4938.2			0.8809372501573921
4939.1			0.8767833688760773
4940.0			0.9408006222789514
4940.9			1.0019246343055417
4941.8			1.0265309383801533
4942.7			1.0217783007466945
4943.6			1.018714502919644
4944.5			1.021129421586866
4945.4			1.01144010778912
4946.3			1.0019114824075654
4947.2			1.001590683411779
4948.1			1.0
4949.0			1.0
4949.9			1.0
4950.8			1.0
4951.7			1.0
4952.6			1.0
4953.5			1.011948306788358
4954.4			1.0036590571972694
4955.3			0.9726813309257074
4956.2			0.9047767024470603
4957.1			0.8420892352919448
4958.0			0.8629563969909424
4958.9			0.9339783814197589
4959.8			0.9853239518545556
4960.7			0.9988859957106104
4961.6			1.0
4962.5			1.0
4963.4			1.0
4964.3			1.0
4965.2			1.0
4966.1			1.0
4967.0			1.0
4967.9			1.0
4968.8			1.0
4969.7			1.0
4970.6			1.0
4971.5			1.0
4972.4			1.0
4973.3			1.0
4974.2			1.0
4975.1			1.0
4976.0			1.0
4976.9			1.0
4977.8			1.0035487198512136
4978.7			1.0096439381307596
4979.6			1.0115580345924164
4980.5			0.9787807004684083
4981.4			0.9138421156963596
4982.3			0.8820265816918597
4983.2			0.8800997235673226
4984.1			0.8823724860612217
4985.0			0.9068955418300825
4985.9			0.9440106470312609
4986.8			0.9865039485414582
4987.7			1.0109671604694115
4988.6			0.9999339257087663
4989.5			1.0
4990.4			1.0
4991.3			1.0
4992.2			1.0
4993.1			1.0
4994.0			1.0
4994.9			1.0
4995.8			1.0
4996.7			1.0
4997.6			1.0
4998.5			1.0
4999.4			1.0
5000.3			1.0
5001.2			1.0
5002.1			1.0
5003.0			1.0
5003.9			1.0
5004.8			1.0
5005.7			0.9591230906375366
5006.6			0.9478718922383514
5007.5			1.0012184894945189
5008.4			1.0639150970603843
5009.3			1.0809128341492442
5010.2			1.0688270005979292
5011.1			1.0359957645360995
5012.0			1.0046774526718922
5012.9			0.9491980411483562
5013.8			0.9165119648441045
5014.7			0.9704763560912438
5015.6			1.0168536220723996
5016.5			1.0027021493556523
5017.4			0.9742101926877135
5018.3			0.9706233993006793
5019.2			0.9967856828806687
5020.1			1.0491125315746557
5021.0			1.0490595287764581
5021.9			0.9996486714174613
5022.8			1.0
5023.7			1.0
5024.6			1.0
5025.5			1.0
5026.4			1.0
5027.3			1.0
5028.2			1.0
5029.1			1.0
5030.0			1.0
5030.9			1.0164642818153475
5031.8			1.000941603343242
5032.7			1.0184486061279547
5033.6			1.0195133263747866
5034.5			0.9664959779587721
5035.4			0.924951263528139
5036.3			0.9316231566249144
5037.2			0.9606503466135304
5038.1			0.9715321062174984
5039.0			0.929286556469566
5039.9			0.8509977305811625
5040.8			0.8203607276964257
5041.7			0.8767149556230129
5042.6			0.9546678286482173
5043.5			0.9799872755595498
5044.4			1.0009846344320652
5045.3			1.0483255289343936
5046.2			1.0885314809481472
5047.1			1.0724415252955748
5048.0			1.0165089038752704
5048.9			0.9709976699249775
5049.8			0.9781928515803902
5050.7			0.9996523130993842
5051.6			1.0
5052.5			1.0
5053.4			1.0
5054.3			1.0
5055.2			1.0
5056.1			1.0
5057.0			1.0
5057.9			1.0
5058.8			1.0
5059.7			1.0
5060.6			1.0
5061.5			1.0
5062.4			1.0
5063.3			1.0
5064.2			1.0
5065.1			1.0
5066.0			1.0
5066.9			1.0
5067.8			1.0
5068.7			1.0
5069.6			1.0
5070.5			1.0
5071.4			1.0
5072.3			1.0
5073.2			1.0260768783646907
5074.1			1.0331327900872356
5075.0			1.0039526102994365
5075.9			0.9919316183748771
5076.8			1.0166964768439055
5077.7			0.9957026544946246
5078.6			0.892667996532708
5079.5			0.8254703166968356
5080.4			0.8538287396354126
5081.3			0.9062396450949668
5082.2			0.9130696926760122
5083.1			0.9038040981986251
5084.0			0.9438051910976395
5084.9			0.9947692129186406
5085.8			0.9948764273176806
5086.7			1.0
5087.6			1.0
5088.5			1.0
5089.4			1.0
5090.3			1.0
5091.2			1.0
5092.1			1.0
5093.0			1.0
5093.9			1.0
5094.8			0.9912209718568274
5095.7			0.9886274050539465
5096.6			0.9540845659667675
5097.5			0.9027146562518855
5098.4			0.8828672446422449
5099.3			1.0
5100.2			1.0406028452118459
5101.1			1.0809153413797594
5102.0			1.081211576522266
5102.9			1.0525073283025628
5103.8			1.0311945724349871
5104.7			1.0307824281422011
5105.6			1.023643935893512
5106.5			0.9501489192502937
5107.4			0.9098192670339098
5108.3			0.9550807574686281
5109.2			0.9783185312004123
5110.1			0.9788781040286714
5111.0			1.0044265895291706
5111.9			1.0178933542082111
5112.8			1.0062974879374018
5113.7			1.0036331031957353
5114.6			1.0031196666833353
5115.5			1.0
5116.4			1.0
5117.3			1.0
5118.2			1.0
5119.1			1.0
5120.0			1.0
5120.9			1.0
5121.8			1.0
5122.7			1.0
5123.6			1.0
5124.5			1.0
5125.4			1.0
5126.3			1.0
5127.2			1.0
5128.1			1.0
5129.0			1.0
5129.9			1.0
5130.8			1.0
5131.7			1.0
5132.6			1.0
5133.5			1.0
5134.4			1.0
5135.3			1.0154708884157964
5136.2			0.9914270505088625
5137.1			0.9543100205440842
5138.0			0.96332940266693
5138.9			0.9674455745469349
5139.8			0.9747283709423086
5140.7			0.9937839742037194
5141.6			0.9565577738781719
5142.5			0.9146563946388793
5143.4			0.9412344702759735
5144.3			0.9865588922858506
5145.2			0.9797284365754558
5146.1			0.9548427919734669
5147.0			0.9600386264531492
5147.9			0.9850783947935854
5148.8			1.005291039278018
5149.7			0.9999107788479256
5150.6			1.0
5151.5			1.0
5152.4			1.0
5153.3			1.0
5154.2			1.0
5155.1			1.0
5156.0			1.0
5156.9			1.0
5157.8			0.9719652311948744
5158.7			0.9504157630576278
5159.6			0.9730349533373712
5160.5			0.9816508888555532
5161.4			0.9804167341681593
5162.3			0.9907752774813225
5163.2			0.989529444205587
5164.1			0.9659635910434413
5165.0			0.9182950242519387
5165.9			0.838352859468926
5166.8			0.7550358372408738
5167.7			0.7445056132901043
5168.6			0.8119743296056499
5169.5			0.8909568835813537
5170.4			0.8995674302199519
5171.3			0.8378323902593866
5172.2			0.7925580483134143
5173.1			0.8323879786034243
5174.0			0.9147718223672864
5174.9			0.9674785609704958
5175.8			0.9847431320179247
5176.7			0.9847039897684605
5177.6			1.0
5178.5			1.0270349059242194
5179.4			1.0120970431160008
5180.3			0.9790062340249626
5181.2			0.9514187214110088
5182.1			0.8932534195401663
5183.0			0.8203540511937629
5183.9			0.8255391615127794
5184.8			0.9187732846852094
5185.7			1.0
5186.6			1.0133655232124037
5187.5			0.99855752098676
5188.4			0.9926094710502649
5189.3			1.0147194333697747
5190.2			1.0176197549443033
5191.1			0.9554874878879309
5192.0			0.900455345988908
5192.9			0.9095093698927786
5193.8			0.9390874118205672
5194.7			0.9484503379470094
5195.6			0.9651260078556275
5196.5			0.9933104052644816
5197.4			1.0002539769715673
5198.3			1.0
5199.2			1.0
5200.1			1.0
5201.0			1.0
5201.9			1.0
5202.8			1.0
5203.7			1.0
5204.6			1.0
5205.5			1.0
5206.4			1.0
5207.3			1.0
5208.2			1.0
5209.1			1.0
5210.0			1.0
5210.9			1.0
5211.8			1.0458677133701455
5212.7			1.063703603128496
5213.6			1.0436142285402397
5214.5			0.99558359061145
5215.4			0.9466766178893421
5216.3			0.9303389089188472
5217.2			0.9526921465267937
5218.1			0.9795758320667264
5219.0			0.9878028479067557
5219.9			0.9912906434275985
5220.8			0.9946130170711389
5221.7			1.0
5222.6			1.002676208611529
5223.5			0.9778684529608453
5224.4			0.9269315482496201
5225.3			0.8738761658449608
5226.2			0.8289292908053096
5227.1			0.8250267604107485
5228.0			0.8900214517361549
5228.9			0.97418880298979
5229.8			1.0222227235925656
5230.7			1.0214094496570325
5231.6			0.9990738050218436
5232.5			1.0
5233.4			1.0
5234.3			1.0
5235.2			1.0
5236.1			1.0
5237.0			1.0
5237.9			1.0
5238.8			1.0
5239.7			1.0
5240.6			1.0
5241.5			1.0
5242.4			1.0
5243.3			1.0
5244.2			1.0056591311446403
5245.1			1.0111807087934765
5246.0			0.9804728549018975
5246.9			0.9385034783907299
5247.8			0.9368234790804313
5248.7			0.943364108508841
5249.6			0.9173316448048717
5250.5			0.8947604658955082
5251.4			1.0
5252.3			1.043577785152069
5253.2			1.0737502116327844
5254.1			1.0467651948083498
5255.0			1.0031454915791007
5255.9			1.0228095133682706
5256.8			1.0873191083007667
5257.7			1.136229220436955
5258.6			1.1427274894926394
5259.5			1.0925477238895185
5260.4			1.0131347265009836
5261.3			0.9617500987091018
5262.2			0.9482193720015807
5263.1			0.9316480290406216
5264.0			0.8968450377350073
5264.9			0.8690696760085942
5265.8			0.8791558784649492
5266.7			0.9360243418402049
5267.6			0.9733893620033529
5268.5			0.9195828876982659
5269.4			0.8447825029790265
5270.3			0.862958748237388
5271.2			0.9326142752836556
5272.1			0.9586150486588084
5273.0			0.9572612072223524
5273.9			0.9573166451622176
5274.8			0.9452696459521484
5275.7			0.9516690227600308
5276.6			0.9846160475992538
5277.5			1.0127236264692614
5278.4			1.0284301769031452
5279.3			1.0155478154750626
5280.2			0.9852422031327814
5281.1			0.9596727944523061
5282.0			0.9408713725962311
5282.9			0.9253860134985272
5283.8			0.9185209030319084
5284.7			0.938872488016453
5285.6			0.9796985015303006
5286.5			0.9974722450035464
5287.4			1.0
5288.3			1.0
5289.2			1.0
5290.1			1.0101908280214036
5291.0			1.0185885469563851
5291.9			1.00915792774426
5292.8			1.0039686353863004
5293.7			1.0132700998345578
5294.6			1.008457071006654
5295.5			0.965574427536042
5296.4			0.9096253594284165
5297.3			0.8851929234239659
5298.2			0.9091607360163971
5299.1			0.9503043487076154
5300.0			0.9654709419905709
5300.9			0.9503865936074389
5301.8			0.9373223681185139
5302.7			0.9540416839313282
5303.6			0.9880121834133944
5304.5			1.0001273912498183
5305.4			1.0
5306.3			1.0
5307.2			1.0
5308.1			1.0
5309.0			1.0
5309.9			1.0
5310.8			1.0
5311.7			1.0
5312.6			1.0
5313.5			1.0
5314.4			1.0
5315.3			1.0
5316.2			1.0
5317.1			1.0
5318.0			1.0
5318.9			1.0
5319.8			1.0
5320.7			1.0
5321.6			1.0
5322.5			1.0
5323.4			1.0
5324.3			1.0044141348172684
5325.2			1.0291408584922388
5326.1			1.0021320770527593
5327.0			0.90466266447598
5327.9			0.839478398769584
5328.8			0.873772427459313
5329.7			0.9442293622921984
5330.6			0.9864797772339206
5331.5			1.0028282386344918
5332.4			1.0
5333.3			1.0
5334.2			1.0
5335.1			1.0
5336.0			1.0
5336.9			1.0
5337.8			1.0
5338.7			1.0
5339.6			1.0
5340.5			1.0
5341.4			1.0
5342.3			1.0
5343.2			1.0
5344.1			1.0
5345.0			1.0
5345.9			1.0
5346.8			1.0
5347.7			1.0
5348.6			1.0
5349.5			1.0
5350.4			1.0
5351.3			1.0
5352.2			1.0
5353.1			1.0
5354.0			1.0
5354.9			1.0
5355.8			1.0
5356.7			1.0
5357.6			1.0
5358.5			1.0
5359.4			1.0
5360.3			0.9851656273474729
5361.2			0.9873306214591574
5362.1			0.9832266215565536
5363.0			0.9740731243779196
5363.9			0.9611272594590506
5364.8			0.962279403032539
5365.7			0.9844966168413777
5366.6			0.988146402171859
5367.5			0.9762303433426073
5368.4			0.9667863935818546
5369.3			0.9426957298807913
5370.2			0.9109425217096716
5371.1			0.9080583258712379
5372.0			0.9428404757863098
5372.9			0.9831243919397743
5373.8			1.0073548283229976
5374.7			1.0260931596522926
5375.6			1.0354052624121737
5376.5			1.039645230302006
5377.4			1.0472226710506976
5378.3			1.0488738112355382
5379.2			1.0392913751633057
5380.1			1.0227267061312184
5381.0			1.0080968601617304
5381.9			0.9997880996039792
5382.8			1.0
5383.7			1.0
5384.6			1.0193872390699614
5385.5			1.0264484611197482
5386.4			1.0200607637107657
5387.3			1.0173214428596158
5388.2			1.017097818991919
5389.1			1.0186721768553102
5390.0			1.0203576389077265
5390.9			1.0117488771348395
5391.8			0.9933989442532773
5392.7			0.9739246652676657
5393.6			0.9651497097823729
5394.5			0.9685071581120085
5395.4			0.959972490748138
5396.3			0.9314224777493972
5397.2			0.9213442598734098
5398.1			0.949199276758345
5399.0			0.984704217448303
5399.9			0.9930380050346634
5400.8			0.988361800222164
5401.7			0.992738704206093
5402.6			0.9884332731852379
5403.5			0.9596374641383458
5404.4			0.9178785858535856
5405.3			0.8946211697952455
5406.2			0.9160752675386994
5407.1			0.9602423654660738
5408.0			0.9845989286380357
5408.9			0.9715335228568492
5409.8			0.9500821464575672
5410.7			0.9558762166380633
5411.6			0.9742534578008171
5412.5			0.9917437930402042
5413.4			1.0029975416369754
5414.3			0.998313487748905
5415.2			0.9908909712917177
5416.1			0.9949370272984328
5417.0			1.0037171825406428
5417.9			1.0000623987070998
5418.8			0.9913518765406479
5419.7			0.9896088283157618
5420.6			0.9907957131879193
5421.5			0.99340240118938
5422.4			0.9942510116976631
5423.3			0.9747142372671828
5424.2			0.9566855204801532
5425.1			0.9746564161444545
5426.0			0.9998675375355957
5426.9			1.0
5427.8			1.0
5428.7			1.0
5429.6			1.0
5430.5			1.0
5431.4			1.0
5432.3			1.0
5433.2			1.0
5434.1			1.0
5435.0			1.0
5435.9			1.0
5436.8			1.0
5437.7			1.0
5438.6			1.0
5439.5			1.0
5440.4			1.0
5441.3			1.0
5442.2			0.9981168323665857
5443.1			0.9847021400236569
5444.0			0.9729000975690069
5444.9			0.9485502671469311
5445.8			0.9067348172466735
5446.7			0.8853428966121877
5447.6			0.9045679839081007
5448.5			0.9538853511007528
5449.4			1.00251210826824
5450.3			1.011452266458405
5451.2			1.0007382457922482
5452.1			1.0
5453.0			1.002821722073688
5453.9			0.9686107077785334
5454.8			0.9029140149739544
5455.7			0.8724432065462354
5456.6			0.9133683833910048
5457.5			0.9735841452808769
5458.4			1.0004543277603872
5459.3			1.0
5460.2			1.0
5461.1			1.0
5462.0			1.0
5462.9			1.0
5463.8			1.0
5464.7			1.0
5465.6			1.0
5466.5			1.0
5467.4			1.0
5468.3			1.0
5469.2			1.0
5470.1			1.0
5471.0			1.0058312570002432
5471.9			1.0079256986890823
5472.8			0.9943875979608141
5473.7			0.9880393507865372
5474.6			0.9879671581443118
5475.5			0.9578904769336989
5476.4			0.9144106348115915
5477.3			0.9233416025856442
5478.2			0.9789890177363176
5479.1			1.0184328727094751
5480.0			1.0230297303846576
5480.9			1.0108221880411616
5481.8			0.9985362090242142
5482.7			1.0
5483.6			1.0
5484.5			1.0
5485.4			1.0
5486.3			1.0
5487.2			1.0
5488.1			1.0
5489.0			1.0
5489.9			1.0
5490.8			1.0
5491.7			1.0
5492.6			1.0
5493.5			1.0
5494.4			1.0
5495.3			1.0
5496.2			1.0
5497.1			1.0
5498.0			1.0
5498.9			1.0
5499.8			1.0
5500.7			1.0
5501.6			1.0
5502.5			1.0
5503.4			1.0
5504.3			1.0
5505.2			1.0
5506.1			1.0
5507.0			1.0
5507.9			1.0
5508.8			1.0
5509.7			1.0
5510.6			1.0
5511.5			1.0
5512.4			1.0
5513.3			1.0
5514.2			1.0
5515.1			1.0
5516.0			1.0
5516.9			1.0
5517.8			1.0
5518.7			1.0
5519.6			1.0
5520.5			1.0
5521.4			1.0
5522.3			1.0
5523.2			1.0
5524.1			1.0
5525.0			1.0
5525.9			1.0
5526.8			1.0
5527.7			1.0
5528.6			1.0
5529.5			1.0
5530.4			1.0
5531.3			1.0
5532.2			1.0
5533.1			1.0
5534.0			1.0
5534.9			1.0
5535.8			1.0
5536.7			1.0
5537.6			1.0
5538.5			1.0
5539.4			1.0
5540.3			1.0
5541.2			1.0
5542.1			1.0
5543.0			1.0
5543.9			1.0
5544.8			1.0
5545.7			1.0
5546.6			1.0
5547.5			1.0
5548.4			1.0
5549.3			1.0
5550.200000000001			1.0
5551.1			1.0
5552.0			1.0
5552.9			1.0
5553.8			1.0
5554.700000000001			1.0
5555.6			1.0
5556.5			1.0
5557.4			1.0
5558.3			1.0
5559.200000000001			1.0
5560.1			1.0
5561.0			1.0
5561.9			1.0
5562.8			1.0
5563.700000000001			1.0
5564.6			1.0
5565.5			1.0
5566.4			1.0
5567.3			1.0
5568.200000000001			1.0
5569.1			1.0
5570.0			1.0
5570.9			1.0
5571.8			1.0
5572.700000000001			1.0
5573.6			1.0
5574.5			1.0
5575.4			1.0
5576.3			0.9752627240347312
5577.200000000001			0.969949348607681
5578.1			0.9908496346047778
5579.0			1.0059810840670393
5579.9			1.0207410027349473
5580.8			1.0328941708328416
5581.700000000001			1.0214685962299708
5582.6			0.9983226949872968
5583.5			0.9839327086126616
5584.4			0.9845586040818334
5585.3			0.9875820885709522
5586.200000000001			0.9661706433121725
5587.1			0.9401934296386196
5588.0			0.9434198019942251
5588.9			0.9450212496295459
5589.8			0.9427654161401783
5590.700000000001			0.9665399398247223
5591.6			1.0024315356748994
5592.5			1.0177555575089337
5593.4			0.9946031929689668
5594.3			0.9689517933320163
5595.200000000001			0.9885716652251929
5596.1			1.0333985054443813
5597.0			1.0382720795946354
5597.9			0.9912370480014897
5598.8			0.9632502293743535
5599.700000000001			0.9889090375055828
5600.6			1.012439710999128
5601.5			0.9976425486485612
5602.4			0.9784545961109535
5603.3			1.0013248215459973
5604.200000000001			1.0
5605.1			1.0
5606.0			1.0
5606.9			1.0
5607.8			1.0
5608.700000000001			1.0
5609.6			1.0
5610.5			1.0
5611.4			0.9938051087301433
5612.3			0.9881849683818628
5613.200000000001			0.9882336275084701
5614.1			0.9734093475596155
5615.0			0.9317210138456913
5615.9			0.908385969317416
5616.8			0.937377190034466
5617.700000000001			0.9862252507947248
5618.6			1.0087035900890495
5619.5			1.0011486637625793
5620.4			1.0004263581136197
5621.3			1.0
5622.200000000001			1.0
5623.1			1.0
5624.0			1.0
5624.9			1.0
5625.8			1.0
5626.700000000001			1.0
5627.6			1.0
5628.5			1.0
5629.4			1.0
5630.3			1.0
5631.200000000001			1.0
5632.1			1.0
5633.0			1.0
5633.9			1.0
5634.8			1.0
5635.700000000001			1.0
5636.6			1.0
5637.5			1.0
5638.4			1.0
5639.3			1.0
5640.200000000001			1.0
5641.1			1.0
5642.0			1.0
5642.9			1.0
5643.8			1.0
5644.700000000001			1.0
5645.6			1.0
5646.5			1.0
5647.4			1.0
5648.3			1.0
5649.200000000001			1.0
5650.1			1.0
5651.0			0.9882607182534381
5651.9			0.9931452828133878
5652.8			0.9920933398056755
5653.700000000001			0.9787265449641183
5654.6			0.9794458845699491
5655.5			1.0023054964586087
5656.4			1.0159338858054479
5657.3			0.9887611368187837
5658.200000000001			0.9293889583814146
5659.1			0.9102214948735476
5660.0			0.9616705226846741
5660.9			1.0014099960014842
5661.8			0.9817432653285074
5662.700000000001			0.9567290552169185
5663.6			0.9673536879871891
5664.5			0.9976815901782801
5665.4			1.0152456283937303
5666.3			1.0119764819333443
5667.200000000001			0.9999478487875736
5668.1			1.0
5669.0			1.0
5669.9			1.0
5670.8			1.0
5671.700000000001			1.0
5672.6			1.0
5673.5			1.0
5674.4			1.0
5675.3			1.0
5676.200000000001			1.0
5677.1			1.0
5678.0			1.0
5678.9			1.0
5679.8			1.0
5680.700000000001			1.0
5681.6			1.0
5682.5			1.0
5683.4			1.0
5684.3			1.0
5685.200000000001			1.0
5686.1			1.0
5687.0			1.0
5687.9			1.0
5688.8			1.0
5689.700000000001			1.0
5690.6			1.0
5691.5			1.0
5692.4			1.0108394556944
5693.3			1.0085416410177868
5694.200000000001			0.9892569398654956
5695.1			0.9852552320734294
5696.0			1.0048728167300118
5696.9			1.020889325557909
5697.8			1.0199404691686285
5698.700000000001			1.0162428092278801
5699.6			1.0136429850962634
5700.5			0.9937001917521138
5701.4			0.9694441725032364
5702.3			0.9749669388279969
5703.200000000001			0.9978160836171187
5704.1			1.0074694032724796
5705.0			1.00083308234445
5705.9			0.9962291415943235
5706.8			0.9868126007902894
5707.700000000001			0.9627901180978411
5708.6			0.9348004350165879
5709.5			0.9231221678034917
5710.4			0.9296314358566362
5711.3			0.9379386469852147
5712.200000000001			0.9582618797653342
5713.1			0.988920460378459
5714.0			0.9994257405715724
5714.9			0.9866792910755205
5715.8			0.9843952092671201
5716.700000000001			1.000606901516816
5717.6			1.0088081250202106
5718.5			1.006742699397715
5719.4			1.0068531116242276
5720.3			1.0211970293551667
5721.200000000001			1.0370656578027417
5722.1			1.0243865299970827
5723.0			1.003124183521823
5723.9			1.003035983460987
5724.8			1.0150174323743058
5725.700000000001			1.0172629856549489
5726.6			0.9998872074301665
5727.5			1.0
5728.4			1.0
5729.3			1.0
5730.200000000001			1.0
5731.1			1.0
5732.0			1.0
5732.9			1.0
5733.8			1.0
5734.700000000001			1.0
5735.6			1.0
5736.5			1.0
5737.4			1.0
5738.3			1.0
5739.200000000001			1.0
5740.1			1.0
5741.0			1.0
5741.9			1.0
5742.8			1.0
5743.700000000001			1.0
5744.6			1.0
5745.5			1.0
5746.4			1.0
5747.3			1.0
5748.200000000001			1.0
5749.1			1.0
5750.0			1.0
5750.9			1.0
5751.8			1.0
5752.700000000001			1.0
5753.6			1.0
5754.5			1.0
5755.4			1.0
5756.3			1.0
5757.200000000001			1.0
5758.1			1.0
5759.0			1.0
5759.9			1.0
5760.8			1.0
5761.700000000001			1.0
5762.6			1.0
5763.5			1.0
5764.4			1.0
5765.3			1.0
5766.200000000001			1.0
5767.1			1.0
5768.0			1.0
5768.9			1.0
5769.8			1.0
5770.700000000001			1.0
5771.6			1.0
5772.5			1.0
5773.4			1.0
5774.3			1.0
5775.200000000001			1.0
5776.1			1.0
5777.0			1.0
5777.9			1.0
5778.8			1.0
5779.700000000001			1.0
5780.6			1.0
5781.5			1.0
5782.4			1.0
5783.3			1.0
5784.200000000001			1.0
5785.1			1.0
5786.0			1.0
5786.9			1.0
5787.8			1.0
5788.700000000001			1.0
5789.6			1.0
5790.5			1.0
5791.4			1.0
5792.3			1.0
5793.200000000001			1.0
5794.1			1.0
5795.0			1.0
5795.9			1.0
5796.8			1.0
5797.700000000001			1.0
5798.6			1.0
5799.5			1.0
5800.4			1.0
5801.3			1.0
5802.200000000001			1.0
5803.1			1.0
5804.0			1.0
5804.9			1.0
5805.8			1.0
5806.700000000001			1.0
5807.6			1.0
5808.5			1.0
5809.4			1.0
5810.3			1.0
5811.200000000001			1.0
5812.1			1.0
5813.0			1.0
5813.9			1.0
5814.8			1.0
5815.700000000001			1.0
5816.6			1.0
5817.5			1.0
5818.4			1.0
5819.3			1.0
5820.200000000001			1.0
5821.1			1.0
5822.0			1.0
5822.9			1.0
5823.8			1.0
5824.700000000001			1.0
5825.6			1.0
5826.5			1.0
5827.4			1.0
5828.3			1.0
5829.200000000001			1.0
5830.1			1.0
5831.0			1.0
5831.9			1.0
5832.8			1.0
5833.700000000001			1.0
5834.6			1.0
5835.5			1.0
5836.4			1.0088625121741894
5837.3			1.0161962959424191
5838.200000000001			1.0096415054574484
5839.1			0.9907065885794017
5840.0			0.9807674686684669
5840.9			0.9877629819117053
5841.8			1.0081686806616998
5842.700000000001			1.030232440637757
5843.6			1.0335368217777965
5844.5			1.022750564765804
5845.4			1.019722843451291
5846.3			1.0256690110289681
5847.200000000001			1.0224018200172007
5848.1			1.006836013713229
5849.0			0.990270453753897
5849.9			0.981022213679796
5850.8			0.9818636972150997
5851.700000000001			0.9822603223695741
5852.6			0.9679698374420508
5853.5			0.9531221944731454
5854.4			0.9653037409886148
5855.3			0.983468083823699
5856.200000000001			0.9750263704659318
5857.1			0.9472848396761643
5858.0			0.9373055422038333
5858.9			0.9591251593464372
5859.8			0.9821016843305717
5860.700000000001			0.9916241751140354
5861.6			0.9897975159660211
5862.5			0.9801113987064217
5863.4			0.9832676879300399
5864.3			0.9953232308119394
5865.200000000001			0.9994637834145361
5866.1			1.0024267365385802
5867.0			1.0001094984072516
5867.9			0.9872210348487311
5868.8			0.9864799344195191
5869.700000000001			1.0046117582314134
5870.6			1.0151868087485558
5871.5			1.0128469643961404
5872.4			1.017749577016525
5873.3			1.027908561357943
5874.200000000001			1.0378912711656199
5875.1			1.0425233372858786
5876.0			1.0378107006015003
5876.9			1.0232204087027665
5877.8			0.9991345054729908
5878.700000000001			0.9890235317970354
5879.6			1.0
5880.5			1.000202503686817
5881.4			0.9849864136943479
5882.3			0.9795544461857647
5883.200000000001			0.9848877968078706
5884.1			0.9836016856722168
5885.0			0.9810470793669832
5885.9			0.9888711757461459
5886.8			0.9968176188925996
5887.700000000001			0.9881508832914528
5888.6			0.9425106064939583
5889.5			0.8654701740945772
5890.4			0.8368219653562651
5891.3			0.8909059272776346
5892.200000000001			0.9407665674064905
5893.1			0.9520026167543157
5894.0			0.9587175858384468
5894.9			0.931889694874693
5895.8			0.8783430690383345
5896.700000000001			0.890775628176857
5897.6			0.9601147739606701
5898.5			0.9936162924249188
5899.4			0.9947217043670112
5900.3			0.9995647800300422
5901.200000000001			1.0
5902.1			1.0
5903.0			1.0
5903.9			1.0
5904.8			1.0
5905.700000000001			1.0
5906.6			1.0
5907.5			1.0
5908.4			1.0
5909.3			1.0
5910.200000000001			1.0
5911.1			1.0
5912.0			1.0
5912.9			1.0
5913.8			1.0
5914.700000000001			1.0
5915.6			1.0
5916.5			1.0
5917.4			1.0
5918.3			1.0
5919.200000000001			1.0
5920.1			1.0
5921.0			1.0
5921.9			1.0
5922.8			1.0
5923.700000000001			1.0
5924.6			1.0
5925.5			1.0
5926.4			1.0
5927.3			1.0
5928.200000000001			1.0
5929.1			1.0
5930.0			1.0
5930.9			1.0
5931.8			1.0
5932.700000000001			1.0
5933.6			1.0
5934.5			1.0
5935.4			1.0
5936.3			1.0
5937.200000000001			1.0
5938.1			1.0
5939.0			1.0
5939.9			1.0
5940.8			1.0
5941.700000000001			1.0
5942.6			1.0
5943.5			1.0
5944.4			1.0
5945.3			1.0
5946.200000000001			1.0
5947.1			1.0
5948.0			1.0
5948.9			1.0
5949.8			1.0
5950.700000000001			1.0
5951.6			1.0
5952.5			1.0
5953.4			1.0
5954.3			1.0
5955.200000000001			1.0
5956.1			1.0
5957.0			1.0
5957.9			1.0
5958.8			1.0
5959.700000000001			1.0
5960.6			1.0
5961.5			1.0
5962.4			1.0
5963.3			1.0
5964.200000000001			1.0
5965.1			1.0
5966.0			1.0
5966.9			1.0
5967.8			1.0
5968.700000000001			1.0
5969.6			1.0
5970.5			1.0
5971.4			1.0
5972.3			1.0
5973.200000000001			1.0
5974.1			1.0
5975.0			1.0
5975.9			1.0
5976.8			1.0
5977.700000000001			1.0
5978.6			1.0
5979.5			1.0
5980.4			1.0
5981.3			1.0
5982.200000000001			1.0
5983.1			1.0
5984.0			1.0
5984.9			1.0
5985.8			1.0
5986.700000000001			1.0
5987.6			1.0
5988.5			1.004113683220847
5989.4			1.0050126781623614
5990.3			0.9873680613713518
5991.200000000001			0.9674918973206658
5992.1			0.9667754135982495
5993.0			0.9877734012988449
5993.9			1.0042593799657962
5994.8			1.0032120752752354
5995.700000000001			0.9973359550790559
5996.6			0.9936287663183537
5997.5			0.997297179523277
5998.4			1.0034936562231265
5999.3			1.0009975370405797
6000.200000000001			0.994487512766437
6001.1			0.9926932983514982
6002.0			0.9864980558167055
6002.9			0.9797006712603582
6003.8			0.9895746226167005
6004.700000000001			1.0059593029926266
6005.6			1.0044837337021686
6006.5			0.9779974206502806
6007.4			0.9396929853155149
6008.3			0.9238970379237326
6009.200000000001			0.9437247135159257
6010.1			0.9713408103693227
6011.0			0.9822433416585404
6011.9			0.9786422688898183
6012.8			0.9753015128775173
6013.700000000001			0.9754556440871001
6014.6			0.9787195489578917
6015.5			0.9846213494710246
6016.4			0.984746390850451
6017.3			0.9773964054398021
6018.200000000001			0.9738756277439495
6019.1			0.9708941810716285
6020.0			0.9610349107406214
6020.9			0.9571993935787214
6021.8			0.9519756731766079
6022.700000000001			0.9416925830600843
6023.6			0.941940928058569
6024.5			0.949761427650691
6025.4			0.9607768392484887
6026.3			0.9820003712600541
6027.200000000001			0.9987121561184901
6028.1			1.000011816711532
6029.0			1.0
6029.9			1.0
6030.8			1.0
6031.700000000001			1.0
6032.6			1.0
6033.5			1.0
6034.4			1.0
6035.3			1.0
6036.200000000001			1.0
6037.1			1.0
6038.0			1.0
6038.9			1.0
6039.8			1.0
6040.700000000001			1.0
6041.6			1.0
6042.5			1.0
6043.4			1.0
6044.3			1.0
6045.200000000001			1.0
6046.1			1.0
6047.0			1.0
6047.9			1.0
6048.8			1.0
6049.700000000001			1.0
6050.6			1.0
6051.5			1.0
6052.4			1.0
6053.3			1.0
6054.200000000001			1.0
6055.1			1.0
6056.0			1.0
6056.9			1.0
6057.8			1.0
6058.700000000001			1.0
6059.6			1.0
6060.5			1.0
6061.4			1.0
6062.3			1.0
6063.200000000001			1.0
6064.1			1.0
6065.0			1.0
6065.9			1.0
6066.8			1.0
6067.700000000001			1.0
6068.6			1.0
6069.5			1.0
6070.4			1.0
6071.3			1.0
6072.200000000001			1.0
6073.1			1.0
6074.0			1.0
6074.9			1.0
6075.8			1.0
6076.700000000001			1.0
6077.6			1.0
6078.5			1.0
6079.4			1.0
6080.3			1.0
6081.200000000001			1.0
6082.1			1.0
6083.0			1.0
6083.9			1.0
6084.8			1.0
6085.700000000001			1.0
6086.6			1.0
6087.5			1.0
6088.4			1.0
6089.3			1.0
6090.200000000001			1.0
6091.1			1.0
6092.0			1.0
6092.9			1.0
6093.8			1.0
6094.700000000001			1.0
6095.6			1.0
6096.5			1.0
6097.4			1.0
6098.3			1.0
6099.200000000001			1.0
6100.1			1.008876594369779
6101.0			0.9948017259388431
6101.9			0.9447268865334008
6102.8			0.9186473479122723
6103.700000000001			0.9550494973586322
6104.6			0.9962635888333895
6105.5			1.0002234515857324
6106.4			1.0
6107.3			1.0
6108.200000000001			1.0
6109.1			1.0
6110.0			1.0
6110.9			1.0
6111.8			1.0
6112.700000000001			1.0
6113.6			1.0
6114.5			1.0
6115.4			1.0
6116.3			1.0
6117.200000000001			1.0
6118.1			1.0
6119.0			1.0
6119.9			1.0
6120.8			1.0
6121.700000000001			1.0
6122.6			1.0
6123.5			1.0
6124.4			1.0
6125.3			1.0
6126.200000000001			1.0
6127.1			0.9969091385206476
6128.0			0.9846304650986534
6128.9			0.9768706057810403
6129.8			0.9798507072491387
6130.700000000001			0.9849670166187355
6131.6			0.988283651198934
6132.5			0.9918124785397234
6133.4			0.9872479218718796
6134.3			0.9743875888966578
6135.200000000001			0.9659911105131034
6136.1			0.9359426546423217
6137.0			0.8864505380470342
6137.9			0.8824750293027692
6138.8			0.9323059409626601
6139.700000000001			0.9711365433937634
6140.6			0.9622913997298692
6141.5			0.9381042916333628
6142.4			0.936476713358816
6143.3			0.9551382441732199
6144.200000000001			0.973114880351804
6145.1			0.9755290676744943
6146.0			0.9743481375872499
6146.9			0.984645728139218
6147.8			0.9975036173315448
6148.700000000001			1.0000685938309195
6149.6			1.0
6150.5			1.0
6151.4			1.0
6152.3			1.0
6153.200000000001			1.0
6154.1			1.0
6155.0			1.0
6155.9			1.0
6156.8			1.0
6157.700000000001			0.9820436434551844
6158.6			0.9814410032268447
6159.5			1.012480220057806
6160.4			1.0199688893009904
6161.3			0.9667643452226128
6162.200000000001			0.9137806599490214
6163.1			0.9220328445966606
6164.0			0.9605916892446807
6164.9			0.9856241185018815
6165.8			0.9987237593942688
6166.700000000001			1.0004021173155446
6167.6			1.0
6168.5			1.0
6169.4			1.0
6170.3			1.0
6171.200000000001			1.0
6172.1			1.0
6173.0			1.0
6173.9			1.0
6174.8			1.0
6175.700000000001			1.0
6176.6			1.0
6177.5			1.0
6178.4			1.0
6179.3			1.0
6180.200000000001			1.0
6181.1			1.0
6182.0			1.0
6182.9			1.0
6183.8			1.0
6184.700000000001			1.0
6185.6			1.0
6186.5			1.0
6187.4			1.0
6188.3			1.0
6189.200000000001			1.0
6190.1			1.0
6191.0			1.0
6191.9			1.0
6192.8			1.0
6193.700000000001			1.0
6194.6			1.0
6195.5			1.0
6196.4			1.0
6197.3			1.0
6198.200000000001			1.0
6199.1			1.0
6200.0			1.0
6200.9			1.0
6201.8			1.0
6202.700000000001			1.0
6203.6			1.0
6204.5			1.0
6205.4			1.0
6206.3			1.0
6207.200000000001			1.0
6208.1			1.0
6209.0			1.0
6209.9			1.0
6210.8			1.0
6211.700000000001			1.0
6212.6			1.0
6213.5			1.0
6214.4			1.0
6215.3			1.0
6216.200000000001			1.0
6217.1			1.0
6218.0			1.0
6218.9			1.0
6219.8			1.0
6220.700000000001			1.0
6221.6			1.0
6222.5			1.0
6223.4			1.0
6224.3			1.0
6225.200000000001			1.0
6226.1			1.0
6227.0			1.0
6227.9			1.0
6228.8			1.0
6229.700000000001			1.0
6230.6			1.0
6231.5			1.0
6232.4			1.0
6233.3			1.0
6234.200000000001			1.0
6235.1			1.0
6236.0			1.0
6236.9			1.0
6237.8			1.0
6238.700000000001			1.0
6239.6			1.0
6240.5			1.0
6241.4			1.0
6242.3			1.0
6243.200000000001			1.0
6244.1			1.0
6245.0			1.0
6245.9			1.0
6246.8			1.0
6247.700000000001			1.0
6248.6			1.0
6249.5			1.0
6250.4			1.0
6251.3			1.0
6252.200000000001			1.0
6253.1			1.0
6254.0			1.0
6254.9			1.0
6255.8			1.0
6256.700000000001			1.0
6257.6			1.0
6258.5			1.0
6259.4			1.0
6260.3			1.0
6261.200000000001			1.0
6262.1			1.0
6263.0			1.0
6263.9			1.0
6264.8			1.0
6265.700000000001			1.0
6266.6			1.0
6267.5			1.0
6268.4			1.0
6269.3			1.0
6270.200000000001			1.0
6271.1			1.0
6272.0			1.0
6272.9			1.0
6273.8			1.0
6274.700000000001			1.0
6275.6			1.0
6276.5			1.0
6277.4			1.0
6278.3			1.0
6279.200000000001			1.0
6280.1			1.0
6281.0			1.0
6281.9			1.0
6282.8			1.0
6283.700000000001			1.0
6284.6			1.0
6285.5			1.0
6286.4			1.0005861298658048
6287.3			1.0009495905959556
6288.200000000001			0.9869312805145124
6289.1			0.9668011638314192
6290.0			0.9593334311844748
6290.9			0.9663377373640263
6291.8			0.9796186221450721
6292.700000000001			0.987365249167949
6293.6			0.9826089065857423
6294.5			0.9790449560685054
6295.4			0.9875316527974614
6296.3			0.9932731118986762
6297.200000000001			0.9818502495872661
6298.1			0.9746061960309266
6299.0			0.9755754717440299
6299.9			0.9619698630404746
6300.8			0.93393227885186
6301.700000000001			0.9198924166557929
6302.6			0.9461062879332331
6303.5			0.993332469843698
6304.4			1.0181716923745192
6305.3			1.0248406092933302
6306.200000000001			1.031788282846513
6307.1			1.032589801101133
6308.0			1.028420593512039
6308.9			1.0275964353383644
6309.8			1.022538448176715
6310.700000000001			1.0093299135465368
6311.6			1.0049327810580462
6312.5			1.0084216845148903
6313.4			1.0042975314365452
6314.3			0.9943674201954282
6315.200000000001			0.995569811024831
6316.1			1.0040663775063685
6317.0			0.9995085080685069
6317.9			1.0
6318.8			1.0
6319.700000000001			1.0
6320.6			1.0
6321.5			1.0
6322.4			1.0
6323.3			1.0
6324.200000000001			1.0
6325.1			1.0
6326.0			1.0
6326.9			1.0
6327.8			1.0
6328.700000000001			1.0
6329.6			0.9931784198243396
6330.5			0.98637400496072
6331.4			0.9898737997510004
6332.3			0.9979805786480777
6333.200000000001			0.992959209565743
6334.1			0.9643500111825879
6335.0			0.9338093819688684
6335.9			0.9273420267830376
6336.8			0.947999059014045
6337.700000000001			0.9748316961722797
6338.6			0.9895539734237504
6339.5			1.0026801682945903
6340.4			1.0220167291704407
6341.3			1.0245084655858012
6342.200000000001			1.0003466800526544
6343.1			1.0
6344.0			1.0
6344.9			1.0
6345.8			1.0
6346.700000000001			1.0
6347.6			1.0
6348.5			1.0
6349.4			1.0
6350.3			1.0
6351.200000000001			1.0
6352.1			1.0
6353.0			1.0
6353.9			1.0
6354.8			1.0
6355.700000000001			1.0
6356.6			1.0
6357.5			1.0
6358.4			1.0
6359.3			1.0
6360.200000000001			1.0
6361.1			1.0
6362.0			1.0
6362.9			1.0
6363.8			1.0
6364.700000000001			1.0
6365.6			1.0
6366.5			1.0
6367.4			1.0
6368.3			1.0
6369.200000000001			1.0
6370.1			1.0
6371.0			1.0
6371.9			1.0
6372.8			1.0
6373.700000000001			1.0
6374.6			1.0
6375.5			1.0
6376.4			1.0
6377.3			1.0
6378.200000000001			1.0
6379.1			1.0
6380.0			1.0
6380.9			1.0
6381.8			1.0
6382.700000000001			1.0
6383.6			1.0
6384.5			1.0
6385.4			1.0
6386.3			1.0
6387.200000000001			1.0
6388.1			1.0
6389.0			1.0
6389.9			1.0
6390.8			1.0
6391.700000000001			1.0
6392.6			1.0
6393.5			1.0
6394.4			1.0
6395.3			1.0282995759025724
6396.200000000001			1.0275557724802946
6397.1			1.0173477421055797
6398.0			0.9913174187324535
6398.9			0.9346076475457668
6399.8			0.8883639374672678
6400.700000000001			0.9000615811159629
6401.6			0.9448121583147603
6402.5			0.9820916691159338
6403.4			1.001817587377299
6404.3			0.9995812047249469
6405.200000000001			1.0
6406.1			1.0
6407.0			1.0
6407.9			1.0
6408.8			1.0
6409.700000000001			1.0
6410.6			1.0
6411.5			1.0
6412.4			1.0
6413.3			1.0
6414.200000000001			1.0
6415.1			1.0
6416.0			1.0
6416.9			1.0
6417.8			1.0
6418.700000000001			1.0
6419.6			1.0
6420.5			1.0
6421.4			1.0
6422.3			1.0
6423.200000000001			1.0
6424.1			1.0
6425.0			1.0
6425.9			1.0
6426.8			1.0
6427.700000000001			1.0
6428.6			1.0
6429.5			1.0
6430.4			1.0
6431.3			1.0
6432.200000000001			1.0
6433.1			1.0
6434.0			1.0
6434.9			1.0
6435.8			1.0
6436.700000000001			1.0
6437.6			1.0
6438.5			1.0
6439.4			1.0
6440.3			1.0
6441.200000000001			1.0
6442.1			1.0
6443.0			1.0
6443.9			1.0
6444.8			1.0
6445.700000000001			1.0
6446.6			1.0
6447.5			1.0
6448.4			1.0
6449.3			1.0
6450.200000000001			1.0
6451.1			1.0
6452.0			1.0
6452.9			1.0
6453.8			1.0
6454.700000000001			1.0
6455.6			1.0
6456.5			1.0
6457.4			1.0
6458.3			1.0
6459.200000000001			1.0
6460.1			1.0
6461.0			1.0
6461.9			1.0
6462.8			1.0
6463.700000000001			1.0
6464.6			1.0
6465.5			1.0
6466.4			1.0
6467.3			1.0
6468.200000000001			1.0
6469.1			1.0
6470.0			1.0
6470.9			1.0
6471.8			1.0
6472.700000000001			1.0
6473.6			1.0
6474.5			1.0
6475.4			1.0
6476.3			1.0
6477.200000000001			1.0
6478.1			1.0
6479.0			0.9865694834876035
6479.9			0.9796222678463562
6480.8			0.96620072694637
6481.700000000001			0.9529637761316888
6482.6			0.958081163784458
6483.5			0.9748400071598077
6484.4			0.9855933899600392
6485.3			0.9812795769175878
6486.200000000001			0.9722715613360632
6487.1			0.9726573180540482
6488.0			0.9725904084125997
6488.9			0.9732427077484288
6489.8			0.9719658058617926
6490.700000000001			0.9640667946412187
6491.6			0.9615499021872678
6492.5			0.9455490842524615
6493.4			0.9092311672871524
6494.3			0.8796327323172197
6495.200000000001			0.8786785741504679
6496.1			0.892980412229697
6497.0			0.9046848747673102
6497.9			0.9080635557445086
6498.8			0.9121636994356639
6499.700000000001			0.9364238750952742
6500.6			0.9626782047301099
6501.5			0.9659104052634342
6502.4			0.9699933463093493
6503.3			0.9856267994781027
6504.200000000001			0.9851664944667604
6505.1			0.9709469340000353
6506.0			0.9695216762826544
6506.9			0.9744814801497325
6507.8			0.9740242941374321
6508.700000000001			0.9779455395157991
6509.6			0.9890751568593399
6510.5			1.001285214032344
6511.4			1.0000956650692292
6512.3			1.0
6513.200000000001			1.0
6514.1			1.0
6515.0			1.0
6515.9			1.0
6516.8			1.0
6517.700000000001			1.0
6518.6			1.0
6519.5			1.0
6520.4			1.0
6521.3			1.0
6522.200000000001			1.0
6523.1			1.0
6524.0			1.0
6524.9			1.0
6525.8			1.0
6526.700000000001			1.0
6527.6			1.0
6528.5			1.0
6529.4			1.0
6530.3			1.0
6531.200000000001			1.0
6532.1			1.0
6533.0			1.0
6533.9			1.0
6534.8			1.0
6535.700000000001			1.0
6536.6			1.0
6537.5			1.0
6538.4			1.0
6539.3			1.0
6540.200000000001			1.0
6541.1			1.0
6542.0			1.0
6542.9			1.0
6543.8			1.0
6544.700000000001			1.0
6545.6			1.0
6546.5			1.0
6547.4			1.0
6548.3			1.0
6549.200000000001			1.0
6550.1			1.0
6551.0			1.0
6551.9			1.0
6552.8			1.0
6553.700000000001			1.0
6554.6			1.0
6555.5			1.0
6556.4			1.0
6557.3			1.0
6558.200000000001			1.0
6559.1			0.9867435271528059
6560.0			0.9676626404860673
6560.9			0.8777981435830342
6561.8			0.6730568727464188
6562.700000000001			0.535069347383607
6563.6			0.6481690201107145
6564.5			0.8621627032375363
6565.4			0.9743530030303486
6566.3			1.0000094492421199
6567.200000000001			1.0
6568.1			1.0
6569.0			1.0
6569.9			1.0
6570.8			1.0
6571.700000000001			1.0
6572.6			1.0
6573.5			1.0
6574.4			1.0
6575.3			1.0
6576.200000000001			1.0
6577.1			1.0
6578.0			1.0
6578.9			1.0
6579.8			1.0
6580.700000000001			1.0
6581.6			1.0
6582.5			1.0
6583.4			1.0
6584.3			1.0
6585.200000000001			1.0
6586.1			1.0
6587.0			0.9871701363754387
6587.9			0.9950429736611891
6588.8			1.0080247604626338
6589.700000000001			1.0089868325222604
6590.6			1.0112616033953217
6591.5			0.9892629509238287
6592.4			0.9234416159501876
6593.3			0.8913757169943266
6594.200000000001			0.9271335594649723
6595.1			0.9655970520832317
6596.0			0.9754675896073316
6596.9			0.972034179739508
6597.8			0.9722171398755983
6598.700000000001			0.9887446623253727
6599.6			0.9998110098282139
6600.5			1.0
6601.4			1.0
6602.3			1.0
6603.200000000001			1.0
6604.1			1.0
6605.0			1.0
6605.9			1.0
6606.8			1.0
6607.700000000001			1.0
6608.6			1.0
6609.5			1.0
6610.4			1.0
6611.3			1.0
6612.200000000001			1.0
6613.1			1.0
6614.0			1.0
6614.9			1.0
6615.8			1.0
6616.700000000001			1.0
6617.6			1.0
6618.5			1.0
6619.4			1.0
6620.3			1.0
6621.200000000001			1.0
6622.1			1.0
6623.0			1.0
6623.9			1.0
6624.8			1.0
6625.700000000001			1.0
6626.6			1.0
6627.5			1.0
6628.4			1.0
6629.3			1.0
6630.200000000001			1.0
6631.1			1.0
6632.0			1.0
6632.9			1.0
6633.8			1.0
6634.700000000001			1.0
6635.6			1.0
6636.5			1.0
6637.4			1.0
6638.3			1.0
6639.200000000001			1.0
6640.1			1.0
6641.0			1.0
6641.9			1.0
6642.8			1.0
6643.700000000001			1.0
6644.6			1.0
6645.5			1.0
6646.4			1.0
6647.3			1.0
6648.200000000001			1.0
6649.1			1.0
6650.0			1.0
6650.9			1.0
6651.8			1.0
6652.700000000001			1.0
6653.6			1.0
6654.5			1.0
6655.4			1.0
6656.3			1.0
6657.200000000001			1.0
6658.1			1.0
6659.0			1.0
6659.9			1.0
6660.8			1.0
6661.700000000001			1.0
6662.6			1.0
6663.5			1.0
6664.4			1.0
6665.3			1.0
6666.200000000001			1.0
6667.1			1.0
6668.0			1.0
6668.9			1.0
6669.8			1.0
6670.700000000001			1.0
6671.6			1.0
6672.5			1.0
6673.4			1.0
6674.3			1.0
6675.200000000001			1.0
6676.1			1.0
6677.0			1.0
6677.9			1.0
6678.8			1.0
6679.700000000001			1.0
6680.6			1.0
6681.5			1.0
6682.4			1.0
6683.3			1.0
6684.200000000001			1.0
6685.1			1.0
6686.0			1.0
6686.9			1.0
6687.8			1.0
6688.700000000001			1.0
6689.6			1.0
6690.5			1.0
6691.4			1.0
6692.3			1.0
6693.200000000001			1.0
6694.1			1.0
6695.0			1.0
6695.9			1.0
6696.8			1.0
6697.700000000001			1.0
6698.6			1.0
6699.5			1.0
6700.4			1.0
6701.3			1.0
6702.200000000001			1.0
6703.1			1.0
6704.0			1.0
6704.9			1.0
6705.8			1.0
6706.700000000001			1.0
6707.6			1.0
6708.5			1.0
6709.4			1.0
6710.3			1.0
6711.200000000001			1.0
6712.1			1.0
6713.0			1.0
6713.9			1.0
6714.8			1.0
6715.700000000001			1.0
6716.6			1.0
6717.5			1.0
6718.4			1.0
6719.3			1.0
6720.200000000001			1.0
6721.1			1.0
6722.0			1.0
6722.9			1.0
6723.8			1.0
6724.700000000001			1.0
6725.6			1.0
6726.5			1.0
6727.4			1.0
6728.3			1.0
6729.200000000001			1.0
6730.1			1.0
6731.0			1.0
6731.9			1.0
6732.8			1.0
6733.700000000001			1.0
6734.6			1.0
6735.5			1.0
6736.4			1.0
6737.3			1.0
6738.200000000001			1.0
6739.1			1.0
6740.0			1.0
6740.9			1.0
6741.8			1.0
6742.700000000001			1.0
6743.6			1.0
6744.5			1.0
6745.4			1.0
6746.3			1.0
6747.200000000001			1.0
6748.1			1.0
6749.0			1.0
6749.9			1.0
6750.8			1.0
6751.700000000001			1.0
6752.6			1.0
6753.5			1.0
6754.4			1.0
6755.3			1.0
6756.200000000001			1.0
6757.1			1.0
6758.0			1.0
6758.9			1.0
6759.8			1.0
6760.700000000001			1.0
6761.6			1.0
6762.5			1.0
6763.4			1.0
6764.3			1.0
6765.200000000001			1.0
6766.1			1.0
6767.0			1.0
6767.9			1.0
6768.8			1.0
6769.700000000001			1.0
6770.6			1.0
6771.5			1.0
6772.4			1.0
6773.3			1.0
6774.200000000001			1.0
6775.1			1.0
6776.0			1.0
6776.9			1.0
6777.8			1.0
6778.700000000001			1.0
6779.6			1.0
6780.5			1.0
6781.4			1.0
6782.3			1.0
6783.200000000001			1.0
6784.1			1.0
6785.0			1.0
6785.9			1.0
6786.8			1.0
6787.700000000001			1.0
6788.6			1.0
6789.5			1.0
6790.4			1.0
6791.3			1.0
6792.200000000001			1.0
6793.1			1.0
6794.0			1.0
6794.9			1.0
6795.8			1.0
6796.700000000001			1.0
6797.6			1.0
6798.5			1.0
6799.4			1.0
6800.3			1.0
6801.200000000001			1.0
6802.1			1.0
6803.0			1.0
6803.9			1.0
6804.8			1.0
6805.700000000001			1.0
6806.6			1.0
6807.5			1.0
6808.4			1.0
6809.3			1.0
6810.200000000001			1.0
6811.1			1.0
6812.0			1.0
6812.9			1.0
6813.8			1.0
6814.700000000001			1.0
6815.6			1.0
6816.5			1.0
6817.4			1.0
6818.3			1.0
6819.200000000001			1.0
6820.1			1.0
6821.0			1.0
6821.9			1.0
6822.8			1.0
6823.700000000001			1.0
6824.6			1.0
6825.5			1.0
6826.4			1.0
6827.3			1.0
6828.200000000001			1.0
6829.1			1.0
6830.0			1.0
6830.9			1.0
6831.8			1.0
6832.700000000001			1.0
6833.6			1.0
6834.5			1.0
6835.4			1.0
6836.3			1.0
6837.200000000001			1.0
6838.1			1.0
6839.0			1.0
6839.9			1.0
6840.8			1.0
6841.700000000001			1.0
6842.6			1.0
6843.5			1.0
6844.4			1.0
6845.3			1.0
6846.200000000001			1.0
6847.1			1.0
6848.0			1.0
6848.9			1.0
6849.8			1.0
6850.700000000001			1.0
6851.6			1.0
6852.5			1.0
6853.4			1.0
6854.3			1.0
6855.200000000001			1.0
6856.1			1.0
6857.0			1.0
6857.9			1.0
6858.8			1.0
6859.700000000001			1.0
6860.6			1.0
6861.5			1.0
6862.4			1.0
6863.3			1.0
6864.200000000001			1.0
6865.1			1.0
6866.0			1.0
6866.9			1.0
6867.8			1.0
6868.700000000001			1.0
6869.6			1.0
6870.5			1.0
6871.4			1.0
6872.3			1.0
6873.200000000001			1.0
6874.1			1.0
6875.0			1.0
6875.9			1.0
6876.8			1.0
6877.700000000001			1.0
6878.6			1.0
6879.5			1.0
6880.4			1.0
6881.3			1.0
6882.200000000001			1.0
6883.1			1.0
6884.0			1.0
6884.9			1.0
6885.8			1.0
6886.700000000001			1.0
6887.6			1.0
6888.5			1.0
6889.4			1.0
6890.3			1.0
6891.200000000001			1.0
6892.1			1.0
6893.0			1.0
6893.9			1.0
6894.8			1.0
6895.700000000001			1.0
6896.6			1.0
6897.5			1.0
6898.4			1.0
6899.3			1.0
6900.200000000001			1.0
6901.1			1.0
6902.0			1.0
6902.9			1.0
6903.8			1.0
6904.700000000001			1.0
6905.6			1.0
6906.5			1.0
6907.4			1.0
6908.3			1.0
6909.200000000001			1.0
6910.1			1.0
6911.0			1.0
6911.9			1.0
6912.8			1.0
6913.700000000001			1.0
6914.6			1.0
6915.5			1.0
6916.4			1.0
6917.3			1.0
6918.200000000001			1.0
6919.1			1.0
6920.0			1.0
6920.9			1.0
6921.8			1.0
6922.700000000001			1.0
6923.6			1.0
6924.5			1.0
6925.4			1.0
6926.3			1.0
6927.200000000001			1.0
6928.1			1.0
6929.0			1.0
6929.9			1.0
6930.8			1.0
6931.700000000001			1.0
6932.6			1.0
6933.5			1.0
6934.4			1.0
6935.3			1.0
6936.200000000001			1.0
6937.1			1.0
6938.0			1.0
6938.9			1.0
6939.8			1.0
6940.700000000001			1.0
6941.6			1.0
6942.5			1.0
6943.4			1.0
6944.3			1.0
6945.200000000001			1.0
6946.1			1.0
6947.0			1.0
6947.9			1.0
6948.8			1.0
6949.700000000001			1.0
6950.6			1.0
6951.5			1.0
6952.4			1.0
6953.3			1.0
6954.200000000001			1.0
6955.1			1.0
6956.0			1.0
6956.9			1.0
6957.8			1.0
6958.700000000001			1.0
6959.6			1.0
6960.5			1.0
6961.4			1.0
6962.3			1.0
6963.200000000001			1.0
6964.1			1.0
6965.0			1.0
6965.9			1.0
6966.8			1.0
6967.700000000001			1.0
6968.6			1.0
6969.5			1.0
6970.4			1.0
6971.3			1.0
6972.200000000001			1.0
6973.1			1.0
6974.0			1.0
6974.9			1.0
6975.8			1.0
6976.700000000001			1.0
6977.6			1.0
6978.5			1.0
6979.4			1.0
6980.3			1.0
6981.200000000001			1.0
6982.1			1.0
6983.0			1.0
6983.9			1.0
6984.8			1.0
6985.700000000001			1.0
6986.6			1.0
6987.5			1.0
6988.4			1.0
6989.3			1.0
6990.200000000001			1.0
6991.1			1.0
6992.0			1.0
6992.9			1.0
6993.8			1.0
6994.700000000001			1.0
6995.6			1.0
6996.5			1.0
6997.4			1.0
6998.3			1.0
6999.200000000001			1.0
7000.1			1.0
7001.0			1.0
7001.9			1.0
7002.8			1.0
7003.700000000001			1.0
7004.6			1.0
7005.5			1.0
7006.4			1.0
7007.3			1.0
7008.200000000001			1.0
7009.1			1.0
7010.0			1.0
7010.9			1.0
7011.8			1.0
7012.700000000001			1.0
7013.6			1.0
7014.5			1.0
7015.4			1.0
7016.3			1.0
7017.200000000001			1.0
7018.1			1.0
7019.0			1.0
7019.9			1.0
7020.8			1.0
7021.700000000001			1.0
7022.6			1.0
7023.5			1.0
7024.4			1.0
7025.3			1.0
7026.200000000001			1.0
7027.1			1.0
7028.0			1.0
7028.9			1.0
7029.8			1.0
7030.700000000001			1.0
7031.6			1.0
7032.5			1.0
7033.4			1.0
7034.3			1.0
7035.200000000001			1.0
7036.1			1.0
7037.0			1.0
7037.9			1.0
7038.8			1.0
7039.700000000001			1.0
7040.6			1.0
7041.5			1.0
7042.4			1.0
7043.3			1.0
7044.200000000001			1.0
7045.1			1.0
7046.0			1.0
7046.9			1.0
7047.8			1.0
7048.700000000001			1.0
7049.6			1.0
7050.5			1.0
7051.4			1.0
7052.3			1.0
7053.200000000001			1.0
7054.1			1.0
7055.0			1.0
7055.9			1.0
7056.8			1.0
7057.700000000001			1.0
7058.6			1.0
7059.5			1.0
7060.4			1.0
7061.3			1.0
7062.200000000001			1.0
7063.1			1.0
7064.0			1.0
7064.9			1.0
7065.8			1.0
7066.700000000001			1.0
7067.6			1.0
7068.5			1.0
7069.4			1.0
7070.3			1.0
7071.200000000001			1.0
7072.1			1.0
7073.0			1.0
7073.9			1.0
7074.8			1.0
7075.700000000001			1.0
7076.6			1.0
7077.5			1.0
7078.4			1.0
7079.3			1.0
7080.200000000001			1.0
7081.1			1.0
7082.0			1.0
7082.9			1.0
7083.8			0.9790498944370163
7084.700000000001			0.9578373660307082
7085.6			0.9579437838750654
7086.5			0.9728263608718406
7087.4			0.9884079341188174
7088.3			0.9978092661554767
7089.200000000001			0.9907684394248641
7090.1			0.973682007059839
7091.0			0.9662796235985528
7091.9			0.9640922220796737
7092.8			0.9560975102452594
7093.700000000001			0.9534991286792867
7094.6			0.9640555136318597
7095.5			0.9727893254918734
7096.4			0.9673585740534867
7097.3			0.961057062190786
7098.200000000001			0.9741209625904029
7099.1			0.9946176964270322
7100.0			0.9968818257557263
7100.9			0.9882127666032176
7101.8			0.9824827712055629
7102.700000000001			0.9767376281617361
7103.6			0.978176804284116
7104.5			0.9885231405318724
7105.4			0.9916544247498552
7106.3			0.9868060205175007
7107.200000000001			0.9902865108555949
7108.1			1.0026162146947497
7109.0			1.0050296498986393
7109.9			0.9959507865079334
7110.8			0.9906139991267852
7111.700000000001			0.9940184960113954
7112.6			0.9961475370909672
7113.5			0.99361357094274
7114.4			0.9936695210893319
7115.3			0.9979276795056442
7116.200000000001			1.0029503738057737
7117.1			1.0035768797502156
7118.0			1.0025931592378845
7118.9			1.0044938146235267
7119.8			1.0067784769190966
7120.700000000001			1.0000811706404602
7121.6			0.989112555620095
7122.5			0.99681701263472
7123.4			1.0259371632905272
7124.3			1.0434545901902004
7125.200000000001			1.0302093921963582
7126.1			1.0053889475433053
7127.0			0.9877299477370531
7127.9			0.9799209244112113
7128.8			0.9797612895081808
7129.700000000001			0.9805361678079264
7130.6			0.983158360923217
7131.5			0.9946410062447852
7132.4			1.0038175745730817
7133.3			1.0060340563263213
7134.200000000001			1.01134344843128
7135.1			1.014569369112875
7136.0			1.0116334181667306
7136.9			1.0116812845756578
7137.8			1.0081669429926245
7138.700000000001			0.9993241308196116
7139.6			1.001865037897096
7140.5			1.0080214696275493
7141.4			1.0031733464465193
7142.3			0.9992267318210549
7143.200000000001			1.0070069922136813
7144.1			1.0140796534675283
7145.0			1.0117094654101153
7145.9			1.0046748385354316
7146.8			0.9888859538052552
7147.700000000001			0.9691841609269347
7148.6			0.9682450351201076
7149.5			0.9831973569999733
7150.4			0.993826472458271
7151.3			0.9983462401676445
7152.200000000001			0.9977730460631394
7153.1			0.9956427748311087
7154.0			1.0012514856665875
7154.9			1.0083573776727581
7155.8			1.003388300484198
7156.700000000001			0.9909880697314223
7157.6			0.988513129933229
7158.5			0.9949676794325792
7159.4			0.9995418102598707
7160.3			1.0057537340838512
7161.200000000001			1.0110250209023135
7162.1			1.0028340111350975
7163.0			0.9815649413887678
7163.9			0.963348409629681
7164.8			0.9652843671608801
7165.700000000001			0.9828854570290905
7166.6			0.9926389406405435
7167.5			0.985848818129948
7168.4			0.9839705884008355
7169.3			0.9985300523105195
7170.200000000001			1.0102409902960843
7171.1			1.0098742680485628
7172.0			1.0046869875589763
7172.9			1.0011409525101644
7173.8			1.0026032220123708
7174.700000000001			1.0044494838412834
7175.6			0.9954879711642837
7176.5			0.9834438864113146
7177.4			0.9910193879681103
7178.3			1.0106114629725167
7179.200000000001			1.0070651508578612
7180.1			0.9737845521102836
7181.0			0.9455235613452065
7181.9			0.9480751132816179
7182.8			0.9685720055638654
7183.700000000001			0.9813047425956554
7184.6			0.9762440936286607
7185.5			0.9606544534510373
7186.4			0.9482390526151241
7187.3			0.9604205747791029
7188.200000000001			0.991483273200271
7189.1			0.9966211695704669
7190.0			0.9600139419042045
7190.9			0.9312770694351656
7191.8			0.948180730283115
7192.700000000001			0.9783742488078468
7193.6			0.9820548773976161
7194.5			0.9767463384674242
7195.4			0.9843622468662028
7196.3			0.9854379431111372
7197.200000000001			0.9686863240870079
7198.1			0.9596747600816197
7199.0			0.9613632276152018
7199.9			0.9588596789425895
7200.8			0.9522149153610836
7201.700000000001			0.9533488069778719
7202.6			0.9687606588408217
7203.5			0.9928758152210958
7204.4			1.0097559743934428
7205.3			1.012211408710842
7206.200000000001			0.9946548927097442
7207.1			0.9712999470956905
7208.0			0.961165567477636
7208.9			0.963694313202945
7209.8			0.9742261174841768
7210.700000000001			0.9933517173359065
7211.6			1.0028102442981786
7212.5			0.998954027610274
7213.4			0.989999628545501
7214.3			0.9823058429712717
7215.200000000001			0.9836145605660394
7216.1			0.9944711590446017
7217.0			1.0033390444990151
7217.9			0.9966221217683486
7218.8			0.9836771811390848
7219.700000000001			0.9843019758617202
7220.6			0.9986907118451083
7221.5			1.0056095829079787
7222.4			0.986188923728576
7223.3			0.9636222580506685
7224.200000000001			0.9704380062912836
7225.1			0.9854334692559841
7226.0			0.9859664047268731
7226.9			0.9834153403974988
7227.8			0.9836942286824182
7228.700000000001			0.989355982976865
7229.6			0.9995957311365976
7230.5			1.0044366493587775
7231.4			1.0036964759998661
7232.3			1.008432542685329
7233.200000000001			1.0204843599181752
7234.1			1.0323326329231883
7235.0			1.0288361444605065
7235.9			1.008297567015178
7236.8			0.9975319365653471
7237.700000000001			0.9980945978150678
7238.6			1.0
7239.5			0.9700966601228843
7240.4			0.977501009055011
7241.3			1.031755451766014
7242.200000000001			1.0756596866392893
7243.1			1.0609820901092608
7244.0			1.0182330719909665
7244.9			1.000235750762706
7245.8			0.9786248443614796
7246.700000000001			0.9953275288477968
7247.6			1.0197458019160617
7248.5			1.0243834469206023
7249.4			1.0063662091846286
7250.3			0.9913795862390157
7251.200000000001			0.9859458286393755
7252.1			0.980081255647499
7253.0			0.973346754972964
7253.9			0.9794633398034915
7254.8			0.9911679858017785
7255.700000000001			0.9901417523408589
7256.6			0.9832770950543694
7257.5			0.9756092709425717
7258.4			0.9725731061702397
7259.3			0.9742287809010269
7260.200000000001			0.9603566876800085
7261.1			0.9419879014984411
7262.0			0.9411417625505745
7262.9			0.9541816517254523
7263.8			0.9721025094062596
7264.700000000001			0.9904414618038333
7265.6			1.0030983187086913
7266.5			0.9991357326210586
7267.4			0.9759612324003728
7268.3			0.9621373325393394
7269.200000000001			0.9672107677647199
7270.1			0.9656284572441011
7271.0			0.9538710218558716
7271.9			0.9452949756040163
7272.8			0.9468963179706148
7273.700000000001			0.9489516152883302
7274.6			0.9568701965839125
7275.5			0.9707571856154564
7276.4			0.9759407893753875
7277.3			0.9767837450703682
7278.200000000001			0.987058196633456
7279.1			0.9972606663153387
7280.0			0.97540485602396
7280.9			0.9368912992574121
7281.8			0.9405718552527174
7282.700000000001			0.9808524131510958
7283.6			1.0034896835344347
7284.5			0.9876538091613798
7285.4			0.9586698127770235
7286.3			0.9515486234330164
7287.200000000001			0.9539269827024617
7288.1			0.9492513963508952
7289.0			0.9536562095979586
7289.9			0.9594145299108902
7290.8			0.9665083599733829
7291.700000000001			0.9788041566405036
7292.6			0.9774130476073004
7293.5			0.977650484886974
7294.4			0.9880633484084664
7295.3			0.9909105429257682
7296.200000000001			0.9914607398464444
7297.1			1.0013677848685747
7298.0			0.9999333642607663
7298.9			1.0
7299.8			1.0
7300.700000000001			1.0
7301.6			1.0
7302.5			1.0
7303.4			1.0
7304.3			1.0
7305.200000000001			1.0
7306.1			1.0
7307.0			1.0
7307.9			1.0
7308.8			1.0
7309.700000000001			1.0
7310.6			1.0
7311.5			1.0
7312.4			1.0
7313.3			1.0
7314.200000000001			1.0
7315.1			1.0
7316.0			1.0
7316.9			1.0
7317.8			1.0
7318.700000000001			1.0
7319.6			1.0
7320.5			1.0
7321.4			1.0
7322.3			1.0
7323.200000000001			1.0
7324.1			1.0
7325.0			1.0
7325.9			1.0
7326.8			1.0
7327.700000000001			1.0
7328.6			1.0
7329.5			1.0
7330.4			1.0
7331.3			1.0
7332.200000000001			1.0
7333.1			1.0
7334.0			1.0
7334.9			1.0
7335.8			1.0
7336.700000000001			1.0
7337.6			1.0
7338.5			1.0
7339.4			1.0
7340.3			1.0
7341.200000000001			1.0
7342.1			0.9984467914728804
7343.0			0.9990751279260791
7343.9			1.002739103117056
7344.8			1.0044060991753465
7345.700000000001			1.01550117556354
7346.6			1.0310187733322467
7347.5			1.0450467920614863
7348.4			1.0538124162700155
7349.3			1.0545391773680788
7350.200000000001			1.0629746574155305
7351.1			1.0942715329534445
7352.0			1.1211150712717846
7352.9			1.1333264841138655
7353.8			1.1461654552696863
7354.700000000001			1.1620508188081136
7355.6			1.1644404056878688
7356.5			1.1711787518953911
7357.4			1.2043022481401104
7358.3			1.238529249219848
7359.200000000001			1.2565810937832447
7360.1			1.2626027164141733
7361.0			1.2706072515804454
7361.9			1.271895663339712
7362.8			1.2584873733231678
7363.700000000001			1.2519944447435298
7364.6			1.2751433338431502
7365.5			1.3055936601996834
7366.4			1.3280125617743892
7367.3			1.3482264792154484
7368.200000000001			1.3539120508547313
7369.1			1.3578003193818753
7370.0			1.3870415984539524
7370.9			1.425108643150028
7371.8			1.435098229690491
7372.700000000001			1.4389653608635085
7373.6			1.4712264359120484
7374.5			1.501767309509273
7375.4			1.5127673180229193
7376.3			1.5229870620129817
7377.200000000001			1.5329130312406005
7378.1			1.5446935302403733
7379.0			1.568144596785581
7379.9			1.5955319327202369
7380.8			1.6190128906976007
7381.700000000001			1.0
7382.6			1.021713844065693
7383.5			1.0260330963742614
7384.4			1.0214403409109445
7385.3			1.0290919785573065
7386.200000000001			1.0457509534597844
7387.1			1.0656857086176628
7388.0			1.0826660767257517
7388.9			1.0844521931265545
7389.8			1.0951518121504489
7390.700000000001			1.1336963169192318
7391.6			1.167678678789781
7392.5			1.175813099754636
7393.4			1.18935275653059
7394.3			1.2270311697124396
7395.200000000001			1.2739952934665115
7396.1			1.313470568137668
7397.0			1.3401254912240437
7397.9			1.3686858132173372
7398.8			1.4054887996650727
7399.700000000001			1.4396672863565452
7400.6			1.4747876276180667
7401.5			1.5328204604179956
7402.4			1.6074209226864244
7403.3			1.6705248168951672
7404.200000000001			1.709083592409292
7405.1			1.734897170428347
7406.0			1.7775131184456756
7406.9			1.8339630054618679
7407.8			1.8693333178937126
7408.700000000001			1.9008654601062454
7409.6			1.9581380010126204
7410.5			2.196353831396212
7411.4			1.7918622473906243
7412.3			0.4078015296334052
7413.200000000001			2.2686110345000372e-05
7414.1			0.008698163726307235
7415.0			1.1068009988450608e-05
7415.9			2.5378260334688214e-05
7416.8			2.6423481000875886e-05
7417.700000000001			2.7558496140414118e-05
7418.6			2.8795396413992904e-05
7419.5			3.0148545131968398e-05
7420.4			3.163513856433035e-05
7421.3			3.327594061837329e-05
7422.200000000001			3.509625865401684e-05
7423.1			3.712725811821416e-05
7424.0			3.9407761679741534e-05
7424.9			4.198675481714484e-05
7425.8			4.492694415339075e-05
7426.700000000001			4.8309923436793626e-05
7427.6			5.224386355736013e-05
7428.5			5.687529289239299e-05
7429.4			1.0
