3500.0			1.0
3500.9			1.0
3501.8			1.0
3502.7			1.0
3503.6			1.0
3504.5			1.0
3505.4			1.0
3506.3			1.0
3507.2			1.0
3508.1			1.0
3509.0			1.0
3509.9			1.0
3510.8			1.0
3511.7			1.0
3512.6			1.0
3513.5			1.0
3514.4			1.0
3515.3			1.0
3516.2			1.0
3517.1			1.0
3518.0			1.0
3518.9			1.0
3519.8			1.0
3520.7			1.0
3521.6			1.0
3522.5			1.0
3523.4			1.0
3524.3			1.0
3525.2			1.0
3526.1			1.0
3527.0			1.0
3527.9			1.0
3528.8			1.0
3529.7			1.0
3530.6			1.0
3531.5			1.0
3532.4			1.0
3533.3			1.0
3534.2			1.0
3535.1			1.0
3536.0			1.0
3536.9			1.0
3537.8			1.0
3538.7			1.0
3539.6			1.0
3540.5			1.0
3541.4			1.0
3542.3			1.0
3543.2			1.0
3544.1			1.0
3545.0			1.0
3545.9			1.0
3546.8			1.0
3547.7			1.0
3548.6			1.0
3549.5			1.0
3550.4			1.0
3551.3			1.0
3552.2			1.0
3553.1			1.0
3554.0			1.0
3554.9			1.0
3555.8			1.0
3556.7			1.0
3557.6			1.0
3558.5			1.0
3559.4			1.0
3560.3			1.0
3561.2			1.0
3562.1			1.0
3563.0			1.0
3563.9			1.0
3564.8			1.0
3565.7			1.0
3566.6			1.0
3567.5			1.0
3568.4			1.0
3569.3			1.0
3570.2			1.0
3571.1			1.0
3572.0			1.0
3572.9			1.0
3573.8			1.0
3574.7			1.0
3575.6			1.0
3576.5			1.0
3577.4			1.0
3578.3			1.0
3579.2			1.0
3580.1			1.0
3581.0			1.0
3581.9			1.0
3582.8			1.0
3583.7			1.0
3584.6			1.0
3585.5			1.0
3586.4			1.0
3587.3			1.0
3588.2			1.0
3589.1			1.0
3590.0			1.0
3590.9			1.0
3591.8			1.0
3592.7			1.0
3593.6			1.0
3594.5			1.0
3595.4			1.0
3596.3			1.0
3597.2			1.0
3598.1			1.0
3599.0			1.0
3599.9			1.0
3600.8			1.0
3601.7			1.0
3602.6			1.0
3603.5			1.0
3604.4			1.0
3605.3			1.0
3606.2			1.0
3607.1			1.0
3608.0			1.0
3608.9			1.0
3609.8			1.0
3610.7			1.0
3611.6			1.0
3612.5			1.0
3613.4			1.0
3614.3			1.0
3615.2			1.0
3616.1			1.0
3617.0			1.0
3617.9			1.0
3618.8			1.0
3619.7			1.0
3620.6			1.0
3621.5			1.0
3622.4			1.0
3623.3			1.0
3624.2			1.0
3625.1			1.0
3626.0			1.0
3626.9			1.0
3627.8			1.0
3628.7			1.0
3629.6			1.0
3630.5			1.0
3631.4			1.0
3632.3			1.0
3633.2			1.0
3634.1			1.0
3635.0			1.0
3635.9			1.0
3636.8			1.0
3637.7			1.0
3638.6			1.0
3639.5			1.0
3640.4			1.0
3641.3			1.0
3642.2			1.0
3643.1			1.0
3644.0			1.0
3644.9			1.0
3645.8			1.0
3646.7			1.0
3647.6			1.0
3648.5			1.0
3649.4			1.0
3650.3			1.0
3651.2			1.0
3652.1			1.0
3653.0			1.0
3653.9			1.0
3654.8			1.0
3655.7			1.0
3656.6			1.0
3657.5			1.0
3658.4			1.0
3659.3			1.0
3660.2			1.0
3661.1			1.0
3662.0			1.0
3662.9			1.0
3663.8			1.0
3664.7			1.0
3665.6			1.0
3666.5			1.0
3667.4			1.0
3668.3			1.0
3669.2			1.0
3670.1			1.0
3671.0			1.0
3671.9			1.0
3672.8			1.0
3673.7			1.0
3674.6			1.0
3675.5			1.0
3676.4			1.0
3677.3			1.0
3678.2			1.0
3679.1			1.0
3680.0			1.0
3680.9			1.0
3681.8			1.0
3682.7			1.0
3683.6			1.0
3684.5			1.0
3685.4			1.0
3686.3			1.0
3687.2			1.0
3688.1			1.0
3689.0			1.0
3689.9			1.0
3690.8			1.0
3691.7			1.0
3692.6			1.0
3693.5			1.0
3694.4			1.0
3695.3			1.0
3696.2			1.0
3697.1			1.0
3698.0			1.0
3698.9			1.0
3699.8			1.0
3700.7			1.0
3701.6			1.0
3702.5			1.0
3703.4			1.0
3704.3			1.0
3705.2			1.0
3706.1			1.0
3707.0			1.0
3707.9			1.0
3708.8			1.0
3709.7			1.0
3710.6			1.0
3711.5			1.0
3712.4			1.0
3713.3			1.0
3714.2			1.0
3715.1			1.0
3716.0			1.0
3716.9			1.0
3717.8			1.0
3718.7			1.0
3719.6			1.0
3720.5			1.0
3721.4			1.0
3722.3			1.0
3723.2			1.0
3724.1			1.0
3725.0			1.0
3725.9			1.0
3726.8			1.0
3727.7			1.0
3728.6			1.0
3729.5			1.0
3730.4			1.0
3731.3			1.0
3732.2			1.0
3733.1			1.0
3734.0			1.0
3734.9			1.0
3735.8			1.0
3736.7			1.0
3737.6			1.0
3738.5			1.0
3739.4			1.0
3740.3			1.0
3741.2			1.0
3742.1			1.0
3743.0			1.0
3743.9			1.0
3744.8			1.0
3745.7			1.0
3746.6			1.0
3747.5			1.0
3748.4			1.0
3749.3			1.0
3750.2			1.0
3751.1			1.0
3752.0			1.0
3752.9			1.0
3753.8			1.0
3754.7			1.0
3755.6			1.0
3756.5			1.0
3757.4			1.0
3758.3			1.0
3759.2			1.0
3760.1			1.0
3761.0			1.0
3761.9			1.0
3762.8			1.0
3763.7			1.0
3764.6			1.0
3765.5			1.0
3766.4			1.0
3767.3			1.0
3768.2			1.0
3769.1			1.0
3770.0			1.0
3770.9			1.0
3771.8			1.0
3772.7			1.0
3773.6			1.0
3774.5			1.0
3775.4			1.0
3776.3			1.0
3777.2			1.0
3778.1			1.0
3779.0			1.0
3779.9			1.0
3780.8			1.0
3781.7			1.0
3782.6			1.0
3783.5			1.0
3784.4			1.0
3785.3			1.0
3786.2			1.0
3787.1			1.0
3788.0			1.0
3788.9			1.0
3789.8			1.0
3790.7			1.0
3791.6			1.0
3792.5			1.0
3793.4			1.0
3794.3			1.0
3795.2			1.0
3796.1			1.0
3797.0			1.0
3797.9			1.0
3798.8			1.0
3799.7			1.0
3800.6			1.0
3801.5			1.0
3802.4			1.0
3803.3			1.0
3804.2			1.0
3805.1			1.0
3806.0			1.0
3806.9			1.0
3807.8			1.0
3808.7			1.0
3809.6			1.0
3810.5			1.0
3811.4			1.0
3812.3			1.0
3813.2			1.0
3814.1			1.0
3815.0			1.0
3815.9			1.0
3816.8			1.0
3817.7			1.0
3818.6			1.0
3819.5			1.0
3820.4			1.0
3821.3			1.0
3822.2			1.0
3823.1			1.0
3824.0			1.0
3824.9			1.0
3825.8			1.0
3826.7			1.0
3827.6			1.0
3828.5			1.0
3829.4			1.0
3830.3			1.0
3831.2			1.0
3832.1			1.0
3833.0			1.0
3833.9			1.0
3834.8			1.0
3835.7			1.0
3836.6			1.0
3837.5			1.0
3838.4			1.0
3839.3			1.0
3840.2			1.0
3841.1			1.0
3842.0			1.0
3842.9			1.0
3843.8			1.0
3844.7			1.0
3845.6			1.0
3846.5			1.0
3847.4			1.0
3848.3			1.0
3849.2			1.0
3850.1			1.0
3851.0			1.0
3851.9			1.0
3852.8			1.0
3853.7			1.0
3854.6			1.0
3855.5			1.0
3856.4			1.0
3857.3			1.0
3858.2			1.0
3859.1			1.0
3860.0			1.0
3860.9			1.0
3861.8			1.0
3862.7			1.0
3863.6			1.0
3864.5			1.0
3865.4			1.0
3866.3			1.0
3867.2			1.0
3868.1			1.0
3869.0			1.0
3869.9			1.0
3870.8			1.0
3871.7			1.0
3872.6			1.0
3873.5			1.0
3874.4			1.0
3875.3			1.0
3876.2			1.0
3877.1			1.0
3878.0			1.0
3878.9			1.0
3879.8			1.0
3880.7			1.0
3881.6			1.0
3882.5			1.0
3883.4			1.0
3884.3			1.0
3885.2			1.0
3886.1			1.0
3887.0			1.0
3887.9			1.0
3888.8			1.0
3889.7			1.0
3890.6			1.0
3891.5			1.0
3892.4			1.0
3893.3			1.0
3894.2			1.0
3895.1			1.0
3896.0			1.0
3896.9			1.0
3897.8			1.0
3898.7			1.0
3899.6			1.0
3900.5			1.0
3901.4			1.0
3902.3			1.0
3903.2			1.0
3904.1			1.0
3905.0			1.0
3905.9			1.0
3906.8			1.0
3907.7			1.0
3908.6			1.0
3909.5			1.0
3910.4			1.0
3911.3			1.0
3912.2			1.0
3913.1			1.0
3914.0			1.0
3914.9			1.0
3915.8			1.0
3916.7			1.0
3917.6			1.0
3918.5			1.0
3919.4			1.0
3920.3			1.0
3921.2			1.0
3922.1			1.0
3923.0			1.0
3923.9			1.0
3924.8			1.0
3925.7			1.0
3926.6			1.0
3927.5			1.0
3928.4			1.0
3929.3			1.0
3930.2			1.0
3931.1			1.0
3932.0			1.0
3932.9			1.0
3933.8			1.0
3934.7			1.0
3935.6			1.0
3936.5			1.0
3937.4			1.0
3938.3			1.0
3939.2			1.0
3940.1			1.0
3941.0			1.0
3941.9			1.0
3942.8			1.0
3943.7			1.0
3944.6			1.0
3945.5			1.0
3946.4			1.0
3947.3			1.0
3948.2			1.0
3949.1			1.0
3950.0			1.0
3950.9			1.0
3951.8			1.0
3952.7			1.0
3953.6			1.0
3954.5			1.0
3955.4			1.0
3956.3			1.0
3957.2			1.0
3958.1			1.0
3959.0			1.0
3959.9			1.0
3960.8			1.0
3961.7			1.0
3962.6			1.0
3963.5			1.0
3964.4			1.0
3965.3			1.0
3966.2			1.0
3967.1			1.0
3968.0			1.0
3968.9			1.0
3969.8			1.0
3970.7			1.0
3971.6			1.0
3972.5			1.0
3973.4			1.0
3974.3			1.0
3975.2			1.0
3976.1			1.0
3977.0			1.0
3977.9			1.0
3978.8			1.0
3979.7			1.0
3980.6			1.0
3981.5			1.0
3982.4			1.0
3983.3			1.0
3984.2			1.0
3985.1			1.0
3986.0			1.0
3986.9			1.0
3987.8			1.0
3988.7			1.0
3989.6			1.0
3990.5			1.0
3991.4			1.0
3992.3			1.0
3993.2			1.0
3994.1			1.0
3995.0			1.0
3995.9			1.0
3996.8			1.0
3997.7			1.0
3998.6			1.0
3999.5			1.0
4000.4			1.0
4001.3			1.0
4002.2			1.0
4003.1			1.0
4004.0			1.0
4004.9			1.0
4005.8			1.0
4006.7			1.0
4007.6			1.0
4008.5			1.0
4009.4			1.0
4010.3			1.0
4011.2			1.0
4012.1			1.0
4013.0			1.0
4013.9			1.0
4014.8			1.0
4015.7			1.0
4016.6			1.0
4017.5			1.0
4018.4			1.0
4019.3			1.0
4020.2			1.0
4021.1			1.0
4022.0			1.0
4022.9			1.0
4023.8			1.0
4024.7			1.0
4025.6			1.0
4026.5			1.0
4027.4			1.0
4028.3			1.0
4029.2			1.0
4030.1			1.0
4031.0			1.0
4031.9			1.0
4032.8			1.0
4033.7			1.0
4034.6			1.0
4035.5			1.0
4036.4			1.0
4037.3			1.0
4038.2			1.0
4039.1			1.0
4040.0			1.0
4040.9			0.9525047301501802
4041.8			0.9403019262631104
4042.7			0.944600834101896
4043.6			0.8828254891991717
4044.5			0.7360200980455018
4045.4			0.6386365999123677
4046.3			0.724958520197821
4047.2			0.8941155760929154
4048.1			0.9923938300853069
4049.0			1.0016820651517682
4049.9			0.9982303905744958
4050.8			1.0
4051.7			1.0
4052.6			1.0
4053.5			1.0
4054.4			1.0
4055.3			1.0
4056.2			1.0
4057.1			1.0
4058.0			1.0
4058.9			1.0
4059.8			1.0
4060.7			1.0
4061.6			1.0
4062.5			1.0
4063.4			1.0
4064.3			1.0
4065.2			1.0
4066.1			1.0
4067.0			1.0
4067.9			1.0
4068.8			1.0
4069.7			1.0
4070.6			1.0
4071.5			1.0
4072.4			1.0
4073.3			1.120505787394402
4074.2			1.1171505652887836
4075.1			1.015385944614643
4076.0			0.867991083719759
4076.9			0.6973334554456349
4077.8			0.6603152880173515
4078.7			0.7769709844716894
4079.6			0.90764304049137
4080.5			1.009919509870896
4081.4			1.0560977104700175
4082.3			0.9955153502723022
4083.2			1.0
4084.1			1.0
4085.0			1.0
4085.9			1.0
4086.8			1.0
4087.7			1.0
4088.6			1.0
4089.5			1.0
4090.4			1.0
4091.3			0.9450435070848288
4092.2			0.9168301207276074
4093.1			0.9977842354916187
4094.0			1.0612076188202153
4094.9			0.9741650511042848
4095.8			0.8284249099371976
4096.7			0.7832903257968404
4097.6			0.8421953095159047
4098.5			0.8817374138205246
4099.4			0.8423560454690451
4100.3			0.7151738956331413
4101.2			0.61471809280845
4102.1			0.6633707905227372
4103.0			0.7684939113017236
4103.9			0.854763812506366
4104.8			0.9502125802080116
4105.7			1.0468974434181368
4106.6			1.087885217491181
4107.5			1.0826823127370575
4108.4			1.084188988290857
4109.3			1.039751351761046
4110.2			0.9854761506301706
4111.1			1.007464914748482
4112.0			1.0
4112.9			1.0
4113.8			1.0
4114.7			1.0
4115.6			1.0
4116.5			1.0
4117.4			1.0
4118.3			1.0
4119.2			1.0
4120.1			1.0
4121.0			1.0
4121.9			1.0
4122.8			1.0
4123.7			1.0
4124.6			1.0
4125.5			1.0
4126.4			1.0
4127.3			0.929796617128738
4128.2			0.8863373647395617
4129.1			0.8608165094352448
4130.0			0.8529637155507126
4130.9			0.8411422924569972
4131.8			0.787395635363534
4132.7			0.761034740433465
4133.6			0.7506918447690353
4134.5			0.756069026471095
4135.4			0.8586315734251795
4136.3			0.9152778855103435
4137.2			0.8999627946253358
4138.1			0.9212250255470155
4139.0			0.9618770899976495
4139.9			0.978009618512423
4140.8			0.9370369748546714
4141.7			0.785833291382967
4142.6			0.5884364561618882
4143.5			0.5322947192922867
4144.4			0.6313216353544097
4145.3			0.7961474223379678
4146.2			0.8833659787225782
4147.1			0.9091261895157078
4148.0			0.8892058318260346
4148.9			0.841978598653685
4149.8			0.8369536343548454
4150.7			0.8660577244328287
4151.6			0.8462819622212743
4152.5			0.8438371326391523
4153.4			0.8728545693711389
4154.3			0.8572362014260746
4155.2			0.8521822185211582
4156.1			0.8561991076647268
4157.0			0.8818263810538403
4157.9			0.9590974686363739
4158.8			1.0068954801030152
4159.7			1.0000234283504987
4160.6			1.0
4161.5			1.0
4162.4			1.0
4163.3			1.0
4164.2			1.0
4165.1			1.0
4166.0			1.0
4166.9			1.0
4167.8			1.0
4168.7			1.0
4169.6			1.0
4170.5			1.0
4171.4			1.0
4172.3			1.0
4173.2			1.0
4174.1			1.0
4175.0			1.0
4175.9			1.0
4176.8			1.0
4177.7			1.0
4178.6			1.0
4179.5			1.0
4180.4			1.0
4181.3			1.0
4182.2			1.0
4183.1			1.0
4184.0			1.0
4184.9			1.0
4185.8			1.0
4186.7			1.0
4187.6			1.0
4188.5			1.0
4189.4			1.0
4190.3			1.0
4191.2			1.0
4192.1			1.0
4193.0			1.0
4193.9			1.0
4194.8			1.0
4195.7			1.0
4196.6			1.0
4197.5			1.0
4198.4			1.0
4199.3			1.0
4200.2			1.0
4201.1			1.0
4202.0			1.0
4202.9			1.0
4203.8			1.0
4204.7			1.0
4205.6			1.0
4206.5			1.0
4207.4			1.0
4208.3			1.0
4209.2			1.0
4210.1			1.0
4211.0			1.0
4211.9			1.0
4212.8			1.0
4213.7			1.0
4214.6			1.0
4215.5			1.0
4216.4			1.0
4217.3			1.0
4218.2			1.0
4219.1			1.0
4220.0			1.0
4220.9			1.0161252350763739
4221.8			0.990301884407754
4222.7			0.8739599625153829
4223.6			0.7918791558124445
4224.5			0.7277885706230132
4225.4			0.5836218107750142
4226.3			0.43176379108935187
4227.2			0.47680649722397445
4228.1			0.7145120602980395
4229.0			0.8842918928898651
4229.9			0.9287516490025695
4230.8			0.990180543826694
4231.7			0.9993136791660017
4232.6			1.0
4233.5			1.0
4234.4			1.0
4235.3			1.0
4236.2			1.0
4237.1			1.0
4238.0			1.0
4238.9			1.0
4239.8			1.0
4240.7			1.0
4241.6			1.0
4242.5			1.0
4243.4			1.0
4244.3			1.0
4245.2			1.0
4246.1			1.0
4247.0			1.0
4247.9			1.0
4248.8			1.0
4249.7			1.0
4250.6			1.0
4251.5			1.0
4252.4			1.0
4253.3			1.0
4254.2			1.0
4255.1			1.0
4256.0			1.0
4256.9			1.0
4257.8			1.0
4258.7			1.0
4259.6			1.0
4260.5			1.0
4261.4			1.0
4262.3			1.0
4263.2			1.0
4264.1			1.0
4265.0			1.0
4265.9			1.0
4266.8			0.958360048592892
4267.7			0.9041855279669967
4268.6			1.0
4269.5			0.9954075105880956
4270.4			0.8915257382854036
4271.3			0.7362291333475309
4272.2			0.7162977001309946
4273.1			0.8332294741885274
4274.0			0.8866724457207124
4274.9			0.8808585462523916
4275.8			0.9525249277944892
4276.7			1.0213899165539182
4277.6			1.0375853577176783
4278.5			1.0398441878363553
4279.4			0.9795066388902613
4280.3			0.8835395612125787
4281.2			0.8520698424725861
4282.1			0.8973701431481097
4283.0			0.9577121297217853
4283.9			0.9660904550541487
4284.8			0.9011448264320978
4285.7			0.8317576179670361
4286.6			0.8090165230785241
4287.5			0.8144401202557177
4288.4			0.7781495692961612
4289.3			0.6723992003638536
4290.2			0.6138803486615209
4291.1			0.6681621840302301
4292.0			0.7819852483058809
4292.9			0.8916684338553352
4293.8			0.9098474796200946
4294.7			0.8767379898646589
4295.6			0.8982419388477382
4296.5			0.9065690146788349
4297.4			0.8530461742676939
4298.3			0.7380829156258143
4299.2			0.6085263758608641
4300.1			0.5921306639398956
4301.0			0.6741924528701663
4301.9			0.7055240696294496
4302.8			0.7236169007017145
4303.7			0.7619640978433276
4304.6			0.7520806674067987
4305.5			0.7232353558293859
4306.4			0.7012108354641359
4307.3			0.6572883904792286
4308.2			0.6019968743582046
4309.1			0.6304174604202221
4310.0			0.7398536073516456
4310.9			0.8342729684414498
4311.8			0.8851175178995462
4312.7			0.8689642169151034
4313.6			0.7971000949282223
4314.5			0.7802803633247739
4315.4			0.905807268027216
4316.3			1.0784752808809575
4317.2			1.1495450281610406
4318.1			1.1353931749453052
4319.0			1.1017022285861564
4319.9			1.084230094938272
4320.8			1.0
4321.7			0.9880701833009049
4322.6			0.9809251267897438
4323.5			0.9149922789106066
4324.4			0.7932555724526982
4325.3			0.6585623414773317
4326.2			0.6704649303158983
4327.1			0.8306092728156332
4328.0			0.9679722979814176
4328.9			1.0062688664466102
4329.8			1.0442597132119635
4330.7			1.000127919894538
4331.6			1.0
4332.5			1.0
4333.4			1.0
4334.3			1.0
4335.2			1.0346178105578117
4336.1			1.0212965812550672
4337.0			0.8593420969620351
4337.9			0.7338165103564671
4338.8			0.7106068795732435
4339.7			0.6078224899209334
4340.6			0.5645185152746653
4341.5			0.7487737901706134
4342.4			0.9361477224673646
4343.3			0.9658356215659583
4344.2			0.9335841343385003
4345.1			0.9728754696647134
4346.0			1.0005557934345946
4346.9			1.0
4347.8			1.0101840763408427
4348.7			1.08849476112956
4349.6			1.0880877095398027
4350.5			0.9464360303748377
4351.4			0.7914428724126426
4352.3			0.8116433310397995
4353.2			0.9217231241459216
4354.1			0.9851614281902592
4355.0			0.9928311909190483
4355.9			1.0
4356.8			1.0
4357.7			1.0
4358.6			1.0
4359.5			1.0
4360.4			1.0
4361.3			1.0
4362.2			1.0
4363.1			1.0
4364.0			1.0
4364.9			1.0
4365.8			1.0
4366.7			1.0
4367.6			1.0
4368.5			1.0
4369.4			1.0
4370.3			1.0
4371.2			0.9894954063935238
4372.1			0.9787366695202655
4373.0			0.9219741720759672
4373.9			0.8139833625751349
4374.8			0.7420630393740731
4375.7			0.768944061736119
4376.6			0.8946527966815767
4377.5			1.0026295353997277
4378.4			1.007455856746329
4379.3			1.0
4380.2			1.001946059295365
4381.1			1.0199375858086386
4382.0			0.9157221170620375
4382.9			0.7076239146040812
4383.8			0.577321501423302
4384.7			0.6623470097974822
4385.6			0.8545632191811245
4386.5			0.9912004663151881
4387.4			1.0004146087236496
4388.3			1.0
4389.2			1.0
4390.1			1.0
4391.0			1.0
4391.9			1.0
4392.8			1.0
4393.7			1.0
4394.6			1.0
4395.5			1.0
4396.4			1.0
4397.3			1.0
4398.2			0.959158925098629
4399.1			0.8752972249027683
4400.0			0.7852180996377519
4400.9			0.783229254886053
4401.8			0.9216786843565279
4402.7			0.9982632926124989
4403.6			0.8744415670359892
4404.5			0.7168648387522684
4405.4			0.7352581785075909
4406.3			0.8257171689177475
4407.2			0.8091272304780516
4408.1			0.7210894326894226
4409.0			0.7586877376285598
4409.9			0.9076682883385151
4410.8			0.9997199249434978
4411.7			1.0
4412.6			1.0
4413.5			1.0
4414.4			1.0
4415.3			1.0
4416.2			1.0
4417.1			1.0
4418.0			1.0
4418.9			1.0
4419.8			1.0
4420.7			1.0
4421.6			1.0
4422.5			1.0
4423.4			1.0
4424.3			1.0
4425.2			1.0
4426.1			1.0
4427.0			1.0
4427.9			1.0
4428.8			1.0
4429.7			1.0
4430.6			1.0
4431.5			1.087356340294106
4432.4			1.0890156025439632
4433.3			1.0147998958284468
4434.2			0.8840846678931402
4435.1			0.7628559005785239
4436.0			0.7942611631978127
4436.9			0.8888891398343773
4437.8			0.9632896357574627
4438.7			0.9828704090673788
4439.6			1.0
4440.5			1.0
4441.4			1.0
4442.3			1.0
4443.2			1.0
4444.1			1.0
4445.0			1.0
4445.9			1.0
4446.8			1.0
4447.7			1.0
4448.6			1.0
4449.5			1.0
4450.4			0.9213686897974313
4451.3			0.959152954077287
4452.2			1.0178990030701132
4453.1			0.9586146781227571
4454.0			0.8917629208936385
4454.9			0.8269318461286964
4455.8			0.8595903162693468
4456.7			0.9125922482532427
4457.6			0.9147805685830911
4458.5			0.8786180373037072
4459.4			0.8393702238044157
4460.3			0.8718720690431216
4461.2			0.8153225200324984
4462.1			0.8257519135360333
4463.0			0.942172734956596
4463.9			0.9904846238606031
4464.8			0.9610630695564977
4465.7			0.9494697615036035
4466.6			0.9677102808763179
4467.5			0.951144053210728
4468.4			0.926971923792541
4469.3			0.9057820714219992
4470.2			0.9363560751047293
4471.1			0.9720015126798759
4472.0			0.9991746116724406
4472.9			1.0
4473.8			1.0
4474.7			1.0
4475.6			1.0
4476.5			1.0
4477.4			1.0
4478.3			1.0
4479.2			1.0
4480.1			1.0
4481.0			1.0
4481.9			1.0
4482.8			1.0
4483.7			1.0
4484.6			1.0
4485.5			1.0
4486.4			1.0
4487.3			1.0
4488.2			1.0
4489.1			1.0
4490.0			1.0
4490.9			1.0
4491.8			1.0778938881310391
4492.7			1.076370325326337
4493.6			0.9978685442792229
4494.5			0.9360015670509952
4495.4			0.907131591548024
4496.3			0.858775342875624
4497.2			0.9028147528918224
4498.1			1.0356387435576724
4499.0			1.0841713541031726
4499.9			1.0700004238001894
4500.8			0.999964154948371
4501.7			1.0
4502.6			1.0
4503.5			1.0
4504.4			1.0
4505.3			1.0
4506.2			1.0
4507.1			1.0
4508.0			1.0
4508.9			1.0
4509.8			1.0
4510.7			1.0
4511.6			1.0
4512.5			1.0
4513.4			1.0
4514.3			1.0
4515.2			1.0
4516.1			1.0
4517.0			1.0
4517.9			1.0
4518.8			1.0
4519.7			1.075337167264422
4520.6			1.1388161279683557
4521.5			1.1094043655875483
4522.4			0.9972435861882577
4523.3			0.9646294316528936
4524.2			0.9977256482184947
4525.1			0.9982997675618972
4526.0			0.9537229055185491
4526.9			0.9128421032182804
4527.8			0.8914018817125554
4528.7			0.8849888212741909
4529.6			0.9007255092510679
4530.5			0.9010845572667985
4531.4			0.9353725554989719
4532.3			0.987635086663927
4533.2			0.9512686248863905
4534.1			0.87773556386299
4535.0			0.8476258252014438
4535.9			0.9063589343233505
4536.8			1.044867016796815
4537.7			1.1252311841252138
4538.6			1.1257349230522433
4539.5			1.0652982757460374
4540.4			0.9981521773474064
4541.3			0.9991734957501106
4542.2			1.0485381308807045
4543.1			1.0740971095751923
4544.0			1.0118821883975035
4544.9			0.9523292078213458
4545.8			0.9727682011892459
4546.7			1.0195541762084324
4547.6			1.02568928101689
4548.5			1.0
4549.4			0.9509981292688015
4550.3			1.0006204157077823
4551.2			1.040703396301947
4552.1			0.9950100099488133
4553.0			0.9346039425673154
4553.9			0.8600579445979619
4554.8			0.8517072909552283
4555.7			0.8966884263721542
4556.6			0.9633544047307464
4557.5			1.015375347464527
4558.4			1.0066351026898894
4559.3			1.0
4560.2			1.0
4561.1			1.0
4562.0			1.0
4562.9			1.0
4563.8			1.0
4564.7			1.0
4565.6			1.0
4566.5			1.0
4567.4			1.0
4568.3			1.0231255569943192
4569.2			1.0182556643800291
4570.1			0.9615825919736312
4571.0			0.888046533224905
4571.9			0.8882193379767555
4572.8			0.9879783615855242
4573.7			1.0217172166730177
4574.6			0.9863943286355217
4575.5			0.9726777467446523
4576.4			0.9688604819893453
4577.3			0.9743378394964106
4578.2			0.9735766810256589
4579.1			0.9127866174734194
4580.0			0.8429853320436594
4580.9			0.8770784678863428
4581.8			0.9351937341606682
4582.7			0.9628640983738662
4583.6			0.9580241703218885
4584.5			0.9739265449358749
4585.4			0.9664119388042849
4586.3			0.9539069348145806
4587.2			1.003515516920227
4588.1			1.0584840979222099
4589.0			1.0946807275451198
4589.9			1.0684333284137624
4590.8			1.0409855878410168
4591.7			1.0000903146847424
4592.6			1.0
4593.5			1.0
4594.4			1.0
4595.3			1.0
4596.2			1.0
4597.1			1.0
4598.0			1.0
4598.9			1.0
4599.8			1.0
4600.7			1.0
4601.6			1.0
4602.5			1.0
4603.4			1.0
4604.3			1.0
4605.2			1.0
4606.1			1.0
4607.0			1.0
4607.9			1.0
4608.8			1.0
4609.7			1.0
4610.6			1.0
4611.5			1.0
4612.4			1.0
4613.3			1.0
4614.2			1.0
4615.1			1.0
4616.0			1.0
4616.9			1.0
4617.8			1.0
4618.7			1.0
4619.6			1.0
4620.5			1.0
4621.4			1.0
4622.3			1.0
4623.2			1.0
4624.1			1.0
4625.0			1.0
4625.9			1.0
4626.8			1.0
4627.7			1.0
4628.6			1.0
4629.5			1.0
4630.4			1.0
4631.3			1.0
4632.2			1.0
4633.1			1.0
4634.0			1.0
4634.9			1.0
4635.8			1.0
4636.7			1.0
4637.6			1.0
4638.5			1.0
4639.4			1.0
4640.3			1.0
4641.2			1.0504117903241406
4642.1			1.0665803219465988
4643.0			1.0620315009392873
4643.9			1.0506511358431192
4644.8			1.0211199451454431
4645.7			0.951234532325372
4646.6			0.9149917723974221
4647.5			0.9301313131776644
4648.4			0.9730747015647476
4649.3			1.0262053303818643
4650.2			1.0433308787463302
4651.1			1.0192194378571209
4652.0			0.9998488992682322
4652.9			1.0
4653.8			1.0
4654.7			1.0
4655.6			1.0
4656.5			1.0
4657.4			1.0
4658.3			1.0
4659.2			1.0
4660.1			1.0
4661.0			1.0
4661.9			0.954016306170009
4662.8			0.9247046734263216
4663.7			0.949411378830878
4664.6			0.9776298426863468
4665.5			0.9642056089579304
4666.4			0.8921893875094441
4667.3			0.8140017306591107
4668.2			0.807200219362669
4669.1			0.8543306979842027
4670.0			0.9150685784010326
4670.9			1.0006355816001455
4671.8			1.041727156820843
4672.7			1.028755161228767
4673.6			1.0088027791384184
4674.5			1.0066203038482966
4675.4			1.0
4676.3			1.0441361265179
4677.2			1.043946371161228
4678.1			1.0074249211324207
4679.0			0.9705402969857541
4679.9			0.9194214918819907
4680.8			0.8824866529068035
4681.7			0.8843738483097399
4682.6			0.9302442744619769
4683.5			0.982076602269045
4684.4			1.0031172345176904
4685.3			1.0006158200435553
4686.2			1.0
4687.1			1.0
4688.0			1.0
4688.9			1.0
4689.8			1.0
4690.7			1.0
4691.6			1.0
4692.5			1.0
4693.4			1.0
4694.3			1.0
4695.2			1.0466887086387857
4696.1			1.060010697554708
4697.0			1.0131437994528663
4697.9			0.947128643907493
4698.8			0.9295841225130335
4699.7			0.9587668650423968
4700.6			0.9778471746560767
4701.5			0.9749291283154022
4702.4			0.9538015182358631
4703.3			0.9299303110118189
4704.2			0.9426975566568352
4705.1			0.9619913336080416
4706.0			0.9479899712691054
4706.9			0.9062327473764324
4707.8			0.8756197830235812
4708.7			0.8619525258545242
4709.6			0.8779168373497845
4710.5			0.9461971485909675
4711.4			1.0
4712.3			1.032388601176659
4713.2			1.028132267940967
4714.1			0.9588069511223213
4715.0			0.9193084201292941
4715.9			0.9609859977158163
4716.8			1.007600756588999
4717.7			1.0067416417718806
4718.6			1.0197074267234174
4719.5			1.038415628849035
4720.4			1.0462410300702474
4721.3			1.0243169993019707
4722.2			0.9917260331197646
4723.1			1.004513256672912
4724.0			1.0407526187959568
4724.9			1.07303878346319
4725.8			1.0570560763114836
4726.7			0.9907083216557723
4727.6			0.9143533396740503
4728.5			0.910295162024644
4729.4			0.9654262237770951
4730.3			0.9749660498811498
4731.2			0.9583374768710584
4732.1			0.9714145458287107
4733.0			0.9793227204418541
4733.9			0.9974149037017808
4734.8			1.0199237179817353
4735.7			0.9859785045200042
4736.6			0.953988996690702
4737.5			0.9900279210096673
4738.4			1.02669239270671
4739.3			0.9995624436278189
4740.2			0.9489984726944132
4741.1			0.9450166186466887
4742.0			0.9932379138773677
4742.9			1.0393136989062384
4743.8			1.0558119120039269
4744.7			1.0001041476542394
4745.6			1.0
4746.5			1.0
4747.4			1.0
4748.3			1.0
4749.2			1.0
4750.1			1.0
4751.0			1.0
4751.9			1.0
4752.8			1.0
4753.7			1.0
4754.6			1.0
4755.5			1.0168325811124705
4756.4			1.0066232671204893
4757.3			0.9776483107479073
4758.2			0.9605771003316466
4759.1			0.9604599660184113
4760.0			1.020091514546914
4760.9			1.0221266860836706
4761.8			0.9402492896460137
4762.7			0.8893579136007093
4763.6			0.8939222066206242
4764.5			0.9063425499932843
4765.4			0.8870141653740139
4766.3			0.9160295187318377
4767.2			0.9421197456600003
4768.1			0.9419696521533357
4769.0			0.9801889028078342
4769.9			0.9971494989993606
4770.8			1.0
4771.7			0.9663658807091383
4772.6			0.9544845949366813
4773.5			1.0051412456640851
4774.4			1.0508739795456172
4775.3			1.0562907847958203
4776.2			1.0624300400102695
4777.1			1.0648492588709253
4778.0			1.0405784399811595
4778.9			0.9976667837477384
4779.8			0.9806733572358866
4780.7			0.9834331829380939
4781.6			0.9897780964963245
4782.5			0.9706578214430909
4783.4			0.951212097012218
4784.3			0.972021797578763
4785.2			0.9649752479578403
4786.1			0.9187570294611191
4787.0			0.9343096616696586
4787.9			0.9636244249436994
4788.8			0.9271254969759465
4789.7			0.9291422591426364
4790.6			0.9812036593260123
4791.5			0.9896388036088607
4792.4			0.9949881424659208
4793.3			1.0281551868619934
4794.2			1.0462863704892469
4795.1			1.0445136575425413
4796.0			1.0221815430524657
4796.9			0.9882062728759677
4797.8			0.9597414195171683
4798.7			0.9228869521554456
4799.6			0.9460949778804649
4800.5			0.9997333758758816
4801.4			1.0
4802.3			1.0
4803.2			1.0
4804.1			1.0
4805.0			1.0
4805.9			1.0
4806.8			1.0
4807.7			1.0
4808.6			1.0
4809.5			1.0
4810.4			1.0
4811.3			1.0
4812.2			1.0
4813.1			1.0
4814.0			1.0
4814.9			1.0
4815.8			1.0
4816.7			1.0
4817.6			1.0
4818.5			1.0
4819.4			1.0
4820.3			1.0
4821.2			1.0
4822.1			1.0
4823.0			1.0
4823.9			1.0
4824.8			1.0
4825.7			1.0543232871454975
4826.6			1.0535321386183465
4827.5			1.01930252576501
4828.4			1.0022768151080088
4829.3			1.0276396090387265
4830.2			1.031039033087753
4831.1			0.9676934039821815
4832.0			0.932461712823161
4832.9			0.9888879770884037
4833.8			1.0305109500195055
4834.7			1.0207745069816612
4835.6			1.0205364519774323
4836.5			1.0310483662275682
4837.4			1.024702388978092
4838.3			1.0005243687248995
4839.2			1.0
4840.1			1.0
4841.0			1.0
4841.9			1.0
4842.8			1.0
4843.7			1.0
4844.6			1.0
4845.5			1.0
4846.4			1.0
4847.3			1.0
4848.2			1.0
4849.1			1.0
4850.0			1.0
4850.9			1.0
4851.8			1.0
4852.7			1.0
4853.6			1.0
4854.5			1.0
4855.4			1.0
4856.3			1.0
4857.2			1.0728602351042311
4858.1			1.0795944392263588
4859.0			0.9829553379503386
4859.9			0.8266985634070917
4860.8			0.6994169536059279
4861.7			0.7773955931641441
4862.6			0.9687875678442532
4863.5			1.0245062313885986
4864.4			0.9956760668648856
4865.3			1.0
4866.2			1.0
4867.1			1.0
4868.0			1.0
4868.9			1.0
4869.8			1.0
4870.7			1.0
4871.6			1.0
4872.5			1.0
4873.4			1.0
4874.3			1.0
4875.2			1.0
4876.1			1.0
4877.0			1.0
4877.9			1.0
4878.8			1.0449272980370363
4879.7			1.0688808509555612
4880.6			0.999937295160794
4881.5			0.9363298623312873
4882.4			0.9631424815004839
4883.3			1.0121471748364668
4884.2			0.9974831866759886
4885.1			0.9526344442467705
4886.0			0.949163215304937
4886.9			0.9816603020540396
4887.8			0.9863009337876478
4888.7			0.9540652368289985
4889.6			0.9263077659601509
4890.5			0.9007308928047543
4891.4			0.9204885387491735
4892.3			0.9896003311820355
4893.2			1.0471325967611862
4894.1			1.0798540698640537
4895.0			1.102744243593489
4895.9			1.1180505935377725
4896.8			1.119197524902506
4897.7			1.1042710727695004
4898.6			1.0608046942669545
4899.5			0.996638339793132
4900.4			0.9892026779380989
4901.3			1.0133271365982246
4902.2			1.0001449519611367
4903.1			1.0
4904.0			1.0054390557023543
4904.9			1.0496800697036224
4905.8			1.0869319946833174
4906.7			1.075067033101278
4907.6			1.0385017922504627
4908.5			0.9870692725805083
4909.4			0.9362732948557602
4910.3			1.0
4911.2			1.030517582462499
4912.1			1.0479182061229764
4913.0			1.0406985117924104
4913.9			1.04236787147787
4914.8			1.070371192022434
4915.7			1.0927830336634305
4916.6			1.0679436129426045
4917.5			0.9898840811370073
4918.4			0.9147808008666138
4919.3			0.854871751551463
4920.2			0.8036704058609875
4921.1			0.8236337194920191
4922.0			0.8984534864543957
4922.9			0.9299458095925873
4923.8			0.899509456000998
4924.7			0.8897605817672859
4925.6			0.9231827217023842
4926.5			0.9654693739653697
4927.4			0.9770611601237903
4928.3			0.9829852035587471
4929.2			0.9988019211304412
4930.1			1.0
4931.0			1.0
4931.9			1.0
4932.8			1.0
4933.7			1.0
4934.6			1.0139482331493364
4935.5			1.078941510854691
4936.4			1.0766989219736756
4937.3			1.0044329171374589
4938.2			0.9026814494279022
4939.1			0.867227048566477
4940.0			0.9326432719414426
4940.9			0.9897735083510569
4941.8			0.9897004315281092
4942.7			0.985626404071189
4943.6			0.9903192989774955
4944.5			1.0
4945.4			1.0
4946.3			1.0
4947.2			1.0
4948.1			1.0
4949.0			1.0
4949.9			1.0
4950.8			1.0
4951.7			1.0
4952.6			1.0
4953.5			1.0
4954.4			1.0246887272264065
4955.3			1.029020382294685
4956.2			0.9412964042124894
4957.1			0.8282762267696105
4958.0			0.8327380598681591
4958.9			0.9329402109672453
4959.8			1.0006884700149214
4960.7			1.0
4961.6			1.0
4962.5			1.0
4963.4			1.0
4964.3			1.0
4965.2			1.0
4966.1			1.0
4967.0			1.0
4967.9			1.0
4968.8			1.0
4969.7			1.0
4970.6			1.0
4971.5			1.0
4972.4			1.0
4973.3			1.0
4974.2			1.0
4975.1			1.0
4976.0			1.0
4976.9			0.9757367294314689
4977.8			0.9505761170821908
4978.7			0.9486631171738747
4979.6			0.9594248267212062
4980.5			0.931395384194661
4981.4			0.8571345007431103
4982.3			0.8192813190533238
4983.2			0.8413023491403689
4984.1			0.8816338869492153
4985.0			0.904047014407317
4985.9			0.9494738537877253
4986.8			0.9889850588918173
4987.7			0.9998690834738846
4988.6			1.0
4989.5			1.0
4990.4			1.0
4991.3			1.0
4992.2			1.0
4993.1			1.0
4994.0			1.0
4994.9			1.0
4995.8			0.9957108556100253
4996.7			0.9633006024903374
4997.6			0.9562226928597665
4998.5			0.9295187277881837
4999.4			0.8989470947810579
5000.3			0.9109287085037701
5001.2			0.9333395433798979
5002.1			0.9445280286311579
5003.0			0.9502257947391467
5003.9			0.9481616181631253
5004.8			0.9071856925610366
5005.7			0.8539422864028013
5006.6			0.8610276076833185
5007.5			0.9264223211590986
5008.4			0.9798245634768685
5009.3			0.9750520737525415
5010.2			0.956883061418109
5011.1			0.9132733166772219
5012.0			0.8502060115595448
5012.9			0.8065837400161798
5013.8			0.7833366648908807
5014.7			0.818974544986908
5015.6			0.8854593100539428
5016.5			0.9074753331428425
5017.4			0.8919295081648341
5018.3			0.8943903789675973
5019.2			0.9144656775609681
5020.1			0.9276142648230414
5021.0			0.9215513099143161
5021.9			0.8910978798364187
5022.8			0.8961716340852026
5023.7			0.9309713420653722
5024.6			0.9338152208111837
5025.5			0.9407092397586434
5026.4			0.9396261285950853
5027.3			0.9148976669956468
5028.2			0.934166378791338
5029.1			0.9718934226675503
5030.0			0.9822328255439593
5030.9			0.9808213142541907
5031.8			1.0
5032.7			1.0342207255079976
5033.6			1.037940101675177
5034.5			0.9867984805221829
5035.4			0.90359916028486
5036.3			0.8930272774847549
5037.2			0.9359730368895117
5038.1			0.9365994800541718
5039.0			0.8667356748432246
5039.9			0.7728126853329279
5040.8			0.720395515099033
5041.7			0.8012910699228817
5042.6			0.9403127634815909
5043.5			1.0019559770389619
5044.4			1.0202779854133657
5045.3			1.0
5046.2			1.034995470120953
5047.1			1.0190652825394466
5048.0			0.9540608238807965
5048.9			0.9030446894441954
5049.8			0.8969793109017832
5050.7			0.8835684291237702
5051.6			0.8654422541074845
5052.5			0.9122160925567219
5053.4			0.9788149944054262
5054.3			0.9990762490861895
5055.2			1.003485189480544
5056.1			1.00421403041917
5057.0			0.9989599475611998
5057.9			1.0
5058.8			1.0
5059.7			1.0
5060.6			1.0
5061.5			1.0
5062.4			1.0177506675053083
5063.3			0.9651861852755994
5064.2			0.8689522193618608
5065.1			0.8578901399150233
5066.0			0.9541980278745311
5066.9			1.0152502081010115
5067.8			1.0008005330676133
5068.7			1.0
5069.6			1.0
5070.5			1.0
5071.4			1.0
5072.3			1.0
5073.2			1.0178539815043164
5074.1			1.0482344010930673
5075.0			1.0417202659249918
5075.9			1.0384144906084563
5076.8			1.043333852252326
5077.7			1.001818746428154
5078.6			0.8874286568126316
5079.5			0.7960976967731825
5080.4			0.8271661592514422
5081.3			0.9167373055322362
5082.2			0.937772389468058
5083.1			0.9076779389258868
5084.0			0.9302344378038477
5084.9			0.9842091810797072
5085.8			0.9994703729734528
5086.7			1.0
5087.6			1.0
5088.5			1.0
5089.4			1.0
5090.3			1.0
5091.2			1.0
5092.1			1.0
5093.0			1.0
5093.9			1.0
5094.8			0.9950491978599546
5095.7			0.9840129239771
5096.6			0.961331549487805
5097.5			1.0
5098.4			0.9561835495892094
5099.3			0.9586026148488909
5100.2			1.0188923738922882
5101.1			1.0691551935600148
5102.0			1.0603261362601257
5102.9			1.0416421044781017
5103.8			1.0405435093968725
5104.7			1.0336690774205015
5105.6			1.017295119457341
5106.5			0.9756713433283156
5107.4			0.944374204355674
5108.3			0.9674210996462387
5109.2			0.963700905635232
5110.1			0.9331037436725073
5111.0			0.9775792474430787
5111.9			1.0
5112.8			0.9932157435835678
5113.7			0.9854147059307157
5114.6			1.0092200021028077
5115.5			1.0442604341536146
5116.4			1.0640816322316184
5117.3			1.0718742174048017
5118.2			1.0743028032941446
5119.1			1.0463586006003778
5120.0			1.0128657590144157
5120.9			0.9926134797726099
5121.8			0.9529253115063167
5122.7			0.8851995071251325
5123.6			1.0
5124.5			1.044520730345593
5125.4			1.102135847899141
5126.3			1.0933026096552108
5127.2			1.0301709837926323
5128.1			1.0008453030333546
5129.0			1.0234225840322633
5129.9			1.0505768151773227
5130.8			1.0683799702966355
5131.7			1.0856577209150597
5132.6			1.0982984694545819
5133.5			1.0926056391265984
5134.4			1.1142050340879337
5135.3			1.1289006855207617
5136.2			1.0746789596992463
5137.1			1.0055639513067258
5138.0			0.9725634300452483
5138.9			0.947117078014236
5139.8			0.9700273406468638
5140.7			1.0113642681336683
5141.6			0.9468789532566037
5142.5			0.8707708050465403
5143.4			0.919002622307441
5144.3			0.9838077051703282
5145.2			0.9688041877797666
5146.1			0.9338391561315672
5147.0			0.920585915818861
5147.9			1.0
5148.8			1.0485955586761682
5149.7			1.0360607539536697
5150.6			0.9482831175292032
5151.5			0.8867879318550231
5152.4			0.9004616503391009
5153.3			0.9590284197896887
5154.2			1.0044868736910608
5155.1			0.9698750427767011
5156.0			0.9870649865382829
5156.9			1.0
5157.8			1.0127547154717114
5158.7			1.0073908098853983
5159.6			1.0137295063546081
5160.5			1.0231978570838849
5161.4			0.9974491908763914
5162.3			0.9736091741971331
5163.2			0.9825293552219937
5164.1			0.9719503059738598
5165.0			0.8950702951951713
5165.9			0.7771014886680172
5166.8			0.6897808103061513
5167.7			0.6740010948819272
5168.6			0.7375275560242197
5169.5			0.8457197048268
5170.4			0.8915543391355267
5171.3			0.8188085246052216
5172.2			0.7196061098666949
5173.1			0.7249528083521896
5174.0			0.8363164226063835
5174.9			0.9333245124041712
5175.8			0.9558185132777868
5176.7			0.9732753208033524
5177.6			0.9995899978728715
5178.5			1.0
5179.4			1.0
5180.3			0.9920285026906276
5181.2			0.9793258322885575
5182.1			0.9092679232894203
5183.0			0.7862445502854097
5183.9			0.7596051342937459
5184.8			0.8745475430866027
5185.7			0.9824427577725403
5186.6			1.0
5187.5			0.9852743336587555
5188.4			0.9553899131816379
5189.3			0.9875446395058246
5190.2			1.0162351734197446
5191.1			0.9361067527531021
5192.0			0.8344890586964437
5192.9			0.8337693328763115
5193.8			0.8965262185194719
5194.7			0.9174685226367701
5195.6			0.9292222361040728
5196.5			0.9819517856156401
5197.4			1.0
5198.3			0.9853912082729306
5199.2			0.987495528720366
5200.1			1.0005391396519616
5201.0			0.9941698406228299
5201.9			0.9733849650021201
5202.8			0.9654173639196213
5203.7			0.9238064529173414
5204.6			0.8454298506755985
5205.5			0.8205385981661648
5206.4			0.8595185870627389
5207.3			0.8736275231994789
5208.2			0.8441738553430504
5209.1			0.8394881837590744
5210.0			0.8555241512833012
5210.9			0.8858410774325334
5211.8			0.9485677690399928
5212.7			1.0
5213.6			1.0152761137558357
5214.5			0.9837294502599899
5215.4			0.9267919276883723
5216.3			0.8982431298282465
5217.2			0.9257907389929754
5218.1			0.9792286516397274
5219.0			0.9991092839248007
5219.9			1.0
5220.8			1.0
5221.7			1.0131882994615706
5222.6			0.9956484495145288
5223.5			0.9460177859166826
5224.4			0.875115136072505
5225.3			0.8003328339049453
5226.2			0.7483962217669262
5227.1			0.7788354231177013
5228.0			0.8879890799066444
5228.9			0.9591595230940382
5229.8			0.9709549198239175
5230.7			0.9996140063060001
5231.6			1.0
5232.5			1.0
5233.4			1.0
5234.3			1.0
5235.2			1.0
5236.1			1.0
5237.0			1.0
5237.9			1.0
5238.8			1.0
5239.7			1.0
5240.6			1.0246135989146203
5241.5			1.0236130574323223
5242.4			1.003795479381383
5243.3			1.0122216119545302
5244.2			1.0385526376144458
5245.1			1.0396061419676639
5246.0			0.9534857666960714
5246.9			0.8459377992872853
5247.8			0.8528521223261766
5248.7			0.9017503607463028
5249.6			0.8654946836768702
5250.5			0.8148737573844481
5251.4			0.8463577909277283
5252.3			0.9091007450845641
5253.2			0.943147875145971
5254.1			0.9206107360119292
5255.0			0.8898430612216883
5255.9			0.9389138310508344
5256.8			1.0198073658406313
5257.7			1.0
5258.6			0.9983847022593514
5259.5			0.984894701937958
5260.4			0.9548423457812728
5261.3			0.9013945895874936
5262.2			0.8410007515667265
5263.1			0.7989123407995598
5264.0			0.7802972885664835
5264.9			0.7653980471827068
5265.8			0.7707590711455576
5266.7			0.845330594177416
5267.6			0.9103493057622998
5268.5			0.8371341153844676
5269.4			0.7096625610700248
5270.3			0.7268313418418895
5271.2			0.8701725445514703
5272.1			0.9479152498944732
5273.0			0.9294040860691958
5273.9			0.9134282501959244
5274.8			0.9147816323375474
5275.7			0.9152001558869047
5276.6			0.9594037881629691
5277.5			1.0
5278.4			1.0176610755592224
5279.3			0.9996064529034757
5280.2			0.9698278397531587
5281.1			0.9339962909669347
5282.0			0.894469083172414
5282.9			0.8626264871756734
5283.8			0.8679049044227682
5284.7			0.9260771180126564
5285.6			0.9941992293301937
5286.5			1.019192217854035
5287.4			0.9998357588332382
5288.3			1.0
5289.2			1.0
5290.1			1.0125652142133132
5291.0			1.0162618205779173
5291.9			1.0000366522513768
5292.8			0.981694106178597
5293.7			0.9907299844634333
5294.6			0.9957284708203872
5295.5			0.9446472168744082
5296.4			0.8569101727686944
5297.3			0.7955170270150971
5298.2			0.8080205581083681
5299.1			0.8702901967454453
5300.0			0.8962740858497564
5300.9			0.8753464601653022
5301.8			0.8752692267127051
5302.7			0.9113387399065952
5303.6			0.9636925109935203
5304.5			1.00155167639542
5305.4			1.0
5306.3			1.0
5307.2			1.0
5308.1			1.0
5309.0			1.0
5309.9			1.0
5310.8			1.0
5311.7			1.0
5312.6			1.0
5313.5			1.0
5314.4			1.0
5315.3			1.0
5316.2			1.0
5317.1			1.0
5318.0			1.0
5318.9			1.0
5319.8			1.0
5320.7			1.0
5321.6			1.0
5322.5			1.0
5323.4			1.0
5324.3			0.9883062626220906
5325.2			1.0194471125917128
5326.1			1.024899970417147
5327.0			0.9123573264303431
5327.9			0.7592356130883869
5328.8			0.7580812650128872
5329.7			0.8939098256664071
5330.6			0.9944548674596151
5331.5			1.0009434955327727
5332.4			1.0
5333.3			1.0
5334.2			1.0
5335.1			1.0
5336.0			1.0
5336.9			1.0
5337.8			1.0187177084797248
5338.7			1.0069504808167082
5339.6			0.9303695033965603
5340.5			0.8632020500768415
5341.4			0.8891525042588261
5342.3			0.9652911111235984
5343.2			0.9995573469432075
5344.1			1.0
5345.0			1.0
5345.9			1.0
5346.8			1.0
5347.7			1.0
5348.6			1.0
5349.5			1.0
5350.4			1.0
5351.3			1.0
5352.2			1.0
5353.1			1.0
5354.0			1.0
5354.9			1.0
5355.8			1.0
5356.7			1.0
5357.6			1.0
5358.5			1.0
5359.4			1.0
5360.3			1.0
5361.2			1.0
5362.1			1.0
5363.0			1.0084889425007564
5363.9			1.0081946501953023
5364.8			0.9833002744778708
5365.7			0.9739121397750725
5366.6			0.9819067035703761
5367.5			0.9850817349613251
5368.4			0.9740451892386056
5369.3			0.9276474197782212
5370.2			0.8678779990589359
5371.1			0.8326168635467381
5372.0			0.8716805600115094
5372.9			0.9704954501893431
5373.8			1.0318616640617257
5374.7			1.0333856924625924
5375.6			1.0267832423184646
5376.5			1.021142862407962
5377.4			1.0153795632637983
5378.3			1.0101772183142668
5379.2			0.9998066428714996
5380.1			1.0
5381.0			1.0
5381.9			1.0
5382.8			1.0
5383.7			1.0
5384.6			1.0
5385.5			1.0
5386.4			1.0
5387.3			1.0
5388.2			1.0
5389.1			1.0
5390.0			1.0
5390.9			1.0038863887927758
5391.8			1.0026255574780225
5392.7			0.976475050026795
5393.6			0.9547366057638971
5394.5			0.955429315988162
5395.4			0.9486339921746543
5396.3			0.8924102768659666
5397.2			0.8735861779263352
5398.1			0.958137517039117
5399.0			1.0400628399370282
5399.9			1.0493406403841186
5400.8			1.042486799623801
5401.7			1.0557517109658494
5402.6			1.0457248873482168
5403.5			0.9990552175171435
5404.4			1.0
5405.3			1.0
5406.2			1.0
5407.1			1.0
5408.0			1.0
5408.9			1.0
5409.8			1.0
5410.7			1.0
5411.6			1.0
5412.5			1.0
5413.4			1.0
5414.3			1.0
5415.2			1.0
5416.1			1.0
5417.0			1.0
5417.9			1.0
5418.8			1.0
5419.7			1.0
5420.6			1.0014082256181116
5421.5			1.0251173767556003
5422.4			1.0227357614841153
5423.3			0.9905404598403073
5424.2			0.9651101657834655
5425.1			0.9712040959570661
5426.0			0.9779257351259342
5426.9			0.9996876002011064
5427.8			0.9991796645565452
5428.7			0.9198770672739232
5429.6			0.8706720243573532
5430.5			0.9169969780363375
5431.4			0.9478982357021978
5432.3			0.9168370772379728
5433.2			0.8830148357787081
5434.1			0.8610707048680941
5435.0			0.8655351542360735
5435.9			0.8851965275038789
5436.8			0.9243302658770415
5437.7			0.971809973632326
5438.6			0.9977893054952447
5439.5			1.0
5440.4			1.0
5441.3			1.0
5442.2			1.0
5443.1			1.0
5444.0			0.9843831146684209
5444.9			0.9365888115166515
5445.8			0.8517299694318982
5446.7			0.8117670761521185
5447.6			0.8783351962472866
5448.5			0.961827718777314
5449.4			1.0003599616633432
5450.3			1.0
5451.2			1.0
5452.1			1.0
5453.0			0.9883557208881206
5453.9			0.9405267414406128
5454.8			0.8762657167179365
5455.7			0.858203938683084
5456.6			0.9337707777832668
5457.5			0.9957591910722654
5458.4			1.0010534016563495
5459.3			1.0
5460.2			1.0
5461.1			1.0
5462.0			1.0
5462.9			1.0
5463.8			1.0
5464.7			1.0
5465.6			1.0
5466.5			1.0
5467.4			1.0
5468.3			1.0090693095259884
5469.2			0.9905991062122287
5470.1			0.9599562076499406
5471.0			0.9535414432883977
5471.9			0.9550691927207992
5472.8			0.9430438174999455
5473.7			0.93256521352328
5474.6			0.9403586404060391
5475.5			0.9042736943144578
5476.4			0.8488774734991981
5477.3			0.876625376359111
5478.2			0.9632754984371947
5479.1			0.9988499077490525
5480.0			0.9657553457681636
5480.9			0.9219044500943984
5481.8			0.9152636964702145
5482.7			0.9290213847779689
5483.6			0.9570809191236789
5484.5			0.9997156589294593
5485.4			1.0
5486.3			1.0
5487.2			1.0
5488.1			1.0
5489.0			1.0
5489.9			1.0
5490.8			1.0
5491.7			1.0
5492.6			1.0
5493.5			1.0
5494.4			1.0117130381493866
5495.3			1.0064805040163105
5496.2			0.9667569029109724
5497.1			0.915225681208019
5498.0			0.938780752354543
5498.9			1.0080588372320058
5499.8			0.9978998679539898
5500.7			1.0
5501.6			1.0
5502.5			1.0
5503.4			1.0241081858231535
5504.3			1.0224862750548167
5505.2			0.9741230055078001
5506.1			0.9097898847859349
5507.0			0.9192681381833709
5507.9			0.9867590552332572
5508.8			1.000317515340682
5509.7			1.0
5510.6			1.0
5511.5			1.0
5512.4			1.0
5513.3			1.0
5514.2			1.0
5515.1			1.0
5516.0			1.0
5516.9			1.0
5517.8			1.0
5518.7			1.0
5519.6			1.0
5520.5			1.0
5521.4			1.0
5522.3			1.0
5523.2			1.00660666488486
5524.1			1.0097324260885798
5525.0			0.983743153782294
5525.9			0.9567436714643088
5526.8			0.9363832794852613
5527.7			0.9420996220422011
5528.6			0.9964876650438714
5529.5			1.0044021399202938
5530.4			0.9998627587994461
5531.3			1.0
5532.2			1.0
5533.1			1.0
5534.0			1.0
5534.9			1.0
5535.8			1.0
5536.7			1.0
5537.6			1.0
5538.5			1.0
5539.4			1.0
5540.3			1.0
5541.2			1.0
5542.1			1.0
5543.0			1.0
5543.9			1.0
5544.8			1.0
5545.7			1.0
5546.6			1.0
5547.5			1.0
5548.4			1.0
5549.3			1.0
5550.200000000001			1.0
5551.1			1.0
5552.0			1.0
5552.9			1.0
5553.8			1.0
5554.700000000001			1.0
5555.6			1.0
5556.5			1.0
5557.4			1.0
5558.3			1.0
5559.200000000001			1.0
5560.1			1.0
5561.0			1.0
5561.9			1.0
5562.8			1.0
5563.700000000001			1.0
5564.6			1.0
5565.5			1.0
5566.4			1.0
5567.3			1.0
5568.200000000001			1.0
5569.1			1.0
5570.0			1.0
5570.9			1.0
5571.8			1.0
5572.700000000001			1.0
5573.6			1.0
5574.5			1.0
5575.4			1.0
5576.3			1.0
5577.200000000001			1.0
5578.1			0.9887226443388688
5579.0			0.9912514443967279
5579.9			0.9993325313626323
5580.8			1.0014658709534334
5581.700000000001			0.9905487293770727
5582.6			0.9912588932072031
5583.5			0.9932271324135904
5584.4			0.992125097703845
5585.3			0.9746933536498138
5586.200000000001			0.9111674535388654
5587.1			0.8626110510292972
5588.0			0.8775923635133288
5588.9			0.9004248352852834
5589.8			0.9135471170142881
5590.700000000001			0.933431802261752
5591.6			0.9360931259259305
5592.5			0.9311047303702124
5593.4			0.9195503213547249
5594.3			0.9214672344541954
5595.200000000001			1.0
5596.1			1.0278217300552162
5597.0			0.9940464184375624
5597.9			0.9512637162701428
5598.8			0.9517140815862591
5599.700000000001			0.9668488681524562
5600.6			0.9580556141436605
5601.5			0.9210747541938227
5602.4			0.8993228984889609
5603.3			0.9352135748010117
5604.200000000001			0.9836615792466207
5605.1			1.0046439904490558
5606.0			1.0110285299830934
5606.9			1.0131381913374988
5607.8			1.0074322295879767
5608.700000000001			1.0
5609.6			0.9912294140342364
5610.5			0.9911650952377348
5611.4			1.0135492798869288
5612.3			1.0209196918369794
5613.200000000001			0.9984126049146569
5614.1			0.9420379044360588
5615.0			0.8761707847630974
5615.9			0.8882992800868967
5616.8			0.9573293715056591
5617.700000000001			0.9740596212586211
5618.6			0.9772264692085324
5619.5			1.0009653731504158
5620.4			1.0010773726529534
5621.3			1.0
5622.200000000001			1.017214764690435
5623.1			0.9949092051016177
5624.0			0.9586472422819593
5624.9			0.943671177386039
5625.8			0.9880761588541851
5626.700000000001			1.0192157587653021
5627.6			0.9978745208133133
5628.5			1.0
5629.4			1.0
5630.3			1.018794599961523
5631.200000000001			1.020544470496777
5632.1			1.008995755297646
5633.0			0.997626780953022
5633.9			1.001099391115868
5634.8			0.9863098248912922
5635.700000000001			0.9659766978384438
5636.6			0.9581579151406675
5637.5			0.9464237957417134
5638.4			0.946790877798841
5639.3			0.9390123122471821
5640.200000000001			0.9189872429616978
5641.1			0.9166603094510986
5642.0			0.9419574864158715
5642.9			0.9634043929562164
5643.8			0.9594761774913445
5644.700000000001			0.9579971029272484
5645.6			0.9624227186909616
5646.5			0.9799138849682751
5647.4			0.989289852424255
5648.3			0.982522975233401
5649.200000000001			0.9734262350581694
5650.1			0.97550204990384
5651.0			0.9941884907817007
5651.9			1.0003872136832341
5652.8			1.0
5653.700000000001			1.0
5654.6			0.9884062904781457
5655.5			0.9903378267135441
5656.4			0.9873343446882696
5657.3			0.9279854975609411
5658.200000000001			0.8720584046246588
5659.1			0.9187054397263913
5660.0			1.0099343585998655
5660.9			1.0378226287021992
5661.8			0.9967584882650542
5662.700000000001			1.0
5663.6			1.0
5664.5			1.0
5665.4			1.0
5666.3			1.0
5667.200000000001			1.0
5668.1			1.0
5669.0			1.0
5669.9			1.0
5670.8			1.0
5671.700000000001			1.0
5672.6			1.0
5673.5			1.0
5674.4			1.0
5675.3			1.0
5676.200000000001			1.0
5677.1			1.0
5678.0			1.0
5678.9			1.0
5679.8			1.0
5680.700000000001			1.0
5681.6			1.0
5682.5			1.0
5683.4			1.0
5684.3			1.0
5685.200000000001			1.0
5686.1			1.0
5687.0			1.0
5687.9			1.0
5688.8			1.0
5689.700000000001			1.0
5690.6			1.0
5691.5			1.0190729525309403
5692.4			1.029040956581711
5693.3			1.0133794991237428
5694.200000000001			0.9940043107865953
5695.1			1.0032992706581272
5696.0			1.0143221190896037
5696.9			0.9887952589420904
5697.8			0.9614912841116151
5698.700000000001			0.9725952141763818
5699.6			0.9749092381873027
5700.5			0.9543103382969813
5701.4			0.9493431277429237
5702.3			0.9690898162229369
5703.200000000001			0.9980976887267636
5704.1			1.0018581567759355
5705.0			0.9906666834442077
5705.9			0.9918864771356237
5706.8			0.9877252702202749
5707.700000000001			0.9663492555071014
5708.6			0.9316649892359347
5709.5			0.9158521378959078
5710.4			0.9248823814996823
5711.3			0.9233818529495705
5712.200000000001			0.9454877754407051
5713.1			0.9998461425915156
5714.0			1.0148579680703709
5714.9			1.0173431859805655
5715.8			1.0433618686473374
5716.700000000001			1.0522341184764905
5717.6			1.0456215666241757
5718.5			1.0547587326935972
5719.4			1.0698664226333798
5720.3			1.0
5721.200000000001			0.9826023638501933
5722.1			0.9837565317810042
5723.0			0.991881729368548
5723.9			1.0031505597547614
5724.8			1.0088814060119498
5725.700000000001			0.9813622594481898
5726.6			0.9343958611289928
5727.5			0.9192427754491488
5728.4			0.9441217216965962
5729.3			0.957886041808908
5730.200000000001			0.9482451572302681
5731.1			0.9432077057030727
5732.0			0.9609430942189858
5732.9			0.9933904810664277
5733.8			0.999140025217455
5734.700000000001			1.0
5735.6			1.0
5736.5			1.0
5737.4			1.0
5738.3			1.0
5739.200000000001			1.0
5740.1			1.0
5741.0			1.0
5741.9			1.0
5742.8			1.0
5743.700000000001			1.0
5744.6			1.0
5745.5			1.0
5746.4			1.0
5747.3			1.0
5748.200000000001			1.0
5749.1			1.0184481625833328
5750.0			1.027249044612069
5750.9			1.0099521597440326
5751.8			0.9806900369884111
5752.700000000001			0.9677136326578728
5753.6			0.958490443230442
5754.5			0.9463195949927701
5755.4			0.9698642414395106
5756.3			1.0125109287005523
5757.200000000001			1.0201846887047084
5758.1			1.0065198450405382
5759.0			1.0001604989995299
5759.9			0.9973731854048516
5760.8			1.0
5761.700000000001			1.0
5762.6			0.983636585343109
5763.5			1.0065650071565388
5764.4			1.0251866800934957
5765.3			1.041871443454385
5766.200000000001			1.0581641647368634
5767.1			1.0539908084976843
5768.0			1.048336592331381
5768.9			1.036006333302844
5769.8			1.0315512052528697
5770.700000000001			1.0513797991432785
5771.6			1.0602011645474485
5772.5			1.0486181492910722
5773.4			1.036023292891043
5774.3			1.0206166719437173
5775.200000000001			1.01980616218695
5776.1			1.0142500094899534
5777.0			1.00519354868456
5777.9			1.0149819035433663
5778.8			1.0117495217202361
5779.700000000001			0.988033081773427
5780.6			0.9559745516482258
5781.5			0.9388850210708085
5782.4			0.9611991310604101
5783.3			0.9780189968365279
5784.200000000001			0.9746990227972325
5785.1			0.9760322427766656
5786.0			0.9799133033344348
5786.9			0.9907793129940825
5787.8			0.9936633293032687
5788.700000000001			0.9946771851379567
5789.6			0.9882248101849433
5790.5			0.9670885849902676
5791.4			0.9625587199739373
5792.3			0.9813950618226387
5793.200000000001			0.9977412404820329
5794.1			1.0025511251891068
5795.0			0.9958361810183768
5795.9			0.9771585804394602
5796.8			0.9602930040951473
5797.700000000001			0.9559163132486405
5798.6			0.9728519615808892
5799.5			0.9962117264807645
5800.4			0.9989774971543824
5801.3			1.0
5802.200000000001			1.0
5803.1			1.0
5804.0			1.0
5804.9			1.0
5805.8			1.0
5806.700000000001			1.0
5807.6			1.0
5808.5			1.0
5809.4			1.0
5810.3			1.0
5811.200000000001			1.0
5812.1			1.0
5813.0			1.0
5813.9			1.0
5814.8			1.0
5815.700000000001			1.0
5816.6			1.0
5817.5			1.0
5818.4			1.0
5819.3			1.0
5820.200000000001			1.0
5821.1			1.0
5822.0			1.0
5822.9			1.0
5823.8			1.0
5824.700000000001			1.0
5825.6			1.0
5826.5			1.0
5827.4			1.0
5828.3			1.0
5829.200000000001			1.0
5830.1			1.0
5831.0			1.0
5831.9			1.0
5832.8			1.0
5833.700000000001			1.0
5834.6			1.0
5835.5			1.0
5836.4			1.0
5837.3			1.0
5838.200000000001			1.0
5839.1			1.0
5840.0			1.0
5840.9			1.0
5841.8			1.0
5842.700000000001			0.993115000534171
5843.6			0.9912330853852988
5844.5			0.9761375261319214
5845.4			0.9678280451741584
5846.3			0.9797824693997247
5847.200000000001			0.9878996957162556
5848.1			0.9792842127095458
5849.0			0.971766243916399
5849.9			0.9694652574138719
5850.8			0.9657344695247018
5851.700000000001			0.9575623732644024
5852.6			0.926211862432943
5853.5			0.9042082003706122
5854.4			0.9380987273579985
5855.3			0.9783448316498173
5856.200000000001			0.9619117712669397
5857.1			0.9332924687758569
5858.0			0.9362068143364017
5858.9			0.9645607431432809
5859.8			0.9911772774955832
5860.700000000001			0.9977755119592435
5861.6			1.0058028683935778
5862.5			1.0123511106397591
5863.4			1.0020172082977359
5864.3			0.9996844786898902
5865.200000000001			1.0
5866.1			1.0
5867.0			1.0
5867.9			1.0
5868.8			1.0
5869.700000000001			1.0
5870.6			1.0
5871.5			1.0
5872.4			1.0
5873.3			1.0
5874.200000000001			1.0
5875.1			1.0
5876.0			1.0
5876.9			0.9982187533594586
5877.8			0.9864589293837055
5878.700000000001			0.9773336013781675
5879.6			0.9698393814587335
5880.5			0.9662431741532255
5881.4			0.9646322141652937
5882.3			0.9781607095488064
5883.200000000001			0.980788159564539
5884.1			0.9744769156102671
5885.0			0.9833179010819024
5885.9			0.9857893534467319
5886.8			0.9775918903681777
5887.700000000001			0.9503911937775679
5888.6			0.8635308030934845
5889.5			0.7533487641845205
5890.4			0.7635157217973302
5891.3			0.861911685498616
5892.200000000001			0.8876517726562289
5893.1			0.8517995311145138
5894.0			0.8329767344217515
5894.9			0.7951398530182083
5895.8			0.7737168998534966
5896.700000000001			0.8511942263972
5897.6			0.9314718079655426
5898.5			0.9337508900241251
5899.4			0.9128493824071523
5900.3			0.9231895996125629
5901.200000000001			0.9656632662985467
5902.1			1.000103456238955
5903.0			1.0
5903.9			1.0
5904.8			1.0
5905.700000000001			1.0
5906.6			1.0
5907.5			1.0
5908.4			1.0
5909.3			1.0
5910.200000000001			1.0
5911.1			1.0
5912.0			1.0
5912.9			1.0
5913.8			1.0
5914.700000000001			1.0
5915.6			1.0
5916.5			1.0
5917.4			1.0
5918.3			1.0
5919.200000000001			1.0
5920.1			1.0
5921.0			1.0
5921.9			1.0
5922.8			1.0
5923.700000000001			1.0
5924.6			1.0
5925.5			1.0
5926.4			1.0
5927.3			1.0
5928.200000000001			1.0
5929.1			1.0
5930.0			1.0
5930.9			1.0
5931.8			1.0
5932.700000000001			1.0
5933.6			1.0
5934.5			1.0
5935.4			1.0
5936.3			1.0
5937.200000000001			1.0
5938.1			1.0043996204254106
5939.0			0.9960355808635947
5939.9			0.9660436766258077
5940.8			0.9357962924220822
5941.700000000001			0.9307391300881748
5942.6			0.9503843254826044
5943.5			0.9796234062513264
5944.4			0.99203777728239
5945.3			0.9996919120362872
5946.200000000001			1.0
5947.1			1.0
5948.0			1.0
5948.9			1.0
5949.8			1.0
5950.700000000001			1.0
5951.6			1.0
5952.5			1.0
5953.4			1.0
5954.3			1.0
5955.200000000001			1.0
5956.1			1.0
5957.0			1.0
5957.9			1.0
5958.8			1.0
5959.700000000001			1.0
5960.6			1.0
5961.5			1.0
5962.4			1.0
5963.3			1.0
5964.200000000001			1.0
5965.1			1.0
5966.0			1.0
5966.9			1.0
5967.8			1.0
5968.700000000001			1.0
5969.6			1.0
5970.5			1.0
5971.4			1.0
5972.3			1.011941749158828
5973.200000000001			1.012097804937743
5974.1			1.0022098865266067
5975.0			0.9842902088929232
5975.9			0.9715245103286015
5976.8			0.9678479698547391
5977.700000000001			0.9733552673880952
5978.6			0.9874780171685349
5979.5			1.0038648056358535
5980.4			1.0012236802877734
5981.3			0.9832126775772392
5982.200000000001			0.9725558383118862
5983.1			0.9699293216651942
5984.0			0.9570061215936081
5984.9			0.9441313280591324
5985.8			0.9515087001645264
5986.700000000001			0.9592945966296046
5987.6			0.963246331083032
5988.5			0.979637727329968
5989.4			0.9970296635558297
5990.3			0.9892689051273988
5991.200000000001			0.9677699188530503
5992.1			0.9807566255078065
5993.0			1.0156901138740813
5993.9			1.020134841908615
5994.8			1.0082631966425122
5995.700000000001			1.0068094465313981
5996.6			1.0036899105886983
5997.5			1.0000285039619081
5998.4			1.0
5999.3			1.0
6000.200000000001			1.0
6001.1			1.0
6002.0			1.0
6002.9			1.0
6003.8			1.0
6004.700000000001			1.0
6005.6			1.0
6006.5			1.0
6007.4			1.0
6008.3			1.0
6009.200000000001			1.0
6010.1			1.0
6011.0			1.0
6011.9			1.0
6012.8			1.0
6013.700000000001			1.0
6014.6			1.0
6015.5			1.0
6016.4			1.0
6017.3			1.0
6018.200000000001			1.0
6019.1			1.0
6020.0			1.0
6020.9			1.0
6021.8			1.0
6022.700000000001			1.0
6023.6			1.0
6024.5			1.0
6025.4			1.0
6026.3			1.0
6027.200000000001			1.0
6028.1			1.0
6029.0			1.0
6029.9			1.0
6030.8			1.0
6031.700000000001			1.0
6032.6			1.0
6033.5			1.0
6034.4			1.0
6035.3			1.0
6036.200000000001			1.0
6037.1			1.0
6038.0			1.0
6038.9			1.0
6039.8			1.0
6040.700000000001			1.0
6041.6			1.0
6042.5			1.0
6043.4			1.0
6044.3			1.0
6045.200000000001			1.0
6046.1			1.0
6047.0			1.0
6047.9			1.0
6048.8			1.0
6049.700000000001			1.0
6050.6			1.0
6051.5			1.0
6052.4			1.0
6053.3			1.0
6054.200000000001			1.0
6055.1			1.0
6056.0			1.0
6056.9			1.0
6057.8			1.0
6058.700000000001			1.0
6059.6			1.0
6060.5			1.013535710228974
6061.4			1.0186323706465439
6062.3			0.9950696808962324
6063.200000000001			0.9672269302993255
6064.1			0.9444921825444363
6065.0			0.9284342683266227
6065.9			0.9407933048142267
6066.8			0.9700047680547819
6067.700000000001			0.9975733703307383
6068.6			1.0120397133213286
6069.5			1.0004841328314815
6070.4			1.0
6071.3			1.0
6072.200000000001			1.0
6073.1			1.0
6074.0			1.0
6074.9			1.0
6075.8			1.0
6076.700000000001			1.0
6077.6			1.0
6078.5			1.0
6079.4			1.0
6080.3			1.0
6081.200000000001			1.0
6082.1			1.0
6083.0			1.0
6083.9			1.0
6084.8			1.0
6085.700000000001			1.0
6086.6			1.0
6087.5			1.0
6088.4			1.0
6089.3			1.0
6090.200000000001			1.0
6091.1			1.0
6092.0			1.0
6092.9			1.0
6093.8			1.0
6094.700000000001			1.0
6095.6			1.0
6096.5			1.0
6097.4			1.0
6098.3			1.0
6099.200000000001			1.0
6100.1			1.0162274151775887
6101.0			1.0087790450855973
6101.9			0.9485783098604627
6102.8			0.9276447251678629
6103.700000000001			0.9754884384756223
6104.6			1.0070926354607919
6105.5			0.9996495279390945
6106.4			1.0
6107.3			1.0
6108.200000000001			1.0
6109.1			1.0
6110.0			1.0
6110.9			1.0
6111.8			1.0
6112.700000000001			1.0
6113.6			1.0180163271489073
6114.5			1.0032213608359282
6115.4			0.9816948882764188
6116.3			0.9800174028747918
6117.200000000001			0.9873089874679765
6118.1			0.9935000276017354
6119.0			0.9810001439223573
6119.9			0.9584660477892186
6120.8			0.9494996889019839
6121.700000000001			0.937406878017908
6122.6			0.9511038303179876
6123.5			1.0048380079850674
6124.4			1.0346037313885914
6125.3			1.0101896539667168
6126.200000000001			0.985509718981138
6127.1			0.9858026224702966
6128.0			0.988406925113709
6128.9			0.990909863506914
6129.8			1.0000921545047743
6130.700000000001			1.0
6131.6			1.0
6132.5			0.9999993125363545
6133.4			0.9925216978956463
6134.3			0.9866063125168424
6135.200000000001			0.9464966594401338
6136.1			0.8783726361231324
6137.0			0.8462469116809237
6137.9			0.9024201942216096
6138.8			0.9954039643335462
6139.700000000001			1.0484845678750945
6140.6			1.0383906481180012
6141.5			1.0063078628535937
6142.4			1.0
6143.3			1.0
6144.200000000001			1.0
6145.1			1.0
6146.0			1.0
6146.9			1.0
6147.8			1.0
6148.700000000001			1.0
6149.6			1.0
6150.5			1.0
6151.4			1.0
6152.3			1.0
6153.200000000001			1.0
6154.1			1.0
6155.0			1.0
6155.9			1.0
6156.8			1.0
6157.700000000001			0.9886906582971637
6158.6			1.002431603573439
6159.5			1.0187010240486598
6160.4			0.983875178977396
6161.3			0.9144972538533108
6162.200000000001			0.877429757116066
6163.1			0.9006189155223798
6164.0			0.9490057641343631
6164.9			0.9847260846262463
6165.8			0.9943239284709777
6166.700000000001			1.0009785578982209
6167.6			1.0
6168.5			1.0
6169.4			1.0
6170.3			1.0
6171.200000000001			1.0
6172.1			1.0
6173.0			1.0
6173.9			1.0
6174.8			1.0
6175.700000000001			1.0
6176.6			1.0
6177.5			1.0
6178.4			1.0
6179.3			1.0
6180.200000000001			1.0
6181.1			1.0
6182.0			1.0
6182.9			1.0
6183.8			1.0
6184.700000000001			1.0
6185.6			1.0
6186.5			1.0
6187.4			1.0006334787930489
6188.3			1.0023548690121418
6189.200000000001			0.995717498595058
6190.1			0.9436583357751995
6191.0			0.8765441692555228
6191.9			0.8778586146440613
6192.8			0.9356996337956001
6193.700000000001			0.983006205691771
6194.6			0.9965050534779332
6195.5			1.0
6196.4			0.9947262490126041
6197.3			1.0037131238497268
6198.200000000001			0.9780208451340465
6199.1			0.9308273286847716
6200.0			0.9200056490764539
6200.9			0.9387245984603788
6201.8			0.9628800335352974
6202.700000000001			0.9920225513357274
6203.6			1.0006629458278835
6204.5			1.0
6205.4			1.0
6206.3			1.0
6207.200000000001			1.0
6208.1			1.0
6209.0			1.0019298073665912
6209.9			0.9864169874865368
6210.8			0.9810641040794603
6211.700000000001			0.9843370012432774
6212.6			0.9667829827586785
6213.5			0.94466540414086
6214.4			0.951240713774121
6215.3			0.959424590166978
6216.200000000001			0.9687899996251264
6217.1			0.9953152957481173
6218.0			1.0115304538352046
6218.9			0.9923292136018663
6219.8			0.977377077556435
6220.700000000001			1.0025548709887986
6221.6			1.0488164314027821
6222.5			1.0746370246370185
6223.4			1.0589603305704123
6224.3			1.0574887254402083
6225.200000000001			1.0
6226.1			1.0123707731925677
6227.0			1.0006699845138367
6227.9			0.9956461421454526
6228.8			0.982971193693203
6229.700000000001			0.9210385032218595
6230.6			0.8694558824427089
6231.5			0.8812579000210907
6232.4			0.9188553145034081
6233.3			1.0
6234.200000000001			1.0349848660219871
6235.1			1.064409294788426
6236.0			1.0592768162452093
6236.9			1.048145333529288
6237.8			1.0468035997699165
6238.700000000001			1.032794195472428
6239.6			1.0066816652241428
6240.5			0.9907621894386365
6241.4			0.9926588283363783
6242.3			0.978310215854261
6243.200000000001			0.9694297753086996
6244.1			1.0026929712714903
6245.0			1.0240248126708655
6245.9			1.0
6246.8			1.0015918910843165
6247.700000000001			1.0321177997075188
6248.6			1.0487057271133013
6249.5			1.0635205362846796
6250.4			1.0705531674679605
6251.3			1.0256048029121716
6252.200000000001			0.9651927143260497
6253.1			0.9399120691668432
6254.0			0.9502299395946412
6254.9			0.9714324473217455
6255.8			0.9733607347039077
6256.700000000001			0.9446292293687638
6257.6			0.9124471046854244
6258.5			0.9245346387045573
6259.4			0.9802632250598419
6260.3			1.0159017957244127
6261.200000000001			1.0128374466035002
6262.1			1.020366470983847
6263.0			1.036605137450864
6263.9			1.0175312268581087
6264.8			0.9826522064876132
6265.700000000001			0.9939719403798983
6266.6			1.0294042231747287
6267.5			1.0307194437029448
6268.4			1.0000145035069037
6269.3			1.0
6270.200000000001			1.0
6271.1			1.0
6272.0			1.0
6272.9			1.0
6273.8			1.0
6274.700000000001			0.9903167438556234
6275.6			0.9962468996080567
6276.5			1.0094143694450095
6277.4			1.0124074127430118
6278.3			1.00062629304132
6279.200000000001			0.9696704309492284
6280.1			0.9265118432973858
6281.0			0.9026689621798321
6281.9			0.9194656906632874
6282.8			0.944860452934913
6283.700000000001			0.9523474137256245
6284.6			0.948392936848524
6285.5			0.9537527968437154
6286.4			0.9774481543374559
6287.3			0.9965736652405277
6288.200000000001			1.0
6289.1			1.0
6290.0			0.9834980389800698
6290.9			0.9711673254213807
6291.8			0.9606075783580581
6292.700000000001			0.9440560553278169
6293.6			0.9459792871505438
6294.5			0.9713331869668
6295.4			0.9741419405697322
6296.3			0.9426493699492097
6297.200000000001			0.9120938556040021
6298.1			0.9293980853781783
6299.0			0.9905595967649106
6299.9			1.007571888353336
6300.8			0.9603172042987226
6301.700000000001			0.9323606733170714
6302.6			1.0
6303.5			1.0285471131453503
6304.4			1.0384656096739546
6305.3			1.0377566850098792
6306.200000000001			1.047687471921142
6307.1			1.0670930463483157
6308.0			1.0798505965659149
6308.9			1.0675720414278849
6309.8			1.0460749623341399
6310.700000000001			1.0280004186140266
6311.6			1.03044453470553
6312.5			1.0439716850781902
6313.4			1.0312447627758459
6314.3			0.9941158208250793
6315.200000000001			0.9843087237281274
6316.1			1.014005153820148
6317.0			1.014899203980261
6317.9			0.9862600988666621
6318.8			0.9949335174348843
6319.700000000001			1.0258192659817613
6320.6			1.0269887175115782
6321.5			1.0133484329741773
6322.4			1.0022901022796824
6323.3			1.0035513597127999
6324.200000000001			1.0
6325.1			1.0029013980394341
6326.0			0.994709273620723
6326.9			0.9824761388792765
6327.8			0.9829352598751966
6328.700000000001			0.9921750561989777
6329.6			0.9935671255569579
6330.5			0.981706673125137
6331.4			0.988138539446074
6332.3			1.0141294002216443
6333.200000000001			1.014316338417635
6334.1			0.9796391300178207
6335.0			0.9218945864441769
6335.9			0.8956395007289927
6336.8			0.9140769579663535
6337.700000000001			0.947175798097121
6338.6			0.9720204960797704
6339.5			0.9689683961474124
6340.4			0.9714670904695731
6341.3			0.9782444330276384
6342.200000000001			0.9713823293157465
6343.1			0.9589630062579336
6344.0			0.9531571793891899
6344.9			0.9699012945663966
6345.8			0.9943803875633521
6346.700000000001			1.0007102191269581
6347.6			1.0
6348.5			1.0
6349.4			1.0
6350.3			1.0
6351.200000000001			0.9954627910600037
6352.1			1.0024257627705289
6353.0			1.0134134124643808
6353.9			0.994529178968241
6354.8			0.9563838139151303
6355.700000000001			0.9466185283405769
6356.6			0.9690671340813822
6357.5			0.96494274519217
6358.4			0.9258624426830688
6359.3			0.9304281522267244
6360.200000000001			0.9752593340060384
6361.1			0.9927368737530963
6362.0			0.985460636882007
6362.9			0.9724936211022088
6363.8			0.9586083943565642
6364.700000000001			0.9683610991928617
6365.6			0.9987681204182258
6366.5			1.0
6367.4			1.0
6368.3			1.0
6369.200000000001			1.0
6370.1			1.0
6371.0			1.0
6371.9			1.0
6372.8			1.0
6373.700000000001			1.0
6374.6			1.0
6375.5			1.0
6376.4			1.0
6377.3			1.0
6378.200000000001			1.0
6379.1			1.0
6380.0			1.0
6380.9			1.0
6381.8			1.0
6382.700000000001			1.0
6383.6			1.0
6384.5			1.0
6385.4			1.0
6386.3			1.0
6387.200000000001			1.0
6388.1			1.0
6389.0			1.0
6389.9			1.0
6390.8			1.0
6391.700000000001			1.0
6392.6			1.0
6393.5			1.0
6394.4			1.0
6395.3			1.0
6396.200000000001			1.0112274980798976
6397.1			1.0032635285537932
6398.0			0.990373356494123
6398.9			0.9367272370045938
6399.8			0.8778562496580085
6400.700000000001			0.8869337378067224
6401.6			0.9415716271632371
6402.5			0.9854617586781564
6403.4			1.0005139570785893
6404.3			1.0
6405.200000000001			1.0
6406.1			1.0
6407.0			1.0
6407.9			1.0
6408.8			1.0
6409.700000000001			1.0
6410.6			1.0
6411.5			1.0
6412.4			1.0
6413.3			1.0
6414.200000000001			1.0
6415.1			1.0
6416.0			1.0
6416.9			1.0
6417.8			1.0
6418.700000000001			1.011338762460161
6419.6			0.9982937824507551
6420.5			0.9490938860530352
6421.4			0.9187593508382417
6422.3			0.9645219960072244
6423.200000000001			1.012931334805594
6424.1			1.0000439567472896
6425.0			1.0
6425.9			1.0
6426.8			1.0
6427.700000000001			1.0
6428.6			1.0
6429.5			1.0
6430.4			1.0
6431.3			1.0
6432.200000000001			1.0
6433.1			1.0
6434.0			1.0
6434.9			0.991625500522533
6435.8			0.9900622068169105
6436.700000000001			0.9798149474463853
6437.6			0.9491247545051448
6438.5			0.9146084266137493
6439.4			0.9178870073693449
6440.3			0.9625470779361877
6441.200000000001			0.9999499774645375
6442.1			0.9959029374496439
6443.0			1.0
6443.9			1.0
6444.8			1.0
6445.700000000001			1.0
6446.6			0.987222284905778
6447.5			0.9875044765802662
6448.4			0.9689972813641442
6449.3			0.9023480512811207
6450.200000000001			0.8749245186913254
6451.1			0.9372633942424603
6452.0			1.0013705589691424
6452.9			1.0164516111911002
6453.8			1.0020493154168948
6454.700000000001			1.0
6455.6			1.0
6456.5			1.0
6457.4			1.0
6458.3			1.0
6459.200000000001			1.0019114345811824
6460.1			1.005156218483974
6461.0			0.979236471149324
6461.9			0.9089659622913171
6462.8			0.8793740374301263
6463.700000000001			0.9131598814701358
6464.6			0.949579941609154
6465.5			0.9796780451431784
6466.4			1.0009344982327177
6467.3			1.0
6468.200000000001			1.0
6469.1			1.0
6470.0			1.0
6470.9			1.0
6471.8			1.0
6472.700000000001			1.0
6473.6			1.0
6474.5			1.0
6475.4			1.0
6476.3			1.0
6477.200000000001			1.0
6478.1			1.0
6479.0			1.0
6479.9			0.9966782716836063
6480.8			0.9681297863176969
6481.700000000001			0.9200971519758262
6482.6			0.9153965748074714
6483.5			0.948815942409523
6484.4			0.9813403524105889
6485.3			0.9993487896640921
6486.200000000001			1.0
6487.1			0.9887616903482538
6488.0			0.9870213231896441
6488.9			0.9856126439735405
6489.8			0.9791331726080373
6490.700000000001			0.9692405329001631
6491.6			0.9713383655831634
6492.5			0.9620034879191047
6493.4			0.9146030506761685
6494.3			0.8642465672807709
6495.200000000001			0.8591673173335905
6496.1			0.8666124116979234
6497.0			0.8726153765859789
6497.9			0.8797673032850291
6498.8			0.8817585171637037
6499.700000000001			0.9052449950773398
6500.6			0.9597456894049646
6501.5			0.9867800900625205
6502.4			0.9900268208942629
6503.3			0.9996774518640134
6504.200000000001			1.0
6505.1			1.0
6506.0			1.0
6506.9			1.0
6507.8			1.0
6508.700000000001			1.0
6509.6			1.0
6510.5			1.0
6511.4			1.0
6512.3			1.0
6513.200000000001			1.0
6514.1			1.0
6515.0			1.0
6515.9			1.0
6516.8			1.0
6517.700000000001			1.0
6518.6			1.0
6519.5			1.0
6520.4			1.0
6521.3			1.0
6522.200000000001			1.0
6523.1			1.0
6524.0			1.0
6524.9			1.0
6525.8			1.0
6526.700000000001			1.0
6527.6			1.0
6528.5			1.0
6529.4			1.0
6530.3			1.0
6531.200000000001			1.0
6532.1			1.0
6533.0			1.0
6533.9			1.0
6534.8			1.0
6535.700000000001			1.0
6536.6			1.0
6537.5			1.0
6538.4			1.0
6539.3			1.0
6540.200000000001			1.0
6541.1			1.0
6542.0			1.0
6542.9			1.0
6543.8			1.0
6544.700000000001			1.0
6545.6			1.0
6546.5			1.0
6547.4			1.0
6548.3			1.0
6549.200000000001			1.0
6550.1			1.0
6551.0			1.0
6551.9			1.0
6552.8			1.0
6553.700000000001			1.0
6554.6			1.0
6555.5			1.0
6556.4			1.0
6557.3			1.0
6558.200000000001			1.0
6559.1			1.0
6560.0			1.0048989825172014
6560.9			0.9522563522094233
6561.8			0.7916928591955421
6562.700000000001			0.6718910991037744
6563.6			0.781242094141343
6564.5			0.9564163170697797
6565.4			1.001560749409663
6566.3			1.0
6567.200000000001			1.0
6568.1			0.9853921473087252
6569.0			0.9725912108775824
6569.9			0.9732517613743372
6570.8			0.9785720315140765
6571.700000000001			0.9587310822030449
6572.6			0.9209194050047264
6573.5			0.9055981481682053
6574.4			0.9048575805791684
6575.3			0.9135149213310836
6576.200000000001			0.9496669270387098
6577.1			0.9964309869912947
6578.0			1.0126440709354048
6578.9			0.9982113938377626
6579.8			1.0
6580.700000000001			1.0
6581.6			1.0
6582.5			1.0
6583.4			1.0
6584.3			1.0
6585.200000000001			1.0
6586.1			1.0
6587.0			1.0
6587.9			1.0
6588.8			1.0156267426818828
6589.700000000001			1.0240191939977454
6590.6			1.022020434404092
6591.5			0.986041956048257
6592.4			0.9196067289419029
6593.3			0.8877689947733793
6594.200000000001			0.9274263312846343
6595.1			0.9822771637457952
6596.0			1.001231806853615
6596.9			1.0027204412863084
6597.8			1.000408068166215
6598.700000000001			1.0
6599.6			1.0
6600.5			1.0236794287685493
6601.4			1.0324185144151314
6602.3			1.012371392039156
6603.200000000001			0.9895873962888349
6604.1			0.9810042421311772
6605.0			0.9799075693885645
6605.9			0.9811594901126885
6606.8			0.9749227354959236
6607.700000000001			0.9453620166917737
6608.6			0.9183859523085746
6609.5			0.9217495828354576
6610.4			0.9482731100237815
6611.3			0.9855341987230202
6612.200000000001			1.0066254790280682
6613.1			0.9884409544278838
6614.0			0.9616400206210709
6614.9			0.9730643972175536
6615.8			0.9984053522266195
6616.700000000001			0.9993555728596085
6617.6			1.0
6618.5			1.0
6619.4			1.0
6620.3			1.0
6621.200000000001			1.0
6622.1			1.0
6623.0			1.0
6623.9			1.0
6624.8			1.0
6625.700000000001			1.0
6626.6			1.0
6627.5			1.0
6628.4			1.0
6629.3			1.0
6630.200000000001			1.0
6631.1			1.0
6632.0			1.0
6632.9			1.0
6633.8			1.0
6634.700000000001			1.0
6635.6			1.0
6636.5			1.0
6637.4			1.0
6638.3			1.0
6639.200000000001			1.0
6640.1			1.0042979477447158
6641.0			1.00935300749649
6641.9			1.0070237446246886
6642.8			0.9812562990971518
6643.700000000001			0.9483553762849527
6644.6			0.9612558739007656
6645.5			1.0015499245074067
6646.4			1.008936292787078
6647.3			0.9996454633998604
6648.200000000001			1.0
6649.1			1.0
6650.0			1.0
6650.9			1.0
6651.8			1.0
6652.700000000001			1.0
6653.6			1.0
6654.5			1.0
6655.4			1.0
6656.3			1.0
6657.200000000001			1.0
6658.1			1.0
6659.0			1.0
6659.9			1.0
6660.8			1.006583802580351
6661.700000000001			0.991781141382879
6662.6			0.9517231783918602
6663.5			0.9227658819558923
6664.4			0.949441387376741
6665.3			0.9863669171206481
6666.200000000001			1.0002081337425537
6667.1			1.0
6668.0			1.0
6668.9			1.0
6669.8			1.0
6670.700000000001			1.0
6671.6			1.0
6672.5			1.0
6673.4			1.0
6674.3			1.0
6675.200000000001			0.9980976004130144
6676.1			1.000146262137467
6677.0			0.9673608522632162
6677.9			0.9153638531101164
6678.8			0.9232028328750059
6679.700000000001			0.9766749003668908
6680.6			0.998652241135891
6681.5			1.0
6682.4			1.0
6683.3			1.0
6684.200000000001			1.0
6685.1			1.0
6686.0			1.0
6686.9			1.0
6687.8			1.0
6688.700000000001			1.0
6689.6			1.0
6690.5			1.0
6691.4			1.0
6692.3			1.0
6693.200000000001			1.0
6694.1			1.0
6695.0			1.0
6695.9			1.0
6696.8			1.0
6697.700000000001			1.0
6698.6			1.0
6699.5			1.0
6700.4			1.0
6701.3			1.0
6702.200000000001			1.0
6703.1			1.0
6704.0			1.0
6704.9			1.0
6705.8			1.0
6706.700000000001			1.0
6707.6			1.0
6708.5			1.0
6709.4			1.0
6710.3			1.0
6711.200000000001			1.0
6712.1			1.0
6713.0			1.0
6713.9			1.0
6714.8			1.0
6715.700000000001			1.0
6716.6			1.0
6717.5			1.0
6718.4			1.0
6719.3			1.0
6720.200000000001			1.0
6721.1			1.0
6722.0			1.0
6722.9			1.0
6723.8			1.0
6724.700000000001			1.0
6725.6			1.0
6726.5			1.0
6727.4			1.0
6728.3			1.0
6729.200000000001			1.0
6730.1			1.0
6731.0			1.0
6731.9			1.0
6732.8			1.0
6733.700000000001			1.0
6734.6			1.0
6735.5			1.0
6736.4			1.0
6737.3			1.0
6738.200000000001			1.0
6739.1			1.0
6740.0			1.0
6740.9			1.0
6741.8			1.0
6742.700000000001			1.0
6743.6			1.0
6744.5			1.0
6745.4			1.0
6746.3			1.0
6747.200000000001			1.0
6748.1			1.0
6749.0			1.0
6749.9			1.0
6750.8			1.0
6751.700000000001			1.0
6752.6			1.0
6753.5			1.0
6754.4			1.0
6755.3			1.0
6756.200000000001			1.0
6757.1			1.0
6758.0			1.0
6758.9			0.9927496826569002
6759.8			1.0025632057248086
6760.700000000001			0.9921772473014484
6761.6			0.9827506017851125
6762.5			0.9727974665867836
6763.4			0.9770980702754546
6764.3			0.9895777403215265
6765.200000000001			0.9831109030515123
6766.1			0.9687973270488351
6767.0			0.9276467235232693
6767.9			0.9089924168233968
6768.8			0.9573197602513687
6769.700000000001			0.9677296992402724
6770.6			0.9569226278228716
6771.5			0.957595250252064
6772.4			0.9637805731534835
6773.3			0.9700637275442229
6774.200000000001			0.9629103916738373
6775.1			0.9766848696855751
6776.0			0.9963270540654868
6776.9			1.0000182245563602
6777.8			1.0
6778.700000000001			1.0
6779.6			1.0
6780.5			1.0
6781.4			1.0
6782.3			1.0
6783.200000000001			1.0
6784.1			1.0
6785.0			1.0
6785.9			1.0
6786.8			1.0
6787.700000000001			1.0
6788.6			1.0
6789.5			1.0
6790.4			1.0
6791.3			1.0
6792.200000000001			1.0
6793.1			1.0
6794.0			1.0
6794.9			1.0
6795.8			1.0
6796.700000000001			1.0
6797.6			1.0
6798.5			1.0
6799.4			1.0
6800.3			1.0
6801.200000000001			1.0
6802.1			1.0
6803.0			1.0
6803.9			1.0
6804.8			1.0
6805.700000000001			1.0
6806.6			1.0
6807.5			1.0
6808.4			1.0
6809.3			1.0
6810.200000000001			1.0
6811.1			1.0
6812.0			1.0
6812.9			1.0
6813.8			1.0
6814.700000000001			1.0
6815.6			1.0
6816.5			1.0
6817.4			1.0
6818.3			1.0
6819.200000000001			1.0
6820.1			1.0
6821.0			1.0
6821.9			1.0
6822.8			1.0
6823.700000000001			1.0
6824.6			1.0
6825.5			1.0
6826.4			1.0
6827.3			1.0
6828.200000000001			1.0
6829.1			1.0
6830.0			1.0
6830.9			1.0
6831.8			1.0
6832.700000000001			1.0174999956996509
6833.6			1.0346614756928671
6834.5			1.0195394484881861
6835.4			1.008413637440256
6836.3			1.0069403714569782
6837.200000000001			0.9984874651230171
6838.1			0.9910161798243106
6839.0			0.9779479513136369
6839.9			0.9510998927586787
6840.8			0.9362618710652518
6841.700000000001			0.9553652707391863
6842.6			0.9700108542041833
6843.5			0.9740646363840099
6844.4			0.9882553427919836
6845.3			0.9984391468247164
6846.200000000001			0.9857643383395671
6847.1			0.9868336303932013
6848.0			0.9974587730229156
6848.9			0.9992338553005834
6849.8			1.0
6850.700000000001			1.0
6851.6			1.0
6852.5			1.0
6853.4			1.0
6854.3			1.0
6855.200000000001			1.0
6856.1			1.0
6857.0			1.0
6857.9			1.0
6858.8			1.0
6859.700000000001			1.0
6860.6			1.0
6861.5			1.0
6862.4			1.0
6863.3			1.0
6864.200000000001			1.0
6865.1			1.0
6866.0			1.0
6866.9			1.0
6867.8			1.0
6868.700000000001			1.0
6869.6			1.0
6870.5			1.0
6871.4			1.0
6872.3			1.0
6873.200000000001			1.0
6874.1			1.0
6875.0			1.0
6875.9			1.0
6876.8			1.0
6877.700000000001			1.0
6878.6			1.0
6879.5			1.0
6880.4			1.0
6881.3			1.0
6882.200000000001			1.0
6883.1			1.0
6884.0			1.0
6884.9			1.0
6885.8			1.0
6886.700000000001			1.0
6887.6			1.0
6888.5			1.0
6889.4			1.0
6890.3			1.0
6891.200000000001			1.0
6892.1			1.0
6893.0			1.0
6893.9			1.0
6894.8			1.0
6895.700000000001			1.0
6896.6			1.0
6897.5			1.0
6898.4			1.0
6899.3			1.0
6900.200000000001			1.0
6901.1			1.0
6902.0			1.0
6902.9			1.0
6903.8			1.0
6904.700000000001			1.0
6905.6			1.0
6906.5			1.0
6907.4			1.026760488169313
6908.3			1.0349816558214888
6909.200000000001			1.0198260712431086
6910.1			0.9790822025712186
6911.0			0.9543958295784739
6911.9			0.9586825954124251
6912.8			0.9679240574254963
6913.700000000001			0.9504934046289155
6914.6			0.93062731485602
6915.5			0.9453974557703457
6916.4			0.9668986169736248
6917.3			0.9831493660295852
6918.200000000001			0.9966935696795183
6919.1			1.002346128928492
6920.0			1.0027102956874172
6920.9			1.0010256796090422
6921.8			1.0000098314144543
6922.700000000001			1.0
6923.6			1.0
6924.5			1.0
6925.4			1.0
6926.3			1.0
6927.200000000001			1.0
6928.1			1.0
6929.0			1.0
6929.9			1.0
6930.8			1.0
6931.700000000001			1.0
6932.6			1.0
6933.5			1.0
6934.4			1.0
6935.3			1.0
6936.200000000001			1.0
6937.1			1.0
6938.0			1.0
6938.9			1.0044650546277305
6939.8			1.0040596427644477
6940.700000000001			1.0057102045158768
6941.6			1.0146614402437657
6942.5			1.017494887604534
6943.4			1.0033066748755977
6944.3			0.964178986892215
6945.200000000001			0.9365987869922171
6946.1			0.9555698949505117
6947.0			0.987063188788582
6947.9			0.9909338060501481
6948.8			0.9929323554314295
6949.700000000001			0.9984361840898288
6950.6			1.0029878012756699
6951.5			1.000104062007662
6952.4			1.0
6953.3			1.0
6954.200000000001			1.0
6955.1			1.0
6956.0			1.0
6956.9			1.0
6957.8			1.0
6958.700000000001			1.0
6959.6			1.0
6960.5			1.0
6961.4			1.0
6962.3			1.0
6963.200000000001			1.0
6964.1			1.0
6965.0			1.0
6965.9			1.0
6966.8			1.0
6967.700000000001			1.0
6968.6			1.0
6969.5			1.0
6970.4			1.0
6971.3			1.0
6972.200000000001			1.0
6973.1			1.0
6974.0			0.9921724553977135
6974.9			0.9824347282289526
6975.8			0.9701927219172125
6976.700000000001			0.9693073379977323
6977.6			0.9518315982227948
6978.5			0.9070348236138103
6979.4			0.9000491349061054
6980.3			0.9370048512188753
6981.200000000001			0.9703068360245849
6982.1			0.9878779905749381
6983.0			0.9977453553388155
6983.9			1.0019716285684095
6984.8			1.0010474494506718
6985.700000000001			1.0
6986.6			1.0
6987.5			1.0
6988.4			1.0
6989.3			1.0
6990.200000000001			1.0
6991.1			1.0
6992.0			1.0
6992.9			1.0
6993.8			1.0
6994.700000000001			1.0
6995.6			1.0
6996.5			1.0
6997.4			1.0
6998.3			1.0
6999.200000000001			1.0
7000.1			1.0
7001.0			1.0
7001.9			1.0
7002.8			1.0
7003.700000000001			1.0
7004.6			1.0
7005.5			1.0
7006.4			1.0
7007.3			1.0
7008.200000000001			1.0
7009.1			0.997940901311137
7010.0			1.0143352515638893
7010.9			1.0168457484220095
7011.8			0.9953531516771283
7012.700000000001			0.9950508504616234
7013.6			0.9921320742466517
7014.5			0.9781061286133278
7015.4			0.9592640847542044
7016.3			0.9245515896278992
7017.200000000001			0.9334080966621254
7018.1			1.0011362166586442
7019.0			1.032625890757929
7019.9			1.0324598303769157
7020.8			1.0283772631473993
7021.700000000001			1.0225076836802967
7022.6			1.019770229785604
7023.5			1.0007242116406658
7024.4			1.0
7025.3			1.0
7026.200000000001			1.0
7027.1			1.0
7028.0			1.0
7028.9			1.0
7029.8			1.0
7030.700000000001			1.0
7031.6			1.0
7032.5			1.0
7033.4			1.0
7034.3			1.0
7035.200000000001			1.0
7036.1			0.9964553559858025
7037.0			0.9776013636467001
7037.9			0.940296075859255
7038.8			0.9191771290478385
7039.700000000001			0.940883646161461
7040.6			0.9919719054495529
7041.5			0.9999212641962522
7042.4			1.0
7043.3			0.9935507701914463
7044.200000000001			0.9777078983919232
7045.1			0.9676444857503351
7046.0			0.9877719479488649
7046.9			0.9985366297396733
7047.8			0.9864707155663465
7048.700000000001			0.9730060691128041
7049.6			0.974831738326255
7050.5			0.9724655033589058
7051.4			0.9547214735391247
7052.3			0.9210967337729927
7053.200000000001			0.9272077640934671
7054.1			0.9539771522227469
7055.0			0.9827687144807298
7055.9			0.9871690680976
7056.8			1.0057584501929455
7057.700000000001			1.0135822606619482
7058.6			1.008394378506261
7059.5			0.9953931600988637
7060.4			0.9960687302883032
7061.3			1.0015478304736074
7062.200000000001			1.0
7063.1			1.0
7064.0			1.0
7064.9			1.0
7065.8			1.0
7066.700000000001			1.0
7067.6			1.0
7068.5			1.0
7069.4			1.0
7070.3			1.0
7071.200000000001			1.0
7072.1			1.0
7073.0			1.0
7073.9			1.0
7074.8			1.0
7075.700000000001			1.0
7076.6			1.0
7077.5			1.0
7078.4			1.0
7079.3			1.0
7080.200000000001			0.9926384258973214
7081.1			0.9898452832984889
7082.0			0.9904654916461253
7082.9			0.9797883421642609
7083.8			0.9563719753167805
7084.700000000001			0.9115765837059273
7085.6			0.9234995035088022
7086.5			0.9673115883088731
7087.4			1.0008038123254115
7088.3			1.0111585568319603
7089.200000000001			1.0004881471817357
7090.1			1.0
7091.0			1.0
7091.9			1.0
7092.8			1.0
7093.700000000001			1.0
7094.6			1.0
7095.5			1.0
7096.4			1.0
7097.3			1.0
7098.200000000001			1.0
7099.1			1.0
7100.0			1.0
7100.9			0.9854457211484459
7101.8			0.9781892602385963
7102.700000000001			0.9701804167333595
7103.6			0.9591910638632644
7104.5			0.972751264587614
7105.4			0.983298699705594
7106.3			0.980698233204257
7107.200000000001			0.9678949454851892
7108.1			0.9672111097336613
7109.0			0.9883951992045179
7109.9			0.9781813616269901
7110.8			0.9521059108993088
7111.700000000001			0.9409081179258189
7112.6			0.9494858628745872
7113.5			0.969544317883388
7114.4			0.9638519444663577
7115.3			0.9571484919315688
7116.200000000001			0.9685173095724786
7117.1			0.9532821620031757
7118.0			0.9477980675845281
7118.9			0.9514382642741903
7119.8			0.9522253031192057
7120.700000000001			0.9252321420209794
7121.6			0.9185221182571677
7122.5			0.9108768176014486
7123.4			0.9324940939680473
7124.3			0.95923908262295
7125.200000000001			0.959340897244625
7126.1			0.9517691425313826
7127.0			0.9604094383801026
7127.9			0.9588113175827189
7128.8			0.9514815216679672
7129.700000000001			0.9330746465254373
7130.6			0.9173317817679254
7131.5			0.916524834703634
7132.4			0.939822338397474
7133.3			0.9588892657872402
7134.200000000001			0.9617639641016442
7135.1			0.9482743555459556
7136.0			0.9416247202420143
7136.9			0.9500632972154207
7137.8			0.9617897637636966
7138.700000000001			0.9572083401123646
7139.6			0.9512952292012572
7140.5			0.9490468520479041
7141.4			0.9672114629801607
7142.3			0.9737171941785059
7143.200000000001			0.9755322681217947
7144.1			0.974132583312068
7145.0			0.9629229167992033
7145.9			0.9602323894730366
7146.8			0.9430304182328603
7147.700000000001			0.9025095316957422
7148.6			0.8925820170921469
7149.5			0.9295220892345611
7150.4			0.9447095755791557
7151.3			0.9462168144174957
7152.200000000001			0.9652958285328085
7153.1			0.9848213785338562
7154.0			0.9819991239834446
7154.9			0.9547281611658589
7155.8			1.0
7156.700000000001			1.0056539236189996
7157.6			1.0228958113518654
7158.5			1.0536836677194663
7159.4			1.0433936622727291
7160.3			1.0134866815594852
7161.200000000001			1.0111786745292881
7162.1			1.0249122315758303
7163.0			1.0177259350850918
7163.9			0.9722337447215174
7164.8			0.93044805514085
7165.700000000001			0.9475568833546107
7166.6			0.9811555072963422
7167.5			0.9842987073094908
7168.4			0.9788324142615075
7169.3			0.9716861211985637
7170.200000000001			0.9611500145099946
7171.1			0.9749092501444813
7172.0			0.9963484019960652
7172.9			0.9996169309863407
7173.8			0.9890036000415365
7174.700000000001			0.9829065431554598
7175.6			1.0
7176.5			0.9939784944776355
7177.4			1.015049324479291
7178.3			1.0138602497221298
7179.200000000001			0.9908577384731003
7180.1			0.9623178994137205
7181.0			0.9479108410518563
7181.9			0.949859144673285
7182.8			0.962402691092266
7183.700000000001			0.9884155634992055
7184.6			1.0207863818152452
7185.5			1.0332975124348134
7186.4			1.0107964428723029
7187.3			0.9581091390675358
7188.200000000001			0.9457054869885845
7189.1			0.9437300425755337
7190.0			0.9653416000315251
7190.9			1.012881876827563
7191.8			1.021379631238215
7192.700000000001			1.006790406555801
7193.6			1.017285867839966
7194.5			1.051921701865569
7195.4			1.0645399579467711
7196.3			1.0238734820140816
7197.200000000001			0.9841361439721098
7198.1			0.9977279227321859
7199.0			1.0299681325756673
7199.9			1.0347336292732903
7200.8			1.009745810066161
7201.700000000001			0.9794003745187253
7202.6			0.9724436676840076
7203.5			0.9973047842592896
7204.4			1.0167177723487868
7205.3			1.018238648019115
7206.200000000001			0.9759120400285263
7207.1			0.937886452651026
7208.0			0.9582964818926937
7208.9			0.9678888464682387
7209.8			0.9724809953883043
7210.700000000001			1.0017341072732373
7211.6			1.0228976367106022
7212.5			1.014431199006234
7213.4			0.9984645301074839
7214.3			0.9804347429735989
7215.200000000001			0.9791022705913234
7216.1			0.9746755453786116
7217.0			0.976182295753661
7217.9			0.9952461136177188
7218.8			1.0078829504294353
7219.700000000001			1.0094082930613695
7220.6			1.0109690653181018
7221.5			1.0074733628555612
7222.4			0.9961432208481809
7223.3			0.9961884506054248
7224.200000000001			1.0092963231923038
7225.1			1.0228025817721693
7226.0			1.0261283463719086
7226.9			1.0280876824728613
7227.8			1.012070606429708
7228.700000000001			0.9895917006026997
7229.6			0.9907871464945242
7230.5			1.0151785181241533
7231.4			1.0364422063869267
7232.3			1.0412697621244746
7233.200000000001			1.0287513231175651
7234.1			1.0232797995343443
7235.0			1.0143461569717598
7235.9			1.0001740260612413
7236.8			0.9961803608053964
7237.700000000001			1.000018798292116
7238.6			1.0
7239.5			1.0
7240.4			1.0
7241.3			1.0
7242.200000000001			1.0
7243.1			1.0
7244.0			1.0
7244.9			1.0
7245.8			1.0
7246.700000000001			1.0
7247.6			1.0
7248.5			1.0
7249.4			1.0
7250.3			1.0
7251.200000000001			1.0
7252.1			1.0
7253.0			1.0
7253.9			1.0133761583543293
7254.8			1.0089091035164004
7255.700000000001			1.017366202176056
7256.6			1.0285494903112198
7257.5			1.0157736549028262
7258.4			0.9970162244657235
7259.3			1.0012563892544482
7260.200000000001			0.9938789045505101
7261.1			0.9540932956263853
7262.0			0.932106607333079
7262.9			0.9387741568735964
7263.8			0.9489864760281501
7264.700000000001			0.969906889457558
7265.6			0.988751230551353
7266.5			0.9845678201474594
7267.4			0.9855536975369807
7268.3			1.002564795242043
7269.200000000001			1.008802178705438
7270.1			0.9999877277827769
7271.0			1.0
7271.9			1.0
7272.8			1.0
7273.700000000001			1.0
7274.6			1.0
7275.5			1.0
7276.4			1.0
7277.3			1.0
7278.200000000001			1.0
7279.1			1.0
7280.0			1.0
7280.9			1.0
7281.8			1.0
7282.700000000001			1.0
7283.6			1.0
7284.5			1.0
7285.4			1.0
7286.3			1.0
7287.200000000001			1.0
7288.1			1.0
7289.0			1.0
7289.9			1.0
7290.8			1.0
7291.700000000001			1.0
7292.6			1.0
7293.5			1.0
7294.4			1.0
7295.3			1.0
7296.200000000001			1.0
7297.1			1.0
7298.0			1.0
7298.9			1.0
7299.8			1.0
7300.700000000001			1.0
7301.6			1.0
7302.5			1.0
7303.4			1.0
7304.3			1.0001287771822747
7305.200000000001			0.9850819466003251
7306.1			0.9799975716462118
7307.0			0.970248676949503
7307.9			0.9395947337165234
7308.8			0.9251509659829691
7309.700000000001			0.9419850483415636
7310.6			0.9480862287692321
7311.5			0.9376799815184725
7312.4			0.9469067984799215
7313.3			0.9732340776562439
7314.200000000001			0.994099119934112
7315.1			0.9777186558989271
7316.0			0.9453595966235947
7316.9			0.9459260038193589
7317.8			0.9525923505877542
7318.700000000001			0.939416924907114
7319.6			0.9276342018411483
7320.5			0.9485013854374567
7321.4			0.9796478914948944
7322.3			0.9795996525072753
7323.200000000001			0.9526867664945815
7324.1			0.9301079765113394
7325.0			0.9264979627919416
7325.9			0.9209759091449453
7326.8			0.9195912691983334
7327.700000000001			0.9318520232845569
7328.6			0.9482159200799652
7329.5			0.968680620627802
7330.4			0.9848748581281648
7331.3			0.9847344463124383
7332.200000000001			0.9633093915116349
7333.1			0.956628539566273
7334.0			0.9692067020345708
7334.9			0.9665642731976
7335.8			0.9702023259078171
7336.700000000001			0.9889283687402743
7337.6			1.0005799835255786
7338.5			1.0022716803655227
7339.4			0.9930061251258873
7340.3			0.9861346814688605
7341.200000000001			0.9934370373149661
7342.1			1.0037496703357676
7343.0			0.9975484856234611
7343.9			0.9587315891721554
7344.8			0.9412831944084383
7345.700000000001			0.9716571318975941
7346.6			0.9896653580776392
7347.5			1.0022526950835373
7348.4			1.0142787800160524
7349.3			1.0
7350.200000000001			0.975825010874198
7351.1			0.9694241037348061
7352.0			0.9857796732927184
7352.9			0.997481396730875
7353.8			0.9855393199537548
7354.700000000001			0.9633631959103817
7355.6			0.9472680589526041
7356.5			0.9506154696099193
7357.4			0.9600381087549822
7358.3			0.9793305256828688
7359.200000000001			1.0146341831983279
7360.1			1.0241800512200308
7361.0			0.9997556965973454
7361.9			1.0
7362.8			1.0
7363.700000000001			1.0
7364.6			1.0
7365.5			1.0
7366.4			1.0
7367.3			1.0
7368.200000000001			1.0
7369.1			1.0
7370.0			1.0
7370.9			1.0
7371.8			1.0
7372.700000000001			1.0
7373.6			1.0
7374.5			1.0
7375.4			1.0
7376.3			1.0
7377.200000000001			1.0
7378.1			1.0
7379.0			1.0
7379.9			1.0
7380.8			1.0
7381.700000000001			1.0
7382.6			1.0
7383.5			1.0
7384.4			1.0
7385.3			1.0
7386.200000000001			1.0
7387.1			1.0
7388.0			1.0
7388.9			1.0
7389.8			1.0
7390.700000000001			1.0
7391.6			1.0
7392.5			1.0
7393.4			1.0
7394.3			1.0
7395.200000000001			1.0
7396.1			1.0
7397.0			1.0
7397.9			1.0
7398.8			1.0
7399.700000000001			1.0
7400.6			1.0
7401.5			1.0
7402.4			1.0
7403.3			1.0
7404.200000000001			1.0
7405.1			1.0
7406.0			1.0
7406.9			1.0
7407.8			1.0
7408.700000000001			1.0
7409.6			1.0
7410.5			1.0
7411.4			1.0
7412.3			1.0
7413.200000000001			1.0
7414.1			1.0
7415.0			1.0
7415.9			1.0
7416.8			1.0
7417.700000000001			1.0
7418.6			1.0
7419.5			1.0
7420.4			1.0
7421.3			1.0
7422.200000000001			1.0
7423.1			1.0
7424.0			1.0
7424.9			1.0
7425.8			1.0
7426.700000000001			1.0
7427.6			1.0
7428.5			1.0
7429.4			1.0
