3500.0			1.0
3500.9			1.0
3501.8			1.0
3502.7			1.0
3503.6			1.0
3504.5			1.0
3505.4			1.0
3506.3			1.0
3507.2			1.0
3508.1			1.0
3509.0			1.0
3509.9			1.0
3510.8			1.0
3511.7			1.0
3512.6			1.0
3513.5			1.0
3514.4			1.0
3515.3			1.0
3516.2			1.0
3517.1			1.0
3518.0			1.0
3518.9			1.0
3519.8			1.0
3520.7			1.0
3521.6			1.0
3522.5			1.0
3523.4			1.0
3524.3			1.0
3525.2			1.0
3526.1			1.0
3527.0			1.0
3527.9			1.0
3528.8			1.0
3529.7			1.0
3530.6			1.0
3531.5			1.0
3532.4			1.0
3533.3			1.0
3534.2			1.0
3535.1			1.0
3536.0			1.0
3536.9			1.0
3537.8			1.0
3538.7			1.0
3539.6			1.0
3540.5			1.0
3541.4			1.0
3542.3			1.0
3543.2			1.0
3544.1			1.0
3545.0			1.0
3545.9			1.0
3546.8			1.0
3547.7			1.0
3548.6			1.0
3549.5			1.0
3550.4			1.0
3551.3			1.0
3552.2			1.0
3553.1			1.0
3554.0			1.0
3554.9			1.0
3555.8			1.0
3556.7			1.0
3557.6			1.0
3558.5			1.0
3559.4			1.0
3560.3			1.0
3561.2			1.0
3562.1			1.0
3563.0			1.0
3563.9			1.0
3564.8			1.0
3565.7			1.0
3566.6			1.0
3567.5			1.0
3568.4			1.0
3569.3			1.0
3570.2			1.0
3571.1			1.0
3572.0			1.0
3572.9			1.0
3573.8			1.0
3574.7			1.0
3575.6			1.0
3576.5			1.0
3577.4			1.0
3578.3			1.0
3579.2			1.0
3580.1			1.0
3581.0			1.0
3581.9			1.0
3582.8			1.0
3583.7			1.0
3584.6			1.0
3585.5			1.0
3586.4			1.0
3587.3			1.0
3588.2			1.0
3589.1			1.0
3590.0			1.0
3590.9			1.0
3591.8			1.0
3592.7			1.0
3593.6			1.0
3594.5			1.0
3595.4			1.0
3596.3			1.0
3597.2			1.0
3598.1			1.0
3599.0			1.0
3599.9			1.0
3600.8			1.0
3601.7			1.0
3602.6			1.0
3603.5			1.0
3604.4			1.0
3605.3			1.0
3606.2			1.0
3607.1			1.0
3608.0			1.0
3608.9			1.0
3609.8			1.0
3610.7			1.0
3611.6			1.0
3612.5			1.0
3613.4			1.0
3614.3			1.0
3615.2			1.0
3616.1			1.0
3617.0			1.0
3617.9			1.0
3618.8			1.0
3619.7			1.0
3620.6			1.0
3621.5			1.0
3622.4			1.0
3623.3			1.0
3624.2			1.0
3625.1			1.0
3626.0			1.0
3626.9			1.0
3627.8			1.0
3628.7			1.0
3629.6			1.0
3630.5			1.0
3631.4			1.0
3632.3			1.0
3633.2			1.0
3634.1			1.0
3635.0			1.0
3635.9			1.0
3636.8			1.0
3637.7			1.0
3638.6			1.0
3639.5			1.0
3640.4			1.0
3641.3			1.0
3642.2			1.0
3643.1			1.0
3644.0			1.0
3644.9			1.0
3645.8			1.0
3646.7			1.0
3647.6			1.0
3648.5			1.0
3649.4			1.0
3650.3			1.0
3651.2			1.0
3652.1			1.0
3653.0			1.0
3653.9			1.0
3654.8			1.0
3655.7			1.0
3656.6			1.0
3657.5			1.0
3658.4			1.0
3659.3			1.0
3660.2			1.0
3661.1			1.0
3662.0			1.0
3662.9			1.0
3663.8			1.0
3664.7			1.0
3665.6			1.0
3666.5			1.0
3667.4			1.0
3668.3			1.0
3669.2			1.0
3670.1			1.0
3671.0			1.0
3671.9			1.0
3672.8			1.0
3673.7			1.0
3674.6			1.0
3675.5			1.0
3676.4			1.0
3677.3			1.0
3678.2			1.0
3679.1			1.0
3680.0			1.0
3680.9			1.0
3681.8			1.0
3682.7			1.0
3683.6			1.0
3684.5			1.0
3685.4			1.0
3686.3			1.0
3687.2			1.0
3688.1			1.0
3689.0			1.0
3689.9			1.0
3690.8			1.0
3691.7			1.0
3692.6			1.0
3693.5			1.0
3694.4			1.0
3695.3			1.0
3696.2			1.0
3697.1			1.0
3698.0			1.0
3698.9			1.0
3699.8			1.0
3700.7			1.0
3701.6			1.0
3702.5			1.0
3703.4			1.0
3704.3			1.0
3705.2			1.0
3706.1			1.0
3707.0			1.0
3707.9			1.0
3708.8			1.0
3709.7			1.0
3710.6			1.0
3711.5			1.0
3712.4			1.0
3713.3			1.0
3714.2			1.0
3715.1			1.0
3716.0			1.0
3716.9			1.0
3717.8			1.0
3718.7			1.0
3719.6			1.0
3720.5			1.0
3721.4			1.0
3722.3			1.0
3723.2			1.0
3724.1			1.0
3725.0			1.0
3725.9			1.0
3726.8			1.0
3727.7			1.0
3728.6			1.0
3729.5			1.0
3730.4			1.0
3731.3			1.0
3732.2			1.0
3733.1			1.0
3734.0			1.0
3734.9			1.0
3735.8			1.0
3736.7			1.0
3737.6			1.0
3738.5			1.0
3739.4			1.0
3740.3			1.0
3741.2			1.0
3742.1			1.0
3743.0			1.0
3743.9			1.0
3744.8			1.0
3745.7			1.0
3746.6			1.0
3747.5			1.0
3748.4			1.0
3749.3			1.0
3750.2			1.0
3751.1			1.0
3752.0			1.0
3752.9			1.0
3753.8			1.0
3754.7			1.0
3755.6			1.0
3756.5			1.0
3757.4			1.0
3758.3			1.0
3759.2			1.0
3760.1			1.0
3761.0			1.0
3761.9			1.0
3762.8			1.0
3763.7			1.0
3764.6			1.0
3765.5			1.0
3766.4			1.0
3767.3			1.0
3768.2			1.0
3769.1			1.0
3770.0			1.0
3770.9			1.0
3771.8			1.0
3772.7			1.0
3773.6			1.0
3774.5			1.0
3775.4			1.0
3776.3			1.0
3777.2			1.0
3778.1			1.0
3779.0			1.0
3779.9			1.0
3780.8			1.0
3781.7			1.0
3782.6			1.0
3783.5			1.0
3784.4			1.0
3785.3			1.0
3786.2			1.0
3787.1			1.0
3788.0			1.0
3788.9			1.0
3789.8			1.0
3790.7			1.0
3791.6			1.0
3792.5			1.0
3793.4			1.0
3794.3			1.0
3795.2			1.0
3796.1			1.0
3797.0			1.0
3797.9			1.0
3798.8			1.0
3799.7			1.0
3800.6			1.0
3801.5			1.0
3802.4			1.0
3803.3			1.0
3804.2			1.0
3805.1			1.0
3806.0			1.0
3806.9			1.0
3807.8			1.0
3808.7			1.0
3809.6			1.0
3810.5			1.0
3811.4			1.0
3812.3			1.0
3813.2			1.0
3814.1			1.0
3815.0			1.0
3815.9			1.0
3816.8			1.0
3817.7			1.0
3818.6			1.0
3819.5			1.0
3820.4			1.0
3821.3			1.0
3822.2			1.0
3823.1			1.0
3824.0			1.0
3824.9			1.0
3825.8			1.0
3826.7			1.0
3827.6			1.0
3828.5			1.0
3829.4			1.0
3830.3			1.0
3831.2			1.0
3832.1			1.0
3833.0			1.0
3833.9			1.0
3834.8			1.0
3835.7			1.0
3836.6			1.0
3837.5			1.0
3838.4			1.0
3839.3			1.0
3840.2			1.0
3841.1			1.0
3842.0			1.0
3842.9			1.0
3843.8			1.0
3844.7			1.0
3845.6			1.0
3846.5			1.0
3847.4			1.0
3848.3			1.0
3849.2			1.0
3850.1			1.0
3851.0			1.0
3851.9			1.0
3852.8			1.0
3853.7			1.0
3854.6			1.0
3855.5			1.0
3856.4			1.0
3857.3			1.0
3858.2			1.0
3859.1			1.0
3860.0			1.0
3860.9			1.0
3861.8			1.0
3862.7			1.0
3863.6			1.0
3864.5			1.0
3865.4			1.0
3866.3			1.0
3867.2			1.0
3868.1			1.0
3869.0			1.0
3869.9			1.0
3870.8			1.0
3871.7			1.0
3872.6			1.0
3873.5			1.0
3874.4			1.0
3875.3			1.0
3876.2			1.0
3877.1			1.0
3878.0			1.0
3878.9			1.0
3879.8			1.0
3880.7			1.0
3881.6			1.0
3882.5			1.0
3883.4			1.0
3884.3			1.0
3885.2			1.0
3886.1			1.0
3887.0			1.0
3887.9			1.0
3888.8			1.0
3889.7			1.0
3890.6			1.0
3891.5			1.0
3892.4			1.0
3893.3			1.0
3894.2			1.0
3895.1			1.0
3896.0			1.0
3896.9			1.0
3897.8			1.0
3898.7			1.0
3899.6			1.0
3900.5			1.0
3901.4			1.0
3902.3			1.0
3903.2			1.0
3904.1			1.0
3905.0			1.0
3905.9			1.0
3906.8			1.0
3907.7			1.0
3908.6			1.0
3909.5			1.0
3910.4			1.0
3911.3			1.0
3912.2			1.0
3913.1			1.0
3914.0			1.0
3914.9			1.0
3915.8			1.0
3916.7			1.0
3917.6			1.0
3918.5			1.0
3919.4			1.0
3920.3			1.0
3921.2			1.0
3922.1			1.0
3923.0			1.0
3923.9			1.0
3924.8			1.0
3925.7			1.0
3926.6			1.0
3927.5			1.0
3928.4			1.0
3929.3			1.0
3930.2			1.0
3931.1			1.0
3932.0			1.0
3932.9			1.0
3933.8			1.0
3934.7			1.0
3935.6			1.0
3936.5			1.0
3937.4			1.0
3938.3			1.0
3939.2			1.0
3940.1			1.0
3941.0			1.0
3941.9			1.0
3942.8			1.0
3943.7			1.0
3944.6			1.0
3945.5			1.0
3946.4			1.0
3947.3			1.0
3948.2			1.0
3949.1			1.0
3950.0			1.0
3950.9			1.0
3951.8			1.0
3952.7			1.0
3953.6			1.0
3954.5			1.0
3955.4			1.0
3956.3			1.0
3957.2			1.0
3958.1			1.0
3959.0			1.0
3959.9			1.0
3960.8			1.0
3961.7			1.0
3962.6			1.0
3963.5			1.0
3964.4			1.0
3965.3			1.0
3966.2			1.0
3967.1			1.0
3968.0			1.0
3968.9			1.0
3969.8			1.0
3970.7			1.0
3971.6			1.0
3972.5			1.0
3973.4			1.0
3974.3			1.0
3975.2			1.0
3976.1			1.0
3977.0			1.0
3977.9			1.0
3978.8			1.0
3979.7			1.0
3980.6			1.0
3981.5			1.0
3982.4			1.0
3983.3			1.0
3984.2			1.0
3985.1			1.0
3986.0			1.0
3986.9			1.0
3987.8			1.0
3988.7			1.0
3989.6			1.0
3990.5			1.0
3991.4			1.0
3992.3			1.0
3993.2			1.0
3994.1			1.0
3995.0			1.0
3995.9			1.0
3996.8			1.0
3997.7			1.0
3998.6			1.0
3999.5			1.0
4000.4			1.0
4001.3			1.0
4002.2			0.9717738443056199
4003.1			0.9964691334422349
4004.0			0.9505385728833925
4004.9			0.801237041474543
4005.8			0.7344659088696508
4006.7			0.82000287429106
4007.6			0.9307106083907664
4008.5			0.9819782433889431
4009.4			0.9997188510693052
4010.3			1.0
4011.2			1.0
4012.1			1.0
4013.0			1.0
4013.9			1.0
4014.8			1.0
4015.7			1.0
4016.6			1.0
4017.5			1.0
4018.4			1.0
4019.3			1.0
4020.2			1.0
4021.1			1.0
4022.0			1.0
4022.9			1.0
4023.8			1.0
4024.7			0.9797320272030495
4025.6			1.1070925364672854
4026.5			1.2526311474135519
4027.4			1.2652080721002672
4028.3			1.1718411710050245
4029.2			1.022217914057479
4030.1			0.8385174969174257
4031.0			0.7237750192539519
4031.9			0.7180027959388097
4032.8			0.7523339921281221
4033.7			0.8081206432228851
4034.6			0.8706437233966706
4035.5			0.9265351702356405
4036.4			0.9711757447929893
4037.3			1.0147844861946536
4038.2			1.0
4039.1			1.0
4040.0			1.0
4040.9			1.0
4041.8			1.0463774530243144
4042.7			1.096462268081593
4043.6			1.0098945041046408
4044.5			1.0
4045.4			0.9148988741027357
4046.3			1.0834985269519064
4047.2			1.3547158972775826
4048.1			1.414032411767025
4049.0			1.3002900369653372
4049.9			1.23736273250895
4050.8			1.2334662027507106
4051.7			1.2064041888558377
4052.6			1.1320875350722572
4053.5			1.055623176494394
4054.4			1.0194960746883153
4055.3			1.075162002685492
4056.2			1.1693922234670022
4057.1			1.2015198297064846
4058.0			1.201420931685927
4058.9			1.2763454621967454
4059.8			1.0
4060.7			1.0272784754172821
4061.6			0.9664838062107842
4062.5			0.8353070134996392
4063.4			0.7613008178203082
4064.3			0.8682413990375414
4065.2			1.0104452737119802
4066.1			1.0
4067.0			0.8890921166407402
4067.9			0.924422412026918
4068.8			1.0516022306442547
4069.7			1.0656182334543849
4070.6			0.9704011002649657
4071.5			0.8925914385804563
4072.4			0.9090859593642306
4073.3			0.96981563783035
4074.2			0.9555790520177169
4075.1			0.8532144040853035
4076.0			0.693602600151022
4076.9			0.5748894107858303
4077.8			0.5674041283432002
4078.7			0.6759838290775905
4079.6			0.8161401042873255
4080.5			0.9258542356564129
4081.4			0.9879604980692973
4082.3			0.9513251427192524
4083.2			0.8607560797784868
4084.1			0.8052830824498257
4085.0			0.7742234179337704
4085.9			0.7688227469195859
4086.8			0.8297750945073852
4087.7			0.9390361114300456
4088.6			0.9980149137639988
4089.5			1.0
4090.4			1.0
4091.3			1.0
4092.2			1.0193983973743366
4093.1			1.0764765549478594
4094.0			1.108461859211797
4094.9			1.048335653283551
4095.8			0.9644545653424607
4096.7			0.9398326965508063
4097.6			0.9551348996288842
4098.5			0.9562949234557693
4099.4			0.9212973232016506
4100.3			0.8092697874081731
4101.2			0.6883122800254314
4102.1			0.7051030886884476
4103.0			0.8485900986270078
4103.9			0.9986801850476325
4104.8			1.0
4105.7			1.035379101276145
4106.6			1.0109303433781678
4107.5			0.9647672985710866
4108.4			0.9033541665792161
4109.3			0.8210568243166633
4110.2			1.0
4111.1			1.0541622295804138
4112.0			1.1303910762559788
4112.9			1.1871718846115014
4113.8			1.2239522570573356
4114.7			1.2607763866402613
4115.6			1.3324499481359071
4116.5			1.3388632696139853
4117.4			1.1980897438163836
4118.3			1.016857213766587
4119.2			0.9417560690355822
4120.1			0.9901457048870295
4121.0			1.0231059119701236
4121.9			0.976628281131327
4122.8			0.9440730139650846
4123.7			0.9906342480047329
4124.6			1.0662121257856774
4125.5			1.070130985115252
4126.4			1.0095475787544101
4127.3			0.9185407326935326
4128.2			0.8345714371226384
4129.1			0.8441532330201413
4130.0			0.9049276409088909
4130.9			0.9417383493592532
4131.8			0.8971122638665107
4132.7			0.840573757981836
4133.6			0.8650795497043954
4134.5			0.9449322700283833
4135.4			1.0721085420046763
4136.3			1.1191912576012255
4137.2			1.0673314808315078
4138.1			1.1180659632596865
4139.0			1.225582088852346
4139.9			1.0
4140.8			0.9675952893667873
4141.7			0.8774641992678367
4142.6			0.7440996115884738
4143.5			0.6908427558460105
4144.4			1.0
4145.3			1.1439002769416688
4146.2			1.1932593015682007
4147.1			1.1851857112368223
4148.0			1.146007782430253
4148.9			1.0545064079428657
4149.8			0.9770035329401436
4150.7			0.9963462362399589
4151.6			1.0343133004670746
4152.5			1.0326656124448228
4153.4			0.9802053916313287
4154.3			1.0
4155.2			0.983710707818061
4156.1			0.9932063780410549
4157.0			1.0018184415088778
4157.9			1.0828844942127909
4158.8			1.1474745257668661
4159.7			1.1513944242778398
4160.6			1.0916801678425496
4161.5			1.0679907175798957
4162.4			1.152855611560212
4163.3			1.2055552494896429
4164.2			1.1975152752679368
4165.1			1.211790738565862
4166.0			1.2006894338674332
4166.9			1.1493510516483545
4167.8			1.1428813748122064
4168.7			1.1973442806384116
4169.6			1.1987049941439007
4170.5			1.0985280432429532
4171.4			0.9262411425869659
4172.3			0.7628216982655402
4173.2			0.701691453175766
4174.1			0.7561884057122168
4175.0			0.8675064949128782
4175.9			0.9301115671670614
4176.8			0.8845307447276296
4177.7			0.7944383563423697
4178.6			0.7889579901677528
4179.5			0.9135511832264135
4180.4			1.039693905974374
4181.3			1.0199319841926018
4182.2			1.0
4183.1			0.9703654581170086
4184.0			0.9997539272257496
4184.9			1.0686988410410505
4185.8			1.097424495122114
4186.7			0.997508076545884
4187.6			0.9321571344870835
4188.5			1.0247345717918857
4189.4			1.1058584794643516
4190.3			1.0723291538040147
4191.2			1.0291332331860448
4192.1			1.0959197750396148
4193.0			1.210834572224199
4193.9			1.218032894592407
4194.8			1.0822188680165654
4195.7			0.930154110093336
4196.6			0.8790713740065927
4197.5			0.8598430554911899
4198.4			0.8100891297029023
4199.3			0.8533758015264028
4200.2			0.9494157968443128
4201.1			0.9390542648335295
4202.0			0.8639679069448974
4202.9			0.8413700906865859
4203.8			0.8354109458113506
4204.7			0.7997479457615491
4205.6			0.8226117296920065
4206.5			0.8985969902143486
4207.4			0.956595931594232
4208.3			0.957674685200452
4209.2			0.9165552006363096
4210.1			0.9139798347904047
4211.0			0.9675735188823927
4211.9			1.0
4212.8			1.0248791223035827
4213.7			0.9835417517699985
4214.6			0.8717979264904365
4215.5			0.7426123403204586
4216.4			0.7634291469781155
4217.3			0.907969820768625
4218.2			0.9999695355408922
4219.1			1.0
4220.0			1.0
4220.9			1.0298583987570085
4221.8			1.000067006778613
4222.7			0.9062024933855922
4223.6			0.8457549300894696
4224.5			0.770112364395423
4225.4			0.6704743872709737
4226.3			0.6019668748534458
4227.2			0.6567614858012749
4228.1			0.8692038883616101
4229.0			1.0
4229.9			1.0372918380810028
4230.8			1.0268750160558469
4231.7			0.9493933744637668
4232.6			0.7945342854554149
4233.5			0.7247516515625834
4234.4			0.7879768055299543
4235.3			0.8145134749341434
4236.2			0.7805260370382339
4237.1			0.7952049741045647
4238.0			0.7840235074338967
4238.9			0.7549522409876561
4239.8			0.7914073663462611
4240.7			0.8911205211679597
4241.6			0.9442808047523775
4242.5			0.917530474008247
4243.4			0.9341189682989075
4244.3			0.9726352910499351
4245.2			0.9153013632425758
4246.1			0.7923687359438546
4247.0			0.7183660713831302
4247.9			0.7576357943020985
4248.8			0.8414715862719246
4249.7			0.8420081771086055
4250.6			0.81351157828083
4251.5			0.8649730512160355
4252.4			0.918314884273134
4253.3			0.9116327741095893
4254.2			0.8840230266438791
4255.1			0.872107453899362
4256.0			1.0
4256.9			1.0100713045433145
4257.8			0.952862730145873
4258.7			0.8735535806089609
4259.6			0.8350308356634354
4260.5			0.8142337322495699
4261.4			0.850921365304625
4262.3			1.0
4263.2			1.0659245892292841
4264.1			1.0901808041238061
4265.0			1.1093511032098629
4265.9			1.1217598082589193
4266.8			1.0790927157555184
4267.7			1.0084133860163875
4268.6			0.9739308284573398
4269.5			0.9467512202517109
4270.4			0.8727852269197612
4271.3			0.7847230116291111
4272.2			0.7882921987694442
4273.1			0.8550771882766875
4274.0			0.8752602893648624
4274.9			0.8919888066846184
4275.8			0.9768976394277522
4276.7			1.0693036985222915
4277.6			1.0866005941531067
4278.5			1.0557111742375924
4279.4			0.999200057512251
4280.3			1.0
4281.2			1.0
4282.1			1.0
4283.0			0.9901895076989958
4283.9			1.010870623152469
4284.8			1.0034856606913556
4285.7			0.970959901526296
4286.6			0.9438335186034759
4287.5			0.9015200519977975
4288.4			0.8119271175616588
4289.3			0.6886002515188797
4290.2			0.6545295808258083
4291.1			0.7886914232523725
4292.0			0.9692332295941501
4292.9			1.0367258311963519
4293.8			0.9594037074745355
4294.7			0.8705286567933689
4295.6			0.8570371679770198
4296.5			0.8583501433676993
4297.4			0.8504049570019067
4298.3			0.776595200213007
4299.2			0.6321305211711754
4300.1			0.5652139534247492
4301.0			0.6070379036796709
4301.9			0.6239799502160598
4302.8			0.6181190861886159
4303.7			0.6843827920393909
4304.6			0.7491026717040715
4305.5			0.7535750439664942
4306.4			1.0
4307.3			0.9587941409126677
4308.2			0.8440423154914756
4309.1			0.8097204638441994
4310.0			0.8925478270345477
4310.9			1.003938205817135
4311.8			0.8981648120504848
4312.7			0.8214964301065356
4313.6			0.7248295754449852
4314.5			0.694474968602893
4315.4			0.803544811287538
4316.3			0.9474360340271083
4317.2			0.9980739080416653
4318.1			1.0
4319.0			1.0
4319.9			1.0
4320.8			1.0
4321.7			0.9957409095078056
4322.6			1.0444523767708185
4323.5			0.9864464221756531
4324.4			0.8394114491244626
4325.3			0.7066711817697001
4326.2			0.716931042299438
4327.1			0.8541092694693352
4328.0			1.0
4328.9			1.0459325839980196
4329.8			0.9660672117600927
4330.7			0.885861208873381
4331.6			0.9240864322519637
4332.5			0.9960837609675259
4333.4			1.0002112302725317
4334.3			1.0310336079191698
4335.2			1.0848150445317815
4336.1			1.0087677422526267
4337.0			0.8027919909112727
4337.9			0.6366592666645872
4338.8			0.6096266182084481
4339.7			0.5872729697413633
4340.6			0.5754079841656603
4341.5			0.7064393225986878
4342.4			0.8898903900355178
4343.3			0.9409311312237333
4344.2			0.9362654187905424
4345.1			1.0407719330362974
4346.0			1.1622911880907238
4346.9			1.0
4347.8			1.0198710255917367
4348.7			1.0605196918182516
4349.6			1.0256155939702276
4350.5			0.8716943001411263
4351.4			0.7207029136861522
4352.3			0.7405894541314957
4353.2			0.8815306170558471
4354.1			0.9644691526657057
4355.0			0.9978832056667168
4355.9			1.0
4356.8			1.0
4357.7			1.0
4358.6			1.0
4359.5			1.0
4360.4			1.0
4361.3			1.0
4362.2			1.0
4363.1			1.0
4364.0			1.0
4364.9			1.0
4365.8			1.0
4366.7			1.0
4367.6			1.0
4368.5			1.0
4369.4			1.0
4370.3			1.0
4371.2			1.036617594956568
4372.1			1.0542819276550364
4373.0			0.9751381924175119
4373.9			0.7914390605221607
4374.8			1.0
4375.7			1.1108893209359443
4376.6			1.3712461925566986
4377.5			1.5326423165424303
4378.4			1.5200011333558263
4379.3			1.438352230635862
4380.2			1.409585522755415
4381.1			1.414096226668481
4382.0			1.3005724913739474
4382.9			1.045920144352137
4383.8			0.8179994264383383
4384.7			0.7694536842531537
4385.6			0.8920965043194213
4386.5			1.0304820491812068
4387.4			1.066958997780081
4388.3			1.0572060263672105
4389.2			1.051359419178029
4390.1			1.0200732218469237
4391.0			1.0069189444260498
4391.9			1.0746298885605254
4392.8			1.1150977530149295
4393.7			1.01084823224226
4394.6			1.0
4395.5			1.0
4396.4			1.0
4397.3			1.05601393528942
4398.2			0.9674567279733732
4399.1			0.8361235423185897
4400.0			0.7166168298037908
4400.9			0.7281264429596973
4401.8			0.8950090313630484
4402.7			1.0098501267370974
4403.6			1.0
4404.5			1.0
4405.4			1.0
4406.3			1.0
4407.2			1.0
4408.1			1.0
4409.0			1.0
4409.9			1.0
4410.8			1.0
4411.7			1.0589976624982225
4412.6			1.109702764122329
4413.5			1.0744276165110442
4414.4			0.9371921187495668
4415.3			0.8258595700889056
4416.2			0.8225532612642693
4417.1			0.8253033116190625
4418.0			0.8545756872279416
4418.9			1.0131759600643497
4419.8			1.1658790270395962
4420.7			1.1694244431860576
4421.6			1.0735497955799116
4422.5			1.0056020157841088
4423.4			1.0
4424.3			1.0
4425.2			1.0
4426.1			1.0
4427.0			1.0
4427.9			1.0
4428.8			1.0
4429.7			1.0
4430.6			1.0
4431.5			1.0
4432.4			1.0
4433.3			1.0
4434.2			1.0
4435.1			1.0
4436.0			1.0
4436.9			1.0
4437.8			1.0
4438.7			1.0270123084077418
4439.6			1.0064969309347798
4440.5			0.9323684685854994
4441.4			0.8168566869332728
4442.3			0.6943884627265431
4443.2			0.6277609404575576
4444.1			0.6926255245934193
4445.0			1.0
4445.9			1.1326443899662448
4446.8			1.1098989439221807
4447.7			1.1011085254627182
4448.6			1.1332476966317189
4449.5			1.0761977376926195
4450.4			1.0
4451.3			1.0254801120203965
4452.2			1.103645209899924
4453.1			1.0875592237285876
4454.0			0.972470895385366
4454.9			0.8546815279593666
4455.8			0.8518742326932307
4456.7			0.9226547008778301
4457.6			0.9495120371525133
4458.5			0.9329544562618304
4459.4			0.925460074014271
4460.3			0.9199898918726332
4461.2			0.861128456596976
4462.1			0.8438738132241703
4463.0			0.9362870437499564
4463.9			0.9931550509943907
4464.8			0.9866618023893983
4465.7			0.9921949788577606
4466.6			0.9779172550966989
4467.5			0.9155856007680712
4468.4			0.8287437846591839
4469.3			0.7835099629308824
4470.2			0.8333274205767535
4471.1			0.9160752128497609
4472.0			1.0014123644925323
4472.9			1.0778951502379968
4473.8			1.1394613611816964
4474.7			1.1538208484747288
4475.6			1.0
4476.5			1.0103809944448954
4477.4			1.0461854303226241
4478.3			1.0
4479.2			0.9053613500446225
4480.1			0.8106077238376458
4481.0			0.7560537943637659
4481.9			0.7680650007884954
4482.8			0.8490229762598378
4483.7			0.937007016090016
4484.6			0.9897150248796764
4485.5			1.0250190924344158
4486.4			1.0380994085232533
4487.3			0.9900168005489107
4488.2			0.8785251629095091
4489.1			0.784152213081655
4490.0			0.7895123027887352
4490.9			0.8787693611901745
4491.8			0.9764138720396386
4492.7			1.011618455859998
4493.6			0.9629713873614182
4494.5			0.9197105456874917
4495.4			0.9387335775645804
4496.3			0.9642562722007536
4497.2			1.0121699236600104
4498.1			1.0
4499.0			1.0224246336887302
4499.9			0.965609959229931
4500.8			0.8765029439905997
4501.7			0.8740609119814985
4502.6			1.0028152516565567
4503.5			1.0
4504.4			1.0
4505.3			1.0
4506.2			1.0
4507.1			1.0
4508.0			1.0
4508.9			1.0
4509.8			1.0
4510.7			1.0
4511.6			0.9877062418295172
4512.5			0.9543512676968847
4513.4			0.9226899732959546
4514.3			0.8768074986374151
4515.2			0.845412237920108
4516.1			0.865704259209763
4517.0			0.885300566536207
4517.9			0.8712475714146508
4518.8			0.8690679222684644
4519.7			0.8869248035728365
4520.6			0.9204753491837173
4521.5			0.9227714164254729
4522.4			0.844248212713637
4523.3			0.8137551034866453
4524.2			0.8423139440709146
4525.1			0.8331035831682118
4526.0			0.8196614555745125
4526.9			0.815591137107646
4527.8			0.8054553700535172
4528.7			0.783842544591865
4529.6			0.795348943410494
4530.5			0.8392149072989934
4531.4			0.8823533463741263
4532.3			0.8973984535170216
4533.2			0.8127029531376317
4534.1			0.7286173468404114
4535.0			0.7558662214616679
4535.9			0.8783268908295435
4536.8			1.0324141142880907
4537.7			1.1052130368894482
4538.6			1.0649001677887624
4539.5			0.9875552939579906
4540.4			1.0
4541.3			0.9888446959453269
4542.2			1.0354558969339485
4543.1			1.0680729921928547
4544.0			1.0040141160855651
4544.9			0.9289062621932481
4545.8			0.9585258675474533
4546.7			1.0072530135816156
4547.6			0.9954080935211825
4548.5			0.9091058518399217
4549.4			0.8062409799617373
4550.3			0.8450079854812605
4551.2			0.9615672116785099
4552.1			0.9746010303298338
4553.0			0.9150980067847654
4553.9			0.8237380006358117
4554.8			0.753332978755086
4555.7			0.7930144669163265
4556.6			0.9173119892787368
4557.5			1.0027462194824177
4558.4			0.9876008271265544
4559.3			0.9801953441094785
4560.2			1.0
4561.1			1.0055871141213195
4562.0			0.9850055729176724
4562.9			0.9033463441073066
4563.8			0.8127723693965225
4564.7			0.7953141916577601
4565.6			0.8500297859644836
4566.5			0.9307740229829867
4567.4			0.9901912942310727
4568.3			0.9995011381785045
4569.2			1.0
4570.1			1.0
4571.0			1.0
4571.9			1.0
4572.8			1.0
4573.7			1.0
4574.6			1.0
4575.5			1.0
4576.4			1.000221402413974
4577.3			1.0272259337805523
4578.2			1.0243201152853114
4579.1			0.9558065952484228
4580.0			0.8972835767272063
4580.9			0.8906111830043335
4581.8			0.8853328744664748
4582.7			0.8325359404589016
4583.6			0.8011550132924213
4584.5			0.8816101464069522
4585.4			0.9984608527884655
4586.3			1.0
4587.2			1.0043600695376953
4588.1			0.9985535579663839
4589.0			0.9898533890994813
4589.9			0.9700794118000357
4590.8			0.9267386190939546
4591.7			0.879739551043415
4592.6			0.8658799304793587
4593.5			0.9165019833017295
4594.4			0.9536359524924802
4595.3			0.9502094601168606
4596.2			0.9577266209833026
4597.1			0.9833017283663448
4598.0			1.0002986939428726
4598.9			1.0
4599.8			1.0
4600.7			1.0
4601.6			1.0
4602.5			1.0
4603.4			1.0
4604.3			1.0
4605.2			1.0
4606.1			1.0
4607.0			1.0
4607.9			1.0
4608.8			1.0
4609.7			1.0
4610.6			0.9813974992451548
4611.5			0.9627042761487016
4612.4			0.9471526145618178
4613.3			0.9386024863488547
4614.2			0.960499426792855
4615.1			0.967900916900614
4616.0			0.9263228831589551
4616.9			0.9229626302959464
4617.8			0.9457600535282481
4618.7			0.9158370155648078
4619.6			0.900489159200819
4620.5			0.96806946401516
4621.4			1.0539931178896853
4622.3			1.0965276225399316
4623.2			1.0
4624.1			0.9882442476246552
4625.0			0.958878507584243
4625.9			0.9541059238174262
4626.8			0.9829656376948442
4627.7			0.973180565753261
4628.6			0.9078437232925454
4629.5			0.8906231484161221
4630.4			0.982766048980708
4631.3			1.0785586699927732
4632.2			1.071384440893338
4633.1			1.0042728596307657
4634.0			0.9765152707178202
4634.9			0.9979216122377244
4635.8			1.0
4636.7			1.0
4637.6			1.0
4638.5			1.0
4639.4			1.0
4640.3			1.0
4641.2			1.0
4642.1			1.0079187987724432
4643.0			0.9911455197484889
4643.9			0.9735383092581045
4644.8			0.9442155578571323
4645.7			0.8766082446620321
4646.6			0.8167832766563765
4647.5			0.8127175002043202
4648.4			0.850024167195467
4649.3			0.916017906043564
4650.2			0.9701971369719634
4651.1			0.9761919476559545
4652.0			1.0
4652.9			1.00698142004454
4653.8			0.9630849609587887
4654.7			0.8784975612521827
4655.6			0.825861953437574
4656.5			1.0
4657.4			1.0535752109329946
4658.3			1.1834269436265772
4659.2			1.2593718903332543
4660.1			1.240701328587256
4661.0			1.1663280652769854
4661.9			1.0714711126615093
4662.8			1.001870591768956
4663.7			0.9972997844761031
4664.6			1.0254696154012908
4665.5			1.0
4666.4			0.8654789062463226
4667.3			0.7710459230870864
4668.2			0.7882490179711816
4669.1			0.8372322702003898
4670.0			0.8780655696684322
4670.9			0.9679662313666135
4671.8			1.044595961957334
4672.7			1.0429728547341763
4673.6			1.033150810798012
4674.5			1.06012522325644
4675.4			1.1008306063105837
4676.3			1.1252518979016695
4677.2			1.092370841388428
4678.1			1.01112498102595
4679.0			0.9546139672916735
4679.9			0.9408982919255763
4680.8			0.931579300434091
4681.7			0.9273565410852823
4682.6			0.9613261905468561
4683.5			1.0217681958820337
4684.4			1.0330341419689821
4685.3			1.0185669682185228
4686.2			1.0155470037672527
4687.1			1.0155378057254911
4688.0			1.0062332262275784
4688.9			0.996016129068894
4689.8			0.9838248626999827
4690.7			0.9551696186937034
4691.6			0.946508168387454
4692.5			0.9800234910011587
4693.4			1.009263012652683
4694.3			1.014298427096082
4695.2			1.0
4696.1			1.0134454521094465
4697.0			0.9813255830385726
4697.9			0.9064388442247445
4698.8			0.8592441662119358
4699.7			0.884293258209213
4700.6			0.9138032089995336
4701.5			0.8993175786080605
4702.4			0.8601662539598355
4703.3			0.8409764347900337
4704.2			0.8790187160642087
4705.1			0.9213843796851106
4706.0			0.9047626792368788
4706.9			0.8361230370306383
4707.8			0.7817373248419539
4708.7			0.7788415495068677
4709.6			0.8255460489969635
4710.5			0.915907677088777
4711.4			0.9815189302491161
4712.3			0.9757519386856945
4713.2			0.9317751653386324
4714.1			0.8826672713929886
4715.0			0.8828367065018885
4715.9			0.9405267372489838
4716.8			0.9866518377059391
4717.7			0.9898911483653217
4718.6			0.976372295520064
4719.5			0.9808952072635426
4720.4			0.9918179593918868
4721.3			0.9996708784573756
4722.2			1.0
4723.1			1.0
4724.0			1.0229323488356972
4724.9			1.024399077672262
4725.8			1.0039304386843897
4726.7			0.9445645011649977
4727.6			0.8799143750775437
4728.5			0.8661248237971153
4729.4			0.8838168404477723
4730.3			0.8824362137211332
4731.2			0.8681947789947478
4732.1			0.8981269848732236
4733.0			0.9460892863700737
4733.9			0.9678617008063857
4734.8			0.980449063315428
4735.7			0.9506440505818514
4736.6			0.8991595139569565
4737.5			0.9271994404942357
4738.4			0.9988256839337756
4739.3			1.0
4740.2			1.0
4741.1			1.0
4742.0			1.0
4742.9			1.0
4743.8			1.0
4744.7			1.0
4745.6			1.0
4746.5			1.0
4747.4			1.0
4748.3			1.0
4749.2			1.0
4750.1			1.0
4751.0			1.0
4751.9			1.0
4752.8			1.0
4753.7			1.0
4754.6			1.0
4755.5			0.9885384727392958
4756.4			0.9887923828631207
4757.3			1.0195768441317998
4758.2			1.0678949635139445
4759.1			1.096582551320894
4760.0			1.0890554452859986
4760.9			1.0276807830550272
4761.8			0.928844391153557
4762.7			0.8535997317540531
4763.6			0.8372445500401875
4764.5			0.8486970130423914
4765.4			0.8786892259590506
4766.3			0.9248279545915614
4767.2			0.9742291116867888
4768.1			1.0118077579916571
4769.0			1.04776295030956
4769.9			1.074080991318517
4770.8			1.0468175691891415
4771.7			0.9985603378922815
4772.6			1.0
4773.5			1.0
4774.4			1.0
4775.3			1.0
4776.2			1.0
4777.1			1.0144277315475534
4778.0			1.0137478370356217
4778.9			0.9620902099327003
4779.8			0.9225713205864063
4780.7			0.9560588021631793
4781.6			0.9942711274814865
4782.5			0.9645278442168165
4783.4			0.9308007494663249
4784.3			0.9523590734357126
4785.2			0.9504376408403408
4786.1			0.8915733316560255
4787.0			0.8749254637253273
4787.9			0.903601736498833
4788.8			0.8971179320219119
4789.7			0.8939718437346047
4790.6			0.9326385517334538
4791.5			0.9544288715793677
4792.4			0.9641138958456645
4793.3			1.0
4794.2			1.0418915036681973
4795.1			1.0514656510545934
4796.0			1.0322101883360597
4796.9			0.9878336662022792
4797.8			0.9196971761304521
4798.7			0.8737050050047838
4799.6			0.8851776392774762
4800.5			0.9264859192744161
4801.4			0.9703677816609041
4802.3			0.9912208808595926
4803.2			0.9691910118464385
4804.1			0.9117865935201652
4805.0			0.8655307393436596
4805.9			0.8777200279296424
4806.8			0.9102758907204633
4807.7			0.9209444353559438
4808.6			0.9217118665225967
4809.5			0.9207115546099205
4810.4			0.9103546434350157
4811.3			0.9019147090459105
4812.2			0.9132084308823623
4813.1			0.9448661392384383
4814.0			0.9802259977337685
4814.9			0.99791567498571
4815.8			0.9993386656211616
4816.7			1.0
4817.6			1.0
4818.5			1.0
4819.4			1.0
4820.3			1.0
4821.2			0.9960860202335462
4822.1			0.9481886417215205
4823.0			0.8430119101694501
4823.9			0.7899091789322622
4824.8			0.853238046861454
4825.7			0.9449758696387952
4826.6			0.9989762633757175
4827.5			1.0
4828.4			1.0
4829.3			1.0
4830.2			1.0
4831.1			1.0
4832.0			1.0
4832.9			1.0
4833.8			1.0
4834.7			1.0
4835.6			1.0
4836.5			1.0
4837.4			1.0
4838.3			1.0
4839.2			1.0
4840.1			1.0
4841.0			1.0
4841.9			1.0
4842.8			1.0
4843.7			1.0
4844.6			1.0
4845.5			1.0
4846.4			0.9764436285488299
4847.3			0.9068083779538535
4848.2			0.8385518282436892
4849.1			0.8580800089834921
4850.0			0.9483429289447329
4850.9			1.0067335501024945
4851.8			1.0094649474603228
4852.7			0.9875973104371877
4853.6			0.9261615721673618
4854.5			0.8090237066847238
4855.4			0.7330340779999427
4856.3			0.790715861843507
4857.2			0.8833237513897038
4858.1			0.8829078125006945
4859.0			0.7854068644377283
4859.9			0.6493327386944022
4860.8			0.5480873623909405
4861.7			0.5691854554959975
4862.6			0.7126120517805102
4863.5			1.0
4864.4			0.9998718583124175
4865.3			1.0110638053165077
4866.2			1.0565433695162472
4867.1			1.1089398482254684
4868.0			1.1313238184986012
4868.9			1.1263411882795376
4869.8			1.0652690257971655
4870.7			0.9280576071431621
4871.6			0.8377892472157831
4872.5			0.8730033673828107
4873.4			0.9276311273790372
4874.3			0.9391789154314347
4875.2			0.9278688454680355
4876.1			0.9057247377916607
4877.0			0.9050549396809865
4877.9			0.930156466320083
4878.8			1.0
4879.7			1.0640512348224858
4880.6			1.0328868305948211
4881.5			0.9549386579456209
4882.4			0.9081056124385134
4883.3			0.8795334147326505
4884.2			0.8463671997263417
4885.1			0.8469452302841048
4886.0			0.8744320552300385
4886.9			0.9130346642611563
4887.8			0.9380196913085078
4888.7			0.9241937108662831
4889.6			0.8942641850006692
4890.5			0.8448501738194868
4891.4			0.8400701929755199
4892.3			0.9470030199259574
4893.2			1.0
4894.1			1.0333878764825823
4895.0			1.0725491531708007
4895.9			1.0828733093058165
4896.8			1.0648043114016077
4897.7			1.0513494552119782
4898.6			1.000780256886551
4899.5			0.9108599908158491
4900.4			0.883528219415416
4901.3			0.9384370321123197
4902.2			0.950864264193305
4903.1			0.8973606055116201
4904.0			0.8885364257707881
4904.9			1.0
4905.8			1.064596040051664
4906.7			1.0699336295170652
4907.6			1.0212436698617384
4908.5			0.9589910127957548
4909.4			0.8733849743961886
4910.3			1.0
4911.2			1.006402209974312
4912.1			1.098614517588147
4913.0			1.1599449794823966
4913.9			1.1646582208166312
4914.8			1.1902079265218002
4915.7			1.209973924862339
4916.6			1.1494075848792003
4917.5			1.0248951627879073
4918.4			0.9028065831049233
4919.3			0.8357838323401715
4920.2			0.8080410887183863
4921.1			0.8107877569839733
4922.0			0.8608987576772765
4922.9			0.8536158087365479
4923.8			0.7849281501216475
4924.7			0.7999445572751844
4925.6			0.9224648861502867
4926.5			0.9985711687267357
4927.4			0.9898340071177744
4928.3			0.9785694163057165
4929.2			0.9894371821840418
4930.1			1.0
4931.0			0.9937093484612912
4931.9			0.972898372898673
4932.8			0.8867238525390865
4933.7			0.7972470382571454
4934.6			0.822662579621282
4935.5			0.9140108610066419
4936.4			0.9272372693502761
4937.3			0.8666397834274765
4938.2			0.7923932263614668
4939.1			0.7757467068505792
4940.0			0.8718854517899824
4940.9			0.9941614941256114
4941.8			1.034749794214854
4942.7			1.0276655023415773
4943.6			1.0312225164182813
4944.5			1.017051539095546
4945.4			0.9739228401180714
4946.3			0.9564945987275517
4947.2			1.0014628541966235
4948.1			1.0
4949.0			1.0
4949.9			1.0
4950.8			1.0
4951.7			1.0
4952.6			1.0
4953.5			1.0
4954.4			1.0
4955.3			1.001454959260796
4956.2			0.9341193966366631
4957.1			0.8206487919300812
4958.0			0.8112443170162998
4958.9			0.9235567202878695
4959.8			1.0035260302338374
4960.7			1.0
4961.6			0.9692037399446314
4962.5			0.9710488620628986
4963.4			0.9970261431140639
4964.3			0.9858882783658777
4965.2			0.9361870600901468
4966.1			0.9079099881054556
4967.0			0.9178556392097894
4967.9			0.9252532373300676
4968.8			0.9197101393512813
4969.7			0.9132953517821638
4970.6			0.9157666894154426
4971.5			0.9542295639477949
4972.4			0.9919463098219105
4973.3			1.0104279351638596
4974.2			1.0434023777540133
4975.1			1.0
4976.0			1.000699431525731
4976.9			0.9903479566332724
4977.8			0.9539337386738116
4978.7			0.9172408858536135
4979.6			0.9075748307311436
4980.5			0.8720596700605812
4981.4			0.7845827233428404
4982.3			0.703836217046371
4983.2			0.6977049501405698
4984.1			0.7588116306741357
4985.0			0.8303955006857695
4985.9			0.9054313944644146
4986.8			1.0027904482772727
4987.7			1.0
4988.6			0.9940809475709372
4989.5			0.9580926018197642
4990.4			0.9326075067476164
4991.3			0.9422400140899019
4992.2			0.965412968821913
4993.1			0.9473745733470057
4994.0			0.941957542788792
4994.9			1.014561090152501
4995.8			1.0
4996.7			1.0128345322957446
4997.6			1.0096231880544226
4998.5			0.9756637230779838
4999.4			0.9184594123749124
5000.3			0.8855519584048198
5001.2			0.8894633587102644
5002.1			0.9263999091918703
5003.0			0.9837626796872841
5003.9			0.9982567840616112
5004.8			1.0
5005.7			0.9114410883424964
5006.6			0.9416200833516318
5007.5			1.073658082969705
5008.4			1.1811598927675167
5009.3			1.1858970824714896
5010.2			1.1179347778002449
5011.1			1.0375922757268259
5012.0			0.9516889380215375
5012.9			0.886907407542763
5013.8			0.8706077354495526
5014.7			0.9185044926880153
5015.6			0.9957398566948481
5016.5			0.988718966819965
5017.4			0.8907362521693837
5018.3			0.8343179908777643
5019.2			0.9019159289403561
5020.1			1.004408063812308
5021.0			1.0266807442467927
5021.9			0.989326528151741
5022.8			0.9889540532637188
5023.7			1.0
5024.6			1.0337710878530277
5025.5			1.026581497612859
5026.4			0.9850658179325755
5027.3			0.9332577809057072
5028.2			0.9471835909311812
5029.1			1.0013328330458315
5030.0			0.9997070353336582
5030.9			0.9999348949389681
5031.8			1.0
5032.7			1.0714428969376908
5033.6			1.0850150651110526
5034.5			1.017644518446745
5035.4			0.9210714803425487
5036.3			0.9016009027351987
5037.2			0.9533216533581286
5038.1			0.9623600261515414
5039.0			0.9109368936732576
5039.9			0.8472995277688202
5040.8			0.7901003758348979
5041.7			0.8201812731245527
5042.6			1.0
5043.5			1.1033758226064585
5044.4			1.1329583848565767
5045.3			1.1597469724532505
5046.2			1.1607513037936623
5047.1			1.0956198448504422
5048.0			0.9911279409725451
5048.9			0.9207114241467176
5049.8			0.9094096717775603
5050.7			0.9072118753203812
5051.6			0.8992773536287159
5052.5			0.9311129878562173
5053.4			0.9911749697785026
5054.3			1.0196994634765946
5055.2			1.0112825396723406
5056.1			0.9957340894801255
5057.0			1.0
5057.9			1.0
5058.8			1.0
5059.7			1.0022166415185745
5060.6			1.0168841264688944
5061.5			1.0405165888254502
5062.4			1.0403223560609227
5063.3			0.9911751739876541
5064.2			0.9082618047522337
5065.1			0.8724183887826009
5066.0			0.9135416083050422
5066.9			0.944633663213484
5067.8			0.9266975240139941
5068.7			0.9192861157429927
5069.6			0.9662169323633405
5070.5			1.000682631300933
5071.4			1.0
5072.3			0.9446354058185304
5073.2			0.9694511905326835
5074.1			0.9909056630675942
5075.0			0.9702926672187022
5075.9			0.979613670955714
5076.8			1.016937266645934
5077.7			1.0004200019485963
5078.6			0.8816657735336864
5079.5			0.7652809303697782
5080.4			0.7800999769006184
5081.3			0.8805951134964467
5082.2			0.9349685531569936
5083.1			0.9203458785779448
5084.0			0.9403249996524482
5084.9			1.0154896154561541
5085.8			1.0468777953609913
5086.7			0.9998483583835492
5087.6			1.0
5088.5			1.0
5089.4			1.0
5090.3			1.0
5091.2			1.0
5092.1			1.0
5093.0			1.0
5093.9			1.0
5094.8			1.0103527254212008
5095.7			0.9814495891891556
5096.6			0.9063968267552218
5097.5			0.8320720038374535
5098.4			0.785803925884046
5099.3			0.7827069418913727
5100.2			0.8526977377456014
5101.1			0.9513351746805173
5102.0			1.007637687550042
5102.9			1.0
5103.8			0.985133611221462
5104.7			0.9729923685972982
5105.6			0.9574862059847148
5106.5			0.9230110852444176
5107.4			0.8851586825613579
5108.3			0.8915525953966461
5109.2			0.8976243622225837
5110.1			1.0
5111.0			1.0323373748741407
5111.9			1.100834907295305
5112.8			1.131439135860262
5113.7			1.1214336686564514
5114.6			1.0909427497824655
5115.5			1.0855068390046068
5116.4			1.1178980392477744
5117.3			1.148492965734539
5118.2			1.1425974676543897
5119.1			1.106073816233841
5120.0			1.0735002373169351
5120.9			1.0551434543464187
5121.8			1.018286834192886
5122.7			0.9439025183905129
5123.6			0.892071174279782
5124.5			0.9145173372761713
5125.4			0.9550979051298978
5126.3			0.9748869481542024
5127.2			0.9662356576045441
5128.1			0.9414894713519303
5129.0			0.9202978644824229
5129.9			0.924427547675493
5130.8			0.9443422596419987
5131.7			0.9373475158255664
5132.6			0.9356983180944103
5133.5			0.9666371606280856
5134.4			1.0323120079063857
5135.3			1.0645579319894052
5136.2			0.9992914626478979
5137.1			1.0
5138.0			1.0
5138.9			1.0
5139.8			1.014734186547972
5140.7			1.0493545147425565
5141.6			0.9892912849252398
5142.5			0.9148309857863991
5143.4			0.9559965588802948
5144.3			1.0263920886369364
5145.2			0.9991213573570458
5146.1			1.0
5147.0			1.0
5147.9			1.0
5148.8			1.0467655796322988
5149.7			1.0630845596143488
5150.6			1.0005710836396002
5151.5			0.9471627032890291
5152.4			0.9300269467485505
5153.3			0.8890483587895891
5154.2			0.8622281615473029
5155.1			0.9093860468106073
5156.0			0.9777371530567373
5156.9			1.0196058927517095
5157.8			1.0
5158.7			0.9923958198713126
5159.6			0.9930420385802997
5160.5			0.9848883050740268
5161.4			0.9404312794323526
5162.3			0.920279589939379
5163.2			0.951991533164354
5164.1			0.9570814785455448
5165.0			0.8869516562004449
5165.9			0.7908928727620055
5166.8			0.7081552704567701
5167.7			0.6570791427810148
5168.6			0.6693207662230933
5169.5			0.7581120273775461
5170.4			0.8460353291421743
5171.3			0.8091299129278914
5172.2			0.7308683164044338
5173.1			0.7628773931354969
5174.0			0.8937974755801458
5174.9			0.9978047584473021
5175.8			1.0
5176.7			0.996658305218637
5177.6			1.0201281162642086
5178.5			1.0375541639469459
5179.4			1.0296986622371433
5180.3			1.041743356682809
5181.2			1.0542956908969592
5182.1			0.996676597335602
5183.0			0.8604327192875222
5183.9			0.7898754588386473
5184.8			0.8773475900707667
5185.7			0.9768161481762617
5186.6			1.01369802918419
5187.5			1.005915038341534
5188.4			0.9724010463067783
5189.3			1.0274882009487938
5190.2			1.093378701831103
5191.1			1.0000332977579813
5192.0			1.0
5192.9			1.0
5193.8			1.0
5194.7			1.0
5195.6			1.0
5196.5			1.0
5197.4			1.0
5198.3			1.0
5199.2			1.0
5200.1			1.0247264285334068
5201.0			1.0314277826859146
5201.9			1.0343510466041579
5202.8			1.0332844709190825
5203.7			1.0037100508202317
5204.6			0.9115884939019342
5205.5			0.8558717032891052
5206.4			0.9061852513424125
5207.3			0.9756091920382025
5208.2			0.9616562379861026
5209.1			0.9645876860584178
5210.0			1.0035399604453283
5210.9			1.000165689512124
5211.8			1.0
5212.7			1.0522235839990417
5213.6			1.05284348719186
5214.5			0.9743966598802414
5215.4			0.8695773863840311
5216.3			0.8260263888762853
5217.2			0.8568878606545197
5218.1			0.9242353549677116
5219.0			0.9848974591392577
5219.9			1.0000628843692854
5220.8			1.0
5221.7			1.0
5222.6			1.002367216324499
5223.5			0.9818715073034473
5224.4			0.9228637455793044
5225.3			0.8191334781522369
5226.2			0.7023718861408054
5227.1			0.6794484821718989
5228.0			0.8082440525536839
5228.9			0.9363815374000968
5229.8			0.9755054365295588
5230.7			1.0053842407022302
5231.6			1.0018513449891135
5232.5			1.0
5233.4			1.0
5234.3			1.0
5235.2			1.0
5236.1			1.0
5237.0			1.0
5237.9			1.0
5238.8			1.0
5239.7			1.0
5240.6			1.0158664583804182
5241.5			1.0280137680092414
5242.4			0.9940766813774202
5243.3			0.9934303421962916
5244.2			1.0449876908079447
5245.1			1.0708445297917422
5246.0			1.0234460633656313
5246.9			0.9463157297707895
5247.8			1.0
5248.7			1.012404929745116
5249.6			0.9604792812194628
5250.5			0.9422249810661717
5251.4			1.0113447734255652
5252.3			1.0650813321790997
5253.2			1.0539960935061201
5254.1			1.0085817160853117
5255.0			0.9727786582827338
5255.9			1.003331683102888
5256.8			1.0803342760533436
5257.7			1.1318869498187445
5258.6			1.151190326889747
5259.5			1.136467961811426
5260.4			1.087857657772902
5261.3			0.9963620916866186
5262.2			0.8948860398144446
5263.1			0.834548614280214
5264.0			0.789615064109229
5264.9			0.7616896211169898
5265.8			0.790572714421412
5266.7			0.8822549802664092
5267.6			0.9624285736816528
5268.5			0.9109126471219127
5269.4			0.7892559829501924
5270.3			0.79725517639297
5271.2			1.0
5272.1			1.0608987893265402
5273.0			0.9943059223038964
5273.9			0.9213064352092714
5274.8			0.869045712875559
5275.7			0.8503947711092419
5276.6			0.9383140698060253
5277.5			1.0506837374730946
5278.4			1.0546432645833688
5279.3			0.9885787001986104
5280.2			1.011909076225264
5281.1			1.0003882409471367
5282.0			1.0
5282.9			1.0
5283.8			1.0
5284.7			1.0
5285.6			1.0
5286.5			1.0
5287.4			1.0
5288.3			1.0
5289.2			1.0
5290.1			1.0
5291.0			1.0
5291.9			1.0
5292.8			1.0
5293.7			1.0
5294.6			1.0263503173249284
5295.5			1.0179133861598073
5296.4			0.952337158802
5297.3			0.8799869980201751
5298.2			0.8841919319573116
5299.1			0.9735346144875433
5300.0			1.0503093012762015
5300.9			1.0400420051859753
5301.8			1.0005118529246018
5302.7			1.0
5303.6			1.0
5304.5			1.0
5305.4			1.0
5306.3			1.0
5307.2			1.0
5308.1			1.0
5309.0			1.0
5309.9			1.0
5310.8			1.0
5311.7			1.0
5312.6			1.0
5313.5			1.0
5314.4			1.000491503582578
5315.3			0.9756295144797709
5316.2			0.9031005874421054
5317.1			0.8812814923942198
5318.0			0.9434509211348715
5318.9			0.9934643545984638
5319.8			1.0000097656357474
5320.7			1.0
5321.6			1.0064451653048907
5322.5			0.9938747189558546
5323.4			0.9494836928690861
5324.3			0.9006695755601819
5325.2			0.9103149555802551
5326.1			0.947969426864595
5327.0			0.9096736414412387
5327.9			0.7998034839883564
5328.8			0.7776237853105025
5329.7			0.906191395010582
5330.6			1.0289634075642013
5331.5			1.055525604840343
5332.4			1.0202542938156323
5333.3			1.0
5334.2			1.016783488343621
5335.1			1.0286597891054978
5336.0			0.9928174355503127
5336.9			0.9510312965477179
5337.8			0.9648024625850011
5338.7			0.9919017976753807
5339.6			0.9505016423080512
5340.5			0.9116111935057624
5341.4			0.9645015124366643
5342.3			1.0541947451559315
5343.2			1.0
5344.1			0.9870440410574203
5345.0			0.9444903843803719
5345.9			0.9006297089919547
5346.8			0.9071944701174215
5347.7			0.9162163267593447
5348.6			0.8795072866776596
5349.5			0.8652870730815417
5350.4			0.9116708483007014
5351.3			0.9686077813028029
5352.2			0.9741803498841913
5353.1			0.9492505703819201
5354.0			0.9621933731862425
5354.9			1.0020736055761994
5355.8			1.0
5356.7			1.0
5357.6			1.0
5358.5			1.0
5359.4			1.0079699252059224
5360.3			0.9919826948724771
5361.2			0.9453405478886958
5362.1			0.8885747761215246
5363.0			0.8647409240787268
5363.9			0.8704610921884541
5364.8			0.8727157185820171
5365.7			0.88860254318606
5366.6			0.9163972797809576
5367.5			0.9202654544841165
5368.4			0.9173385232080977
5369.3			0.8898306375351784
5370.2			0.8386752279815932
5371.1			0.8329216694684629
5372.0			0.8930094291596573
5372.9			0.9816140177078296
5373.8			1.0375774920225498
5374.7			1.0
5375.6			1.009806286859855
5376.5			0.9975393190218205
5377.4			0.9854517109186001
5378.3			0.9776609850931918
5379.2			0.9469185705650008
5380.1			0.9002094157938799
5381.0			0.8844425409844142
5381.9			0.9036684669580957
5382.8			1.0
5383.7			1.0168857696008307
5384.6			1.0684968364296876
5385.5			1.09310858426621
5386.4			1.080761100843937
5387.3			1.0767604985985668
5388.2			1.0632782788692139
5389.1			1.0293268977128454
5390.0			1.0084574861074955
5390.9			1.0043046726635043
5391.8			0.9839928584382696
5392.7			0.9590076647440188
5393.6			0.9648291994096431
5394.5			0.9937316125509978
5395.4			0.9759550650081619
5396.3			0.8958438845727574
5397.2			0.856451771801638
5398.1			0.9155342642825068
5399.0			0.9838019994468495
5399.9			0.9891739907405206
5400.8			0.9795873752892494
5401.7			0.9869166738983877
5402.6			0.9556625768957315
5403.5			0.878122372415766
5404.4			0.8174916757870946
5405.3			0.8078197664557758
5406.2			0.8476684369567321
5407.1			0.9105649617435315
5408.0			0.9346512950384394
5408.9			0.8921763103130886
5409.8			0.8432152719643868
5410.7			0.865892177288331
5411.6			0.9432713176100768
5412.5			0.9839425947539744
5413.4			0.9495577816291897
5414.3			0.9009045425377205
5415.2			0.9094939591537826
5416.1			0.9651285886926025
5417.0			0.988009412859036
5417.9			0.9522894821206007
5418.8			0.9157753083060369
5419.7			0.9086104397609982
5420.6			1.0
5421.5			1.0068369449295018
5422.4			1.0049574529255458
5423.3			0.9419335613183953
5424.2			0.8676850791157712
5425.1			1.0
5426.0			1.0947150296908374
5426.9			1.1478834119829273
5427.8			1.1105528447497963
5428.7			1.0101573964850257
5429.6			0.9483927734879941
5430.5			0.9874019629634553
5431.4			1.0324735790462873
5432.3			0.9929731661481709
5433.2			0.9264471473905226
5434.1			0.8935549285590656
5435.0			0.9004343413998238
5435.9			0.9417147936224917
5436.8			0.9938746807888856
5437.7			1.033131442859591
5438.6			1.046196320703781
5439.5			1.0402536147447128
5440.4			1.026129481038862
5441.3			1.0130989311793597
5442.2			1.0
5443.1			0.9898880696693408
5444.0			0.9475485050737983
5444.9			0.882362013295917
5445.8			0.8207138290401373
5446.7			0.805473586005201
5447.6			0.875049748033376
5448.5			0.9696952522059926
5449.4			1.0063185478515841
5450.3			0.9996548984593605
5451.2			1.0
5452.1			1.0
5453.0			0.9841905333517895
5453.9			0.9279108974144857
5454.8			0.8480024617406006
5455.7			0.8342800214933079
5456.6			0.9149280776777852
5457.5			0.9886001823315708
5458.4			1.0041421233946026
5459.3			1.0
5460.2			1.0
5461.1			1.0
5462.0			1.0
5462.9			1.0
5463.8			1.0
5464.7			1.0
5465.6			1.0
5466.5			1.0
5467.4			1.0
5468.3			1.0
5469.2			1.0
5470.1			0.9961655374383717
5471.0			0.9933735455065336
5471.9			0.9689772989639176
5472.8			0.9285847936510667
5473.7			0.9283741462001739
5474.6			0.9455167642142238
5475.5			0.8862010894389997
5476.4			0.7980844853510016
5477.3			0.8200343218217607
5478.2			0.9272334420299982
5479.1			0.9939296103034724
5480.0			0.9735116595878621
5480.9			0.9362265358916424
5481.8			0.95563343217017
5482.7			0.9981342080400822
5483.6			1.0
5484.5			1.0
5485.4			1.0
5486.3			1.0
5487.2			1.0
5488.1			1.0
5489.0			1.0
5489.9			1.0
5490.8			1.0
5491.7			1.0
5492.6			1.0
5493.5			1.0
5494.4			1.0
5495.3			1.0
5496.2			1.0
5497.1			1.0
5498.0			1.0253517136920776
5498.9			1.0911761975482015
5499.8			1.0811342985586359
5500.7			0.9935106238878844
5501.6			0.9239294417438236
5502.5			0.9408982054786059
5503.4			1.0015424576188
5504.3			1.0334990656041512
5505.2			0.9953347728915402
5506.1			1.0
5507.0			1.0
5507.9			1.0
5508.8			1.0
5509.7			1.0
5510.6			1.0
5511.5			1.0
5512.4			1.0
5513.3			1.0
5514.2			1.0
5515.1			1.0
5516.0			1.0
5516.9			1.0
5517.8			1.0
5518.7			1.0
5519.6			1.0
5520.5			1.0
5521.4			0.9885642583743266
5522.3			0.9936086413768284
5523.2			1.001284765221073
5524.1			0.9788219554066564
5525.0			0.9251739426782888
5525.9			0.8726349785184616
5526.8			0.8442619552502575
5527.7			0.8488433353735847
5528.6			0.8915752698461336
5529.5			0.9627384578257923
5530.4			1.012801155684738
5531.3			1.021075862021375
5532.2			1.000600922347793
5533.1			1.0
5534.0			1.0
5534.9			1.0
5535.8			1.0
5536.7			1.0
5537.6			1.0
5538.5			1.0
5539.4			1.0135036619469069
5540.3			1.0218431267684178
5541.2			1.0120091464645191
5542.1			0.9725192329014352
5543.0			0.9237144356842489
5543.9			0.9040357617043683
5544.8			0.910383623082635
5545.7			0.9213232747740293
5546.6			0.9478912392601658
5547.5			0.986043214611662
5548.4			1.0020379604370975
5549.3			1.0
5550.200000000001			1.0
5551.1			1.0
5552.0			1.0
5552.9			1.0
5553.8			1.0
5554.700000000001			1.0
5555.6			1.0
5556.5			1.0
5557.4			1.0
5558.3			1.0
5559.200000000001			1.0
5560.1			1.0
5561.0			1.0
5561.9			1.0
5562.8			1.0
5563.700000000001			1.0
5564.6			1.0
5565.5			1.0
5566.4			1.0
5567.3			1.0
5568.200000000001			1.0
5569.1			1.0
5570.0			1.0
5570.9			1.0
5571.8			1.0
5572.700000000001			1.0
5573.6			1.0
5574.5			1.0
5575.4			1.0
5576.3			1.0
5577.200000000001			1.0
5578.1			1.0124039981996622
5579.0			1.0210443326609213
5579.9			1.0399369082721968
5580.8			1.0368232909254382
5581.700000000001			1.017181107455653
5582.6			1.0266837488428222
5583.5			1.0512444471451823
5584.4			1.0471828349061705
5585.3			1.0089224066033258
5586.200000000001			0.9378321739653586
5587.1			0.8686053115505674
5588.0			0.8484545376193938
5588.9			0.8729499329983031
5589.8			0.9181645203455274
5590.700000000001			0.9603629274815538
5591.6			0.9812783609406769
5592.5			0.979493279948963
5593.4			0.9556332147327425
5594.3			0.9449765575335505
5595.200000000001			1.0
5596.1			1.0644722059722185
5597.0			1.051974714459685
5597.9			0.9791282577146764
5598.8			0.9450741823645876
5599.700000000001			0.9568144727504645
5600.6			0.9443086834125184
5601.5			0.9064949144712258
5602.4			0.8806203441306713
5603.3			0.9083302871720801
5604.200000000001			0.9815475311576978
5605.1			1.0315147940378129
5606.0			1.0377003776605234
5606.9			1.0249688060260143
5607.8			1.0
5608.700000000001			0.9939257707526773
5609.6			0.9897062319995185
5610.5			0.996312916358474
5611.4			1.0148064581372684
5612.3			1.0267081965651341
5613.200000000001			1.0054907195630653
5614.1			0.9265827444328346
5615.0			0.8343764293333092
5615.9			0.8392600465414473
5616.8			0.9240515836561187
5617.700000000001			0.9690252352126452
5618.6			0.9623032952285313
5619.5			1.0
5620.4			1.00480541892257
5621.3			1.0294468527517493
5622.200000000001			1.037788959846429
5623.1			0.9838974962575706
5624.0			0.9015967817796037
5624.9			0.8876072890520089
5625.8			0.9355873324496072
5626.700000000001			0.9635340289416441
5627.6			0.9656174010835731
5628.5			0.9767483731354941
5629.4			0.9960823420582179
5630.3			1.0
5631.200000000001			1.0
5632.1			0.9886631116383328
5633.0			0.9673871272480763
5633.9			0.9500413544036992
5634.8			0.9512448157624233
5635.700000000001			0.9495142208776126
5636.6			0.9262686035683378
5637.5			0.9073064678436499
5638.4			0.9229333327679458
5639.3			0.9488914656341885
5640.200000000001			0.9251826167095041
5641.1			0.8918648975727131
5642.0			0.920072279935576
5642.9			0.9630793033467788
5643.8			0.9773868379302737
5644.700000000001			0.9893383781306959
5645.6			1.0060551845901866
5646.5			1.0272259337199519
5647.4			1.0
5648.3			0.9984702508637152
5649.200000000001			0.9749574814557459
5650.1			0.9605745152646192
5651.0			0.9827047973131825
5651.9			1.015205344191168
5652.8			1.0202017524194733
5653.700000000001			0.9892693473683335
5654.6			0.9475544257316959
5655.5			0.9525045214556798
5656.4			0.9701717831996127
5657.3			0.8897032097504158
5658.200000000001			0.7884833213435759
5659.1			0.833979390209451
5660.0			0.9617808145569704
5660.9			1.012048267235701
5661.8			0.9668893146509356
5662.700000000001			0.9335550463408022
5663.6			0.9912532195417174
5664.5			1.0704766999463962
5665.4			1.0840397148953929
5666.3			1.0439464005283468
5667.200000000001			1.0040376494391576
5668.1			1.001126272071941
5669.0			1.0
5669.9			1.0
5670.8			1.0
5671.700000000001			1.0
5672.6			1.0
5673.5			1.0
5674.4			1.0
5675.3			0.9776360687396469
5676.200000000001			0.9808481644081654
5677.1			0.9986579418414572
5678.0			0.9914889901242483
5678.9			0.9747393753324783
5679.8			0.9878094698883847
5680.700000000001			0.9977555847221901
5681.6			0.9513814455174558
5682.5			0.8857450984858845
5683.4			0.868045829466845
5684.3			0.8883393531550825
5685.200000000001			0.9223355934517702
5686.1			0.9367896759276858
5687.0			0.9190713412282716
5687.9			0.9013588235913668
5688.8			0.9182377605119809
5689.700000000001			0.9597270077602387
5690.6			0.982322349420625
5691.5			0.999118795131903
5692.4			1.0
5693.3			1.0
5694.200000000001			1.0
5695.1			1.0
5696.0			1.0
5696.9			1.0
5697.8			1.0
5698.700000000001			1.0
5699.6			1.0
5700.5			0.9590505549114947
5701.4			0.9124129362149694
5702.3			0.930262258867685
5703.200000000001			0.9820994439866629
5704.1			1.0004655052119888
5705.0			0.9648327530540882
5705.9			0.9189224659096904
5706.8			0.9061316768589297
5707.700000000001			0.895828000955431
5708.6			0.8625051590929828
5709.5			0.8540046104660121
5710.4			0.8775007031932379
5711.3			0.8808691969560317
5712.200000000001			0.8959717531192222
5713.1			0.9609156358915024
5714.0			1.0068420500106583
5714.9			1.0080626818141798
5715.8			1.0121958830197826
5716.700000000001			1.0183983673205035
5717.6			1.002542470967489
5718.5			1.0002290155609692
5719.4			1.0
5720.3			1.0
5721.200000000001			1.0
5722.1			1.0
5723.0			1.0
5723.9			1.0
5724.8			1.0
5725.700000000001			1.0
5726.6			1.0
5727.5			1.0
5728.4			1.0
5729.3			1.0
5730.200000000001			1.0
5731.1			1.0
5732.0			1.0
5732.9			1.0
5733.8			1.0
5734.700000000001			1.0
5735.6			1.0
5736.5			1.0
5737.4			1.0
5738.3			1.0
5739.200000000001			1.0
5740.1			1.0
5741.0			1.0
5741.9			1.0
5742.8			1.0
5743.700000000001			1.0
5744.6			1.0
5745.5			1.0
5746.4			1.0
5747.3			1.0
5748.200000000001			1.0
5749.1			1.0
5750.0			1.0354046839270592
5750.9			1.032556369944418
5751.8			0.9808436465719335
5752.700000000001			0.9112123872295246
5753.6			0.8694840438893656
5754.5			0.8858252215575843
5755.4			0.9435427054750409
5756.3			0.9883123321347927
5757.200000000001			1.0
5758.1			1.0057893917295795
5759.0			0.9931127693395952
5759.9			0.963264904798267
5760.8			0.9394253219549257
5761.700000000001			0.9138517777491187
5762.6			0.8917568618403892
5763.5			0.9194820640609701
5764.4			0.9817590128063065
5765.3			1.0098392058469556
5766.200000000001			1.0030912680195294
5767.1			0.9998907325031943
5768.0			1.0
5768.9			1.0
5769.8			1.0
5770.700000000001			1.0
5771.6			1.0
5772.5			0.9926744231519316
5773.4			0.998005694127488
5774.3			0.9903711096942432
5775.200000000001			0.9836489163304001
5776.1			1.006048769187061
5777.0			1.0260361790933643
5777.9			1.0137361583077538
5778.8			0.9679125956561989
5779.700000000001			0.8988572989895416
5780.6			0.8487275521464739
5781.5			0.8571479460430731
5782.4			0.9009752979800886
5783.3			0.9319975707503464
5784.200000000001			0.9275937319500661
5785.1			0.9128942267337268
5786.0			0.9340364964827244
5786.9			0.9716766310831443
5787.8			0.988232660311384
5788.700000000001			1.0001512950489377
5789.6			1.0
5790.5			1.0
5791.4			1.0
5792.3			1.0
5793.200000000001			1.0
5794.1			1.0
5795.0			1.0
5795.9			1.0
5796.8			1.0
5797.700000000001			1.0
5798.6			1.0
5799.5			1.0
5800.4			1.0
5801.3			1.0
5802.200000000001			1.0
5803.1			1.0
5804.0			1.0
5804.9			1.0
5805.8			1.0
5806.700000000001			1.0
5807.6			1.0
5808.5			1.0
5809.4			1.0
5810.3			1.0
5811.200000000001			1.0
5812.1			1.0
5813.0			1.0
5813.9			1.0
5814.8			1.0
5815.700000000001			1.0
5816.6			1.0
5817.5			1.0
5818.4			1.0
5819.3			1.0
5820.200000000001			1.0
5821.1			1.0
5822.0			1.0
5822.9			1.0
5823.8			1.0
5824.700000000001			1.0
5825.6			1.0
5826.5			1.0
5827.4			1.0
5828.3			1.0
5829.200000000001			1.0
5830.1			1.0
5831.0			1.0
5831.9			1.0
5832.8			1.0
5833.700000000001			1.0
5834.6			1.0
5835.5			1.0
5836.4			1.0
5837.3			1.0
5838.200000000001			1.0
5839.1			1.0
5840.0			1.0
5840.9			1.0
5841.8			1.0
5842.700000000001			1.0
5843.6			1.0
5844.5			1.0
5845.4			1.0
5846.3			0.9910950529837584
5847.200000000001			0.9793334768584657
5848.1			0.971642140017042
5849.0			0.9720324917846742
5849.9			0.9809251539285871
5850.8			0.991232621572026
5851.700000000001			0.9801818567745522
5852.6			0.929603217195921
5853.5			0.8813895852275649
5854.4			0.896437854752419
5855.3			0.940987521079528
5856.200000000001			0.9337787993515472
5857.1			0.8847856230626325
5858.0			0.8683723340041984
5858.9			0.8996012830722178
5859.8			0.9363267178964975
5860.700000000001			0.9605656736325017
5861.6			0.9564767814826344
5862.5			0.938210108473048
5863.4			0.9520603045577624
5864.3			0.985228547166357
5865.200000000001			0.9969618960753748
5866.1			0.9875374009883485
5867.0			0.9740212677114436
5867.9			0.9763497712908347
5868.8			0.9898849285401907
5869.700000000001			0.9999230467327914
5870.6			1.0
5871.5			1.0
5872.4			1.0
5873.3			1.0
5874.200000000001			1.0
5875.1			1.0
5876.0			1.0
5876.9			1.0
5877.8			1.0
5878.700000000001			1.0
5879.6			1.0
5880.5			1.0
5881.4			1.0
5882.3			1.0
5883.200000000001			1.0
5884.1			1.0
5885.0			1.0
5885.9			1.0270590620699813
5886.8			1.0383575116825292
5887.700000000001			1.0046796176937742
5888.6			0.8575188302838103
5889.5			0.6714562365407262
5890.4			0.6838716170082274
5891.3			0.8651880297149893
5892.200000000001			0.9767341856676759
5893.1			1.00100467547575
5894.0			1.0
5894.9			1.0
5895.8			1.0
5896.700000000001			1.0
5897.6			1.0
5898.5			1.0
5899.4			1.0
5900.3			1.0
5901.200000000001			1.0
5902.1			1.0
5903.0			1.0
5903.9			1.0
5904.8			1.0
5905.700000000001			1.0
5906.6			1.0
5907.5			1.0
5908.4			1.0
5909.3			1.0
5910.200000000001			1.0
5911.1			1.0
5912.0			1.0
5912.9			1.0
5913.8			1.0
5914.700000000001			1.0
5915.6			1.0
5916.5			1.0
5917.4			1.0
5918.3			1.0
5919.200000000001			1.0
5920.1			1.0
5921.0			1.0
5921.9			1.0
5922.8			1.0
5923.700000000001			1.0
5924.6			1.0
5925.5			1.0171724744874397
5926.4			1.0212783066419917
5927.3			1.0041014970910092
5928.200000000001			0.9815169678340199
5929.1			0.9517593338939836
5930.0			0.9317598116203445
5930.9			0.9626633434148465
5931.8			1.0156897823431894
5932.700000000001			1.0359873975430365
5933.6			1.019211881742862
5934.5			0.9992132472585411
5935.4			1.0
5936.3			1.0
5937.200000000001			1.0
5938.1			1.0
5939.0			1.0
5939.9			1.0
5940.8			1.0
5941.700000000001			1.0
5942.6			1.0
5943.5			1.0
5944.4			1.0
5945.3			1.0
5946.200000000001			1.0
5947.1			1.0
5948.0			1.0
5948.9			1.0
5949.8			1.0
5950.700000000001			1.0
5951.6			1.0
5952.5			1.0
5953.4			1.0
5954.3			1.0
5955.200000000001			1.0
5956.1			1.0
5957.0			1.0
5957.9			1.0
5958.8			1.0
5959.700000000001			1.0
5960.6			1.0
5961.5			1.0
5962.4			1.0
5963.3			1.0
5964.200000000001			1.0
5965.1			1.0
5966.0			1.0
5966.9			1.0
5967.8			1.0
5968.700000000001			1.0
5969.6			1.0
5970.5			1.0
5971.4			1.0
5972.3			1.0
5973.200000000001			1.0
5974.1			1.0
5975.0			1.0
5975.9			1.0
5976.8			1.0
5977.700000000001			1.0
5978.6			1.0
5979.5			1.0
5980.4			1.0
5981.3			1.0
5982.200000000001			1.0
5983.1			1.0
5984.0			1.0
5984.9			1.0
5985.8			1.0
5986.700000000001			1.0
5987.6			1.0
5988.5			1.0
5989.4			1.0
5990.3			1.0
5991.200000000001			1.0
5992.1			1.0
5993.0			1.0
5993.9			1.0
5994.8			1.0
5995.700000000001			1.0
5996.6			1.0
5997.5			1.0
5998.4			1.0
5999.3			1.0
6000.200000000001			1.0
6001.1			1.0
6002.0			1.0
6002.9			1.0
6003.8			1.0007369492302158
6004.700000000001			1.025062627269022
6005.6			1.029428822113594
6006.5			1.0103673947689549
6007.4			0.9650832572235195
6008.3			0.9306169067059541
6009.200000000001			0.9631434221859592
6010.1			1.0269754658233994
6011.0			1.0508393145081252
6011.9			1.0337926659924452
6012.8			1.000309226717104
6013.700000000001			1.0
6014.6			1.0
6015.5			1.0
6016.4			1.0
6017.3			1.0
6018.200000000001			1.0
6019.1			1.0
6020.0			1.0
6020.9			1.0
6021.8			1.0
6022.700000000001			1.0
6023.6			1.0
6024.5			1.0
6025.4			1.0
6026.3			1.0
6027.200000000001			1.0
6028.1			1.0
6029.0			1.0
6029.9			1.0
6030.8			1.0
6031.700000000001			1.0
6032.6			1.0
6033.5			1.0
6034.4			1.0
6035.3			1.0
6036.200000000001			1.0
6037.1			1.0
6038.0			1.0
6038.9			1.0
6039.8			1.0
6040.700000000001			1.0
6041.6			1.0
6042.5			1.0
6043.4			1.0
6044.3			1.0
6045.200000000001			1.0
6046.1			1.0
6047.0			1.0
6047.9			1.0
6048.8			1.0
6049.700000000001			1.0
6050.6			1.0
6051.5			1.0
6052.4			1.0
6053.3			1.0
6054.200000000001			1.0
6055.1			1.0
6056.0			1.0
6056.9			1.0
6057.8			1.0
6058.700000000001			1.0
6059.6			1.0
6060.5			1.0
6061.4			1.0
6062.3			1.0
6063.200000000001			1.0
6064.1			1.0
6065.0			1.0
6065.9			1.0
6066.8			1.0
6067.700000000001			1.0
6068.6			1.0
6069.5			1.0
6070.4			1.0
6071.3			1.0
6072.200000000001			1.0
6073.1			1.0
6074.0			1.0
6074.9			1.0
6075.8			1.0
6076.700000000001			1.0
6077.6			1.0
6078.5			1.0
6079.4			1.0
6080.3			1.0
6081.200000000001			1.0
6082.1			1.0
6083.0			1.0
6083.9			1.0
6084.8			1.0
6085.700000000001			1.0
6086.6			1.0
6087.5			1.0
6088.4			1.0
6089.3			1.0
6090.200000000001			1.0
6091.1			1.0
6092.0			1.0
6092.9			1.0
6093.8			1.0
6094.700000000001			1.0
6095.6			1.0
6096.5			1.0
6097.4			1.0
6098.3			1.0
6099.200000000001			1.0
6100.1			1.004517723863154
6101.0			0.97988612290273
6101.9			0.9064187473287446
6102.8			0.8344222718053927
6103.700000000001			0.8608989629861644
6104.6			0.9560582943165744
6105.5			1.0006577070713858
6106.4			1.0
6107.3			1.0
6108.200000000001			1.0
6109.1			1.0
6110.0			1.0
6110.9			1.0
6111.8			1.0
6112.700000000001			1.0
6113.6			1.0
6114.5			1.0
6115.4			1.0
6116.3			1.0
6117.200000000001			1.0
6118.1			1.0
6119.0			1.0
6119.9			0.9960079569010005
6120.8			0.978876250457941
6121.700000000001			0.93228617993884
6122.6			0.9033025632388784
6123.5			0.9449434435962392
6124.4			0.9946525377594233
6125.3			0.999267885838539
6126.200000000001			1.0
6127.1			1.0
6128.0			1.0
6128.9			1.0
6129.8			1.0
6130.700000000001			1.0
6131.6			1.0
6132.5			1.0
6133.4			1.0198501033610308
6134.3			1.0348165469175934
6135.200000000001			1.0039203690724696
6136.1			0.9018468931636181
6137.0			0.7920386928465971
6137.9			0.8007287102398514
6138.8			0.9284719985203055
6139.700000000001			1.025512885235898
6140.6			1.001943404713079
6141.5			1.0
6142.4			1.0
6143.3			1.0
6144.200000000001			1.0
6145.1			1.0
6146.0			1.0
6146.9			1.0
6147.8			1.0
6148.700000000001			1.0
6149.6			1.0
6150.5			1.0
6151.4			1.0
6152.3			1.0
6153.200000000001			1.0
6154.1			1.0
6155.0			1.0
6155.9			1.0127676482049686
6156.8			1.0303430497464423
6157.700000000001			1.0237031941627401
6158.6			1.0264659389550417
6159.5			1.0380341966412647
6160.4			0.999943383877503
6161.3			0.9162754599790126
6162.200000000001			0.8647726202094556
6163.1			0.8857005937429413
6164.0			0.9466193351528048
6164.9			0.9931112985851318
6165.8			1.005836887332911
6166.700000000001			1.0139407986017521
6167.6			1.0317872727250137
6168.5			1.000711883890561
6169.4			1.0
6170.3			1.0
6171.200000000001			1.0
6172.1			1.0
6173.0			1.0
6173.9			1.0
6174.8			1.0
6175.700000000001			1.0
6176.6			1.0
6177.5			1.0
6178.4			1.0
6179.3			1.0
6180.200000000001			1.0
6181.1			1.0
6182.0			1.0
6182.9			1.0
6183.8			1.0
6184.700000000001			1.0
6185.6			1.0
6186.5			1.0
6187.4			1.0
6188.3			1.0
6189.200000000001			1.0174497786713983
6190.1			0.9926388543595659
6191.0			0.9103548837448766
6191.9			0.8689959442245535
6192.8			0.933165166796285
6193.700000000001			0.9990163342282572
6194.6			0.9994422873150469
6195.5			1.0
6196.4			1.0
6197.3			1.0
6198.200000000001			1.0
6199.1			1.0
6200.0			1.0
6200.9			1.0
6201.8			1.0
6202.700000000001			1.0
6203.6			1.0
6204.5			1.0
6205.4			1.0
6206.3			1.0
6207.200000000001			1.0
6208.1			1.0
6209.0			1.0
6209.9			1.0
6210.8			1.0
6211.700000000001			1.0
6212.6			1.0
6213.5			1.0
6214.4			1.0
6215.3			1.0
6216.200000000001			1.0
6217.1			1.0
6218.0			1.0
6218.9			1.0
6219.8			1.0
6220.700000000001			1.0
6221.6			1.0
6222.5			1.0
6223.4			1.0
6224.3			1.0
6225.200000000001			1.0
6226.1			0.9946867663108933
6227.0			0.9898774701853927
6227.9			0.9877180229681071
6228.8			0.9657887058582675
6229.700000000001			0.9087464501980085
6230.6			0.8512956013413875
6231.5			0.8515529202904358
6232.4			0.8927351279238003
6233.3			0.9275375153328216
6234.200000000001			0.9668524357478279
6235.1			1.001010072936369
6236.0			1.0
6236.9			1.0
6237.8			1.0
6238.700000000001			1.0
6239.6			1.0
6240.5			1.021486993336112
6241.4			1.0762798842084678
6242.3			1.106594506209323
6243.200000000001			1.0766650364084653
6244.1			1.0328528126664225
6245.0			0.9965347423792789
6245.9			0.957835331819677
6246.8			0.9486669584408872
6247.700000000001			0.9953076549912998
6248.6			1.069923227043468
6249.5			1.13167933973143
6250.4			1.1522343702989786
6251.3			1.116176912893308
6252.200000000001			1.045942479231403
6253.1			1.0004870723381258
6254.0			1.0
6254.9			1.0
6255.8			1.0
6256.700000000001			1.0
6257.6			1.0
6258.5			1.0
6259.4			1.0
6260.3			1.0
6261.200000000001			1.0
6262.1			1.0
6263.0			1.0
6263.9			1.0
6264.8			1.0
6265.700000000001			1.0
6266.6			1.0
6267.5			1.0
6268.4			1.0
6269.3			1.0
6270.200000000001			1.0
6271.1			1.0
6272.0			1.0
6272.9			1.0
6273.8			1.0096108999767917
6274.700000000001			1.0092771971584693
6275.6			1.0106309641654516
6276.5			1.0022328200910209
6277.4			0.9848480286608094
6278.3			0.9641419689207642
6279.200000000001			0.9251760215601277
6280.1			0.8846998486289066
6281.0			0.8922103719948519
6281.9			0.9293286250240052
6282.8			0.9497829153051053
6283.700000000001			0.9610109378264864
6284.6			0.9783846032437507
6285.5			0.9930822617252829
6286.4			1.0013733377622398
6287.3			1.0
6288.200000000001			1.0
6289.1			1.0
6290.0			1.0
6290.9			1.0
6291.8			1.0
6292.700000000001			1.0
6293.6			1.0
6294.5			1.0056805595998493
6295.4			1.0096767143931031
6296.3			0.9895073293215229
6297.200000000001			0.9536394579155345
6298.1			0.9318661462294004
6299.0			0.938446979996927
6299.9			0.9367430148782453
6300.8			0.8953938227936279
6301.700000000001			0.8599564596222649
6302.6			0.8860929924678371
6303.5			0.9537507203845051
6304.4			1.000873833953569
6305.3			1.0050038559184782
6306.200000000001			1.0001963632275457
6307.1			1.007316122150428
6308.0			1.0
6308.9			0.9879470493343709
6309.8			0.9565002589799328
6310.700000000001			0.9355812858682411
6311.6			0.9525452997441501
6312.5			0.9821465403438108
6313.4			0.9803479150636429
6314.3			0.9362702895544183
6315.200000000001			0.8902966322465696
6316.1			0.8968751884373021
6317.0			0.919601078572141
6317.9			0.8984316144487192
6318.8			0.8830674496115176
6319.700000000001			0.9068333856046699
6320.6			0.932248491858526
6321.5			0.9340164972397633
6322.4			0.9315581417444099
6323.3			0.9529298334284999
6324.200000000001			0.9998674047170749
6325.1			1.0338251063727781
6326.0			1.0366887277677552
6326.9			1.0170078673176737
6327.8			0.9961190052175782
6328.700000000001			1.0004927439999203
6329.6			1.0
6330.5			0.9847837074497677
6331.4			0.9778662662198008
6332.3			0.9957391324606261
6333.200000000001			1.0131977487707415
6334.1			0.9949117296730281
6335.0			0.9352931494112581
6335.9			0.8860052574866296
6336.8			0.8902507044794012
6337.700000000001			0.9276187779916374
6338.6			0.9540054219649012
6339.5			0.9620471779255376
6340.4			0.9805195314947381
6341.3			1.0000178447924355
6342.200000000001			1.0
6343.1			1.0
6344.0			1.0
6344.9			1.0
6345.8			1.0
6346.700000000001			1.0
6347.6			1.0
6348.5			1.0
6349.4			1.0
6350.3			1.0
6351.200000000001			1.0
6352.1			1.0
6353.0			1.0
6353.9			1.0
6354.8			1.0
6355.700000000001			1.0
6356.6			1.0
6357.5			1.0
6358.4			1.0
6359.3			1.0
6360.200000000001			1.0
6361.1			1.0
6362.0			1.0
6362.9			1.0
6363.8			1.0
6364.700000000001			1.0
6365.6			1.0
6366.5			1.0
6367.4			1.0
6368.3			1.0
6369.200000000001			1.0
6370.1			1.0
6371.0			1.0
6371.9			1.0
6372.8			1.0
6373.700000000001			1.0
6374.6			1.0
6375.5			1.0
6376.4			1.0
6377.3			1.0
6378.200000000001			1.0
6379.1			1.0
6380.0			1.0
6380.9			1.0
6381.8			1.0
6382.700000000001			1.0
6383.6			1.0
6384.5			1.0
6385.4			1.0
6386.3			1.0
6387.200000000001			1.0
6388.1			1.0
6389.0			1.0
6389.9			1.0
6390.8			1.0
6391.700000000001			1.0
6392.6			1.0
6393.5			1.0
6394.4			1.0
6395.3			1.0
6396.200000000001			1.0
6397.1			1.0101094423824615
6398.0			1.000826531107896
6398.9			0.9526997507551058
6399.8			0.8764993976514535
6400.700000000001			0.8589141036693315
6401.6			0.9324309802518835
6402.5			0.9900631428498128
6403.4			0.9949825501464158
6404.3			0.9983168605196527
6405.200000000001			1.0
6406.1			1.0
6407.0			1.0
6407.9			1.0
6408.8			1.0
6409.700000000001			1.0
6410.6			1.0
6411.5			1.0
6412.4			1.0
6413.3			1.0462632956106872
6414.200000000001			1.0477486928990993
6415.1			1.0198730268036285
6416.0			1.0095782697543676
6416.9			0.9957938142043036
6417.8			0.999659919402011
6418.700000000001			1.019671875175526
6419.6			0.9946059191842254
6420.5			0.9359338798064838
6421.4			0.9212348196942339
6422.3			0.9752272346289159
6423.200000000001			1.0424780400632379
6424.1			1.0591635143394191
6425.0			1.040231591133669
6425.9			1.0318986932039687
6426.8			1.0
6427.700000000001			1.0054874690609399
6428.6			1.0002661631662821
6429.5			0.9748977577810218
6430.4			0.9206919784254746
6431.3			0.8714551294010233
6432.200000000001			0.8669558340581566
6433.1			0.8960619888847781
6434.0			0.9498004343197126
6434.9			1.0015895501182395
6435.8			1.0154169793610075
6436.700000000001			1.0005622349190404
6437.6			1.0
6438.5			1.0
6439.4			1.0
6440.3			1.0
6441.200000000001			1.0
6442.1			1.0
6443.0			1.0
6443.9			1.0
6444.8			1.0
6445.700000000001			1.0
6446.6			1.0
6447.5			1.0
6448.4			1.0
6449.3			1.0
6450.200000000001			1.0
6451.1			1.0
6452.0			1.0
6452.9			1.0
6453.8			0.9897648439651867
6454.700000000001			0.9521114093168613
6455.6			0.8774802783193004
6456.5			0.8284438649779436
6457.4			0.8767399318117362
6458.3			0.963317467970757
6459.200000000001			1.0000710441702694
6460.1			1.0
6461.0			1.0
6461.9			1.0
6462.8			1.0
6463.700000000001			1.0
6464.6			1.0
6465.5			1.0
6466.4			1.0
6467.3			1.0
6468.200000000001			1.0
6469.1			1.0
6470.0			1.0
6470.9			1.0
6471.8			1.0
6472.700000000001			1.0
6473.6			1.0
6474.5			1.0
6475.4			1.0
6476.3			1.0
6477.200000000001			1.0
6478.1			1.0
6479.0			1.0
6479.9			1.0
6480.8			1.0
6481.700000000001			1.0
6482.6			1.0
6483.5			1.0
6484.4			1.0
6485.3			1.0
6486.200000000001			1.0012604641013756
6487.1			0.9987720195365108
6488.0			1.0040171665900028
6488.9			1.0045516201157896
6489.8			0.9899982253435431
6490.700000000001			0.9546296528600309
6491.6			0.917941650299372
6492.5			0.9013146812041849
6493.4			0.8586845581290095
6494.3			0.7833452376928469
6495.200000000001			0.7474372568544236
6496.1			0.7495656486000495
6497.0			0.7669038464194755
6497.9			0.8342662315763889
6498.8			0.8920840489888532
6499.700000000001			0.8975422213005735
6500.6			0.9274293408244364
6501.5			0.9719009337451627
6502.4			0.9901627902314877
6503.3			0.9978408449818001
6504.200000000001			1.000315218211028
6505.1			1.0
6506.0			1.0
6506.9			1.0
6507.8			1.0
6508.700000000001			1.0
6509.6			1.0
6510.5			1.0
6511.4			1.0
6512.3			1.0
6513.200000000001			1.0
6514.1			1.0
6515.0			1.0
6515.9			1.0
6516.8			1.0
6517.700000000001			1.0
6518.6			1.0
6519.5			1.0
6520.4			1.0
6521.3			1.0
6522.200000000001			1.0
6523.1			1.0
6524.0			1.0
6524.9			1.0
6525.8			1.0
6526.700000000001			1.0
6527.6			1.0
6528.5			1.0
6529.4			1.0
6530.3			1.0
6531.200000000001			1.0
6532.1			1.0
6533.0			1.0
6533.9			1.0
6534.8			1.0
6535.700000000001			1.0
6536.6			1.0
6537.5			1.0
6538.4			1.0
6539.3			1.0
6540.200000000001			1.0
6541.1			1.0
6542.0			1.0
6542.9			1.0
6543.8			1.0
6544.700000000001			1.0
6545.6			1.0
6546.5			1.0
6547.4			1.0
6548.3			1.0
6549.200000000001			1.0
6550.1			1.0
6551.0			1.0
6551.9			1.0
6552.8			1.0
6553.700000000001			1.0
6554.6			1.0
6555.5			1.0
6556.4			1.0
6557.3			1.014426918363032
6558.200000000001			1.008852826349971
6559.1			0.9671675853451518
6560.0			0.9140716619829092
6560.9			0.8397356341705424
6561.8			0.6745741797224364
6562.700000000001			0.4881596655257534
6563.6			0.5193156117573818
6564.5			0.7513822017441113
6565.4			0.9258934799002135
6566.3			0.983473466387009
6567.200000000001			1.0042463480734167
6568.1			0.999801369845528
6569.0			1.0
6569.9			1.0
6570.8			1.0
6571.700000000001			1.0
6572.6			1.0
6573.5			1.0
6574.4			1.0
6575.3			1.0
6576.200000000001			1.0
6577.1			1.0
6578.0			1.0
6578.9			1.0
6579.8			1.0
6580.700000000001			1.0
6581.6			1.0
6582.5			1.0
6583.4			1.0
6584.3			1.0
6585.200000000001			1.0
6586.1			1.0
6587.0			1.0
6587.9			1.0
6588.8			1.0
6589.700000000001			1.0062524464513132
6590.6			1.0063836975299185
6591.5			0.9850177337666002
6592.4			0.9117805533800519
6593.3			0.8432461218959727
6594.200000000001			0.8704673092687719
6595.1			0.9583958325086331
6596.0			1.0060560619584182
6596.9			1.0010744051033191
6597.8			1.0
6598.700000000001			1.0
6599.6			1.0
6600.5			1.0
6601.4			1.0
6602.3			1.0
6603.200000000001			1.0
6604.1			1.0
6605.0			1.0
6605.9			1.0
6606.8			1.0
6607.700000000001			1.0
6608.6			1.0
6609.5			1.0
6610.4			1.0
6611.3			1.0
6612.200000000001			1.0
6613.1			1.0
6614.0			1.0
6614.9			1.0
6615.8			1.0
6616.700000000001			1.0
6617.6			1.0
6618.5			1.0
6619.4			1.0
6620.3			1.0
6621.200000000001			1.0
6622.1			1.0
6623.0			1.0
6623.9			1.0
6624.8			1.0
6625.700000000001			1.0
6626.6			1.0
6627.5			1.0
6628.4			1.0
6629.3			1.0
6630.200000000001			1.0
6631.1			1.0
6632.0			1.0
6632.9			1.0
6633.8			1.0
6634.700000000001			1.0
6635.6			1.0
6636.5			1.0
6637.4			1.0
6638.3			1.0
6639.200000000001			1.0
6640.1			1.0
6641.0			1.0
6641.9			1.0
6642.8			1.0
6643.700000000001			1.0
6644.6			1.0
6645.5			1.0
6646.4			1.0
6647.3			1.0
6648.200000000001			1.0
6649.1			1.0
6650.0			1.0
6650.9			1.0
6651.8			1.0
6652.700000000001			1.0
6653.6			1.0
6654.5			1.0
6655.4			1.0
6656.3			1.0
6657.200000000001			1.0
6658.1			1.0
6659.0			1.0
6659.9			1.0
6660.8			1.0
6661.700000000001			1.0
6662.6			1.0
6663.5			1.0
6664.4			1.0
6665.3			1.0
6666.200000000001			1.0
6667.1			1.0
6668.0			1.0
6668.9			1.0
6669.8			1.0
6670.700000000001			1.0
6671.6			1.0
6672.5			1.0
6673.4			1.0
6674.3			1.0
6675.200000000001			1.003187750997991
6676.1			0.9943406893732568
6677.0			0.9502265873255166
6677.9			0.8879754947568474
6678.8			0.8840974704511768
6679.700000000001			0.9326652156769272
6680.6			0.9678730690186684
6681.5			0.9885080162040314
6682.4			1.0000622952878448
6683.3			1.0
6684.200000000001			1.0
6685.1			1.0
6686.0			1.0
6686.9			1.0
6687.8			1.0
6688.700000000001			1.0
6689.6			1.0
6690.5			1.0
6691.4			1.0
6692.3			1.0
6693.200000000001			1.0
6694.1			1.0
6695.0			1.0
6695.9			1.0
6696.8			1.0
6697.700000000001			1.0
6698.6			1.0
6699.5			1.0
6700.4			1.0
6701.3			1.0
6702.200000000001			1.0
6703.1			1.0
6704.0			1.0
6704.9			1.0
6705.8			1.0
6706.700000000001			1.0
6707.6			1.0
6708.5			1.0
6709.4			1.0
6710.3			1.0
6711.200000000001			1.0
6712.1			1.0
6713.0			1.0
6713.9			1.0
6714.8			1.0
6715.700000000001			1.0
6716.6			1.0
6717.5			1.0
6718.4			1.0
6719.3			1.0
6720.200000000001			1.0
6721.1			1.0
6722.0			1.0
6722.9			1.0
6723.8			1.0
6724.700000000001			1.0
6725.6			1.0
6726.5			1.0
6727.4			1.0
6728.3			1.0
6729.200000000001			1.0
6730.1			1.0
6731.0			1.0
6731.9			1.0
6732.8			1.0
6733.700000000001			1.0
6734.6			1.0
6735.5			1.0
6736.4			1.0
6737.3			1.0
6738.200000000001			1.0
6739.1			1.0
6740.0			1.0
6740.9			1.0
6741.8			1.0
6742.700000000001			1.0
6743.6			1.0
6744.5			1.0
6745.4			1.0
6746.3			1.0
6747.200000000001			1.0
6748.1			1.0
6749.0			1.0
6749.9			1.0
6750.8			1.0
6751.700000000001			1.0
6752.6			1.0
6753.5			1.0
6754.4			1.0
6755.3			1.0
6756.200000000001			1.0
6757.1			1.0
6758.0			1.0
6758.9			1.0
6759.8			1.0
6760.700000000001			1.0
6761.6			1.0
6762.5			1.0
6763.4			1.0
6764.3			1.0
6765.200000000001			1.0
6766.1			1.0
6767.0			1.0
6767.9			1.0
6768.8			1.0
6769.700000000001			1.0
6770.6			1.0
6771.5			1.0
6772.4			1.0
6773.3			1.0
6774.200000000001			1.0
6775.1			1.0
6776.0			1.0
6776.9			1.0
6777.8			1.0
6778.700000000001			1.0
6779.6			1.0
6780.5			1.0
6781.4			1.0
6782.3			1.0
6783.200000000001			1.0
6784.1			1.0
6785.0			1.0
6785.9			1.0
6786.8			1.0
6787.700000000001			1.0
6788.6			1.0
6789.5			1.0
6790.4			1.0
6791.3			1.0
6792.200000000001			1.0
6793.1			1.0
6794.0			1.0
6794.9			1.0
6795.8			1.0
6796.700000000001			1.0
6797.6			1.0
6798.5			1.0
6799.4			1.0
6800.3			1.0
6801.200000000001			1.0
6802.1			1.0
6803.0			1.0
6803.9			1.0
6804.8			1.0
6805.700000000001			1.0
6806.6			1.0
6807.5			1.0
6808.4			1.0
6809.3			1.0
6810.200000000001			1.0
6811.1			1.0
6812.0			1.0
6812.9			1.0
6813.8			1.0
6814.700000000001			1.0
6815.6			1.0
6816.5			1.0
6817.4			1.0
6818.3			1.0
6819.200000000001			1.0
6820.1			1.0
6821.0			1.0
6821.9			1.0
6822.8			1.0
6823.700000000001			1.0
6824.6			1.0
6825.5			1.0
6826.4			1.0
6827.3			1.0
6828.200000000001			1.0
6829.1			1.0
6830.0			1.0
6830.9			1.0
6831.8			1.0
6832.700000000001			1.0
6833.6			1.0
6834.5			1.0
6835.4			1.0
6836.3			1.0
6837.200000000001			1.0
6838.1			1.0
6839.0			1.0
6839.9			1.0
6840.8			1.0
6841.700000000001			1.0
6842.6			1.0
6843.5			1.0
6844.4			1.0
6845.3			1.0
6846.200000000001			1.0
6847.1			1.0
6848.0			1.0
6848.9			1.0
6849.8			1.0
6850.700000000001			1.0
6851.6			1.0
6852.5			1.0
6853.4			1.0
6854.3			1.0
6855.200000000001			1.0
6856.1			1.0
6857.0			1.0
6857.9			1.0
6858.8			1.0
6859.700000000001			1.0
6860.6			1.0
6861.5			1.0
6862.4			1.0
6863.3			1.0
6864.200000000001			1.0
6865.1			1.0
6866.0			1.0
6866.9			1.0
6867.8			1.0
6868.700000000001			1.0
6869.6			1.0
6870.5			1.0
6871.4			1.0
6872.3			1.0
6873.200000000001			1.0
6874.1			1.0
6875.0			1.0
6875.9			1.0
6876.8			1.0
6877.700000000001			1.0
6878.6			1.0
6879.5			1.0
6880.4			1.0
6881.3			1.0
6882.200000000001			1.0
6883.1			1.0
6884.0			1.0
6884.9			1.0
6885.8			1.0
6886.700000000001			1.0
6887.6			1.0
6888.5			1.0
6889.4			1.0
6890.3			1.0
6891.200000000001			1.0
6892.1			1.0
6893.0			1.0
6893.9			1.0
6894.8			1.0
6895.700000000001			1.0
6896.6			1.0
6897.5			1.0
6898.4			1.0
6899.3			1.0
6900.200000000001			1.0
6901.1			1.0
6902.0			1.0
6902.9			1.0
6903.8			1.0
6904.700000000001			1.0
6905.6			1.0
6906.5			1.0
6907.4			1.0
6908.3			1.0
6909.200000000001			1.0
6910.1			1.0
6911.0			1.0
6911.9			1.0
6912.8			1.0
6913.700000000001			1.0
6914.6			1.0
6915.5			1.0
6916.4			1.0
6917.3			1.0
6918.200000000001			1.0
6919.1			1.0
6920.0			1.0
6920.9			1.0
6921.8			1.0
6922.700000000001			1.0
6923.6			1.0
6924.5			1.0
6925.4			1.0
6926.3			1.0
6927.200000000001			1.0
6928.1			1.0
6929.0			1.0
6929.9			1.0
6930.8			1.0
6931.700000000001			1.0
6932.6			1.0
6933.5			1.0
6934.4			1.0
6935.3			1.0
6936.200000000001			1.0
6937.1			1.0
6938.0			1.0
6938.9			1.0
6939.8			1.0
6940.700000000001			1.0
6941.6			1.0
6942.5			1.0
6943.4			1.0
6944.3			1.0
6945.200000000001			1.0
6946.1			1.0
6947.0			1.0
6947.9			1.0
6948.8			1.0
6949.700000000001			1.0
6950.6			1.0
6951.5			1.0
6952.4			1.0
6953.3			1.0
6954.200000000001			1.0
6955.1			1.0
6956.0			1.0
6956.9			1.0
6957.8			1.0
6958.700000000001			1.0
6959.6			1.0
6960.5			1.0
6961.4			1.0
6962.3			1.0
6963.200000000001			1.0
6964.1			1.0
6965.0			1.0
6965.9			1.0
6966.8			1.0
6967.700000000001			1.0
6968.6			1.0
6969.5			1.0
6970.4			1.0
6971.3			1.0
6972.200000000001			1.0
6973.1			1.0057103372307155
6974.0			1.0048341684953794
6974.9			0.9913141434588456
6975.8			0.972295302908279
6976.700000000001			0.9458836764552552
6977.6			0.915333575861518
6978.5			0.8723325721050729
6979.4			0.8634031255723922
6980.3			0.9174364968959269
6981.200000000001			0.9723706564728221
6982.1			0.9991067095541916
6983.0			1.010741880345161
6983.9			1.0089812962925013
6984.8			1.003927813388613
6985.700000000001			1.0000808801235306
6986.6			1.0
6987.5			1.0
6988.4			1.0
6989.3			1.0
6990.200000000001			1.0
6991.1			1.0
6992.0			1.0
6992.9			1.0
6993.8			1.0
6994.700000000001			1.0
6995.6			1.0
6996.5			1.0
6997.4			1.0
6998.3			1.0
6999.200000000001			1.0
7000.1			1.0
7001.0			1.0
7001.9			1.0
7002.8			1.0
7003.700000000001			1.0
7004.6			1.0
7005.5			1.0
7006.4			1.0
7007.3			1.0
7008.200000000001			1.0
7009.1			1.0
7010.0			1.0
7010.9			1.0
7011.8			1.0
7012.700000000001			1.0
7013.6			1.0077372551917532
7014.5			1.007707481650586
7015.4			0.9643880615109689
7016.3			0.9010045362182691
7017.200000000001			0.8931871973917334
7018.1			0.9443357194751202
7019.0			0.9879456072188639
7019.9			1.0013285810918542
7020.8			1.0006276822859093
7021.700000000001			1.0
7022.6			1.0
7023.5			1.0
7024.4			1.0
7025.3			1.0
7026.200000000001			1.0
7027.1			1.0
7028.0			1.0
7028.9			1.0
7029.8			1.0
7030.700000000001			1.0
7031.6			1.0
7032.5			1.0
7033.4			1.0
7034.3			1.0
7035.200000000001			1.0
7036.1			1.0
7037.0			1.0
7037.9			1.0
7038.8			1.0
7039.700000000001			1.0
7040.6			1.0
7041.5			1.0
7042.4			1.0
7043.3			1.0
7044.200000000001			1.0
7045.1			1.0
7046.0			1.0
7046.9			1.0
7047.8			1.0
7048.700000000001			1.0
7049.6			1.0
7050.5			1.0
7051.4			1.0
7052.3			1.0
7053.200000000001			1.0
7054.1			1.0
7055.0			1.0
7055.9			1.0
7056.8			1.0
7057.700000000001			1.0
7058.6			1.0
7059.5			1.0
7060.4			1.0
7061.3			1.0
7062.200000000001			1.0242413650596913
7063.1			1.0385679354261037
7064.0			1.0592279528184065
7064.9			1.0776877822115831
7065.8			1.0551332788728047
7066.700000000001			1.01122405698892
7067.6			0.9950995330694019
7068.5			1.0
7069.4			1.0
7070.3			1.0
7071.200000000001			1.0
7072.1			1.0
7073.0			1.0
7073.9			1.0
7074.8			1.0
7075.700000000001			1.0
7076.6			1.0
7077.5			1.0
7078.4			1.0
7079.3			1.0
7080.200000000001			1.0
7081.1			1.0
7082.0			1.0
7082.9			1.0
7083.8			1.0
7084.700000000001			1.0
7085.6			1.0
7086.5			1.0
7087.4			1.0
7088.3			1.0
7089.200000000001			1.0
7090.1			1.0
7091.0			1.0
7091.9			1.0
7092.8			1.0
7093.700000000001			1.0
7094.6			1.0
7095.5			1.0
7096.4			1.0
7097.3			1.0
7098.200000000001			1.0
7099.1			1.0
7100.0			1.0
7100.9			1.0
7101.8			1.0
7102.700000000001			1.0
7103.6			1.0
7104.5			1.0
7105.4			1.0
7106.3			1.0
7107.200000000001			1.0
7108.1			1.0
7109.0			1.0
7109.9			1.0
7110.8			1.0
7111.700000000001			1.0
7112.6			1.0
7113.5			1.0
7114.4			1.0
7115.3			1.0
7116.200000000001			1.0
7117.1			1.0
7118.0			1.0
7118.9			1.0
7119.8			1.0
7120.700000000001			1.0
7121.6			1.0
7122.5			1.0
7123.4			1.0
7124.3			1.0
7125.200000000001			1.0
7126.1			1.0
7127.0			1.0
7127.9			1.0
7128.8			1.0
7129.700000000001			1.0
7130.6			1.0
7131.5			1.0
7132.4			1.0
7133.3			1.0
7134.200000000001			1.0
7135.1			1.0
7136.0			1.0
7136.9			1.0
7137.8			1.0
7138.700000000001			1.0
7139.6			1.0
7140.5			1.0
7141.4			1.0065863005369708
7142.3			0.998385570194356
7143.200000000001			0.9907080548888132
7144.1			1.0006996388488811
7145.0			1.0061461656728226
7145.9			1.0042708236631925
7146.8			0.9933189490885218
7147.700000000001			0.9446211584067606
7148.6			0.8996748502946738
7149.5			0.9284635946817136
7150.4			0.9853415631400936
7151.3			1.0034091943082841
7152.200000000001			1.0037043407421846
7153.1			1.0110657283551663
7154.0			1.017033146072235
7154.9			1.008140911029425
7155.8			0.9930807672180736
7156.700000000001			1.0052906048972106
7157.6			1.032510001337343
7158.5			1.0385423334828467
7159.4			1.0295918384924487
7160.3			1.0200373485104466
7161.200000000001			1.015610151677212
7162.1			1.0174487938954653
7163.0			1.015014403982331
7163.9			0.9745215463977785
7164.8			0.9086187753023353
7165.700000000001			0.8953204990074752
7166.6			0.9535172702279422
7167.5			1.011582688841115
7168.4			1.035124027238397
7169.3			1.0391202368119337
7170.200000000001			1.0293800154474733
7171.1			1.020154458123977
7172.0			1.0226182155667447
7172.9			1.0274689781611557
7173.8			1.0347811369688718
7174.700000000001			1.0371632256516308
7175.6			1.0165650181870918
7176.5			0.9832994270546545
7177.4			0.9813038874282736
7178.3			1.0098304768529667
7179.200000000001			1.01470782796204
7180.1			0.9817918689888039
7181.0			0.9307572452450564
7181.9			0.9067894205891753
7182.8			0.9527095166784237
7183.700000000001			1.007782989158021
7184.6			1.0181976292874817
7185.5			1.016703616849727
7186.4			0.9910581897578798
7187.3			0.9306377861722089
7188.200000000001			1.0
7189.1			1.0344886698116895
7190.0			1.0559487223612747
7190.9			1.0635482156148695
7191.8			1.070486094306088
7192.700000000001			1.066494867480937
7193.6			1.0507369288786208
7194.5			1.045222036074037
7195.4			1.0710725457131516
7196.3			1.0847950876669135
7197.200000000001			1.066187111210432
7198.1			1.0665457180350177
7199.0			1.105860933580056
7199.9			1.122812269279937
7200.8			1.0953962494290561
7201.700000000001			1.0552699354976791
7202.6			1.0364475594159412
7203.5			1.0581992810373055
7204.4			1.1006669019877697
7205.3			1.1154744543754758
7206.200000000001			1.0704420233721728
7207.1			0.9905021221377049
7208.0			0.9661755060831828
7208.9			1.0112233278230112
7209.8			1.0603639757215697
7210.700000000001			1.091275141896932
7211.6			1.1039904701232353
7212.5			1.0872346438548803
7213.4			1.0631220917930644
7214.3			1.0342786739417482
7215.200000000001			1.0119751043497762
7216.1			1.0220023153630595
7217.0			1.0440527618246007
7217.9			1.0458425050679594
7218.8			1.0397323900640036
7219.700000000001			1.0383540766932675
7220.6			1.0329915673449548
7221.5			1.0152477877847321
7222.4			0.9824968779081301
7223.3			0.9368870547260707
7224.200000000001			0.9272970331718043
7225.1			0.9779121266541468
7226.0			1.0293420002479223
7226.9			1.0419737951275525
7227.8			1.043031032902348
7228.700000000001			1.0411568664169724
7229.6			1.0388944285565345
7230.5			1.0610160805375792
7231.4			1.0868640006393602
7232.3			1.0837006398711786
7233.200000000001			1.0793980816486735
7234.1			1.0835811237934447
7235.0			1.059469584929109
7235.9			1.0332034256238645
7236.8			1.0382396494197605
7237.700000000001			1.0491811891237564
7238.6			1.0458055858215773
7239.5			1.021008567613563
7240.4			1.0062813523887362
7241.3			1.0378577820695825
7242.200000000001			1.068931668529579
7243.1			1.052358500544911
7244.0			1.023054439714113
7244.9			1.007317670190544
7245.8			1.0049931778581358
7246.700000000001			1.0257802014015547
7247.6			1.0515422500799732
7248.5			1.056035625205516
7249.4			1.044428756989966
7250.3			1.0187265992987682
7251.200000000001			1.0002376004222184
7252.1			1.0069539630403535
7253.0			1.0318790442622885
7253.9			1.044088951882918
7254.8			1.0355444609949904
7255.700000000001			1.0249640380966505
7256.6			1.0293328228140897
7257.5			1.0425696124151973
7258.4			1.050213909961691
7259.3			1.0472486549231932
7260.200000000001			1.028964518039302
7261.1			0.9844547313449891
7262.0			0.9441377620435432
7262.9			0.9645917285310422
7263.8			1.0028456550696114
7264.700000000001			1.0025212017437404
7265.6			1.0018069056642407
7266.5			1.0199171516472902
7267.4			1.0276266438066235
7268.3			1.0187734714788523
7269.200000000001			1.00669107508431
7270.1			0.9994000891992442
7271.0			1.0007048475986344
7271.9			0.994483346174598
7272.8			0.9842679069303939
7273.700000000001			0.9996884354593543
7274.6			1.0
7275.5			1.0
7276.4			1.0
7277.3			1.0
7278.200000000001			1.0
7279.1			1.0
7280.0			1.0
7280.9			1.0
7281.8			1.0
7282.700000000001			0.9334886278638939
7283.6			0.9310997614324263
7284.5			0.9630290016859212
7285.4			0.9839841600098528
7286.3			1.0063611538481345
7287.200000000001			1.0
7288.1			0.9629248942789316
7289.0			0.9020592280727284
7289.9			0.8917022915827207
7290.8			0.9305082528075593
7291.700000000001			0.937086361572741
7292.6			0.9254905358944119
7293.5			0.9431156487054081
7294.4			0.9813924303564368
7295.3			1.0125905121224226
7296.200000000001			1.0311282304787994
7297.1			1.039336083108167
7298.0			1.0303224120297847
7298.9			1.0194273022377447
7299.8			1.0048093118197567
7300.700000000001			0.9864656467819283
7301.6			0.9770670544862312
7302.5			0.9863155964420154
7303.4			1.006768018054501
7304.3			1.0186409330008814
7305.200000000001			1.019968529216437
7306.1			1.0042815489871673
7307.0			0.9718536254834602
7307.9			0.9366295894785025
7308.8			0.9352172018477284
7309.700000000001			0.9593739406879527
7310.6			0.9491013843983597
7311.5			0.9314355622154264
7312.4			0.9657525720538228
7313.3			1.014515034845378
7314.200000000001			1.0377003259272066
7315.1			1.04199921297109
7316.0			1.0347400566188056
7316.9			1.0274585551880773
7317.8			1.0278074980901621
7318.700000000001			1.0438591605020238
7319.6			1.0533132976730628
7320.5			1.0372222937837152
7321.4			1.030050480858541
7322.3			1.04909441053815
7323.200000000001			1.044468983760765
7324.1			1.0146860724557922
7325.0			1.0053898450565886
7325.9			0.9935041255163781
7326.8			0.9903657917808869
7327.700000000001			1.034978572368566
7328.6			1.0722959873987277
7329.5			1.0605980548357754
7330.4			1.0305026891596716
7331.3			1.0366452765786789
7332.200000000001			1.0751498509412734
7333.1			1.0874486591979189
7334.0			1.075527378037274
7334.9			1.0735217229065013
7335.8			1.0873060237736516
7336.700000000001			1.1031615790937572
7337.6			1.1105730301456676
7338.5			1.109924225660178
7339.4			1.100834650147523
7340.3			1.0936766849342945
7341.200000000001			1.1015976305075512
7342.1			1.109351892584255
7343.0			1.0928442862396361
7343.9			1.0662277162888507
7344.8			1.0618202951205473
7345.700000000001			1.0779031144746098
7346.6			1.0906853158597472
7347.5			1.098513421765004
7348.4			1.1136678081420295
7349.3			1.1255321884016811
7350.200000000001			1.108130910791828
7351.1			1.0730862358427369
7352.0			1.0654906332212433
7352.9			1.079574934838822
7353.8			1.078644353894249
7354.700000000001			1.0577708342718302
7355.6			1.0214628789521303
7356.5			1.024998930263118
7357.4			1.0781462315884682
7358.3			1.1130311574602558
7359.200000000001			1.1299743240390432
7360.1			1.137149179866178
7361.0			1.128021187486016
7361.9			1.1057406901122797
7362.8			1.0865323880021658
7363.700000000001			1.0825881806101
7364.6			1.0845489601434315
7365.5			1.094398435571252
7366.4			1.098187202501546
7367.3			1.1000187386248317
7368.200000000001			1.1084639638096772
7369.1			1.0930822005368412
7370.0			1.0746391048899024
7370.9			1.0924676226897105
7371.8			1.1176167839261266
7372.700000000001			1.1147177013774774
7373.6			1.1024907631256213
7374.5			1.0959214790366791
7375.4			1.0783240155886211
7376.3			1.0711846629042723
7377.200000000001			1.0908592781680915
7378.1			1.115504844468578
7379.0			1.1273245522978352
7379.9			1.1287632528009026
7380.8			1.1234062456203142
7381.700000000001			1.103581367495007
7382.6			1.086008106616684
7383.5			1.0889838001912402
7384.4			1.087948521286963
7385.3			1.047522538714777
7386.200000000001			1.0032943786496178
7387.1			1.0009754293190951
7388.0			1.0
7388.9			1.0
7389.8			1.0
7390.700000000001			1.0
7391.6			1.0
7392.5			1.0
7393.4			1.0
7394.3			1.0
7395.200000000001			1.0
7396.1			1.0
7397.0			1.0
7397.9			1.0
7398.8			1.0
7399.700000000001			1.0
7400.6			1.0
7401.5			1.0
7402.4			1.0
7403.3			1.0
7404.200000000001			1.0
7405.1			1.0
7406.0			1.0
7406.9			1.0
7407.8			1.0
7408.700000000001			1.0
7409.6			1.0
7410.5			1.0
7411.4			1.0
7412.3			1.0
7413.200000000001			1.0
7414.1			1.0
7415.0			1.0
7415.9			1.0
7416.8			1.0
7417.700000000001			1.0
7418.6			1.0
7419.5			1.0
7420.4			1.0
7421.3			1.0
7422.200000000001			1.0
7423.1			1.0
7424.0			1.0
7424.9			1.0
7425.8			1.0
7426.700000000001			1.0
7427.6			1.0
7428.5			1.0
7429.4			1.0
