3500.0			1.0
3500.9			1.0
3501.8			1.0
3502.7			1.0
3503.6			1.0
3504.5			1.0
3505.4			1.0
3506.3			1.0
3507.2			1.0
3508.1			1.0
3509.0			1.0
3509.9			1.0
3510.8			1.0
3511.7			1.0
3512.6			1.0
3513.5			1.0
3514.4			1.0
3515.3			1.0
3516.2			1.0
3517.1			1.0
3518.0			1.0
3518.9			1.0
3519.8			1.0
3520.7			1.0
3521.6			1.0
3522.5			1.0
3523.4			1.0
3524.3			1.0
3525.2			1.0
3526.1			1.0
3527.0			1.0
3527.9			1.0
3528.8			1.0
3529.7			1.0
3530.6			1.0
3531.5			1.0
3532.4			1.0
3533.3			1.0
3534.2			1.0
3535.1			1.0
3536.0			1.0
3536.9			1.0
3537.8			1.0
3538.7			1.0
3539.6			1.0
3540.5			1.0
3541.4			1.0
3542.3			1.0
3543.2			1.0
3544.1			1.0
3545.0			1.0
3545.9			1.0
3546.8			1.0
3547.7			1.0
3548.6			1.0
3549.5			1.0
3550.4			1.0
3551.3			1.0
3552.2			1.0
3553.1			1.0
3554.0			1.0
3554.9			1.0
3555.8			1.0
3556.7			1.0
3557.6			1.0
3558.5			1.0
3559.4			1.0
3560.3			1.0
3561.2			1.0
3562.1			1.0
3563.0			1.0
3563.9			1.0
3564.8			1.0
3565.7			1.0
3566.6			1.0
3567.5			1.0
3568.4			1.0
3569.3			1.0
3570.2			1.0
3571.1			1.0
3572.0			1.0
3572.9			1.0
3573.8			1.0
3574.7			1.0
3575.6			1.0
3576.5			1.0
3577.4			1.0
3578.3			1.0
3579.2			1.0
3580.1			1.0
3581.0			1.0
3581.9			1.0
3582.8			1.0
3583.7			1.0
3584.6			1.0
3585.5			1.0
3586.4			1.0
3587.3			1.0
3588.2			1.0
3589.1			1.0
3590.0			1.0
3590.9			1.0
3591.8			1.0
3592.7			1.0
3593.6			1.0
3594.5			1.0
3595.4			1.0
3596.3			1.0
3597.2			1.0
3598.1			1.0
3599.0			1.0
3599.9			1.0
3600.8			1.0
3601.7			1.0
3602.6			1.0
3603.5			1.0
3604.4			1.0
3605.3			1.0
3606.2			1.0
3607.1			1.0
3608.0			1.0
3608.9			1.0
3609.8			1.0
3610.7			1.0
3611.6			1.0
3612.5			1.0
3613.4			1.0
3614.3			1.0
3615.2			1.0
3616.1			1.0
3617.0			1.0
3617.9			1.0
3618.8			1.0
3619.7			1.0
3620.6			1.0
3621.5			1.0
3622.4			1.0
3623.3			1.0
3624.2			1.0
3625.1			1.0
3626.0			1.0
3626.9			1.0
3627.8			1.0
3628.7			1.0
3629.6			1.0
3630.5			1.0
3631.4			1.0
3632.3			1.0
3633.2			1.0
3634.1			1.0
3635.0			1.0
3635.9			1.0
3636.8			1.0
3637.7			1.0
3638.6			1.0
3639.5			1.0
3640.4			1.0
3641.3			1.0
3642.2			1.0
3643.1			1.0
3644.0			1.0
3644.9			1.0
3645.8			1.0
3646.7			1.0
3647.6			1.0
3648.5			1.0
3649.4			1.0
3650.3			1.0
3651.2			1.0
3652.1			1.0
3653.0			1.0
3653.9			1.0
3654.8			1.0
3655.7			1.0
3656.6			1.0
3657.5			1.0
3658.4			1.0
3659.3			1.0
3660.2			1.0
3661.1			1.0
3662.0			1.0
3662.9			1.0
3663.8			1.0
3664.7			1.0
3665.6			1.0
3666.5			1.0
3667.4			1.0
3668.3			1.0
3669.2			1.0
3670.1			1.0
3671.0			1.0
3671.9			1.0
3672.8			1.0
3673.7			1.0
3674.6			1.0
3675.5			1.0
3676.4			1.0
3677.3			1.0
3678.2			1.0
3679.1			1.0
3680.0			1.0
3680.9			1.0
3681.8			1.0
3682.7			1.0
3683.6			1.0
3684.5			1.0
3685.4			1.0
3686.3			1.0
3687.2			1.0
3688.1			1.0
3689.0			1.0
3689.9			1.0
3690.8			1.0
3691.7			1.0
3692.6			1.0
3693.5			1.0
3694.4			1.0
3695.3			1.0
3696.2			1.0
3697.1			1.0
3698.0			1.0
3698.9			1.0
3699.8			1.0
3700.7			1.0
3701.6			1.0
3702.5			1.0
3703.4			1.0
3704.3			1.0
3705.2			1.0
3706.1			1.0
3707.0			1.0
3707.9			1.0
3708.8			1.0
3709.7			1.0
3710.6			1.0
3711.5			1.0
3712.4			1.0
3713.3			1.0
3714.2			1.0
3715.1			1.0
3716.0			1.0
3716.9			1.0
3717.8			1.0
3718.7			1.0
3719.6			1.0
3720.5			1.0
3721.4			1.0
3722.3			1.0
3723.2			1.0
3724.1			1.0
3725.0			1.0
3725.9			1.0
3726.8			1.0
3727.7			1.0
3728.6			1.0
3729.5			1.0
3730.4			1.0
3731.3			1.0
3732.2			1.0
3733.1			1.0
3734.0			1.0
3734.9			1.0
3735.8			1.0
3736.7			1.0
3737.6			1.0
3738.5			1.0
3739.4			1.0
3740.3			1.0
3741.2			1.0
3742.1			1.0
3743.0			1.0
3743.9			1.0
3744.8			1.0
3745.7			1.0
3746.6			1.0
3747.5			1.0
3748.4			1.0
3749.3			1.0
3750.2			1.0
3751.1			1.0
3752.0			1.0
3752.9			1.0
3753.8			1.0
3754.7			1.0
3755.6			1.0
3756.5			1.0
3757.4			1.0
3758.3			1.0
3759.2			1.0
3760.1			1.0
3761.0			1.0
3761.9			1.0
3762.8			1.0
3763.7			1.0
3764.6			1.0
3765.5			1.0
3766.4			1.0
3767.3			1.0
3768.2			1.0
3769.1			1.0
3770.0			1.0
3770.9			1.0
3771.8			1.0
3772.7			1.0
3773.6			1.0
3774.5			1.0
3775.4			1.0
3776.3			1.0
3777.2			1.0
3778.1			1.0
3779.0			1.0
3779.9			1.0
3780.8			1.0
3781.7			1.0
3782.6			1.0
3783.5			1.0
3784.4			1.0
3785.3			1.0
3786.2			1.0
3787.1			1.0
3788.0			1.0
3788.9			1.0
3789.8			1.0
3790.7			1.0
3791.6			1.0
3792.5			1.0
3793.4			1.0
3794.3			1.0
3795.2			1.0
3796.1			1.0
3797.0			1.0
3797.9			1.0
3798.8			1.0
3799.7			1.0
3800.6			1.0
3801.5			1.0
3802.4			1.0
3803.3			1.0
3804.2			1.0
3805.1			1.0
3806.0			1.0
3806.9			1.0
3807.8			1.0
3808.7			1.0
3809.6			1.0
3810.5			1.0
3811.4			1.0
3812.3			1.0
3813.2			1.0
3814.1			1.0
3815.0			1.0
3815.9			1.0
3816.8			1.0
3817.7			1.0
3818.6			1.0
3819.5			1.0
3820.4			1.0
3821.3			1.0
3822.2			1.0
3823.1			1.0
3824.0			1.0
3824.9			1.0
3825.8			1.0
3826.7			1.0
3827.6			1.0
3828.5			1.0
3829.4			1.0
3830.3			1.0
3831.2			1.0
3832.1			1.0
3833.0			1.0
3833.9			1.0
3834.8			1.0
3835.7			1.0
3836.6			1.0
3837.5			1.0
3838.4			1.0
3839.3			1.0
3840.2			1.0
3841.1			1.0
3842.0			1.0
3842.9			1.0
3843.8			1.0
3844.7			1.0
3845.6			1.0
3846.5			1.0
3847.4			1.0
3848.3			1.0
3849.2			1.0
3850.1			1.0
3851.0			1.0
3851.9			1.0
3852.8			1.0
3853.7			1.0
3854.6			1.0
3855.5			1.0
3856.4			1.0
3857.3			1.0
3858.2			1.0
3859.1			1.0
3860.0			1.0
3860.9			1.0
3861.8			1.0
3862.7			1.0
3863.6			1.0
3864.5			1.0
3865.4			1.0
3866.3			1.0
3867.2			1.0
3868.1			1.0
3869.0			1.0
3869.9			1.0
3870.8			1.0
3871.7			1.0
3872.6			1.0
3873.5			1.0
3874.4			1.0
3875.3			1.0
3876.2			1.0
3877.1			1.0
3878.0			1.0
3878.9			1.0
3879.8			1.0
3880.7			1.0
3881.6			1.0
3882.5			1.0
3883.4			1.0
3884.3			1.0
3885.2			1.0
3886.1			1.0
3887.0			1.0
3887.9			1.0
3888.8			1.0
3889.7			1.0
3890.6			1.0
3891.5			1.0
3892.4			1.0
3893.3			1.0
3894.2			1.0
3895.1			1.0
3896.0			1.0
3896.9			1.0
3897.8			1.0
3898.7			1.0
3899.6			1.0
3900.5			1.0
3901.4			1.0
3902.3			1.0
3903.2			1.0
3904.1			1.0
3905.0			1.0
3905.9			1.0
3906.8			1.0
3907.7			1.0
3908.6			1.0
3909.5			1.0
3910.4			1.0
3911.3			1.0
3912.2			1.0
3913.1			1.0
3914.0			1.0
3914.9			1.0
3915.8			1.0
3916.7			1.0
3917.6			1.0
3918.5			1.0
3919.4			1.0
3920.3			1.0
3921.2			1.0
3922.1			1.0
3923.0			1.0
3923.9			1.0
3924.8			1.0
3925.7			1.0
3926.6			1.0
3927.5			1.0
3928.4			1.0
3929.3			1.0
3930.2			1.0
3931.1			1.0
3932.0			1.0
3932.9			1.0
3933.8			1.0
3934.7			1.0
3935.6			1.0
3936.5			1.0
3937.4			1.0
3938.3			1.0
3939.2			1.0
3940.1			1.0
3941.0			1.0
3941.9			1.0
3942.8			1.0
3943.7			1.0
3944.6			1.0
3945.5			1.0
3946.4			1.0
3947.3			1.0
3948.2			1.0
3949.1			1.0
3950.0			1.0
3950.9			1.0
3951.8			1.0
3952.7			1.0
3953.6			1.0
3954.5			1.0
3955.4			1.0
3956.3			1.0
3957.2			1.0
3958.1			1.0
3959.0			1.0
3959.9			1.0
3960.8			1.0
3961.7			1.0
3962.6			1.0
3963.5			1.0
3964.4			1.0
3965.3			1.0
3966.2			1.0
3967.1			1.0
3968.0			1.0
3968.9			1.0
3969.8			1.0
3970.7			1.0
3971.6			1.0
3972.5			1.0
3973.4			1.0
3974.3			1.0
3975.2			1.0
3976.1			1.0
3977.0			1.0
3977.9			1.0
3978.8			1.0
3979.7			1.0
3980.6			1.0
3981.5			1.0
3982.4			1.0
3983.3			1.0
3984.2			1.0
3985.1			1.0
3986.0			1.0
3986.9			1.0
3987.8			1.0
3988.7			1.0
3989.6			1.0
3990.5			1.0
3991.4			1.0
3992.3			1.0
3993.2			1.0
3994.1			1.0
3995.0			1.0
3995.9			1.0
3996.8			1.0
3997.7			1.0
3998.6			1.0
3999.5			1.0
4000.4			1.0
4001.3			1.0
4002.2			1.0976177691440938
4003.1			1.0925007388988148
4004.0			1.0089519502616782
4004.9			0.8907515040168711
4005.8			0.7855165326360299
4006.7			0.8252524933202463
4007.6			0.9534220906055553
4008.5			1.0194369085775092
4009.4			1.0001131821391342
4010.3			1.0
4011.2			1.0
4012.1			1.0515614353251799
4013.0			1.0886266303993646
4013.9			1.0904172124715104
4014.8			1.0724697419619993
4015.7			0.9963977130618752
4016.6			0.8866381914131753
4017.5			0.8544175873923185
4018.4			0.896575488293869
4019.3			0.8875401001153926
4020.2			0.8273007894673072
4021.1			0.8586005970293336
4022.0			0.9615909242848156
4022.9			0.9966693620658086
4023.8			1.0
4024.7			1.0
4025.6			0.9899559071223206
4026.5			1.010056579751337
4027.4			1.015023995934096
4028.3			0.9580432463313799
4029.2			0.8855108371265512
4030.1			0.8262562946869415
4031.0			0.7988758486528098
4031.9			0.7958073972204986
4032.8			0.782103649616528
4033.7			0.7563764348746295
4034.6			0.7610601167620709
4035.5			0.8339634889481479
4036.4			1.0
4037.3			1.0498921856600505
4038.2			1.05917452684486
4039.1			1.0796202083266901
4040.0			1.1204218297087585
4040.9			1.126665663258556
4041.8			1.0867607767478704
4042.7			1.020949241143736
4043.6			0.867221587545137
4044.5			0.6471884608104385
4045.4			0.5504767620085332
4046.3			0.6538520069389177
4047.2			0.8280056754147925
4048.1			0.9115912477067118
4049.0			0.9116488911181392
4049.9			0.9277097061233337
4050.8			0.9248471739967692
4051.7			0.9387984906013108
4052.6			1.0153381572737112
4053.5			0.9981427594779889
4054.4			1.0
4055.3			1.0
4056.2			1.0
4057.1			1.0
4058.0			0.8629397591611823
4058.9			0.9254767288135473
4059.8			1.027193196586057
4060.7			1.0872054158298128
4061.6			1.0185657943336164
4062.5			0.8309127823959643
4063.4			0.7626509235213565
4064.3			0.8397068769677403
4065.2			0.8457867767411464
4066.1			0.8054632016400006
4067.0			0.8132325116261117
4067.9			0.9111964770255967
4068.8			1.0122244170819759
4069.7			1.0
4070.6			1.0
4071.5			1.0
4072.4			1.0785545306562943
4073.3			1.194411131821842
4074.2			1.1741626697299032
4075.1			1.0199190094914077
4076.0			0.826048875637232
4076.9			0.6995773258797138
4077.8			0.7047319591188492
4078.7			0.8311349732488843
4079.6			1.0
4080.5			1.0659731196994298
4081.4			1.040571527061281
4082.3			0.9791411271921381
4083.2			0.9503443592753037
4084.1			0.989171716083299
4085.0			0.9753508839504041
4085.9			0.8952163611785349
4086.8			0.9129909346061122
4087.7			1.0286850490610555
4088.6			1.0848545043035143
4089.5			1.038131676945699
4090.4			1.0
4091.3			1.0157776248955859
4092.2			1.0550947465700626
4093.1			1.0803142805634893
4094.0			1.0604841157332017
4094.9			0.9951341505942051
4095.8			0.9342446439297135
4096.7			0.9332614030184303
4097.6			0.9699728288426677
4098.5			0.9556856348986114
4099.4			0.8660419229611098
4100.3			0.7546360375252681
4101.2			0.7129032548670434
4102.1			0.7747466954042985
4103.0			0.8693070892139417
4103.9			0.9368281390446164
4104.8			1.0
4105.7			1.0865055247300046
4106.6			1.0742891232132277
4107.5			0.9849521626561929
4108.4			0.9366205881589272
4109.3			0.8902411507536849
4110.2			0.8707671024621064
4111.1			0.9332895097997661
4112.0			1.0314734816209061
4112.9			1.0561260541774566
4113.8			1.0046638974285156
4114.7			0.9964283656354064
4115.6			1.0
4116.5			1.0
4117.4			1.0
4118.3			1.0
4119.2			1.0
4120.1			1.0
4121.0			1.0
4121.9			1.0
4122.8			1.0
4123.7			1.0
4124.6			1.0
4125.5			1.0
4126.4			0.9890856583579792
4127.3			0.910575304652532
4128.2			0.8290176182527373
4129.1			0.8276193647913727
4130.0			0.8918177251947801
4130.9			0.9049317266870498
4131.8			0.847050154439863
4132.7			0.7820285715760612
4133.6			0.7715561582864982
4134.5			0.8503567130528201
4135.4			0.951252588142572
4136.3			1.0106137665581678
4137.2			1.005677623065887
4138.1			1.0040286085788985
4139.0			1.019497102862019
4139.9			0.9631437345819174
4140.8			0.8493397254074337
4141.7			0.7612935711397819
4142.6			0.7177769086049206
4143.5			0.683473842019669
4144.4			1.0
4145.3			1.1010910203494304
4146.2			1.2190100505084327
4147.1			1.2656224079746126
4148.0			1.1709242713290349
4148.9			1.1517760249456723
4149.8			1.2055714456379627
4150.7			1.177464184831123
4151.6			1.134610008268204
4152.5			1.14138289912516
4153.4			1.1557026856034498
4154.3			1.179665134912606
4155.2			1.1832023808859924
4156.1			1.148882855735869
4157.0			1.1476957550660194
4157.9			1.2204958102051782
4158.8			1.3350586566283864
4159.7			1.419320996200498
4160.6			1.3819514114794327
4161.5			1.3023839799684116
4162.4			1.2755411337847282
4163.3			1.3205171753484959
4164.2			1.2870388549224927
4165.1			1.1869161544761029
4166.0			1.180857667906756
4166.9			1.1513811358766868
4167.8			1.1450474938493285
4168.7			1.1741403730455713
4169.6			1.16390284677897
4170.5			1.0960150567136044
4171.4			0.9980310397702755
4172.3			0.9902572132628344
4173.2			1.052206456204063
4174.1			1.107030005658059
4175.0			1.0
4175.9			1.0440255940085523
4176.8			1.0305206673134994
4177.7			0.9455819525306928
4178.6			0.9381672064030692
4179.5			1.0221489399130703
4180.4			1.0557671793220795
4181.3			1.0007300000316874
4182.2			0.9430482701360564
4183.1			0.9354383663606627
4184.0			0.9897994432268898
4184.9			1.05401557382644
4185.8			1.0419002759239824
4186.7			0.9956887240923742
4187.6			1.0518053736268487
4188.5			1.1122399351421506
4189.4			1.059490850340279
4190.3			1.0004345610843626
4191.2			0.9891419269453867
4192.1			1.0
4193.0			1.098005052517017
4193.9			1.067700779966338
4194.8			0.9920063844397582
4195.7			0.9390276432601127
4196.6			0.8891561963191889
4197.5			0.8490660131118585
4198.4			0.8814331111238949
4199.3			0.9485912472247123
4200.2			0.9571016947097613
4201.1			0.9079548934250589
4202.0			0.9045569806864528
4202.9			0.954055391429289
4203.8			0.9414901380591102
4204.7			0.8888978808788139
4205.6			0.9405342123233983
4206.5			1.0666261119549654
4207.4			1.1068077159069192
4208.3			1.0634066421919632
4209.2			1.01943009414163
4210.1			1.0
4211.0			1.0740471644237475
4211.9			1.1151551251572132
4212.8			1.0837953374100782
4213.7			1.0203836045356447
4214.6			0.9013286929388906
4215.5			0.7947104177563918
4216.4			0.81313879479195
4217.3			0.8984488626421068
4218.2			0.9417890817967136
4219.1			0.9591349286275852
4220.0			0.9942985125200551
4220.9			1.0
4221.8			0.9527900449092614
4222.7			0.9082494835494017
4223.6			0.8417031900430922
4224.5			1.0
4225.4			0.7765177773682647
4226.3			0.6226967104612937
4227.2			0.7466297195094284
4228.1			1.0566050479128295
4229.0			1.2432897183604459
4229.9			1.2552036119546304
4230.8			1.2392309368409626
4231.7			1.2081391463936504
4232.6			1.1256463245228485
4233.5			1.1087755449184336
4234.4			1.1274578560885458
4235.3			1.0761313727009594
4236.2			1.0275280699363094
4237.1			1.0226265938919914
4238.0			1.0429819931508506
4238.9			1.0279256476703131
4239.8			1.0
4240.7			1.0521253553145586
4241.6			1.0439307141080563
4242.5			0.9973274287744027
4243.4			1.0553149180816646
4244.3			1.1460338451930476
4245.2			1.161478233439022
4246.1			1.1025787114243408
4247.0			0.9899167286592748
4247.9			0.8724768714706006
4248.8			0.8365363132010016
4249.7			0.8826518800200784
4250.6			0.9081026477283719
4251.5			0.9244431670043294
4252.4			0.9696775915600304
4253.3			1.0
4254.2			0.972530604004474
4255.1			0.9783620982502123
4256.0			1.0279191760127937
4256.9			1.0669704965650684
4257.8			0.9943744828319762
4258.7			0.883502771900584
4259.6			0.8227753168636711
4260.5			0.8123781748087329
4261.4			0.8514379001732911
4262.3			1.0
4263.2			1.007041465950453
4264.1			0.9911569979882682
4265.0			1.07589890954658
4265.9			1.1578451728515367
4266.8			1.1291017419004477
4267.7			1.0730255729392304
4268.6			1.0472097225304517
4269.5			0.9796783559172049
4270.4			0.8775564382487534
4271.3			0.7991547218395455
4272.2			0.8215261923921069
4273.1			0.8669614467949227
4274.0			0.8206491777377483
4274.9			0.8653267579377537
4275.8			1.0462866105331208
4276.7			1.1780234023753027
4277.6			1.0
4278.5			0.9482092556178674
4279.4			0.8339962445416117
4280.3			0.758730136898301
4281.2			0.797508473677115
4282.1			0.8766770756617187
4283.0			0.8916244653722365
4283.9			0.8635000745785784
4284.8			0.8513451646906324
4285.7			0.849693174776848
4286.6			0.8547947174785155
4287.5			0.8492983747405622
4288.4			0.7997933400663605
4289.3			0.7119240566381213
4290.2			0.6826645398654199
4291.1			0.7457191049703703
4292.0			0.8390614786122235
4292.9			0.900216179556868
4293.8			0.9014045377413566
4294.7			0.8847526419764533
4295.6			0.8681798531602277
4296.5			0.8106313322365011
4297.4			0.749483540887205
4298.3			0.6694105690514295
4299.2			0.5881871668607052
4300.1			0.595593207523251
4301.0			0.6532496320685438
4301.9			0.6493179730835804
4302.8			0.6281358583251638
4303.7			0.6805512169593835
4304.6			0.7230066778401218
4305.5			0.7171115871119531
4306.4			0.7079198167521742
4307.3			0.6584029609239903
4308.2			0.5937882061893931
4309.1			0.5751831098208721
4310.0			0.599418031958316
4310.9			0.6475760166197436
4311.8			0.7048348772163321
4312.7			0.7728680641941333
4313.6			0.8370392202914703
4314.5			0.9605429122594301
4315.4			1.1724602863082372
4316.3			1.3512906574666723
4317.2			1.0
4318.1			1.0186064668480446
4319.0			1.0066533340904602
4319.9			0.9812708276735621
4320.8			0.9408816192606391
4321.7			0.8599464453272766
4322.6			0.7443723231864379
4323.5			0.6415632919403662
4324.4			0.5667548304340414
4325.3			0.5477243128389984
4326.2			0.6583060190318812
4327.1			0.8295154253447683
4328.0			0.9407421523079039
4328.9			0.9875660539549799
4329.8			0.9826286949192201
4330.7			0.9492438950833848
4331.6			0.9518585166926586
4332.5			1.002486255222824
4333.4			1.3759177634108055
4334.3			1.0
4335.2			1.013704773313015
4336.1			0.992915059297554
4337.0			0.8893557457820919
4337.9			0.7920986644300444
4338.8			0.752370495223171
4339.7			0.6765843035680381
4340.6			0.632284922662236
4341.5			0.7533909670315716
4342.4			0.8889134454477753
4343.3			0.9207394622978489
4344.2			0.9562960468994247
4345.1			1.0
4346.0			1.0014607787854986
4346.9			0.9768340819378754
4347.8			0.9683632122907213
4348.7			1.01647641707501
4349.6			1.0270591756181302
4350.5			0.8869867944920873
4351.4			0.7430489583281507
4352.3			0.7532225478215041
4353.2			0.856522362558286
4354.1			0.9150481911666108
4355.0			0.872281523330375
4355.9			0.8853141072999834
4356.8			0.9990833754786336
4357.7			1.0
4358.6			1.0
4359.5			1.0
4360.4			1.0
4361.3			1.0
4362.2			1.0
4363.1			1.0
4364.0			1.0
4364.9			1.0
4365.8			1.0
4366.7			1.0
4367.6			1.0
4368.5			1.0479763322298397
4369.4			1.085151008547039
4370.3			1.039084264397442
4371.2			0.9398426925520417
4372.1			0.901900293018854
4373.0			0.9139889808640269
4373.9			0.9145130190621023
4374.8			0.8951821188955335
4375.7			0.8935067130493745
4376.6			0.9874273793990602
4377.5			1.0670478686956328
4378.4			1.0611378543143837
4379.3			1.057474420010815
4380.2			1.0677549989610435
4381.1			1.0278629030039825
4382.0			0.9069314114535114
4382.9			0.7356442125809104
4383.8			0.6508614355335998
4384.7			0.7509633124356054
4385.6			0.922954836743082
4386.5			1.0075153288036445
4387.4			1.0001050911693636
4388.3			0.9399752446974778
4389.2			0.8722435963289968
4390.1			0.8647488068346624
4391.0			0.9151395427365946
4391.9			0.9620792489626149
4392.8			0.9917267473906585
4393.7			1.0217965560538218
4394.6			0.999468407445635
4395.5			0.9828226425212907
4396.4			1.0320120919846525
4397.3			1.0
4398.2			0.9972433445150741
4399.1			0.9076795164297053
4400.0			0.8519229214744769
4400.9			0.9139253317203903
4401.8			0.993680076739228
4402.7			0.9731680319193845
4403.6			0.8670170993978151
4404.5			0.788227856358931
4405.4			0.8218952776770384
4406.3			0.8850086873037636
4407.2			0.8666587342806051
4408.1			0.8202582326390423
4409.0			0.8438304173872639
4409.9			0.9218752172973177
4410.8			1.0002718232861432
4411.7			1.0
4412.6			0.9883064543561244
4413.5			0.9654353183938579
4414.4			0.9107279171928592
4415.3			0.8413585526670062
4416.2			0.8405049154483145
4417.1			0.9044365856668817
4418.0			0.9586070283598329
4418.9			0.9877744857961455
4419.8			1.000143114878097
4420.7			1.0
4421.6			1.0
4422.5			1.0
4423.4			1.0
4424.3			1.0
4425.2			1.0
4426.1			1.0
4427.0			1.0
4427.9			1.0
4428.8			1.0
4429.7			1.0
4430.6			0.9935597744132912
4431.5			1.056334972616732
4432.4			1.0609491407079623
4433.3			0.9804227387134823
4434.2			0.8763121181251226
4435.1			0.8275549665581114
4436.0			0.8626518799043652
4436.9			0.9469861469437786
4437.8			1.053026097062782
4438.7			1.0840984265963938
4439.6			0.9873255331766303
4440.5			1.0
4441.4			1.0
4442.3			0.9957469176348135
4443.2			1.0529415218083382
4444.1			1.0836974056611153
4445.0			1.0762615199969394
4445.9			1.1006034263204083
4446.8			1.131837424074053
4447.7			1.1214503695178568
4448.6			1.0990859459566347
4449.5			1.0755927468499886
4450.4			1.083147444143534
4451.3			1.141841071813147
4452.2			1.1409071390504253
4453.1			1.0154754120640987
4454.0			0.900659493736708
4454.9			0.8986221911890383
4455.8			0.9477678951985735
4456.7			0.9633309073705753
4457.6			0.9424512485245283
4458.5			0.8974416508891957
4459.4			0.8731159204974114
4460.3			0.8810344568094923
4461.2			0.8790375284998501
4462.1			0.8930745584886254
4463.0			0.9343421456554717
4463.9			0.9882303172905408
4464.8			1.0239218775399395
4465.7			0.9955710799330262
4466.6			1.0
4467.5			1.0
4468.4			1.0
4469.3			1.0
4470.2			1.0
4471.1			1.0
4472.0			1.0
4472.9			1.0
4473.8			1.0
4474.7			1.0
4475.6			1.0
4476.5			1.0186491808129094
4477.4			1.0356866632215127
4478.3			1.0060738070117692
4479.2			0.9222491543110383
4480.1			0.8198793762127587
4481.0			0.7925443053077972
4481.9			0.8588962669198897
4482.8			0.9240770135162358
4483.7			0.9536637489191119
4484.6			0.9880872838573062
4485.5			0.9987640629928478
4486.4			1.0
4487.3			1.0
4488.2			1.0
4489.1			1.0
4490.0			1.0
4490.9			1.0
4491.8			1.0493625769484898
4492.7			1.0382548292462344
4493.6			0.9899520176848622
4494.5			0.9675364237665686
4495.4			0.9499849647211859
4496.3			0.9319698759938763
4497.2			0.9588254211342007
4498.1			1.0271814943658584
4499.0			1.0575373505465735
4499.9			1.0354790793684658
4500.8			0.99982933312007
4501.7			1.0
4502.6			1.0
4503.5			1.0
4504.4			1.0
4505.3			1.0
4506.2			1.0
4507.1			1.0
4508.0			1.0
4508.9			1.0
4509.8			1.0
4510.7			1.0
4511.6			1.0
4512.5			1.0
4513.4			1.0
4514.3			1.0244928613285447
4515.2			0.9997187422910538
4516.1			0.9620471905190605
4517.0			0.9948082330669549
4517.9			1.0428767978489457
4518.8			1.0523535865624019
4519.7			1.025959005535331
4520.6			1.0204630210540013
4521.5			1.0274973104614686
4522.4			0.9851402652927932
4523.3			0.9475422919190419
4524.2			0.9611405320127911
4525.1			0.9774393889206275
4526.0			0.939721671583587
4526.9			0.8847630610013746
4527.8			0.843144501125554
4528.7			0.8202013468909347
4529.6			0.8382225765574508
4530.5			0.9036332834314782
4531.4			0.9622903640691206
4532.3			0.9811687112012673
4533.2			0.9492874502935295
4534.1			0.8922423746608348
4535.0			0.8571173890866313
4535.9			1.0
4536.8			1.1283053484142322
4537.7			1.2289047260482175
4538.6			1.208819176926862
4539.5			1.1410429964806887
4540.4			1.0856160706221987
4541.3			1.0874677101694714
4542.2			1.123835196528914
4543.1			1.0887705120553677
4544.0			1.0340908708399823
4544.9			1.029326558600897
4545.8			1.032012931972945
4546.7			1.039057306536276
4547.6			1.0994010522178952
4548.5			1.068539030640515
4549.4			1.019658584437463
4550.3			1.0501286261245777
4551.2			1.0667327112762015
4552.1			1.0407318785147721
4553.0			1.0046653140950996
4553.9			0.963991144087255
4554.8			0.9534321115339628
4555.7			1.0091564983423569
4556.6			1.0492660278287378
4557.5			1.0714487962397312
4558.4			1.1202710442832198
4559.3			1.1234831189734904
4560.2			1.0875610926049024
4561.1			1.1120119865423743
4562.0			1.1199006172881742
4562.9			1.0883675976494076
4563.8			1.0703868781828512
4564.7			1.0625217988898845
4565.6			1.033365313458376
4566.5			1.0221289728541516
4567.4			1.0
4568.3			1.0
4569.2			0.9887402349590301
4570.1			0.9613132176190503
4571.0			0.9047880006110267
4571.9			0.8824462359554419
4572.8			0.9632231429694738
4573.7			1.053253736115707
4574.6			1.0507957199963083
4575.5			1.0122019391287522
4576.4			0.9839328701096469
4577.3			0.9852367959132132
4578.2			0.9816341537688036
4579.1			0.9499397774437406
4580.0			0.9189001036320015
4580.9			0.8907285931581538
4581.8			0.9180122242209985
4582.7			0.9649080183594015
4583.6			0.9888192531312318
4584.5			1.012074603565613
4585.4			0.9976812883228199
4586.3			0.9521017447778378
4587.2			0.970386463053944
4588.1			1.0344818073862332
4589.0			1.0467651690239634
4589.9			1.0230817693810157
4590.8			0.9905244298111904
4591.7			0.9794467665300894
4592.6			1.000090029335783
4593.5			1.0
4594.4			1.0
4595.3			1.0
4596.2			1.0
4597.1			1.0
4598.0			1.0
4598.9			1.0
4599.8			1.0
4600.7			1.0
4601.6			1.0
4602.5			1.0
4603.4			1.0
4604.3			1.0
4605.2			1.0
4606.1			1.0
4607.0			1.0
4607.9			1.0
4608.8			1.0
4609.7			1.0
4610.6			1.0
4611.5			1.0
4612.4			1.0
4613.3			1.0
4614.2			1.0
4615.1			1.0
4616.0			1.0
4616.9			1.0
4617.8			1.0
4618.7			1.0
4619.6			1.0
4620.5			1.0
4621.4			1.0
4622.3			1.0
4623.2			1.0
4624.1			1.0
4625.0			1.0
4625.9			1.0
4626.8			1.0
4627.7			1.0
4628.6			1.0
4629.5			1.0
4630.4			1.0
4631.3			1.0
4632.2			1.0
4633.1			1.0
4634.0			1.0
4634.9			1.0
4635.8			1.0
4636.7			1.0
4637.6			1.0
4638.5			1.0
4639.4			1.0
4640.3			1.0
4641.2			1.0
4642.1			1.0
4643.0			1.0067402580954259
4643.9			0.9962952725246577
4644.8			0.9655774054047465
4645.7			0.925285921266114
4646.6			0.9177468181945002
4647.5			0.9543872511404111
4648.4			0.973511427966016
4649.3			0.9667592012197833
4650.2			0.9607086445254186
4651.1			0.9744123752209171
4652.0			0.9913683905968681
4652.9			0.9839268714060508
4653.8			0.9668368729108534
4654.7			0.9446493528989042
4655.6			0.9191863673108767
4656.5			0.9120484687121702
4657.4			0.9439659011573427
4658.3			1.0068266188147246
4659.2			1.0433409544383883
4660.1			1.0449516090078885
4661.0			1.0441793456377921
4661.9			1.0402428411147433
4662.8			1.0113054483568762
4663.7			1.0
4664.6			1.007291615634102
4665.5			1.0236134737326736
4666.4			0.975302901655585
4667.3			0.8870847807665212
4668.2			0.852867559213295
4669.1			0.8957502078903145
4670.0			0.9728080239209168
4670.9			1.014574389351557
4671.8			1.004428496207364
4672.7			1.0
4673.6			1.0
4674.5			1.0
4675.4			1.0
4676.3			1.0
4677.2			1.0
4678.1			1.0
4679.0			1.0
4679.9			1.0
4680.8			1.0
4681.7			1.0
4682.6			1.0
4683.5			1.0
4684.4			1.0
4685.3			1.0
4686.2			1.0
4687.1			1.0
4688.0			1.0
4688.9			1.0
4689.8			1.0
4690.7			0.984362668020572
4691.6			0.9857261994753493
4692.5			1.013580822128034
4693.4			1.0401442865454031
4694.3			1.049642990823207
4695.2			1.0521656143440838
4696.1			1.0698076622549249
4697.0			1.0466474986639662
4697.9			0.9786073620987423
4698.8			0.9370615489848071
4699.7			0.9374799795410439
4700.6			0.9798151201133226
4701.5			1.0007107689935115
4702.4			0.9811187204799059
4703.3			0.9720168787481962
4704.2			0.98007372264972
4705.1			1.0010325137259448
4706.0			1.0409438559372348
4706.9			1.0734104814459435
4707.8			1.0541540748480696
4708.7			1.0000607642928114
4709.6			1.0
4710.5			1.0
4711.4			1.0
4712.3			1.0
4713.2			1.0
4714.1			1.0
4715.0			1.0
4715.9			1.0
4716.8			1.0
4717.7			1.0
4718.6			1.0
4719.5			1.0
4720.4			1.0
4721.3			1.0
4722.2			1.0
4723.1			1.0
4724.0			1.0
4724.9			1.0
4725.8			1.018021678374877
4726.7			1.0171423343668917
4727.6			0.9750531293513482
4728.5			0.932925439451966
4729.4			0.9227572403642682
4730.3			0.9497651228576072
4731.2			0.9816626341600114
4732.1			0.9494550667453273
4733.0			0.9343656450844168
4733.9			0.9997473531653166
4734.8			1.0474746146032299
4735.7			1.0234831308650583
4736.6			1.003999194290533
4737.5			1.0207913399483386
4738.4			1.0568099464696379
4739.3			1.060585619875117
4740.2			1.0008817734762492
4741.1			1.0
4742.0			1.0
4742.9			1.0
4743.8			1.0
4744.7			1.0
4745.6			1.0
4746.5			1.0206193508924482
4747.4			1.0382897678025957
4748.3			1.0098626651373193
4749.2			0.9678232417018493
4750.1			0.9549428884703908
4751.0			0.9479149952546482
4751.9			0.9632161745254851
4752.8			1.0253616953987896
4753.7			1.0240884466173632
4754.6			0.9915045234681008
4755.5			0.9991354181745228
4756.4			1.0
4757.3			1.0188086599938417
4758.2			1.009378059074376
4759.1			0.9946524804153818
4760.0			1.0210889354612478
4760.9			1.0176579395551837
4761.8			0.9450876673612234
4762.7			0.8956398196433841
4763.6			0.92516111940652
4764.5			0.9662411957553797
4765.4			0.9642991628309358
4766.3			0.9728719939260724
4767.2			1.0046706358982314
4768.1			0.9999249527333994
4769.0			1.0
4769.9			1.0
4770.8			1.0
4771.7			1.0
4772.6			1.0
4773.5			1.0
4774.4			1.0
4775.3			1.0
4776.2			1.0
4777.1			1.0
4778.0			1.0
4778.9			1.0
4779.8			1.0
4780.7			1.0
4781.6			1.0
4782.5			1.0
4783.4			1.0
4784.3			1.0
4785.2			1.03971780736204
4786.1			1.0465524269711868
4787.0			0.9981105026259313
4787.9			0.9829210222283632
4788.8			1.0085693559265991
4789.7			0.9967339832188994
4790.6			0.9807116526936751
4791.5			0.9520034496230455
4792.4			0.9547928812429993
4793.3			1.0294066010843943
4794.2			1.087181990907482
4795.1			1.0868456829410678
4796.0			1.0538487795988778
4796.9			1.0251923469484636
4797.8			1.0022315349058597
4798.7			1.0
4799.6			1.0
4800.5			1.0
4801.4			1.0425633984198346
4802.3			1.0838126165396056
4803.2			1.064382912263054
4804.1			1.005534954859917
4805.0			0.9732660128648364
4805.9			1.0334033925690977
4806.8			1.089197080938722
4807.7			1.0482960975860822
4808.6			1.00056923855624
4809.5			1.0
4810.4			1.0
4811.3			1.0
4812.2			1.0
4813.1			1.0
4814.0			1.0
4814.9			1.0
4815.8			1.0
4816.7			1.0
4817.6			0.9902184073504836
4818.5			1.0382986425915102
4819.4			1.031984990342658
4820.3			0.9945049920373312
4821.2			0.9931020600487654
4822.1			0.9819728419882637
4823.0			0.9567755761764107
4823.9			0.9531568311200501
4824.8			0.9757727564764521
4825.7			1.0095867164667482
4826.6			1.0331066322970048
4827.5			1.0283616521404755
4828.4			1.0024593423342283
4829.3			0.993517134708502
4830.2			1.0025830673396783
4831.1			1.0
4832.0			1.0
4832.9			1.0048690354370047
4833.8			1.0474453774425687
4834.7			1.049563098359033
4835.6			1.0526761333816947
4836.5			1.0785581195692815
4837.4			1.0517814709320443
4838.3			0.9960656175820461
4839.2			0.9491013923284477
4840.1			0.9450614485200948
4841.0			0.9792437645191886
4841.9			0.996853246795775
4842.8			0.9824331571402483
4843.7			0.9504659893636904
4844.6			0.9439296984806274
4845.5			0.9864813566411921
4846.4			1.0231307038689645
4847.3			1.0022441349654687
4848.2			1.0
4849.1			1.0
4850.0			1.0086898191131088
4850.9			1.0280709035990485
4851.8			1.035000503383991
4852.7			1.0313806837640185
4853.6			1.0216885997462417
4854.5			0.985941610266439
4855.4			0.9399817850198009
4856.3			0.9314463650796115
4857.2			0.9719534051653286
4858.1			0.9942554174643715
4859.0			0.953964749875215
4859.9			0.8565649897134254
4860.8			0.7345987363296483
4861.7			0.7084870652340515
4862.6			0.8015198869326877
4863.5			0.8859157265959391
4864.4			0.9363521799133182
4865.3			0.9782111772448763
4866.2			1.0151200427756284
4867.1			1.0319983806982342
4868.0			1.0
4868.9			1.0130148655315332
4869.8			0.9993449931298213
4870.7			0.9101474586785118
4871.6			0.8516987239392022
4872.5			0.8887493340207949
4873.4			0.961020867405385
4874.3			1.000178756391812
4875.2			1.0
4876.1			1.0
4877.0			1.0
4877.9			1.0
4878.8			1.0
4879.7			1.0
4880.6			1.0
4881.5			1.0
4882.4			0.9850798750976042
4883.3			1.005307730952658
4884.2			1.0165624377215494
4885.1			0.9742483005345086
4886.0			0.9344226115483321
4886.9			0.9492154543712017
4887.8			0.972779747350819
4888.7			0.9454921904062453
4889.6			0.890711189077181
4890.5			0.8657318203730373
4891.4			0.8854598136265478
4892.3			0.9369208992641637
4893.2			0.9951173475274911
4894.1			1.0371997040325045
4895.0			1.0562244287258484
4895.9			1.0510603463776056
4896.8			1.0350399718624743
4897.7			1.018753952761219
4898.6			0.998170902425644
4899.5			1.0
4900.4			1.0
4901.3			1.0
4902.2			1.0
4903.1			1.0
4904.0			1.0
4904.9			1.018416190593973
4905.8			1.0680594084652926
4906.7			1.0943182975042611
4907.6			1.0501375006710483
4908.5			0.9944602252650779
4909.4			0.974351374209876
4910.3			1.0
4911.2			0.9794126947620789
4912.1			0.9912635550164882
4913.0			1.0169073622021534
4913.9			1.0629976121994176
4914.8			1.1057625433526674
4915.7			1.1085538822809857
4916.6			1.0730057414015515
4917.5			1.0189781975997296
4918.4			0.9662535503245954
4919.3			0.9085152623946079
4920.2			0.8632854545559908
4921.1			0.857335929883216
4922.0			0.8952578483648721
4922.9			0.9438305451137079
4923.8			0.9504264404138514
4924.7			1.0
4925.6			1.0126150202225448
4926.5			1.0327038877298063
4927.4			1.0275711163569665
4928.3			1.0523651058438692
4929.2			1.0978963992770556
4930.1			1.0991621969709204
4931.0			1.0727693740114688
4931.9			1.0466484212312992
4932.8			0.9886221421700704
4933.7			0.9197598009217524
4934.6			0.9161014791862412
4935.5			0.9465200247906785
4936.4			0.9380307619171931
4937.3			0.9159529190079496
4938.2			0.8983643590839228
4939.1			0.9103465063650412
4940.0			0.9603786901936819
4940.9			0.9971159435834854
4941.8			1.0000836389945016
4942.7			1.0
4943.6			1.0
4944.5			1.0
4945.4			1.0
4946.3			1.0
4947.2			1.0
4948.1			1.0
4949.0			1.0
4949.9			1.0
4950.8			1.0
4951.7			1.0
4952.6			1.0
4953.5			1.0
4954.4			1.002520061255873
4955.3			1.0145999697356103
4956.2			0.9585973952631451
4957.1			0.8391423197981641
4958.0			0.8306417220463291
4958.9			0.9354821040277135
4959.8			1.0
4960.7			1.002565959355162
4961.6			0.9710921365093187
4962.5			0.949019864793936
4963.4			0.9696274252645272
4964.3			0.9925194392249281
4965.2			0.9604645135931587
4966.1			0.9213937618951981
4967.0			0.9031447122825496
4967.9			0.8971759401660535
4968.8			0.9310169410364649
4969.7			0.9658675069340836
4970.6			0.9457286526275901
4971.5			0.9377487539556824
4972.4			0.9854344005428272
4973.3			1.0305833159246744
4974.2			1.0381636468829962
4975.1			1.0034970573709776
4976.0			1.0
4976.9			1.0115006138232754
4977.8			1.0442778864123567
4978.7			1.0567803081137896
4979.6			1.0389834020477038
4980.5			0.9969240363047889
4981.4			0.9341072497048413
4982.3			0.8693201538768471
4983.2			0.8637836595696988
4984.1			0.9179873691083984
4985.0			0.954114610614884
4985.9			0.9607539209062306
4986.8			0.9814643802444152
4987.7			1.0091941073204627
4988.6			1.0176664298317672
4989.5			1.002101323475888
4990.4			1.0
4991.3			1.0
4992.2			1.0
4993.1			1.0
4994.0			0.9929140714457743
4994.9			1.042185474871145
4995.8			1.1066619314973087
4996.7			1.1015000221062727
4997.6			1.060277858984775
4998.5			1.0187172953040071
4999.4			0.9659542095729312
5000.3			0.9399631674740241
5001.2			0.9599991465694584
5002.1			0.9886746446625849
5003.0			0.9977562581846243
5003.9			0.9873394569489198
5004.8			0.9693660154627192
5005.7			0.9386761897598715
5006.6			0.9312769228392217
5007.5			0.9816288156340187
5008.4			1.037155477047955
5009.3			1.0557617047515782
5010.2			1.0430139398089788
5011.1			0.9988203662530405
5012.0			0.9616654413685765
5012.9			0.945017924585058
5013.8			0.9082796261800695
5014.7			0.8937721125084834
5015.6			0.950738701507485
5016.5			0.9989014634961899
5017.4			0.9918290681005254
5018.3			0.979980029191653
5019.2			0.9921208179060441
5020.1			0.999253986603228
5021.0			0.9921434248592411
5021.9			0.996870798017212
5022.8			1.0053327094063569
5023.7			0.9986130090892149
5024.6			0.994540012480244
5025.5			1.0177991617972795
5026.4			1.0256737186993212
5027.3			0.9906792821904067
5028.2			0.9757294322389998
5029.1			1.0052210537292363
5030.0			1.02105763832359
5030.9			1.0287062144439072
5031.8			1.0768603685263873
5032.7			1.0
5033.6			1.0033465986014067
5034.5			0.9699885895806676
5035.4			0.9056446716668051
5036.3			0.8692037124927917
5037.2			0.8918626183719284
5038.1			0.9095478841150939
5039.0			0.8904710185992801
5039.9			0.8538671963364932
5040.8			0.812368666299076
5041.7			0.8148947161574981
5042.6			0.8944595446306393
5043.5			0.984384022559444
5044.4			1.0170889708547173
5045.3			1.0217020920411355
5046.2			1.0457774463358196
5047.1			1.0591013871541568
5048.0			1.0347675974514043
5048.9			1.0101432747506371
5049.8			1.0017425531719182
5050.7			1.0
5051.6			1.0
5052.5			1.0
5053.4			1.0
5054.3			1.0
5055.2			1.0
5056.1			1.0
5057.0			1.0
5057.9			1.0
5058.8			0.9874543180959804
5059.7			1.0058478709003176
5060.6			1.0320083340311061
5061.5			1.0193218468463665
5062.4			0.9892930224528551
5063.3			0.9606150183228305
5064.2			0.9246270768694305
5065.1			0.9183115374450329
5066.0			0.9481584734053656
5066.9			0.9628175799331724
5067.8			0.9432365836557262
5068.7			0.9514162308989652
5069.6			1.017416906953487
5070.5			1.0522279447833747
5071.4			1.0
5072.3			0.9520426860062906
5073.2			0.9963586563632879
5074.1			1.0488867675932594
5075.0			1.0455891648634141
5075.9			1.0414839163005654
5076.8			1.0480076210014468
5077.7			1.016283286306447
5078.6			0.9554177253557126
5079.5			0.9040072519746782
5080.4			0.9052638107734944
5081.3			0.9497280815741708
5082.2			0.9757320324642865
5083.1			0.9674663064386158
5084.0			0.9735316587677295
5084.9			1.0186587050586775
5085.8			1.0338904079067173
5086.7			0.9999840305322715
5087.6			1.0
5088.5			1.0
5089.4			1.0
5090.3			1.0
5091.2			1.0
5092.1			1.0
5093.0			1.0
5093.9			1.0037373184866056
5094.8			0.9978665389116517
5095.7			0.9718478114759291
5096.6			0.9451289751516466
5097.5			0.9196073810268838
5098.4			0.8948075042495113
5099.3			0.9052486178836778
5100.2			0.9614790295667226
5101.1			1.0208511527601931
5102.0			1.0
5102.9			0.966315905240059
5103.8			0.9453994104278516
5104.7			0.9529386386653791
5105.6			0.9413159974027652
5106.5			0.9069103439119471
5107.4			0.8808957405667441
5108.3			0.876563385519113
5109.2			0.8791498154385095
5110.1			0.8806233443653094
5111.0			0.8991457680833145
5111.9			0.9352070266006733
5112.8			1.0
5113.7			1.0151593321350136
5114.6			1.0209572635548556
5115.5			1.0357967633573457
5116.4			1.0381053221154197
5117.3			1.026266417647587
5118.2			1.028897920374185
5119.1			1.030449220134711
5120.0			1.0116000075995188
5120.9			0.9939026993929229
5121.8			0.9887119333757028
5122.7			0.9848487317299948
5123.6			0.9697528185894189
5124.5			0.9545313740404238
5125.4			0.9583367019452774
5126.3			0.9552665373537608
5127.2			0.9513222951202633
5128.1			1.0
5129.0			1.007765672455694
5129.9			1.0109437717796574
5130.8			1.011642118946219
5131.7			0.9911393473879989
5132.6			0.9868301295047045
5133.5			1.0293751325213978
5134.4			1.078604586809795
5135.3			1.0892201922335383
5136.2			1.0517590128062702
5137.1			0.9992880187528183
5138.0			0.9724625252469591
5138.9			0.9540850483912529
5139.8			0.9597901745281293
5140.7			0.9858344435510796
5141.6			0.9616674650092794
5142.5			0.9297288338143969
5143.4			0.9679572995296135
5144.3			1.0254966167178972
5145.2			1.0254136470206214
5146.1			0.9709784505367208
5147.0			0.926802209874168
5147.9			0.9456813572162691
5148.8			1.0030676006538277
5149.7			1.0383534958294454
5150.6			1.0153548906915402
5151.5			0.9700769785805609
5152.4			0.9583074680431871
5153.3			0.9743140944057751
5154.2			0.9791436633189738
5155.1			0.9761777747439496
5156.0			0.9991425169643675
5156.9			1.0
5157.8			1.0
5158.7			1.0
5159.6			1.0
5160.5			1.0
5161.4			1.0
5162.3			1.0
5163.2			1.0
5164.1			0.973717668437196
5165.0			0.9170643952685226
5165.9			0.8205811406948889
5166.8			0.7132010881996007
5167.7			0.6905653157561897
5168.6			0.7734352640031954
5169.5			0.8725413983615481
5170.4			0.877371959500815
5171.3			0.7664063455033225
5172.2			0.657528169307235
5173.1			0.6975229683294231
5174.0			0.8527053942539203
5174.9			0.9590691400400368
5175.8			0.985350724071772
5176.7			1.0
5177.6			0.9864527124288833
5178.5			0.9798178707461336
5179.4			0.9931373616655488
5180.3			0.990631456363769
5181.2			0.9368023809737226
5182.1			0.8183854513398308
5183.0			0.6703710179199409
5183.9			0.6334202567032367
5184.8			0.7556729774055856
5185.7			0.8846893952739152
5186.6			0.9255932094739286
5187.5			0.9173532204537124
5188.4			0.9258047488483037
5189.3			0.9815974960333379
5190.2			1.0026961866690045
5191.1			1.0
5192.0			1.0
5192.9			1.0
5193.8			1.0
5194.7			1.0
5195.6			1.0
5196.5			1.0
5197.4			1.0
5198.3			1.0
5199.2			1.0
5200.1			1.0
5201.0			1.0
5201.9			0.9948572084544279
5202.8			1.0098569905193093
5203.7			0.9672926808187815
5204.6			0.9014190770348234
5205.5			0.8854771819597184
5206.4			0.9146034568522641
5207.3			0.9123921378879126
5208.2			0.8666096015001129
5209.1			0.8540100826732323
5210.0			0.8947335157099812
5210.9			0.9704018870770276
5211.8			1.029203065388196
5212.7			1.0587469221489303
5213.6			1.0757793177694828
5214.5			1.0529802581010406
5215.4			1.005389694500184
5216.3			0.9981922977874209
5217.2			1.0
5218.1			1.0
5219.0			1.0
5219.9			1.0
5220.8			1.0090598526920929
5221.7			1.0144000667842095
5222.6			0.9804160026909288
5223.5			0.9130023703579574
5224.4			0.8785392039360084
5225.3			0.8591578941174505
5226.2			0.8203888944639907
5227.1			0.830840765266109
5228.0			0.9050133929894759
5228.9			0.9621694140577952
5229.8			0.9934989063920988
5230.7			1.0132152293656922
5231.6			0.9997028065189991
5232.5			1.0
5233.4			1.0
5234.3			1.0
5235.2			1.0
5236.1			1.0
5237.0			1.0253513905707001
5237.9			1.0615804797930202
5238.8			1.0859268881443096
5239.7			1.0753536523441667
5240.6			1.04996798649983
5241.5			1.0317824020670892
5242.4			1.0136419420050797
5243.3			1.0237987440167402
5244.2			1.0568988193694253
5245.1			1.035211349799062
5246.0			0.9507257029600925
5246.9			0.8767804787131956
5247.8			0.8815235394734899
5248.7			0.915028628229553
5249.6			0.9035012615665735
5250.5			0.8960084832327411
5251.4			0.9148913906642411
5252.3			0.9217766031282872
5253.2			1.0
5254.1			0.974204627978684
5255.0			0.9853627458988065
5255.9			1.0648189563650783
5256.8			1.104457818535471
5257.7			1.0752523939233494
5258.6			1.0473344306672165
5259.5			1.0420052728950233
5260.4			1.0212835622949021
5261.3			0.9653543714746068
5262.2			0.908087305130974
5263.1			0.8750880790331503
5264.0			0.8621632980275968
5264.9			0.8389171021591051
5265.8			0.8292288175820777
5266.7			0.8857975562248929
5267.6			0.9214406170287317
5268.5			0.8571706753152246
5269.4			0.7908041657932405
5270.3			0.8321563508218337
5271.2			0.9277501758800802
5272.1			0.9778189518839971
5273.0			0.9631819872381717
5273.9			0.9377708220806518
5274.8			0.9208252401375533
5275.7			0.9383844804622271
5276.6			1.0111222335527368
5277.5			1.0
5278.4			1.006034189912939
5279.3			0.9785911703217488
5280.2			0.9547829976342939
5281.1			0.9334430257400931
5282.0			0.8942662026668798
5282.9			0.8616281772576907
5283.8			0.8830802092686605
5284.7			0.9651384598101935
5285.6			1.0289698217036958
5286.5			1.0221769423688147
5287.4			1.0009403385916351
5288.3			1.0
5289.2			1.0
5290.1			1.0
5291.0			0.9955945654937535
5291.9			0.9875028712690234
5292.8			1.0030892341371733
5293.7			1.0317579130651477
5294.6			1.0244660995031432
5295.5			0.9557989303081396
5296.4			0.8573322219134543
5297.3			0.7959545244046596
5298.2			0.8183602928989903
5299.1			0.8972462573272536
5300.0			0.9453275100088546
5300.9			0.9254671749060149
5301.8			0.9154822994949223
5302.7			0.9691738842144672
5303.6			1.0010392237944656
5304.5			1.0
5305.4			1.0
5306.3			1.0
5307.2			1.0
5308.1			1.0
5309.0			1.0
5309.9			1.0
5310.8			1.0
5311.7			1.0
5312.6			1.0
5313.5			1.0
5314.4			1.0
5315.3			1.0
5316.2			1.0
5317.1			1.0
5318.0			1.0
5318.9			1.0
5319.8			1.0
5320.7			1.0
5321.6			1.0
5322.5			1.0
5323.4			1.0
5324.3			0.9791813928053885
5325.2			1.0013515938015702
5326.1			0.9759785793545426
5327.0			0.8693630808807357
5327.9			0.8036989822794707
5328.8			0.8775635496047629
5329.7			0.991765225359575
5330.6			1.0238894943614718
5331.5			1.001269783201028
5332.4			1.0
5333.3			1.0
5334.2			1.0
5335.1			1.0
5336.0			1.0
5336.9			1.0229003594507062
5337.8			1.0242330771075814
5338.7			0.993746237451259
5339.6			0.9431228279837344
5340.5			0.9192025797718775
5341.4			0.9607946068810592
5342.3			1.0043202999531988
5343.2			1.008322226515655
5344.1			1.0027914463175658
5345.0			1.0
5345.9			1.0
5346.8			1.0
5347.7			1.0
5348.6			1.0
5349.5			1.0
5350.4			1.0
5351.3			1.0
5352.2			1.0
5353.1			1.0
5354.0			1.0
5354.9			1.0
5355.8			1.0
5356.7			1.0
5357.6			1.0
5358.5			1.0
5359.4			1.0
5360.3			1.0
5361.2			1.0
5362.1			1.0
5363.0			1.0
5363.9			1.0
5364.8			1.0
5365.7			1.01409993640226
5366.6			1.034082136320396
5367.5			1.0164083541329874
5368.4			0.9843193516406796
5369.3			0.9226484332335587
5370.2			0.8851073291076019
5371.1			0.9111720647634423
5372.0			1.0014127528249155
5372.9			1.0452832333274455
5373.8			1.018812080401117
5374.7			1.0010137720731467
5375.6			1.0
5376.5			1.0
5377.4			1.0
5378.3			1.0
5379.2			1.0
5380.1			1.0
5381.0			1.0
5381.9			1.0
5382.8			1.0
5383.7			0.9971787095255492
5384.6			1.002744246761096
5385.5			1.0106332659024984
5386.4			0.9998597671616537
5387.3			0.9796369837613443
5388.2			0.9746999684027462
5389.1			0.9914264422525452
5390.0			1.003055457404021
5390.9			0.9783126206002628
5391.8			0.9422542634222765
5392.7			0.9257878906401822
5393.6			0.9367817182394098
5394.5			0.9579893788179169
5395.4			0.9390519387928757
5396.3			0.8984386263729597
5397.2			0.889545219593573
5398.1			0.9106559453179291
5399.0			0.939309363281668
5399.9			0.9548976443577566
5400.8			0.950841293282813
5401.7			0.9597930435420857
5402.6			0.9440917929641847
5403.5			0.910574086050599
5404.4			0.8897359151980423
5405.3			0.8677421939696873
5406.2			0.8767579080279574
5407.1			0.9279012935781178
5408.0			0.9620919320913008
5408.9			0.9637677132477118
5409.8			0.9581283248735262
5410.7			0.9513344062750254
5411.6			0.9525848219758543
5412.5			0.966977486593792
5413.4			0.9799406733009669
5414.3			0.9857082939865092
5415.2			0.9836415269617346
5416.1			0.9873014829015343
5417.0			0.9914413739174992
5417.9			0.9805077432991761
5418.8			0.9793889757684383
5419.7			0.9746656777235049
5420.6			0.9702340401350729
5421.5			0.9823849055754483
5422.4			0.9882283664949952
5423.3			0.9802856543830424
5424.2			0.9678943868480818
5425.1			0.9639222177303152
5426.0			0.9822045629843574
5426.9			0.9997523515019454
5427.8			1.0
5428.7			1.0
5429.6			1.0
5430.5			1.0
5431.4			1.0
5432.3			1.0
5433.2			1.0
5434.1			1.0
5435.0			1.0
5435.9			1.0
5436.8			1.0
5437.7			1.0
5438.6			1.0
5439.5			1.0
5440.4			1.0
5441.3			1.0035351175317582
5442.2			1.0060926386740014
5443.1			0.9937502842778182
5444.0			0.9724628394484929
5444.9			0.935219998176192
5445.8			0.905299925930743
5446.7			0.9070876813731793
5447.6			0.9362392944396796
5448.5			0.9647097365435292
5449.4			0.9847566665182781
5450.3			1.0000657119066865
5451.2			1.0
5452.1			1.0
5453.0			1.0
5453.9			1.0
5454.8			1.0
5455.7			1.0
5456.6			1.0
5457.5			1.0
5458.4			1.0
5459.3			1.0
5460.2			1.0
5461.1			1.0
5462.0			1.0
5462.9			1.003210345980425
5463.8			1.014973816173458
5464.7			1.0254836439741772
5465.6			1.0360641786049363
5466.5			1.0383503835412635
5467.4			1.0306645140785218
5468.3			1.025046859600191
5469.2			1.0233095064896198
5470.1			1.022172654815144
5471.0			1.0184048333428255
5471.9			0.9986436582367868
5472.8			0.9883080332665345
5473.7			0.992023992258308
5474.6			0.9610164089296532
5475.5			0.9217088117856036
5476.4			0.9304479304953456
5477.3			0.9700559433825178
5478.2			0.9945082579210125
5479.1			0.9909108095326248
5480.0			0.9801588179651082
5480.9			0.9667972542951492
5481.8			0.9514797790523506
5482.7			0.9588851541106472
5483.6			0.9883091773337964
5484.5			1.0007859439362523
5485.4			0.9909259791046138
5486.3			0.9817257756130591
5487.2			0.9923799838388354
5488.1			1.0000817058730056
5489.0			1.0
5489.9			1.0
5490.8			1.0
5491.7			1.0
5492.6			1.0
5493.5			1.0
5494.4			1.0
5495.3			1.0
5496.2			1.0
5497.1			1.0
5498.0			1.0
5498.9			1.0
5499.8			1.0
5500.7			1.0
5501.6			1.0
5502.5			1.0
5503.4			1.0
5504.3			1.0
5505.2			1.0
5506.1			1.0
5507.0			1.0
5507.9			1.0
5508.8			1.0
5509.7			1.0
5510.6			1.0
5511.5			1.0
5512.4			1.0
5513.3			1.0
5514.2			1.0
5515.1			1.0
5516.0			1.0
5516.9			1.0
5517.8			1.0
5518.7			1.0
5519.6			1.0
5520.5			1.0
5521.4			1.0
5522.3			1.0
5523.2			1.0
5524.1			1.0
5525.0			1.0
5525.9			1.0
5526.8			1.0
5527.7			1.0
5528.6			1.0
5529.5			1.0
5530.4			1.0
5531.3			1.0
5532.2			1.0
5533.1			1.0
5534.0			1.0
5534.9			1.0
5535.8			1.0
5536.7			1.0
5537.6			1.0
5538.5			1.0
5539.4			1.0
5540.3			1.0
5541.2			1.0
5542.1			1.0
5543.0			1.0
5543.9			1.0
5544.8			1.0
5545.7			1.0
5546.6			1.0
5547.5			1.0
5548.4			1.0
5549.3			1.0
5550.200000000001			1.0
5551.1			1.0
5552.0			0.9937230945972408
5552.9			1.0122408183477871
5553.8			1.0124372874372793
5554.700000000001			1.002978722929257
5555.6			1.016808734384444
5556.5			1.0373693767121415
5557.4			1.0378905764462898
5558.3			1.059247344566354
5559.200000000001			1.0888198800298174
5560.1			1.0664231141506255
5561.0			1.0205785306219755
5561.9			1.0144712536272105
5562.8			1.0033563466848985
5563.700000000001			1.0216209391375393
5564.6			1.0429410671834913
5565.5			1.0182737993859012
5566.4			1.0219681822396043
5567.3			1.0338773822037357
5568.200000000001			1.0088120098433868
5569.1			0.9764858746425019
5570.0			0.968094987102638
5570.9			0.9918418769332055
5571.8			1.0190979973759315
5572.700000000001			0.9933384659102518
5573.6			0.9812455015005321
5574.5			1.0113743297860716
5575.4			1.0350991903409419
5576.3			1.0292141435432665
5577.200000000001			1.0341745444455683
5578.1			1.0510021483805945
5579.0			1.047561897751099
5579.9			1.048527328377449
5580.8			1.0531828530447773
5581.700000000001			1.0457439781808284
5582.6			1.0448705059043149
5583.5			1.0399376610973339
5584.4			1.0240201853283082
5585.3			1.017797318441835
5586.200000000001			0.9946218316265942
5587.1			0.9454060883741142
5588.0			0.9384146633201528
5588.9			0.949881611767581
5589.8			0.9709149496507645
5590.700000000001			1.031933493031527
5591.6			1.0574979762924797
5592.5			1.0
5593.4			0.9611961106882734
5594.3			0.9487605939224857
5595.200000000001			0.9593553105388202
5596.1			1.0292456072913054
5597.0			1.0699420188525723
5597.9			1.0349378500959154
5598.8			0.973523668128006
5599.700000000001			0.9719828444314874
5600.6			0.9534584190646728
5601.5			0.9349643070945742
5602.4			0.93400850363496
5603.3			0.9430224639686143
5604.200000000001			0.9656990606683256
5605.1			0.9771956770258594
5606.0			0.977669085031151
5606.9			0.9942670051804734
5607.8			0.9987975476639002
5608.700000000001			1.0094898338471332
5609.6			1.0026660839532138
5610.5			1.0629408713182356
5611.4			1.0
5612.3			1.0347542725159942
5613.200000000001			1.0527641244106303
5614.1			1.0109468484406976
5615.0			0.9160903628829007
5615.9			0.9230430320387117
5616.8			0.9716346635270181
5617.700000000001			1.0
5618.6			0.9802098627179635
5619.5			0.9610971435026922
5620.4			0.978413650312723
5621.3			1.0091707597421373
5622.200000000001			1.0031821235296312
5623.1			0.942861469025987
5624.0			0.8906448922801332
5624.9			0.9010991507509677
5625.8			0.9204599864122642
5626.700000000001			0.9140341240867942
5627.6			0.9259731467109552
5628.5			0.9589722219604144
5629.4			0.9976505123844706
5630.3			1.0
5631.200000000001			1.0
5632.1			1.0
5633.0			1.0
5633.9			1.0
5634.8			1.0
5635.700000000001			1.0
5636.6			1.0
5637.5			1.0
5638.4			1.0
5639.3			1.0
5640.200000000001			1.0
5641.1			1.0
5642.0			1.0
5642.9			1.0
5643.8			1.0
5644.700000000001			1.0
5645.6			1.0
5646.5			1.0
5647.4			1.0
5648.3			1.0
5649.200000000001			0.9912752918688987
5650.1			0.9765888616863225
5651.0			1.0056490408305294
5651.9			1.0699833493591904
5652.8			1.0855267260995631
5653.700000000001			1.0350406098306606
5654.6			0.9791012247519254
5655.5			0.9690352408698225
5656.4			0.9891339517825178
5657.3			0.9673684014987601
5658.200000000001			0.9275815890607595
5659.1			0.9520962148142597
5660.0			0.9937609830428773
5660.9			0.9951539421335475
5661.8			0.9832094208265831
5662.700000000001			0.9957890581851572
5663.6			1.0340561768503325
5664.5			1.0505409658098341
5665.4			1.0234869623890357
5666.3			1.001909110401755
5667.200000000001			0.99860715511716
5668.1			1.0
5669.0			1.0
5669.9			1.0
5670.8			1.0
5671.700000000001			1.0
5672.6			1.0
5673.5			0.9824898854292923
5674.4			0.9771885511621445
5675.3			0.9492285442519796
5676.200000000001			0.9395760424250243
5677.1			0.9733808848565347
5678.0			0.9968141380710037
5678.9			1.0192250482135523
5679.8			1.0366126564918798
5680.700000000001			1.0118859033255005
5681.6			0.9426123792651165
5682.5			0.8974034761920385
5683.4			0.9255486066312775
5684.3			0.9655452977792938
5685.200000000001			0.9663296049748313
5686.1			0.9632960452235388
5687.0			0.948661600176015
5687.9			0.9266451129054306
5688.8			0.9406459625574756
5689.700000000001			0.9610270820175583
5690.6			0.9804347174850805
5691.5			1.0
5692.4			1.0164154484595447
5693.3			1.0235963701668886
5694.200000000001			1.009601098312155
5695.1			1.0026649509672647
5696.0			0.9905257636532538
5696.9			0.9759678291205144
5697.8			0.9866727279194157
5698.700000000001			1.000405027807738
5699.6			0.9890726048094922
5700.5			0.9625203419284579
5701.4			0.9506010400507139
5702.3			0.9675286078740805
5703.200000000001			0.9842114536321303
5704.1			0.9833162134637792
5705.0			0.9759954706422389
5705.9			0.9750739044651976
5706.8			0.9718882930075978
5707.700000000001			0.9500365506471913
5708.6			0.9246361400154856
5709.5			0.9022675045510763
5710.4			0.8894750795641262
5711.3			0.9029200947221276
5712.200000000001			0.9399082550817632
5713.1			0.9795442181965325
5714.0			0.9843968471043303
5714.9			0.9723684461688273
5715.8			0.9687968074977941
5716.700000000001			0.9695142700669079
5717.6			0.9777583244997881
5718.5			0.9921285817352666
5719.4			1.011969820987565
5720.3			1.030691925729093
5721.200000000001			1.025744226715475
5722.1			1.0064403416110503
5723.0			1.0057139000172635
5723.9			1.0158472122437547
5724.8			1.0228159148581784
5725.700000000001			1.0138926064988467
5726.6			0.979167552287618
5727.5			0.966555458070782
5728.4			0.9997184248305023
5729.3			1.0
5730.200000000001			1.0
5731.1			1.0
5732.0			1.0
5732.9			1.0
5733.8			1.0
5734.700000000001			1.0
5735.6			1.0
5736.5			1.0
5737.4			1.0
5738.3			1.0
5739.200000000001			1.0
5740.1			1.0
5741.0			1.0
5741.9			1.0
5742.8			1.0
5743.700000000001			1.0
5744.6			1.0
5745.5			1.0
5746.4			1.0
5747.3			1.0
5748.200000000001			1.0
5749.1			1.0
5750.0			1.0
5750.9			1.0
5751.8			1.0
5752.700000000001			1.0
5753.6			1.0
5754.5			1.0
5755.4			1.0
5756.3			1.0
5757.200000000001			1.009009990632763
5758.1			1.0127578737997156
5759.0			0.9995246122791217
5759.9			1.0
5760.8			0.9877251289427189
5761.700000000001			0.9668749910480606
5762.6			0.9456682922442096
5763.5			0.9581380050128243
5764.4			0.997251053608762
5765.3			1.0192467445527957
5766.200000000001			1.0179262923543897
5767.1			1.0049982624685778
5768.0			0.99212776964445
5768.9			1.0174351423766042
5769.8			1.0477439872430698
5770.700000000001			1.0424651153293354
5771.6			1.017330914819
5772.5			0.9876679097743254
5773.4			0.9732672260010881
5774.3			0.9776725556889241
5775.200000000001			0.9951219766886547
5776.1			1.0208776736765899
5777.0			1.0334238780544887
5777.9			1.0233067293021973
5778.8			0.9901338304646854
5779.700000000001			0.9308065811433892
5780.6			0.8613659444606259
5781.5			0.8605428454363908
5782.4			0.9081722403512779
5783.3			0.9361334541902327
5784.200000000001			0.9393412284062956
5785.1			0.9482709358033882
5786.0			0.9631194743209871
5786.9			0.9557881587509746
5787.8			0.9427096606109786
5788.700000000001			0.9555385477389319
5789.6			0.9693683913487705
5790.5			0.9518326007222407
5791.4			0.9273946621302759
5792.3			0.9341296124198317
5793.200000000001			0.961371411670816
5794.1			0.9595767451270505
5795.0			0.9460560210701949
5795.9			0.9530149276978707
5796.8			0.9492921704105403
5797.700000000001			0.9379982032597963
5798.6			0.9355736313228473
5799.5			0.9559231171779582
5800.4			0.9758001299629151
5801.3			0.9898596574615978
5802.200000000001			1.000214696156995
5803.1			1.0
5804.0			1.0
5804.9			1.0
5805.8			1.0
5806.700000000001			1.0
5807.6			1.0
5808.5			1.0
5809.4			1.0
5810.3			1.0
5811.200000000001			1.0
5812.1			1.0
5813.0			1.0
5813.9			1.0
5814.8			1.0
5815.700000000001			1.0
5816.6			1.0
5817.5			1.0
5818.4			1.0
5819.3			1.0
5820.200000000001			1.0
5821.1			1.0
5822.0			1.0
5822.9			1.0
5823.8			1.0
5824.700000000001			1.0
5825.6			1.0
5826.5			1.0
5827.4			1.0
5828.3			1.0
5829.200000000001			1.0
5830.1			1.0
5831.0			1.0
5831.9			1.0
5832.8			1.0
5833.700000000001			1.0
5834.6			1.0
5835.5			1.0
5836.4			1.0
5837.3			1.0
5838.200000000001			1.0
5839.1			1.0
5840.0			1.0
5840.9			1.0
5841.8			1.0
5842.700000000001			1.0
5843.6			1.0
5844.5			1.0
5845.4			1.0
5846.3			1.0
5847.200000000001			1.0
5848.1			1.0
5849.0			1.0100633843182818
5849.9			1.0058733318096822
5850.8			0.98324986648875
5851.700000000001			0.970432179902813
5852.6			0.9812554780424392
5853.5			0.9861727569833889
5854.4			0.9991014587325088
5855.3			0.9812816946854412
5856.200000000001			0.9263925964375997
5857.1			0.8979862234858654
5858.0			0.9259357083945863
5858.9			0.973981841872945
5859.8			0.9829456169141108
5860.700000000001			0.9680553141975754
5861.6			0.9696542303291091
5862.5			0.9843363764552348
5863.4			1.0014395445873459
5864.3			1.0144563027343365
5865.200000000001			0.9995126556253242
5866.1			1.0
5867.0			1.0
5867.9			1.0
5868.8			1.0
5869.700000000001			1.0
5870.6			1.0
5871.5			1.0
5872.4			1.0
5873.3			1.0
5874.200000000001			1.0
5875.1			1.0
5876.0			1.0
5876.9			1.0
5877.8			1.0
5878.700000000001			1.0
5879.6			1.0
5880.5			1.0
5881.4			1.0
5882.3			1.0
5883.200000000001			1.0
5884.1			1.0
5885.0			1.0
5885.9			1.0430275665670097
5886.8			1.0628531266863674
5887.700000000001			1.0360527187043151
5888.6			0.9013657272522189
5889.5			0.7369508127936708
5890.4			0.724278339315652
5891.3			0.8817953160102232
5892.200000000001			1.023816824402513
5893.1			1.091516997205463
5894.0			1.1088459072451695
5894.9			0.9986765762696247
5895.8			1.0
5896.700000000001			1.0
5897.6			1.0
5898.5			1.0
5899.4			1.0
5900.3			1.0
5901.200000000001			1.0
5902.1			1.0
5903.0			1.0
5903.9			1.0
5904.8			1.0
5905.700000000001			1.0
5906.6			1.0
5907.5			1.0
5908.4			1.0
5909.3			1.0
5910.200000000001			1.0
5911.1			1.0
5912.0			1.0
5912.9			1.0
5913.8			1.0
5914.700000000001			1.0
5915.6			1.0
5916.5			1.0
5917.4			1.0
5918.3			1.0
5919.200000000001			1.0
5920.1			1.0
5921.0			1.0
5921.9			1.0
5922.8			1.0
5923.700000000001			1.0
5924.6			1.0
5925.5			1.0
5926.4			1.0
5927.3			1.0
5928.200000000001			1.0
5929.1			1.0
5930.0			1.0
5930.9			1.0
5931.8			1.0
5932.700000000001			1.0
5933.6			1.0
5934.5			1.0
5935.4			1.0
5936.3			1.0
5937.200000000001			1.0
5938.1			1.0
5939.0			1.0
5939.9			1.0
5940.8			1.0
5941.700000000001			1.0
5942.6			1.0
5943.5			1.0
5944.4			1.0
5945.3			1.0
5946.200000000001			1.0
5947.1			1.0
5948.0			1.0
5948.9			1.0
5949.8			1.0
5950.700000000001			1.0
5951.6			1.0
5952.5			1.0
5953.4			1.0
5954.3			1.0
5955.200000000001			1.0
5956.1			1.0
5957.0			1.0
5957.9			1.0
5958.8			1.0
5959.700000000001			1.0
5960.6			1.0
5961.5			1.0
5962.4			1.0
5963.3			1.0
5964.200000000001			1.0
5965.1			1.0
5966.0			1.0
5966.9			1.0
5967.8			1.0
5968.700000000001			1.0
5969.6			1.0
5970.5			1.0
5971.4			1.0
5972.3			1.0
5973.200000000001			1.0
5974.1			1.0
5975.0			1.0
5975.9			1.0
5976.8			1.0
5977.700000000001			1.0
5978.6			1.0
5979.5			1.0
5980.4			1.0
5981.3			1.0
5982.200000000001			1.0
5983.1			1.0
5984.0			1.0
5984.9			1.0
5985.8			1.0
5986.700000000001			1.0
5987.6			1.0
5988.5			1.0
5989.4			1.0
5990.3			1.0
5991.200000000001			1.0
5992.1			1.0
5993.0			1.0
5993.9			1.0
5994.8			1.0
5995.700000000001			1.0
5996.6			1.0
5997.5			1.0
5998.4			1.0
5999.3			1.0
6000.200000000001			1.0
6001.1			1.0
6002.0			1.0
6002.9			1.0
6003.8			1.0
6004.700000000001			1.0
6005.6			1.0
6006.5			1.0
6007.4			1.0
6008.3			1.0
6009.200000000001			1.0
6010.1			1.0
6011.0			1.0
6011.9			1.0
6012.8			1.0
6013.700000000001			1.0
6014.6			1.0
6015.5			1.0
6016.4			1.0
6017.3			1.0
6018.200000000001			1.0
6019.1			1.0
6020.0			1.0
6020.9			1.0
6021.8			1.0
6022.700000000001			1.0
6023.6			1.0
6024.5			1.0
6025.4			1.0
6026.3			1.0
6027.200000000001			1.0
6028.1			1.0
6029.0			1.0
6029.9			1.0
6030.8			1.0
6031.700000000001			1.0
6032.6			1.0
6033.5			1.0
6034.4			1.0
6035.3			1.0
6036.200000000001			1.0
6037.1			1.0
6038.0			1.0
6038.9			1.0
6039.8			1.0
6040.700000000001			1.0
6041.6			1.0
6042.5			1.0
6043.4			1.0
6044.3			1.0
6045.200000000001			1.0
6046.1			1.0
6047.0			1.0
6047.9			1.0
6048.8			1.0
6049.700000000001			1.0
6050.6			1.0
6051.5			1.0
6052.4			1.0
6053.3			1.0
6054.200000000001			1.0
6055.1			1.0
6056.0			1.0
6056.9			1.0
6057.8			1.0
6058.700000000001			1.0
6059.6			1.0
6060.5			1.0
6061.4			1.0
6062.3			1.0
6063.200000000001			1.0
6064.1			1.0
6065.0			1.0
6065.9			1.0
6066.8			1.0
6067.700000000001			1.0
6068.6			1.0
6069.5			1.0
6070.4			1.0
6071.3			1.0
6072.200000000001			1.0
6073.1			1.0
6074.0			1.0
6074.9			1.0
6075.8			1.0
6076.700000000001			1.0
6077.6			1.0
6078.5			1.0
6079.4			1.0
6080.3			1.0
6081.200000000001			1.0
6082.1			1.0
6083.0			1.0
6083.9			1.0
6084.8			1.0
6085.700000000001			1.0
6086.6			1.0
6087.5			1.0
6088.4			1.0
6089.3			1.0
6090.200000000001			1.0
6091.1			1.0
6092.0			1.0
6092.9			1.0
6093.8			1.0
6094.700000000001			1.0
6095.6			1.0
6096.5			1.0
6097.4			1.0
6098.3			1.013570951776073
6099.200000000001			0.9940031627891672
6100.1			0.9511982045528091
6101.0			0.9006453310695216
6101.9			0.8870898520880046
6102.8			0.9162772211739254
6103.700000000001			0.9699988164399452
6104.6			1.0007976350636676
6105.5			1.0004759135744672
6106.4			1.0
6107.3			1.0
6108.200000000001			1.0
6109.1			1.0
6110.0			1.0
6110.9			1.0
6111.8			1.0
6112.700000000001			1.0
6113.6			1.0
6114.5			1.0
6115.4			1.0
6116.3			1.0
6117.200000000001			1.0
6118.1			1.0
6119.0			1.0
6119.9			1.0
6120.8			1.0
6121.700000000001			1.0
6122.6			1.0
6123.5			1.0
6124.4			1.0
6125.3			1.0
6126.200000000001			1.0
6127.1			1.0
6128.0			1.0
6128.9			1.0
6129.8			1.0
6130.700000000001			1.0
6131.6			1.0
6132.5			1.0
6133.4			1.0140473259516283
6134.3			1.0140170458158242
6135.200000000001			0.9905156405299749
6136.1			0.9451871931609525
6137.0			0.915766555464517
6137.9			0.9743539402983127
6138.8			1.0
6139.700000000001			0.9966011795452968
6140.6			0.9597055159797704
6141.5			0.9308293226027903
6142.4			0.9427048197950423
6143.3			0.9811483408699063
6144.200000000001			1.0199557066915061
6145.1			1.0385662842550223
6146.0			1.0091850053189984
6146.9			0.993457866701541
6147.8			0.9850708302716403
6148.700000000001			0.9786579971297071
6149.6			0.9893442191751952
6150.5			1.0029198157301715
6151.4			0.974890434257369
6152.3			0.9605961732789783
6153.200000000001			0.9778693709361457
6154.1			1.0019446370757472
6155.0			1.011435764117704
6155.9			1.0227313490355838
6156.8			1.020566651844605
6157.700000000001			1.008931795682899
6158.6			0.9871296409015902
6159.5			0.9763196645920911
6160.4			0.9211509446583218
6161.3			0.861256653502302
6162.200000000001			0.8215570262252011
6163.1			0.8360206623024927
6164.0			0.8996491615438492
6164.9			0.9252435934798999
6165.8			0.9151848049403049
6166.700000000001			0.9403723229719683
6167.6			0.965229317858902
6168.5			0.9224043318543093
6169.4			0.90333033702037
6170.3			0.9274639977082937
6171.200000000001			0.9501101944926218
6172.1			0.9491897833877051
6173.0			0.948110376280369
6173.9			0.948644079259341
6174.8			0.9637855616569578
6175.700000000001			0.9612350805364155
6176.6			0.9788689724823906
6177.5			0.9718694024040441
6178.4			0.9489292385783132
6179.3			0.943257911896918
6180.200000000001			0.947485359529655
6181.1			0.9517515020844305
6182.0			0.983361876171721
6182.9			0.9944474050297026
6183.8			0.9955135552002509
6184.700000000001			0.9999869717636534
6185.6			1.0
6186.5			1.0
6187.4			1.0
6188.3			1.0
6189.200000000001			1.0
6190.1			1.0
6191.0			1.0
6191.9			1.0
6192.8			1.0
6193.700000000001			1.0
6194.6			1.0
6195.5			1.0
6196.4			1.0
6197.3			1.0
6198.200000000001			1.0
6199.1			1.0
6200.0			1.0
6200.9			1.0
6201.8			1.0
6202.700000000001			1.0
6203.6			1.0
6204.5			1.0
6205.4			1.0
6206.3			1.0
6207.200000000001			1.0
6208.1			1.0
6209.0			1.0
6209.9			1.0
6210.8			1.0
6211.700000000001			1.0
6212.6			1.0
6213.5			1.0
6214.4			1.0
6215.3			1.0
6216.200000000001			1.0
6217.1			1.0
6218.0			1.0
6218.9			1.0
6219.8			1.0
6220.700000000001			1.0
6221.6			1.0
6222.5			1.0
6223.4			1.0
6224.3			1.0
6225.200000000001			1.0
6226.1			1.0
6227.0			1.0
6227.9			1.0
6228.8			1.0
6229.700000000001			1.0
6230.6			1.0
6231.5			1.0
6232.4			1.0
6233.3			1.0
6234.200000000001			1.0
6235.1			1.0
6236.0			1.0
6236.9			1.0
6237.8			1.0
6238.700000000001			1.0
6239.6			1.0
6240.5			1.0
6241.4			1.0
6242.3			1.0
6243.200000000001			1.0
6244.1			1.0
6245.0			1.0
6245.9			1.0
6246.8			1.0
6247.700000000001			1.0
6248.6			1.0
6249.5			1.0
6250.4			1.0
6251.3			1.0
6252.200000000001			1.0
6253.1			1.0
6254.0			1.0
6254.9			1.0
6255.8			1.0
6256.700000000001			1.0
6257.6			1.0
6258.5			1.0
6259.4			1.0
6260.3			1.0
6261.200000000001			1.0
6262.1			1.0
6263.0			1.0
6263.9			1.0
6264.8			1.0
6265.700000000001			1.0
6266.6			1.0
6267.5			1.0
6268.4			1.0
6269.3			1.0
6270.200000000001			1.0
6271.1			1.0
6272.0			1.0
6272.9			1.0
6273.8			1.0
6274.700000000001			1.0
6275.6			1.0231519587598954
6276.5			1.0307332714809887
6277.4			1.0334569923357333
6278.3			1.0297312468454807
6279.200000000001			0.9739518040191198
6280.1			0.9199709808959629
6281.0			0.9248455956193654
6281.9			0.9449134481631419
6282.8			0.9512389609125418
6283.700000000001			0.9305333139588684
6284.6			0.9109760375629645
6285.5			0.924423091215373
6286.4			0.9407644619755717
6287.3			0.9779732220263646
6288.200000000001			1.0426061641499609
6289.1			1.0578252351318929
6290.0			1.02520651362137
6290.9			0.9870612988401675
6291.8			0.9790558065661887
6292.700000000001			0.9881179142455834
6293.6			1.0010653700459957
6294.5			1.0
6295.4			1.0
6296.3			1.0
6297.200000000001			1.0
6298.1			1.0
6299.0			1.0
6299.9			1.0
6300.8			1.0
6301.700000000001			1.0
6302.6			1.0
6303.5			1.0
6304.4			1.0
6305.3			1.0
6306.200000000001			1.0
6307.1			1.0
6308.0			1.0
6308.9			1.0
6309.8			1.0
6310.700000000001			1.0
6311.6			1.0
6312.5			1.0
6313.4			1.0
6314.3			1.0
6315.200000000001			1.0
6316.1			1.0
6317.0			1.0
6317.9			1.0
6318.8			1.0
6319.700000000001			1.0
6320.6			1.0
6321.5			1.0
6322.4			1.0
6323.3			1.0
6324.200000000001			1.0
6325.1			1.0
6326.0			1.0
6326.9			1.0
6327.8			1.0
6328.700000000001			1.0
6329.6			1.0
6330.5			1.0
6331.4			1.0
6332.3			1.0
6333.200000000001			1.0
6334.1			1.0
6335.0			1.0
6335.9			1.0
6336.8			1.0
6337.700000000001			1.0
6338.6			1.0
6339.5			1.0
6340.4			1.0
6341.3			1.0
6342.200000000001			1.0
6343.1			1.0
6344.0			1.0
6344.9			1.0
6345.8			1.0
6346.700000000001			1.0
6347.6			1.0
6348.5			1.0
6349.4			1.0
6350.3			1.0
6351.200000000001			1.0
6352.1			1.0
6353.0			1.0
6353.9			1.0
6354.8			1.0
6355.700000000001			1.0
6356.6			1.0
6357.5			1.0
6358.4			1.0
6359.3			1.0
6360.200000000001			1.0
6361.1			1.0
6362.0			1.0
6362.9			1.0
6363.8			1.0
6364.700000000001			1.0
6365.6			1.0
6366.5			1.0
6367.4			1.0
6368.3			1.0
6369.200000000001			1.0
6370.1			1.0
6371.0			1.0
6371.9			1.0
6372.8			1.0
6373.700000000001			1.0
6374.6			1.0
6375.5			1.0
6376.4			1.0
6377.3			1.0
6378.200000000001			1.0
6379.1			1.0
6380.0			1.0
6380.9			1.0
6381.8			1.0
6382.700000000001			1.0
6383.6			1.0
6384.5			1.0
6385.4			1.0
6386.3			1.0
6387.200000000001			1.0
6388.1			1.0
6389.0			1.0
6389.9			1.0
6390.8			1.0
6391.700000000001			1.0
6392.6			1.0
6393.5			1.0
6394.4			1.0
6395.3			1.0
6396.200000000001			1.0
6397.1			1.0
6398.0			1.0
6398.9			1.0
6399.8			1.0
6400.700000000001			1.0
6401.6			1.0
6402.5			1.0
6403.4			1.0
6404.3			1.0
6405.200000000001			1.0
6406.1			1.0
6407.0			1.0
6407.9			1.0
6408.8			1.0
6409.700000000001			1.0
6410.6			1.0
6411.5			1.0
6412.4			1.0
6413.3			1.0
6414.200000000001			1.0
6415.1			1.0
6416.0			1.0
6416.9			1.0
6417.8			1.0
6418.700000000001			1.0
6419.6			1.0
6420.5			1.0
6421.4			1.0
6422.3			1.0
6423.200000000001			1.0
6424.1			1.0
6425.0			1.0
6425.9			1.0
6426.8			1.0
6427.700000000001			1.0
6428.6			1.0
6429.5			1.0
6430.4			1.0
6431.3			1.0
6432.200000000001			1.0
6433.1			1.0
6434.0			1.0
6434.9			1.0
6435.8			1.0
6436.700000000001			1.0
6437.6			1.0
6438.5			0.9715333101445662
6439.4			0.9463235150628213
6440.3			0.9577922291794304
6441.200000000001			0.9839584353043016
6442.1			0.9963277992343315
6443.0			1.0199641113569664
6443.9			1.0565096290463851
6444.8			1.0729064992048962
6445.700000000001			1.0502883031713959
6446.6			1.026042297392
6447.5			1.0131952443907426
6448.4			0.9964580192746646
6449.3			0.9602537303301603
6450.200000000001			0.9150158710207854
6451.1			0.9273105682666437
6452.0			0.9879624446159093
6452.9			1.014337896568302
6453.8			1.003403985890747
6454.700000000001			1.0112451821972734
6455.6			1.0146408998512877
6456.5			0.995863568056167
6457.4			0.9765858363976679
6458.3			0.9843107710556191
6459.200000000001			1.0121331837616492
6460.1			1.037314077963162
6461.0			1.035682067273503
6461.9			1.000111683453542
6462.8			1.0
6463.700000000001			1.0
6464.6			1.0
6465.5			1.0
6466.4			1.0
6467.3			1.0
6468.200000000001			1.0
6469.1			1.0
6470.0			1.0
6470.9			1.0
6471.8			1.0
6472.700000000001			1.0
6473.6			1.0
6474.5			1.0
6475.4			1.0
6476.3			1.0
6477.200000000001			1.0
6478.1			1.0
6479.0			1.0
6479.9			1.0
6480.8			1.0
6481.700000000001			1.0
6482.6			1.0
6483.5			1.0
6484.4			1.0
6485.3			1.03104329665528
6486.200000000001			1.0285142854922296
6487.1			1.0175381349104484
6488.0			1.0518516553921908
6488.9			1.0628864364293142
6489.8			1.0158232318979163
6490.700000000001			0.9794763797176703
6491.6			0.9802590176419633
6492.5			0.9810340107538664
6493.4			0.9425511195308647
6494.3			0.8904441487330644
6495.200000000001			0.8681605844784149
6496.1			0.8797700636012955
6497.0			0.9182397563236935
6497.9			0.9500141090781102
6498.8			0.941723101169595
6499.700000000001			0.9405396462566046
6500.6			0.9765749952404802
6501.5			1.0022805097619292
6502.4			1.0085279079050367
6503.3			1.019190403541051
6504.200000000001			1.014632845511774
6505.1			1.0000315546379965
6506.0			1.0
6506.9			1.0
6507.8			1.000664299854044
6508.700000000001			0.9993551943448183
6509.6			1.0115105574111325
6510.5			1.0457148087638097
6511.4			1.0625835714918817
6512.3			1.0371134609014694
6513.200000000001			1.0157772030973258
6514.1			1.011508173294978
6515.0			1.0043649330474462
6515.9			1.0
6516.8			1.0
6517.700000000001			1.0
6518.6			1.0
6519.5			1.0
6520.4			1.0
6521.3			1.0
6522.200000000001			1.0
6523.1			1.0
6524.0			1.0
6524.9			1.0
6525.8			1.0
6526.700000000001			1.0
6527.6			1.0
6528.5			1.0
6529.4			1.0
6530.3			1.0
6531.200000000001			1.0
6532.1			1.0
6533.0			1.0
6533.9			1.0
6534.8			1.0
6535.700000000001			1.0
6536.6			1.0
6537.5			1.0
6538.4			1.0
6539.3			1.0
6540.200000000001			1.0
6541.1			1.0
6542.0			1.0
6542.9			1.0
6543.8			1.0
6544.700000000001			1.0
6545.6			1.0
6546.5			1.0
6547.4			1.0
6548.3			1.0
6549.200000000001			1.0
6550.1			1.0
6551.0			1.0
6551.9			1.0
6552.8			1.0
6553.700000000001			1.0
6554.6			1.0
6555.5			1.0
6556.4			1.0
6557.3			1.0
6558.200000000001			1.0
6559.1			0.9877454614366825
6560.0			0.9490384363938819
6560.9			0.8794885141982169
6561.8			1.0
6562.700000000001			0.826121143513659
6563.6			0.9413394833001532
6564.5			1.1878395798774732
6565.4			1.2954781835228855
6566.3			1.294231799620127
6567.200000000001			1.2743760634592618
6568.1			1.2516281106291374
6569.0			1.2440805287293524
6569.9			1.2409023263527448
6570.8			1.226301156466855
6571.700000000001			1.1883423838357439
6572.6			1.142397145148774
6573.5			1.1297925805848767
6574.4			1.149482832547364
6575.3			1.1926358446341891
6576.200000000001			1.227766904926357
6577.1			1.2270874093229491
6578.0			1.1907691049672442
6578.9			1.1473536805960942
6579.8			1.1431490845464232
6580.700000000001			1.1702066850047559
6581.6			1.1730572047162968
6582.5			1.1519330761250515
6583.4			1.1373781174747246
6584.3			1.1285810337625715
6585.200000000001			1.1218284427411112
6586.1			1.1025696071438575
6587.0			1.0780267720316703
6587.9			1.0687224747298583
6588.8			1.05305994122614
6589.700000000001			1.034077518669846
6590.6			1.0311214260533303
6591.5			1.0061861381004977
6592.4			0.9146221679508019
6593.3			0.870908326608041
6594.200000000001			0.8791413726404453
6595.1			0.9170441374667743
6596.0			0.9522318891448647
6596.9			0.970451609083084
6597.8			0.988473753585718
6598.700000000001			0.9999920434787836
6599.6			1.0
6600.5			1.0
6601.4			1.0
6602.3			1.0
6603.200000000001			1.0
6604.1			1.0
6605.0			1.0
6605.9			1.0
6606.8			1.0
6607.700000000001			1.0
6608.6			1.0
6609.5			1.0
6610.4			1.0
6611.3			1.0
6612.200000000001			1.0
6613.1			1.0
6614.0			1.0
6614.9			1.0
6615.8			1.0
6616.700000000001			1.0
6617.6			1.0
6618.5			1.0
6619.4			1.0
6620.3			1.0
6621.200000000001			1.0
6622.1			1.0
6623.0			1.0
6623.9			1.0
6624.8			1.0
6625.700000000001			1.0
6626.6			1.0
6627.5			1.0
6628.4			1.0
6629.3			1.0
6630.200000000001			1.0
6631.1			1.0
6632.0			1.0
6632.9			1.0
6633.8			1.0
6634.700000000001			1.0
6635.6			1.0
6636.5			1.0
6637.4			1.0
6638.3			1.0
6639.200000000001			1.0
6640.1			1.0
6641.0			1.0
6641.9			1.0
6642.8			1.0
6643.700000000001			1.0
6644.6			1.0
6645.5			1.0
6646.4			1.0
6647.3			1.0
6648.200000000001			1.0
6649.1			1.0
6650.0			1.0
6650.9			1.0
6651.8			1.0
6652.700000000001			1.0
6653.6			1.0
6654.5			1.0
6655.4			1.0
6656.3			1.0
6657.200000000001			1.0
6658.1			1.0
6659.0			1.0
6659.9			1.0
6660.8			1.0
6661.700000000001			1.0
6662.6			1.0
6663.5			1.0
6664.4			1.0
6665.3			1.0
6666.200000000001			1.0
6667.1			1.0
6668.0			1.0
6668.9			1.0
6669.8			1.0
6670.700000000001			1.0
6671.6			1.0
6672.5			1.0
6673.4			1.0
6674.3			1.0
6675.200000000001			1.0
6676.1			1.0
6677.0			1.0
6677.9			1.0
6678.8			1.0
6679.700000000001			1.0
6680.6			1.0
6681.5			1.0
6682.4			1.0
6683.3			1.0
6684.200000000001			1.0
6685.1			1.0
6686.0			1.0
6686.9			1.0
6687.8			1.0
6688.700000000001			1.0
6689.6			1.0
6690.5			1.0
6691.4			1.0
6692.3			1.0
6693.200000000001			1.0
6694.1			1.0
6695.0			1.0
6695.9			1.0
6696.8			1.0
6697.700000000001			1.0
6698.6			1.0
6699.5			1.0
6700.4			1.0
6701.3			1.0
6702.200000000001			1.0
6703.1			1.0
6704.0			1.0
6704.9			1.0
6705.8			1.0
6706.700000000001			1.0
6707.6			1.0
6708.5			1.0
6709.4			1.0
6710.3			1.0
6711.200000000001			1.0
6712.1			1.0
6713.0			1.0
6713.9			1.0
6714.8			1.0
6715.700000000001			1.0
6716.6			1.0
6717.5			1.0
6718.4			1.0
6719.3			1.0
6720.200000000001			1.0
6721.1			1.0
6722.0			1.0
6722.9			1.0
6723.8			1.0
6724.700000000001			1.0
6725.6			1.0
6726.5			1.0
6727.4			1.0
6728.3			1.0
6729.200000000001			1.0
6730.1			1.0
6731.0			1.0
6731.9			1.0
6732.8			1.0
6733.700000000001			1.0
6734.6			1.0
6735.5			1.0
6736.4			1.0
6737.3			1.0
6738.200000000001			1.0
6739.1			1.0
6740.0			1.0
6740.9			1.0
6741.8			1.0
6742.700000000001			1.0
6743.6			1.0
6744.5			1.0
6745.4			1.0
6746.3			1.0
6747.200000000001			1.0
6748.1			1.0
6749.0			1.0
6749.9			1.0
6750.8			1.0
6751.700000000001			1.0
6752.6			1.0
6753.5			1.0
6754.4			1.0
6755.3			1.0
6756.200000000001			1.0
6757.1			1.0
6758.0			1.0
6758.9			1.0
6759.8			1.0
6760.700000000001			1.0
6761.6			1.0
6762.5			1.0
6763.4			1.0
6764.3			1.0
6765.200000000001			1.0
6766.1			1.0
6767.0			1.0
6767.9			1.0
6768.8			1.0
6769.700000000001			1.0
6770.6			1.0
6771.5			1.0
6772.4			1.0
6773.3			1.0
6774.200000000001			1.0
6775.1			1.0
6776.0			1.0
6776.9			1.0
6777.8			1.0
6778.700000000001			1.0
6779.6			1.0
6780.5			1.0
6781.4			1.0
6782.3			1.0
6783.200000000001			1.0
6784.1			1.0
6785.0			1.0
6785.9			1.0
6786.8			1.0
6787.700000000001			1.0
6788.6			1.0
6789.5			1.0
6790.4			1.0
6791.3			1.0
6792.200000000001			1.0
6793.1			1.0
6794.0			1.0
6794.9			0.9968104663582277
6795.8			0.9965913823891133
6796.700000000001			1.002732696183995
6797.6			1.0108984468918747
6798.5			1.0109779028845716
6799.4			0.9963549901788991
6800.3			1.0012685109436763
6801.200000000001			1.0369226254300203
6802.1			1.048128015216994
6803.0			1.0213751913374605
6803.9			1.010505505254715
6804.8			1.0259582883713685
6805.700000000001			1.0180157109713228
6806.6			0.9862996292336944
6807.5			0.987849398388696
6808.4			1.0194976557912376
6809.3			1.0385584741500877
6810.200000000001			1.0276194206442675
6811.1			1.0052312697190067
6812.0			0.9873097079526579
6812.9			0.9921374163101302
6813.8			1.0136323484035277
6814.700000000001			1.0371288832564813
6815.6			1.058727773544679
6816.5			1.0668759509734955
6817.4			1.0722975471410354
6818.3			1.0544080971026988
6819.200000000001			1.0292004444780412
6820.1			1.0419138792966565
6821.0			1.0742847415698447
6821.9			1.0787500299937947
6822.8			1.045540992888022
6823.700000000001			1.0187479694625499
6824.6			1.0273589497935258
6825.5			1.0310965934113772
6826.4			1.0162463568447517
6827.3			0.9981750524515568
6828.200000000001			0.983784949627884
6829.1			0.975015378627292
6830.0			0.9715580721042708
6830.9			0.9727264731492296
6831.8			0.9749239857478295
6832.700000000001			0.9909738939464815
6833.6			1.0141324407543086
6834.5			1.0113476565310666
6835.4			1.0099665098796275
6836.3			1.0054119075668153
6837.200000000001			0.9804267383712119
6838.1			0.9751286865802777
6839.0			1.0035237234755654
6839.9			1.0162208901806002
6840.8			0.995684222117199
6841.700000000001			0.9644871721063862
6842.6			0.9429294711626437
6843.5			0.948672197306939
6844.4			0.9762945033866178
6845.3			0.9862571121102934
6846.200000000001			0.9766909265852755
6847.1			0.9918322628908086
6848.0			1.0112445899166396
6848.9			1.0000986762996311
6849.8			1.0
6850.700000000001			1.0
6851.6			1.0
6852.5			1.0
6853.4			1.0
6854.3			1.0
6855.200000000001			1.0
6856.1			1.0
6857.0			1.0
6857.9			1.0
6858.8			1.0
6859.700000000001			1.0
6860.6			1.0
6861.5			1.0
6862.4			1.0
6863.3			1.0
6864.200000000001			1.0
6865.1			1.0
6866.0			1.0
6866.9			1.0
6867.8			1.0
6868.700000000001			1.0
6869.6			1.0
6870.5			1.0
6871.4			1.0
6872.3			1.0
6873.200000000001			1.0
6874.1			1.0
6875.0			1.0
6875.9			1.0
6876.8			1.0
6877.700000000001			1.0
6878.6			1.0
6879.5			1.0
6880.4			1.0
6881.3			1.0
6882.200000000001			1.0
6883.1			1.0
6884.0			1.0
6884.9			1.0
6885.8			1.0
6886.700000000001			1.0
6887.6			1.0
6888.5			1.0
6889.4			1.0
6890.3			1.0
6891.200000000001			1.0
6892.1			1.0
6893.0			1.0
6893.9			1.0
6894.8			1.0
6895.700000000001			1.0
6896.6			1.0
6897.5			1.0
6898.4			1.0
6899.3			1.0
6900.200000000001			1.0
6901.1			1.0
6902.0			1.0
6902.9			1.0
6903.8			1.0
6904.700000000001			1.0
6905.6			1.0
6906.5			1.0
6907.4			1.0
6908.3			1.0
6909.200000000001			1.0
6910.1			1.0
6911.0			1.0
6911.9			1.0
6912.8			1.0
6913.700000000001			1.0
6914.6			1.0
6915.5			1.0
6916.4			1.0
6917.3			1.0
6918.200000000001			1.0
6919.1			1.0
6920.0			1.0
6920.9			1.0
6921.8			1.0
6922.700000000001			1.0
6923.6			1.0
6924.5			1.0
6925.4			1.0
6926.3			1.0
6927.200000000001			1.0
6928.1			1.0
6929.0			1.0
6929.9			1.0
6930.8			1.0
6931.700000000001			1.0
6932.6			1.0
6933.5			1.0
6934.4			1.0
6935.3			1.0
6936.200000000001			1.0
6937.1			1.0
6938.0			1.0
6938.9			1.0
6939.8			1.0
6940.700000000001			1.0
6941.6			1.0
6942.5			1.0
6943.4			1.0
6944.3			1.0
6945.200000000001			1.0
6946.1			1.0
6947.0			1.0
6947.9			1.0
6948.8			1.0
6949.700000000001			1.0
6950.6			1.0
6951.5			1.0
6952.4			1.0
6953.3			1.0
6954.200000000001			1.0
6955.1			1.0
6956.0			1.0
6956.9			1.0
6957.8			1.0
6958.700000000001			1.0
6959.6			1.0
6960.5			1.0
6961.4			1.0
6962.3			1.0
6963.200000000001			1.0
6964.1			1.0
6965.0			1.0
6965.9			1.0
6966.8			1.0
6967.700000000001			1.0
6968.6			1.0
6969.5			1.0
6970.4			1.0
6971.3			1.0
6972.200000000001			1.0
6973.1			1.0
6974.0			1.0
6974.9			1.0
6975.8			1.0
6976.700000000001			1.0
6977.6			1.0
6978.5			1.0
6979.4			1.0
6980.3			1.0
6981.200000000001			1.0
6982.1			1.0
6983.0			1.0
6983.9			1.0
6984.8			1.0
6985.700000000001			1.0
6986.6			1.0
6987.5			1.0
6988.4			1.0
6989.3			1.0
6990.200000000001			1.0
6991.1			1.0
6992.0			1.0
6992.9			1.0
6993.8			1.0
6994.700000000001			1.0
6995.6			1.0
6996.5			1.0
6997.4			1.0
6998.3			1.0
6999.200000000001			1.0
7000.1			1.0
7001.0			1.0
7001.9			1.0
7002.8			1.0
7003.700000000001			1.0
7004.6			1.0
7005.5			1.0
7006.4			1.0
7007.3			1.0
7008.200000000001			1.0
7009.1			1.0
7010.0			1.0
7010.9			1.0
7011.8			1.0
7012.700000000001			1.0
7013.6			1.0
7014.5			1.0
7015.4			1.0
7016.3			1.0
7017.200000000001			1.0
7018.1			1.0
7019.0			1.0
7019.9			1.0
7020.8			1.0
7021.700000000001			1.0
7022.6			1.0
7023.5			1.0
7024.4			1.0
7025.3			1.0
7026.200000000001			1.0
7027.1			1.0
7028.0			1.0
7028.9			1.0
7029.8			1.0
7030.700000000001			1.0
7031.6			1.0
7032.5			1.0
7033.4			1.0
7034.3			1.0
7035.200000000001			1.0
7036.1			1.0
7037.0			1.0
7037.9			1.0
7038.8			1.0
7039.700000000001			1.0
7040.6			1.0
7041.5			1.0
7042.4			1.0
7043.3			1.0
7044.200000000001			1.0
7045.1			1.0
7046.0			1.0
7046.9			1.0
7047.8			1.0
7048.700000000001			1.0
7049.6			1.0
7050.5			1.0
7051.4			1.0
7052.3			1.0
7053.200000000001			1.0
7054.1			1.0
7055.0			1.0
7055.9			1.0
7056.8			1.0
7057.700000000001			1.0
7058.6			1.0
7059.5			1.0
7060.4			1.0
7061.3			1.0
7062.200000000001			1.0
7063.1			1.0
7064.0			1.0
7064.9			1.0
7065.8			1.0
7066.700000000001			1.0
7067.6			1.0
7068.5			1.0
7069.4			1.0
7070.3			1.0
7071.200000000001			1.0
7072.1			1.0
7073.0			1.0
7073.9			1.0
7074.8			1.0
7075.700000000001			1.0
7076.6			1.0
7077.5			1.0
7078.4			1.0
7079.3			1.0
7080.200000000001			1.0
7081.1			1.0
7082.0			1.0
7082.9			1.0
7083.8			1.0
7084.700000000001			1.0
7085.6			1.0
7086.5			1.0
7087.4			1.0
7088.3			1.0
7089.200000000001			1.0
7090.1			1.0
7091.0			1.0
7091.9			1.0
7092.8			1.0
7093.700000000001			1.0
7094.6			1.0
7095.5			1.0
7096.4			1.0
7097.3			1.0
7098.200000000001			1.0
7099.1			1.0
7100.0			1.0
7100.9			1.0
7101.8			1.0
7102.700000000001			1.0
7103.6			1.0
7104.5			1.0
7105.4			1.0
7106.3			1.0
7107.200000000001			1.0
7108.1			1.0
7109.0			1.0
7109.9			1.0
7110.8			1.0
7111.700000000001			1.0
7112.6			1.0
7113.5			1.0
7114.4			1.0
7115.3			1.0
7116.200000000001			1.0
7117.1			1.0
7118.0			1.0
7118.9			1.0
7119.8			1.0
7120.700000000001			1.0
7121.6			1.0
7122.5			1.0
7123.4			1.0
7124.3			1.0
7125.200000000001			1.0
7126.1			1.0
7127.0			1.0
7127.9			1.0
7128.8			1.0
7129.700000000001			1.0
7130.6			1.0
7131.5			1.0
7132.4			1.0
7133.3			1.0
7134.200000000001			1.0
7135.1			1.0
7136.0			1.0
7136.9			1.0
7137.8			1.0
7138.700000000001			1.0
7139.6			1.0
7140.5			1.0
7141.4			1.0
7142.3			1.0
7143.200000000001			1.0
7144.1			1.0
7145.0			1.0
7145.9			1.0
7146.8			1.0
7147.700000000001			1.0
7148.6			1.0
7149.5			1.0
7150.4			1.0
7151.3			1.0
7152.200000000001			1.0
7153.1			1.0
7154.0			1.0
7154.9			1.0
7155.8			1.0
7156.700000000001			1.0
7157.6			1.0
7158.5			1.0
7159.4			1.0
7160.3			1.0
7161.200000000001			1.0
7162.1			1.0
7163.0			1.0
7163.9			1.0
7164.8			1.0
7165.700000000001			1.0
7166.6			1.0
7167.5			1.0
7168.4			1.0
7169.3			1.0
7170.200000000001			1.0
7171.1			1.0
7172.0			1.0
7172.9			1.0
7173.8			1.0
7174.700000000001			1.0
7175.6			1.0
7176.5			1.0
7177.4			1.0
7178.3			1.0
7179.200000000001			1.0
7180.1			1.0
7181.0			1.0
7181.9			1.0
7182.8			1.0
7183.700000000001			1.0
7184.6			1.0
7185.5			1.0
7186.4			1.0
7187.3			1.0
7188.200000000001			1.0
7189.1			1.0
7190.0			1.0
7190.9			1.0
7191.8			1.0
7192.700000000001			1.0
7193.6			1.0
7194.5			1.0
7195.4			1.0
7196.3			1.0
7197.200000000001			1.0
7198.1			1.0
7199.0			1.0
7199.9			1.0
7200.8			1.0
7201.700000000001			1.0
7202.6			1.0
7203.5			1.0
7204.4			1.0
7205.3			1.0
7206.200000000001			1.0
7207.1			1.0
7208.0			1.0
7208.9			1.0
7209.8			1.0
7210.700000000001			1.0
7211.6			1.0
7212.5			1.0
7213.4			1.0
7214.3			1.0
7215.200000000001			1.0
7216.1			1.0
7217.0			1.0
7217.9			1.0
7218.8			1.0
7219.700000000001			1.0
7220.6			1.0
7221.5			1.0
7222.4			1.0
7223.3			1.0
7224.200000000001			1.0
7225.1			1.0
7226.0			1.0
7226.9			1.0
7227.8			1.0
7228.700000000001			1.0
7229.6			1.0
7230.5			1.0
7231.4			1.0
7232.3			1.0
7233.200000000001			1.0
7234.1			1.0
7235.0			1.0
7235.9			1.0
7236.8			1.0
7237.700000000001			1.0
7238.6			1.0
7239.5			1.0
7240.4			1.0
7241.3			1.0
7242.200000000001			1.0
7243.1			1.0
7244.0			1.0
7244.9			1.0
7245.8			1.0
7246.700000000001			1.0
7247.6			1.0
7248.5			1.0
7249.4			1.0
7250.3			1.0
7251.200000000001			1.0
7252.1			1.0
7253.0			1.0
7253.9			1.0
7254.8			1.0
7255.700000000001			1.0
7256.6			1.0
7257.5			1.0
7258.4			1.0
7259.3			1.0
7260.200000000001			1.0
7261.1			1.0
7262.0			1.0
7262.9			1.0
7263.8			1.0
7264.700000000001			1.0
7265.6			1.0
7266.5			1.0
7267.4			1.0
7268.3			1.0
7269.200000000001			1.0
7270.1			1.0
7271.0			1.0
7271.9			1.0
7272.8			1.0
7273.700000000001			1.0
7274.6			1.0
7275.5			1.0
7276.4			1.0
7277.3			1.0
7278.200000000001			1.0
7279.1			1.0
7280.0			1.0
7280.9			1.0
7281.8			1.0
7282.700000000001			1.0
7283.6			1.0
7284.5			1.0
7285.4			1.0
7286.3			1.0
7287.200000000001			1.0
7288.1			1.0
7289.0			1.0
7289.9			1.0
7290.8			1.0
7291.700000000001			1.0
7292.6			1.0
7293.5			1.0
7294.4			1.0
7295.3			1.0
7296.200000000001			1.0
7297.1			1.0
7298.0			1.0
7298.9			1.0
7299.8			1.0
7300.700000000001			1.0
7301.6			1.0
7302.5			1.0
7303.4			1.0
7304.3			1.0
7305.200000000001			1.0
7306.1			1.0
7307.0			1.0
7307.9			1.0
7308.8			1.0
7309.700000000001			1.0
7310.6			1.0
7311.5			1.0
7312.4			1.0
7313.3			1.0
7314.200000000001			1.0
7315.1			1.0
7316.0			1.0
7316.9			1.0
7317.8			1.0
7318.700000000001			1.0
7319.6			1.0
7320.5			1.0
7321.4			1.0
7322.3			1.0
7323.200000000001			1.0
7324.1			1.0
7325.0			1.0
7325.9			1.0
7326.8			1.0
7327.700000000001			1.0
7328.6			1.0
7329.5			1.0
7330.4			1.0
7331.3			1.0
7332.200000000001			1.0
7333.1			1.0
7334.0			1.0
7334.9			1.0
7335.8			1.0
7336.700000000001			1.0
7337.6			1.0
7338.5			1.0
7339.4			1.0
7340.3			1.0
7341.200000000001			1.0
7342.1			1.0
7343.0			1.0
7343.9			1.0
7344.8			1.0
7345.700000000001			1.0
7346.6			1.0
7347.5			1.0
7348.4			1.0
7349.3			1.0
7350.200000000001			1.0
7351.1			1.0
7352.0			1.0
7352.9			1.0
7353.8			1.0
7354.700000000001			1.0
7355.6			1.0
7356.5			1.0
7357.4			1.0
7358.3			1.0
7359.200000000001			1.0
7360.1			1.0
7361.0			1.0
7361.9			1.0
7362.8			1.0
7363.700000000001			1.0
7364.6			1.0
7365.5			1.0
7366.4			1.0
7367.3			1.0
7368.200000000001			1.0
7369.1			1.0
7370.0			1.0
7370.9			1.0
7371.8			1.0
7372.700000000001			1.0
7373.6			1.0
7374.5			1.0
7375.4			1.0
7376.3			1.0
7377.200000000001			1.0
7378.1			1.0
7379.0			1.0
7379.9			1.0
7380.8			1.0
7381.700000000001			1.0
7382.6			1.0
7383.5			1.0
7384.4			1.0
7385.3			1.0
7386.200000000001			1.0
7387.1			1.0
7388.0			1.0
7388.9			1.0
7389.8			1.0
7390.700000000001			1.0
7391.6			1.0
7392.5			1.0
7393.4			1.0
7394.3			1.0
7395.200000000001			1.0
7396.1			1.0
7397.0			1.0
7397.9			1.0
7398.8			1.0
7399.700000000001			1.0
7400.6			1.0
7401.5			1.0
7402.4			1.0
7403.3			1.0
7404.200000000001			1.0
7405.1			1.0
7406.0			1.0
7406.9			1.0
7407.8			1.0
7408.700000000001			1.0
7409.6			1.0
7410.5			1.0
7411.4			1.0
7412.3			1.0
7413.200000000001			1.0
7414.1			1.0
7415.0			1.0
7415.9			1.0
7416.8			1.0
7417.700000000001			1.0
7418.6			1.0
7419.5			1.0
7420.4			1.0
7421.3			1.0
7422.200000000001			1.0
7423.1			1.0
7424.0			1.0
7424.9			1.0
7425.8			1.0
7426.700000000001			1.0
7427.6			1.0
7428.5			1.0
7429.4			1.0
