3500.0			1.0
3500.9			1.0
3501.8			1.0
3502.7			1.0
3503.6			1.0
3504.5			1.0
3505.4			1.0
3506.3			1.0
3507.2			1.0
3508.1			1.0
3509.0			1.0
3509.9			1.0
3510.8			1.0
3511.7			1.0
3512.6			1.0
3513.5			1.0
3514.4			1.0
3515.3			1.0
3516.2			1.0
3517.1			1.0
3518.0			1.0
3518.9			1.0
3519.8			1.0
3520.7			1.0
3521.6			1.0
3522.5			1.0
3523.4			1.0
3524.3			1.0
3525.2			1.0
3526.1			1.0
3527.0			1.0
3527.9			1.0
3528.8			1.0
3529.7			1.0
3530.6			1.0
3531.5			1.0
3532.4			1.0
3533.3			1.0
3534.2			1.0
3535.1			1.0
3536.0			1.0
3536.9			1.0
3537.8			1.0
3538.7			1.0
3539.6			1.0
3540.5			1.0
3541.4			1.0
3542.3			1.0
3543.2			1.0
3544.1			1.0
3545.0			1.0
3545.9			1.0
3546.8			1.0
3547.7			1.0
3548.6			1.0
3549.5			1.0
3550.4			1.0
3551.3			1.0
3552.2			1.0
3553.1			1.0
3554.0			1.0
3554.9			1.0
3555.8			1.0
3556.7			1.0
3557.6			1.0
3558.5			1.0
3559.4			1.0
3560.3			1.0
3561.2			1.0
3562.1			1.0
3563.0			1.0
3563.9			1.0
3564.8			1.0
3565.7			1.0
3566.6			1.0
3567.5			1.0
3568.4			1.0
3569.3			1.0
3570.2			1.0
3571.1			1.0
3572.0			1.0
3572.9			1.0
3573.8			1.0
3574.7			1.0
3575.6			1.0
3576.5			1.0
3577.4			1.0
3578.3			1.0
3579.2			1.0
3580.1			1.0
3581.0			1.0
3581.9			1.0
3582.8			1.0
3583.7			1.0
3584.6			1.0
3585.5			1.0
3586.4			1.0
3587.3			1.0
3588.2			1.0
3589.1			1.0
3590.0			1.0
3590.9			1.0
3591.8			1.0
3592.7			1.0
3593.6			1.0
3594.5			1.0
3595.4			1.0
3596.3			1.0
3597.2			1.0
3598.1			1.0
3599.0			1.0
3599.9			1.0
3600.8			1.0
3601.7			1.0
3602.6			1.0
3603.5			1.0
3604.4			1.0
3605.3			1.0
3606.2			1.0
3607.1			1.0
3608.0			1.0
3608.9			1.0
3609.8			1.0
3610.7			1.0
3611.6			1.0
3612.5			1.0
3613.4			1.0
3614.3			1.0
3615.2			1.0
3616.1			1.0
3617.0			1.0
3617.9			1.0
3618.8			1.0
3619.7			1.0
3620.6			1.0
3621.5			1.0
3622.4			1.0
3623.3			1.0
3624.2			1.0
3625.1			1.0
3626.0			1.0
3626.9			1.0
3627.8			1.0
3628.7			1.0
3629.6			1.0
3630.5			1.0
3631.4			1.0
3632.3			1.0
3633.2			1.0
3634.1			1.0
3635.0			1.0
3635.9			1.0
3636.8			1.0
3637.7			1.0
3638.6			1.0
3639.5			1.0
3640.4			1.0
3641.3			1.0
3642.2			1.0
3643.1			1.0
3644.0			1.0
3644.9			1.0
3645.8			1.0
3646.7			1.0
3647.6			1.0
3648.5			1.0
3649.4			1.0
3650.3			1.0
3651.2			1.0
3652.1			1.0
3653.0			1.0
3653.9			1.0
3654.8			1.0
3655.7			1.0
3656.6			1.0
3657.5			1.0
3658.4			1.0
3659.3			1.0
3660.2			1.0
3661.1			1.0
3662.0			1.0
3662.9			1.0
3663.8			1.0
3664.7			1.0
3665.6			1.0
3666.5			1.0
3667.4			1.0
3668.3			1.0
3669.2			1.0
3670.1			1.0
3671.0			1.0
3671.9			1.0
3672.8			1.0
3673.7			1.0
3674.6			1.0
3675.5			1.0
3676.4			1.0
3677.3			1.0
3678.2			1.0
3679.1			1.0
3680.0			1.0
3680.9			1.0
3681.8			1.0
3682.7			1.0
3683.6			1.0
3684.5			1.0
3685.4			1.0
3686.3			1.0
3687.2			1.0
3688.1			1.0
3689.0			1.0
3689.9			1.0
3690.8			1.0
3691.7			1.0
3692.6			1.0
3693.5			1.0
3694.4			1.0
3695.3			1.0
3696.2			1.0
3697.1			1.0
3698.0			1.0
3698.9			1.0
3699.8			1.0
3700.7			1.0
3701.6			1.0
3702.5			1.0
3703.4			1.0
3704.3			1.0
3705.2			1.0
3706.1			1.0
3707.0			1.0
3707.9			1.0
3708.8			1.0
3709.7			1.0
3710.6			1.0
3711.5			1.0
3712.4			1.0
3713.3			1.0
3714.2			1.0
3715.1			1.0
3716.0			1.0
3716.9			1.0
3717.8			1.0
3718.7			1.0
3719.6			1.0
3720.5			1.0
3721.4			1.0
3722.3			1.0
3723.2			1.0
3724.1			1.0
3725.0			1.0
3725.9			1.0
3726.8			1.0
3727.7			1.0
3728.6			1.0
3729.5			1.0
3730.4			1.0
3731.3			1.0
3732.2			1.0
3733.1			1.0
3734.0			1.0
3734.9			1.0
3735.8			1.0
3736.7			1.0
3737.6			1.0
3738.5			1.0
3739.4			1.0
3740.3			1.0
3741.2			1.0
3742.1			1.0
3743.0			1.0
3743.9			1.0
3744.8			1.0
3745.7			1.0
3746.6			1.0
3747.5			1.0
3748.4			1.0
3749.3			1.0
3750.2			1.0
3751.1			1.0
3752.0			1.0
3752.9			1.0
3753.8			1.0
3754.7			1.0
3755.6			1.0
3756.5			1.0
3757.4			1.0
3758.3			1.0
3759.2			1.0
3760.1			1.0
3761.0			1.0
3761.9			1.0
3762.8			1.0
3763.7			1.0
3764.6			1.0
3765.5			1.0
3766.4			1.0
3767.3			1.0
3768.2			1.0
3769.1			1.0
3770.0			1.0
3770.9			1.0
3771.8			1.0
3772.7			1.0
3773.6			1.0
3774.5			1.0
3775.4			1.0
3776.3			1.0
3777.2			1.0
3778.1			1.0
3779.0			1.0
3779.9			1.0
3780.8			1.0
3781.7			1.0
3782.6			1.0
3783.5			1.0
3784.4			1.0
3785.3			1.0
3786.2			1.0
3787.1			1.0
3788.0			1.0
3788.9			1.0
3789.8			1.0
3790.7			1.0
3791.6			1.0
3792.5			1.0
3793.4			1.0
3794.3			1.0
3795.2			1.0
3796.1			1.0
3797.0			1.0
3797.9			1.0
3798.8			1.0
3799.7			1.0
3800.6			1.0
3801.5			1.0
3802.4			1.0
3803.3			1.0
3804.2			1.0
3805.1			1.0
3806.0			1.0
3806.9			1.0
3807.8			1.0
3808.7			1.0
3809.6			1.0
3810.5			1.0
3811.4			1.0
3812.3			1.0
3813.2			1.0
3814.1			1.0
3815.0			1.0
3815.9			1.0
3816.8			1.0
3817.7			1.0
3818.6			1.0
3819.5			1.0
3820.4			1.0
3821.3			1.0
3822.2			1.0
3823.1			1.0
3824.0			1.0
3824.9			1.0
3825.8			1.0
3826.7			1.0
3827.6			1.0
3828.5			1.0
3829.4			1.0
3830.3			1.0
3831.2			1.0
3832.1			1.0
3833.0			1.0
3833.9			1.0
3834.8			1.0
3835.7			1.0
3836.6			1.0
3837.5			1.0
3838.4			1.0
3839.3			1.0
3840.2			1.0
3841.1			1.0
3842.0			1.0
3842.9			1.0
3843.8			1.0
3844.7			1.0
3845.6			1.0
3846.5			1.0
3847.4			1.0
3848.3			1.0
3849.2			1.0
3850.1			1.0
3851.0			1.0
3851.9			1.0
3852.8			1.0
3853.7			1.0
3854.6			1.0
3855.5			1.0
3856.4			1.0
3857.3			1.0
3858.2			1.0
3859.1			1.0
3860.0			1.0
3860.9			1.0
3861.8			1.0
3862.7			1.0
3863.6			1.0
3864.5			1.0
3865.4			1.0
3866.3			1.0
3867.2			1.0
3868.1			1.0
3869.0			1.0
3869.9			1.0
3870.8			1.0
3871.7			1.0
3872.6			1.0
3873.5			1.0
3874.4			1.0
3875.3			1.0
3876.2			1.0
3877.1			1.0
3878.0			1.0
3878.9			1.0
3879.8			1.0
3880.7			1.0
3881.6			1.0
3882.5			1.0
3883.4			1.0
3884.3			1.0
3885.2			1.0
3886.1			1.0
3887.0			1.0
3887.9			1.0
3888.8			1.0
3889.7			1.0
3890.6			1.0
3891.5			1.0
3892.4			1.0
3893.3			1.0
3894.2			1.0
3895.1			1.0
3896.0			1.0
3896.9			1.0
3897.8			1.0
3898.7			1.0
3899.6			1.0
3900.5			1.0
3901.4			1.0
3902.3			1.0
3903.2			1.0
3904.1			1.0
3905.0			1.0
3905.9			1.0
3906.8			1.0
3907.7			1.0
3908.6			1.0
3909.5			1.0
3910.4			1.0
3911.3			1.0
3912.2			1.0
3913.1			1.0
3914.0			1.0
3914.9			1.0
3915.8			1.0
3916.7			1.0
3917.6			1.0
3918.5			1.0
3919.4			1.0
3920.3			1.0
3921.2			1.0
3922.1			1.0
3923.0			1.0
3923.9			1.0
3924.8			1.0
3925.7			1.0
3926.6			1.0
3927.5			1.0
3928.4			1.0
3929.3			1.0
3930.2			1.0
3931.1			1.0
3932.0			1.0
3932.9			1.0
3933.8			1.0
3934.7			1.0
3935.6			1.0
3936.5			1.0
3937.4			1.0
3938.3			1.0
3939.2			1.0
3940.1			1.0
3941.0			1.0
3941.9			1.0
3942.8			1.0
3943.7			1.0
3944.6			1.0
3945.5			1.0
3946.4			1.0
3947.3			1.0
3948.2			1.0
3949.1			1.0
3950.0			1.0
3950.9			1.0
3951.8			1.0
3952.7			1.0
3953.6			1.0
3954.5			1.0
3955.4			1.0
3956.3			1.0
3957.2			1.0
3958.1			1.0
3959.0			1.0
3959.9			1.0
3960.8			1.0
3961.7			1.0
3962.6			1.0
3963.5			1.0
3964.4			1.0
3965.3			1.0
3966.2			1.0
3967.1			1.0
3968.0			1.0
3968.9			1.0
3969.8			1.0
3970.7			1.0
3971.6			1.0
3972.5			1.0
3973.4			1.0
3974.3			1.0
3975.2			1.0
3976.1			1.0
3977.0			1.0
3977.9			1.0
3978.8			1.0
3979.7			1.0
3980.6			1.0
3981.5			1.0
3982.4			1.0
3983.3			1.0
3984.2			1.0
3985.1			1.0
3986.0			1.0
3986.9			1.0
3987.8			1.0
3988.7			1.0
3989.6			1.0
3990.5			1.0
3991.4			1.0
3992.3			1.0
3993.2			1.0
3994.1			1.0
3995.0			1.0
3995.9			1.0
3996.8			1.0
3997.7			1.0
3998.6			1.0
3999.5			1.0
4000.4			1.0
4001.3			1.0019264855436527
4002.2			1.0986917197445243
4003.1			1.1489439449720533
4004.0			1.009625319958683
4004.9			0.8230286718433779
4005.8			0.7816283085898796
4006.7			0.9101241334479193
4007.6			1.0178226285373602
4008.5			1.0106193708888838
4009.4			0.9836467605110817
4010.3			0.9760411593504491
4011.2			0.9535995656058784
4012.1			0.9667755974691152
4013.0			1.0009012234845787
4013.9			1.02183959767976
4014.8			1.0
4015.7			1.0
4016.6			1.0
4017.5			1.0
4018.4			1.0
4019.3			1.0
4020.2			1.0
4021.1			1.0
4022.0			1.0
4022.9			1.0
4023.8			1.0
4024.7			1.0
4025.6			1.0454430375901012
4026.5			1.1030009275890482
4027.4			1.1583418103330922
4028.3			1.1996337004197972
4029.2			1.170855582822547
4030.1			1.0119520610679285
4031.0			0.8307141726923765
4031.9			0.7782811833963608
4032.8			0.8196270219394601
4033.7			0.8532542324717417
4034.6			0.8790578941846677
4035.5			0.9088647213074663
4036.4			0.9233062210956097
4037.3			0.9608339704975402
4038.2			0.9982134086943659
4039.1			1.0
4040.0			1.0
4040.9			0.9758793901760474
4041.8			1.0179029241781874
4042.7			1.0321313847636873
4043.6			0.963197505978888
4044.5			0.7979487093006117
4045.4			0.6485399710589774
4046.3			0.7177639165512544
4047.2			0.9089007316576148
4048.1			0.9953271926508457
4049.0			1.002264659346817
4049.9			1.0000464998719465
4050.8			1.0
4051.7			1.0
4052.6			1.0
4053.5			1.0
4054.4			1.0
4055.3			1.0
4056.2			1.0
4057.1			1.0
4058.0			0.9276921448374088
4058.9			0.9860683974076696
4059.8			1.0677622244614924
4060.7			1.191608278038698
4061.6			1.1486468313293479
4062.5			0.9449875297290719
4063.4			0.7365864618598975
4064.3			0.7510369514846184
4065.2			0.8955903651090057
4066.1			0.9493341225713963
4067.0			0.934858152678644
4067.9			0.9389254571651643
4068.8			0.9979451354743261
4069.7			1.0
4070.6			1.0
4071.5			1.0
4072.4			1.0513006135984524
4073.3			1.130299067701295
4074.2			1.096073304064851
4075.1			0.9603993545126677
4076.0			0.7941355761262323
4076.9			0.6960906484094699
4077.8			0.7118403672002155
4078.7			0.820672366335407
4079.6			0.9220489324531447
4080.5			0.985832666162982
4081.4			1.0085899907453764
4082.3			1.0
4083.2			1.0
4084.1			1.0
4085.0			1.0
4085.9			1.0
4086.8			1.0
4087.7			1.0
4088.6			1.0
4089.5			1.0
4090.4			1.0
4091.3			1.0
4092.2			1.0
4093.1			1.0
4094.0			1.0
4094.9			0.9495228834037182
4095.8			0.8565167865201809
4096.7			0.8690944087105488
4097.6			0.9110633659391768
4098.5			0.9178546377572087
4099.4			0.8764407269236929
4100.3			1.0
4101.2			0.9031263990525474
4102.1			0.9385807307864165
4103.0			1.032937703855842
4103.9			1.0919738248823099
4104.8			1.1532247963640994
4105.7			1.214413314204771
4106.6			1.2135118467127584
4107.5			1.1730734213498935
4108.4			1.1661033260826714
4109.3			1.1183939285954319
4110.2			1.0442417634113959
4111.1			1.0216811808486825
4112.0			1.0928873501079868
4112.9			1.1605105406860654
4113.8			1.1849742094738573
4114.7			1.207923311507137
4115.6			1.2479447563846102
4116.5			1.255040246802158
4117.4			1.1934228115820709
4118.3			1.0679673845050788
4119.2			1.0345484831888998
4120.1			1.1025642750290732
4121.0			1.1229997787600265
4121.9			1.0585071457452329
4122.8			1.0498003605890747
4123.7			1.1061438573416167
4124.6			1.1966562676967274
4125.5			1.225645801592384
4126.4			1.1910767208578512
4127.3			1.1465303565605154
4128.2			1.0660887250052757
4129.1			0.9988910158650023
4130.0			0.9999199264056917
4130.9			0.9593765632554441
4131.8			0.874433770132493
4132.7			0.9072037914204251
4133.6			0.9024645104149349
4134.5			0.9107772708412013
4135.4			0.9979715533459357
4136.3			1.0692566555317735
4137.2			1.0149749324023496
4138.1			1.0437399180871647
4139.0			1.1598129440607958
4139.9			1.1453149155144762
4140.8			1.0448896762896656
4141.7			0.9002417870070263
4142.6			0.7346856377824791
4143.5			0.682495621209649
4144.4			0.7850107047160254
4145.3			0.9126974427120031
4146.2			0.9594646259026535
4147.1			0.9768368892669472
4148.0			0.9532844248396242
4148.9			0.9083487507568925
4149.8			0.8179935462903877
4150.7			0.8172075597934387
4151.6			0.8545306923844825
4152.5			0.8874922930598245
4153.4			0.8662843578667194
4154.3			0.8465997323654453
4155.2			0.8258978263585423
4156.1			0.7624922993318314
4157.0			0.7894179549345948
4157.9			0.8781565239135821
4158.8			0.9452617473072444
4159.7			0.9518157177812625
4160.6			0.9445261363332523
4161.5			1.0
4162.4			0.9913882033901688
4163.3			0.9827373480481566
4164.2			0.9742269213118302
4165.1			0.9662072327481791
4166.0			0.9579676168355834
4166.9			0.9498970903017937
4167.8			0.9416247835892693
4168.7			0.9342093228538789
4169.6			0.9661011507804506
4170.5			0.9580309147459344
4171.4			0.8662023632083024
4172.3			0.7478031491972705
4173.2			0.7106862711917282
4174.1			0.7765785616740287
4175.0			0.8478872548246897
4175.9			0.8427725786028132
4176.8			0.8100404346916589
4177.7			0.7805884112134919
4178.6			0.8150247436323075
4179.5			0.8377557596852286
4180.4			0.8177484802054877
4181.3			1.0
4182.2			1.0257987736884622
4183.1			1.113017775879785
4184.0			1.1631640793870297
4184.9			1.0
4185.8			0.9781063937345454
4186.7			0.8346007011803663
4187.6			0.7654533212467969
4188.5			0.8135552158435896
4189.4			0.8237846387511714
4190.3			0.8183274538365897
4191.2			0.855838190350619
4192.1			0.9542413794783401
4193.0			1.0580879652157529
4193.9			1.0341896984374659
4194.8			0.9074254508451421
4195.7			0.7937283150700065
4196.6			0.7495982107370515
4197.5			0.7787729325492408
4198.4			0.8284181929377005
4199.3			0.876662235654073
4200.2			0.9241254465309997
4201.1			0.8929724402547222
4202.0			0.8491130336412183
4202.9			0.8990161387236237
4203.8			0.9481814628422117
4204.7			0.9682071160018794
4205.6			1.002338919516544
4206.5			1.0092062484128648
4207.4			1.003027623750118
4208.3			1.0
4209.2			1.0
4210.1			1.0
4211.0			1.0
4211.9			0.9741761842282354
4212.8			0.9055939533022936
4213.7			0.8367667698730278
4214.6			0.7267017421023118
4215.5			0.6442242296583915
4216.4			0.7654534817718825
4217.3			0.938121869010088
4218.2			0.9885846454753645
4219.1			0.9952176956886635
4220.0			1.0
4220.9			1.0
4221.8			0.9688199171284174
4222.7			0.9185470848967265
4223.6			0.8600713157738477
4224.5			0.7620203106863729
4225.4			0.6210729150828395
4226.3			0.4812353563837884
4227.2			1.0
4228.1			1.3355669916734847
4229.0			1.5484392481528098
4229.9			1.5693496831825835
4230.8			1.5682657963745643
4231.7			1.4898389433146881
4232.6			1.31150987525859
4233.5			1.248455590475377
4234.4			1.2367618458685372
4235.3			1.1293988274684175
4236.2			1.0188775314261196
4237.1			0.9961833943335331
4238.0			0.9735105672552304
4238.9			0.9379154981916263
4239.8			0.9584133787544767
4240.7			1.0172265398299587
4241.6			0.9984965259554872
4242.5			0.9484325199148114
4243.4			0.9498441232504095
4244.3			0.9834931119661964
4245.2			1.0
4246.1			1.0
4247.0			1.0
4247.9			1.0
4248.8			1.0
4249.7			1.0
4250.6			1.0
4251.5			1.0
4252.4			1.0
4253.3			1.0
4254.2			1.0
4255.1			1.0
4256.0			1.0141590084987457
4256.9			1.070209516295842
4257.8			1.0192692140335764
4258.7			0.914361382581261
4259.6			0.8468933418478145
4260.5			0.7870422184662451
4261.4			0.7965005235843966
4262.3			0.9147805293225834
4263.2			1.0
4264.1			1.0258704396075868
4265.0			1.053959846679153
4265.9			1.0430182268702657
4266.8			0.9832137705328119
4267.7			0.9401861171827314
4268.6			0.9458412438624733
4269.5			0.8928511412818741
4270.4			0.7832759844760332
4271.3			0.6628915429316247
4272.2			0.6851736359803237
4273.1			0.7712555210588613
4274.0			0.7680773585948297
4274.9			0.7684422477563345
4275.8			0.8600977794472807
4276.7			0.9825615811847842
4277.6			1.0236724284400978
4278.5			0.9982180447056376
4279.4			1.0
4280.3			1.0
4281.2			1.0
4282.1			1.0
4283.0			1.0
4283.9			1.0
4284.8			1.0
4285.7			1.0
4286.6			0.9986302062335558
4287.5			1.0
4288.4			0.9371553324135647
4289.3			0.7809460690196188
4290.2			0.7199306522144724
4291.1			0.7816899145719594
4292.0			0.9135616905745844
4292.9			1.014319614861348
4293.8			0.9921259443745313
4294.7			0.9630921466725199
4295.6			0.9455339538843749
4296.5			0.8869507433990237
4297.4			0.8278367013500694
4298.3			0.7331931756939254
4299.2			0.6139695327544246
4300.1			0.6080358987728047
4301.0			0.6650215471389203
4301.9			0.6682335059472946
4302.8			0.6598284885868754
4303.7			0.6892288015058144
4304.6			0.7111011212448866
4305.5			0.689100336302311
4306.4			0.6706732990577489
4307.3			0.6188281381426033
4308.2			0.5411792606951363
4309.1			0.5300613660182807
4310.0			0.600356516963172
4310.9			0.6826976342985673
4311.8			0.7301968373469762
4312.7			0.7675503512092567
4313.6			0.7851791423952441
4314.5			0.83331288543569
4315.4			0.9930706261787204
4316.3			1.1482284447832771
4317.2			1.1853275971404191
4318.1			1.1648720946814637
4319.0			1.0
4319.9			0.9598773728543262
4320.8			0.9229492740501242
4321.7			0.9116662231647263
4322.6			0.85611029689453
4323.5			0.7782363213438177
4324.4			0.6843435671341602
4325.3			0.6121608603912696
4326.2			0.6817717248196894
4327.1			0.8660373399997289
4328.0			1.036753781940946
4328.9			1.0791617898973263
4329.8			1.012114730187187
4330.7			0.9956268089057385
4331.6			1.0
4332.5			1.0034108838049096
4333.4			1.0041682786525759
4334.3			1.0461017253737939
4335.2			1.1057247056920643
4336.1			1.063515214154246
4337.0			0.9100435385794395
4337.9			0.8197561273626073
4338.8			0.7767312839649345
4339.7			0.7145625436937095
4340.6			0.7324949026358936
4341.5			0.8620472850973011
4342.4			0.9804404021801951
4343.3			0.9900888192790619
4344.2			1.0028754934864799
4345.1			1.0460550997355478
4346.0			1.0431169127052702
4346.9			0.9994888661969942
4347.8			1.0
4348.7			1.0922177697537894
4349.6			1.0808615281846015
4350.5			0.9609672288238306
4351.4			0.8059451583406343
4352.3			0.7727342496881979
4353.2			0.9039691815274451
4354.1			0.9825735887748557
4355.0			0.9793957303435857
4355.9			0.997601496339553
4356.8			1.0
4357.7			1.0
4358.6			1.0
4359.5			1.0
4360.4			1.0
4361.3			1.0
4362.2			1.0
4363.1			1.0
4364.0			1.0
4364.9			1.0
4365.8			1.0
4366.7			1.0
4367.6			1.0
4368.5			1.0
4369.4			1.0
4370.3			1.0
4371.2			1.0052621010831462
4372.1			1.0040989941436127
4373.0			1.0
4373.9			0.8874859668869701
4374.8			0.8372003293922662
4375.7			0.9095973461148401
4376.6			1.045043240849749
4377.5			1.1234712719629212
4378.4			1.1302608149315632
4379.3			1.092196212438352
4380.2			1.096671345159686
4381.1			1.0850182553001215
4382.0			0.9727957696082696
4382.9			0.7316689069204457
4383.8			0.6040609906162903
4384.7			0.7006084293893085
4385.6			0.881867721122909
4386.5			0.9889959228499136
4387.4			0.9820310768433949
4388.3			0.9799294955719957
4389.2			0.9599124932455104
4390.1			0.9282127623291888
4391.0			0.9266505684178709
4391.9			1.023423307518504
4392.8			1.0665873745332748
4393.7			0.9983826225843319
4394.6			1.0
4395.5			1.0
4396.4			1.0
4397.3			1.0
4398.2			0.9600827260069627
4399.1			0.8811216654784808
4400.0			0.7968853849716354
4400.9			0.8092956647743931
4401.8			0.9090470355914577
4402.7			0.9365098333831419
4403.6			0.8382494971399684
4404.5			0.7327342163556142
4405.4			0.7627325300759958
4406.3			0.8398571351621291
4407.2			0.8244325229805202
4408.1			0.7730788943016528
4409.0			0.8130185388260998
4409.9			1.0
4410.8			1.0591172880142232
4411.7			1.0719611044621067
4412.6			1.080129437355091
4413.5			1.0065874388888674
4414.4			0.8907976138984908
4415.3			0.832166680543225
4416.2			0.8472907351760199
4417.1			0.8765029152639432
4418.0			0.9291994947913479
4418.9			0.9911943524953145
4419.8			0.994596704566113
4420.7			1.0
4421.6			1.0
4422.5			1.0
4423.4			1.0
4424.3			1.0
4425.2			1.0
4426.1			1.0
4427.0			1.0
4427.9			1.0
4428.8			1.0
4429.7			1.0
4430.6			0.9727994873172172
4431.5			1.0296404058702704
4432.4			1.0447463637854224
4433.3			0.9609810526052902
4434.2			0.8566758681765984
4435.1			0.7957812402558164
4436.0			0.8246926459037592
4436.9			0.9232534452454325
4437.8			1.0129044609544082
4438.7			1.031428042829438
4439.6			0.9937843143692414
4440.5			1.0
4441.4			1.0
4442.3			1.0
4443.2			1.0
4444.1			1.0
4445.0			1.0
4445.9			1.0
4446.8			1.0
4447.7			1.0
4448.6			1.0
4449.5			1.0
4450.4			1.0
4451.3			1.0017900820233474
4452.2			1.0107658136656648
4453.1			0.992847387848124
4454.0			0.9464445381169353
4454.9			0.8882830027185374
4455.8			0.8886228133870764
4456.7			0.928506912281818
4457.6			0.9305729078273504
4458.5			0.886759006209134
4459.4			0.8628528955821535
4460.3			0.8653081951863855
4461.2			0.8240659168022375
4462.1			0.8339669384701484
4463.0			0.9525177259507726
4463.9			1.028097899820436
4464.8			1.0299178202687151
4465.7			1.023595781694177
4466.6			1.0021812887165327
4467.5			0.9713554391536187
4468.4			0.9316002497622561
4469.3			0.9225990552152952
4470.2			0.9535492579492533
4471.1			1.0001566397089188
4472.0			1.0
4472.9			1.0
4473.8			1.0
4474.7			1.0
4475.6			1.0
4476.5			1.0
4477.4			1.0
4478.3			0.9959757748615858
4479.2			0.9053040327578427
4480.1			0.8313716015326014
4481.0			0.8034241358369569
4481.9			0.8000151883516868
4482.8			0.8519083886961732
4483.7			0.928060821633432
4484.6			0.9691768323457605
4485.5			0.9922119718475827
4486.4			1.016522383842601
4487.3			0.9683180076926811
4488.2			0.8711959544260721
4489.1			0.8130008327279753
4490.0			0.840675349551187
4490.9			0.9067203496545658
4491.8			0.9675839815587176
4492.7			0.9770827250006223
4493.6			0.9203718856032982
4494.5			0.8676264639717901
4495.4			0.8476154451264576
4496.3			0.8417401733013714
4497.2			0.8969241287565252
4498.1			0.983042881941651
4499.0			1.020356259948732
4499.9			1.000868906642999
4500.8			1.0
4501.7			1.0
4502.6			1.0
4503.5			1.0
4504.4			1.0
4505.3			1.0
4506.2			1.0
4507.1			1.0
4508.0			1.0
4508.9			1.0
4509.8			1.0
4510.7			1.0
4511.6			1.0
4512.5			1.0
4513.4			1.0
4514.3			1.0
4515.2			1.0
4516.1			1.0
4517.0			1.0
4517.9			1.0
4518.8			1.0
4519.7			1.047440953348754
4520.6			1.083794692550189
4521.5			1.0750422085953857
4522.4			0.9729399617231815
4523.3			0.943086640317163
4524.2			0.9692851639747887
4525.1			0.9765617173101164
4526.0			0.935565858522805
4526.9			0.8804777683546441
4527.8			0.8541394811953298
4528.7			0.8456228368954768
4529.6			0.8818950555217218
4530.5			0.9314099806852413
4531.4			0.9812479708606142
4532.3			1.0078371700501434
4533.2			0.9598142583391612
4534.1			0.8747500069419402
4535.0			1.0
4535.9			1.0453721088588461
4536.8			1.2183856302552476
4537.7			1.3530318635897172
4538.6			1.3245634891517015
4539.5			1.2582747715513944
4540.4			1.198081462682859
4541.3			1.1961916332680422
4542.2			1.2153716045355523
4543.1			1.2167874731589459
4544.0			1.1436427843741617
4544.9			1.0841596400934004
4545.8			1.1194031198499204
4546.7			1.144497324670349
4547.6			1.1219832974511676
4548.5			1.0535356318285796
4549.4			0.9824380923372568
4550.3			1.0093996775302811
4551.2			1.0902852790141353
4552.1			1.0499939661277906
4553.0			0.989049913609963
4553.9			0.9772750385665511
4554.8			0.999368967326765
4555.7			0.9982931838659133
4556.6			1.0305204478152388
4557.5			1.0949546943156014
4558.4			1.1104242270009217
4559.3			1.0722720720071832
4560.2			1.0503191317666787
4561.1			1.0813185701222376
4562.0			1.0601365749302885
4562.9			1.0002032714729636
4563.8			1.0
4564.7			1.0
4565.6			1.0
4566.5			1.0
4567.4			1.0
4568.3			1.0
4569.2			1.0077158003525497
4570.1			1.0
4571.0			0.914605927411643
4571.9			0.8586821492978923
4572.8			0.9200887229699245
4573.7			0.9939319458929017
4574.6			0.996154892674835
4575.5			0.9871675520340639
4576.4			0.9859357329730958
4577.3			0.956530943681933
4578.2			1.0
4579.1			0.9739520048987458
4580.0			0.9319440274613326
4580.9			0.9098393462335477
4581.8			0.944876583300294
4582.7			0.9761991883703217
4583.6			0.9664296059860537
4584.5			0.9595608741256761
4585.4			0.9414144381109325
4586.3			0.9427950700145025
4587.2			1.0004988340676684
4588.1			1.0391512919233667
4589.0			1.0465909707556087
4589.9			1.071607234349289
4590.8			1.0445302856033714
4591.7			0.9830117373615836
4592.6			0.950228034386422
4593.5			0.9511734107509928
4594.4			0.9355150250358343
4595.3			0.9233496571569906
4596.2			0.9318690798808807
4597.1			0.9475468900381636
4598.0			0.9615016268688142
4598.9			0.981005547734549
4599.8			0.9361105561815702
4600.7			0.902669590643313
4601.6			0.9250621019868348
4602.5			0.934958466165463
4603.4			0.9265496931525069
4604.3			0.923882394426018
4605.2			0.9050784108130476
4606.1			0.9191186335766444
4607.0			0.9400502549055769
4607.9			0.9855161757500557
4608.8			1.0439197145968961
4609.7			1.0567980286543717
4610.6			1.0338426760254733
4611.5			0.997757924159662
4612.4			1.0
4613.3			1.0
4614.2			1.0
4615.1			1.0
4616.0			1.0
4616.9			1.0
4617.8			1.0
4618.7			1.0
4619.6			1.0
4620.5			1.0
4621.4			1.0
4622.3			1.0
4623.2			1.0
4624.1			1.0
4625.0			1.0
4625.9			1.0
4626.8			1.0
4627.7			1.0
4628.6			1.0
4629.5			1.0
4630.4			1.0
4631.3			1.0
4632.2			1.0
4633.1			0.9412231018725662
4634.0			0.9273467963815535
4634.9			0.92764114613053
4635.8			0.9248055410221706
4636.7			0.9176701786474843
4637.6			0.9181170774476546
4638.5			0.9149154339528324
4639.4			0.9011280679264403
4640.3			0.9257711631809085
4641.2			0.9894104348744381
4642.1			1.0130119710096235
4643.0			0.9943622555030119
4643.9			0.9859743596802274
4644.8			0.9774076913515277
4645.7			0.9237001505455076
4646.6			0.867172504752466
4647.5			0.8669911475583636
4648.4			0.8950326253295475
4649.3			0.9470204333239919
4650.2			0.9804893316881624
4651.1			0.9739675970758401
4652.0			0.9784591244195026
4652.9			1.0
4653.8			0.9683616416579885
4654.7			0.9131118782233585
4655.6			0.9039869341979955
4656.5			0.9228522147270655
4657.4			0.9862954304358478
4658.3			1.054411834776997
4659.2			1.1051368242279143
4660.1			1.1195109961030845
4661.0			1.07089785836105
4661.9			1.019381408119246
4662.8			1.0011490856243503
4663.7			1.0011609357637132
4664.6			1.0151704545238565
4665.5			1.0069393922387386
4666.4			0.9246727311653267
4667.3			0.8361814380978806
4668.2			0.8412854167410135
4669.1			0.9026119042899347
4670.0			0.9679449569199177
4670.9			1.0410559233013332
4671.8			1.065715786304718
4672.7			1.0528247947344649
4673.6			1.0419274767126967
4674.5			1.046854432877991
4675.4			1.0
4676.3			1.0376194149749356
4677.2			1.0510456470640537
4678.1			1.0186840357629325
4679.0			0.9801026090474123
4679.9			0.9268123673770802
4680.8			0.9010622963141522
4681.7			0.907735494424387
4682.6			0.9404997848597654
4683.5			0.9903950546759189
4684.4			1.0121255223834649
4685.3			1.0013247312367215
4686.2			1.0
4687.1			1.0
4688.0			1.0
4688.9			1.008890019959693
4689.8			1.0110105328768249
4690.7			0.9948364276767775
4691.6			1.0018494108148643
4692.5			1.0166149774128066
4693.4			1.0330251814146427
4694.3			1.0751055524444626
4695.2			1.1228285485342835
4696.1			1.1310070671518782
4697.0			1.0827067366580743
4697.9			0.9932920638134664
4698.8			0.9453333024800211
4699.7			0.9596016523331133
4700.6			0.9706520339879465
4701.5			0.9634823958366014
4702.4			0.9294236002232505
4703.3			0.9065959932523368
4704.2			0.9416699344556437
4705.1			0.9913717640495104
4706.0			0.9781072599049505
4706.9			0.9233517524544671
4707.8			0.9070099431639754
4708.7			0.9005435855234554
4709.6			0.893401142934936
4710.5			0.9151873477401735
4711.4			0.973989138511069
4712.3			1.0114795690969813
4713.2			0.9817755192179999
4714.1			0.9235351802182865
4715.0			0.9011439582502846
4715.9			0.9387928568345406
4716.8			0.9703810555478063
4717.7			0.9993330517818731
4718.6			1.0
4719.5			1.0
4720.4			0.9764081223518084
4721.3			0.9532620081818102
4722.2			0.9429902164661926
4723.1			0.9577254235258084
4724.0			0.9982117007722019
4724.9			1.0132135806713707
4725.8			0.9990726367971676
4726.7			0.9264579819026634
4727.6			0.8528717811390071
4728.5			0.8546363020855933
4729.4			0.8978587538880919
4730.3			0.9182775936990306
4731.2			0.9186432006564623
4732.1			0.9278684716786991
4733.0			0.9528006317460773
4733.9			0.9749783733522648
4734.8			0.9990999107635898
4735.7			1.0
4736.6			1.0
4737.5			1.0
4738.4			1.0
4739.3			1.0
4740.2			1.0
4741.1			1.0
4742.0			1.0
4742.9			1.0
4743.8			1.0
4744.7			1.0
4745.6			1.0
4746.5			1.0
4747.4			0.99404039446141
4748.3			0.9731873034764587
4749.2			0.9616619165536423
4750.1			0.9876915528510293
4751.0			0.9998507841644437
4751.9			0.9869040761146886
4752.8			0.9766721400665634
4753.7			0.9605135907194916
4754.6			0.9412345254291994
4755.5			0.9282193762801628
4756.4			0.9168146506980417
4757.3			0.9228937045414229
4758.2			0.9161232733445858
4759.1			0.9347863519580498
4760.0			0.9730266385187484
4760.9			0.9758139219838539
4761.8			0.904208149069536
4762.7			0.861343571604223
4763.6			0.8572038093878127
4764.5			0.8628569570095923
4765.4			0.8638242555920187
4766.3			0.8909005107092723
4767.2			0.9402630086070373
4768.1			0.959157741008671
4769.0			0.9913068518921976
4769.9			1.0072484092640304
4770.8			0.9880379773861209
4771.7			0.9317538893792587
4772.6			0.9442971502073105
4773.5			0.9891099205150994
4774.4			1.033754445563051
4775.3			1.0
4776.2			0.9921990638092208
4777.1			1.0152993397029115
4778.0			1.0231484714182677
4778.9			1.005976092482263
4779.8			0.974649631480424
4780.7			0.9650827044138072
4781.6			0.9601190522719537
4782.5			0.9626690952191795
4783.4			0.9468651845414802
4784.3			0.9572445050625961
4785.2			0.9465172465890288
4786.1			0.8998782218964523
4787.0			0.9134059246782072
4787.9			0.915569747861957
4788.8			0.8948794937465633
4789.7			0.9151840435413822
4790.6			0.9513134002690624
4791.5			0.9485446943177838
4792.4			0.9537992646791752
4793.3			1.0
4794.2			1.0361641636205432
4795.1			1.0510671231589659
4796.0			1.0255058087242799
4796.9			0.9794496799374778
4797.8			0.9258828990600814
4798.7			0.895793977884009
4799.6			0.9062040862803872
4800.5			0.9402387419294976
4801.4			0.9928824867523751
4802.3			1.009916952895069
4803.2			0.9991689452479343
4804.1			1.0
4805.0			1.0
4805.9			1.0
4806.8			1.0
4807.7			1.0
4808.6			1.0
4809.5			1.0
4810.4			1.0
4811.3			1.0
4812.2			1.0
4813.1			1.0
4814.0			1.0
4814.9			1.0
4815.8			1.0
4816.7			1.0
4817.6			1.0
4818.5			1.0
4819.4			1.0
4820.3			1.0
4821.2			1.0
4822.1			1.0
4823.0			1.0
4823.9			1.0
4824.8			1.0
4825.7			1.039540284346198
4826.6			1.0568984774269712
4827.5			1.0332984699924024
4828.4			1.0144579976229786
4829.3			1.018824006294295
4830.2			1.0087142293004496
4831.1			0.9577970113125739
4832.0			0.9259639344251688
4832.9			0.9668462241351533
4833.8			1.0238706110680913
4834.7			1.055426738096367
4835.6			1.0328972942726138
4836.5			1.0186127405406098
4837.4			1.0215539412286843
4838.3			1.0000850263103993
4839.2			1.0
4840.1			1.0
4841.0			1.0
4841.9			1.0
4842.8			1.0
4843.7			1.0
4844.6			1.0
4845.5			1.0
4846.4			1.0
4847.3			1.0
4848.2			1.0
4849.1			1.0
4850.0			1.0
4850.9			1.0
4851.8			1.0
4852.7			1.0403913860698115
4853.6			1.0306893146354965
4854.5			0.953705221961429
4855.4			0.8963279491565613
4856.3			0.925932771418118
4857.2			1.0007281532792462
4858.1			0.9880340129674328
4859.0			0.9092434056798753
4859.9			0.7845027699091892
4860.8			0.6686034899241265
4861.7			0.6844903936360631
4862.6			0.8376260358363006
4863.5			0.9092482343593634
4864.4			0.9054147355488319
4865.3			0.9319138189806698
4866.2			0.9649749192802096
4867.1			0.9747653279918771
4868.0			1.0
4868.9			1.0123350863822609
4869.8			0.9800243127586943
4870.7			0.91421297437999
4871.6			0.8560518642190336
4872.5			0.8977649895454997
4873.4			0.9723521934415436
4874.3			0.9984211880100806
4875.2			1.0
4876.1			1.0
4877.0			1.0
4877.9			1.0
4878.8			1.0287695551658238
4879.7			1.0472075872753217
4880.6			1.0095701306134097
4881.5			0.9412515697759429
4882.4			0.9262699408173859
4883.3			0.9571966663185157
4884.2			0.9496049634163025
4885.1			0.904717480180086
4886.0			0.8985539735402007
4886.9			0.9420661505415382
4887.8			0.9673689614484161
4888.7			0.9378772140608252
4889.6			0.8932321736827032
4890.5			0.8679207636029184
4891.4			0.8823076560170959
4892.3			0.9555754370844092
4893.2			1.0202251463815175
4894.1			1.059261310935025
4895.0			1.074627737175654
4895.9			1.0735544076820787
4896.8			1.0713582284666945
4897.7			1.0715408921444571
4898.6			1.0451676567781027
4899.5			0.9940602331860481
4900.4			0.9660265371617841
4901.3			0.9920100290909681
4902.2			1.0
4903.1			0.9421174269134863
4904.0			0.9399081857977848
4904.9			1.010234150339061
4905.8			1.062441538443495
4906.7			1.0452445898513232
4907.6			1.000923130581497
4908.5			0.9624283075709591
4909.4			0.9307602410772948
4910.3			1.0
4911.2			1.0140341260930803
4912.1			1.0434757731608142
4913.0			1.041387397992537
4913.9			1.0375528517314394
4914.8			1.0813020806338123
4915.7			1.1307781854217096
4916.6			1.113537826244041
4917.5			1.0236097460077507
4918.4			0.9078887980700988
4919.3			0.8374572860066393
4920.2			0.8118058538792418
4921.1			0.8518512480318626
4922.0			0.9241845276752853
4922.9			0.9477308140725801
4923.8			0.9196846056448685
4924.7			0.895724876368945
4925.6			0.9196857880094983
4926.5			0.9572604283740711
4927.4			0.9696687087068214
4928.3			0.9727096741339912
4929.2			0.994252576018448
4930.1			1.0
4931.0			1.0
4931.9			1.0
4932.8			1.0
4933.7			1.0
4934.6			1.0
4935.5			1.0505713593997033
4936.4			1.0391910540763225
4937.3			0.9653756951736182
4938.2			0.8856930112806076
4939.1			0.8686148472354941
4940.0			0.9226418081409733
4940.9			0.9911114479066814
4941.8			1.014858287138422
4942.7			1.0039679014743492
4943.6			1.0
4944.5			1.0
4945.4			1.0
4946.3			1.0
4947.2			1.0
4948.1			1.0
4949.0			1.0
4949.9			1.0
4950.8			1.0
4951.7			1.0
4952.6			1.0
4953.5			1.0
4954.4			0.9961826145960843
4955.3			0.9765477222673785
4956.2			0.9151587178000501
4957.1			0.8237506156729129
4958.0			0.8196198129111067
4958.9			0.9172344763034682
4959.8			1.0010005831312043
4960.7			1.019274585037721
4961.6			1.0021515066685878
4962.5			1.0
4963.4			1.0
4964.3			1.0
4965.2			1.0
4966.1			1.0
4967.0			1.0
4967.9			1.0
4968.8			1.0
4969.7			1.0
4970.6			1.0
4971.5			1.0
4972.4			1.0
4973.3			1.0
4974.2			1.0
4975.1			1.0
4976.0			0.9876733747948708
4976.9			0.9663878756615549
4977.8			0.9281204158439407
4978.7			0.9003197203703414
4979.6			0.9139061370845964
4980.5			0.9244484557181241
4981.4			0.8808373438170992
4982.3			0.8278489887674959
4983.2			0.826396444578662
4984.1			0.8915799683359968
4985.0			0.9468178144282303
4985.9			0.9699857105754279
4986.8			0.9954532490969715
4987.7			1.0310018569981738
4988.6			1.0460942577031607
4989.5			1.0167942747026404
4990.4			0.9954099675823371
4991.3			1.0
4992.2			1.0
4993.1			1.0
4994.0			1.0
4994.9			1.0
4995.8			1.0
4996.7			1.0
4997.6			1.0
4998.5			0.9757074098555623
4999.4			0.9306446753581736
5000.3			0.9172033758120316
5001.2			0.9258195145058087
5002.1			0.9393135773265828
5003.0			0.9529614669190449
5003.9			0.9531414775480406
5004.8			0.9241632501173339
5005.7			0.8820264259306164
5006.6			0.8712976077304797
5007.5			0.9239043564355055
5008.4			0.9944187795507595
5009.3			0.9979979432488458
5010.2			0.9701694191011602
5011.1			0.9426113087628694
5012.0			0.8833827650012399
5012.9			0.8374393877290607
5013.8			0.8232338877633825
5014.7			0.8541900982966102
5015.6			0.914058504558665
5016.5			0.9362121534443726
5017.4			0.918167440743693
5018.3			0.9271398356644799
5019.2			0.9570763673372917
5020.1			0.9644862630342929
5021.0			0.9438777757542863
5021.9			0.9092766012743064
5022.8			0.9101318623122452
5023.7			0.9416465177187107
5024.6			0.9687182807713873
5025.5			0.9845146564959811
5026.4			0.9609706450428988
5027.3			0.9281816382219508
5028.2			0.9520212224023669
5029.1			0.9998641154464754
5030.0			1.0
5030.9			1.0
5031.8			1.0
5032.7			1.0383931117377672
5033.6			1.037369323662295
5034.5			0.9821192713249549
5035.4			0.924137751284765
5036.3			0.923803338075339
5037.2			0.9694605166925524
5038.1			0.9687150311983409
5039.0			0.9150118688526314
5039.9			0.8430622640218086
5040.8			0.7775473119162682
5041.7			0.8232167355805483
5042.6			0.954150938648591
5043.5			1.0355690098792911
5044.4			1.069609216171571
5045.3			1.1076343860482145
5046.2			1.1443358280276426
5047.1			1.1332142860633427
5048.0			1.061435129456611
5048.9			1.0000068169389755
5049.8			1.0
5050.7			1.0
5051.6			1.0
5052.5			1.0
5053.4			1.0
5054.3			1.0
5055.2			1.0
5056.1			1.0
5057.0			1.0
5057.9			1.0
5058.8			1.0
5059.7			1.0
5060.6			1.0
5061.5			1.0
5062.4			1.0
5063.3			1.0
5064.2			1.0
5065.1			1.0
5066.0			1.0
5066.9			1.0
5067.8			1.0
5068.7			1.0
5069.6			1.0
5070.5			1.0
5071.4			1.0
5072.3			0.9801546053238032
5073.2			1.0166765126709325
5074.1			1.0444845666754459
5075.0			1.0234053557155327
5075.9			1.0193035125257117
5076.8			1.0420755297376898
5077.7			1.0400812241395243
5078.6			0.9499432895694704
5079.5			0.8524451746014685
5080.4			0.8550848318065998
5081.3			0.918270560953439
5082.2			0.9513490237532215
5083.1			0.9530261338124036
5084.0			0.9668990938269482
5084.9			1.0049032295464113
5085.8			1.0255604030637353
5086.7			0.9999339026380807
5087.6			1.0
5088.5			1.0
5089.4			1.0
5090.3			1.0
5091.2			1.0
5092.1			1.0
5093.0			1.0
5093.9			1.0
5094.8			1.0
5095.7			0.9818186096831177
5096.6			0.9544855152439542
5097.5			0.9168265653339167
5098.4			0.8669987351681333
5099.3			0.8600579306372883
5100.2			0.9310667639706381
5101.1			1.0064744558244136
5102.0			1.0164877220865836
5102.9			0.9983369561798513
5103.8			1.0
5104.7			1.0
5105.6			1.0
5106.5			1.0
5107.4			1.0
5108.3			1.0
5109.2			1.0
5110.1			1.0
5111.0			1.0222255819820967
5111.9			1.0626383197081086
5112.8			1.0655368046280276
5113.7			1.064705843073521
5114.6			1.0545134540241474
5115.5			1.044723539645788
5116.4			1.084423061579166
5117.3			1.1192259459089113
5118.2			1.1039055420663675
5119.1			1.0725610751320445
5120.0			1.0570230635985152
5120.9			1.0416579068335283
5121.8			1.0
5122.7			0.955575969479071
5123.6			0.9054998885294198
5124.5			0.9151158451810438
5125.4			0.9474970573708041
5126.3			0.9586742118423457
5127.2			0.9416312872851578
5128.1			0.9456933679794562
5129.0			0.9590451348336942
5129.9			0.9645469340196395
5130.8			0.9790221428260211
5131.7			1.0004940645569456
5132.6			1.0173634899445225
5133.5			1.020831279806228
5134.4			1.05910953466152
5135.3			1.069981969267715
5136.2			1.0092612504333678
5137.1			0.9658323202874841
5138.0			0.949143267302342
5138.9			0.918174780778075
5139.8			0.9360809646284295
5140.7			0.9918308627348781
5141.6			0.9605435418256623
5142.5			0.8987060900424407
5143.4			0.9231944775749662
5144.3			0.9656686374554319
5145.2			0.9738590184398839
5146.1			0.9597481950042428
5147.0			0.9460221872651821
5147.9			0.9552768609657478
5148.8			0.9792251577387402
5149.7			0.975115580560431
5150.6			0.9204670809308161
5151.5			0.8997910811937674
5152.4			0.8969398057513037
5153.3			0.9009656431404371
5154.2			0.9035329567686897
5155.1			0.9396339339454317
5156.0			1.0004145821646835
5156.9			1.0333204088765295
5157.8			1.0464857133571097
5158.7			1.053948533395924
5159.6			1.0534538039993246
5160.5			1.0465683866672593
5161.4			1.0248350836201625
5162.3			1.0
5163.2			1.0109437598166018
5164.1			1.002572325821491
5165.0			0.9257881233682773
5165.9			0.8286359206203707
5166.8			0.7341200687065619
5167.7			0.6999375024466811
5168.6			0.7756731565681668
5169.5			0.8708010300731248
5170.4			0.8949668212951305
5171.3			0.7887041975205992
5172.2			0.6547497193826315
5173.1			0.678184189815549
5174.0			0.855625682200454
5174.9			0.9986530354756926
5175.8			1.015802394801653
5176.7			1.0238081678257398
5177.6			1.0473160641539636
5178.5			1.059724076951889
5179.4			1.0
5180.3			0.9900519552142137
5181.2			0.9543684291093041
5182.1			0.8462508845046737
5183.0			0.679700318778313
5183.9			0.6376278563807
5184.8			0.7956151039511085
5185.7			0.9601786845248266
5186.6			1.0133611530945612
5187.5			0.9979766456511201
5188.4			1.0
5189.3			1.0
5190.2			1.0
5191.1			1.0
5192.0			1.0
5192.9			1.0
5193.8			1.0
5194.7			1.0
5195.6			1.0
5196.5			1.0
5197.4			1.021244785838225
5198.3			1.0435464085123163
5199.2			1.0679124071323243
5200.1			1.064478217596059
5201.0			1.0402560530928406
5201.9			1.0084572608556248
5202.8			0.9963885416680851
5203.7			0.9594347654458626
5204.6			0.8737132025646211
5205.5			0.8568347710573566
5206.4			0.8925947758348047
5207.3			0.911797958974254
5208.2			0.8688364406683191
5209.1			0.8792802660449627
5210.0			0.904702392137192
5210.9			0.9259024418405123
5211.8			1.0
5212.7			1.0355501684428283
5213.6			1.0503108433506188
5214.5			1.000998954661882
5215.4			0.9401264762447973
5216.3			0.9304165326818977
5217.2			0.9533117300897762
5218.1			0.9840966207738782
5219.0			0.9938408456654796
5219.9			1.000523294948161
5220.8			1.0
5221.7			0.9999084820622643
5222.6			0.9632552227143741
5223.5			0.9190545811534441
5224.4			0.866627038851962
5225.3			0.8407879492607749
5226.2			0.8053785965545748
5227.1			0.802476827541334
5228.0			0.8999432579169547
5228.9			0.9808727467206605
5229.8			0.9938601927310355
5230.7			1.028224732496087
5231.6			1.0490790452930085
5232.5			1.0001453711120234
5233.4			1.0
5234.3			1.0
5235.2			1.0
5236.1			1.0388107824800221
5237.0			1.080018501261293
5237.9			1.081874881209965
5238.8			1.0666777108053302
5239.7			1.0534845358262674
5240.6			1.0573947204468859
5241.5			1.0459788012152598
5242.4			1.030447377285129
5243.3			1.051770340355844
5244.2			1.0721147792364802
5245.1			1.0409446999162104
5246.0			0.9666495038278681
5246.9			0.8831375471154345
5247.8			0.8933053280181654
5248.7			0.9375441659574532
5249.6			0.9073866736102162
5250.5			0.8659288595217315
5251.4			0.871155295078022
5252.3			0.896920785576194
5253.2			0.9115392967693224
5254.1			0.8934733633198747
5255.0			0.8704763736380445
5255.9			0.9073272209380056
5256.8			0.9759181921414758
5257.7			1.0
5258.6			1.009022066996527
5259.5			0.9916348690818345
5260.4			0.9425614500698527
5261.3			0.8836660950870243
5262.2			0.8437797478994623
5263.1			0.8184376848859849
5264.0			0.7944488504997623
5264.9			0.7616203392836123
5265.8			0.7593554952533902
5266.7			0.8206448274827931
5267.6			0.8826245677594442
5268.5			0.8134918995439879
5269.4			0.7235408020535355
5270.3			0.7556668119963516
5271.2			0.8935642736587797
5272.1			0.9562439679313608
5273.0			0.933979330261462
5273.9			0.9178388457273391
5274.8			0.9157846291870425
5275.7			0.9164664655451591
5276.6			1.0
5277.5			1.069472662711647
5278.4			1.0755680696084964
5279.3			1.0427935562312813
5280.2			0.98942865925558
5281.1			0.9557866126210636
5282.0			0.9305048568071971
5282.9			0.9016009786526009
5283.8			0.8981226466303618
5284.7			0.9613384364033675
5285.6			1.0246562477018824
5286.5			1.0
5287.4			0.992048732078042
5288.3			0.961797639770352
5289.2			0.972071344326746
5290.1			0.9945751956921592
5291.0			1.0018903947362816
5291.9			0.9871368610588296
5292.8			0.9471541099044717
5293.7			0.944831570356071
5294.6			0.957788344845665
5295.5			0.9326423111365356
5296.4			0.8766129449069838
5297.3			0.8250927876179203
5298.2			0.8353256463141707
5299.1			0.9075936793663486
5300.0			0.9624822849320168
5300.9			0.9535603784907533
5301.8			0.9414071154182782
5302.7			0.9657482347109184
5303.6			1.0091114597311628
5304.5			1.05074228991196
5305.4			1.0519028176214986
5306.3			1.0204911661844522
5307.2			0.9970360595576898
5308.1			1.0
5309.0			1.0
5309.9			1.0
5310.8			1.0
5311.7			1.0
5312.6			1.0
5313.5			1.0
5314.4			1.0
5315.3			1.0
5316.2			1.0
5317.1			0.9889041068022124
5318.0			1.0039036425454106
5318.9			1.0152696493920703
5319.8			1.0064642933717305
5320.7			1.010917439042652
5321.6			1.0165072146508498
5322.5			0.9861748303396477
5323.4			0.952901616634845
5324.3			0.9405482086297965
5325.2			0.9747364278059673
5326.1			0.9627034939005564
5327.0			0.8728968666625975
5327.9			0.7793601214751563
5328.8			0.7917807498212052
5329.7			0.9060128881634059
5330.6			0.9762360039674479
5331.5			0.9848153909494672
5332.4			0.9726208246107299
5333.3			0.9799656972487496
5334.2			1.0113564799712484
5335.1			1.0372526829923345
5336.0			1.0
5336.9			0.9807056872653689
5337.8			0.9753772109429668
5338.7			0.9659039383383875
5339.6			0.9207832706156343
5340.5			0.8671602368714838
5341.4			0.8927303472964505
5342.3			0.9535199749023884
5343.2			0.9763423060606198
5344.1			0.9990346872169874
5345.0			1.0
5345.9			1.0
5346.8			1.0
5347.7			1.0
5348.6			1.0
5349.5			1.0
5350.4			1.0
5351.3			1.0
5352.2			1.0
5353.1			1.0
5354.0			1.0
5354.9			1.0
5355.8			1.0
5356.7			1.0
5357.6			1.0
5358.5			1.0
5359.4			1.0
5360.3			1.0
5361.2			1.0
5362.1			0.9944890722860827
5363.0			0.9973443520170537
5363.9			0.9778719119771616
5364.8			0.9621368921398397
5365.7			0.9676464305686819
5366.6			0.9724566290943556
5367.5			0.9833035790022224
5368.4			0.9723917662156721
5369.3			0.9283682362263923
5370.2			0.8831782265127792
5371.1			0.8735573608546883
5372.0			0.9221965008766854
5372.9			1.008588112698882
5373.8			1.04752687673789
5374.7			1.0489295574869606
5375.6			1.0467404821740778
5376.5			1.0313024371790593
5377.4			1.0402226606444727
5378.3			1.03766374030959
5379.2			1.0242102758028875
5380.1			0.9999177274300777
5381.0			1.0
5381.9			1.0127953841147133
5382.8			1.0136377398316314
5383.7			1.0108602631651122
5384.6			1.0289489284071198
5385.5			1.052416745473778
5386.4			1.0701311303028884
5387.3			1.060604555039521
5388.2			1.0318423243265693
5389.1			1.0121174228889023
5390.0			0.9982263170863296
5390.9			0.987120940538609
5391.8			0.9822945665376507
5392.7			0.9696295162378543
5393.6			0.961990049365584
5394.5			0.9673314207343388
5395.4			0.9577532313020745
5396.3			0.9255759344326053
5397.2			0.9014220349881774
5398.1			0.9585554161742063
5399.0			1.020931670640551
5399.9			1.0201351723504837
5400.8			1.0137170782288853
5401.7			1.0192830722369433
5402.6			1.013836238687237
5403.5			0.9627077264667712
5404.4			0.9078076253845463
5405.3			0.8800002536444976
5406.2			0.8991046024561203
5407.1			0.9612590113248514
5408.0			0.9959452200949039
5408.9			0.9603656172875978
5409.8			0.9240991623485383
5410.7			0.9564559867742893
5411.6			1.0237992149639825
5412.5			1.0738351318700723
5413.4			1.0677927290079456
5414.3			1.0488963180091153
5415.2			1.0515907845033328
5416.1			1.0682389511385026
5417.0			1.0785941749799637
5417.9			1.0655643309549419
5418.8			1.0445201142189433
5419.7			1.0
5420.6			0.9880311791479798
5421.5			0.9972788918398586
5422.4			1.0112954126182485
5423.3			0.980724530461788
5424.2			0.9407820887664254
5425.1			0.959309959116483
5426.0			1.0104609495441828
5426.9			1.0405104234308813
5427.8			1.0108210353351121
5428.7			0.9249314990962535
5429.6			0.8814951527841768
5430.5			0.9204591027484619
5431.4			0.9529066380292252
5432.3			0.9369236678631224
5433.2			0.9124175558084929
5434.1			0.8896205203081684
5435.0			0.8775536670526939
5435.9			0.8872325321767336
5436.8			0.9214615322209098
5437.7			0.968362062082854
5438.6			0.999936771109639
5439.5			1.0
5440.4			1.0
5441.3			1.0
5442.2			1.0046820225025173
5443.1			1.007519672726227
5444.0			0.982356474095522
5444.9			0.9383499508622041
5445.8			0.8914753804442798
5446.7			0.8602420294089729
5447.6			0.9146915413683638
5448.5			0.9732736786366659
5449.4			0.9908902561095478
5450.3			0.9982734135835698
5451.2			1.0012835142411725
5452.1			1.0
5453.0			1.0
5453.9			1.0
5454.8			1.0
5455.7			1.0
5456.6			1.0
5457.5			1.0
5458.4			1.0
5459.3			1.0
5460.2			1.0
5461.1			1.0
5462.0			1.0
5462.9			0.9903139324046423
5463.8			1.0277988278423484
5464.7			1.056340328117028
5465.6			1.0490140000719532
5466.5			1.0435396086203501
5467.4			1.059246064201528
5468.3			1.0777403289832455
5469.2			1.0685745401543132
5470.1			1.045947607101509
5471.0			1.0334637021728856
5471.9			1.0250180746738622
5472.8			0.991527931232748
5473.7			0.9861902153943217
5474.6			1.001036734098648
5475.5			0.9706979762560861
5476.4			0.9133755935000574
5477.3			0.9324607663318383
5478.2			1.0091354637892662
5479.1			1.0440585007058578
5480.0			1.0115084057068517
5480.9			0.9562400078691744
5481.8			0.9383736365783375
5482.7			0.97352705748292
5483.6			1.015082842344195
5484.5			1.0540543960743123
5485.4			1.0637562424581732
5486.3			1.0235485946699951
5487.2			0.9853660668741449
5488.1			0.9832517940879958
5489.0			1.0002476877688842
5489.9			1.0007649116335868
5490.8			1.0
5491.7			1.0
5492.6			1.0
5493.5			1.0
5494.4			1.0
5495.3			1.0
5496.2			1.0
5497.1			0.9705762352203346
5498.0			0.9892444157150586
5498.9			1.0365833061803438
5499.8			1.0451551070060667
5500.7			1.008152034407973
5501.6			0.9774850221826289
5502.5			0.9893276933526151
5503.4			0.9991133537934221
5504.3			0.9948661644368696
5505.2			0.9770303577590101
5506.1			0.945209112991617
5507.0			0.9486779583460391
5507.9			0.9900319855607237
5508.8			1.0109607103602547
5509.7			1.007422393968524
5510.6			1.0018134961361116
5511.5			0.9708176412284099
5512.4			1.0
5513.3			0.9932717900323161
5514.2			1.0147560719147244
5515.1			1.0406928013831183
5516.0			1.0560160071930007
5516.9			1.0664234119073766
5517.8			1.0956238626124275
5518.7			1.1125826783484172
5519.6			1.1033111367905073
5520.5			1.0824383109159894
5521.4			1.0766277131073156
5522.3			1.088140377754547
5523.2			1.0811045992396604
5524.1			1.0600856412973305
5525.0			1.0296425885024507
5525.9			1.0076372410183092
5526.8			0.9836992988700028
5527.7			0.9506368752408746
5528.6			0.9575247848071297
5529.5			1.0054302407224027
5530.4			1.030390544921548
5531.3			1.0220066652078006
5532.2			1.00552538947958
5533.1			0.9953947143285897
5534.0			0.9866847625174304
5534.9			0.9810497574234042
5535.8			0.9926670036917195
5536.7			1.0049773504470276
5537.6			0.9983726527836931
5538.5			0.9929306000505524
5539.4			1.0112223579287833
5540.3			1.036162836222838
5541.2			1.032439381185882
5542.1			1.0011564353486766
5543.0			1.0
5543.9			1.0
5544.8			1.0
5545.7			1.0
5546.6			1.0
5547.5			1.0
5548.4			1.0
5549.3			1.0
5550.200000000001			1.0
5551.1			1.0
5552.0			1.0
5552.9			1.0
5553.8			1.0
5554.700000000001			1.0277030904937432
5555.6			1.0672356331554418
5556.5			1.0617212513774283
5557.4			1.0434450317535893
5558.3			1.0493743154532653
5559.200000000001			1.0607336085111183
5560.1			1.0600578300249064
5561.0			1.0433330047611433
5561.9			1.0170551646656756
5562.8			0.9968686887023517
5563.700000000001			0.9928196250157107
5564.6			0.9815873196318124
5565.5			0.9544899453186306
5566.4			0.9462579266530442
5567.3			0.9699987356365716
5568.200000000001			0.9953639053230766
5569.1			0.996081606452271
5570.0			0.9927770453275515
5570.9			0.9992211649138566
5571.8			0.9921033056496059
5572.700000000001			0.9776837610106742
5573.6			0.995229692137877
5574.5			1.0143722623613107
5575.4			0.9992783517939472
5576.3			1.0
5577.200000000001			1.0162419995873404
5578.1			1.018987001761051
5579.0			1.0339424175498686
5579.9			1.0503624931195652
5580.8			1.0456372071776276
5581.700000000001			1.0373656604247232
5582.6			1.0404421562429327
5583.5			1.0362138410807138
5584.4			1.0244263351479663
5585.3			1.0114383042919355
5586.200000000001			0.9752922594778698
5587.1			0.9306669652926749
5588.0			0.917326116689163
5588.9			0.92492795968513
5589.8			0.9344594498241461
5590.700000000001			0.9546432945040915
5591.6			0.9764012681769307
5592.5			0.9969727692987468
5593.4			1.011117961798654
5594.3			1.0001616937065483
5595.200000000001			1.022803722529956
5596.1			1.0709610863855024
5597.0			1.0723321709076044
5597.9			1.0239693739745803
5598.8			1.0007510380771247
5599.700000000001			1.0
5600.6			1.0
5601.5			1.0
5602.4			1.0
5603.3			1.0
5604.200000000001			1.0
5605.1			1.0
5606.0			1.0
5606.9			1.0
5607.8			1.0
5608.700000000001			1.0
5609.6			1.0
5610.5			1.0
5611.4			1.0
5612.3			1.0159448024899485
5613.200000000001			1.0035216955796413
5614.1			0.9418899587565256
5615.0			0.8715252190252346
5615.9			0.8768759556060416
5616.8			0.9583253571920797
5617.700000000001			0.999556231291752
5618.6			1.0
5619.5			0.9698348469606365
5620.4			0.9782127238373904
5621.3			1.0091244088359592
5622.200000000001			1.0044870035313103
5623.1			0.9611640915742132
5624.0			0.9039343845878546
5624.9			0.8831937638586665
5625.8			0.9135776883797571
5626.700000000001			0.952453126939495
5627.6			0.957377478644656
5628.5			0.9556728848653518
5629.4			0.9659914869342155
5630.3			1.0004540854660915
5631.200000000001			1.0
5632.1			1.0
5633.0			1.0
5633.9			1.0
5634.8			1.0
5635.700000000001			1.0
5636.6			1.0
5637.5			1.0
5638.4			1.0
5639.3			1.0
5640.200000000001			1.0
5641.1			1.0
5642.0			1.0
5642.9			1.0
5643.8			1.0
5644.700000000001			1.0
5645.6			1.0
5646.5			1.0
5647.4			1.0
5648.3			1.0
5649.200000000001			1.0
5650.1			1.0021637282742348
5651.0			1.028726323427418
5651.9			1.0463285519564722
5652.8			1.043416085376839
5653.700000000001			1.0305045030576696
5654.6			1.0265689140988585
5655.5			1.0208929880941855
5656.4			0.9869734582061807
5657.3			0.919770962393655
5658.200000000001			0.8711639066637299
5659.1			0.88925081711239
5660.0			0.9505641025221866
5660.9			0.9799896019269075
5661.8			0.9613375554231804
5662.700000000001			0.9480415940766093
5663.6			0.9618766560094205
5664.5			0.9959517345494416
5665.4			1.022448127545462
5666.3			0.9998614680661815
5667.200000000001			1.0
5668.1			1.0
5669.0			1.0
5669.9			1.0
5670.8			1.0
5671.700000000001			1.0
5672.6			1.0
5673.5			1.0
5674.4			1.0
5675.3			1.0
5676.200000000001			1.0
5677.1			1.0
5678.0			1.0
5678.9			1.0
5679.8			1.0
5680.700000000001			1.0
5681.6			1.0
5682.5			1.0
5683.4			1.0
5684.3			1.0
5685.200000000001			1.0
5686.1			1.0
5687.0			1.0
5687.9			1.0
5688.8			1.0
5689.700000000001			1.0
5690.6			1.0
5691.5			1.0
5692.4			1.01207107290638
5693.3			0.9967167973947836
5694.200000000001			0.9950685586349621
5695.1			1.0041485206255245
5696.0			1.0111482311834261
5696.9			0.9992383669519393
5697.8			0.9654298534720804
5698.700000000001			0.9372973407040311
5699.6			0.9345637494267321
5700.5			0.9215438898417807
5701.4			0.9123094231026534
5702.3			0.9265343063115001
5703.200000000001			0.9377927292847029
5704.1			0.9536088846515453
5705.0			0.9460512900279943
5705.9			0.913233395142543
5706.8			0.911863057672635
5707.700000000001			0.9104642478896702
5708.6			0.8779853080211139
5709.5			0.8573389370846561
5710.4			0.8732966271559326
5711.3			0.8960239727835807
5712.200000000001			0.9395960059623557
5713.1			0.9818553085351662
5714.0			0.9947517992891065
5714.9			1.0021265401543908
5715.8			1.0113102391126376
5716.700000000001			1.013860539757831
5717.6			1.0031004246869712
5718.5			1.008509531817407
5719.4			1.0193514056211594
5720.3			1.0361962029915268
5721.200000000001			1.0714381893956897
5722.1			1.0933614776277865
5723.0			1.0825492811451656
5723.9			1.0781830875699672
5724.8			1.0594495688454952
5725.700000000001			1.0288384945050388
5726.6			0.99894581543974
5727.5			1.0
5728.4			1.0
5729.3			1.0
5730.200000000001			1.0
5731.1			1.0
5732.0			1.0
5732.9			1.0
5733.8			1.0
5734.700000000001			1.0
5735.6			1.0
5736.5			1.0
5737.4			1.0
5738.3			1.0
5739.200000000001			1.0
5740.1			1.0
5741.0			1.0
5741.9			1.0
5742.8			1.0
5743.700000000001			1.0
5744.6			1.0
5745.5			1.0
5746.4			1.0
5747.3			1.0
5748.200000000001			0.9879867253201268
5749.1			1.0032931277121855
5750.0			1.0214311135100047
5750.9			1.0288746475185473
5751.8			1.0009766173877552
5752.700000000001			0.9530299678541071
5753.6			0.9150402233408987
5754.5			0.9139389620475682
5755.4			0.9513684978386421
5756.3			0.984927430575594
5757.200000000001			1.0
5758.1			1.005107920089944
5759.0			0.9942157784237583
5759.9			0.9733641538029602
5760.8			0.953379306244917
5761.700000000001			0.9327926886888301
5762.6			0.9038971770639224
5763.5			0.9198789224215954
5764.4			0.9633677689314383
5765.3			0.9817047411827751
5766.200000000001			0.9913497700292923
5767.1			0.9983971373677375
5768.0			1.0
5768.9			1.0
5769.8			1.0
5770.700000000001			1.0
5771.6			0.9937891499070511
5772.5			0.9915096849512569
5773.4			0.9939594648098551
5774.3			0.9942226781580553
5775.200000000001			0.9984287235015369
5776.1			1.006523432984478
5777.0			1.0194680226455426
5777.9			1.0154500278501544
5778.8			0.989281712582995
5779.700000000001			0.9371346789343726
5780.6			0.8806226885085642
5781.5			0.8747813000712606
5782.4			0.9288890221502165
5783.3			0.9669535208855137
5784.200000000001			0.9490275881679548
5785.1			0.9263650732877022
5786.0			0.9406919841745162
5786.9			0.9923720601298839
5787.8			1.0331713872760895
5788.700000000001			1.043477237065622
5789.6			1.0349256215317855
5790.5			1.0129069523118155
5791.4			1.0021084868929286
5792.3			1.0
5793.200000000001			1.0
5794.1			1.0
5795.0			1.0
5795.9			1.0
5796.8			1.0
5797.700000000001			1.0
5798.6			1.0
5799.5			1.0
5800.4			1.0
5801.3			1.0
5802.200000000001			1.0
5803.1			1.0
5804.0			1.0
5804.9			1.0
5805.8			1.0
5806.700000000001			1.0
5807.6			1.0
5808.5			1.0
5809.4			1.0
5810.3			1.0
5811.200000000001			1.0
5812.1			1.0
5813.0			1.0
5813.9			1.0
5814.8			1.0
5815.700000000001			1.0
5816.6			1.0
5817.5			1.0
5818.4			1.0
5819.3			1.0
5820.200000000001			1.0
5821.1			1.0
5822.0			1.0
5822.9			1.0
5823.8			1.0
5824.700000000001			1.0
5825.6			1.0
5826.5			1.0
5827.4			1.0
5828.3			1.0
5829.200000000001			1.0
5830.1			1.0
5831.0			1.0
5831.9			1.0
5832.8			1.0
5833.700000000001			1.0
5834.6			1.0
5835.5			1.0
5836.4			1.0
5837.3			1.0
5838.200000000001			1.0
5839.1			1.0
5840.0			1.0
5840.9			1.0
5841.8			1.0
5842.700000000001			1.0
5843.6			1.0
5844.5			1.0
5845.4			1.0
5846.3			1.0
5847.200000000001			1.0
5848.1			1.0122439845527025
5849.0			1.0384190554924992
5849.9			1.0432143047725504
5850.8			1.0254158197156165
5851.700000000001			0.9936635024371658
5852.6			0.9691152728312061
5853.5			0.9686501892918196
5854.4			0.989281008619236
5855.3			1.0057665945468193
5856.200000000001			0.9779153800319081
5857.1			0.92972769541671
5858.0			0.9371587027040623
5858.9			0.9804155689833025
5859.8			1.0098881328923763
5860.700000000001			1.0270732743821414
5861.6			1.0232513410318564
5862.5			1.0068085007591465
5863.4			0.993976189494792
5864.3			1.0054943720046572
5865.200000000001			1.0186513319411374
5866.1			0.9998562719720955
5867.0			1.0
5867.9			1.0
5868.8			1.0
5869.700000000001			1.0
5870.6			1.0
5871.5			1.0
5872.4			1.0
5873.3			1.0
5874.200000000001			1.0
5875.1			1.0
5876.0			1.0
5876.9			1.0
5877.8			1.0
5878.700000000001			1.0
5879.6			1.0
5880.5			1.0
5881.4			1.0
5882.3			1.0
5883.200000000001			1.0
5884.1			1.0
5885.0			1.0
5885.9			1.036202364639113
5886.8			1.0743462271649873
5887.700000000001			1.0551567803891544
5888.6			0.9152297034649455
5889.5			0.7296787076632473
5890.4			0.7131112193258748
5891.3			0.8957824303328988
5892.200000000001			1.0524307932762673
5893.1			1.1224600275424232
5894.0			1.131434172607383
5894.9			1.0173629781387716
5895.8			1.0
5896.700000000001			1.0
5897.6			1.0
5898.5			1.0
5899.4			1.0
5900.3			1.0
5901.200000000001			1.0
5902.1			1.0
5903.0			1.0
5903.9			1.0
5904.8			1.0
5905.700000000001			1.0
5906.6			1.0
5907.5			1.0
5908.4			1.0
5909.3			1.0
5910.200000000001			1.0
5911.1			1.0
5912.0			1.0
5912.9			1.0
5913.8			1.0
5914.700000000001			1.0
5915.6			1.0
5916.5			1.0
5917.4			1.0
5918.3			1.0
5919.200000000001			1.0
5920.1			1.0
5921.0			1.0
5921.9			1.0
5922.8			1.0
5923.700000000001			1.0
5924.6			1.0
5925.5			1.0
5926.4			1.0
5927.3			1.0
5928.200000000001			1.0
5929.1			1.0
5930.0			1.0
5930.9			1.0
5931.8			1.0
5932.700000000001			1.0
5933.6			1.0
5934.5			1.0
5935.4			1.0
5936.3			1.0
5937.200000000001			1.0
5938.1			1.0
5939.0			1.0
5939.9			1.0
5940.8			1.0
5941.700000000001			1.0
5942.6			1.0
5943.5			1.0
5944.4			1.0
5945.3			1.0194583048778394
5946.200000000001			1.0183429734284308
5947.1			0.9806830763475348
5948.0			0.9445713609704481
5948.9			0.9419135686406368
5949.8			0.9663789902367643
5950.700000000001			0.9864537709592761
5951.6			0.9666938866134054
5952.5			0.933561550643779
5953.4			0.9385568746559391
5954.3			0.9685603106464195
5955.200000000001			0.9758442376379884
5956.1			0.9461369454063869
5957.0			0.9246032928802697
5957.9			0.9393339849939418
5958.8			0.9703066792209801
5959.700000000001			0.9943589369542545
5960.6			1.0102527375446393
5961.5			1.0130000039516671
5962.4			1.0047243396402492
5963.3			0.9980548586751955
5964.200000000001			0.9853335862318198
5965.1			0.9614444787832567
5966.0			0.9480986692400509
5966.9			0.9670883770819353
5967.8			0.9949195483229679
5968.700000000001			1.0000666501456927
5969.6			1.0
5970.5			1.0
5971.4			1.0
5972.3			1.0
5973.200000000001			1.0
5974.1			1.0
5975.0			1.0
5975.9			1.0
5976.8			1.0
5977.700000000001			1.0
5978.6			1.0
5979.5			1.0
5980.4			1.0
5981.3			1.0
5982.200000000001			1.0
5983.1			1.0
5984.0			1.0
5984.9			1.0
5985.8			1.0
5986.700000000001			1.0
5987.6			1.0
5988.5			1.0
5989.4			1.0
5990.3			1.0
5991.200000000001			1.0
5992.1			1.0
5993.0			1.0
5993.9			1.0132767278847126
5994.8			1.0271707374233716
5995.700000000001			1.0221161831228616
5996.6			0.9942008967806406
5997.5			0.9709300094772016
5998.4			0.9745545021758086
5999.3			0.9893892802051261
6000.200000000001			1.000001282130253
6001.1			1.0055832093031511
6002.0			0.9888441349555924
6002.9			0.9653617283794925
6003.8			0.9684750407802208
6004.700000000001			0.977381429204483
6005.6			0.9743334480418604
6006.5			0.9707032305967841
6007.4			0.9623523107000105
6008.3			0.9648526599027296
6009.200000000001			0.9970673052957463
6010.1			1.039473348939854
6011.0			1.0588190529088974
6011.9			1.034544536402701
6012.8			0.9921558885960102
6013.700000000001			0.9854670368418056
6014.6			1.011373023456085
6015.5			1.007682084878508
6016.4			0.9877030067301654
6017.3			1.0049178774373617
6018.200000000001			1.0216207576699052
6019.1			1.0078280626468148
6020.0			0.9888802711685182
6020.9			0.9992507699931688
6021.8			1.0
6022.700000000001			1.0
6023.6			1.0
6024.5			1.0
6025.4			1.0
6026.3			1.0
6027.200000000001			1.0
6028.1			1.0
6029.0			1.0
6029.9			1.0
6030.8			1.0
6031.700000000001			1.0
6032.6			1.0
6033.5			1.0
6034.4			1.0
6035.3			1.0
6036.200000000001			1.0
6037.1			1.0
6038.0			1.0
6038.9			1.0
6039.8			1.0
6040.700000000001			1.0
6041.6			1.0
6042.5			1.0
6043.4			1.0
6044.3			1.0
6045.200000000001			1.0
6046.1			1.0
6047.0			1.0
6047.9			1.0
6048.8			1.0
6049.700000000001			1.0
6050.6			1.0
6051.5			1.0
6052.4			1.0
6053.3			1.0
6054.200000000001			1.0
6055.1			1.0
6056.0			1.0
6056.9			1.0044619659410825
6057.8			1.0070774166194036
6058.700000000001			0.9968051596873914
6059.6			0.9938939736731414
6060.5			0.992766967275605
6061.4			0.9853855374481884
6062.3			0.9812811686761909
6063.200000000001			0.9738461360176621
6064.1			0.9392078259818226
6065.0			0.9053434612271372
6065.9			0.9260747626668612
6066.8			0.9718699326991121
6067.700000000001			0.991726507417408
6068.6			0.9964100336495353
6069.5			0.9958868343924465
6070.4			0.9908160784534066
6071.3			0.9871247259053818
6072.200000000001			0.9907978885104229
6073.1			1.0003065119852408
6074.0			1.0
6074.9			1.0
6075.8			1.0
6076.700000000001			1.0
6077.6			1.0
6078.5			1.0
6079.4			1.0
6080.3			1.0
6081.200000000001			1.0
6082.1			1.0
6083.0			1.0
6083.9			1.0
6084.8			1.0
6085.700000000001			1.0
6086.6			1.0
6087.5			1.0
6088.4			1.0
6089.3			1.0
6090.200000000001			1.0
6091.1			1.0
6092.0			1.0
6092.9			1.0
6093.8			1.0
6094.700000000001			1.0
6095.6			1.0
6096.5			1.0
6097.4			1.0
6098.3			1.0
6099.200000000001			1.0093303619022693
6100.1			1.0080487252781634
6101.0			0.9711333613762434
6101.9			0.9142577891116568
6102.8			0.9003648034180786
6103.700000000001			0.9542445182765192
6104.6			1.0068075969757493
6105.5			1.022550043762648
6106.4			1.0009951389102616
6107.3			1.0
6108.200000000001			1.0
6109.1			1.0
6110.0			1.0
6110.9			1.0
6111.8			1.0
6112.700000000001			1.0
6113.6			1.0
6114.5			1.0
6115.4			1.0
6116.3			1.0
6117.200000000001			1.0
6118.1			1.0
6119.0			1.0
6119.9			1.0
6120.8			1.0
6121.700000000001			1.0
6122.6			1.0
6123.5			1.0
6124.4			1.0
6125.3			1.0
6126.200000000001			1.0
6127.1			1.0
6128.0			1.0
6128.9			1.0
6129.8			1.0
6130.700000000001			1.0
6131.6			1.0
6132.5			1.00913982394294
6133.4			1.0119448219738048
6134.3			0.9958893040271675
6135.200000000001			0.9419702107898287
6136.1			0.8668821052682978
6137.0			0.8487408529451544
6137.9			0.9182893752719076
6138.8			1.0111279535587334
6139.700000000001			1.0541342004808323
6140.6			1.0287077813292158
6141.5			1.0031688324781194
6142.4			1.0
6143.3			1.0
6144.200000000001			1.0
6145.1			1.0
6146.0			1.0
6146.9			1.0
6147.8			1.0
6148.700000000001			1.0
6149.6			1.0
6150.5			1.0
6151.4			1.0001738221993004
6152.3			1.0269218146091743
6153.200000000001			1.0454486180036127
6154.1			1.0403696572891417
6155.0			1.0435171646831995
6155.9			1.0538897529462075
6156.8			1.050937893745075
6157.700000000001			1.0483461560852232
6158.6			1.0410311334005717
6159.5			1.0159164866911592
6160.4			0.9682974287790085
6161.3			0.9140019458386017
6162.200000000001			0.8922489021324586
6163.1			0.9245675293801466
6164.0			0.9766297560941484
6164.9			1.000556433433016
6165.8			0.997429418136119
6166.700000000001			1.0141597351393896
6167.6			1.0136120992742952
6168.5			0.9595977054845093
6169.4			0.930449659856242
6170.3			0.9665251232051918
6171.200000000001			1.0180783377356935
6172.1			1.0258190624732995
6173.0			0.9997729776617669
6173.9			1.0
6174.8			1.0
6175.700000000001			1.0
6176.6			1.0
6177.5			1.0
6178.4			1.0
6179.3			1.0
6180.200000000001			1.0
6181.1			1.0
6182.0			1.0
6182.9			1.0
6183.8			1.0
6184.700000000001			1.0
6185.6			0.9817992849088819
6186.5			0.9682058383395928
6187.4			0.9652911761662264
6188.3			0.958205180762963
6189.200000000001			0.9394848930377918
6190.1			0.8967796387417646
6191.0			0.8566790699182649
6191.9			0.8897907216845533
6192.8			0.9660895120048631
6193.700000000001			1.0021944834921799
6194.6			1.001570198926848
6195.5			0.9985801665823621
6196.4			1.00119509701204
6197.3			1.0
6198.200000000001			1.0
6199.1			1.0
6200.0			1.0
6200.9			1.0
6201.8			1.0
6202.700000000001			1.0
6203.6			1.0
6204.5			1.0
6205.4			1.0
6206.3			1.0
6207.200000000001			1.0
6208.1			1.0
6209.0			1.0
6209.9			0.9942299130262744
6210.8			0.9968097820379337
6211.700000000001			0.9925849456174286
6212.6			0.9659672429031128
6213.5			0.9383927764359629
6214.4			0.9309066778375623
6215.3			0.9446418858924223
6216.200000000001			0.9800395768635024
6217.1			1.0240576926751959
6218.0			1.0323246374971544
6218.9			0.9975714476827504
6219.8			1.0
6220.700000000001			1.0
6221.6			1.0
6222.5			1.0
6223.4			1.0
6224.3			1.0
6225.200000000001			0.9940741927308152
6226.1			0.9831660307716626
6227.0			0.9740653497147659
6227.9			0.9692811054139172
6228.8			0.9519250276467006
6229.700000000001			0.9186562587935555
6230.6			0.9038317358936041
6231.5			0.9147492294162232
6232.4			0.9312877331274384
6233.3			0.9647903808913071
6234.200000000001			1.0012682372728585
6235.1			1.0
6236.0			0.9966553717897146
6236.9			1.0003009880951377
6237.8			0.9994651761782897
6238.700000000001			0.9834998896060619
6239.6			0.9534447592630932
6240.5			0.9398643675086928
6241.4			0.9371084137641067
6242.3			0.9201240567803558
6243.200000000001			0.9095900664153118
6244.1			0.924321234914557
6245.0			0.9364019506210376
6245.9			1.0
6246.8			1.0266295301276978
6247.700000000001			1.0499836594702507
6248.6			1.0607446655714674
6249.5			1.0605264397625933
6250.4			1.0358568431953288
6251.3			0.9847506441195356
6252.200000000001			0.9487160624127601
6253.1			0.9598685615930647
6254.0			0.9885552291670956
6254.9			0.9845232615374017
6255.8			0.9417174132329439
6256.700000000001			0.9041592517816717
6257.6			0.8893274294587076
6258.5			0.9031635529778131
6259.4			0.9491320896132474
6260.3			0.9767058143661207
6261.200000000001			0.9894484307042499
6262.1			1.0223818870674253
6263.0			1.0403208511370001
6263.9			1.0109064577984808
6264.8			0.9742929335452595
6265.700000000001			0.978821321741211
6266.6			1.0011816816793593
6267.5			1.0057927101250623
6268.4			1.0005918879084101
6269.3			1.0
6270.200000000001			1.0
6271.1			1.0
6272.0			1.0
6272.9			1.0
6273.8			1.0
6274.700000000001			0.9967643541360645
6275.6			1.0112420040781218
6276.5			1.0202911208408594
6277.4			1.0112989473543708
6278.3			0.9964798698260469
6279.200000000001			0.9750434919255103
6280.1			0.9393982279963493
6281.0			0.91308749718955
6281.9			0.9083613079355485
6282.8			0.9139893639761688
6283.700000000001			0.9323275030776106
6284.6			0.9402049374372061
6285.5			0.9454900145973933
6286.4			0.9721486683829247
6287.3			0.9956850352977241
6288.200000000001			1.0017964515683198
6289.1			1.0003970090392444
6290.0			1.0
6290.9			1.0
6291.8			1.0
6292.700000000001			1.0
6293.6			1.0142510627538104
6294.5			1.0202218232852076
6295.4			0.98811594697035
6296.3			0.9480899412680962
6297.200000000001			0.9382317016811983
6298.1			0.9577442839898777
6299.0			0.9710376142727697
6299.9			0.9622288181333041
6300.8			0.9358552569808061
6301.700000000001			0.9230153907549921
6302.6			0.94913524687284
6303.5			0.9973921432831434
6304.4			1.02326581916843
6305.3			1.0191044696109628
6306.200000000001			1.0214421388297155
6307.1			1.0237490513185876
6308.0			1.0147610150647823
6308.9			1.0073037764140067
6309.8			1.000078092983699
6310.700000000001			1.0
6311.6			1.0
6312.5			1.0
6313.4			1.0
6314.3			1.0
6315.200000000001			1.0
6316.1			1.0
6317.0			1.0
6317.9			1.0
6318.8			1.0
6319.700000000001			1.0
6320.6			1.0
6321.5			1.0
6322.4			1.0
6323.3			1.0
6324.200000000001			1.0
6325.1			1.0
6326.0			1.0
6326.9			1.0
6327.8			1.0
6328.700000000001			1.0
6329.6			1.0
6330.5			1.0032772064271742
6331.4			1.0286598787241454
6332.3			1.044792884359025
6333.200000000001			1.0406566386563025
6334.1			0.9997979940023235
6335.0			0.9409423578273373
6335.9			0.9110945071661489
6336.8			0.927511836589322
6337.700000000001			0.95510549485254
6338.6			0.9673367533955597
6339.5			0.9843747040600658
6340.4			1.0033555185761094
6341.3			1.000471337361845
6342.200000000001			1.0
6343.1			1.0
6344.0			1.0
6344.9			1.0
6345.8			1.0
6346.700000000001			1.0
6347.6			1.0
6348.5			1.0
6349.4			1.0
6350.3			1.0
6351.200000000001			1.0
6352.1			1.0
6353.0			1.0
6353.9			1.0
6354.8			1.0
6355.700000000001			1.0
6356.6			1.0
6357.5			1.0
6358.4			1.0
6359.3			1.0
6360.200000000001			1.0
6361.1			1.0
6362.0			1.0
6362.9			1.0
6363.8			1.0
6364.700000000001			1.0
6365.6			1.0
6366.5			1.0
6367.4			1.0
6368.3			1.0
6369.200000000001			1.0
6370.1			1.0
6371.0			1.0
6371.9			1.0
6372.8			1.0
6373.700000000001			1.0
6374.6			1.0
6375.5			1.0
6376.4			1.0
6377.3			1.0
6378.200000000001			1.0
6379.1			1.0
6380.0			1.0
6380.9			1.0
6381.8			1.0
6382.700000000001			1.0
6383.6			1.0
6384.5			1.0
6385.4			1.0
6386.3			1.0
6387.200000000001			1.0
6388.1			1.0
6389.0			1.0
6389.9			1.0
6390.8			1.0
6391.700000000001			1.0
6392.6			1.0
6393.5			1.0
6394.4			1.0
6395.3			1.0
6396.200000000001			1.004283317133667
6397.1			0.9923229352588808
6398.0			0.9715867226471656
6398.9			0.9194631119017851
6399.8			0.8831456784790669
6400.700000000001			0.9105442870969997
6401.6			0.9664236126397866
6402.5			1.0027724394209085
6403.4			1.0030776877423242
6404.3			1.0
6405.200000000001			1.0
6406.1			1.0
6407.0			1.0
6407.9			1.0
6408.8			1.0
6409.700000000001			1.0
6410.6			1.0
6411.5			1.0
6412.4			1.0
6413.3			1.0
6414.200000000001			1.0
6415.1			1.0
6416.0			1.0
6416.9			1.0
6417.8			1.0
6418.700000000001			1.0
6419.6			1.0
6420.5			1.0
6421.4			1.0
6422.3			1.0
6423.200000000001			1.0
6424.1			1.0
6425.0			1.0
6425.9			1.0
6426.8			1.0039482956248993
6427.700000000001			1.0038495864963837
6428.6			0.9930066345585109
6429.5			0.9559269595652006
6430.4			0.9155481643121512
6431.3			0.9243510392001584
6432.200000000001			0.9691637292013987
6433.1			0.9979347475351716
6434.0			1.000211291950494
6434.9			1.0
6435.8			1.0
6436.700000000001			1.0
6437.6			1.0
6438.5			1.0
6439.4			1.0
6440.3			1.0282797132327708
6441.200000000001			1.0429958978800151
6442.1			1.0484229095931616
6443.0			1.0510900940081416
6443.9			1.0335116897789745
6444.8			1.0228085820385735
6445.700000000001			1.0354882705073858
6446.6			1.0411932180266241
6447.5			1.0208178009538913
6448.4			0.9642644226381467
6449.3			0.9002955608614961
6450.200000000001			0.9044588926433761
6451.1			0.9524572443199273
6452.0			0.9788561571197152
6452.9			0.9848953713716845
6453.8			0.9776907750338982
6454.700000000001			0.9568626695143425
6455.6			0.9473931643337984
6456.5			0.9523106986439823
6457.4			0.9733440796472873
6458.3			1.0
6459.200000000001			1.0108849126824788
6460.1			1.0011250811277839
6461.0			0.9651896782587314
6461.9			0.9033241758362981
6462.8			0.8882406681498126
6463.700000000001			0.9289106904249456
6464.6			0.9681133319346881
6465.5			0.9925878676704252
6466.4			1.0008099341380403
6467.3			1.0
6468.200000000001			1.0
6469.1			1.0
6470.0			1.0
6470.9			1.0
6471.8			1.0
6472.700000000001			1.0
6473.6			1.0
6474.5			1.0
6475.4			1.0
6476.3			1.0
6477.200000000001			1.0
6478.1			1.0
6479.0			1.0
6479.9			1.0
6480.8			1.0
6481.700000000001			1.0
6482.6			1.0
6483.5			1.0
6484.4			1.0
6485.3			1.013052198671243
6486.200000000001			1.0134198978189568
6487.1			1.025829002833209
6488.0			1.0411640271841516
6488.9			1.0332165543354472
6489.8			1.0133900905118036
6490.700000000001			0.9876979050647164
6491.6			0.9684175907644229
6492.5			0.9335501421701072
6493.4			0.867785356454722
6494.3			0.8219791201708456
6495.200000000001			0.8249561280112676
6496.1			0.8580894368014622
6497.0			0.8911180342489997
6497.9			0.8935221630467265
6498.8			0.8833098550622636
6499.700000000001			0.9121020354824777
6500.6			0.9500110461909123
6501.5			0.976575802042615
6502.4			0.99758560766478
6503.3			0.9978446415039265
6504.200000000001			1.0
6505.1			1.0
6506.0			1.0
6506.9			1.0
6507.8			1.0
6508.700000000001			1.0
6509.6			1.0
6510.5			1.0
6511.4			1.0
6512.3			1.0
6513.200000000001			1.0
6514.1			1.0
6515.0			1.0
6515.9			1.0
6516.8			1.0
6517.700000000001			1.0
6518.6			1.0
6519.5			1.0
6520.4			1.0
6521.3			1.0
6522.200000000001			1.0
6523.1			1.0
6524.0			1.0
6524.9			1.0
6525.8			1.0
6526.700000000001			1.0
6527.6			1.0
6528.5			1.0
6529.4			1.0
6530.3			1.0
6531.200000000001			1.0
6532.1			1.0
6533.0			1.0
6533.9			1.0
6534.8			1.0
6535.700000000001			1.0
6536.6			1.0
6537.5			1.0
6538.4			1.0
6539.3			1.0
6540.200000000001			1.0
6541.1			1.0
6542.0			1.0
6542.9			1.0
6543.8			1.0
6544.700000000001			1.0
6545.6			1.0
6546.5			1.0
6547.4			1.0
6548.3			1.0
6549.200000000001			1.0
6550.1			1.0
6551.0			1.0
6551.9			1.0
6552.8			1.0
6553.700000000001			1.0
6554.6			1.0
6555.5			1.0
6556.4			1.0
6557.3			1.0
6558.200000000001			1.0
6559.1			0.9852388249766757
6560.0			0.952150178121132
6560.9			0.8527751769970268
6561.8			0.6843334072134782
6562.700000000001			0.6135538848764973
6563.6			0.7375963085937904
6564.5			0.9076172639564458
6565.4			0.9878866514633822
6566.3			1.001298430233799
6567.200000000001			1.0
6568.1			1.0
6569.0			1.0
6569.9			1.0
6570.8			1.0
6571.700000000001			1.0
6572.6			1.0
6573.5			1.0
6574.4			1.0
6575.3			1.0
6576.200000000001			1.0
6577.1			1.0
6578.0			1.0
6578.9			1.0
6579.8			1.0
6580.700000000001			1.0
6581.6			1.0
6582.5			1.0
6583.4			1.0
6584.3			1.0
6585.200000000001			1.0
6586.1			1.0
6587.0			1.0
6587.9			1.0
6588.8			1.0184567803152764
6589.700000000001			1.0325697643514054
6590.6			1.0182037274578597
6591.5			0.9781722700232113
6592.4			0.9322467306387081
6593.3			0.92232444926953
6594.200000000001			0.9638417826387089
6595.1			1.008613032105423
6596.0			1.0248927233849294
6596.9			1.0176146053527346
6597.8			1.0027757079027648
6598.700000000001			1.0
6599.6			1.0
6600.5			1.0
6601.4			1.0
6602.3			1.0
6603.200000000001			1.0
6604.1			1.0
6605.0			1.0
6605.9			1.0
6606.8			1.0
6607.700000000001			1.0
6608.6			1.0
6609.5			1.0
6610.4			1.0
6611.3			1.0
6612.200000000001			1.0
6613.1			1.0
6614.0			1.0
6614.9			1.0
6615.8			1.0
6616.700000000001			1.0
6617.6			1.0
6618.5			1.0
6619.4			1.0
6620.3			1.0
6621.200000000001			1.0
6622.1			1.0
6623.0			1.0
6623.9			1.0
6624.8			1.0
6625.700000000001			1.0
6626.6			1.0
6627.5			1.0
6628.4			1.0
6629.3			1.0
6630.200000000001			1.0
6631.1			1.0
6632.0			1.0
6632.9			1.0
6633.8			1.0
6634.700000000001			1.0
6635.6			1.0
6636.5			1.0
6637.4			1.0
6638.3			1.0
6639.200000000001			1.0
6640.1			1.0
6641.0			1.0
6641.9			1.0
6642.8			1.0
6643.700000000001			1.0
6644.6			1.0
6645.5			1.0
6646.4			1.0
6647.3			1.0
6648.200000000001			1.0
6649.1			1.0
6650.0			1.0
6650.9			1.0
6651.8			1.0
6652.700000000001			1.0
6653.6			1.0
6654.5			1.0
6655.4			1.0
6656.3			1.0
6657.200000000001			1.0
6658.1			1.0
6659.0			1.0
6659.9			1.0
6660.8			1.0
6661.700000000001			1.0
6662.6			1.0
6663.5			1.0
6664.4			1.0
6665.3			1.0
6666.200000000001			1.0
6667.1			1.0
6668.0			1.0
6668.9			1.0
6669.8			1.0
6670.700000000001			1.0
6671.6			1.0
6672.5			1.0
6673.4			1.0
6674.3			0.9871087247363447
6675.200000000001			0.9878220197850747
6676.1			0.9768030794902681
6677.0			0.9359322960750068
6677.9			0.9052108817277161
6678.8			0.9280391634003029
6679.700000000001			0.9747381737301951
6680.6			0.9977895636929348
6681.5			1.0000338337844012
6682.4			1.0
6683.3			1.0
6684.200000000001			1.0
6685.1			1.0
6686.0			1.0
6686.9			1.0
6687.8			1.0
6688.700000000001			1.0
6689.6			1.0
6690.5			1.0
6691.4			1.0
6692.3			1.0
6693.200000000001			1.0
6694.1			1.0
6695.0			1.0
6695.9			1.0
6696.8			1.0
6697.700000000001			1.0
6698.6			1.0
6699.5			1.0
6700.4			1.0
6701.3			1.0
6702.200000000001			1.0
6703.1			1.0
6704.0			1.0
6704.9			1.0
6705.8			1.0
6706.700000000001			1.0
6707.6			1.0
6708.5			1.0069685328042972
6709.4			1.0019225363696986
6710.3			0.9832935181597569
6711.200000000001			0.9802079879504759
6712.1			0.9886971680557085
6713.0			0.9953848666776053
6713.9			0.9916169738050725
6714.8			0.9819542027952111
6715.700000000001			0.9630614447035444
6716.6			0.9317901688321685
6717.5			0.9214726842413771
6718.4			0.9590822577277431
6719.3			0.9912510098332172
6720.200000000001			0.9885659586480535
6721.1			0.9781262151369285
6722.0			0.9950024187236894
6722.9			1.012910918624984
6723.8			1.0021913100371815
6724.700000000001			0.9842463164973972
6725.6			0.9831171549417944
6726.5			1.0006345511541415
6727.4			1.0
6728.3			1.0
6729.200000000001			1.0
6730.1			1.0
6731.0			1.0
6731.9			1.0
6732.8			1.0
6733.700000000001			1.0
6734.6			1.0
6735.5			1.0
6736.4			1.0
6737.3			1.0
6738.200000000001			1.0
6739.1			1.0
6740.0			1.0
6740.9			1.0
6741.8			1.0
6742.700000000001			1.0
6743.6			1.0
6744.5			1.0
6745.4			1.0
6746.3			1.0
6747.200000000001			1.0
6748.1			1.0
6749.0			1.0
6749.9			1.0
6750.8			1.0
6751.700000000001			1.0
6752.6			1.0
6753.5			1.0
6754.4			1.0
6755.3			1.0
6756.200000000001			1.0
6757.1			1.0
6758.0			1.0
6758.9			1.0
6759.8			1.0
6760.700000000001			1.0
6761.6			1.0
6762.5			1.0
6763.4			1.0
6764.3			1.0
6765.200000000001			1.0
6766.1			1.0
6767.0			1.0
6767.9			1.0
6768.8			1.0
6769.700000000001			1.0
6770.6			1.0
6771.5			1.0
6772.4			1.0
6773.3			1.0
6774.200000000001			1.0
6775.1			1.0
6776.0			1.0
6776.9			1.0
6777.8			1.0
6778.700000000001			1.0
6779.6			1.0
6780.5			1.0
6781.4			1.0
6782.3			1.0
6783.200000000001			1.0
6784.1			1.0
6785.0			1.0
6785.9			1.0
6786.8			1.0
6787.700000000001			1.0
6788.6			1.0
6789.5			1.0
6790.4			1.0
6791.3			1.0
6792.200000000001			1.0
6793.1			1.0
6794.0			1.0
6794.9			1.0
6795.8			1.0
6796.700000000001			1.0
6797.6			1.0
6798.5			1.0
6799.4			1.0
6800.3			1.0
6801.200000000001			1.0
6802.1			1.0
6803.0			1.0
6803.9			1.0
6804.8			1.0
6805.700000000001			1.0
6806.6			1.0
6807.5			1.0
6808.4			1.0
6809.3			1.0
6810.200000000001			1.0
6811.1			1.0
6812.0			1.0
6812.9			1.0
6813.8			1.0
6814.700000000001			1.0
6815.6			1.0
6816.5			1.0
6817.4			1.0
6818.3			1.0
6819.200000000001			1.0
6820.1			1.0
6821.0			1.0
6821.9			1.0
6822.8			1.0
6823.700000000001			1.0
6824.6			1.0
6825.5			1.0
6826.4			1.0
6827.3			1.0
6828.200000000001			1.0
6829.1			1.0
6830.0			1.0
6830.9			1.0
6831.8			1.0
6832.700000000001			1.0
6833.6			1.0
6834.5			1.0
6835.4			1.0
6836.3			1.0
6837.200000000001			1.0
6838.1			1.0
6839.0			1.0
6839.9			1.0
6840.8			1.0
6841.700000000001			1.0
6842.6			1.0
6843.5			1.0
6844.4			1.0
6845.3			1.0
6846.200000000001			1.0
6847.1			1.0
6848.0			1.0
6848.9			1.0
6849.8			1.0
6850.700000000001			1.0
6851.6			1.0
6852.5			1.0
6853.4			1.0
6854.3			1.0
6855.200000000001			1.0
6856.1			1.0
6857.0			1.0
6857.9			1.0
6858.8			1.0
6859.700000000001			1.0
6860.6			1.0
6861.5			1.0
6862.4			1.0
6863.3			1.0
6864.200000000001			1.0
6865.1			1.0
6866.0			1.0
6866.9			1.0
6867.8			1.0
6868.700000000001			1.0
6869.6			1.0
6870.5			1.0
6871.4			1.0
6872.3			1.0
6873.200000000001			1.0
6874.1			1.0
6875.0			1.0
6875.9			1.0
6876.8			1.0
6877.700000000001			1.0
6878.6			1.0
6879.5			1.0
6880.4			1.0
6881.3			1.0
6882.200000000001			1.0
6883.1			1.0
6884.0			1.0
6884.9			1.0
6885.8			1.0
6886.700000000001			1.0
6887.6			1.0
6888.5			1.0
6889.4			1.0
6890.3			1.0
6891.200000000001			1.0
6892.1			1.0
6893.0			1.0
6893.9			1.0
6894.8			1.0
6895.700000000001			1.0
6896.6			1.0
6897.5			1.0
6898.4			1.0
6899.3			1.0
6900.200000000001			1.0
6901.1			1.0
6902.0			1.0
6902.9			1.0
6903.8			1.0
6904.700000000001			1.0
6905.6			1.0
6906.5			1.0
6907.4			1.0
6908.3			1.0
6909.200000000001			1.0
6910.1			1.0
6911.0			1.0
6911.9			1.0
6912.8			1.0
6913.700000000001			1.0
6914.6			1.0
6915.5			1.0
6916.4			1.0
6917.3			1.0
6918.200000000001			1.0
6919.1			1.0
6920.0			1.0
6920.9			1.0
6921.8			1.0
6922.700000000001			1.0
6923.6			1.0
6924.5			1.0
6925.4			1.0
6926.3			1.0
6927.200000000001			1.0
6928.1			1.0
6929.0			1.0
6929.9			1.0
6930.8			1.0
6931.700000000001			1.0
6932.6			1.0
6933.5			1.0
6934.4			1.0
6935.3			1.0
6936.200000000001			1.0
6937.1			1.0
6938.0			1.0
6938.9			1.0
6939.8			1.0
6940.700000000001			1.0
6941.6			1.0
6942.5			1.0
6943.4			1.0
6944.3			1.0
6945.200000000001			1.0
6946.1			1.0
6947.0			1.0
6947.9			1.0
6948.8			1.0
6949.700000000001			1.0
6950.6			1.0
6951.5			1.0
6952.4			1.0
6953.3			1.0
6954.200000000001			1.0
6955.1			1.0
6956.0			1.0
6956.9			1.0
6957.8			1.0
6958.700000000001			1.0
6959.6			1.0
6960.5			1.0
6961.4			1.0
6962.3			1.0
6963.200000000001			1.0
6964.1			1.0
6965.0			1.0
6965.9			1.0
6966.8			1.0
6967.700000000001			1.0
6968.6			1.0
6969.5			1.0
6970.4			1.0
6971.3			1.0
6972.200000000001			1.0042425352642184
6973.1			1.0127838192822554
6974.0			1.007172705121414
6974.9			0.9830393522452974
6975.8			0.9584868052888921
6976.700000000001			0.9463122320354305
6977.6			0.9240545047824764
6978.5			0.9034940679131895
6979.4			0.9246107957421248
6980.3			0.9625820273957274
6981.200000000001			0.9781962171122809
6982.1			0.9899913180260481
6983.0			1.0054795638361615
6983.9			1.005171916324204
6984.8			0.9997173440847308
6985.700000000001			1.0
6986.6			1.0
6987.5			1.0
6988.4			1.0
6989.3			1.0
6990.200000000001			1.0
6991.1			1.0
6992.0			1.0
6992.9			1.0
6993.8			1.0
6994.700000000001			1.0
6995.6			1.0
6996.5			1.0
6997.4			1.0
6998.3			1.0
6999.200000000001			1.0
7000.1			1.0
7001.0			1.0
7001.9			1.0
7002.8			1.0
7003.700000000001			1.0
7004.6			1.0
7005.5			1.0
7006.4			1.0
7007.3			1.0
7008.200000000001			1.0
7009.1			1.0
7010.0			1.0
7010.9			1.0
7011.8			0.9855185903596714
7012.700000000001			0.9944095964340656
7013.6			1.0058827893610711
7014.5			0.9746482397831461
7015.4			0.9170489550992861
7016.3			0.9036930960961672
7017.200000000001			0.9474577685930599
7018.1			0.9923221749138254
7019.0			1.0092285036413824
7019.9			1.0077303443775116
7020.8			1.0005494621556827
7021.700000000001			1.0
7022.6			1.0
7023.5			1.0
7024.4			1.0
7025.3			1.0
7026.200000000001			1.0
7027.1			1.0
7028.0			1.0
7028.9			1.0
7029.8			1.0
7030.700000000001			1.0
7031.6			1.0
7032.5			1.0
7033.4			1.0
7034.3			1.0
7035.200000000001			1.0
7036.1			1.0
7037.0			1.0
7037.9			1.0
7038.8			1.0
7039.700000000001			1.0
7040.6			1.0
7041.5			1.0
7042.4			1.0
7043.3			1.0
7044.200000000001			1.0
7045.1			1.0
7046.0			1.0
7046.9			1.0
7047.8			1.0
7048.700000000001			1.0
7049.6			1.0
7050.5			1.0
7051.4			1.0
7052.3			1.0
7053.200000000001			1.0
7054.1			1.0
7055.0			1.0
7055.9			1.0
7056.8			1.0
7057.700000000001			1.0
7058.6			1.0
7059.5			1.0
7060.4			1.0
7061.3			1.0
7062.200000000001			1.0033276353576344
7063.1			1.0093299326771112
7064.0			1.0173835307115178
7064.9			1.0127530465188468
7065.8			0.9965873190823181
7066.700000000001			0.9834931023961128
7067.6			0.9797250396618599
7068.5			0.9894498886453884
7069.4			1.0118872902603038
7070.3			1.018525307637585
7071.200000000001			1.0115378216265503
7072.1			1.0182075856199122
7073.0			1.0308885670395957
7073.9			1.0342503571401767
7074.8			1.0286529208206834
7075.700000000001			1.0197726740226742
7076.6			1.011891934551913
7077.5			1.011467605973574
7078.4			1.004904730772245
7079.3			0.9904050598438396
7080.200000000001			0.9953436234356678
7081.1			1.0164059229092057
7082.0			1.0097373011652755
7082.9			0.966389151132126
7083.8			0.9198428390610112
7084.700000000001			0.9026695028059741
7085.6			0.917518789929616
7086.5			0.9404687205584235
7087.4			0.9479108006238284
7088.3			0.9418406360758467
7089.200000000001			0.934541477042899
7090.1			0.9309532900586053
7091.0			0.9339843658565582
7091.9			0.9390728691827506
7092.8			0.9384190613534739
7093.700000000001			0.9297299428023583
7094.6			0.9189835241415389
7095.5			0.9215797777808468
7096.4			0.9304967788090288
7097.3			0.9321545104742516
7098.200000000001			0.9700943391088493
7099.1			1.0322420291358372
7100.0			1.0448125052068478
7100.9			1.0365480422910296
7101.8			1.0185698560691414
7102.700000000001			1.0076878855107523
7103.6			1.0107988045745955
7104.5			1.0133617219264484
7105.4			1.0069711717751715
7106.3			1.0017513275726104
7107.200000000001			0.9999087187774482
7108.1			1.0
7109.0			1.0
7109.9			1.0
7110.8			1.0
7111.700000000001			1.0
7112.6			1.0
7113.5			1.0
7114.4			1.0
7115.3			1.0
7116.200000000001			1.0
7117.1			1.0
7118.0			1.0
7118.9			1.0
7119.8			1.0
7120.700000000001			1.0
7121.6			1.0
7122.5			1.0
7123.4			1.0
7124.3			1.0
7125.200000000001			1.0
7126.1			1.0
7127.0			1.0
7127.9			1.0
7128.8			1.0
7129.700000000001			1.0
7130.6			1.0
7131.5			1.0
7132.4			1.0
7133.3			1.0
7134.200000000001			1.0
7135.1			1.0
7136.0			1.0
7136.9			1.0
7137.8			1.0
7138.700000000001			1.0
7139.6			1.0
7140.5			1.0
7141.4			1.0
7142.3			1.0
7143.200000000001			1.0
7144.1			1.0
7145.0			1.0
7145.9			1.0
7146.8			1.0
7147.700000000001			1.0
7148.6			1.0
7149.5			1.0
7150.4			1.0
7151.3			1.0
7152.200000000001			1.0
7153.1			1.0
7154.0			1.0
7154.9			1.0
7155.8			1.0
7156.700000000001			1.0
7157.6			1.0
7158.5			1.0
7159.4			1.0
7160.3			1.0
7161.200000000001			1.0
7162.1			1.0
7163.0			1.0
7163.9			1.0
7164.8			1.0
7165.700000000001			1.0
7166.6			1.0
7167.5			1.0
7168.4			1.0
7169.3			1.0
7170.200000000001			1.0
7171.1			1.0
7172.0			1.0
7172.9			1.0
7173.8			1.0
7174.700000000001			1.0
7175.6			1.0
7176.5			1.0
7177.4			1.0
7178.3			1.0
7179.200000000001			1.0
7180.1			1.0
7181.0			1.0
7181.9			1.0
7182.8			1.0
7183.700000000001			1.0
7184.6			1.0
7185.5			1.0
7186.4			1.0
7187.3			1.0
7188.200000000001			1.0
7189.1			1.0
7190.0			1.0
7190.9			1.0
7191.8			1.0
7192.700000000001			1.0
7193.6			1.0
7194.5			1.0
7195.4			1.0
7196.3			1.0
7197.200000000001			1.0
7198.1			1.0
7199.0			1.0
7199.9			1.0
7200.8			1.0
7201.700000000001			1.0
7202.6			1.0
7203.5			1.0
7204.4			1.0
7205.3			1.0
7206.200000000001			1.0
7207.1			1.0
7208.0			1.0
7208.9			1.0
7209.8			1.0
7210.700000000001			1.0
7211.6			1.0
7212.5			1.0
7213.4			1.0
7214.3			1.0
7215.200000000001			1.0
7216.1			1.0
7217.0			1.0
7217.9			1.0
7218.8			1.0
7219.700000000001			1.0
7220.6			1.0
7221.5			1.0
7222.4			1.0
7223.3			1.0
7224.200000000001			1.0
7225.1			1.0
7226.0			1.0
7226.9			1.0
7227.8			1.0
7228.700000000001			0.9924565076194204
7229.6			0.9998606793221233
7230.5			1.0173816699291465
7231.4			1.0207071574244204
7232.3			1.0154294059557925
7233.200000000001			1.012110955712445
7234.1			1.0011416301019451
7235.0			1.0
7235.9			1.0
7236.8			1.0
7237.700000000001			1.0
7238.6			1.0
7239.5			1.0
7240.4			1.0
7241.3			1.0
7242.200000000001			1.0
7243.1			1.0
7244.0			1.0
7244.9			1.0
7245.8			1.0
7246.700000000001			1.0
7247.6			1.0
7248.5			1.0
7249.4			1.0
7250.3			1.0
7251.200000000001			1.0
7252.1			1.0
7253.0			1.0
7253.9			1.0
7254.8			1.0
7255.700000000001			1.0
7256.6			1.0
7257.5			1.0
7258.4			1.0
7259.3			1.0
7260.200000000001			1.0
7261.1			1.0
7262.0			1.0
7262.9			1.0
7263.8			1.0
7264.700000000001			1.0
7265.6			1.0
7266.5			1.0
7267.4			1.0
7268.3			1.0
7269.200000000001			1.0
7270.1			1.0
7271.0			1.0
7271.9			1.0
7272.8			1.0
7273.700000000001			1.0
7274.6			1.0
7275.5			1.009047960001642
7276.4			1.0222703869769934
7277.3			1.0328930222415125
7278.200000000001			1.0320131160102914
7279.1			1.0256008759842687
7280.0			1.0161042205742654
7280.9			0.9928245266830362
7281.8			0.9651898415534861
7282.700000000001			0.9586089010773622
7283.6			0.970993855211593
7284.5			0.9851227662120208
7285.4			0.9943400070008225
7286.3			0.9983853373252857
7287.200000000001			0.9901840807601312
7288.1			0.9721647158779237
7289.0			0.9596320766994211
7289.9			0.9538206356387846
7290.8			0.9392125156113135
7291.700000000001			0.9218776178460217
7292.6			0.9274826604103987
7293.5			0.962680757759197
7294.4			0.9998677100821004
7295.3			1.0204399092501053
7296.200000000001			1.0308678110870593
7297.1			1.0294947837294963
7298.0			1.023906270215182
7298.9			1.0226062135419784
7299.8			1.0252485322427283
7300.700000000001			1.0301603013761624
7301.6			1.0345292585269257
7302.5			1.0409660546348158
7303.4			1.0497230579875694
7304.3			1.0516307882911327
7305.200000000001			1.0373085106601478
7306.1			1.0143410474323367
7307.0			0.9996724020939991
7307.9			1.0033424226090373
7308.8			1.0185127492075676
7309.700000000001			1.0256416052826234
7310.6			1.0147067488882386
7311.5			1.0092183958154064
7312.4			1.024471288930067
7313.3			1.0399656187847763
7314.200000000001			1.0417453955997573
7315.1			1.0300691729706772
7316.0			1.0126310758585548
7316.9			0.997164467742383
7317.8			0.9978641866132557
7318.700000000001			1.0139704220258636
7319.6			1.0207459684577813
7320.5			1.0217256005042605
7321.4			1.0277196024097597
7322.3			1.024345083829611
7323.200000000001			0.9993462576436085
7324.1			0.9725121589813576
7325.0			0.9625963828613368
7325.9			0.9644421373856367
7326.8			0.9789719868097925
7327.700000000001			1.0021229439782284
7328.6			1.0161905485318106
7329.5			1.0114107026579437
7330.4			0.9985775732790512
7331.3			0.9961339419381952
7332.200000000001			1.0000251104666071
7333.1			0.9996616279745928
7334.0			1.0
7334.9			1.0
7335.8			1.0
7336.700000000001			1.0
7337.6			1.0
7338.5			1.0
7339.4			1.0
7340.3			1.0
7341.200000000001			1.0
7342.1			1.0
7343.0			1.0
7343.9			1.0
7344.8			1.0
7345.700000000001			1.0
7346.6			1.0
7347.5			1.0
7348.4			1.0
7349.3			1.0
7350.200000000001			1.0
7351.1			1.0
7352.0			1.0
7352.9			1.0
7353.8			1.0
7354.700000000001			1.0
7355.6			1.0
7356.5			1.0
7357.4			1.0
7358.3			1.0
7359.200000000001			1.0
7360.1			1.0
7361.0			1.0
7361.9			1.0
7362.8			1.0
7363.700000000001			1.0
7364.6			1.0
7365.5			1.0
7366.4			1.0
7367.3			1.0
7368.200000000001			1.0
7369.1			1.0
7370.0			1.0
7370.9			1.0
7371.8			1.0
7372.700000000001			1.0
7373.6			1.0
7374.5			1.0
7375.4			1.0
7376.3			1.0
7377.200000000001			1.0
7378.1			1.0
7379.0			1.0
7379.9			1.0
7380.8			1.0
7381.700000000001			1.0
7382.6			1.0
7383.5			1.0
7384.4			1.0
7385.3			1.0
7386.200000000001			1.0
7387.1			1.0
7388.0			1.0
7388.9			1.0
7389.8			1.0
7390.700000000001			1.0
7391.6			1.0
7392.5			1.0
7393.4			1.0
7394.3			1.0
7395.200000000001			1.0
7396.1			1.0
7397.0			1.0
7397.9			1.0
7398.8			1.0
7399.700000000001			1.0
7400.6			1.0
7401.5			1.0
7402.4			1.0
7403.3			1.0
7404.200000000001			1.0
7405.1			1.0
7406.0			1.0
7406.9			1.0
7407.8			1.0
7408.700000000001			1.0
7409.6			1.0
7410.5			1.0
7411.4			1.0
7412.3			1.0
7413.200000000001			1.0
7414.1			1.0
7415.0			1.0
7415.9			1.0
7416.8			1.0
7417.700000000001			1.0
7418.6			1.0
7419.5			1.0
7420.4			1.0
7421.3			1.0
7422.200000000001			1.0
7423.1			1.0
7424.0			1.0
7424.9			1.0
7425.8			1.0
7426.700000000001			1.0
7427.6			1.0
7428.5			1.0
7429.4			1.0
