3500.0			1.0
3500.9			1.0
3501.8			1.0
3502.7			1.0
3503.6			1.0
3504.5			1.0
3505.4			1.0
3506.3			1.0
3507.2			1.0
3508.1			1.0
3509.0			1.0
3509.9			1.0
3510.8			1.0
3511.7			1.0
3512.6			1.0
3513.5			1.0
3514.4			1.0
3515.3			1.0
3516.2			1.0
3517.1			1.0
3518.0			1.0
3518.9			1.0
3519.8			1.0
3520.7			1.0
3521.6			1.0
3522.5			1.0
3523.4			1.0
3524.3			1.0
3525.2			1.0
3526.1			1.0
3527.0			1.0
3527.9			1.0
3528.8			1.0
3529.7			1.0
3530.6			1.0
3531.5			1.0
3532.4			1.0
3533.3			1.0
3534.2			1.0
3535.1			1.0
3536.0			1.0
3536.9			1.0
3537.8			1.0
3538.7			1.0
3539.6			1.0
3540.5			1.0
3541.4			1.0
3542.3			1.0
3543.2			1.0
3544.1			1.0
3545.0			1.0
3545.9			1.0
3546.8			1.0
3547.7			1.0
3548.6			1.0
3549.5			1.0
3550.4			1.0
3551.3			1.0
3552.2			1.0
3553.1			1.0
3554.0			1.0
3554.9			1.0
3555.8			1.0
3556.7			1.0
3557.6			1.0
3558.5			1.0
3559.4			1.0
3560.3			1.0
3561.2			1.0
3562.1			1.0
3563.0			1.0
3563.9			1.0
3564.8			1.0
3565.7			1.0
3566.6			1.0
3567.5			1.0
3568.4			1.0
3569.3			1.0
3570.2			1.0
3571.1			1.0
3572.0			1.0
3572.9			1.0
3573.8			1.0
3574.7			1.0
3575.6			1.0
3576.5			1.0
3577.4			1.0
3578.3			1.0
3579.2			1.0
3580.1			1.0
3581.0			1.0
3581.9			1.0
3582.8			1.0
3583.7			1.0
3584.6			1.0
3585.5			1.0
3586.4			1.0
3587.3			1.0
3588.2			1.0
3589.1			1.0
3590.0			1.0
3590.9			1.0
3591.8			1.0
3592.7			1.0
3593.6			1.0
3594.5			1.0
3595.4			1.0
3596.3			1.0
3597.2			1.0
3598.1			1.0
3599.0			1.0
3599.9			1.0
3600.8			1.0
3601.7			1.0
3602.6			1.0
3603.5			1.0
3604.4			1.0
3605.3			1.0
3606.2			1.0
3607.1			1.0
3608.0			1.0
3608.9			1.0
3609.8			1.0
3610.7			1.0
3611.6			1.0
3612.5			1.0
3613.4			1.0
3614.3			1.0
3615.2			1.0
3616.1			1.0
3617.0			1.0
3617.9			1.0
3618.8			1.0
3619.7			1.0
3620.6			1.0
3621.5			1.0
3622.4			1.0
3623.3			1.0
3624.2			1.0
3625.1			1.0
3626.0			1.0
3626.9			1.0
3627.8			1.0
3628.7			1.0
3629.6			1.0
3630.5			1.0
3631.4			1.0
3632.3			1.0
3633.2			1.0
3634.1			1.0
3635.0			1.0
3635.9			1.0
3636.8			1.0
3637.7			1.0
3638.6			1.0
3639.5			1.0
3640.4			1.0
3641.3			1.0
3642.2			1.0
3643.1			1.0
3644.0			1.0
3644.9			1.0
3645.8			1.0
3646.7			1.0
3647.6			1.0
3648.5			1.0
3649.4			1.0
3650.3			1.0
3651.2			1.0
3652.1			1.0
3653.0			1.0
3653.9			1.0
3654.8			1.0
3655.7			1.0
3656.6			1.0
3657.5			1.0
3658.4			1.0
3659.3			1.0
3660.2			1.0
3661.1			1.0
3662.0			1.0
3662.9			1.0
3663.8			1.0
3664.7			1.0
3665.6			1.0
3666.5			1.0
3667.4			1.0
3668.3			1.0
3669.2			1.0
3670.1			1.0
3671.0			1.0
3671.9			1.0
3672.8			1.0
3673.7			1.0
3674.6			1.0
3675.5			1.0
3676.4			1.0
3677.3			1.0
3678.2			1.0
3679.1			1.0
3680.0			1.0
3680.9			1.0
3681.8			1.0
3682.7			1.0
3683.6			1.0
3684.5			1.0
3685.4			1.0
3686.3			1.0
3687.2			1.0
3688.1			1.0
3689.0			1.0
3689.9			1.0
3690.8			1.0
3691.7			1.0
3692.6			1.0
3693.5			1.0
3694.4			1.0
3695.3			1.0
3696.2			1.0
3697.1			1.0
3698.0			1.0
3698.9			1.0
3699.8			1.0
3700.7			1.0
3701.6			1.0
3702.5			1.0
3703.4			1.0
3704.3			1.0
3705.2			1.0
3706.1			1.0
3707.0			1.0
3707.9			1.0
3708.8			1.0
3709.7			1.0
3710.6			1.0
3711.5			1.0
3712.4			1.0
3713.3			1.0
3714.2			1.0
3715.1			1.0
3716.0			1.0
3716.9			1.0
3717.8			1.0
3718.7			1.0
3719.6			1.0
3720.5			1.0
3721.4			1.0
3722.3			1.0
3723.2			1.0
3724.1			1.0
3725.0			1.0
3725.9			1.0
3726.8			1.0
3727.7			1.0
3728.6			1.0
3729.5			1.0
3730.4			1.0
3731.3			1.0
3732.2			1.0
3733.1			1.0
3734.0			1.0
3734.9			1.0
3735.8			1.0
3736.7			1.0
3737.6			1.0
3738.5			1.0
3739.4			1.0
3740.3			1.0
3741.2			1.0
3742.1			1.0
3743.0			1.0
3743.9			1.0
3744.8			1.0
3745.7			1.0
3746.6			1.0
3747.5			1.0
3748.4			1.0
3749.3			1.0
3750.2			1.0
3751.1			1.0
3752.0			1.0
3752.9			1.0
3753.8			1.0
3754.7			1.0
3755.6			1.0
3756.5			1.0
3757.4			1.0
3758.3			1.0
3759.2			1.0
3760.1			1.0
3761.0			1.0
3761.9			1.0
3762.8			1.0
3763.7			1.0
3764.6			1.0
3765.5			1.0
3766.4			1.0
3767.3			1.0
3768.2			1.0
3769.1			1.0
3770.0			1.0
3770.9			1.0
3771.8			1.0
3772.7			1.0
3773.6			1.0
3774.5			1.0
3775.4			1.0
3776.3			1.0
3777.2			1.0
3778.1			1.0
3779.0			1.0
3779.9			1.0
3780.8			1.0
3781.7			1.0
3782.6			1.0
3783.5			1.0
3784.4			1.0
3785.3			1.0
3786.2			1.0
3787.1			1.0
3788.0			1.0
3788.9			1.0
3789.8			1.0
3790.7			1.0
3791.6			1.0
3792.5			1.0
3793.4			1.0
3794.3			1.0
3795.2			1.0
3796.1			1.0
3797.0			1.0
3797.9			1.0
3798.8			1.0
3799.7			1.0
3800.6			1.0
3801.5			1.0
3802.4			1.0
3803.3			1.0
3804.2			1.0
3805.1			1.0
3806.0			1.0
3806.9			1.0
3807.8			1.0
3808.7			1.0
3809.6			1.0
3810.5			1.0
3811.4			1.0
3812.3			1.0
3813.2			1.0
3814.1			1.0
3815.0			1.0
3815.9			1.0
3816.8			1.0
3817.7			1.0
3818.6			1.0
3819.5			1.0
3820.4			1.0
3821.3			1.0
3822.2			1.0
3823.1			1.0
3824.0			1.0
3824.9			1.0
3825.8			1.0
3826.7			1.0
3827.6			1.0
3828.5			1.0
3829.4			1.0
3830.3			1.0
3831.2			1.0
3832.1			1.0
3833.0			1.0
3833.9			1.0
3834.8			1.0
3835.7			1.0
3836.6			1.0
3837.5			1.0
3838.4			1.0
3839.3			1.0
3840.2			1.0
3841.1			1.0
3842.0			1.0
3842.9			1.0
3843.8			1.0
3844.7			1.0
3845.6			1.0
3846.5			1.0
3847.4			1.0
3848.3			1.0
3849.2			1.0
3850.1			1.0
3851.0			1.0
3851.9			1.0
3852.8			1.0
3853.7			1.0
3854.6			1.0
3855.5			1.0
3856.4			1.0
3857.3			1.0
3858.2			1.0
3859.1			1.0
3860.0			1.0
3860.9			1.0
3861.8			1.0
3862.7			1.0
3863.6			1.0
3864.5			1.0
3865.4			1.0
3866.3			1.0
3867.2			1.0
3868.1			1.0
3869.0			1.0
3869.9			1.0
3870.8			1.0
3871.7			1.0
3872.6			1.0
3873.5			1.0
3874.4			1.0
3875.3			1.0
3876.2			1.0
3877.1			1.0
3878.0			1.0
3878.9			1.0
3879.8			1.0
3880.7			1.0
3881.6			1.0
3882.5			1.0
3883.4			1.0
3884.3			1.0
3885.2			1.0
3886.1			1.0
3887.0			1.0
3887.9			1.0
3888.8			1.0
3889.7			1.0
3890.6			1.0
3891.5			1.0
3892.4			1.0
3893.3			1.0
3894.2			1.0
3895.1			1.0
3896.0			1.0
3896.9			1.0
3897.8			1.0
3898.7			1.0
3899.6			1.0
3900.5			1.0
3901.4			1.0
3902.3			1.0
3903.2			1.0
3904.1			1.0
3905.0			1.0
3905.9			1.0
3906.8			1.0
3907.7			1.0
3908.6			1.0
3909.5			1.0
3910.4			1.0
3911.3			1.0
3912.2			1.0
3913.1			1.0
3914.0			1.0
3914.9			1.0
3915.8			1.0
3916.7			1.0
3917.6			1.0
3918.5			1.0
3919.4			1.0
3920.3			1.0
3921.2			1.0
3922.1			1.0
3923.0			1.0
3923.9			1.0
3924.8			1.0
3925.7			1.0
3926.6			1.0
3927.5			1.0
3928.4			1.0
3929.3			1.0
3930.2			1.0
3931.1			1.0
3932.0			1.0
3932.9			1.0
3933.8			1.0
3934.7			1.0
3935.6			1.0
3936.5			1.0
3937.4			1.0
3938.3			1.0
3939.2			1.0
3940.1			1.0
3941.0			1.0
3941.9			1.0
3942.8			1.0
3943.7			1.0
3944.6			1.0
3945.5			1.0
3946.4			1.0
3947.3			1.0
3948.2			1.0
3949.1			1.0
3950.0			1.0
3950.9			1.0
3951.8			1.0
3952.7			1.0
3953.6			1.0
3954.5			1.0
3955.4			1.0
3956.3			1.0
3957.2			1.0
3958.1			1.0
3959.0			1.0
3959.9			1.0
3960.8			1.0
3961.7			1.0
3962.6			1.0
3963.5			1.0
3964.4			1.0
3965.3			1.0
3966.2			1.0
3967.1			1.0
3968.0			1.0
3968.9			1.0
3969.8			1.0
3970.7			1.0
3971.6			1.0
3972.5			1.0
3973.4			1.0
3974.3			1.0
3975.2			1.0
3976.1			1.0
3977.0			1.0
3977.9			1.0
3978.8			1.0
3979.7			1.0
3980.6			1.0
3981.5			1.0
3982.4			1.0
3983.3			1.0
3984.2			1.0
3985.1			1.0
3986.0			1.0
3986.9			1.0
3987.8			1.0
3988.7			1.0
3989.6			1.0
3990.5			1.0
3991.4			1.0
3992.3			1.0
3993.2			1.0
3994.1			1.0
3995.0			1.0
3995.9			1.0
3996.8			1.0
3997.7			1.0
3998.6			1.0
3999.5			1.0
4000.4			1.0
4001.3			1.0071561803127504
4002.2			1.119080883933096
4003.1			1.1965876506992683
4004.0			1.1325089415032812
4004.9			1.0005470241604637
4005.8			0.9101039306647721
4006.7			0.9323637444405138
4007.6			0.9996471678974743
4008.5			0.9916867856717503
4009.4			0.954945044304729
4010.3			0.9832194039093461
4011.2			1.014140917904567
4012.1			1.0
4013.0			1.0
4013.9			1.0
4014.8			1.0
4015.7			1.0
4016.6			1.0
4017.5			1.0
4018.4			1.0
4019.3			1.0
4020.2			1.0
4021.1			1.0
4022.0			1.0
4022.9			1.0
4023.8			1.0
4024.7			1.0
4025.6			0.9886114586691731
4026.5			1.0776271093338021
4027.4			1.1603548831846704
4028.3			1.197811657321085
4029.2			1.1657717516293176
4030.1			1.0180989776154508
4031.0			0.8600580673386831
4031.9			0.8243705511078111
4032.8			0.861541514799217
4033.7			0.884628364249646
4034.6			0.8811247452612376
4035.5			0.8893595122248161
4036.4			0.9421753182658644
4037.3			0.9935568245728648
4038.2			1.0055629820754848
4039.1			1.0
4040.0			1.0
4040.9			1.0
4041.8			1.0
4042.7			1.030596824845837
4043.6			0.9429031319420866
4044.5			0.774490550785129
4045.4			0.6460436674073762
4046.3			0.6448039029478698
4047.2			0.7892022800727059
4048.1			0.9487676950211691
4049.0			0.9973699237158804
4049.9			1.0000764027091085
4050.8			1.0
4051.7			1.0
4052.6			1.0
4053.5			1.0
4054.4			1.0
4055.3			1.0
4056.2			1.0
4057.1			1.0
4058.0			1.0
4058.9			1.0379228453636322
4059.8			1.065649122753416
4060.7			1.0474263835386215
4061.6			1.0256423913443198
4062.5			0.9241622555762063
4063.4			0.7732807552453362
4064.3			0.7394495946744221
4065.2			0.8018585596290159
4066.1			0.828036202490715
4067.0			0.8144060215274204
4067.9			0.8692334727804869
4068.8			0.9868940968717825
4069.7			0.9948827648955422
4070.6			1.0
4071.5			1.0
4072.4			1.0
4073.3			1.1072130465535845
4074.2			1.2139433325153868
4075.1			1.1445042563071859
4076.0			0.9771287932280188
4076.9			0.8193951080143839
4077.8			0.7578047057106653
4078.7			0.8162309958937645
4079.6			0.9131538449890487
4080.5			1.0038196681173817
4081.4			1.0554016685858791
4082.3			1.0096608247767496
4083.2			1.0
4084.1			0.9731769815612531
4085.0			1.0114309411849949
4085.9			1.041188648238763
4086.8			1.0960741837651977
4087.7			1.1841139290195064
4088.6			1.2397218957800311
4089.5			1.2307674937151007
4090.4			1.180003225992709
4091.3			1.1167031015026512
4092.2			1.062183683418589
4093.1			1.0860854937651712
4094.0			1.1579151089198467
4094.9			1.1172930626112538
4095.8			1.011533787829311
4096.7			0.9825957132166323
4097.6			0.9950899469813012
4098.5			1.000816674416987
4099.4			0.9810612656333039
4100.3			0.9066324466663155
4101.2			0.8101653340450038
4102.1			0.7847982628892606
4103.0			0.8375986907834264
4103.9			0.8965386171933692
4104.8			0.9649961581117911
4105.7			1.023263128371901
4106.6			1.0374768259027378
4107.5			1.0542413428843465
4108.4			1.0683870796379447
4109.3			1.0432965713895719
4110.2			1.0159169434233342
4111.1			0.9934406780134084
4112.0			0.9816986908774813
4112.9			1.0202488569534982
4113.8			1.0958742535416797
4114.7			1.1679954792986698
4115.6			1.0
4116.5			0.9891634453878747
4117.4			0.9284670126087515
4118.3			0.8435309747493898
4119.2			0.8093538709335264
4120.1			0.8716903642143444
4121.0			0.9581237201275643
4121.9			0.9950524074639829
4122.8			1.0
4123.7			1.0272331094515563
4124.6			1.0454203676632685
4125.5			1.053902473559852
4126.4			1.0400389495344142
4127.3			1.00853560499239
4128.2			0.9933010984566568
4129.1			0.9850629197229063
4130.0			1.0110767780142011
4130.9			1.0457080739105393
4131.8			1.046221873435432
4132.7			1.0
4133.6			0.9607855850172357
4134.5			0.9690436623436378
4135.4			1.0985054294427536
4136.3			1.2155545481894316
4137.2			1.1687832088927819
4138.1			1.1091010989103705
4139.0			1.167940544899354
4139.9			1.2102168008102967
4140.8			1.16451766692205
4141.7			1.0408457333712324
4142.6			0.8389131640612283
4143.5			0.7208354752872248
4144.4			0.8187581897192303
4145.3			0.9745851502691041
4146.2			1.019137775886428
4147.1			1.016662066460741
4148.0			1.0491826551008931
4148.9			1.0432830271089995
4149.8			1.0039741060173573
4150.7			1.0
4151.6			1.0170974118615614
4152.5			1.0082579280791972
4153.4			0.9772772603222613
4154.3			0.921940048541267
4155.2			0.9215393974919479
4156.1			0.9636432418622177
4157.0			1.0142887413498725
4157.9			1.0238881239752582
4158.8			0.9914855248964786
4159.7			1.010398792847781
4160.6			1.044553282328954
4161.5			1.0509509029409334
4162.4			1.0889332487821595
4163.3			1.12187693853531
4164.2			1.0635761675845055
4165.1			0.9797448874564509
4166.0			0.9510620623166994
4166.9			0.9328341651454972
4167.8			0.9198544760001293
4168.7			0.9729851265945253
4169.6			1.0370905296936566
4170.5			1.0231330075355964
4171.4			0.9323988231070967
4172.3			0.8282668189807267
4173.2			0.7751635537484552
4174.1			0.779423536987022
4175.0			0.8048559236411712
4175.9			0.84731129660425
4176.8			0.8809125091327019
4177.7			0.8845255986037028
4178.6			0.8971244533225415
4179.5			0.9227168552280303
4180.4			0.91746091653662
4181.3			0.8512250083152781
4182.2			0.7901386427519222
4183.1			0.8277733349948067
4184.0			0.9232718105816486
4184.9			0.9693731249055437
4185.8			1.0
4186.7			0.9225366182786762
4187.6			0.8854079933749512
4188.5			0.9197695008350187
4189.4			0.9561877256023731
4190.3			0.9279496853674087
4191.2			0.8915112626445666
4192.1			0.9398901042569137
4193.0			1.0458958628792734
4193.9			1.0998791493307343
4194.8			1.0461111635339502
4195.7			0.9141363384247706
4196.6			0.814817705587898
4197.5			0.7962509789458682
4198.4			0.8246231529255394
4199.3			0.8741046568779686
4200.2			0.8864053321903035
4201.1			0.8383547885369944
4202.0			0.8075145693237207
4202.9			0.8371986597552599
4203.8			0.8479326346982933
4204.7			0.8267897312669344
4205.6			0.8614914600117864
4206.5			0.9442556034667406
4207.4			1.00117771702357
4208.3			1.0017989980849271
4209.2			1.0
4210.1			1.0
4211.0			0.9978898450552343
4211.9			1.006606298293151
4212.8			0.9695025767733704
4213.7			0.9263284813505693
4214.6			0.8741967994528789
4215.5			0.7888277175681063
4216.4			0.8046101143131827
4217.3			0.9264093912993563
4218.2			0.9915285996223705
4219.1			0.9979079510283225
4220.0			1.0020166413933898
4220.9			1.0
4221.8			0.9946833888379587
4222.7			0.9354325713535443
4223.6			0.8322084927262237
4224.5			0.7494991857881175
4225.4			0.6746289441409538
4226.3			1.0
4227.2			0.9387293393279263
4228.1			1.1822731409257865
4229.0			1.4402942735126725
4229.9			1.5268343294201048
4230.8			1.4916392403442416
4231.7			1.4000219638967024
4232.6			1.3068068399656607
4233.5			1.2479980569619038
4234.4			1.194462279803635
4235.3			1.0839367192003193
4236.2			0.9951996991021391
4237.1			0.9763509759671255
4238.0			0.9572046569057493
4238.9			0.9164025300388036
4239.8			0.9037403652259453
4240.7			0.9517005552150831
4241.6			0.9970602385649873
4242.5			0.9680622154880633
4243.4			1.0
4244.3			1.0386344217261736
4245.2			1.102365558724563
4246.1			1.0893526150489292
4247.0			1.0010467308433169
4247.9			0.9109482925270843
4248.8			0.8660961269438948
4249.7			0.8668475635986469
4250.6			0.9137994301062982
4251.5			1.007435631392007
4252.4			1.0585742886552678
4253.3			0.9984984160057382
4254.2			1.0
4255.1			1.0
4256.0			1.0
4256.9			1.1556682135484178
4257.8			1.1669898146149937
4258.7			1.0206069508357005
4259.6			0.8589135859284769
4260.5			0.7769063806777201
4261.4			1.0
4262.3			1.1496896394072111
4263.2			1.295129836563164
4264.1			1.2855325771857282
4265.0			1.2041434075401702
4265.9			1.2119221093626773
4266.8			1.2158137066345434
4267.7			1.1420118070323364
4268.6			1.0781072328481072
4269.5			1.0396775393870887
4270.4			0.9509907629774623
4271.3			0.845163295533061
4272.2			0.8518611426908207
4273.1			0.9055855782091885
4274.0			0.8822899696816651
4274.9			0.8962818170585773
4275.8			1.016003883646153
4276.7			1.1330081053519159
4277.6			1.2134128363447905
4278.5			1.248460953783585
4279.4			1.1455066347282197
4280.3			1.000976912812693
4281.2			1.0
4282.1			1.0
4283.0			1.0783263339222993
4283.9			1.0919460785492372
4284.8			1.0144626145465365
4285.7			0.9336343525455849
4286.6			0.9446605599864102
4287.5			1.0115195201939329
4288.4			1.0
4289.3			0.8904385860905952
4290.2			0.8198971706310214
4291.1			0.8906951216544156
4292.0			1.0460215521350689
4292.9			1.1625638010012191
4293.8			1.1629580590274744
4294.7			1.0995744881244405
4295.6			1.0374537720898653
4296.5			0.9691490333597206
4297.4			0.8993209873566648
4298.3			0.8132476960519524
4299.2			0.6844632894321421
4300.1			0.6070725187488877
4301.0			0.6584037887187318
4301.9			0.7325144915013307
4302.8			0.734811777269459
4303.7			0.6995312701350858
4304.6			0.6866039297914747
4305.5			0.7300725876192018
4306.4			0.7605168787285473
4307.3			0.6882788054678021
4308.2			0.6059732273361068
4309.1			0.6064535051292846
4310.0			0.6502855277128979
4310.9			0.6944657318863868
4311.8			0.7332822689811046
4312.7			0.800929110518226
4313.6			0.9006968854447835
4314.5			1.0255612239208227
4315.4			1.1847113470183541
4316.3			1.3210511447873687
4317.2			1.371122081177552
4318.1			1.3534966417399863
4319.0			1.3555914192500298
4319.9			1.0
4320.8			0.9803169450552687
4321.7			0.9491066978921598
4322.6			0.895921275272175
4323.5			0.7776089515851111
4324.4			0.6464560041083363
4325.3			0.572218459682095
4326.2			0.6142385639306088
4327.1			0.7718575274173302
4328.0			0.9373784704681865
4328.9			1.0127935851640424
4329.8			0.9959724956984559
4330.7			1.0
4331.6			1.0
4332.5			1.0
4333.4			1.0
4334.3			1.0
4335.2			1.0383749841462027
4336.1			1.0320899235676848
4337.0			0.9178618578401488
4337.9			0.798261271032856
4338.8			0.7398981014434058
4339.7			0.6866648086849636
4340.6			0.6859077220782835
4341.5			0.7911746620521297
4342.4			0.9032132951609558
4343.3			0.9393113274934853
4344.2			0.9481852801655566
4345.1			0.9793552567153071
4346.0			0.9975301484191937
4346.9			1.0
4347.8			0.9847093778439807
4348.7			1.0099609408432866
4349.6			1.017129796595092
4350.5			0.9209657059066264
4351.4			0.7799350511227207
4352.3			0.7344093564981232
4353.2			0.8021570555411385
4354.1			0.8773760027275055
4355.0			0.8817423613467238
4355.9			0.9102401792967565
4356.8			1.00333284188205
4357.7			1.0
4358.6			1.0
4359.5			1.0
4360.4			1.0
4361.3			1.0
4362.2			1.0
4363.1			1.0
4364.0			1.0
4364.9			1.0
4365.8			1.0435536815806865
4366.7			0.9792603975805125
4367.6			0.9293145980903318
4368.5			0.9723542661068341
4369.4			1.0276432392674957
4370.3			1.031895717481522
4371.2			1.0290458597352286
4372.1			1.0584800302633064
4373.0			1.0799708979003175
4373.9			1.0334116781300546
4374.8			0.9767198545541759
4375.7			1.0641782659474686
4376.6			1.2564352754926251
4377.5			1.365299542950448
4378.4			1.0
4379.3			0.9958018176820078
4380.2			0.9835468152722576
4381.1			0.9783779557708975
4382.0			0.9196999837504224
4382.9			0.7438173565859598
4383.8			0.6174074488152363
4384.7			0.682253174757547
4385.6			0.8490841880495531
4386.5			0.9610225560080945
4387.4			0.9918401384389619
4388.3			0.9977406607943151
4389.2			1.0
4390.1			1.0
4391.0			1.0
4391.9			1.0
4392.8			1.0
4393.7			1.0015572294157886
4394.6			0.9430682043823178
4395.5			0.9357045316034855
4396.4			0.9889458308759984
4397.3			1.0410740360140482
4398.2			1.034221831805405
4399.1			0.9613240555243232
4400.0			0.8998289414938009
4400.9			0.9231294226739274
4401.8			0.9873162121084752
4402.7			1.0072156196119526
4403.6			0.9463721439646015
4404.5			0.8616949984353129
4405.4			0.8863373236995019
4406.3			0.9751136765677141
4407.2			0.9913573921246782
4408.1			0.9433576565929385
4409.0			0.9431391476542585
4409.9			1.0455914944112892
4410.8			1.0
4411.7			1.0587910184092546
4412.6			1.093969700573431
4413.5			1.051441795757411
4414.4			0.9225403144189542
4415.3			0.8271851981420971
4416.2			0.8386797577428802
4417.1			1.0
4418.0			1.0633772904549479
4418.9			1.1105210824335352
4419.8			1.1280135824437434
4420.7			1.0691914987302293
4421.6			0.9808037999723145
4422.5			0.9668450959651249
4423.4			1.004234374434137
4424.3			1.0154939565649226
4425.2			1.0000692951414896
4426.1			0.9857736369893408
4427.0			0.9646080867196706
4427.9			0.9597238083401628
4428.8			0.9680905708794112
4429.7			0.9446958103579609
4430.6			0.9176230362665153
4431.5			0.9473798931234294
4432.4			0.9984174188734624
4433.3			0.982212590639494
4434.2			0.8891282604801104
4435.1			0.8014080456752442
4436.0			0.8094556085231774
4436.9			0.9090026606699553
4437.8			1.0143742643617268
4438.7			1.058356684747104
4439.6			1.0398587071730665
4440.5			0.979503333982636
4441.4			0.9029495680339682
4442.3			0.8460604828361806
4443.2			0.8331653031504382
4444.1			0.8859318779307502
4445.0			0.978225503812369
4445.9			1.0148244845761174
4446.8			0.9757134250546805
4447.7			0.9651196445371724
4448.6			0.9966551096949535
4449.5			0.9925786049472645
4450.4			1.0
4451.3			1.0137481710056586
4452.2			1.0397052065119776
4453.1			1.0229277030429662
4454.0			0.9579085954911111
4454.9			0.8947854880968783
4455.8			0.8877449616781488
4456.7			0.8954262251575296
4457.6			0.8948705155856533
4458.5			0.9113508813241938
4459.4			0.9238922235302683
4460.3			0.8841683228144113
4461.2			0.8259043727001364
4462.1			0.8288363585160303
4463.0			0.9050684449390722
4463.9			0.9926175366405937
4464.8			1.0113450616653863
4465.7			1.0017951908652996
4466.6			1.006418112505843
4467.5			0.9822616848588346
4468.4			0.9297908989414764
4469.3			0.9174958707716434
4470.2			0.9577005408345017
4471.1			1.000136229068474
4472.0			1.0
4472.9			1.0
4473.8			1.0659058016355303
4474.7			1.0724622017154197
4475.6			1.0235885541766705
4476.5			1.0043886657189505
4477.4			1.0229716373763444
4478.3			1.0228527289479308
4479.2			0.9996818717834327
4480.1			0.9662246974944732
4481.0			0.9399425696632541
4481.9			0.9377851906308132
4482.8			0.9746701889193807
4483.7			1.056303569403609
4484.6			1.0
4485.5			0.992200494766025
4486.4			0.9686956132526878
4487.3			0.9395676073244452
4488.2			0.9205965231724517
4489.1			0.8991451321489242
4490.0			0.8817994510869475
4490.9			0.8982367614637519
4491.8			0.9312293040478132
4492.7			0.9426279047328178
4493.6			0.8989757765885852
4494.5			0.8390875657103042
4495.4			0.8371095898241662
4496.3			0.8759463026767971
4497.2			0.9385623579555914
4498.1			0.9894042081428183
4499.0			0.9874796362238013
4499.9			0.9493116504132929
4500.8			0.8809181729747056
4501.7			0.845025454010095
4502.6			0.8850690307975984
4503.5			0.9621268539229918
4504.4			0.9960161181207426
4505.3			1.0000265647721778
4506.2			1.0
4507.1			1.0
4508.0			1.0
4508.9			1.0
4509.8			1.0
4510.7			1.0
4511.6			1.0
4512.5			1.0
4513.4			1.0
4514.3			1.0
4515.2			1.0
4516.1			1.0
4517.0			1.0
4517.9			1.0
4518.8			1.0
4519.7			1.0020408751587513
4520.6			0.995788781955689
4521.5			0.9902426274154114
4522.4			0.9721710919280677
4523.3			0.9582331790496027
4524.2			0.9386902768726555
4525.1			0.9000091513292244
4526.0			0.8791289824843829
4526.9			0.884479263548475
4527.8			0.8840711306728128
4528.7			0.8616652976602893
4529.6			0.8344714322329765
4530.5			0.8459956152082624
4531.4			0.9274515263567698
4532.3			0.9929496525544842
4533.2			0.9511898498225789
4534.1			0.8726163748923276
4535.0			0.8327080614006652
4535.9			0.8531199116301331
4536.8			0.9371140895832484
4537.7			1.024401155076783
4538.6			1.066640322053079
4539.5			1.0428302062903803
4540.4			0.9777271919210194
4541.3			1.0
4542.2			1.0455395423649574
4543.1			1.0716354328230975
4544.0			1.0306510925045569
4544.9			0.9871436041259699
4545.8			1.0151709871122023
4546.7			1.0355303144517105
4547.6			1.0264207556142446
4548.5			0.9978999894835098
4549.4			0.9555544771415257
4550.3			0.9671293671196529
4551.2			0.9884152376863027
4552.1			0.9663158010646037
4553.0			0.9545012367064297
4553.9			0.9446349969805657
4554.8			0.902584406278284
4555.7			0.8986966211046176
4556.6			0.9751006172170521
4557.5			1.0564536762803483
4558.4			1.0732882116227835
4559.3			1.0
4560.2			0.988193935617619
4561.1			0.9929363397334167
4562.0			0.9677870655601792
4562.9			0.9239624197331712
4563.8			0.8874338461120531
4564.7			0.8655597980562998
4565.6			0.8961820186434907
4566.5			0.9669064240904803
4567.4			1.0055006873287426
4568.3			1.0008627446979903
4569.2			1.0001210661313522
4570.1			1.0
4571.0			1.0
4571.9			1.0
4572.8			1.0173793301265868
4573.7			1.0484608539013354
4574.6			1.0288772653206277
4575.5			1.0
4576.4			1.0157495546181337
4577.3			1.0447235619957995
4578.2			1.0595322537438967
4579.1			0.9951665643483636
4580.0			0.8800348785693638
4580.9			0.8383047621234386
4581.8			0.8852918859516105
4582.7			0.9342632653770732
4583.6			0.947313873494432
4584.5			0.9354545017953905
4585.4			0.8969870829353117
4586.3			0.8707290966573454
4587.2			0.915943817151143
4588.1			0.9863692189518799
4589.0			1.0211049092368634
4589.9			1.0079728790855376
4590.8			0.9570699194139122
4591.7			0.9087580666327797
4592.6			0.8935577754157065
4593.5			0.90700667633561
4594.4			0.9153464579251269
4595.3			0.902179448990383
4596.2			0.893397801493484
4597.1			0.9029300417269212
4598.0			0.9252877736427317
4598.9			0.9493474341376923
4599.8			0.9392667517454057
4600.7			0.9063806672126516
4601.6			0.9029738504776857
4602.5			0.9109427047085786
4603.4			0.8979803154307199
4604.3			0.8774154312828405
4605.2			0.8736049718516211
4606.1			0.8867785912228479
4607.0			0.9136182619622596
4607.9			0.9615495576463748
4608.8			1.0013469332266705
4609.7			1.0
4610.6			1.0
4611.5			1.0
4612.4			1.0
4613.3			1.0
4614.2			1.0
4615.1			1.0
4616.0			1.0
4616.9			1.0
4617.8			1.0
4618.7			1.0
4619.6			1.0
4620.5			1.0
4621.4			1.0
4622.3			1.0
4623.2			1.0
4624.1			1.0
4625.0			1.0
4625.9			1.0
4626.8			1.0
4627.7			1.0
4628.6			0.9749297097345132
4629.5			0.9580565331116353
4630.4			0.984154382747896
4631.3			1.0283281849603272
4632.2			1.01774589173545
4633.1			0.9868443163391771
4634.0			0.9827932684500129
4634.9			0.9902020487107335
4635.8			0.9981120796017053
4636.7			0.9779076645298916
4637.6			1.0
4638.5			1.0086642749983343
4639.4			1.006597749643024
4640.3			1.0233534430177356
4641.2			1.078841085781619
4642.1			1.1152598294432419
4643.0			1.1170377042467075
4643.9			1.0869816051982961
4644.8			1.0301949149113692
4645.7			0.9810455209130852
4646.6			0.9580452865608753
4647.5			0.9567483774614902
4648.4			0.963995947800618
4649.3			0.9918699700590641
4650.2			1.0127291630753992
4651.1			1.0
4652.0			1.0284764363597427
4652.9			1.0780741048307914
4653.8			1.0
4654.7			0.9333715589102992
4655.6			0.9025177329854823
4656.5			0.9167685594585182
4657.4			0.973076764678609
4658.3			1.0327669179742929
4659.2			1.0507321665174099
4660.1			1.0400724587104289
4661.0			1.0217676718249407
4661.9			0.9946845722934993
4662.8			0.9590974785730114
4663.7			0.9537139829113573
4664.6			0.9805871999531645
4665.5			0.9766446007278801
4666.4			0.9157066302852747
4667.3			0.8452100106674211
4668.2			0.8503030704383132
4669.1			0.9162335612332434
4670.0			0.9622152916934608
4670.9			0.9821673996487337
4671.8			0.9850969044753296
4672.7			0.9827745057707223
4673.6			0.9949460157176666
4674.5			1.012022297389204
4675.4			1.0352062379652456
4676.3			1.0516697519683942
4677.2			1.054134295059137
4678.1			1.035323801713264
4679.0			1.0092449756123667
4679.9			0.9998321296897433
4680.8			1.0
4681.7			1.0
4682.6			1.0
4683.5			1.0
4684.4			1.0
4685.3			1.0
4686.2			1.0
4687.1			1.0
4688.0			1.0
4688.9			1.0
4689.8			1.0
4690.7			1.0
4691.6			1.0
4692.5			1.0
4693.4			1.032305174876309
4694.3			1.0612557055230007
4695.2			1.0572869397114122
4696.1			1.0546086600671787
4697.0			1.0392843145942519
4697.9			0.9610762638172669
4698.8			0.9213952320059163
4699.7			0.9471324743251515
4700.6			0.9840412651404158
4701.5			0.9814721438509247
4702.4			0.9312625756158449
4703.3			0.8929830267516543
4704.2			0.915853195311682
4705.1			0.9493293323655333
4706.0			0.940646482486024
4706.9			0.9116713668373533
4707.8			0.8852127731814323
4708.7			0.8911870086135542
4709.6			0.9013737283896539
4710.5			1.0
4711.4			1.0359666488025958
4712.3			1.0560966561480107
4713.2			1.0683280715151926
4714.1			1.0382977088000704
4715.0			1.0114053029545078
4715.9			1.0078463025814646
4716.8			1.0493390083659246
4717.7			1.0819269801959812
4718.6			1.054380222145205
4719.5			1.04699888240921
4720.4			1.0717804855839428
4721.3			1.0663503975787818
4722.2			1.0585537606050694
4723.1			1.067007472670364
4724.0			1.0858645314578794
4724.9			1.1055237763158836
4725.8			1.081615065657912
4726.7			0.9870720444191805
4727.6			0.9051445739194075
4728.5			0.8780913219140807
4729.4			0.8841159617406197
4730.3			0.9136707873161379
4731.2			0.9596051703645633
4732.1			0.9853929053584501
4733.0			0.9971234988481777
4733.9			0.9968611009463888
4734.8			0.992900849060212
4735.7			0.9704528680849082
4736.6			0.928906490579867
4737.5			0.9512581994758706
4738.4			0.9976532802688494
4739.3			0.993151324646904
4740.2			0.9674467292005672
4741.1			0.9329115577041294
4742.0			0.9237230978588642
4742.9			0.9489931870405958
4743.8			0.9799380097730123
4744.7			0.9890776006679953
4745.6			1.0019680748471256
4746.5			1.0
4747.4			1.0
4748.3			1.0
4749.2			1.0
4750.1			1.0
4751.0			1.0
4751.9			1.0
4752.8			0.9738589713721968
4753.7			0.9703770334949278
4754.6			0.9594937355360711
4755.5			0.9736355453521677
4756.4			0.9730406775173611
4757.3			0.9567041807472263
4758.2			0.9596555905704444
4759.1			0.9741099585653074
4760.0			0.9926536076706377
4760.9			0.9908848115458173
4761.8			0.957071654833961
4762.7			0.9118584064438129
4763.6			0.8937262685272932
4764.5			0.880463959693731
4765.4			0.8751501093350116
4766.3			0.907846511378228
4767.2			0.9225908436439901
4768.1			0.9222731039306862
4769.0			0.9606564109684456
4769.9			0.9778342165361615
4770.8			0.9619552270971026
4771.7			0.9609493542412154
4772.6			0.9513808384560374
4773.5			0.9599208510950826
4774.4			1.0082781245782333
4775.3			1.019495691223621
4776.2			0.9811919385676046
4777.1			0.9722928509370113
4778.0			1.0
4778.9			1.0221508981806815
4779.8			1.0199242128407189
4780.7			1.0225312222511633
4781.6			0.9980236002800031
4782.5			0.961971294156273
4783.4			0.9462582813478728
4784.3			0.9606114130115582
4785.2			0.9771198113970372
4786.1			0.9546033252032778
4787.0			0.9272327355314169
4787.9			0.9283838921040263
4788.8			0.9249245003557212
4789.7			0.9215200837276066
4790.6			0.9521501418634639
4791.5			0.9785356351688722
4792.4			0.9952399636020857
4793.3			1.0222040589140875
4794.2			1.052584929798877
4795.1			1.0600087174862323
4796.0			1.0430978713479004
4796.9			1.0333444498845463
4797.8			1.0160723944883605
4798.7			0.9852006720152718
4799.6			0.9765362254858534
4800.5			0.999611283393815
4801.4			1.0
4802.3			1.0
4803.2			1.0
4804.1			1.0
4805.0			1.0
4805.9			1.0
4806.8			1.0
4807.7			1.0
4808.6			1.0
4809.5			1.0
4810.4			1.0
4811.3			1.0
4812.2			1.0
4813.1			1.0
4814.0			1.0
4814.9			1.0
4815.8			1.0
4816.7			1.0
4817.6			1.0
4818.5			1.0
4819.4			1.0
4820.3			1.0
4821.2			1.0
4822.1			1.0
4823.0			1.0
4823.9			1.0
4824.8			1.0
4825.7			1.0
4826.6			1.0
4827.5			1.0
4828.4			1.0
4829.3			0.9939945885030623
4830.2			1.0046756192378172
4831.1			0.9809325585217901
4832.0			0.9320397099152553
4832.9			0.9156009275604136
4833.8			0.949480093397023
4834.7			0.9860904642829497
4835.6			0.9995912172938959
4836.5			1.0011259432500768
4837.4			1.0
4838.3			1.0
4839.2			1.0
4840.1			1.0
4841.0			1.0
4841.9			1.0
4842.8			1.0
4843.7			1.0
4844.6			1.0
4845.5			1.0
4846.4			1.0
4847.3			1.0
4848.2			1.0
4849.1			1.0
4850.0			1.0497270036783262
4850.9			1.0730685549927297
4851.8			1.0921516755305476
4852.7			1.097541944440885
4853.6			1.0639050115349489
4854.5			1.0101543821781735
4855.4			0.9747841712844081
4856.3			1.0052881786937058
4857.2			1.0506400009919812
4858.1			1.0464587380828085
4859.0			0.9983623705351694
4859.9			0.889053927001366
4860.8			0.7809242691607414
4861.7			0.7984044385321515
4862.6			0.9207335555154548
4863.5			1.0151894043466108
4864.4			1.0
4865.3			1.021845461620142
4866.2			1.0277593379965881
4867.1			1.0354515515359124
4868.0			1.0318239482713618
4868.9			1.034183890176667
4869.8			0.9981270392985414
4870.7			0.920930839976804
4871.6			0.8983773453514143
4872.5			0.9415137998364571
4873.4			0.975787147204405
4874.3			0.9761139094470035
4875.2			0.9601338421066219
4876.1			0.9656028127757382
4877.0			0.9888468967578723
4877.9			1.0
4878.8			1.0265047021468108
4879.7			1.040819010276358
4880.6			0.998394450869232
4881.5			0.9608380014875074
4882.4			0.9755166755529657
4883.3			0.9818093551747878
4884.2			0.9537743476768049
4885.1			0.932577208141647
4886.0			0.9256467191131885
4886.9			0.9270662594907861
4887.8			0.9523473744434585
4888.7			0.9716457215000146
4889.6			0.9446328274849457
4890.5			0.9059609190225762
4891.4			0.9058172052901304
4892.3			0.9552099986122655
4893.2			1.0201691821019567
4894.1			1.0551000756477806
4895.0			1.062788541618795
4895.9			1.0686825548758048
4896.8			1.0763095736909372
4897.7			1.073669855699683
4898.6			1.0273410550929123
4899.5			0.9686773307805407
4900.4			0.9818843110500428
4901.3			1.024254458550553
4902.2			1.0001832540793936
4903.1			1.0
4904.0			1.0
4904.9			1.042307894335654
4905.8			1.0806773099809868
4906.7			1.0784921989307246
4907.6			1.0269265958390494
4908.5			0.9719165044221666
4909.4			0.9237811884092358
4910.3			0.8832628889927012
4911.2			1.0
4912.1			1.043340887774628
4913.0			1.0669766465541606
4913.9			1.094811500619763
4914.8			1.1158299331573933
4915.7			1.1145250132585476
4916.6			1.094855886956297
4917.5			1.0378601571979558
4918.4			0.9420940320287262
4919.3			0.8529144832099931
4920.2			0.8339703204505083
4921.1			0.879128268824924
4922.0			0.922638233827604
4922.9			0.9513481829123127
4923.8			0.949467468725355
4924.7			0.9376246142173138
4925.6			0.9598161140595831
4926.5			0.9800340173717829
4927.4			0.9888718953849399
4928.3			1.0031468207049417
4929.2			1.0
4930.1			1.0
4931.0			1.0
4931.9			1.0
4932.8			1.0
4933.7			1.0
4934.6			1.0040074246141102
4935.5			1.0569349812818378
4936.4			1.0448476423646293
4937.3			0.979886915495725
4938.2			0.9157958665337983
4939.1			0.881140015411468
4940.0			0.9130676954983422
4940.9			0.9648509646440971
4941.8			0.9813470714135892
4942.7			0.9912453113015726
4943.6			0.9986863794328761
4944.5			1.0
4945.4			1.0
4946.3			1.0
4947.2			1.0
4948.1			1.0
4949.0			1.0
4949.9			1.0
4950.8			1.0
4951.7			1.0
4952.6			1.0
4953.5			1.0
4954.4			1.0
4955.3			1.0011078567578446
4956.2			0.9422727541604339
4957.1			0.8563074745627075
4958.0			0.8509616081669099
4958.9			0.9312602219327857
4959.8			1.0
4960.7			1.0098574207817614
4961.6			0.9952996357702776
4962.5			0.9873301469449351
4963.4			1.0000524081022115
4964.3			0.9884009683935623
4965.2			0.9398081987903608
4966.1			0.9201090245200751
4967.0			0.9131415216007869
4967.9			0.8944230944425612
4968.8			0.9080284203871455
4969.7			0.9382237586063051
4970.6			0.9435182485952377
4971.5			0.9568383883873957
4972.4			1.0
4973.3			1.0094757759322974
4974.2			1.02718306594549
4975.1			1.0322867770748465
4976.0			1.0169691947570432
4976.9			0.9657094229617927
4977.8			0.939691280650342
4978.7			0.9589704196281533
4979.6			0.9622164915084797
4980.5			0.9485911634207466
4981.4			0.9331324874411326
4982.3			0.9107984415520498
4983.2			0.8969455841628728
4984.1			0.9061875998517283
4985.0			0.9145640396384448
4985.9			0.9269160559964372
4986.8			1.0
4987.7			1.04344421349593
4988.6			1.0418470437963303
4989.5			1.0017017478215358
4990.4			0.9641172366371877
4991.3			0.9724496209487405
4992.2			1.018221502904971
4993.1			1.0371052008768398
4994.0			1.0012219146708956
4994.9			1.0074678293731192
4995.8			1.0563941124663503
4996.7			1.079837541837347
4997.6			1.0650444792970575
4998.5			1.022648460240904
4999.4			0.978898903215854
5000.3			0.9716928466457657
5001.2			0.9949213078884666
5002.1			1.0225786114145277
5003.0			1.0356865821713084
5003.9			1.0233284174329558
5004.8			0.9923662341225523
5005.7			0.9649303244849352
5006.6			0.9581261801875164
5007.5			0.9873954267572079
5008.4			1.0436072637673948
5009.3			1.0567353169434819
5010.2			1.0350494221546578
5011.1			1.0167668971764792
5012.0			0.9876358405524682
5012.9			0.9459024231725212
5013.8			0.931208943680555
5014.7			0.9714615874832254
5015.6			1.0202462641558534
5016.5			1.0381845120808475
5017.4			1.037187048345508
5018.3			1.036556345870318
5019.2			1.0490474294127605
5020.1			1.064543376789738
5021.0			1.0610950855812145
5021.9			1.0437991602571242
5022.8			1.0393177607703885
5023.7			1.0805957667902062
5024.6			1.1118187178923693
5025.5			1.1139274034311701
5026.4			1.1105195907938923
5027.3			1.0889557858829961
5028.2			1.115529752755368
5029.1			1.162937153065283
5030.0			1.1750024279676885
5030.9			1.1740982561392024
5031.8			1.0
5032.7			1.016737897199366
5033.6			1.0380434702932886
5034.5			1.0076092230019535
5035.4			0.9505616947726447
5036.3			0.9392655038585247
5037.2			0.9764817023403028
5038.1			0.98239119336182
5039.0			0.9261304784880297
5039.9			0.880287751223175
5040.8			0.8335017781144003
5041.7			0.8368289707614065
5042.6			0.9307140056088707
5043.5			1.0249776755637292
5044.4			1.0967390045479086
5045.3			1.1319344863840806
5046.2			1.1293844109405526
5047.1			1.1100812577101378
5048.0			1.0720130254238245
5048.9			1.010066769594704
5049.8			0.972959082114722
5050.7			1.0034179348012044
5051.6			1.0
5052.5			1.0
5053.4			1.0
5054.3			1.0
5055.2			1.0
5056.1			1.0
5057.0			1.0
5057.9			1.0
5058.8			1.0
5059.7			1.0
5060.6			1.0
5061.5			1.0
5062.4			1.0
5063.3			1.0
5064.2			1.0
5065.1			1.0
5066.0			1.0249142756882184
5066.9			1.0472353789131563
5067.8			1.0339363458467115
5068.7			1.0227968028700207
5069.6			1.0413791334520157
5070.5			1.0630761640435549
5071.4			1.060482302266596
5072.3			1.0436398268961973
5073.2			1.044388924492619
5074.1			1.0297134233936787
5075.0			1.0122384274958989
5075.9			1.0177560591689527
5076.8			1.038255473674135
5077.7			1.0325581120437064
5078.6			0.9531394221967575
5079.5			0.8588206183874815
5080.4			0.8728037928505349
5081.3			0.9327003932997586
5082.2			0.9553814784373572
5083.1			0.9445754279386699
5084.0			0.9561762846337166
5084.9			0.9765427336307114
5085.8			0.9761816852517876
5086.7			0.9700452354087573
5087.6			1.0
5088.5			1.0146084594662028
5089.4			1.023578064844319
5090.3			1.0191170731152432
5091.2			1.0258705232129366
5092.1			1.0462995014737901
5093.0			1.062669660245397
5093.9			1.0604682593764403
5094.8			1.0424749532383955
5095.7			1.0346537679881187
5096.6			1.0262035661828193
5097.5			0.9839646296777248
5098.4			0.930665872189177
5099.3			0.91533814163242
5100.2			0.9590052305777484
5101.1			1.0085012929297363
5102.0			1.0199790571349527
5102.9			0.9975589117256506
5103.8			0.9808644306268738
5104.7			0.9744032160867814
5105.6			0.9864890357820756
5106.5			0.9772666066355313
5107.4			0.9386455197100779
5108.3			0.9334051664206644
5109.2			0.9435359658466576
5110.1			0.9532697175097412
5111.0			0.9639417536962338
5111.9			0.9716246721024943
5112.8			0.957736529364117
5113.7			0.9857981246864645
5114.6			1.0243687020358772
5115.5			1.0240097714991885
5116.4			1.026838945620547
5117.3			1.049515425382087
5118.2			1.064208424339571
5119.1			1.0567257908505314
5120.0			1.0114540560581973
5120.9			0.9713432282698525
5121.8			0.9668073717037018
5122.7			0.9466950983158413
5123.6			0.8806443947449935
5124.5			0.8566134802101457
5125.4			0.8929349804018104
5126.3			0.9286710925170341
5127.2			0.9240036138886565
5128.1			0.9131815510698078
5129.0			0.9118223713912516
5129.9			1.0
5130.8			1.0054401940063806
5131.7			1.014836824762289
5132.6			1.0180290081940537
5133.5			1.046080100135579
5134.4			1.083207380560842
5135.3			1.0804317876677318
5136.2			1.04623445052216
5137.1			1.039448473058897
5138.0			1.0305787103912676
5138.9			0.9797426846536309
5139.8			0.9807720944434561
5140.7			1.0084511480098033
5141.6			0.9781279211504104
5142.5			0.9455580969945233
5143.4			0.9804518410869576
5144.3			1.029068966004647
5145.2			1.019646091313296
5146.1			0.9791205138809943
5147.0			0.9619844631265319
5147.9			0.9874499320351525
5148.8			1.0458099760349029
5149.7			1.0750738893344982
5150.6			1.038915279844144
5151.5			1.0126119106107268
5152.4			1.0272644548784693
5153.3			1.0299141149017328
5154.2			1.000067768674841
5155.1			0.854940572534481
5156.0			0.9026586689090282
5156.9			0.9567602333684774
5157.8			0.9687481908517747
5158.7			0.9641082201389595
5159.6			0.974558766530873
5160.5			1.0001755778725119
5161.4			1.0
5162.3			1.0
5163.2			0.9861558063084496
5164.1			0.9729460194497864
5165.0			0.907605516460813
5165.9			0.8187344659558824
5166.8			0.7267979324786555
5167.7			0.6818758457621238
5168.6			0.7522688615683117
5169.5			0.8786849806887839
5170.4			0.9263657896488486
5171.3			0.8147718551716417
5172.2			0.6662977607026249
5173.1			0.6766437682579453
5174.0			0.8471797238861184
5174.9			1.0016955888955468
5175.8			1.0628372464674565
5176.7			1.0839882738143685
5177.6			1.0920761608415128
5178.5			1.0
5179.4			0.981154594633101
5180.3			0.9598489517215001
5181.2			0.9141678023718438
5182.1			0.814543984517695
5183.0			0.6692664318110678
5183.9			0.6130721099469193
5184.8			0.750861514084599
5185.7			0.9255325470475054
5186.6			1.0096393924851523
5187.5			0.9962357646112958
5188.4			0.9982868163347787
5189.3			1.0
5190.2			1.0
5191.1			1.0
5192.0			1.0
5192.9			1.0
5193.8			1.0
5194.7			1.0
5195.6			1.0
5196.5			1.0
5197.4			1.0
5198.3			1.0
5199.2			1.0
5200.1			1.0
5201.0			1.0221418357397425
5201.9			1.00333396952616
5202.8			0.9699515327499191
5203.7			0.9580140259764606
5204.6			0.91164442467867
5205.5			0.8734805016116003
5206.4			0.8862375056176924
5207.3			0.9019289333029998
5208.2			0.8735675344593612
5209.1			0.8683715498969012
5210.0			0.9119106258452033
5210.9			0.958186070529419
5211.8			1.0053466542891663
5212.7			1.0
5213.6			0.9905337112184364
5214.5			0.9579514980678371
5215.4			0.9151687338833069
5216.3			0.9244444032500158
5217.2			0.9552067669107097
5218.1			0.9652340461796391
5219.0			0.9694291128044868
5219.9			0.9874580750257
5220.8			1.0020910596594572
5221.7			0.9907551384025463
5222.6			0.9501992013379986
5223.5			0.903071031456106
5224.4			0.8661792580786827
5225.3			0.8366869670302965
5226.2			0.8064054984578266
5227.1			0.7959883534678657
5228.0			0.8680715067962876
5228.9			0.93243158111145
5229.8			0.9420730870481673
5230.7			0.9461853456861217
5231.6			0.9444806980277803
5232.5			0.9173223032335551
5233.4			0.8781784541631484
5234.3			0.8746720694351112
5235.2			0.9037226991425161
5236.1			0.9302760191687335
5237.0			0.9842591356732142
5237.9			1.0265850543958874
5238.8			1.0163788234713007
5239.7			0.984657082931765
5240.6			1.000191121134469
5241.5			1.0
5242.4			1.0
5243.3			1.0
5244.2			1.0
5245.1			1.0117219298077536
5246.0			0.9733682106630985
5246.9			0.9272532346153821
5247.8			0.9233782593746638
5248.7			0.9294491113434105
5249.6			0.9067226811834622
5250.5			0.9058617143233001
5251.4			0.9684008008315318
5252.3			1.0083053927871957
5253.2			1.0
5254.1			0.9600015652373884
5255.0			0.9475000005362932
5255.9			0.9919078991142851
5256.8			1.041721619697934
5257.7			1.0533817909544219
5258.6			1.0528282824352937
5259.5			1.0549197081785777
5260.4			1.0235880193618274
5261.3			0.9712733690705234
5262.2			0.9229174537377455
5263.1			0.8942396732620289
5264.0			0.8597999926142752
5264.9			0.8371213280033908
5265.8			0.8412341199027122
5266.7			0.8895596317973911
5267.6			0.9329387336978117
5268.5			0.8771623124537988
5269.4			0.790657987258639
5270.3			0.8040203212998309
5271.2			0.9021845412705963
5272.1			0.9666659702310582
5273.0			0.9652986053392267
5273.9			0.9569158618646273
5274.8			0.9402207290345246
5275.7			0.9179053761712636
5276.6			0.9543270739650688
5277.5			1.0
5278.4			1.040911027956131
5279.3			1.039906562374937
5280.2			0.9984506174404139
5281.1			0.9507490210892972
5282.0			0.9308207908627563
5282.9			0.9134136787968594
5283.8			0.915129075600957
5284.7			0.9547525156952955
5285.6			1.003091018183486
5286.5			1.015092857133236
5287.4			1.00102612146129
5288.3			1.0
5289.2			1.0
5290.1			1.0
5291.0			1.0
5291.9			0.9837688570124843
5292.8			0.9422942911610073
5293.7			0.9309912196338966
5294.6			0.9501739412101128
5295.5			0.9600689486270788
5296.4			0.8989321294272908
5297.3			0.8146382607783431
5298.2			0.8088292833214943
5299.1			0.8854223609917534
5300.0			0.9306775885241781
5300.9			0.9090872056720938
5301.8			0.9092579379215847
5302.7			0.9313048307678204
5303.6			0.9694100584542361
5304.5			1.0001666954245763
5305.4			1.0
5306.3			1.0
5307.2			1.0
5308.1			1.0
5309.0			1.0
5309.9			1.0
5310.8			1.0
5311.7			1.0
5312.6			1.0
5313.5			1.0
5314.4			1.0
5315.3			1.0
5316.2			1.0
5317.1			1.0
5318.0			1.0
5318.9			1.0
5319.8			1.0
5320.7			1.0
5321.6			1.0
5322.5			1.0
5323.4			1.0
5324.3			0.9786790814158142
5325.2			0.9972866401585515
5326.1			1.0097348906603352
5327.0			0.946967140953184
5327.9			0.84039977613026
5328.8			0.8318239222516007
5329.7			0.9373839466628698
5330.6			1.0152325296765903
5331.5			1.0360814042234017
5332.4			1.009196361772357
5333.3			1.0003464715695096
5334.2			1.0
5335.1			1.0
5336.0			1.0
5336.9			1.0
5337.8			1.0
5338.7			1.0
5339.6			1.0
5340.5			1.0
5341.4			1.0
5342.3			1.0
5343.2			1.0
5344.1			1.0
5345.0			1.0
5345.9			1.0
5346.8			1.0
5347.7			1.0
5348.6			1.0
5349.5			1.0
5350.4			1.0
5351.3			1.0
5352.2			1.0
5353.1			1.0
5354.0			1.0
5354.9			1.0
5355.8			1.0
5356.7			1.0
5357.6			1.0
5358.5			1.0
5359.4			1.0
5360.3			1.0
5361.2			1.0
5362.1			1.0
5363.0			1.0
5363.9			1.0
5364.8			1.0
5365.7			0.9995198413773816
5366.6			1.0222540719361088
5367.5			1.038041033552662
5368.4			1.0285152981563144
5369.3			0.9808551869469507
5370.2			0.9086512575565536
5371.1			0.8729475409816587
5372.0			0.9006311512175794
5372.9			0.9474602859282067
5373.8			0.9760598509647592
5374.7			1.0152361470100084
5375.6			1.0309531238366132
5376.5			1.0012425618675722
5377.4			1.0
5378.3			1.0
5379.2			1.0
5380.1			1.0
5381.0			0.9775096920580219
5381.9			0.9546034366553193
5382.8			0.9601234613761788
5383.7			0.9813957863808381
5384.6			1.0043728196552137
5385.5			1.013830119829605
5386.4			1.0164111578772204
5387.3			1.024916452393149
5388.2			1.0134246510194242
5389.1			0.9774498135937437
5390.0			0.9645244907513123
5390.9			0.9809957317943183
5391.8			0.9758665459320985
5392.7			0.9658248012495665
5393.6			0.9667617378309711
5394.5			0.9718996873331204
5395.4			0.9722589306661911
5396.3			0.9569106311091826
5397.2			0.9411697819036176
5398.1			0.9691828418240359
5399.0			1.0147584404192498
5399.9			1.0241230846495872
5400.8			1.0267249726538286
5401.7			1.0455806116161177
5402.6			1.042770042588526
5403.5			0.9981621558005311
5404.4			0.9475047034671988
5405.3			0.9147127074815544
5406.2			0.9406396881243694
5407.1			1.0094104944213107
5408.0			1.039662071513854
5408.9			1.0192541922908827
5409.8			0.9865250182056551
5410.7			1.0006449334026273
5411.6			1.0574016694665616
5412.5			1.0990243326306852
5413.4			1.0963450543984894
5414.3			1.0760413480324162
5415.2			1.0845510875830644
5416.1			1.1109458663620984
5417.0			1.1301130728312754
5417.9			1.1236265829346777
5418.8			1.0983608419608872
5419.7			1.0
5420.6			0.9971061969620791
5421.5			1.0171984619376986
5422.4			1.0400910512486297
5423.3			1.0136610533029624
5424.2			0.9765741450866867
5425.1			0.9810430577118406
5426.0			1.0130919622949532
5426.9			1.0199857991356984
5427.8			0.9977021067512941
5428.7			0.9320119891981987
5429.6			0.8857236571270692
5430.5			0.9246233387656595
5431.4			0.9788128928206818
5432.3			0.9677069751446302
5433.2			0.9333124739953431
5434.1			0.9217183199853759
5435.0			0.9159592897682245
5435.9			0.9268708166977028
5436.8			0.9634683303974843
5437.7			0.999976501615779
5438.6			0.9996527744851251
5439.5			1.0
5440.4			1.0
5441.3			1.0
5442.2			1.0
5443.1			1.0
5444.0			0.9911505843231952
5444.9			0.9576532346862765
5445.8			0.9074094676816895
5446.7			0.8692681426304487
5447.6			0.9069442121190134
5448.5			0.978837349278908
5449.4			0.9991576120532373
5450.3			1.0
5451.2			1.0
5452.1			1.0
5453.0			0.98191863720083
5453.9			0.9422046185293861
5454.8			0.889450078504758
5455.7			0.8778155311411865
5456.6			0.929265746551365
5457.5			0.9855240223410615
5458.4			1.0016907327266893
5459.3			1.0
5460.2			1.0
5461.1			1.0
5462.0			1.0
5462.9			1.0
5463.8			1.0
5464.7			1.0389147948538144
5465.6			1.0494085105718576
5466.5			1.028581471178344
5467.4			1.0325613201242743
5468.3			1.0492423278934921
5469.2			1.055859135648081
5470.1			1.0503205791740635
5471.0			1.054745637352355
5471.9			1.0500188623024185
5472.8			1.0224017424853244
5473.7			1.0072837102374839
5474.6			1.0115679791208363
5475.5			0.9774418419434
5476.4			0.9157130565181579
5477.3			0.918725409963543
5478.2			0.9750131963649218
5479.1			1.015837821779183
5480.0			1.0099403001087257
5480.9			0.9786229970253255
5481.8			0.9558654745550292
5482.7			0.9698113543751214
5483.6			1.001553380708834
5484.5			1.031391624512802
5485.4			1.0381849578068423
5486.3			1.0263232348052507
5487.2			1.0116066115844586
5488.1			0.9993187858976341
5489.0			1.0
5489.9			1.0
5490.8			1.0
5491.7			1.0
5492.6			1.0
5493.5			1.0
5494.4			1.0
5495.3			1.0
5496.2			1.0
5497.1			1.0
5498.0			1.0
5498.9			1.0
5499.8			1.0
5500.7			1.0
5501.6			1.0
5502.5			1.0
5503.4			1.0
5504.3			1.0
5505.2			1.0
5506.1			1.0
5507.0			1.0
5507.9			1.0257492732760676
5508.8			1.0228025385637964
5509.7			1.0059337389855805
5510.6			0.9930657614815159
5511.5			0.9656598780022322
5512.4			0.9310862461734021
5513.3			0.9167826245455379
5514.2			0.9248510793288872
5515.1			0.9458352751808271
5516.0			0.9750254009623893
5516.9			0.9925415690145202
5517.8			0.9973542572764407
5518.7			1.0009702314272155
5519.6			1.0
5520.5			1.0
5521.4			1.0
5522.3			1.0
5523.2			1.0
5524.1			1.0059310346483616
5525.0			0.998132372331026
5525.9			0.9743147650799371
5526.8			0.9299484531075277
5527.7			0.8971203701619308
5528.6			0.9196318999658815
5529.5			0.9797508353709814
5530.4			1.0099637356711937
5531.3			1.0005659235541278
5532.2			1.0
5533.1			1.0
5534.0			1.0
5534.9			1.0
5535.8			1.0
5536.7			1.0
5537.6			1.0
5538.5			1.0
5539.4			1.0
5540.3			1.0
5541.2			1.0
5542.1			1.0
5543.0			1.0
5543.9			1.0
5544.8			1.0
5545.7			1.0
5546.6			1.0
5547.5			1.0
5548.4			1.0
5549.3			1.0
5550.200000000001			1.0
5551.1			1.0
5552.0			1.0
5552.9			1.0
5553.8			1.0
5554.700000000001			1.0
5555.6			1.0
5556.5			1.0
5557.4			1.0
5558.3			1.0
5559.200000000001			1.0
5560.1			1.0
5561.0			1.0
5561.9			1.0
5562.8			1.0
5563.700000000001			1.0
5564.6			1.0
5565.5			1.0
5566.4			1.0
5567.3			1.0
5568.200000000001			1.0
5569.1			1.0
5570.0			1.0
5570.9			1.0
5571.8			1.0102229132742373
5572.700000000001			1.0069446116233685
5573.6			1.0109555387312708
5574.5			1.0184612139756986
5575.4			1.0139270975744712
5576.3			1.0147465530248005
5577.200000000001			1.0172746938411692
5578.1			1.0203161382431245
5579.0			1.0329430987871384
5579.9			1.0229856371154837
5580.8			0.996553160584854
5581.700000000001			0.994909503173137
5582.6			1.0056997796471936
5583.5			0.9933827116848573
5584.4			0.9938628638186747
5585.3			1.001628795335155
5586.200000000001			0.9559877277030313
5587.1			0.9248253259309367
5588.0			0.9395094512059828
5588.9			0.9406729955319431
5589.8			0.9370428357651771
5590.700000000001			0.9503337089471368
5591.6			0.9613234879188078
5592.5			0.9705356518065529
5593.4			0.9749002261914314
5594.3			0.9742063063651858
5595.200000000001			1.0063151906071695
5596.1			1.046629247817835
5597.0			1.035307138913456
5597.9			1.0112723781287003
5598.8			1.022067460834316
5599.700000000001			1.0174782417178507
5600.6			0.9916480074134325
5601.5			0.9945382770119221
5602.4			0.9998457193929302
5603.3			1.0
5604.200000000001			1.0
5605.1			1.0
5606.0			1.0
5606.9			1.0
5607.8			1.0
5608.700000000001			1.0
5609.6			1.0
5610.5			1.0273568848812278
5611.4			1.0227236615976694
5612.3			0.9961887173066943
5613.200000000001			0.9699188376143586
5614.1			0.9090586895167921
5615.0			0.8537866315982039
5615.9			0.8618126690577461
5616.8			1.0
5617.700000000001			1.0536398579487674
5618.6			1.0838359512986941
5619.5			1.0932060726008423
5620.4			1.0791734219738083
5621.3			1.0821642785285153
5622.200000000001			1.0854302658575319
5623.1			1.064764776407276
5624.0			1.0093019796135552
5624.9			0.9485940430413669
5625.8			0.953251917448866
5626.700000000001			1.0083578762165284
5627.6			1.0450295950668225
5628.5			1.0660236087713946
5629.4			1.0972796116752939
5630.3			1.1225834548644658
5631.200000000001			1.1072165168217656
5632.1			1.1088030754742613
5633.0			1.1028639272206047
5633.9			1.0518297072049647
5634.8			1.0222484412523356
5635.700000000001			1.0179010541751536
5636.6			1.0156469445007166
5637.5			1.0030703709521214
5638.4			1.0053201178094002
5639.3			1.0202932776875913
5640.200000000001			1.0037428949749492
5641.1			0.9832795285759248
5642.0			1.005354879524505
5642.9			1.0153346568780115
5643.8			1.0261976296427517
5644.700000000001			1.0242391502623471
5645.6			1.0202540914943325
5646.5			1.0280930277476932
5647.4			1.0386321319722873
5648.3			1.0030082235418352
5649.200000000001			0.9723638985602531
5650.1			1.0074250489848076
5651.0			1.0307597751067272
5651.9			1.028210993750112
5652.8			1.0160528778189335
5653.700000000001			1.0253263986092804
5654.6			1.0261325043739986
5655.5			1.0362615064192437
5656.4			1.043881086948035
5657.3			0.9912467326290927
5658.200000000001			0.9457246714851156
5659.1			0.9658954516245328
5660.0			0.9979408887716134
5660.9			1.0013858918831549
5661.8			1.0062089665082
5662.700000000001			1.0107613102166009
5663.6			1.0395477338703483
5664.5			1.050943812136395
5665.4			1.0264695139116287
5666.3			1.0268637038464714
5667.200000000001			1.026056227156712
5668.1			0.9993070209025356
5669.0			0.9832258597891893
5669.9			0.9714732803742103
5670.8			0.9858445199577313
5671.700000000001			1.027041838598291
5672.6			1.0420478609506985
5673.5			1.0
5674.4			1.010620217222245
5675.3			1.0263441682211443
5676.200000000001			1.0409438391871813
5677.1			1.055308088893626
5678.0			1.0339457994599779
5678.9			0.9993265532030022
5679.8			0.9839615332381848
5680.700000000001			0.9798125652053117
5681.6			0.9708219258209426
5682.5			0.9751941785875082
5683.4			0.9820972907664043
5684.3			1.0
5685.200000000001			1.0290517607050407
5686.1			1.0497606462389464
5687.0			1.0784266056698177
5687.9			1.0364042353923317
5688.8			0.9790490617867746
5689.700000000001			0.9981499254121393
5690.6			1.0473153705295546
5691.5			1.0757062211657669
5692.4			1.0910053541335525
5693.3			1.0817136075614442
5694.200000000001			1.0481096420716849
5695.1			1.0280308192479546
5696.0			1.009984037941882
5696.9			0.9977141064313553
5697.8			1.0013153029201118
5698.700000000001			1.0104841550098014
5699.6			0.9929547361926857
5700.5			0.9776137937108027
5701.4			0.9656125172082041
5702.3			0.971195449645537
5703.200000000001			1.0171297472318026
5704.1			1.026181469187421
5705.0			0.9952345932189767
5705.9			0.9688941466218745
5706.8			0.9515788460221059
5707.700000000001			0.9284346153124324
5708.6			0.923353999804335
5709.5			0.94162834956116
5710.4			0.9452766607994587
5711.3			0.9691534609292961
5712.200000000001			0.9807928623189232
5713.1			0.9577018742435103
5714.0			0.973686201988589
5714.9			0.9958769648701286
5715.8			0.9850051846910652
5716.700000000001			0.9881014469418969
5717.6			1.013917584594213
5718.5			1.0362727990009757
5719.4			1.0404086562035582
5720.3			1.0252035155266228
5721.200000000001			1.0080316911352976
5722.1			1.0191154116042684
5723.0			1.0369242889361123
5723.9			1.0282352484687336
5724.8			1.0339713209000243
5725.700000000001			1.0358695304922318
5726.6			1.020160613965362
5727.5			1.0405154811572643
5728.4			1.0708427311371889
5729.3			1.0370969924549296
5730.200000000001			1.0001868475394255
5731.1			0.9943349511858457
5732.0			1.0000664649671123
5732.9			1.0
5733.8			1.0
5734.700000000001			1.0
5735.6			1.0
5736.5			1.0
5737.4			1.0
5738.3			1.0
5739.200000000001			1.0
5740.1			1.0
5741.0			1.0
5741.9			1.0
5742.8			1.0
5743.700000000001			1.0
5744.6			1.0
5745.5			1.0
5746.4			1.0
5747.3			1.0
5748.200000000001			1.0
5749.1			1.026361152406847
5750.0			1.031752439725798
5750.9			0.98811486042336
5751.8			0.9498276384966355
5752.700000000001			0.9266010292424017
5753.6			0.9074873001241831
5754.5			0.937774200136911
5755.4			0.981590404985242
5756.3			0.9960304510425062
5757.200000000001			1.0099005451135787
5758.1			1.0
5759.0			0.9609321375637979
5759.9			0.9421793101094673
5760.8			1.0
5761.700000000001			0.9605585901950193
5762.6			0.9348962409183001
5763.5			0.9445321184953475
5764.4			0.9810644593706362
5765.3			1.025112372688762
5766.200000000001			1.0183558694744264
5767.1			1.0083693514415888
5768.0			1.0255625098774268
5768.9			0.9998298530331606
5769.8			0.9579314414171962
5770.700000000001			0.959307484266036
5771.6			0.9866421050088579
5772.5			0.9910604308813861
5773.4			0.9709448771489189
5774.3			0.9789220363066715
5775.200000000001			0.9981064286153049
5776.1			0.9775530670918652
5777.0			0.9703791059829836
5777.9			0.9731468393644201
5778.8			0.9572778081206552
5779.700000000001			0.9319144166017439
5780.6			0.8921739031655854
5781.5			0.8739850832614752
5782.4			0.895338719781799
5783.3			0.9387517801228452
5784.200000000001			0.9503458171591087
5785.1			0.9212275500064824
5786.0			0.9147993039205653
5786.9			0.9396630393950943
5787.8			0.9740887806013578
5788.700000000001			0.997230486663583
5789.6			0.9855682893109065
5790.5			0.9718923603390709
5791.4			0.9807864242999423
5792.3			1.001655637310098
5793.200000000001			0.9922284221892274
5794.1			0.9704688898256575
5795.0			0.9681992665544279
5795.9			0.9558319183656455
5796.8			0.9576706268958988
5797.700000000001			0.9775763982873829
5798.6			0.9942862144608829
5799.5			0.9948604351734961
5800.4			0.9950080028504047
5801.3			1.0008933479893931
5802.200000000001			1.0
5803.1			1.0
5804.0			1.0
5804.9			1.0
5805.8			1.0
5806.700000000001			1.0
5807.6			1.0
5808.5			1.0
5809.4			1.0
5810.3			1.0
5811.200000000001			1.0
5812.1			1.0
5813.0			1.0
5813.9			1.0
5814.8			1.0
5815.700000000001			1.0
5816.6			1.0
5817.5			1.0
5818.4			1.0
5819.3			1.0
5820.200000000001			1.0
5821.1			1.0
5822.0			1.0
5822.9			1.0
5823.8			1.0
5824.700000000001			1.0050051414717835
5825.6			1.0017965229995447
5826.5			1.0030962836625212
5827.4			1.0058484738243174
5828.3			1.0217204153926431
5829.200000000001			1.028186390985722
5830.1			1.0119781520712043
5831.0			1.0178558294845341
5831.9			1.0546659349899985
5832.8			1.0829412200456476
5833.700000000001			1.0730130208588504
5834.6			1.0599538981010903
5835.5			1.075655303817424
5836.4			1.0974704369421642
5837.3			1.07906757395097
5838.200000000001			1.047689860587484
5839.1			1.0456620654474353
5840.0			1.062453684114829
5840.9			1.087378700743588
5841.8			1.0992052841482909
5842.700000000001			1.0910985359726826
5843.6			1.0856402579538629
5844.5			1.0891030856350459
5845.4			1.1060069309736111
5846.3			1.1191927798530408
5847.200000000001			1.1210937696717775
5848.1			1.1443332650956282
5849.0			1.1546265423624333
5849.9			1.1482696495278322
5850.8			1.1507329662440469
5851.700000000001			1.1509190547281642
5852.6			1.1439252354934648
5853.5			1.142812008574896
5854.4			1.1634400021608136
5855.3			1.1628203034371414
5856.200000000001			1.122320631386386
5857.1			1.1211194198324184
5858.0			1.1736152966064024
5858.9			1.206931281300258
5859.8			1.2243484587606812
5860.700000000001			1.2499404485913232
5861.6			1.2493311430275114
5862.5			1.237469119288684
5863.4			1.249029262760261
5864.3			1.2753075980359572
5865.200000000001			1.2676289118177126
5866.1			1.2267081558221342
5867.0			1.2195594676548174
5867.9			1.2474829122306499
5868.8			1.2873190379636832
5869.700000000001			1.3376550025697642
5870.6			1.394413548030507
5871.5			1.4262438395939763
5872.4			1.421911087489216
5873.3			1.4323998354061154
5874.200000000001			1.4712329901981198
5875.1			1.4846016265947364
5876.0			1.4567505446275835
5876.9			1.4360758056664908
5877.8			1.4146623250907029
5878.700000000001			1.3972971038327704
5879.6			1.40866798810553
5880.5			1.4380759384455313
5881.4			1.4625679824119486
5882.3			1.4423924332913258
5883.200000000001			1.4364767846417124
5884.1			1.4941596206665675
5885.0			1.0
5885.9			1.0173328946825577
5886.8			1.0379441458548089
5887.700000000001			0.993976360120311
5888.6			0.8353046204483117
5889.5			0.6640848393686556
5890.4			0.6744029785245893
5891.3			0.859965746865552
5892.200000000001			0.983340580878529
5893.1			1.0003403266122242
5894.0			1.0
5894.9			1.0
5895.8			1.0
5896.700000000001			1.0
5897.6			1.0
5898.5			1.0
5899.4			1.0
5900.3			1.0
5901.200000000001			1.0
5902.1			1.0
5903.0			1.0
5903.9			1.0
5904.8			1.0
5905.700000000001			1.0
5906.6			1.0
5907.5			1.0
5908.4			1.0
5909.3			1.0
5910.200000000001			1.0
5911.1			1.025664796233661
5912.0			1.0317685001068078
5912.9			0.9907091777310414
5913.8			0.9615896594048869
5914.700000000001			0.9789275278508507
5915.6			0.9748798956686001
5916.5			0.96417354413379
5917.4			1.0072284629675339
5918.3			1.0536996314747122
5919.200000000001			1.0593151777199086
5920.1			1.041322499131935
5921.0			1.0143618962412295
5921.9			1.0012761141140951
5922.8			1.0
5923.700000000001			1.0
5924.6			1.0
5925.5			1.0
5926.4			1.0
5927.3			1.0
5928.200000000001			1.0
5929.1			1.0
5930.0			1.0049701582301447
5930.9			1.0310831565922112
5931.8			1.0281565329553877
5932.700000000001			0.9879169898494861
5933.6			0.9690617591199818
5934.5			0.9752153561367111
5935.4			0.987135266054117
5936.3			0.990472732146878
5937.200000000001			0.9941130430286431
5938.1			0.9949616786331809
5939.0			0.9829594839498097
5939.9			0.9598405350809127
5940.8			0.9482800009413306
5941.700000000001			0.977289610028917
5942.6			1.0100757706742385
5943.5			1.0204032845051285
5944.4			1.0297720208324013
5945.3			1.028427323414081
5946.200000000001			1.0197732896360951
5947.1			1.0089281088060509
5948.0			0.9845614875494263
5948.9			0.9759230153204754
5949.8			0.9964052137147151
5950.700000000001			1.0134387314905036
5951.6			1.000098493649128
5952.5			1.0
5953.4			1.0
5954.3			1.0
5955.200000000001			1.0
5956.1			1.0
5957.0			1.0
5957.9			1.0
5958.8			1.0
5959.700000000001			1.0
5960.6			1.0
5961.5			1.0
5962.4			1.019485323865033
5963.3			1.025708179365197
5964.200000000001			0.9882666830606156
5965.1			0.9375543661905367
5966.0			0.9112737562572699
5966.9			0.9252884449187322
5967.8			0.9591877629367465
5968.700000000001			0.9864890716943652
5969.6			1.0012651605663625
5970.5			1.0
5971.4			1.0
5972.3			1.0
5973.200000000001			1.0
5974.1			1.0
5975.0			1.0
5975.9			1.0
5976.8			1.0
5977.700000000001			1.0
5978.6			1.0
5979.5			1.0
5980.4			1.0
5981.3			1.0
5982.200000000001			1.0
5983.1			1.0
5984.0			1.0
5984.9			1.0
5985.8			1.0
5986.700000000001			1.0
5987.6			1.0
5988.5			1.0
5989.4			1.0
5990.3			1.0
5991.200000000001			1.0
5992.1			1.0
5993.0			1.0
5993.9			1.0
5994.8			1.0
5995.700000000001			1.0
5996.6			1.0
5997.5			1.0
5998.4			1.0
5999.3			1.0
6000.200000000001			1.0
6001.1			1.0
6002.0			1.0
6002.9			1.0
6003.8			1.0
6004.700000000001			1.0
6005.6			1.0
6006.5			1.0
6007.4			1.0
6008.3			1.0105776902185832
6009.200000000001			1.0508143440235418
6010.1			1.0643127876517944
6011.0			1.045160394306271
6011.9			1.0216076916952395
6012.8			1.0059622877636416
6013.700000000001			1.002699136156542
6014.6			0.9966042643577101
6015.5			0.987593784377562
6016.4			1.016983757149999
6017.3			1.0605957289060597
6018.200000000001			1.041736310490189
6019.1			0.9888986026612774
6020.0			0.9755616147674893
6020.9			0.9843955745626024
6021.8			0.9736215833211709
6022.700000000001			0.9518755655923048
6023.6			0.9512193848461156
6024.5			0.9864690713528054
6025.4			1.020342397927551
6026.3			1.0125790794912923
6027.200000000001			0.9948340380695894
6028.1			1.0023051972160917
6029.0			1.008461953703657
6029.9			0.9894846316799965
6030.8			0.9686989280154786
6031.700000000001			0.9777262338878752
6032.6			1.0034839371128466
6033.5			1.0155080287615255
6034.4			1.0041584500474878
6035.3			0.9843653165440353
6036.200000000001			0.9795770186512782
6037.1			0.9985344377834524
6038.0			1.0
6038.9			1.0
6039.8			1.0
6040.700000000001			1.0
6041.6			1.0
6042.5			1.0
6043.4			1.0
6044.3			1.0
6045.200000000001			1.0
6046.1			1.0
6047.0			1.0
6047.9			1.0
6048.8			1.0
6049.700000000001			1.0
6050.6			1.0
6051.5			1.0
6052.4			1.0
6053.3			1.0
6054.200000000001			1.0
6055.1			1.0
6056.0			1.0
6056.9			1.0
6057.8			1.0
6058.700000000001			1.0
6059.6			1.0
6060.5			1.0
6061.4			1.0
6062.3			1.0
6063.200000000001			1.0
6064.1			1.0
6065.0			1.0
6065.9			1.0
6066.8			1.0
6067.700000000001			1.0
6068.6			1.0
6069.5			1.0
6070.4			1.0
6071.3			1.0
6072.200000000001			1.0
6073.1			0.9859380264644751
6074.0			0.9994611383258603
6074.9			1.0227817953865894
6075.8			1.0240249747160517
6076.700000000001			0.988642535482089
6077.6			0.9331523875929455
6078.5			0.904015833147793
6079.4			0.9243364401639658
6080.3			0.95060858416844
6081.200000000001			0.9560717075192146
6082.1			0.972030707739172
6083.0			1.0003823917736332
6083.9			0.9983154113616618
6084.8			1.0
6085.700000000001			1.0
6086.6			1.0
6087.5			1.0
6088.4			1.0
6089.3			1.0
6090.200000000001			1.0
6091.1			1.0
6092.0			1.0
6092.9			1.0
6093.8			1.0
6094.700000000001			1.0
6095.6			1.0
6096.5			1.0
6097.4			1.0
6098.3			1.0
6099.200000000001			1.0091718673709453
6100.1			1.0110327091019073
6101.0			0.9558920005244956
6101.9			0.8850481383069099
6102.8			0.8855697065860938
6103.700000000001			0.950385205953175
6104.6			1.0011243791680295
6105.5			1.0
6106.4			1.0
6107.3			1.0
6108.200000000001			1.0
6109.1			1.0
6110.0			1.0
6110.9			1.0
6111.8			1.0
6112.700000000001			1.0
6113.6			1.0
6114.5			1.0
6115.4			1.0
6116.3			1.0
6117.200000000001			1.0
6118.1			1.0255372603676023
6119.0			1.061931801488818
6119.9			1.0367743888362313
6120.8			0.9643605505686653
6121.700000000001			0.9219864024434797
6122.6			0.9398856200098576
6123.5			0.9843930097240198
6124.4			1.0068804490184162
6125.3			0.9972487750028629
6126.200000000001			1.0
6127.1			1.0
6128.0			1.0
6128.9			1.0
6129.8			1.0
6130.700000000001			1.0
6131.6			1.0
6132.5			1.002550541653856
6133.4			1.0254527769011508
6134.3			1.0299261153016683
6135.200000000001			0.9844134796891953
6136.1			0.8974126904427386
6137.0			0.8603933966120977
6137.9			0.900759295978089
6138.8			0.970484094467037
6139.700000000001			1.0380780383171369
6140.6			1.0486249996766401
6141.5			1.0003357924165333
6142.4			1.0
6143.3			1.0
6144.200000000001			1.0001989306428734
6145.1			1.0157849382316968
6146.0			1.0492634018211295
6146.9			1.0685701638440581
6147.8			1.066478006182412
6148.700000000001			1.045907363062027
6149.6			1.0145809363963605
6150.5			1.017997739643466
6151.4			1.0703277784451832
6152.3			1.1171963837383725
6153.200000000001			1.1130926765646945
6154.1			1.0740318943199603
6155.0			1.0518159360395003
6155.9			1.0459653080361113
6156.8			1.0383705588914203
6157.700000000001			1.0536435449755803
6158.6			1.0863587296098993
6159.5			1.0642043079740955
6160.4			0.9934127158294748
6161.3			0.9513044070707254
6162.200000000001			0.932972705010597
6163.1			0.9129213598963939
6164.0			0.9120732008360198
6164.9			0.9251539967486375
6165.8			0.946927287572719
6166.700000000001			0.9946573150430358
6167.6			1.0262330696310589
6168.5			0.9831141360886289
6169.4			0.9381957033387051
6170.3			0.9755748920513606
6171.200000000001			1.012023617744168
6172.1			0.9916040531976577
6173.0			0.9790268100537677
6173.9			0.9899704543712405
6174.8			0.9878903438698671
6175.700000000001			0.9699334371548753
6176.6			0.9566794829471885
6177.5			0.9698731148478902
6178.4			0.9989769091436675
6179.3			1.021359766857059
6180.200000000001			1.032344904734039
6181.1			1.020724616334484
6182.0			1.000499592582626
6182.9			1.0
6183.8			1.0
6184.700000000001			1.0
6185.6			0.9991553636408159
6186.5			0.99326208432652
6187.4			0.9946100606331147
6188.3			0.9964485836685388
6189.200000000001			0.9868183782085846
6190.1			0.958662083931918
6191.0			0.931077241609055
6191.9			0.9381057508255923
6192.8			0.9721883858840169
6193.700000000001			1.004268464908094
6194.6			1.021947232222157
6195.5			1.0131178485932928
6196.4			0.9986405338128347
6197.3			1.0
6198.200000000001			1.0
6199.1			1.0
6200.0			1.0
6200.9			1.0
6201.8			1.0
6202.700000000001			1.0
6203.6			1.0
6204.5			1.0
6205.4			1.0
6206.3			1.0
6207.200000000001			1.0
6208.1			1.0
6209.0			1.0
6209.9			1.0
6210.8			0.9957368595443026
6211.700000000001			0.9680705213955986
6212.6			0.9278716756264785
6213.5			0.9166462135883514
6214.4			0.9348802424683609
6215.3			0.9560407152066516
6216.200000000001			0.9549368751983901
6217.1			0.9387479208850508
6218.0			0.9306246482806352
6218.9			0.9324068159392602
6219.8			0.9434481326414155
6220.700000000001			0.9414690847776601
6221.6			0.9373977622837998
6222.5			0.9448093610909182
6223.4			0.947973506857927
6224.3			0.9398743701188608
6225.200000000001			0.9209804593070772
6226.1			0.9254083687769642
6227.0			0.9616121040580914
6227.9			0.9677766457736375
6228.8			0.9262501628447422
6229.700000000001			0.8879508705831824
6230.6			0.8868180736045043
6231.5			0.9156778536864738
6232.4			0.9346325430860201
6233.3			0.9340824613502082
6234.200000000001			0.9390539353372533
6235.1			0.949956656860296
6236.0			0.9562074731632187
6236.9			0.9520154406049215
6237.8			0.9480915601427733
6238.700000000001			0.9524069064100691
6239.6			0.9535278619263976
6240.5			0.9436705036790284
6241.4			0.931114553564946
6242.3			0.9233833282197826
6243.200000000001			0.9228323988285998
6244.1			0.937132978558395
6245.0			0.9444383533824793
6245.9			0.9232220864006025
6246.8			0.925126844026783
6247.700000000001			0.9638889010851724
6248.6			0.9965493234427255
6249.5			1.0186671460951096
6250.4			1.0000230808137192
6251.3			1.0
6252.200000000001			1.0
6253.1			1.0
6254.0			1.0
6254.9			1.0
6255.8			1.0
6256.700000000001			1.0
6257.6			1.0
6258.5			1.0
6259.4			1.0
6260.3			1.0
6261.200000000001			1.0
6262.1			1.0
6263.0			1.0
6263.9			1.0
6264.8			1.0
6265.700000000001			1.0
6266.6			1.0
6267.5			1.0
6268.4			1.0
6269.3			1.0
6270.200000000001			1.0
6271.1			1.0
6272.0			1.0030887910646
6272.9			0.9879419976376212
6273.8			0.9946358122693268
6274.700000000001			1.0109191002706301
6275.6			1.0100782324792288
6276.5			1.008055949850001
6277.4			1.0098693117280941
6278.3			0.994903893288139
6279.200000000001			0.9691399547149612
6280.1			0.9475493210920475
6281.0			0.9580520718217228
6281.9			0.9747166902090844
6282.8			0.9530792015022995
6283.700000000001			0.9327838212463373
6284.6			0.9296773376702456
6285.5			0.9333051392689384
6286.4			0.964382702975943
6287.3			1.013387822851035
6288.200000000001			1.0423941269683392
6289.1			1.0358950640558884
6290.0			1.0213425368362297
6290.9			1.011013734881321
6291.8			0.9840098346931997
6292.700000000001			0.9716822908790013
6293.6			0.9801068161998167
6294.5			0.9952793274676341
6295.4			1.0210902590786979
6296.3			1.0232803405616413
6297.200000000001			1.0014010555773427
6298.1			1.0
6299.0			1.0
6299.9			1.0
6300.8			1.0
6301.700000000001			1.0
6302.6			1.0
6303.5			1.0
6304.4			1.0
6305.3			1.0
6306.200000000001			1.0
6307.1			1.0
6308.0			1.0
6308.9			1.0
6309.8			1.0
6310.700000000001			1.0
6311.6			1.0
6312.5			1.0
6313.4			1.0
6314.3			1.0
6315.200000000001			1.0
6316.1			1.0
6317.0			1.0
6317.9			1.0
6318.8			1.0
6319.700000000001			1.0
6320.6			1.0
6321.5			1.0
6322.4			1.0
6323.3			1.0
6324.200000000001			1.0
6325.1			1.0
6326.0			1.0
6326.9			1.0
6327.8			1.0
6328.700000000001			1.0
6329.6			1.0
6330.5			0.9972044778316596
6331.4			1.0083540524076184
6332.3			1.0123323401138256
6333.200000000001			0.989726134675585
6334.1			0.9604536555372902
6335.0			0.9190954567490957
6335.9			0.8801967253970887
6336.8			0.8878835464559013
6337.700000000001			0.9265103368041187
6338.6			0.9506951980399625
6339.5			0.9719984275575687
6340.4			0.9986809040907852
6341.3			0.9995425692792741
6342.200000000001			1.0
6343.1			1.0
6344.0			1.0
6344.9			1.0
6345.8			1.0
6346.700000000001			1.0
6347.6			1.0
6348.5			1.0
6349.4			1.0
6350.3			1.0
6351.200000000001			1.0
6352.1			1.0
6353.0			1.0
6353.9			1.0
6354.8			1.0
6355.700000000001			1.0
6356.6			1.0
6357.5			1.0
6358.4			1.0
6359.3			1.0
6360.200000000001			1.0
6361.1			1.0
6362.0			1.0
6362.9			1.0
6363.8			1.0
6364.700000000001			1.0
6365.6			1.0
6366.5			1.0
6367.4			1.0
6368.3			1.0
6369.200000000001			1.0
6370.1			1.0
6371.0			1.0
6371.9			1.0
6372.8			1.0
6373.700000000001			1.0
6374.6			1.0
6375.5			1.0
6376.4			1.0
6377.3			1.0
6378.200000000001			1.0
6379.1			1.0
6380.0			1.0
6380.9			1.0
6381.8			1.0
6382.700000000001			1.0
6383.6			1.0
6384.5			1.0
6385.4			1.0
6386.3			1.0
6387.200000000001			1.0
6388.1			1.0
6389.0			1.0
6389.9			1.0
6390.8			1.0
6391.700000000001			1.0
6392.6			1.0
6393.5			1.0
6394.4			1.0
6395.3			1.0
6396.200000000001			1.0
6397.1			1.0
6398.0			1.0
6398.9			1.0
6399.8			1.0
6400.700000000001			1.0
6401.6			1.0
6402.5			1.0
6403.4			1.0
6404.3			1.0
6405.200000000001			1.0
6406.1			1.0
6407.0			1.0
6407.9			1.0
6408.8			1.0
6409.700000000001			1.0
6410.6			1.0
6411.5			1.0
6412.4			1.0
6413.3			1.0
6414.200000000001			1.0
6415.1			1.0
6416.0			1.0
6416.9			1.0
6417.8			1.0
6418.700000000001			1.0
6419.6			1.0
6420.5			1.0
6421.4			1.0
6422.3			1.0
6423.200000000001			1.0
6424.1			1.0
6425.0			1.0
6425.9			1.0
6426.8			1.0
6427.700000000001			1.0
6428.6			1.0
6429.5			1.0
6430.4			1.0
6431.3			1.0
6432.200000000001			1.0
6433.1			1.0
6434.0			1.0
6434.9			1.0
6435.8			1.0
6436.700000000001			1.0
6437.6			1.0
6438.5			1.0
6439.4			1.0
6440.3			1.0
6441.200000000001			1.0
6442.1			1.0
6443.0			1.0
6443.9			1.0
6444.8			1.0
6445.700000000001			1.0
6446.6			1.0
6447.5			1.0
6448.4			1.0
6449.3			1.0
6450.200000000001			1.0
6451.1			1.0
6452.0			1.0
6452.9			1.0
6453.8			1.0
6454.700000000001			1.0
6455.6			1.0
6456.5			1.0
6457.4			1.0
6458.3			1.018599482807674
6459.200000000001			1.0195728410558105
6460.1			0.9986401463785005
6461.0			0.9712175970377073
6461.9			0.9310574319464985
6462.8			0.9097658624128797
6463.700000000001			0.9376420389119521
6464.6			0.9723495556202361
6465.5			0.9908302468245185
6466.4			1.0059657136423705
6467.3			1.0003207301266481
6468.200000000001			1.0
6469.1			1.0
6470.0			1.0
6470.9			1.0
6471.8			1.0
6472.700000000001			1.0
6473.6			1.0
6474.5			1.0
6475.4			1.0
6476.3			1.0
6477.200000000001			1.0
6478.1			1.0
6479.0			1.0
6479.9			1.0
6480.8			1.0
6481.700000000001			1.0
6482.6			1.0164539682086522
6483.5			1.034394570280491
6484.4			1.0235628763073334
6485.3			1.004018759923889
6486.200000000001			1.0158034946941363
6487.1			1.0491427986050117
6488.0			1.0629377830815065
6488.9			1.0356312329252009
6489.8			0.9892039353402272
6490.700000000001			0.9638599909341088
6491.6			0.9734319487041556
6492.5			0.977876412795905
6493.4			0.9482101333209368
6494.3			0.9000725194363648
6495.200000000001			0.863895164330235
6496.1			0.8708861286158069
6497.0			0.9067227267808402
6497.9			0.925501050942063
6498.8			0.9368963451031733
6499.700000000001			0.9779256201840493
6500.6			1.0122546117474094
6501.5			1.015014569651804
6502.4			1.0269000829832098
6503.3			1.0446546537489647
6504.200000000001			1.037570589293263
6505.1			1.029754942559652
6506.0			1.035186242453135
6506.9			1.0218389434598627
6507.8			1.0009798688787688
6508.700000000001			1.0
6509.6			1.0
6510.5			1.0
6511.4			1.0
6512.3			1.0
6513.200000000001			1.0
6514.1			1.0
6515.0			1.0
6515.9			1.0
6516.8			1.0
6517.700000000001			1.0
6518.6			1.0
6519.5			1.0
6520.4			1.0
6521.3			1.0
6522.200000000001			1.0
6523.1			1.0
6524.0			1.0
6524.9			1.0
6525.8			1.0
6526.700000000001			1.0
6527.6			1.0
6528.5			1.0
6529.4			1.0
6530.3			1.0
6531.200000000001			1.0
6532.1			1.0
6533.0			1.0
6533.9			1.0
6534.8			1.0
6535.700000000001			1.0
6536.6			1.0
6537.5			1.0
6538.4			1.0
6539.3			1.0
6540.200000000001			1.0
6541.1			1.0
6542.0			1.0
6542.9			1.0
6543.8			1.0
6544.700000000001			1.0
6545.6			1.0
6546.5			1.0
6547.4			1.0
6548.3			1.0
6549.200000000001			1.0
6550.1			1.0
6551.0			1.0
6551.9			1.0
6552.8			1.0
6553.700000000001			1.0
6554.6			1.0
6555.5			1.0
6556.4			1.0
6557.3			1.0
6558.200000000001			0.9966783295040929
6559.1			0.9909975200953641
6560.0			0.9417387329239447
6560.9			0.8229623411032764
6561.8			0.6621614809455894
6562.700000000001			0.5983723547451496
6563.6			0.7112992804494661
6564.5			0.8770302999011037
6565.4			0.9615714540856274
6566.3			0.9908655752930173
6567.200000000001			1.000217243294267
6568.1			1.0
6569.0			1.0
6569.9			1.0
6570.8			1.0
6571.700000000001			1.0
6572.6			1.0
6573.5			1.0
6574.4			1.0
6575.3			1.0
6576.200000000001			1.0
6577.1			1.0
6578.0			1.0
6578.9			1.0
6579.8			1.0
6580.700000000001			1.0
6581.6			1.0
6582.5			1.0
6583.4			1.0
6584.3			1.0
6585.200000000001			1.0
6586.1			1.0
6587.0			1.0
6587.9			1.0
6588.8			1.0
6589.700000000001			1.0
6590.6			1.0
6591.5			1.0
6592.4			1.0
6593.3			1.0
6594.200000000001			1.0
6595.1			1.0
6596.0			1.0
6596.9			1.0
6597.8			1.0
6598.700000000001			1.0
6599.6			1.0
6600.5			1.0
6601.4			1.0
6602.3			1.0
6603.200000000001			1.0
6604.1			1.0
6605.0			1.0
6605.9			1.0
6606.8			1.0
6607.700000000001			1.0
6608.6			1.0
6609.5			1.0
6610.4			1.0
6611.3			1.0
6612.200000000001			1.0
6613.1			1.0
6614.0			1.0
6614.9			1.0
6615.8			1.0
6616.700000000001			1.0
6617.6			1.0
6618.5			1.0
6619.4			1.0
6620.3			1.0
6621.200000000001			1.0
6622.1			1.0
6623.0			1.0
6623.9			1.0
6624.8			1.0
6625.700000000001			1.0
6626.6			1.0
6627.5			1.0
6628.4			1.028928495657476
6629.3			1.0430013380731975
6630.200000000001			1.0159607998487947
6631.1			0.9556617534850554
6632.0			0.9127335401521214
6632.9			0.909276268096938
6633.8			0.9470170251202947
6634.700000000001			1.0
6635.6			1.0190215247362908
6636.5			1.0259090879703576
6637.4			1.0215400360585567
6638.3			0.993620658561245
6639.200000000001			0.9711640146707624
6640.1			0.9603331587241865
6641.0			0.9802050482110284
6641.9			0.997519863998297
6642.8			0.9555551104372966
6643.700000000001			0.9210512819538876
6644.6			0.9334696157992669
6645.5			0.9717243688897608
6646.4			1.0131014053339429
6647.3			1.0207329477832658
6648.200000000001			1.0096489222509861
6649.1			1.0109496359386443
6650.0			1.0154304154214633
6650.9			1.0025950990291579
6651.8			0.999252132707675
6652.700000000001			1.0
6653.6			1.0
6654.5			1.0
6655.4			1.0
6656.3			1.0
6657.200000000001			1.0
6658.1			1.0
6659.0			1.0
6659.9			1.0
6660.8			1.0
6661.700000000001			1.0
6662.6			1.0
6663.5			1.0
6664.4			1.0
6665.3			1.0
6666.200000000001			1.0
6667.1			1.0
6668.0			1.0
6668.9			1.0
6669.8			1.0
6670.700000000001			1.0
6671.6			1.0
6672.5			1.0
6673.4			1.0
6674.3			1.0098348419399246
6675.200000000001			1.0191865553385526
6676.1			0.9673506405515215
6677.0			0.8960992627919103
6677.9			0.8892514777185736
6678.8			0.9321078190148329
6679.700000000001			0.9877313239289474
6680.6			1.0079220259485036
6681.5			0.9982534742544596
6682.4			1.0
6683.3			1.0
6684.200000000001			1.0
6685.1			1.0
6686.0			1.0
6686.9			1.0
6687.8			1.0
6688.700000000001			1.0
6689.6			1.0
6690.5			1.0
6691.4			1.0
6692.3			1.0
6693.200000000001			1.0
6694.1			1.0
6695.0			1.0
6695.9			1.0
6696.8			1.0
6697.700000000001			1.0
6698.6			1.0
6699.5			1.0
6700.4			1.0
6701.3			1.0
6702.200000000001			1.0
6703.1			1.0
6704.0			1.0
6704.9			1.0
6705.8			1.0
6706.700000000001			1.0
6707.6			1.0
6708.5			1.0
6709.4			1.0
6710.3			1.0
6711.200000000001			1.0
6712.1			1.0
6713.0			1.0
6713.9			1.0
6714.8			1.0
6715.700000000001			1.0
6716.6			1.0
6717.5			1.0
6718.4			1.0
6719.3			1.0
6720.200000000001			1.0
6721.1			1.0
6722.0			1.0
6722.9			1.0
6723.8			1.0
6724.700000000001			1.0
6725.6			1.0
6726.5			1.0
6727.4			1.0
6728.3			1.0
6729.200000000001			1.0
6730.1			1.0
6731.0			1.0
6731.9			1.0
6732.8			1.0
6733.700000000001			1.0
6734.6			1.0
6735.5			1.0
6736.4			1.0
6737.3			1.0
6738.200000000001			1.0
6739.1			1.0
6740.0			1.0
6740.9			1.0
6741.8			1.0
6742.700000000001			1.0
6743.6			1.0
6744.5			1.0
6745.4			1.0
6746.3			1.0
6747.200000000001			1.0
6748.1			1.0
6749.0			1.0
6749.9			1.0
6750.8			1.0
6751.700000000001			1.0
6752.6			1.0
6753.5			1.0
6754.4			1.0
6755.3			1.0
6756.200000000001			1.0
6757.1			1.0
6758.0			1.0
6758.9			1.0
6759.8			1.0
6760.700000000001			1.0
6761.6			1.0
6762.5			1.0
6763.4			1.0
6764.3			1.0
6765.200000000001			1.0
6766.1			1.0
6767.0			1.0
6767.9			1.0
6768.8			1.0
6769.700000000001			1.0
6770.6			1.0
6771.5			1.0
6772.4			1.0
6773.3			1.0
6774.200000000001			1.0
6775.1			1.0
6776.0			1.0
6776.9			1.0
6777.8			1.0
6778.700000000001			1.0
6779.6			1.0
6780.5			1.0
6781.4			1.0
6782.3			1.0
6783.200000000001			1.0
6784.1			1.0
6785.0			1.0
6785.9			1.0
6786.8			1.0
6787.700000000001			1.0
6788.6			1.0
6789.5			1.0
6790.4			1.0
6791.3			1.0
6792.200000000001			1.0
6793.1			1.0
6794.0			1.0
6794.9			1.0
6795.8			1.0
6796.700000000001			1.0
6797.6			1.0
6798.5			1.0
6799.4			1.0
6800.3			1.0
6801.200000000001			1.0
6802.1			1.0
6803.0			1.0
6803.9			1.0
6804.8			1.0
6805.700000000001			1.0
6806.6			1.0
6807.5			1.0
6808.4			1.0
6809.3			1.0
6810.200000000001			1.0
6811.1			1.0
6812.0			1.0
6812.9			1.0
6813.8			1.0
6814.700000000001			1.0
6815.6			1.0
6816.5			1.0
6817.4			1.0
6818.3			1.0
6819.200000000001			1.0
6820.1			1.0
6821.0			1.0
6821.9			1.0
6822.8			1.0
6823.700000000001			1.0
6824.6			1.0
6825.5			1.0
6826.4			1.0
6827.3			1.0
6828.200000000001			0.9965626768915564
6829.1			1.0157983843722944
6830.0			1.0274308637755194
6830.9			1.0300908500918509
6831.8			1.0291264103978492
6832.700000000001			1.0279471723612026
6833.6			1.0251562005264097
6834.5			1.0172881573673564
6835.4			0.9966178720016572
6836.3			0.9735379252450328
6837.200000000001			0.9901579132502688
6838.1			1.0227895309846546
6839.0			1.0306962039019303
6839.9			1.0050833436124895
6840.8			0.9758103452731404
6841.700000000001			0.9723393153342174
6842.6			0.9861237225064845
6843.5			1.0055412156762986
6844.4			1.017179314460145
6845.3			1.0061584101462648
6846.200000000001			0.9912539668643574
6847.1			1.0010667998487337
6848.0			1.0218056394111028
6848.9			1.0303537620939371
6849.8			1.0270135808735052
6850.700000000001			1.0164197129877643
6851.6			1.0034235769065862
6852.5			0.9926027776123267
6853.4			0.9861555498303817
6854.3			0.9884736890127547
6855.200000000001			1.0043409028342378
6856.1			1.0229317738238888
6857.0			1.016230459416103
6857.9			0.9907559701784722
6858.8			0.970831383899625
6859.700000000001			0.9569286655305069
6860.6			0.9582371310469977
6861.5			0.9968892209233612
6862.4			1.0450276302297756
6863.3			1.0462937809413868
6864.200000000001			1.013926166637903
6865.1			0.9966363978194904
6866.0			1.0046472126793908
6866.9			0.9952613382607132
6867.8			0.9613199946516513
6868.700000000001			0.9840999504159156
6869.6			1.022091700926475
6870.5			0.9983796744868682
6871.4			0.9612269151487332
6872.3			0.9621946311978029
6873.200000000001			0.9990461559147816
6874.1			1.0081053508759839
6875.0			1.004773390240908
6875.9			1.059943750264915
6876.8			1.101730588226206
6877.700000000001			1.0738126415361873
6878.6			1.0330424915525434
6879.5			1.0272550709607329
6880.4			1.0359525040940742
6881.3			1.0278400013478421
6882.200000000001			1.0113770367163029
6883.1			1.0209304580428777
6884.0			1.0444930109147563
6884.9			1.0408214904384872
6885.8			1.0266401283160573
6886.700000000001			1.0400743466233635
6887.6			1.0633685043713006
6888.5			1.0593007705793236
6889.4			1.0430630048147507
6890.3			1.0600059368198689
6891.200000000001			1.0800675530862316
6892.1			1.0594500850542383
6893.0			1.0485282892487429
6893.9			1.056346525121253
6894.8			1.0394137643834396
6895.700000000001			1.0
6896.6			1.0207173913352088
6897.5			1.041830856076559
6898.4			1.012517755904018
6899.3			0.9502908951958634
6900.200000000001			0.9135438019209398
6901.1			0.9251858670999744
6902.0			0.9682695351741932
6902.9			1.0108308458118462
6903.8			1.0001489855865906
6904.700000000001			1.0382653665558486
6905.6			1.053686970381305
6906.5			1.0510903370470694
6907.4			1.0283922293382417
6908.3			1.0251446366398045
6909.200000000001			1.0416469925152356
6910.1			1.0605319484813975
6911.0			1.054474972929511
6911.9			1.0348844289865748
6912.8			1.006212004859458
6913.700000000001			0.9830723451893931
6914.6			0.9996618925117547
6915.5			1.0
6916.4			1.0
6917.3			1.0
6918.200000000001			1.0
6919.1			1.0
6920.0			1.0
6920.9			1.0
6921.8			1.0
6922.700000000001			1.0
6923.6			1.0
6924.5			1.0
6925.4			1.0
6926.3			1.0
6927.200000000001			1.0
6928.1			1.0
6929.0			1.0
6929.9			1.0
6930.8			1.0
6931.700000000001			1.0
6932.6			1.0
6933.5			1.0
6934.4			1.0
6935.3			1.0
6936.200000000001			1.0
6937.1			1.0
6938.0			1.0
6938.9			1.0
6939.8			1.0
6940.700000000001			1.0
6941.6			1.0
6942.5			1.0
6943.4			1.0
6944.3			1.0
6945.200000000001			1.0
6946.1			1.0
6947.0			1.0
6947.9			1.0
6948.8			1.0
6949.700000000001			1.0
6950.6			1.0
6951.5			1.0
6952.4			1.0
6953.3			1.0
6954.200000000001			1.0
6955.1			1.0
6956.0			1.0
6956.9			1.0
6957.8			1.0063034502667039
6958.700000000001			1.00966223442493
6959.6			1.0017260633771694
6960.5			0.9775654927324188
6961.4			0.9520342656733864
6962.3			0.9523660146887692
6963.200000000001			0.9653329931621376
6964.1			0.9596449171941203
6965.0			0.958261408290918
6965.9			0.9646449384613942
6966.8			0.9702223561204685
6967.700000000001			0.9833737748891022
6968.6			0.9887707775537286
6969.5			0.9770438422867832
6970.4			0.9567834773347542
6971.3			0.9482650891857254
6972.200000000001			0.9604684270809141
6973.1			0.9698455666159873
6974.0			0.9636632278846302
6974.9			0.9473419284028557
6975.8			0.9364552890192819
6976.700000000001			0.9284695782329934
6977.6			0.9034024477471987
6978.5			0.8838041914659646
6979.4			0.8902464479029923
6980.3			0.9053038278021445
6981.200000000001			0.9231365096454995
6982.1			0.9418774148632774
6983.0			0.9534238350303065
6983.9			0.9673699932595216
6984.8			0.9848347955288181
6985.700000000001			0.989999128921511
6986.6			0.9711339329189533
6987.5			0.9392781939061653
6988.4			0.9361302336201135
6989.3			0.9774558146405019
6990.200000000001			1.0193322565131198
6991.1			1.0168929691796185
6992.0			0.9803005270359969
6992.9			0.9647320000135867
6993.8			0.9968998116087173
6994.700000000001			1.0418956579936403
6995.6			1.047545396072155
6996.5			1.004868981651975
6997.4			0.9728847597667524
6998.3			0.9798275378288018
6999.200000000001			1.0001523265725727
7000.1			1.0
7001.0			1.0
7001.9			1.0
7002.8			1.0
7003.700000000001			1.0
7004.6			1.0
7005.5			1.0
7006.4			1.0
7007.3			1.0
7008.200000000001			1.0
7009.1			1.0
7010.0			1.0
7010.9			1.0
7011.8			1.0
7012.700000000001			1.0
7013.6			1.0
7014.5			1.0
7015.4			1.0
7016.3			1.0
7017.200000000001			1.0194392230709672
7018.1			1.0450465520612038
7019.0			1.074396863408025
7019.9			1.0895243804165542
7020.8			1.0647776948405847
7021.700000000001			1.0218409797218764
7022.6			0.9819390711874629
7023.5			0.9656255319889762
7024.4			0.9807362528934974
7025.3			1.0138146994369797
7026.200000000001			1.045239786354492
7027.1			1.06253335476628
7028.0			1.0675350857724502
7028.9			1.0420399038251742
7029.8			1.0017894821600728
7030.700000000001			1.0
7031.6			1.0
7032.5			1.0
7033.4			1.0
7034.3			1.0
7035.200000000001			1.0
7036.1			1.0
7037.0			1.0
7037.9			1.0
7038.8			1.0
7039.700000000001			1.0
7040.6			1.0
7041.5			1.0
7042.4			1.0
7043.3			1.0
7044.200000000001			1.0
7045.1			1.0
7046.0			1.0
7046.9			1.0
7047.8			1.0
7048.700000000001			1.0
7049.6			1.0
7050.5			1.0
7051.4			1.0
7052.3			1.0
7053.200000000001			1.0
7054.1			1.0
7055.0			1.0
7055.9			1.0
7056.8			1.0
7057.700000000001			1.0
7058.6			1.0
7059.5			1.0
7060.4			1.0
7061.3			1.0
7062.200000000001			1.0
7063.1			1.0
7064.0			1.0
7064.9			1.0
7065.8			1.0
7066.700000000001			1.0
7067.6			1.0
7068.5			1.0
7069.4			1.0
7070.3			1.0
7071.200000000001			1.0
7072.1			1.0
7073.0			1.0
7073.9			1.0
7074.8			1.0
7075.700000000001			1.0
7076.6			1.0
7077.5			1.0
7078.4			1.0
7079.3			1.0
7080.200000000001			1.0
7081.1			1.0
7082.0			1.0
7082.9			1.0
7083.8			1.0
7084.700000000001			1.0
7085.6			1.0
7086.5			1.0
7087.4			1.0
7088.3			1.0
7089.200000000001			1.0
7090.1			1.0
7091.0			1.0
7091.9			1.0
7092.8			1.0
7093.700000000001			1.0
7094.6			1.0
7095.5			1.0
7096.4			1.0
7097.3			1.0
7098.200000000001			1.0
7099.1			1.0
7100.0			1.0
7100.9			1.0
7101.8			1.0
7102.700000000001			1.0
7103.6			1.0
7104.5			1.0
7105.4			1.0
7106.3			1.0
7107.200000000001			1.0
7108.1			1.0
7109.0			1.0
7109.9			1.0
7110.8			1.0
7111.700000000001			1.0
7112.6			1.0
7113.5			1.0
7114.4			1.0
7115.3			1.0
7116.200000000001			1.0
7117.1			1.0
7118.0			1.0
7118.9			1.0
7119.8			1.0
7120.700000000001			1.0
7121.6			1.0
7122.5			1.0
7123.4			1.0
7124.3			1.0
7125.200000000001			1.0
7126.1			1.0
7127.0			1.0
7127.9			1.0
7128.8			1.0
7129.700000000001			1.0
7130.6			1.0
7131.5			1.0
7132.4			1.0
7133.3			1.0
7134.200000000001			1.0
7135.1			1.0
7136.0			1.0
7136.9			1.0
7137.8			1.0
7138.700000000001			1.0
7139.6			1.0
7140.5			1.0
7141.4			1.0
7142.3			1.0
7143.200000000001			1.0
7144.1			1.0
7145.0			1.0
7145.9			1.0
7146.8			1.0
7147.700000000001			1.0
7148.6			1.0
7149.5			1.0
7150.4			1.0
7151.3			1.0
7152.200000000001			1.0
7153.1			1.0
7154.0			1.0
7154.9			1.0
7155.8			1.0
7156.700000000001			1.0
7157.6			1.0
7158.5			1.0
7159.4			1.0166362147364942
7160.3			1.0334554411286412
7161.200000000001			1.026446588487488
7162.1			0.9964363063729714
7163.0			0.9553932794969454
7163.9			0.9298090522896586
7164.8			0.9459485609003663
7165.700000000001			0.9891713083358573
7166.6			1.0122832674033937
7167.5			1.0042652961959813
7168.4			1.0000061417840165
7169.3			1.0
7170.200000000001			1.0
7171.1			1.0
7172.0			1.0
7172.9			1.0
7173.8			1.0
7174.700000000001			1.0
7175.6			1.0
7176.5			1.0
7177.4			0.9990839780632882
7178.3			0.9947684159125278
7179.200000000001			0.9848501479159272
7180.1			0.9578940006555572
7181.0			0.9347739525126303
7181.9			0.946858610362942
7182.8			0.9850008005150228
7183.700000000001			1.0192284607742743
7184.6			1.025575658173553
7185.5			0.991527954165996
7186.4			0.9293809358738618
7187.3			0.8919182343373162
7188.200000000001			0.9020589600087812
7189.1			0.9282237557776933
7190.0			0.9532678763851384
7190.9			0.9588123120791612
7191.8			0.9326626201424961
7192.700000000001			0.9122109809645227
7193.6			0.9246158029518211
7194.5			0.9523365926733218
7195.4			0.9731697997747956
7196.3			0.9922240467261721
7197.200000000001			0.9998885867256349
7198.1			1.0
7199.0			1.0
7199.9			1.0
7200.8			1.0
7201.700000000001			1.0
7202.6			1.0
7203.5			1.0
7204.4			1.0
7205.3			1.0
7206.200000000001			1.0
7207.1			1.0
7208.0			1.0
7208.9			1.0
7209.8			1.0
7210.700000000001			1.0
7211.6			1.0
7212.5			1.0
7213.4			1.0
7214.3			1.0
7215.200000000001			1.0
7216.1			1.0
7217.0			1.0
7217.9			1.0
7218.8			1.0
7219.700000000001			1.0
7220.6			1.0
7221.5			1.0
7222.4			1.0
7223.3			1.0
7224.200000000001			1.0
7225.1			1.0
7226.0			1.0
7226.9			1.0
7227.8			1.0
7228.700000000001			1.0
7229.6			1.0
7230.5			1.0
7231.4			1.0
7232.3			1.0
7233.200000000001			1.0
7234.1			1.0
7235.0			1.0
7235.9			1.0
7236.8			1.0
7237.700000000001			1.0
7238.6			1.0
7239.5			1.0
7240.4			1.0
7241.3			1.0
7242.200000000001			1.0
7243.1			1.0
7244.0			1.0
7244.9			1.0
7245.8			1.0
7246.700000000001			1.0
7247.6			1.0
7248.5			1.0
7249.4			1.0
7250.3			1.0
7251.200000000001			1.0
7252.1			1.0
7253.0			1.0
7253.9			1.0
7254.8			1.0
7255.700000000001			1.0
7256.6			1.0
7257.5			1.0
7258.4			1.0
7259.3			1.0
7260.200000000001			1.0
7261.1			1.0
7262.0			1.0
7262.9			1.0
7263.8			1.0
7264.700000000001			1.0
7265.6			1.0
7266.5			1.0
7267.4			1.0
7268.3			1.0
7269.200000000001			1.0
7270.1			1.0
7271.0			1.0
7271.9			1.0
7272.8			1.0
7273.700000000001			1.0
7274.6			1.0
7275.5			1.0
7276.4			1.0
7277.3			1.0
7278.200000000001			1.0
7279.1			1.0
7280.0			1.0
7280.9			1.0
7281.8			1.0
7282.700000000001			1.0
7283.6			1.0
7284.5			1.0
7285.4			1.0
7286.3			1.0
7287.200000000001			1.0
7288.1			1.0
7289.0			1.0
7289.9			1.0
7290.8			1.0
7291.700000000001			1.0
7292.6			1.0
7293.5			1.0
7294.4			1.0
7295.3			1.0
7296.200000000001			1.0
7297.1			1.0
7298.0			1.0
7298.9			1.0
7299.8			1.0
7300.700000000001			1.0
7301.6			1.0
7302.5			1.0
7303.4			1.0
7304.3			1.0
7305.200000000001			1.0
7306.1			1.0
7307.0			1.0
7307.9			1.0
7308.8			1.0
7309.700000000001			1.0
7310.6			1.0
7311.5			1.0
7312.4			1.0
7313.3			1.0
7314.200000000001			1.0
7315.1			1.0
7316.0			1.0
7316.9			1.0
7317.8			1.0
7318.700000000001			1.0
7319.6			1.0
7320.5			1.0
7321.4			1.0
7322.3			1.0
7323.200000000001			1.0
7324.1			1.0
7325.0			1.0
7325.9			1.0
7326.8			1.0
7327.700000000001			1.0
7328.6			1.0
7329.5			1.0
7330.4			1.0
7331.3			1.0
7332.200000000001			1.0
7333.1			1.0
7334.0			1.0
7334.9			1.0
7335.8			1.0
7336.700000000001			1.0
7337.6			1.0
7338.5			1.0
7339.4			1.0
7340.3			1.0
7341.200000000001			1.0
7342.1			1.0
7343.0			1.0
7343.9			1.0
7344.8			1.0
7345.700000000001			1.0
7346.6			1.0
7347.5			1.0
7348.4			1.0
7349.3			1.0
7350.200000000001			1.0
7351.1			1.0
7352.0			1.0
7352.9			1.0
7353.8			1.0
7354.700000000001			1.0
7355.6			1.0
7356.5			1.0
7357.4			1.0
7358.3			1.0
7359.200000000001			1.0
7360.1			1.0
7361.0			1.0
7361.9			1.0
7362.8			1.0
7363.700000000001			1.0
7364.6			1.0
7365.5			1.0
7366.4			1.0
7367.3			1.0
7368.200000000001			1.0
7369.1			1.0
7370.0			1.0
7370.9			1.0
7371.8			1.0
7372.700000000001			1.0
7373.6			1.0
7374.5			1.0
7375.4			1.0
7376.3			1.0
7377.200000000001			1.0
7378.1			1.0
7379.0			1.0
7379.9			1.0
7380.8			1.0
7381.700000000001			1.0
7382.6			1.0
7383.5			1.0
7384.4			1.0
7385.3			1.0
7386.200000000001			1.0
7387.1			1.0
7388.0			1.0
7388.9			1.0
7389.8			1.0
7390.700000000001			1.0
7391.6			1.0
7392.5			1.0
7393.4			1.0
7394.3			1.0
7395.200000000001			1.0
7396.1			1.0
7397.0			1.0
7397.9			1.0
7398.8			1.0
7399.700000000001			1.0
7400.6			1.0
7401.5			1.0
7402.4			1.0
7403.3			1.0
7404.200000000001			1.0
7405.1			1.0
7406.0			1.0
7406.9			1.0
7407.8			1.0
7408.700000000001			1.0
7409.6			1.0
7410.5			1.0
7411.4			1.0
7412.3			1.0
7413.200000000001			1.0
7414.1			1.0
7415.0			1.0
7415.9			1.0
7416.8			1.0
7417.700000000001			1.0
7418.6			1.0
7419.5			1.0
7420.4			1.0
7421.3			1.0
7422.200000000001			1.0
7423.1			1.0
7424.0			1.0
7424.9			1.0
7425.8			1.0
7426.700000000001			1.0
7427.6			1.0
7428.5			1.0
7429.4			1.0
