3500.0			1.0
3500.9			1.0
3501.8			1.0
3502.7			1.0
3503.6			1.0
3504.5			1.0
3505.4			1.0
3506.3			1.0
3507.2			1.0
3508.1			1.0
3509.0			1.0
3509.9			1.0
3510.8			1.0
3511.7			1.0
3512.6			1.0
3513.5			1.0
3514.4			1.0
3515.3			1.0
3516.2			1.0
3517.1			1.0
3518.0			1.0
3518.9			1.0
3519.8			1.0
3520.7			1.0
3521.6			1.0
3522.5			1.0
3523.4			1.0
3524.3			1.0
3525.2			1.0
3526.1			1.0
3527.0			1.0
3527.9			1.0
3528.8			1.0
3529.7			1.0
3530.6			1.0
3531.5			1.0
3532.4			1.0
3533.3			1.0
3534.2			1.0
3535.1			1.0
3536.0			1.0
3536.9			1.0
3537.8			1.0
3538.7			1.0
3539.6			1.0
3540.5			1.0
3541.4			1.0
3542.3			1.0
3543.2			1.0
3544.1			1.0
3545.0			1.0
3545.9			1.0
3546.8			1.0
3547.7			1.0
3548.6			1.0
3549.5			1.0
3550.4			1.0
3551.3			1.0
3552.2			1.0
3553.1			1.0
3554.0			1.0
3554.9			1.0
3555.8			1.0
3556.7			1.0
3557.6			1.0
3558.5			1.0
3559.4			1.0
3560.3			1.0
3561.2			1.0
3562.1			1.0
3563.0			1.0
3563.9			1.0
3564.8			1.0
3565.7			1.0
3566.6			1.0
3567.5			1.0
3568.4			1.0
3569.3			1.0
3570.2			1.0
3571.1			1.0
3572.0			1.0
3572.9			1.0
3573.8			1.0
3574.7			1.0
3575.6			1.0
3576.5			1.0
3577.4			1.0
3578.3			1.0
3579.2			1.0
3580.1			1.0
3581.0			1.0
3581.9			1.0
3582.8			1.0
3583.7			1.0
3584.6			1.0
3585.5			1.0
3586.4			1.0
3587.3			1.0
3588.2			1.0
3589.1			1.0
3590.0			1.0
3590.9			1.0
3591.8			1.0
3592.7			1.0
3593.6			1.0
3594.5			1.0
3595.4			1.0
3596.3			1.0
3597.2			1.0
3598.1			1.0
3599.0			1.0
3599.9			1.0
3600.8			1.0
3601.7			1.0
3602.6			1.0
3603.5			1.0
3604.4			1.0
3605.3			1.0
3606.2			1.0
3607.1			1.0
3608.0			1.0
3608.9			1.0
3609.8			1.0
3610.7			1.0
3611.6			1.0
3612.5			1.0
3613.4			1.0
3614.3			1.0
3615.2			1.0
3616.1			1.0
3617.0			1.0
3617.9			1.0
3618.8			1.0
3619.7			1.0
3620.6			1.0
3621.5			1.0
3622.4			1.0
3623.3			1.0
3624.2			1.0
3625.1			1.0
3626.0			1.0
3626.9			1.0
3627.8			1.0
3628.7			1.0
3629.6			1.0
3630.5			1.0
3631.4			1.0
3632.3			1.0
3633.2			1.0
3634.1			1.0
3635.0			1.0
3635.9			1.0
3636.8			1.0
3637.7			1.0
3638.6			1.0
3639.5			1.0
3640.4			1.0
3641.3			1.0
3642.2			1.0
3643.1			1.0
3644.0			1.0
3644.9			1.0
3645.8			1.0
3646.7			1.0
3647.6			1.0
3648.5			1.0
3649.4			1.0
3650.3			1.0
3651.2			1.0
3652.1			1.0
3653.0			1.0
3653.9			1.0
3654.8			1.0
3655.7			1.0
3656.6			1.0
3657.5			1.0
3658.4			1.0
3659.3			1.0
3660.2			1.0
3661.1			1.0
3662.0			1.0
3662.9			1.0
3663.8			1.0
3664.7			1.0
3665.6			1.0
3666.5			1.0
3667.4			1.0
3668.3			1.0
3669.2			1.0
3670.1			1.0
3671.0			1.0
3671.9			1.0
3672.8			1.0
3673.7			1.0
3674.6			1.0
3675.5			1.0
3676.4			1.0
3677.3			1.0
3678.2			1.0
3679.1			1.0
3680.0			1.0
3680.9			1.0
3681.8			1.0
3682.7			1.0
3683.6			1.0
3684.5			1.0
3685.4			1.0
3686.3			1.0
3687.2			1.0
3688.1			1.0
3689.0			1.0
3689.9			1.0
3690.8			1.0
3691.7			1.0
3692.6			1.0
3693.5			1.0
3694.4			1.0
3695.3			1.0
3696.2			1.0
3697.1			1.0
3698.0			1.0
3698.9			1.0
3699.8			1.0
3700.7			1.0
3701.6			1.0
3702.5			1.0
3703.4			1.0
3704.3			1.0
3705.2			1.0
3706.1			1.0
3707.0			1.0
3707.9			1.0
3708.8			1.0
3709.7			1.0
3710.6			1.0
3711.5			1.0
3712.4			1.0
3713.3			1.0
3714.2			1.0
3715.1			1.0
3716.0			1.0
3716.9			1.0
3717.8			1.0
3718.7			1.0
3719.6			1.0
3720.5			1.0
3721.4			1.0
3722.3			1.0
3723.2			1.0
3724.1			1.0
3725.0			1.0
3725.9			1.0
3726.8			1.0
3727.7			1.0
3728.6			1.0
3729.5			1.0
3730.4			1.0
3731.3			1.0
3732.2			1.0
3733.1			1.0
3734.0			1.0
3734.9			1.0
3735.8			1.0
3736.7			1.0
3737.6			1.0
3738.5			1.0
3739.4			1.0
3740.3			1.0
3741.2			1.0
3742.1			1.0
3743.0			1.0
3743.9			1.0
3744.8			1.0
3745.7			1.0
3746.6			1.0
3747.5			1.0
3748.4			1.0
3749.3			1.0
3750.2			1.0
3751.1			1.0
3752.0			1.0
3752.9			1.0
3753.8			1.0
3754.7			1.0
3755.6			1.0
3756.5			1.0
3757.4			1.0
3758.3			1.0
3759.2			1.0
3760.1			1.0
3761.0			1.0
3761.9			1.0
3762.8			1.0
3763.7			1.0
3764.6			1.0
3765.5			1.0
3766.4			1.0
3767.3			1.0
3768.2			1.0
3769.1			1.0
3770.0			1.0
3770.9			1.0
3771.8			1.0
3772.7			1.0
3773.6			1.0
3774.5			1.0
3775.4			1.0
3776.3			1.0
3777.2			1.0
3778.1			1.0
3779.0			1.0
3779.9			1.0
3780.8			1.0
3781.7			1.0
3782.6			1.0
3783.5			1.0
3784.4			1.0
3785.3			1.0
3786.2			1.0
3787.1			1.0
3788.0			1.0
3788.9			1.0
3789.8			1.0
3790.7			1.0
3791.6			1.0
3792.5			1.0
3793.4			1.0
3794.3			1.0
3795.2			1.0
3796.1			1.0
3797.0			1.0
3797.9			1.0
3798.8			1.0
3799.7			1.0
3800.6			1.0
3801.5			1.0
3802.4			1.0
3803.3			1.0
3804.2			1.0
3805.1			1.0
3806.0			1.0
3806.9			1.0
3807.8			1.0
3808.7			1.0
3809.6			1.0
3810.5			1.0
3811.4			1.0
3812.3			1.0
3813.2			1.0
3814.1			1.0
3815.0			1.0
3815.9			1.0
3816.8			1.0
3817.7			1.0
3818.6			1.0
3819.5			1.0
3820.4			1.0
3821.3			1.0
3822.2			1.0
3823.1			1.0
3824.0			1.0
3824.9			1.0
3825.8			1.0
3826.7			1.0
3827.6			1.0
3828.5			1.0
3829.4			1.0
3830.3			1.0
3831.2			1.0
3832.1			1.0
3833.0			1.0
3833.9			1.0
3834.8			1.0
3835.7			1.0
3836.6			1.0
3837.5			1.0
3838.4			1.0
3839.3			1.0
3840.2			1.0
3841.1			1.0
3842.0			1.0
3842.9			1.0
3843.8			1.0
3844.7			1.0
3845.6			1.0
3846.5			1.0
3847.4			1.0
3848.3			1.0
3849.2			1.0
3850.1			1.0
3851.0			1.0
3851.9			1.0
3852.8			1.0
3853.7			1.0
3854.6			1.0
3855.5			1.0
3856.4			1.0
3857.3			1.0
3858.2			1.0
3859.1			1.0
3860.0			1.0
3860.9			1.0
3861.8			1.0
3862.7			1.0
3863.6			1.0
3864.5			1.0
3865.4			1.0
3866.3			1.0
3867.2			1.0
3868.1			1.0
3869.0			1.0
3869.9			1.0
3870.8			1.0
3871.7			1.0
3872.6			1.0
3873.5			1.0
3874.4			1.0
3875.3			1.0
3876.2			1.0
3877.1			1.0
3878.0			1.0
3878.9			1.0
3879.8			1.0
3880.7			1.0
3881.6			1.0
3882.5			1.0
3883.4			1.0
3884.3			1.0
3885.2			1.0
3886.1			1.0
3887.0			1.0
3887.9			1.0
3888.8			1.0
3889.7			1.0
3890.6			1.0
3891.5			1.0
3892.4			1.0
3893.3			1.0
3894.2			1.0
3895.1			1.0
3896.0			1.0
3896.9			1.0
3897.8			1.0
3898.7			1.0
3899.6			1.0
3900.5			1.0
3901.4			1.0
3902.3			1.0
3903.2			1.0
3904.1			1.0
3905.0			1.0
3905.9			1.0
3906.8			1.0
3907.7			1.0
3908.6			1.0
3909.5			1.0
3910.4			1.0
3911.3			1.0
3912.2			1.0
3913.1			1.0
3914.0			1.0
3914.9			1.0
3915.8			1.0
3916.7			1.0
3917.6			1.0
3918.5			1.0
3919.4			1.0
3920.3			1.0
3921.2			1.0
3922.1			1.0
3923.0			1.0
3923.9			1.0
3924.8			1.0
3925.7			1.0
3926.6			1.0
3927.5			1.0
3928.4			1.0
3929.3			1.0
3930.2			1.0
3931.1			1.0
3932.0			1.0
3932.9			1.0
3933.8			1.0
3934.7			1.0
3935.6			1.0
3936.5			1.0
3937.4			1.0
3938.3			1.0
3939.2			1.0
3940.1			1.0
3941.0			1.0
3941.9			1.0
3942.8			1.0
3943.7			1.0
3944.6			1.0
3945.5			1.0
3946.4			1.0
3947.3			1.0
3948.2			1.0
3949.1			1.0
3950.0			1.0
3950.9			1.0
3951.8			1.0
3952.7			1.0
3953.6			1.0
3954.5			1.0
3955.4			1.0
3956.3			1.0
3957.2			1.0
3958.1			1.0
3959.0			1.0
3959.9			1.0
3960.8			1.0
3961.7			1.0
3962.6			1.0
3963.5			1.0
3964.4			1.0
3965.3			1.0
3966.2			1.0
3967.1			1.0
3968.0			1.0
3968.9			1.0
3969.8			1.0
3970.7			1.0
3971.6			1.0
3972.5			1.0
3973.4			1.0
3974.3			1.0
3975.2			1.0
3976.1			1.0
3977.0			1.0
3977.9			1.0
3978.8			1.0
3979.7			1.0
3980.6			1.0
3981.5			1.0
3982.4			1.0
3983.3			1.0
3984.2			1.0
3985.1			1.0
3986.0			1.0
3986.9			1.0
3987.8			1.0
3988.7			1.0
3989.6			1.0
3990.5			1.0
3991.4			1.0
3992.3			1.0
3993.2			1.0
3994.1			1.0
3995.0			1.0
3995.9			1.0
3996.8			1.0
3997.7			1.0
3998.6			1.0
3999.5			1.0
4000.4			1.0
4001.3			1.0
4002.2			0.993978574338943
4003.1			1.0322370789453115
4004.0			1.0091291864194634
4004.9			0.8413824480875762
4005.8			0.7028932094726934
4006.7			0.7326972995736732
4007.6			0.8371354369859729
4008.5			0.9282946159087685
4009.4			0.9994119010853808
4010.3			1.0
4011.2			1.0
4012.1			1.0
4013.0			1.0
4013.9			1.0
4014.8			1.0
4015.7			1.0
4016.6			1.0
4017.5			1.0
4018.4			1.0
4019.3			1.0
4020.2			1.0
4021.1			1.0
4022.0			1.0
4022.9			1.0
4023.8			1.0
4024.7			1.0
4025.6			1.0
4026.5			1.0
4027.4			1.040151941905615
4028.3			1.0679762170227374
4029.2			1.0217366059721553
4030.1			0.8555950407497928
4031.0			0.7117889206011447
4031.9			0.6683621054207295
4032.8			0.6445313408834593
4033.7			0.6351274372239509
4034.6			0.6912346932654689
4035.5			0.8008256342608053
4036.4			0.9232225665373119
4037.3			1.042507457780941
4038.2			1.1072780003141884
4039.1			1.0754080055598914
4040.0			1.0
4040.9			0.9501878401259438
4041.8			0.9629243470594849
4042.7			0.9754965585644573
4043.6			0.8765492877305504
4044.5			0.66188996960593
4045.4			0.47926875312273887
4046.3			0.491580770244264
4047.2			0.6791821530283648
4048.1			0.8715481819811582
4049.0			0.970783171323492
4049.9			1.0011365744206702
4050.8			1.0
4051.7			1.0
4052.6			1.0
4053.5			1.0
4054.4			1.0
4055.3			1.0
4056.2			1.0
4057.1			1.0
4058.0			0.9030200603799636
4058.9			0.9304729611384891
4059.8			1.0615272565727567
4060.7			1.1419769414829537
4061.6			1.0761421876933759
4062.5			0.8695402916264285
4063.4			0.6594773493819576
4064.3			0.6449945246294115
4065.2			0.8423445548989487
4066.1			1.0035289013119366
4067.0			0.9902940587538943
4067.9			0.9769308330611474
4068.8			1.0862534563806914
4069.7			1.1538634025995633
4070.6			1.0005013847805326
4071.5			1.0
4072.4			0.9304585729476875
4073.3			1.1040070159382416
4074.2			1.2069359829330077
4075.1			1.0851567889119256
4076.0			0.8486823194816396
4076.9			0.682505761269949
4077.8			0.6587563105567102
4078.7			0.7319801010194307
4079.6			0.8453768092193225
4080.5			0.9474648132708285
4081.4			0.9858712897252014
4082.3			1.0
4083.2			1.0
4084.1			1.0
4085.0			1.0
4085.9			1.0
4086.8			1.0
4087.7			1.0
4088.6			1.0
4089.5			1.0
4090.4			1.0
4091.3			0.9697971159464347
4092.2			0.9460311685448528
4093.1			0.9651986251505967
4094.0			0.9895900544587909
4094.9			0.9206445450325015
4095.8			0.8047737045188649
4096.7			1.0
4097.6			1.0680889055989342
4098.5			1.127160822045104
4099.4			1.101608167336602
4100.3			1.002564373947418
4101.2			0.9174310514437308
4102.1			0.927341676253415
4103.0			1.0109156996178283
4103.9			1.0900433223607624
4104.8			1.1553991075275285
4105.7			1.2390634392746676
4106.6			1.2942854082087256
4107.5			1.2835236836875552
4108.4			1.2380961708427183
4109.3			1.1648632869235798
4110.2			1.0782018478248585
4111.1			1.0328700471903092
4112.0			1.051206690981833
4112.9			1.1055523906654525
4113.8			1.1495296248549367
4114.7			1.1688853002277269
4115.6			1.1937337488177093
4116.5			1.2117989478289306
4117.4			1.1601032624389145
4118.3			1.0285260877074283
4119.2			0.9414576755536603
4120.1			0.9844606643476521
4121.0			1.059824144155506
4121.9			1.076574465328009
4122.8			1.0520474075461128
4123.7			1.0467241711055777
4124.6			1.0968365322882265
4125.5			1.1458327942785833
4126.4			1.124900176001275
4127.3			1.0635840750245915
4128.2			1.0026768974368347
4129.1			0.9785617305595675
4130.0			0.981532140414246
4130.9			0.9577560420005798
4131.8			0.8858123314823477
4132.7			0.8420810020438586
4133.6			0.8569858723083069
4134.5			0.9064477295908752
4135.4			1.02543288830594
4136.3			1.1155541765081944
4137.2			1.0939705500876993
4138.1			1.083439743751691
4139.0			1.1232629191018786
4139.9			1.1298643938384416
4140.8			1.0833748092902962
4141.7			0.9593768338324338
4142.6			0.7608568811375764
4143.5			0.6257703489413107
4144.4			0.6772607936609247
4145.3			0.8603271836499388
4146.2			0.989206734162615
4147.1			1.0143992529177495
4148.0			1.0090050768026941
4148.9			0.9782480693382645
4149.8			0.9108341651906948
4150.7			0.8513090037885681
4151.6			0.8451506212938049
4152.5			0.8674458572110835
4153.4			0.8696331715614398
4154.3			0.8611043891196561
4155.2			0.8613615648442398
4156.1			0.8512390943140499
4157.0			0.8474831428431608
4157.9			0.91460635484695
4158.8			1.0378127768309628
4159.7			1.1104942185325004
4160.6			1.0
4161.5			0.980594589256607
4162.4			1.0208927940679065
4163.3			1.0442450355255573
4164.2			0.9716165956624148
4165.1			0.9001110030197375
4166.0			0.8943677664467556
4166.9			0.8620591201867197
4167.8			0.8212502243949167
4168.7			0.857146214166652
4169.6			0.9284141593305857
4170.5			0.9672746304086473
4171.4			0.9032108196222242
4172.3			0.7477545650174292
4173.2			0.6441870900076402
4174.1			0.6642887632666663
4175.0			0.7348710868805773
4175.9			0.7722198482322589
4176.8			0.7494155236805553
4177.7			0.7118501560208654
4178.6			0.7383721007548485
4179.5			0.7961106072607123
4180.4			0.8025655198368061
4181.3			0.7661413925496602
4182.2			0.7414606264741286
4183.1			0.7787963369882149
4184.0			0.8913811458170668
4184.9			1.0
4185.8			0.993139526313337
4186.7			0.8698886255930128
4187.6			0.7717632876841153
4188.5			0.7834375309693642
4189.4			0.8412194813806905
4190.3			0.859687628883781
4191.2			0.8477408722222832
4192.1			0.8659715222524901
4193.0			0.9167118556885849
4193.9			0.9336356033184114
4194.8			0.875718396757167
4195.7			0.777246836285324
4196.6			0.7021251551614257
4197.5			0.6787827884108768
4198.4			0.7029445010908987
4199.3			0.7631434138199757
4200.2			0.8144018871522591
4201.1			0.796770500953741
4202.0			0.7352902887751029
4202.9			0.7350024644866588
4203.8			0.7912852911459013
4204.7			0.8184193567296421
4205.6			0.8469882478359705
4206.5			0.9185040059795456
4207.4			0.9896324587321036
4208.3			1.0251657722508491
4209.2			1.0000151640172874
4210.1			1.0
4211.0			1.0
4211.9			1.0
4212.8			0.9695234850420947
4213.7			0.8492035248128992
4214.6			0.669387209792861
4215.5			0.5828050557690259
4216.4			0.696375952084512
4217.3			0.9027012363273952
4218.2			1.0263082158551613
4219.1			1.0
4220.0			1.0
4220.9			1.0159896414163363
4221.8			0.9971843319857752
4222.7			0.8999510337609805
4223.6			0.7837713050108988
4224.5			0.6870004384454954
4225.4			0.5536015468487754
4226.3			0.3855199332112842
4227.2			1.0
4228.1			1.4296572779758856
4229.0			1.9393389129117071
4229.9			2.111060739081618
4230.8			2.104017508684649
4231.7			1.9740453479035944
4232.6			1.6594409888226243
4233.5			1.389170275305372
4234.4			1.3247003825041521
4235.3			1.2629334041362383
4236.2			1.1048110786697167
4237.1			1.0108224064365638
4238.0			1.0259122994571732
4238.9			1.0406607275837045
4239.8			1.0172690462798295
4240.7			1.0080115411575779
4241.6			1.00933833620395
4242.5			0.979593424913057
4243.4			0.9797137719971225
4244.3			1.0
4245.2			1.0583493768683159
4246.1			1.0214729337518564
4247.0			0.9371511622110251
4247.9			0.8531964929562454
4248.8			0.7957529943350047
4249.7			0.7510914678899256
4250.6			0.7257695843740042
4251.5			0.7791094485111406
4252.4			0.8812924627160084
4253.3			0.8870455096277525
4254.2			0.7808014609826797
4255.1			0.7433378186729064
4256.0			0.8521851188507451
4256.9			0.9926810377714765
4257.8			1.024806895141413
4258.7			0.9272581099099543
4259.6			0.7996125407886928
4260.5			0.7244916831053569
4261.4			0.7721973138597042
4262.3			0.9433732594512035
4263.2			1.1054405698148662
4264.1			1.0
4265.0			1.0348881771986167
4265.9			1.060799343242347
4266.8			1.0339047905013012
4267.7			0.9490104206274117
4268.6			0.884648618723251
4269.5			0.841965167361629
4270.4			0.7187208641225327
4271.3			0.559440892038805
4272.2			0.5251856813884312
4273.1			0.6054592288554435
4274.0			0.6578987029136628
4274.9			0.6836311989207379
4275.8			0.776619411086567
4276.7			0.9154613442710562
4277.6			1.0
4278.5			1.0429014516171846
4279.4			0.9647819139584686
4280.3			0.8368740323487189
4281.2			0.80645825553265
4282.1			0.8677228924951406
4283.0			0.9263735272284436
4283.9			0.936641811411888
4284.8			0.8901943853444145
4285.7			0.8372706965406941
4286.6			0.8531040629991522
4287.5			0.9003507635787825
4288.4			0.8618095115896729
4289.3			0.7412310135949087
4290.2			0.6719890598289098
4291.1			0.7150300323864068
4292.0			0.8306254436440513
4292.9			0.9327841430661721
4293.8			0.9223260081219838
4294.7			0.8654223088474549
4295.6			0.8707154911557159
4296.5			0.8733827151293908
4297.4			0.8196737567016494
4298.3			0.7246222089891136
4299.2			0.5965960130013248
4300.1			0.5351180240929856
4301.0			0.5943951947056793
4301.9			0.655696875372173
4302.8			0.6481801974731566
4303.7			0.6454576213721411
4304.6			0.6616288173071178
4305.5			0.6525915377767671
4306.4			0.6159321164389842
4307.3			0.5537977606544762
4308.2			0.4893987127360833
4309.1			0.48702017829428945
4310.0			0.551433146097502
4310.9			0.6403942787712453
4311.8			0.7382840377000761
4312.7			0.8419194285567096
4313.6			0.9227875136614682
4314.5			0.9884680607062927
4315.4			1.1587504203489172
4316.3			1.4150217267116147
4317.2			1.5459270577587356
4318.1			1.0
4319.0			0.9748006376183778
4319.9			0.9465549946559367
4320.8			0.9030683215295624
4321.7			0.8716172773190187
4322.6			0.8202515184915967
4323.5			0.7095824327525094
4324.4			0.57394104186713
4325.3			0.46441294780328873
4326.2			0.481324315471761
4327.1			0.6782763785922015
4328.0			0.9327811809041662
4328.9			1.0707679455449883
4329.8			1.048211143569549
4330.7			0.9831428812979254
4331.6			1.0
4332.5			1.0474301573164908
4333.4			1.075081391494369
4334.3			1.1063309912286234
4335.2			1.170122543732456
4336.1			1.1520414886351666
4337.0			0.9706816996122072
4337.9			0.7849653230737028
4338.8			0.7193423346679144
4339.7			0.6867474184733336
4340.6			0.6783536301882357
4341.5			0.7684459043766901
4342.4			0.8876906168401277
4343.3			0.9143195582752307
4344.2			0.9049332976843675
4345.1			0.944803137981367
4346.0			1.0
4346.9			0.9514893449698879
4347.8			0.9582140880027047
4348.7			1.0607762391379996
4349.6			1.1075052946149921
4350.5			0.9674809345545011
4351.4			0.7564509954656816
4352.3			0.6820464995692191
4353.2			0.7619061755691425
4354.1			0.8540151524826114
4355.0			0.8836880488322988
4355.9			0.9168845854518443
4356.8			0.9850839165367531
4357.7			1.0011368829476728
4358.6			1.0
4359.5			1.0
4360.4			1.0
4361.3			1.0
4362.2			1.0
4363.1			1.0
4364.0			1.0
4364.9			1.0
4365.8			1.0
4366.7			1.0
4367.6			1.0
4368.5			1.0
4369.4			1.0471388238460886
4370.3			1.0823558016597994
4371.2			1.0829795591941822
4372.1			1.0618534683647667
4373.0			0.9920118645506446
4373.9			0.8600367265540287
4374.8			0.7588059075499786
4375.7			0.7876903055806184
4376.6			0.925970359280752
4377.5			1.057382324848162
4378.4			1.0995139032227157
4379.3			1.0614425709350803
4380.2			1.002512923016307
4381.1			0.9470058179917915
4382.0			0.818140032783652
4382.9			0.5852918887373555
4383.8			0.4017483146494594
4384.7			0.43267678278560495
4385.6			0.6344447065944899
4386.5			0.8228283422035136
4387.4			0.8838143426851613
4388.3			0.8527556620535693
4389.2			0.8016444771934506
4390.1			0.7598039371895925
4391.0			0.7562286509580359
4391.9			0.8008092723945947
4392.8			0.8439658785318712
4393.7			0.8372820037364769
4394.6			0.8017802163167947
4395.5			0.8195498057409768
4396.4			0.9198809803156395
4397.3			1.0088407867610945
4398.2			1.0
4399.1			0.9154451894575051
4400.0			0.815189541682749
4400.9			0.7918903995035927
4401.8			0.8853226923574072
4402.7			0.9353347370160394
4403.6			0.7894548413937449
4404.5			0.5827952847745366
4405.4			0.5433534005618481
4406.3			0.6538587735281385
4407.2			0.7237422562690569
4408.1			0.7009430745181577
4409.0			0.7215393330815626
4409.9			0.8439202699225474
4410.8			1.0
4411.7			1.0467488782415741
4412.6			1.054843426205658
4413.5			0.9986967932088902
4414.4			0.8398158538877871
4415.3			0.7164947389310828
4416.2			0.7545535060272494
4417.1			0.8611077050018491
4418.0			0.9378735937821866
4418.9			0.9999988296972199
4419.8			1.0
4420.7			1.0
4421.6			1.0
4422.5			1.0
4423.4			1.0
4424.3			1.0
4425.2			1.0
4426.1			1.0
4427.0			1.0
4427.9			1.0
4428.8			1.0
4429.7			1.0
4430.6			0.9249045461063222
4431.5			0.9875330793924977
4432.4			1.033543228756109
4433.3			0.9663915697624781
4434.2			0.8432738382916859
4435.1			0.7435437121818815
4436.0			0.7488555171014805
4436.9			0.8508126467964967
4437.8			0.9564563805982478
4438.7			1.011839233030011
4439.6			1.0009427664894932
4440.5			1.0
4441.4			1.0
4442.3			1.0
4443.2			1.0
4444.1			1.0736441529137866
4445.0			1.2329491502689747
4445.9			1.3423795408120998
4446.8			1.2943122926749113
4447.7			1.2493392093067839
4448.6			1.2740440309753343
4449.5			1.2395958867051247
4450.4			1.1786756489206702
4451.3			1.1917781136446122
4452.2			1.2243001939751037
4453.1			1.196779523303841
4454.0			1.1021768112468584
4454.9			0.994453545955324
4455.8			0.9680898393189555
4456.7			1.006680630855395
4457.6			1.0087193251175979
4458.5			0.9634429198003559
4459.4			0.9272009217298051
4460.3			0.9018963603901718
4461.2			0.8527498000855985
4462.1			0.8433731462888503
4463.0			0.960093834777046
4463.9			1.0816348308488197
4464.8			1.0762591069486238
4465.7			1.0378694585059625
4466.6			1.046009297232369
4467.5			1.056527750493539
4468.4			1.0304425101535295
4469.3			0.9885118399965592
4470.2			0.9902726384971807
4471.1			1.0328398837001103
4472.0			1.0804830755697727
4472.9			1.134213320307831
4473.8			1.1707040559244835
4474.7			1.1773990714205707
4475.6			1.0
4476.5			1.0367024715134017
4477.4			1.0625221023039029
4478.3			1.0252700391287726
4479.2			0.9311398356428089
4480.1			0.8315759671713331
4481.0			0.774868465550905
4481.9			0.7721779421311871
4482.8			0.8234803013416256
4483.7			0.9103709766326742
4484.6			0.9807639731215574
4485.5			1.0036349691649091
4486.4			1.0
4487.3			1.0
4488.2			1.0
4489.1			1.0
4490.0			1.0
4490.9			1.035369994484707
4491.8			1.1157421150961362
4492.7			1.134437554814407
4493.6			1.026398291773644
4494.5			0.8787310448271174
4495.4			0.811443642011663
4496.3			0.8383411042500412
4497.2			0.9205365012212893
4498.1			0.998297093863163
4499.0			1.0316073255949805
4499.9			1.01311152851269
4500.8			1.0
4501.7			1.0
4502.6			1.0
4503.5			1.0
4504.4			1.0
4505.3			1.0
4506.2			1.0
4507.1			1.0
4508.0			1.0
4508.9			1.0
4509.8			1.0
4510.7			1.011482886129118
4511.6			0.9936073071271401
4512.5			1.0
4513.4			0.9574959902633963
4514.3			0.9392064342412583
4515.2			0.9586100654069459
4516.1			0.9929193273181899
4517.0			0.9777894371111278
4517.9			0.9397128700947833
4518.8			0.9544647104155168
4519.7			1.0189795976443856
4520.6			1.0836219295988032
4521.5			1.087484727929844
4522.4			1.0165997006283394
4523.3			0.9620164268539513
4524.2			0.9611379524072198
4525.1			0.9448007874616726
4526.0			0.8855244344610517
4526.9			0.8140552689774834
4527.8			0.754051482657197
4528.7			0.732641459698291
4529.6			0.7639929027512601
4530.5			0.8141809047122753
4531.4			0.8802023098582357
4532.3			0.946390374776415
4533.2			0.9427673002803919
4534.1			0.8730573226534183
4535.0			0.8060173590248457
4535.9			0.8409217064176283
4536.8			1.0
4537.7			1.1125298912361634
4538.6			1.0928598504581668
4539.5			1.0193123853523984
4540.4			0.9522505971184523
4541.3			0.9302272238519735
4542.2			0.9787472820156602
4543.1			1.0282322193309719
4544.0			0.9988981493557959
4544.9			0.9400073568165274
4545.8			0.9370638117912488
4546.7			0.9932378985939122
4547.6			1.0381707221856162
4548.5			1.001553429276056
4549.4			0.9412797006479499
4550.3			0.9667247130994966
4551.2			1.0239855591770877
4552.1			1.0068050507853672
4553.0			0.9527597916622015
4553.9			0.9180717817260677
4554.8			0.910020531955553
4555.7			0.9532230135246904
4556.6			1.050577666784097
4557.5			1.1342075209110594
4558.4			1.1534276162719328
4559.3			1.1416985284412382
4560.2			1.0
4561.1			0.9931857574019195
4562.0			0.9992246513370693
4562.9			0.9548689779367632
4563.8			0.8689984842680573
4564.7			0.809336021429617
4565.6			0.8110331192901082
4566.5			0.8886293456057104
4567.4			0.979591672370257
4568.3			0.9991094970353637
4569.2			1.0
4570.1			0.9599171243666034
4571.0			0.8768784361548553
4571.9			0.8467817464116624
4572.8			0.9417376496023647
4573.7			1.011274056291126
4574.6			0.9700145197487041
4575.5			0.9325714765005777
4576.4			0.9498733997084078
4577.3			0.9595822802292618
4578.2			1.0
4579.1			0.9178815452746953
4580.0			0.8528156631439516
4580.9			0.8596668404756515
4581.8			0.9216047342490403
4582.7			0.9571345450016402
4583.6			0.9513863778484964
4584.5			0.9448411247917919
4585.4			0.9265690779984493
4586.3			0.9140460710382992
4587.2			0.9572706829411596
4588.1			1.034828005114591
4589.0			1.0798886166711241
4589.9			1.0646370256013034
4590.8			1.0102827631159776
4591.7			0.9469467053405506
4592.6			0.9105170528688464
4593.5			0.8966874478381085
4594.4			0.8772391190697127
4595.3			0.8616386258702786
4596.2			0.864014255536713
4597.1			0.8763462630937935
4598.0			0.9057207503868893
4598.9			0.948943337055166
4599.8			0.9290451029363281
4600.7			0.8834408110811645
4601.6			0.9030218165775136
4602.5			0.9430849209464539
4603.4			0.9469723760042306
4604.3			0.9154805002698894
4605.2			0.871185859057221
4606.1			0.873106500451393
4607.0			0.9498862337132596
4607.9			1.0544930379496666
4608.8			1.1233461384364523
4609.7			1.1151997535292866
4610.6			1.0557960668024238
4611.5			0.9992742397446619
4612.4			1.0
4613.3			1.0
4614.2			1.0
4615.1			1.0
4616.0			1.0
4616.9			1.0
4617.8			1.0
4618.7			1.0
4619.6			1.0
4620.5			1.0
4621.4			1.0
4622.3			1.0
4623.2			1.0
4624.1			1.0
4625.0			1.0
4625.9			1.0
4626.8			1.0
4627.7			1.0355031200722806
4628.6			1.0162040765443112
4629.5			0.9814317754975945
4630.4			1.0124446570288037
4631.3			1.0710264007705281
4632.2			1.0584015373071836
4633.1			0.9937150008032065
4634.0			0.9695459022786213
4634.9			1.0007850992448375
4635.8			1.0303237998493049
4636.7			1.0188804507018048
4637.6			0.9870463568235045
4638.5			0.9686144123028132
4639.4			0.9541731202618103
4640.3			0.9719107156822345
4641.2			1.0478066237513766
4642.1			1.1108475535645228
4643.0			1.0987651767263888
4643.9			1.0491305064767547
4644.8			1.0113329426297237
4645.7			0.9651527110790049
4646.6			0.9111080100178407
4647.5			0.9005543065743303
4648.4			0.9546271997761607
4649.3			1.045873648743401
4650.2			1.1322438938473147
4651.1			1.1844482995184173
4652.0			1.2197851872566827
4652.9			1.0
4653.8			0.9635663613672745
4654.7			0.8991153693033818
4655.6			0.8662344014392093
4656.5			0.8871386948434542
4657.4			0.9610328227322821
4658.3			1.0678689489104582
4659.2			1.156207291473601
4660.1			1.1725762226795127
4661.0			1.1129292755610156
4661.9			1.0212391557124625
4662.8			0.9547068765521451
4663.7			0.9484608866871421
4664.6			0.9734035402164847
4665.5			0.9450387431038121
4666.4			0.83702403654211
4667.3			0.7509316616176647
4668.2			0.7846722445007185
4669.1			0.8895950074449654
4670.0			0.9860655006255562
4670.9			1.0629044501380465
4671.8			1.1031994892978314
4672.7			1.0839218280348972
4673.6			1.0348475824071088
4674.5			1.0
4675.4			1.061917861758044
4676.3			1.1281158575360115
4677.2			1.1179051860405167
4678.1			1.0487607143246889
4679.0			1.0
4679.9			0.9611597654400256
4680.8			0.9271040979303864
4681.7			0.9308648254294898
4682.6			0.9901687989997344
4683.5			1.047500399373165
4684.4			1.0595450922450202
4685.3			1.0506330302421838
4686.2			1.0217484663751568
4687.1			0.9688531309161483
4688.0			0.950932697024946
4688.9			0.9774639155967932
4689.8			0.984198493884465
4690.7			0.9600956750301841
4691.6			0.9493763045625905
4692.5			0.9656334500182993
4693.4			0.9832358933601782
4694.3			1.0132774305640357
4695.2			1.0538042685809312
4696.1			1.0800695503095636
4697.0			1.0519909125698281
4697.9			0.9498203271970825
4698.8			0.8692958774529321
4699.7			0.876980040729174
4700.6			0.903201409972016
4701.5			0.9151105936447373
4702.4			0.90981229874427
4703.3			0.9123289972140387
4704.2			0.9495426113569091
4705.1			0.9717503010440576
4706.0			0.9510743858804906
4706.9			0.9124867444872793
4707.8			0.8831773251603582
4708.7			0.8611618800085742
4709.6			0.8618398393229693
4710.5			0.9191914716808897
4711.4			0.9708715463876184
4712.3			0.9684224748080611
4713.2			0.930566713821976
4714.1			0.8760435382544407
4715.0			0.8761216214890677
4715.9			0.9390459295308652
4716.8			0.985378499624914
4717.7			0.998241461300261
4718.6			1.0
4719.5			1.0
4720.4			1.0192648006719949
4721.3			0.997419062556883
4722.2			0.9560304833232165
4723.1			0.9483009584438161
4724.0			0.9961556271332148
4724.9			1.0518594342006058
4725.8			1.04178248851105
4726.7			0.9471862438107906
4727.6			0.8346939947846095
4728.5			0.7946031305628923
4729.4			0.8269903695842407
4730.3			0.872791456518147
4731.2			0.9124035974902897
4732.1			0.9637577939811345
4733.0			0.998239656588494
4733.9			1.021133403222478
4734.8			1.0623557781041364
4735.7			1.0564474470432568
4736.6			1.0030736242783194
4737.5			1.0
4738.4			1.0
4739.3			1.0
4740.2			1.0
4741.1			1.0
4742.0			1.0
4742.9			1.0
4743.8			1.0
4744.7			1.0
4745.6			1.0
4746.5			1.0
4747.4			1.0
4748.3			1.0
4749.2			1.0
4750.1			1.0
4751.0			1.0
4751.9			1.0
4752.8			1.0
4753.7			1.0
4754.6			1.0
4755.5			1.0
4756.4			1.0
4757.3			1.0
4758.2			1.0
4759.1			1.018755627234167
4760.0			1.0469783494959066
4760.9			1.0214855780768444
4761.8			0.9512821749476661
4762.7			0.9201014610893125
4763.6			0.9276428030693685
4764.5			0.9064312828206729
4765.4			0.8600989266092866
4766.3			0.846603334077226
4767.2			0.8850162960457043
4768.1			0.9418776671476765
4769.0			1.0038030021473554
4769.9			1.0412635508481203
4770.8			1.0107203469751478
4771.7			0.9533936159985669
4772.6			0.945815328449112
4773.5			1.0003555703489182
4774.4			1.0
4775.3			1.0
4776.2			1.0
4777.1			1.0
4778.0			1.0146267869642485
4778.9			0.9959579182628643
4779.8			0.9800731660926997
4780.7			0.9752934473221948
4781.6			0.9571033561469202
4782.5			0.9164132479928436
4783.4			0.8988952070802211
4784.3			0.9276327445102978
4785.2			0.936625705952267
4786.1			0.9010793015068138
4787.0			0.8924964832760064
4787.9			0.9114084580986084
4788.8			0.9009545911759468
4789.7			0.8899414247268965
4790.6			0.9102292620177336
4791.5			0.9318896933725078
4792.4			0.9553804583410206
4793.3			1.0
4794.2			1.0616896989701592
4795.1			1.0813926508011578
4796.0			1.0
4796.9			0.9524224827893408
4797.8			0.9118432545575873
4798.7			0.867406664567003
4799.6			0.8440281651334502
4800.5			0.8732873380559869
4801.4			0.9365633863342925
4802.3			0.9888469456867744
4803.2			0.9933195656295292
4804.1			0.9517851566706598
4805.0			0.916521876421803
4805.9			0.9117306307125823
4806.8			0.8978277457179784
4807.7			0.8684026085911372
4808.6			0.8677454718875101
4809.5			0.8991630493718332
4810.4			0.9238857848263531
4811.3			0.9255648478868929
4812.2			0.9207144066659773
4813.1			0.9181236915405563
4814.0			0.9156666609971846
4814.9			0.9177817589039627
4815.8			0.940853237455179
4816.7			0.9728629463197676
4817.6			0.9905871876983933
4818.5			1.0044951248753686
4819.4			1.0106974797274888
4820.3			0.9998177098272432
4821.2			1.0
4822.1			1.0
4823.0			1.0
4823.9			1.0
4824.8			1.0
4825.7			1.0620202597489106
4826.6			1.084000370915185
4827.5			1.0540766490463505
4828.4			1.019423835598079
4829.3			1.0275043214614095
4830.2			1.0436503689495225
4831.1			0.99433032369623
4832.0			0.931957602417523
4832.9			0.9506797281484046
4833.8			1.0201194712677095
4834.7			1.046608249851162
4835.6			1.0251731413129173
4836.5			1.0195727499080143
4837.4			1.0275388885433085
4838.3			1.0006894914826863
4839.2			1.0
4840.1			1.0
4841.0			1.0
4841.9			1.0250228953779905
4842.8			1.0017160168916015
4843.7			0.9919377672751577
4844.6			1.035216536597021
4845.5			1.0855229880881243
4846.4			1.0965743172924833
4847.3			1.053555417056874
4848.2			0.9794277957258685
4849.1			0.9600970707658933
4850.0			1.0131248674654616
4850.9			1.0514519697953841
4851.8			1.0519592202893617
4852.7			1.0517591015519643
4853.6			1.0188910048770043
4854.5			0.9243401045898564
4855.4			0.8562759248557946
4856.3			0.8971241529945143
4857.2			0.9782637255051401
4858.1			0.9891482630633732
4859.0			0.9216632630021996
4859.9			0.808566749482184
4860.8			0.7037772651284055
4861.7			0.7148237026319247
4862.6			0.8177682591967146
4863.5			0.8850591016237165
4864.4			0.9062228428515002
4865.3			0.9306111574143768
4866.2			0.9505639955612695
4867.1			1.0
4868.0			0.9935233041429069
4868.9			1.014613426822004
4869.8			0.9901630712388334
4870.7			0.8942069622207389
4871.6			0.8323024475527524
4872.5			0.8713387932697519
4873.4			0.9480106131109296
4874.3			0.9872525165706311
4875.2			0.9993167137552996
4876.1			0.9124196464367356
4877.0			0.9366993278836934
4877.9			0.952604185403103
4878.8			1.0
4879.7			1.0149964634436606
4880.6			0.9525160901998877
4881.5			0.8827136508979585
4882.4			0.9005038886687221
4883.3			0.9511060303540869
4884.2			0.9304218157437973
4885.1			0.8600025585811938
4886.0			0.8289816583481948
4886.9			0.8616591999300777
4887.8			0.9022402206546721
4888.7			0.9123846701061313
4889.6			0.8881695881359442
4890.5			0.8167536985719954
4891.4			0.8066637726601217
4892.3			0.9098599458870966
4893.2			1.015117513598609
4894.1			1.0762337536723436
4895.0			1.118565855271161
4895.9			1.1278836523389337
4896.8			1.1172060279073344
4897.7			1.105808874072103
4898.6			1.0736472536044033
4899.5			1.0207694871221877
4900.4			1.0061144512381577
4901.3			1.0359948907614736
4902.2			1.0314159332010124
4903.1			0.9998612129114649
4904.0			1.0
4904.9			1.0544747719580332
4905.8			1.106481749893035
4906.7			1.0935342523679057
4907.6			1.0233301021871555
4908.5			0.948899353109508
4909.4			0.8845812961058913
4910.3			1.0
4911.2			1.0157131456486201
4912.1			1.0718922920128047
4913.0			1.0982089738507468
4913.9			1.110007177262045
4914.8			1.138484923295595
4915.7			1.1500301326832632
4916.6			1.1113912668575452
4917.5			1.0074807818212232
4918.4			0.8760542843939196
4919.3			0.7705469576929422
4920.2			0.7265668961026331
4921.1			0.7815703540491923
4922.0			0.8816477658346056
4922.9			0.9250768320009964
4923.8			0.8895127521528294
4924.7			0.8526358340195573
4925.6			0.8895058294650923
4926.5			0.9395131672688454
4927.4			0.9513998102873725
4928.3			0.9750013012436356
4929.2			0.9988043390924385
4930.1			1.0
4931.0			1.0
4931.9			1.0
4932.8			1.0
4933.7			0.9261338157053748
4934.6			0.9713409480453962
4935.5			1.0261769609307227
4936.4			0.9911081230336743
4937.3			0.8898019111273916
4938.2			0.8056396850279642
4939.1			0.8036680701617213
4940.0			0.8914038077544048
4940.9			0.9832831165945992
4941.8			1.0068252419930375
4942.7			1.0066987920109722
4943.6			1.0
4944.5			1.0
4945.4			1.0
4946.3			1.0
4947.2			1.0
4948.1			1.0
4949.0			1.0
4949.9			1.0
4950.8			1.0
4951.7			1.0
4952.6			1.0
4953.5			1.0
4954.4			1.0
4955.3			1.007478448131248
4956.2			0.9249547157965571
4957.1			0.7595158941064876
4958.0			0.7376988285968076
4958.9			0.8771579110993956
4959.8			0.985336416785474
4960.7			1.002651778445544
4961.6			1.0
4962.5			1.0
4963.4			1.0
4964.3			1.0
4965.2			1.0
4966.1			1.0
4967.0			1.0
4967.9			1.0
4968.8			1.0
4969.7			1.0
4970.6			1.0
4971.5			1.0
4972.4			1.033552880267509
4973.3			1.0411401789358465
4974.2			1.054772896077851
4975.1			1.0404660893262923
4976.0			1.0076471794599142
4976.9			0.9877944462655897
4977.8			0.9509151539937706
4978.7			0.930301545685891
4979.6			0.9411856160097573
4980.5			0.9425374578713736
4981.4			0.8924706898371847
4982.3			0.8215219591989721
4983.2			0.7995128643385363
4984.1			0.8309350127664855
4985.0			0.8580131027847859
4985.9			0.8951269301477712
4986.8			0.9590389659121191
4987.7			0.9851462321061268
4988.6			0.9786412856084545
4989.5			0.9621089263405562
4990.4			0.9393327027615398
4991.3			0.9416720822504515
4992.2			0.9725085077497331
4993.1			0.9706223057878278
4994.0			0.9490916147492053
4994.9			0.9596283927184898
4995.8			0.969791440240628
4996.7			0.9653741350273932
4997.6			0.9712440714460422
4998.5			0.9497162086234759
4999.4			0.8986088020425435
5000.3			0.8716211530509071
5001.2			0.8761446507883464
5002.1			0.8830131028508029
5003.0			0.888264649537938
5003.9			0.8777125965017951
5004.8			0.8363975774580631
5005.7			0.7871051750100565
5006.6			0.7961443475346709
5007.5			0.8807639258516948
5008.4			0.9552005649280281
5009.3			0.9554495300985569
5010.2			0.9323239448969151
5011.1			0.9003522608452368
5012.0			0.8331087261969509
5012.9			0.7752483293013714
5013.8			0.7596639316074113
5014.7			0.7980868999210562
5015.6			0.858531765676341
5016.5			0.8755456475324654
5017.4			0.8462657872605444
5018.3			0.8231956692490617
5019.2			0.8421024556623609
5020.1			0.8716671448210821
5021.0			0.8696030600588636
5021.9			0.8389386853588703
5022.8			0.8445731281800811
5023.7			0.8981989720159669
5024.6			0.9326690268883541
5025.5			0.9341213911780905
5026.4			0.9019845771378213
5027.3			0.8453718807297865
5028.2			0.859863340657993
5029.1			0.9337318776728157
5030.0			0.9670068253216588
5030.9			0.9750194616841963
5031.8			1.0
5032.7			1.0492308605811163
5033.6			1.071002760138039
5034.5			1.0276709096600312
5035.4			0.934772774510934
5036.3			0.901982942949009
5037.2			0.946900400868097
5038.1			0.957373098619384
5039.0			0.8985474441206623
5039.9			0.8025761772737553
5040.8			0.7181805364579422
5041.7			0.7603666826444069
5042.6			0.9210320626925299
5043.5			1.0434509929036744
5044.4			1.1040386352815152
5045.3			1.1666391025439988
5046.2			1.2120778819985472
5047.1			1.1717210308609858
5048.0			1.0647119574312025
5048.9			1.0014447187046762
5049.8			0.8467712984630196
5050.7			0.8584951293351261
5051.6			0.8496270706884328
5052.5			0.8664166943684585
5053.4			0.916574068491762
5054.3			0.9724547061882994
5055.2			0.9998742650964375
5056.1			1.0
5057.0			1.0
5057.9			1.0
5058.8			1.0
5059.7			1.0091424993488793
5060.6			1.031326274481955
5061.5			1.0533506519547724
5062.4			1.0477845866651223
5063.3			0.9937742904116532
5064.2			0.8913152922892633
5065.1			0.8488748312665358
5066.0			0.8956222889981442
5066.9			0.9312291537239811
5067.8			0.9195390248520261
5068.7			1.0
5069.6			1.0471502339886076
5070.5			1.0794803546744156
5071.4			1.0298550323696571
5072.3			0.9804118480776808
5073.2			1.010947080015567
5074.1			1.04129698639202
5075.0			1.0087921455146884
5075.9			0.989546756083364
5076.8			1.021485734089056
5077.7			1.0218848741998405
5078.6			0.9192360071522082
5079.5			0.8007106584516409
5080.4			0.7907491582920072
5081.3			0.8668559890222651
5082.2			0.9151035507895692
5083.1			0.9130937593643255
5084.0			0.9224886722271038
5084.9			0.9515227417945956
5085.8			0.9689158745101858
5086.7			0.9682928482247193
5087.6			0.9631568936917587
5088.5			0.9756810933696561
5089.4			0.9963928677377979
5090.3			1.0024365425489459
5091.2			0.998846628873307
5092.1			1.0
5093.0			1.0
5093.9			1.0
5094.8			0.9906469198774785
5095.7			0.9629151228306261
5096.6			0.9322217673144906
5097.5			0.8834388664536922
5098.4			0.8200319302174217
5099.3			1.0
5100.2			1.0959260795941053
5101.1			1.1970254222905252
5102.0			1.2102505018635576
5102.9			1.1583283090997099
5103.8			1.1023928000257608
5104.7			1.0806419802951295
5105.6			1.077186136038186
5106.5			1.044776904060081
5107.4			0.9992088527448699
5108.3			0.9877931499427347
5109.2			0.9764800257908425
5110.1			0.9566315996475985
5111.0			0.9846254923922046
5111.9			1.0
5112.8			1.0111778258469726
5113.7			1.0133673978052669
5114.6			1.0326857447543079
5115.5			1.0504087289740498
5116.4			1.0714232732617532
5117.3			1.0998162977095922
5118.2			1.1049935731956968
5119.1			1.0781194344162508
5120.0			1.0416962804341006
5120.9			0.9990013461409039
5121.8			0.9471500662982996
5122.7			1.0
5123.6			0.9483540555034616
5124.5			0.9634492979674111
5125.4			1.0016756204748005
5126.3			1.0146075499617686
5127.2			1.0025700890324483
5128.1			0.9940858745427195
5129.0			0.9918538377475621
5129.9			1.0002010942933723
5130.8			1.0311714766173872
5131.7			1.0643053146539012
5132.6			1.0745718823269625
5133.5			1.0763097306944787
5134.4			1.0995865152456339
5135.3			1.1135961430802688
5136.2			1.072238797635224
5137.1			1.01625171712027
5138.0			0.9743434825126764
5138.9			0.9421923209970852
5139.8			0.9728707987120012
5140.7			1.022598142849887
5141.6			0.9754491462877992
5142.5			0.9053435535197847
5143.4			0.9350518732377701
5144.3			0.9862212406364333
5145.2			0.9672758216463848
5146.1			0.9241403568222598
5147.0			0.9053807786995515
5147.9			0.918674451066015
5148.8			0.9515637062850285
5149.7			0.9566213497650928
5150.6			0.9232282143939972
5151.5			0.8974841227017958
5152.4			0.8954718054350556
5153.3			0.9023251807406517
5154.2			0.9239230118679566
5155.1			0.9559956703069749
5156.0			0.985468984749562
5156.9			1.0157648064604323
5157.8			1.0242440929782322
5158.7			1.0026891276082275
5159.6			1.0029201017791047
5160.5			1.023042961454148
5161.4			1.0
5162.3			0.963749474747181
5163.2			0.9498421953940414
5164.1			0.9292579615885258
5165.0			0.8607868894729096
5165.9			0.751360096625968
5166.8			0.6476690624218916
5167.7			0.6213818121385256
5168.6			0.7186526135475768
5169.5			0.8872147367581403
5170.4			0.9560722388206006
5171.3			0.8241490904068679
5172.2			0.6462678227944121
5173.1			0.6665343674803782
5174.0			0.8873708434142119
5174.9			1.0844993801091283
5175.8			1.1469612560768552
5176.7			1.166524957069957
5177.6			1.2132139910803568
5178.5			1.0
5179.4			0.986073033490719
5180.3			0.9565234096410472
5181.2			0.8998268094871894
5182.1			0.7603635567431075
5183.0			0.5769771798630673
5183.9			0.5414746849522797
5184.8			0.7127169233280493
5185.7			0.9157015863565148
5186.6			1.0148179896283587
5187.5			1.0138462090426679
5188.4			0.9998983183443099
5189.3			1.0
5190.2			1.0
5191.1			1.0
5192.0			1.0
5192.9			1.0
5193.8			1.0
5194.7			1.0
5195.6			1.0
5196.5			1.0
5197.4			1.0
5198.3			1.0
5199.2			1.0
5200.1			1.0
5201.0			0.9900912772864837
5201.9			0.9858134095644602
5202.8			0.9910243180356363
5203.7			0.9493996758228505
5204.6			0.8549051163754466
5205.5			0.7984137131830998
5206.4			0.8212165227977214
5207.3			0.8274765785233537
5208.2			0.7911767407809812
5209.1			0.8100041154479135
5210.0			0.8838548518360126
5210.9			0.9566746713044617
5211.8			1.0221890948294918
5212.7			1.0752032001364071
5213.6			1.0925077482228356
5214.5			1.0523985972369254
5215.4			0.9963995191633493
5216.3			1.0
5217.2			1.0
5218.1			1.0
5219.0			1.0
5219.9			1.0
5220.8			1.0
5221.7			0.9962017971125727
5222.6			0.9647242037308768
5223.5			0.9083775429006016
5224.4			0.839453365256867
5225.3			0.771052141704967
5226.2			0.7091454051460969
5227.1			0.721360907348185
5228.0			0.836479961552832
5228.9			0.9399720732799992
5229.8			0.9741337392474582
5230.7			1.000474517951977
5231.6			1.0
5232.5			1.0
5233.4			1.0
5234.3			1.0
5235.2			1.0
5236.1			1.0
5237.0			1.0
5237.9			1.0
5238.8			1.0
5239.7			0.9907446154744582
5240.6			1.0009019519334086
5241.5			1.0133763492529313
5242.4			1.0006638788832782
5243.3			1.0045735767149064
5244.2			1.0454041899039928
5245.1			1.0551674543163092
5246.0			0.9742212015687475
5246.9			0.8748137253517231
5247.8			0.8795877073583894
5248.7			0.9298232735966961
5249.6			0.9093047558621858
5250.5			0.873073693484235
5251.4			0.9011661276185168
5252.3			0.9595525735751392
5253.2			0.9938040057037651
5254.1			1.0
5255.0			0.9404789645686193
5255.9			0.9904680333637997
5256.8			1.1054517106718964
5257.7			1.172854867608827
5258.6			1.1794337984549614
5259.5			1.153544213765587
5260.4			1.1056496732852148
5261.3			1.0319242027429114
5262.2			0.943685741117314
5263.1			0.868146164982621
5264.0			0.8290240328953783
5264.9			0.7878320952219973
5265.8			0.7672432121466832
5266.7			0.8528135735235637
5267.6			0.9429479656601129
5268.5			0.8469148768997306
5269.4			0.68330190234768
5270.3			0.7187196897766803
5271.2			0.904970487601493
5272.1			1.015660456278626
5273.0			1.0249446586691027
5273.9			1.0131495358286946
5274.8			0.9806737811275915
5275.7			0.9758366979118128
5276.6			1.0615822157016586
5277.5			1.0
5278.4			1.0299076692279967
5279.3			0.9961010780917234
5280.2			0.9376805753673251
5281.1			0.8952738339380262
5282.0			0.8832441808681553
5282.9			0.8605968559313013
5283.8			0.8409666667712591
5284.7			0.8983329843818575
5285.6			0.9962776152673554
5286.5			1.0407777724346357
5287.4			1.022407809972389
5288.3			1.0
5289.2			1.0031222464256553
5290.1			1.0313309905816694
5291.0			1.0429455683513595
5291.9			1.0115053509648668
5292.8			0.9689193357999931
5293.7			0.9591206640158118
5294.6			0.9578796302613888
5295.5			0.9213525002045256
5296.4			0.8336408677250496
5297.3			0.7488839003012491
5298.2			0.7513021840461842
5299.1			0.837098585142106
5300.0			0.884283002075038
5300.9			0.8672307916332701
5301.8			0.8571116020908488
5302.7			0.893412238446172
5303.6			0.9502781934934454
5304.5			0.9913787021234991
5305.4			0.9987427183931676
5306.3			1.0
5307.2			1.0
5308.1			1.0
5309.0			1.0
5309.9			1.0
5310.8			1.0
5311.7			1.0
5312.6			1.0
5313.5			1.0
5314.4			1.0
5315.3			1.0
5316.2			1.0
5317.1			1.0
5318.0			1.0
5318.9			1.0
5319.8			1.0
5320.7			1.0040815624240598
5321.6			1.004532793829754
5322.5			0.9810749346504235
5323.4			0.9236558535633596
5324.3			0.8993397341692664
5325.2			0.9357495557511469
5326.1			0.9338486117799111
5327.0			0.8130988100390704
5327.9			0.6576132710713375
5328.8			0.6635141436490575
5329.7			0.8116659363941514
5330.6			0.9316773152355827
5331.5			0.9587771663607682
5332.4			0.9256044115353279
5333.3			0.924833319478572
5334.2			0.9729000811322469
5335.1			1.0003515180450309
5336.0			1.0
5336.9			1.0
5337.8			1.0095656113855327
5338.7			0.983074727312928
5339.6			0.8957223449587213
5340.5			0.8342797826980878
5341.4			0.8801798976877522
5342.3			0.9589675373247499
5343.2			1.0
5344.1			0.9922294397478523
5345.0			0.9473527478219669
5345.9			0.9197909882011033
5346.8			0.9356872567293515
5347.7			0.9220644971670415
5348.6			0.8694903633290096
5349.5			0.8514945675125022
5350.4			0.8957702298835507
5351.3			0.9436420139779322
5352.2			0.9492347494036715
5353.1			0.938702010391236
5354.0			0.9661928165468285
5354.9			1.0009700371860626
5355.8			1.0
5356.7			1.0
5357.6			1.0
5358.5			1.0
5359.4			1.0
5360.3			1.0
5361.2			1.0
5362.1			0.9759281658864866
5363.0			0.9808846221238369
5363.9			0.9733403597871473
5364.8			0.9443219754827692
5365.7			0.9511180613505592
5366.6			0.9664482708093031
5367.5			0.9699433711880122
5368.4			0.9646925579087509
5369.3			0.9064793402705331
5370.2			0.8235510338413847
5371.1			0.7782275964717051
5372.0			0.8443198689533737
5372.9			0.9627424835856352
5373.8			1.0310416044112467
5374.7			1.0567485940817103
5375.6			1.0435605976756284
5376.5			1.0033929569390803
5377.4			0.9934638898299718
5378.3			1.0180898136119392
5379.2			1.0203674749574358
5380.1			1.0
5381.0			0.9893600253517655
5381.9			0.9886180604210943
5382.8			0.9846606779521208
5383.7			0.9969261295459407
5384.6			1.0262648710268114
5385.5			1.0356272983435806
5386.4			1.0214564220876827
5387.3			1.0104278801875406
5388.2			0.9979956309141075
5389.1			0.972067314172052
5390.0			0.9508870277172219
5390.9			0.9447619250260852
5391.8			0.9543856543331519
5392.7			0.9697723951406879
5393.6			0.9702191968927265
5394.5			0.9653998918190209
5395.4			0.9504104889617312
5396.3			0.8873180738742401
5397.2			0.8592193953793523
5398.1			0.9353785366529969
5399.0			1.0097842674583395
5399.9			1.0105895723608067
5400.8			1.0114513975137729
5401.7			1.0519890910505838
5402.6			1.0608096849631066
5403.5			0.9912594426548955
5404.4			0.8889618078439877
5405.3			0.8280010572965044
5406.2			0.8618526898823217
5407.1			0.9502798339166144
5408.0			1.0052665801030323
5408.9			0.9817754523739771
5409.8			0.9507016543215577
5410.7			0.9944685470623248
5411.6			1.0831458152156133
5412.5			1.1324107422049292
5413.4			1.1285910204406968
5414.3			1.116715611087937
5415.2			1.13355568622698
5416.1			1.1774476229940989
5417.0			1.1974494610928101
5417.9			1.1858228519467249
5418.8			1.154452192503109
5419.7			1.0
5420.6			0.9828711609482081
5421.5			1.0154484345723516
5422.4			1.0310865503294635
5423.3			0.982912206369751
5424.2			0.9437449111608505
5425.1			0.980036643023236
5426.0			1.040422343638752
5426.9			1.067420648788238
5427.8			1.0143078969981305
5428.7			0.8860123431635403
5429.6			0.8193501626596734
5430.5			0.8888496552146262
5431.4			0.9496799907721548
5432.3			0.9205935413120394
5433.2			0.8713515187930742
5434.1			0.8381636518578758
5435.0			0.8337443586705148
5435.9			0.8465839995249983
5436.8			0.8853720035958342
5437.7			0.9517665028246709
5438.6			1.0021046401587457
5439.5			1.0
5440.4			1.0
5441.3			1.0
5442.2			1.0
5443.1			1.0014651020986676
5444.0			0.9713059470734039
5444.9			0.9058186633707974
5445.8			0.8166339154085349
5446.7			0.7733201053580836
5447.6			0.8435340911181206
5448.5			0.9435032880685409
5449.4			0.9935249700528442
5450.3			0.9999094582175309
5451.2			1.0
5452.1			0.9807634105143501
5453.0			0.9573829911013968
5453.9			0.9042686767990562
5454.8			0.8311450404084549
5455.7			0.8202109136399831
5456.6			0.8948629332969187
5457.5			0.9794886492609745
5458.4			1.018765469100209
5459.3			1.0002429269002124
5460.2			1.0
5461.1			1.0
5462.0			1.0
5462.9			1.0
5463.8			1.0
5464.7			1.0
5465.6			1.0
5466.5			1.0
5467.4			1.0056117356448815
5468.3			1.0180585526342434
5469.2			0.9920892091852228
5470.1			0.9509721305085261
5471.0			0.955546852121103
5471.9			0.9662137774539021
5472.8			0.9355319093090159
5473.7			0.9177522232851287
5474.6			0.9284021940049599
5475.5			0.8841975812706603
5476.4			0.8142067916303308
5477.3			0.8391845706424298
5478.2			1.0
5479.1			1.0522232008896304
5480.0			0.9912005862751911
5480.9			0.9064764058780587
5481.8			0.9055234607112739
5482.7			0.9583716731995485
5483.6			1.0168819235471465
5484.5			1.0684689951784692
5485.4			1.0791470501963605
5486.3			1.0251736906951336
5487.2			0.9652800407504932
5488.1			0.9638068309714419
5489.0			0.989162052201479
5489.9			0.9979977448196825
5490.8			1.0179374321613872
5491.7			1.0428559027547755
5492.6			1.0236687495994772
5493.5			0.9935902846463526
5494.4			1.0148192222441712
5495.3			1.0
5496.2			0.9857694776775359
5497.1			0.9533983159141745
5498.0			0.9857856398397118
5498.9			1.0505747836125985
5499.8			1.0582340458088038
5500.7			1.0055346118401056
5501.6			0.9647436824253278
5502.5			0.9666758785091878
5503.4			0.9851300245306811
5504.3			0.9937870564621791
5505.2			0.9682042657610296
5506.1			0.9343154509917652
5507.0			0.9577586491174471
5507.9			1.0152365140293196
5508.8			1.0335976827514213
5509.7			1.0184189481358223
5510.6			0.9946067470286724
5511.5			0.9529053821338125
5512.4			0.9250794409553961
5513.3			0.9356153514084076
5514.2			0.9645215445069152
5515.1			0.9910620083353344
5516.0			1.00147940889746
5516.9			1.0200170397327315
5517.8			1.0729262605809722
5518.7			1.114093429008027
5519.6			1.10593953304768
5520.5			1.0801537662589158
5521.4			1.0754035189765476
5522.3			1.0
5523.2			1.0121646073626316
5524.1			1.0175379098156911
5525.0			1.0021415177741146
5525.9			0.9784953924370797
5526.8			0.9448779957561586
5527.7			0.9061981544853748
5528.6			0.9143060005295253
5529.5			0.9731581857670993
5530.4			1.0164646934445931
5531.3			1.0145143639983984
5532.2			0.9984919061255688
5533.1			1.0
5534.0			1.0
5534.9			1.0
5535.8			1.0
5536.7			1.0
5537.6			1.0
5538.5			1.0
5539.4			1.0
5540.3			1.0
5541.2			1.0
5542.1			1.0
5543.0			1.0
5543.9			1.0
5544.8			1.0
5545.7			1.0
5546.6			1.0
5547.5			1.0
5548.4			1.0
5549.3			1.0
5550.200000000001			1.0
5551.1			1.0
5552.0			1.0
5552.9			1.0
5553.8			1.0
5554.700000000001			1.0
5555.6			1.0
5556.5			1.0
5557.4			1.0
5558.3			1.0
5559.200000000001			1.0
5560.1			1.0
5561.0			1.0
5561.9			1.0
5562.8			1.0
5563.700000000001			1.0
5564.6			1.0
5565.5			1.0
5566.4			1.0
5567.3			1.0
5568.200000000001			1.0
5569.1			1.0
5570.0			1.0
5570.9			1.0
5571.8			1.0
5572.700000000001			1.0
5573.6			1.0
5574.5			1.0
5575.4			1.0
5576.3			1.0
5577.200000000001			1.0078415067445576
5578.1			1.0012945982775623
5579.0			1.0037055455628765
5579.9			1.0283950654429155
5580.8			1.0324759894329993
5581.700000000001			1.0171049695970569
5582.6			1.017593203897651
5583.5			1.0177488476128957
5584.4			1.0033902009464997
5585.3			0.9669835356819766
5586.200000000001			0.908159541432354
5587.1			0.867230930150394
5588.0			0.866279708917442
5588.9			0.888086684010673
5589.8			0.9205651981135093
5590.700000000001			0.9560973388899331
5591.6			0.9804226798868857
5592.5			0.9815966340422103
5593.4			0.9635031432764903
5594.3			0.9668157028730457
5595.200000000001			1.0
5596.1			1.0533671120796058
5597.0			1.0370502972376507
5597.9			0.9842204913682522
5598.8			0.9522806567484746
5599.700000000001			0.9370483499560183
5600.6			0.912924596363562
5601.5			0.8799568455697814
5602.4			0.868037623930306
5603.3			0.9115550331247343
5604.200000000001			0.9782771167069206
5605.1			1.0208093471710027
5606.0			1.0350377026653417
5606.9			1.0
5607.8			0.9884293614213779
5608.700000000001			0.9775269645953301
5609.6			0.9756893912272518
5610.5			0.9871618291020526
5611.4			1.0074198854475083
5612.3			1.027675325272523
5613.200000000001			1.0121194155797322
5614.1			0.9241317183416949
5615.0			0.8294675621905436
5615.9			0.8367086666276295
5616.8			0.917562015302704
5617.700000000001			0.9587348794632112
5618.6			0.9410359300524391
5619.5			1.0
5620.4			1.0075100088076017
5621.3			1.0389576165383358
5622.200000000001			1.0466517708584249
5623.1			0.9958331072959928
5624.0			0.9136088391807595
5624.9			0.8750544718343768
5625.8			0.9035647812610289
5626.700000000001			0.9350144680782891
5627.6			0.9455563958490101
5628.5			0.964182332296132
5629.4			0.994423018573134
5630.3			1.0
5631.200000000001			1.0
5632.1			1.0
5633.0			1.0
5633.9			1.0
5634.8			1.0
5635.700000000001			1.0
5636.6			1.0
5637.5			1.0
5638.4			1.0
5639.3			1.0
5640.200000000001			1.0
5641.1			1.0
5642.0			1.0
5642.9			1.0
5643.8			1.0
5644.700000000001			1.0
5645.6			1.0
5646.5			1.0
5647.4			1.0092548215964734
5648.3			1.00008405336327
5649.200000000001			0.9813727075538841
5650.1			0.9797757885766697
5651.0			1.0037802381880758
5651.9			1.0367662158230524
5652.8			1.0388369925055831
5653.700000000001			1.0009981408137394
5654.6			0.9748106660813558
5655.5			0.9996973254125252
5656.4			1.0103144869313216
5657.3			0.9417208125776276
5658.200000000001			0.868757076819602
5659.1			0.8977528609561785
5660.0			0.9804235790571375
5660.9			1.003402021814124
5661.8			0.969622712360136
5662.700000000001			0.9572381266473763
5663.6			0.9951482609828366
5664.5			1.042428214125314
5665.4			1.055654672614247
5666.3			1.0307916919645235
5667.200000000001			0.9983500550935044
5668.1			0.9864005080966725
5669.0			0.9996111246516932
5669.9			1.0
5670.8			1.0
5671.700000000001			1.0
5672.6			1.0
5673.5			1.0
5674.4			1.0
5675.3			1.0
5676.200000000001			1.0
5677.1			1.0
5678.0			1.0
5678.9			0.9838377975183844
5679.8			0.9872539230758007
5680.700000000001			0.9858539285792353
5681.6			0.9531749246181219
5682.5			0.9230745869869623
5683.4			0.9336735155321276
5684.3			0.9623638972313537
5685.200000000001			0.9672298859558306
5686.1			0.9444961943992595
5687.0			0.9205485336696633
5687.9			0.9184412610698724
5688.8			0.9421538946830813
5689.700000000001			0.973212402880691
5690.6			1.0
5691.5			1.010712220336722
5692.4			1.0213006829331381
5693.3			1.0137851500447779
5694.200000000001			0.9972944000979348
5695.1			0.9973515509632344
5696.0			1.01096383878028
5696.9			1.0035646170290797
5697.8			0.9655747978459288
5698.700000000001			0.9414371030318417
5699.6			0.9374068894890776
5700.5			0.9178795720182518
5701.4			0.8913389444206893
5702.3			0.8965594882174747
5703.200000000001			0.9324388375967305
5704.1			0.9517042012005397
5705.0			0.9259415088810315
5705.9			0.8879753909126122
5706.8			0.8724238978649204
5707.700000000001			0.8559229337176762
5708.6			0.8347400612865945
5709.5			0.8471840602862465
5710.4			0.8707175188454683
5711.3			0.8677471579879258
5712.200000000001			0.8858535256338319
5713.1			0.940265766160398
5714.0			0.974012634670507
5714.9			0.9770969334638371
5715.8			0.9866277317435582
5716.700000000001			1.0003432641536631
5717.6			1.0055676301950325
5718.5			1.0084233320626954
5719.4			1.0100114696263685
5720.3			1.0120378761733566
5721.200000000001			1.0230686836083978
5722.1			1.0389906486361082
5723.0			1.0
5723.9			1.0071255028311468
5724.8			1.0073822765965128
5725.700000000001			0.9862481462485962
5726.6			0.9516066565553182
5727.5			0.9567765647332049
5728.4			1.0107159326095863
5729.3			1.0531110570452884
5730.200000000001			1.0400313309225426
5731.1			1.0053388332702822
5732.0			1.0
5732.9			1.0
5733.8			1.0
5734.700000000001			1.0
5735.6			1.0
5736.5			1.0
5737.4			1.0
5738.3			1.0
5739.200000000001			1.0
5740.1			1.0
5741.0			1.0
5741.9			1.0
5742.8			1.0
5743.700000000001			1.0
5744.6			1.0
5745.5			1.0
5746.4			1.0
5747.3			1.0
5748.200000000001			1.0
5749.1			1.018179899562197
5750.0			1.0492382956552249
5750.9			1.0459383350841969
5751.8			1.0023970771803252
5752.700000000001			0.9365320307851965
5753.6			0.889921761137245
5754.5			0.8984661959299798
5755.4			0.9471994695931772
5756.3			0.9892737223409794
5757.200000000001			1.0042034194055804
5758.1			0.9913820568217906
5759.0			1.0
5759.9			1.0
5760.8			1.0
5761.700000000001			1.0
5762.6			1.0
5763.5			1.0
5764.4			1.0
5765.3			1.0
5766.200000000001			1.0
5767.1			1.0
5768.0			1.0
5768.9			1.0
5769.8			1.0
5770.700000000001			1.0
5771.6			1.0
5772.5			1.0004400629269619
5773.4			0.9872958377222496
5774.3			0.9701841438164205
5775.200000000001			0.9842408492904321
5776.1			1.013632996786109
5777.0			1.024457047069873
5777.9			1.0140871370331284
5778.8			0.9844345491445317
5779.700000000001			0.9152703298591996
5780.6			0.8310471089239454
5781.5			0.8060647716039586
5782.4			0.8488039674564591
5783.3			0.8916033552510153
5784.200000000001			0.8848735130981902
5785.1			0.8688578749983028
5786.0			0.9101412955719571
5786.9			0.9753233331629787
5787.8			1.0124164770513628
5788.700000000001			1.030264299350649
5789.6			1.025973290652462
5790.5			1.0019061349289606
5791.4			1.0
5792.3			1.0
5793.200000000001			1.0
5794.1			1.0
5795.0			1.0047417321311525
5795.9			0.9827035825186582
5796.8			0.9293201484747031
5797.700000000001			0.8907043311123577
5798.6			0.914928390781689
5799.5			0.9695976839615964
5800.4			0.9969701414623083
5801.3			1.0
5802.200000000001			1.0
5803.1			1.0
5804.0			1.0
5804.9			1.0
5805.8			1.0
5806.700000000001			1.0
5807.6			1.0
5808.5			1.0
5809.4			1.0
5810.3			1.0
5811.200000000001			1.0
5812.1			1.0
5813.0			1.0
5813.9			1.0
5814.8			1.0
5815.700000000001			1.0
5816.6			1.0
5817.5			1.0
5818.4			1.0
5819.3			1.0
5820.200000000001			1.0
5821.1			1.0
5822.0			1.0
5822.9			1.0
5823.8			1.0
5824.700000000001			1.0
5825.6			1.0
5826.5			1.0
5827.4			1.0
5828.3			1.0
5829.200000000001			1.0
5830.1			1.0
5831.0			1.0
5831.9			1.0
5832.8			1.0
5833.700000000001			1.0
5834.6			1.0
5835.5			1.0
5836.4			1.0
5837.3			1.0
5838.200000000001			1.0
5839.1			1.0
5840.0			1.0
5840.9			1.0
5841.8			1.0
5842.700000000001			1.0
5843.6			1.0
5844.5			1.0
5845.4			0.9781996281984748
5846.3			0.956449545063337
5847.200000000001			0.9446197886247265
5848.1			0.9543753840799248
5849.0			0.9706673873932351
5849.9			0.9777556759344354
5850.8			0.9735281183116063
5851.700000000001			0.9494691057484309
5852.6			0.9156344714212672
5853.5			0.9063387502470396
5854.4			0.9326948060763549
5855.3			0.9495753545229745
5856.200000000001			0.9218454969579387
5857.1			0.8784815093048726
5858.0			0.8738828116072368
5858.9			0.9068409636750029
5859.8			0.9423958109201134
5860.700000000001			0.9567451981904822
5861.6			0.9464981425358671
5862.5			0.9363954336761073
5863.4			0.9516886305015975
5864.3			0.9749500263756898
5865.200000000001			0.971612773294984
5866.1			0.9444355936408196
5867.0			0.9372803366851021
5867.9			0.9599714555028919
5868.8			0.9861425027100746
5869.700000000001			0.999729425429268
5870.6			0.9999511238414379
5871.5			1.0
5872.4			1.0
5873.3			1.0
5874.200000000001			1.0
5875.1			1.0
5876.0			1.0
5876.9			1.0
5877.8			1.0
5878.700000000001			1.0
5879.6			1.0
5880.5			1.0
5881.4			1.0
5882.3			1.0
5883.200000000001			1.0
5884.1			1.0
5885.0			1.0
5885.9			1.036563877419557
5886.8			1.0503531418755847
5887.700000000001			1.0027087070860878
5888.6			0.8377527820027819
5889.5			0.6115626711300476
5890.4			0.5437310908511727
5891.3			0.7302603921404238
5892.200000000001			0.977502149558908
5893.1			1.1125510747737923
5894.0			1.1220184972949083
5894.9			0.9886874617049127
5895.8			1.0
5896.700000000001			1.0
5897.6			1.0
5898.5			1.0
5899.4			1.0
5900.3			1.0
5901.200000000001			1.0
5902.1			1.0
5903.0			1.0
5903.9			1.0
5904.8			1.0
5905.700000000001			1.0
5906.6			1.0
5907.5			1.0
5908.4			1.0
5909.3			1.0
5910.200000000001			1.0
5911.1			1.0
5912.0			1.0
5912.9			1.0
5913.8			1.0
5914.700000000001			1.0
5915.6			1.0
5916.5			1.0
5917.4			1.0
5918.3			1.0
5919.200000000001			1.0
5920.1			1.0
5921.0			1.0
5921.9			1.0
5922.8			1.0
5923.700000000001			1.0
5924.6			1.0
5925.5			1.0
5926.4			1.0
5927.3			1.0
5928.200000000001			1.0
5929.1			1.0
5930.0			1.0
5930.9			1.0
5931.8			1.0
5932.700000000001			1.0
5933.6			1.0
5934.5			1.0
5935.4			1.0
5936.3			1.0
5937.200000000001			1.0
5938.1			1.0
5939.0			1.0
5939.9			1.0
5940.8			1.0
5941.700000000001			1.0
5942.6			1.0
5943.5			1.0
5944.4			1.0
5945.3			1.0
5946.200000000001			1.0
5947.1			1.0
5948.0			1.0
5948.9			1.0
5949.8			1.0
5950.700000000001			1.0
5951.6			1.0
5952.5			1.0
5953.4			1.0
5954.3			1.0
5955.200000000001			1.0
5956.1			1.0
5957.0			1.0
5957.9			1.0
5958.8			1.0
5959.700000000001			1.0
5960.6			1.0
5961.5			1.0
5962.4			1.0
5963.3			1.0
5964.200000000001			1.0
5965.1			1.0
5966.0			1.0
5966.9			1.0
5967.8			1.0
5968.700000000001			1.0
5969.6			1.0
5970.5			1.0
5971.4			1.0
5972.3			1.0
5973.200000000001			1.0
5974.1			1.0
5975.0			1.0
5975.9			1.0
5976.8			1.0
5977.700000000001			1.0
5978.6			1.0
5979.5			1.0
5980.4			1.0224550652678344
5981.3			1.0252566409433221
5982.200000000001			1.0075022194315997
5983.1			0.965203622017927
5984.0			0.923789364671654
5984.9			0.9307648872284185
5985.8			0.9700613435756057
5986.700000000001			0.995316741156801
5987.6			0.999862900063396
5988.5			1.0
5989.4			1.0
5990.3			1.0
5991.200000000001			1.0
5992.1			1.0
5993.0			1.0
5993.9			1.0
5994.8			1.0
5995.700000000001			1.0
5996.6			1.0
5997.5			1.0
5998.4			1.0
5999.3			1.0
6000.200000000001			1.0291728985561033
6001.1			1.0389002306043975
6002.0			1.0199282866151569
6002.9			0.9946183903902388
6003.8			0.993784657317257
6004.700000000001			1.00753197191365
6005.6			1.0097866387571135
6006.5			0.9882067145901491
6007.4			0.9554099852169733
6008.3			0.9492760083253374
6009.200000000001			0.9905013720467502
6010.1			1.0425749494979895
6011.0			1.054517105084975
6011.9			1.0163529979706933
6012.8			0.9794487112138651
6013.700000000001			0.9932509240579629
6014.6			1.0259171480642675
6015.5			1.0206434894126202
6016.4			0.9999441013499504
6017.3			1.0
6018.200000000001			1.0
6019.1			1.0
6020.0			1.0
6020.9			1.0
6021.8			1.0
6022.700000000001			1.0
6023.6			1.0
6024.5			1.0
6025.4			1.0
6026.3			1.0
6027.200000000001			1.0
6028.1			1.0
6029.0			1.0
6029.9			1.0
6030.8			1.0
6031.700000000001			1.0
6032.6			1.0
6033.5			1.0
6034.4			1.0
6035.3			1.0
6036.200000000001			1.0
6037.1			1.0
6038.0			1.0
6038.9			1.0
6039.8			1.0
6040.700000000001			1.0
6041.6			1.0
6042.5			1.0
6043.4			1.0
6044.3			1.0
6045.200000000001			1.0
6046.1			1.0
6047.0			1.0
6047.9			1.0
6048.8			1.0
6049.700000000001			1.0
6050.6			1.0
6051.5			1.0
6052.4			1.0
6053.3			1.0
6054.200000000001			1.0
6055.1			1.0
6056.0			1.0
6056.9			1.0
6057.8			1.0
6058.700000000001			1.0
6059.6			1.0
6060.5			1.0023425680479416
6061.4			0.9845342822149273
6062.3			0.9593308915436175
6063.200000000001			0.941653478613066
6064.1			0.923136919636956
6065.0			0.9031757011484779
6065.9			0.9236888296525673
6066.8			0.9765285921810518
6067.700000000001			1.010225117822893
6068.6			1.011456360515288
6069.5			1.000261079570752
6070.4			1.0
6071.3			1.0
6072.200000000001			1.0
6073.1			1.0
6074.0			1.0
6074.9			1.0
6075.8			1.0
6076.700000000001			1.0
6077.6			1.0
6078.5			1.0
6079.4			1.0
6080.3			1.0
6081.200000000001			1.0
6082.1			1.0
6083.0			1.0
6083.9			1.0
6084.8			1.0
6085.700000000001			1.0
6086.6			1.0
6087.5			1.0
6088.4			1.0
6089.3			1.0
6090.200000000001			1.0
6091.1			1.0
6092.0			1.0
6092.9			1.0
6093.8			1.0
6094.700000000001			1.0
6095.6			1.0
6096.5			1.0
6097.4			1.0
6098.3			1.0
6099.200000000001			1.0194499240187298
6100.1			1.0319061411248125
6101.0			0.9972139197225091
6101.9			0.9183674910374676
6102.8			0.8723754182705117
6103.700000000001			0.9120505167396361
6104.6			0.978920336354642
6105.5			1.007981239794812
6106.4			0.9989015889702914
6107.3			1.0
6108.200000000001			1.0
6109.1			1.0
6110.0			1.0
6110.9			1.0
6111.8			1.0
6112.700000000001			1.0
6113.6			1.0
6114.5			1.0
6115.4			1.0
6116.3			1.0
6117.200000000001			1.0155705782519202
6118.1			1.0358087322923049
6119.0			1.0189441830281905
6119.9			0.9887910440794249
6120.8			0.9665256958860986
6121.700000000001			0.9451684408300814
6122.6			0.9599483234940089
6123.5			1.014934229762826
6124.4			1.0450003361675408
6125.3			1.0264221460910075
6126.200000000001			0.9999233731046558
6127.1			1.0
6128.0			1.0
6128.9			1.0
6129.8			1.0
6130.700000000001			1.0
6131.6			1.0
6132.5			1.0196454562989559
6133.4			1.024141487448531
6134.3			0.9979236454588518
6135.200000000001			0.9301825502515978
6136.1			0.8433916340740905
6137.0			0.8036888107346446
6137.9			0.8632959161732953
6138.8			0.9779514445582345
6139.700000000001			1.0542470749049822
6140.6			1.0455795376840424
6141.5			1.0074291391418073
6142.4			1.0
6143.3			1.0
6144.200000000001			1.0
6145.1			1.0
6146.0			1.0
6146.9			1.0
6147.8			1.0
6148.700000000001			1.0
6149.6			1.0
6150.5			1.0
6151.4			1.0
6152.3			1.0
6153.200000000001			1.0
6154.1			1.0
6155.0			1.0
6155.9			1.0
6156.8			1.0084557902591318
6157.700000000001			1.0105585900766836
6158.6			1.0231511352768388
6159.5			1.0127500884568792
6160.4			0.9449646015054539
6161.3			0.861034175124512
6162.200000000001			0.8300338148037026
6163.1			0.8614455097800318
6164.0			0.919796861424266
6164.9			0.9619115724470703
6165.8			0.9800126023155452
6166.700000000001			0.9986579368380395
6167.6			1.0001293950440193
6168.5			1.0
6169.4			1.0
6170.3			1.0
6171.200000000001			1.0
6172.1			1.0
6173.0			1.0
6173.9			1.0
6174.8			1.0
6175.700000000001			1.0
6176.6			1.0
6177.5			1.0
6178.4			1.0
6179.3			1.0
6180.200000000001			1.0
6181.1			1.0
6182.0			1.0
6182.9			1.0
6183.8			1.0042138426264342
6184.700000000001			1.0009064775748688
6185.6			0.975469071237705
6186.5			0.9475921961805962
6187.4			0.9387035154559242
6188.3			0.9470699556175945
6189.200000000001			0.9565663595115416
6190.1			0.9272168450876715
6191.0			0.8726537857148735
6191.9			0.8756848379709227
6192.8			0.9410358572052748
6193.700000000001			0.9965223274717002
6194.6			1.0173591781588534
6195.5			1.0182666305132895
6196.4			1.0186162240484202
6197.3			1.0206411383553335
6198.200000000001			1.0005181498941864
6199.1			1.0
6200.0			1.0
6200.9			1.0
6201.8			1.0
6202.700000000001			1.0
6203.6			1.0
6204.5			1.0
6205.4			1.0
6206.3			1.0
6207.200000000001			1.0
6208.1			1.0
6209.0			1.0
6209.9			0.9967761883198115
6210.8			0.9989078064063411
6211.700000000001			0.9924655804159705
6212.6			0.9554835374677002
6213.5			0.9119184184882444
6214.4			0.9027200642036919
6215.3			0.9235665648404136
6216.200000000001			0.9594024849063296
6217.1			1.0090576439878864
6218.0			1.0315006341113098
6218.9			1.0005652523518707
6219.8			1.0
6220.700000000001			1.0
6221.6			1.0
6222.5			1.0
6223.4			1.0
6224.3			1.0
6225.200000000001			1.0
6226.1			1.005119533521155
6227.0			1.0024543408484956
6227.9			0.9929060966860936
6228.8			0.9552178862140166
6229.700000000001			0.8830311975371532
6230.6			0.8388138684004696
6231.5			0.8555011627256143
6232.4			0.8913068921711125
6233.3			1.0
6234.200000000001			1.0579164219319805
6235.1			1.0994658132135255
6236.0			1.09670480876609
6236.9			1.061364523958765
6237.8			1.0370501202400864
6238.700000000001			1.025909970189537
6239.6			1.0028035089347453
6240.5			0.9919900116491013
6241.4			1.0010681766790726
6242.3			0.9852079035001631
6243.200000000001			0.9681638998938948
6244.1			0.9893108078303823
6245.0			1.0085710203176574
6245.9			1.0
6246.8			1.020905676494125
6247.700000000001			1.0649523225721016
6248.6			1.0910404647185736
6249.5			1.0874278532965997
6250.4			1.055528721021947
6251.3			0.9965935366910805
6252.200000000001			0.9400971243915567
6253.1			0.9241918792452242
6254.0			0.9423746973387146
6254.9			0.9609001134795716
6255.8			0.9432003465797407
6256.700000000001			0.8988355584345599
6257.6			0.8619336430193886
6258.5			0.8640537789318176
6259.4			0.9131634073504503
6260.3			0.9607250842923414
6261.200000000001			0.9773063431486035
6262.1			0.9994513318138883
6263.0			1.0284701623468244
6263.9			1.0114394489782614
6264.8			0.9578999637996481
6265.700000000001			0.9401661822710031
6266.6			0.9761322094501967
6267.5			1.0092419182125765
6268.4			1.0009830383043121
6269.3			1.0
6270.200000000001			1.0
6271.1			1.001613650076804
6272.0			1.0302631866956826
6272.9			1.0556669995980783
6273.8			1.05474332446464
6274.700000000001			1.0397495981661342
6275.6			1.0345655820877593
6276.5			1.0293011843322646
6277.4			1.0174262081555454
6278.3			1.0031258585098555
6279.200000000001			0.9793095567356042
6280.1			0.9530152518056376
6281.0			0.9430170713507781
6281.9			0.9482923966056186
6282.8			0.9583293539348318
6283.700000000001			0.9605317588730026
6284.6			0.9462167309713839
6285.5			1.0
6286.4			1.0277728058096403
6287.3			1.0695070486836744
6288.200000000001			1.1015153530125603
6289.1			1.1069384782678815
6290.0			1.0772600169012094
6290.9			1.041694475598504
6291.8			1.0249585835787534
6292.700000000001			1.0216173225086485
6293.6			1.035147466225598
6294.5			1.0498435437407874
6295.4			1.026497557289052
6296.3			0.9722752352071804
6297.200000000001			0.9421382214473639
6298.1			0.964369951448376
6299.0			0.9935514067994488
6299.9			0.9827634876190486
6300.8			0.9465027214385888
6301.700000000001			0.9269713637034895
6302.6			0.9351899160607895
6303.5			0.9529537484896029
6304.4			1.0
6305.3			0.9957294095060399
6306.200000000001			1.010270172747134
6307.1			1.0415177169787688
6308.0			1.0612899450388387
6308.9			1.0548385942564322
6309.8			1.0252058648079418
6310.700000000001			0.9858285902851265
6311.6			0.9692231805368906
6312.5			0.98438275101025
6313.4			0.988769350557194
6314.3			0.9537763179118749
6315.200000000001			0.9257094891942331
6316.1			0.9372085956244045
6317.0			0.938764015441926
6317.9			0.9120550958010033
6318.8			0.9130732448578336
6319.700000000001			0.9541751160494469
6320.6			0.9884309322218531
6321.5			0.9854771570645011
6322.4			0.9821434982193711
6323.3			1.0090985158427228
6324.200000000001			1.0373289816872016
6325.1			1.0380187580637823
6326.0			1.0183461043246778
6326.9			0.9999134792807709
6327.8			1.0050890937749732
6328.700000000001			1.0223213642229707
6329.6			1.0
6330.5			0.9843766236528412
6331.4			0.9861837371535808
6332.3			1.0057677785665897
6333.200000000001			1.0174907890773262
6334.1			0.988712575144261
6335.0			0.9279802406472041
6335.9			0.9011721129248706
6336.8			0.9306072225410129
6337.700000000001			0.9614489712922432
6338.6			0.9618559970674704
6339.5			0.9661024019997982
6340.4			0.9894579094310071
6341.3			0.9999816114239564
6342.200000000001			1.0
6343.1			1.0
6344.0			1.0
6344.9			1.0
6345.8			1.0
6346.700000000001			1.0
6347.6			1.0
6348.5			1.0
6349.4			1.006632172960752
6350.3			1.011591436559721
6351.200000000001			1.019661656096015
6352.1			1.0192436489547738
6353.0			0.9994339696552328
6353.9			0.9685471537362217
6354.8			0.9529943034630494
6355.700000000001			0.9651829570479888
6356.6			0.9757231847486185
6357.5			0.9472063263193747
6358.4			0.9077283550247676
6359.3			0.9102995912027565
6360.200000000001			0.9305364393762514
6361.1			0.9172041058946975
6362.0			0.8884589895640945
6362.9			0.8838368698453986
6363.8			0.9025573131291726
6364.700000000001			0.9249219514732592
6365.6			0.9416026364807523
6366.5			0.9611336233152891
6367.4			0.9876985894483414
6368.3			1.0033007642034248
6369.200000000001			0.9950576591306959
6370.1			0.9844406588398847
6371.0			0.989932473008992
6371.9			1.005283951981989
6372.8			1.0165827440389275
6373.700000000001			1.0143396376743166
6374.6			1.0045501746190113
6375.5			1.002126743816713
6376.4			1.0002240185179174
6377.3			1.0
6378.200000000001			1.0
6379.1			1.0
6380.0			1.0
6380.9			1.0
6381.8			1.0
6382.700000000001			1.0
6383.6			1.0
6384.5			1.0
6385.4			1.0
6386.3			1.0
6387.200000000001			1.0
6388.1			1.0
6389.0			1.0
6389.9			1.0
6390.8			1.0
6391.700000000001			1.0
6392.6			1.0
6393.5			1.0
6394.4			1.0
6395.3			1.0
6396.200000000001			1.0324247370336908
6397.1			1.0359209449964093
6398.0			1.0032613526790668
6398.9			0.929051181368924
6399.8			0.861395211403856
6400.700000000001			0.878397568870169
6401.6			0.9528341312383033
6402.5			0.9954853508028482
6403.4			0.9965455395536801
6404.3			1.0
6405.200000000001			1.0
6406.1			1.0
6407.0			1.0
6407.9			1.0
6408.8			1.0
6409.700000000001			1.0
6410.6			1.0
6411.5			1.0
6412.4			1.0
6413.3			1.0
6414.200000000001			1.0
6415.1			1.0
6416.0			1.0
6416.9			1.0080013592819506
6417.8			1.0003611223375457
6418.700000000001			0.9733379475292696
6419.6			0.9320120037950006
6420.5			0.905358718616993
6421.4			0.9205080882414102
6422.3			0.9705763473341757
6423.200000000001			1.0087021645008254
6424.1			1.002692745880294
6425.0			1.0
6425.9			1.0
6426.8			1.019945390204911
6427.700000000001			1.0266660303502844
6428.6			1.0096367954222092
6429.5			0.960230288956996
6430.4			0.9021262752401182
6431.3			0.8874160317278978
6432.200000000001			0.9235383486551889
6433.1			0.967136888833211
6434.0			0.9897743352217431
6434.9			0.9946265416956985
6435.8			0.9989376917172987
6436.700000000001			1.0
6437.6			1.0
6438.5			1.0
6439.4			1.0
6440.3			1.0
6441.200000000001			1.0
6442.1			1.0
6443.0			1.0
6443.9			1.0
6444.8			1.0
6445.700000000001			1.0
6446.6			1.014645471328366
6447.5			1.0006952377464617
6448.4			0.9349107405877145
6449.3			0.8447588712477464
6450.200000000001			0.8210868208706349
6451.1			0.8875516877302999
6452.0			0.9629946301997052
6452.9			1.0001467794927015
6453.8			1.0004619170448543
6454.700000000001			1.0
6455.6			1.0
6456.5			1.0
6457.4			1.0
6458.3			1.0
6459.200000000001			1.0149222338094164
6460.1			1.0146037053850712
6461.0			0.9826746458381539
6461.9			0.9178947550706685
6462.8			0.8842253360706555
6463.700000000001			0.912676534609129
6464.6			0.9603523474400886
6465.5			0.9896846933506754
6466.4			1.0025958694311778
6467.3			1.0
6468.200000000001			1.0
6469.1			1.0
6470.0			1.0
6470.9			1.0
6471.8			1.0
6472.700000000001			1.0
6473.6			1.0
6474.5			1.0
6475.4			1.0
6476.3			1.0
6477.200000000001			1.0
6478.1			1.0
6479.0			0.9977974728683238
6479.9			0.9935124610419744
6480.8			0.9650024223155353
6481.700000000001			0.9265430547604565
6482.6			0.9233010674986942
6483.5			0.9611838476971241
6484.4			0.9960341863069214
6485.3			1.0039608446301258
6486.200000000001			1.0
6487.1			1.0073191815849583
6488.0			1.0191973821124165
6488.9			1.015403663529161
6489.8			0.9931334094024409
6490.700000000001			0.9760627964197943
6491.6			0.974172867211931
6492.5			0.953442455075761
6493.4			0.8834014169675786
6494.3			0.8062286635671405
6495.200000000001			0.7846913355734425
6496.1			0.8158842438302305
6497.0			0.8603477655373156
6497.9			0.8853441745223852
6498.8			0.8959561612096896
6499.700000000001			0.9210697419763787
6500.6			0.9578327477729932
6501.5			0.9791292795615699
6502.4			0.9897074645108342
6503.3			0.9996311761903308
6504.200000000001			1.0
6505.1			1.0
6506.0			1.0
6506.9			1.0
6507.8			1.0
6508.700000000001			1.0
6509.6			1.0
6510.5			1.0
6511.4			1.0
6512.3			1.0
6513.200000000001			1.0
6514.1			1.0
6515.0			1.0
6515.9			1.0
6516.8			1.0
6517.700000000001			1.0
6518.6			1.0
6519.5			1.0
6520.4			1.0
6521.3			1.0
6522.200000000001			1.0
6523.1			1.0
6524.0			1.0
6524.9			1.0
6525.8			1.0
6526.700000000001			1.0
6527.6			1.0
6528.5			1.0
6529.4			1.0
6530.3			1.0
6531.200000000001			1.0
6532.1			1.0
6533.0			1.0
6533.9			1.0
6534.8			1.0
6535.700000000001			1.0
6536.6			1.0
6537.5			1.0
6538.4			1.0
6539.3			1.0
6540.200000000001			1.0
6541.1			1.0
6542.0			1.0
6542.9			1.0
6543.8			1.0
6544.700000000001			1.0
6545.6			1.0
6546.5			1.0
6547.4			1.0
6548.3			1.0
6549.200000000001			1.0
6550.1			1.0
6551.0			1.0
6551.9			1.0
6552.8			1.0
6553.700000000001			1.0
6554.6			1.0
6555.5			1.0
6556.4			1.0
6557.3			1.0
6558.200000000001			1.0
6559.1			0.9860079081646231
6560.0			0.963774925985274
6560.9			0.8790171831458223
6561.8			0.7025907939746084
6562.700000000001			0.5891361745570475
6563.6			0.6793973882908323
6564.5			0.8612584966635702
6565.4			0.9712299938256018
6566.3			1.0
6567.200000000001			1.0018285705838368
6568.1			0.9819692052843381
6569.0			0.9595535886533149
6569.9			0.9612784991753549
6570.8			0.981633698532759
6571.700000000001			0.9816376937317797
6572.6			0.9521275062608812
6573.5			0.9243759181210008
6574.4			0.9242125825025004
6575.3			0.9552251456996266
6576.200000000001			1.0022879666837052
6577.1			1.0380853723987635
6578.0			1.0571059918768335
6578.9			1.0561468942347247
6579.8			1.0304946610888903
6580.700000000001			0.9975554421651106
6581.6			0.997465556603484
6582.5			1.0
6583.4			1.0
6584.3			1.0
6585.200000000001			0.9833846556625575
6586.1			0.9799887360160111
6587.0			0.999268479377046
6587.9			1.0169227739820377
6588.8			1.0128951883587385
6589.700000000001			0.9983520844616103
6590.6			0.9842402699596291
6591.5			0.9515450353669513
6592.4			0.8948506072301683
6593.3			0.8621271229414968
6594.200000000001			0.8874623901263805
6595.1			0.9372255573200667
6596.0			0.9634120761645474
6596.9			0.9581059892913761
6597.8			0.9407745271582169
6598.700000000001			0.9394961558559084
6599.6			0.9624269377381843
6600.5			0.9904816416187502
6601.4			0.9999500360228283
6602.3			1.0
6603.200000000001			0.9939404087810574
6604.1			0.9808730822112233
6605.0			0.9714353409529244
6605.9			0.9690509066135231
6606.8			0.9597120549525598
6607.700000000001			0.9367932253025507
6608.6			0.9141116448589732
6609.5			0.9252495651316117
6610.4			0.9838350491747483
6611.3			1.0391632856221067
6612.200000000001			1.0404489290023529
6613.1			1.006172749223305
6614.0			0.9965177398219327
6614.9			1.0
6615.8			1.0
6616.700000000001			1.0
6617.6			1.0
6618.5			1.0
6619.4			1.0
6620.3			1.0
6621.200000000001			1.0
6622.1			1.0
6623.0			1.0
6623.9			1.0
6624.8			1.0
6625.700000000001			1.0
6626.6			1.0
6627.5			1.0
6628.4			1.0024635792649137
6629.3			1.0017329257946073
6630.200000000001			0.9926648585150069
6631.1			0.9773347463541248
6632.0			0.9553139460641148
6632.9			0.9320161070445736
6633.8			0.9264406594937119
6634.700000000001			0.9548718796026805
6635.6			1.0011787948222672
6636.5			1.0384767660148888
6637.4			1.0494471087576556
6638.3			1.0296898987722078
6639.200000000001			1.002142897454815
6640.1			1.0
6641.0			1.0
6641.9			1.0
6642.8			1.0
6643.700000000001			1.0
6644.6			1.0
6645.5			1.0
6646.4			1.0
6647.3			1.0
6648.200000000001			1.0
6649.1			1.0
6650.0			1.0
6650.9			1.0
6651.8			1.0
6652.700000000001			1.0
6653.6			1.0
6654.5			1.0
6655.4			1.0051021825039828
6656.3			0.9965028437654393
6657.200000000001			0.9914817194787034
6658.1			1.00247573543684
6659.0			1.0081204491755
6659.9			0.9958412234389544
6660.8			0.9792893960267443
6661.700000000001			0.9583189237475926
6662.6			0.9317336419540294
6663.5			0.9246245071664823
6664.4			0.9470899926277697
6665.3			0.9672449659617733
6666.200000000001			0.9639760826593698
6667.1			0.9544528805752429
6668.0			0.9572075102794576
6668.9			0.975077826548511
6669.8			0.9979300595413589
6670.700000000001			1.007666273407526
6671.6			1.0005241274505763
6672.5			1.0
6673.4			1.0
6674.3			1.0032928476678613
6675.200000000001			0.9946105915509609
6676.1			0.9657353615929457
6677.0			0.9116784199576821
6677.9			0.8840342089351737
6678.8			0.9216235652621901
6679.700000000001			0.9788300177048446
6680.6			1.002108055512765
6681.5			1.0006538107118932
6682.4			1.0
6683.3			1.0
6684.200000000001			1.0
6685.1			1.0
6686.0			1.0
6686.9			1.0
6687.8			1.0
6688.700000000001			1.0
6689.6			1.0
6690.5			1.0
6691.4			1.0
6692.3			1.0
6693.200000000001			1.0
6694.1			1.0
6695.0			1.0
6695.9			1.0
6696.8			1.0
6697.700000000001			1.0
6698.6			1.0
6699.5			1.0
6700.4			1.0
6701.3			1.0
6702.200000000001			1.0
6703.1			1.0
6704.0			1.0
6704.9			1.0
6705.8			1.0
6706.700000000001			1.0
6707.6			1.0
6708.5			1.0
6709.4			1.0
6710.3			1.0
6711.200000000001			1.0
6712.1			1.0
6713.0			1.0
6713.9			1.0
6714.8			1.0
6715.700000000001			1.0
6716.6			1.0
6717.5			1.0
6718.4			1.0
6719.3			1.0
6720.200000000001			1.0
6721.1			1.0
6722.0			1.0
6722.9			1.0
6723.8			1.0
6724.700000000001			1.0
6725.6			1.0
6726.5			1.0
6727.4			1.0
6728.3			1.0
6729.200000000001			1.0
6730.1			1.0
6731.0			1.0
6731.9			1.0
6732.8			1.0
6733.700000000001			1.0
6734.6			1.0
6735.5			1.0
6736.4			1.0
6737.3			1.0
6738.200000000001			1.0
6739.1			1.0
6740.0			1.0
6740.9			1.0
6741.8			1.0
6742.700000000001			1.0
6743.6			1.0
6744.5			1.0
6745.4			1.0
6746.3			1.0
6747.200000000001			1.0
6748.1			1.0
6749.0			1.0
6749.9			1.0
6750.8			1.0
6751.700000000001			1.0
6752.6			1.0
6753.5			1.0
6754.4			1.0
6755.3			1.0
6756.200000000001			1.0
6757.1			1.0
6758.0			1.0
6758.9			1.0
6759.8			1.0
6760.700000000001			1.0
6761.6			1.0
6762.5			1.0
6763.4			1.0
6764.3			1.0
6765.200000000001			1.0
6766.1			1.0
6767.0			1.0
6767.9			1.0
6768.8			1.0
6769.700000000001			1.0
6770.6			1.0
6771.5			1.0
6772.4			1.0
6773.3			1.0
6774.200000000001			1.0
6775.1			1.0
6776.0			1.0
6776.9			1.0
6777.8			1.0
6778.700000000001			1.0
6779.6			1.0
6780.5			1.0
6781.4			1.0
6782.3			1.0
6783.200000000001			1.0
6784.1			1.0
6785.0			1.0
6785.9			1.0
6786.8			1.0
6787.700000000001			1.0
6788.6			1.0
6789.5			1.0
6790.4			1.0
6791.3			1.0
6792.200000000001			1.0
6793.1			1.0
6794.0			1.0
6794.9			1.0
6795.8			1.0
6796.700000000001			1.0
6797.6			1.0
6798.5			1.0
6799.4			1.0
6800.3			1.0
6801.200000000001			1.0
6802.1			1.0
6803.0			1.0
6803.9			1.0
6804.8			1.0
6805.700000000001			1.0
6806.6			1.0
6807.5			1.0
6808.4			1.0
6809.3			1.0
6810.200000000001			1.0
6811.1			1.0
6812.0			1.0
6812.9			1.0
6813.8			1.0
6814.700000000001			1.0
6815.6			1.0
6816.5			1.0
6817.4			1.0
6818.3			1.0
6819.200000000001			1.0
6820.1			1.0
6821.0			1.0
6821.9			1.0
6822.8			1.0
6823.700000000001			1.0
6824.6			1.0
6825.5			1.0
6826.4			1.0
6827.3			1.0
6828.200000000001			1.0
6829.1			1.0
6830.0			1.0
6830.9			1.007925170531361
6831.8			0.9980225669501567
6832.700000000001			0.9877754688068319
6833.6			0.9838765658840147
6834.5			0.9832992265907112
6835.4			0.9852533322924314
6836.3			0.9818803638992021
6837.200000000001			0.9693364829357093
6838.1			0.9515807669686723
6839.0			0.9330061756346343
6839.9			0.9110136577635026
6840.8			0.8857158518116311
6841.700000000001			0.8712934416541946
6842.6			0.8822097963428998
6843.5			0.9120640697794221
6844.4			0.9477760123791942
6845.3			0.9701901086681248
6846.200000000001			0.9761662357333448
6847.1			0.9776725057008793
6848.0			0.9822068529670953
6848.9			0.991633636889856
6849.8			0.996471587401383
6850.700000000001			0.9897964968405982
6851.6			0.9913950196236501
6852.5			1.000511268233554
6853.4			1.0
6854.3			1.0
6855.200000000001			1.0
6856.1			1.0
6857.0			1.0
6857.9			1.0
6858.8			1.0
6859.700000000001			1.0
6860.6			1.0
6861.5			1.0
6862.4			1.0
6863.3			1.0
6864.200000000001			1.0
6865.1			1.0
6866.0			1.0
6866.9			1.0
6867.8			1.0
6868.700000000001			1.0
6869.6			1.0
6870.5			1.0
6871.4			1.0
6872.3			1.0
6873.200000000001			1.0
6874.1			1.0
6875.0			1.0
6875.9			1.0
6876.8			1.0
6877.700000000001			1.0
6878.6			1.0
6879.5			1.0
6880.4			1.0
6881.3			1.0
6882.200000000001			1.0
6883.1			1.0
6884.0			1.0
6884.9			1.0
6885.8			1.0
6886.700000000001			1.0
6887.6			1.0
6888.5			1.0
6889.4			1.0
6890.3			1.0
6891.200000000001			1.0
6892.1			1.0
6893.0			1.0
6893.9			1.0
6894.8			1.0
6895.700000000001			1.0
6896.6			1.0
6897.5			1.0
6898.4			1.0
6899.3			1.0
6900.200000000001			1.0
6901.1			1.0
6902.0			1.0
6902.9			1.0
6903.8			1.0
6904.700000000001			1.0
6905.6			1.0
6906.5			1.0
6907.4			1.0396673869393946
6908.3			1.0383600680103169
6909.200000000001			1.01015206350756
6910.1			0.9845452359838655
6911.0			0.9765144935472221
6911.9			0.9798555916753239
6912.8			0.9635343023237748
6913.700000000001			0.9217271932899961
6914.6			0.903047059495858
6915.5			0.9277781709589107
6916.4			0.9531682881843436
6917.3			0.9596977640057993
6918.200000000001			0.9617145253727057
6919.1			0.9628452250538194
6920.0			0.9697533977463509
6920.9			0.9857059231207405
6921.8			1.0000205406595644
6922.700000000001			1.0
6923.6			1.0
6924.5			1.0
6925.4			1.0
6926.3			1.0
6927.200000000001			1.0
6928.1			1.0
6929.0			1.0
6929.9			1.0
6930.8			1.0
6931.700000000001			1.0
6932.6			1.0
6933.5			1.0
6934.4			1.0
6935.3			1.0
6936.200000000001			1.0
6937.1			1.0
6938.0			1.0
6938.9			1.0
6939.8			1.0121263445623192
6940.700000000001			1.0138184855441184
6941.6			0.9995949332391477
6942.5			0.9799342180014433
6943.4			0.9555594130489432
6944.3			0.9298556739838043
6945.200000000001			0.9254751368083103
6946.1			0.9530609990378015
6947.0			0.9860933132696874
6947.9			1.0045564284759423
6948.8			1.0131832274431876
6949.700000000001			1.012394300347677
6950.6			1.0015779677670271
6951.5			1.0
6952.4			1.0
6953.3			1.0
6954.200000000001			1.0
6955.1			1.0
6956.0			1.0
6956.9			1.0
6957.8			1.0
6958.700000000001			1.0
6959.6			1.0
6960.5			1.0
6961.4			1.0
6962.3			1.0
6963.200000000001			1.0
6964.1			1.0
6965.0			1.0
6965.9			1.0
6966.8			1.0
6967.700000000001			1.0
6968.6			1.0
6969.5			1.0
6970.4			0.9725903887877272
6971.3			0.9720819117440441
6972.200000000001			0.997630875874062
6973.1			1.0096516840666012
6974.0			0.9903340839665745
6974.9			0.9685211639389635
6975.8			0.9580465463305077
6976.700000000001			0.936544945027881
6977.6			0.8866488946212565
6978.5			0.8452255117294134
6979.4			0.8621340046444345
6980.3			0.9210107270979897
6981.200000000001			0.9658469530084229
6982.1			0.9887286400967209
6983.0			1.004935100714329
6983.9			1.0073405402144515
6984.8			0.9985129353689505
6985.700000000001			0.9955835193836957
6986.6			0.9999804039055724
6987.5			1.0
6988.4			1.0
6989.3			1.0
6990.200000000001			1.0
6991.1			1.0
6992.0			1.0
6992.9			1.0
6993.8			1.0
6994.700000000001			1.0
6995.6			1.0
6996.5			1.0
6997.4			1.0
6998.3			1.0
6999.200000000001			1.0
7000.1			1.0
7001.0			1.0
7001.9			1.0
7002.8			1.0
7003.700000000001			1.0
7004.6			1.0
7005.5			1.0
7006.4			1.0
7007.3			1.0
7008.200000000001			1.0
7009.1			1.0
7010.0			1.0
7010.9			1.0
7011.8			0.9955451458329547
7012.700000000001			1.0065360006053303
7013.6			1.0126421640221006
7014.5			0.9827524058175608
7015.4			0.9149391239691287
7016.3			0.8733027814938101
7017.200000000001			0.9090671013334699
7018.1			0.9717428232276879
7019.0			0.9980740926207429
7019.9			1.0011125348657364
7020.8			0.9977068536180388
7021.700000000001			1.0
7022.6			1.0
7023.5			1.0
7024.4			1.0
7025.3			1.0
7026.200000000001			1.0
7027.1			1.0
7028.0			1.0
7028.9			1.0
7029.8			1.0
7030.700000000001			1.0
7031.6			1.0
7032.5			1.0
7033.4			1.0
7034.3			1.0
7035.200000000001			0.9976451472531842
7036.1			0.9966930884177233
7037.0			0.9593170820187753
7037.9			0.9028755028018803
7038.8			0.8981207326457202
7039.700000000001			0.9512491810722021
7040.6			1.0027142003422322
7041.5			1.0
7042.4			1.0
7043.3			1.0
7044.200000000001			1.0
7045.1			1.0
7046.0			1.0
7046.9			1.0
7047.8			1.0
7048.700000000001			1.0
7049.6			0.9983266128533737
7050.5			0.984168204486409
7051.4			0.9477217697849897
7052.3			0.9048184598569097
7053.200000000001			0.8966234542290354
7054.1			0.9328147953480279
7055.0			0.971982022786014
7055.9			0.99206997193741
7056.8			0.9981843419036117
7057.700000000001			1.0
7058.6			1.0
7059.5			1.0
7060.4			1.0
7061.3			1.0
7062.200000000001			1.0
7063.1			1.0
7064.0			1.0
7064.9			1.0
7065.8			1.0
7066.700000000001			1.0
7067.6			1.0
7068.5			1.0
7069.4			1.0
7070.3			1.0
7071.200000000001			1.0
7072.1			1.0
7073.0			1.0
7073.9			1.0
7074.8			1.0
7075.700000000001			1.0
7076.6			1.0
7077.5			1.0
7078.4			1.0
7079.3			1.0
7080.200000000001			1.0096412079950527
7081.1			1.015529572496641
7082.0			0.9948704613414896
7082.9			0.9520134172944097
7083.8			0.9067175122771018
7084.700000000001			0.8950813149056873
7085.6			0.9291139562342983
7086.5			0.9774246485678458
7087.4			1.0101654630659933
7088.3			1.0191195480542161
7089.200000000001			1.000765334972671
7090.1			1.0
7091.0			1.0
7091.9			1.0
7092.8			1.0
7093.700000000001			1.0
7094.6			1.0
7095.5			1.0
7096.4			1.0
7097.3			1.0
7098.200000000001			1.0
7099.1			1.0
7100.0			1.0
7100.9			1.0
7101.8			1.0
7102.700000000001			1.0
7103.6			1.0
7104.5			1.0
7105.4			1.0
7106.3			1.0
7107.200000000001			1.0
7108.1			1.0
7109.0			1.0
7109.9			1.0
7110.8			1.0
7111.700000000001			1.0
7112.6			1.0
7113.5			1.0
7114.4			1.0
7115.3			1.0
7116.200000000001			1.0
7117.1			1.0
7118.0			1.0
7118.9			1.0
7119.8			1.0
7120.700000000001			1.0
7121.6			1.0
7122.5			1.0
7123.4			1.0
7124.3			1.0
7125.200000000001			1.0043074800322402
7126.1			0.9988567604729562
7127.0			0.9861967075150014
7127.9			0.9807376825962827
7128.8			0.9708993305748677
7129.700000000001			0.9354994627422171
7130.6			0.9107723282330827
7131.5			0.924663707394496
7132.4			0.9570123095639137
7133.3			0.9810072561981759
7134.200000000001			0.9898138697880864
7135.1			0.990308820528514
7136.0			1.0000828312359515
7136.9			1.0
7137.8			1.0
7138.700000000001			1.0
7139.6			1.0
7140.5			1.0
7141.4			1.0
7142.3			1.0
7143.200000000001			1.0
7144.1			1.0
7145.0			1.0
7145.9			1.0
7146.8			1.0
7147.700000000001			1.0
7148.6			1.0
7149.5			1.0
7150.4			1.0
7151.3			1.0
7152.200000000001			1.0
7153.1			1.0
7154.0			1.0
7154.9			1.0
7155.8			1.0
7156.700000000001			1.0
7157.6			1.0
7158.5			1.0
7159.4			1.0
7160.3			1.0
7161.200000000001			1.0175325012471692
7162.1			1.0312585689519684
7163.0			0.9938490788672456
7163.9			0.9208551328844621
7164.8			0.8778412101227444
7165.700000000001			0.8974764354748099
7166.6			0.9504044089003199
7167.5			0.993855280704128
7168.4			0.9999371764854844
7169.3			1.0
7170.200000000001			1.0
7171.1			1.0
7172.0			1.0
7172.9			1.0
7173.8			1.0
7174.700000000001			1.0
7175.6			1.0
7176.5			0.9975631477319657
7177.4			1.038983825966929
7178.3			1.0575224919483945
7179.200000000001			1.0161861221537867
7180.1			0.9490598094446009
7181.0			1.0
7181.9			1.0211385795370411
7182.8			1.078634250612315
7183.700000000001			1.1118160122906584
7184.6			1.1108062244191534
7185.5			1.0824145158822354
7186.4			1.0333845960944983
7187.3			1.00196412389413
7188.200000000001			1.00326785843681
7189.1			1.013212631875267
7190.0			1.0276991411191203
7190.9			1.038713252539731
7191.8			1.0251916446863036
7192.700000000001			0.994694502607844
7193.6			0.9928060155657753
7194.5			1.029270575476066
7195.4			1.0450569607027151
7196.3			1.0171613476360528
7197.200000000001			1.0051748823684392
7198.1			1.0292844104013494
7199.0			1.0506839200008093
7199.9			1.0
7200.8			1.0068893225304187
7201.700000000001			1.0178059356533913
7202.6			1.04559624223521
7203.5			1.0
7204.4			1.0183080175723458
7205.3			0.9959408813844353
7206.200000000001			0.9267267809605063
7207.1			0.8676695378481519
7208.0			0.8683211403229757
7208.9			0.911696992797766
7209.8			0.9645899486839095
7210.700000000001			0.9999233494905074
7211.6			0.9969313485353902
7212.5			0.9727193987802912
7213.4			0.9552310939394707
7214.3			0.9493450134472785
7215.200000000001			0.9512021612671648
7216.1			0.9649609152863944
7217.0			0.9884412884424258
7217.9			1.0031365971509647
7218.8			0.9949001363467153
7219.700000000001			0.9735061310824425
7220.6			0.962336093339756
7221.5			0.9710616675036332
7222.4			0.9677927030390467
7223.3			0.9460287750492548
7224.200000000001			0.9430732239690636
7225.1			0.9645157671689951
7226.0			0.9903893548656342
7226.9			1.013691299453586
7227.8			1.0108766531135405
7228.700000000001			0.9860405857268938
7229.6			0.9858754840465668
7230.5			1.021098211990634
7231.4			1.059546236054354
7232.3			1.077865443107154
7233.200000000001			1.0
7234.1			0.998344973217294
7235.0			1.0
7235.9			0.985322050616567
7236.8			0.9761356550999751
7237.700000000001			0.9683872285966012
7238.6			0.9580862573763941
7239.5			0.954538048376397
7240.4			0.9708246262907485
7241.3			1.0001105774051449
7242.200000000001			1.01582652198008
7243.1			0.993114314523951
7244.0			0.9497258159442422
7244.9			0.9215786986635232
7245.8			0.927751099621878
7246.700000000001			0.9544534077427029
7247.6			0.9757888898147451
7248.5			0.9738901373439846
7249.4			0.9581342742533074
7250.3			0.9429207562484249
7251.200000000001			0.9353090775221715
7252.1			0.9433638393792141
7253.0			0.9636708308416916
7253.9			0.9780716129019525
7254.8			0.9837139578626529
7255.700000000001			0.9960788085163675
7256.6			1.0082609041924284
7257.5			1.0070726411579882
7258.4			0.9973876364612327
7259.3			0.9807136958718915
7260.200000000001			0.9384978703389328
7261.1			0.8921661583628699
7262.0			1.0
7262.9			1.0572323186724577
7263.8			1.0
7264.700000000001			1.0154243629660205
7265.6			1.0255233679369056
7266.5			1.0345372983049452
7267.4			1.0343825841675602
7268.3			1.02793960357282
7269.200000000001			1.0223720988615437
7270.1			1.0158784450826985
7271.0			1.0061723592299567
7271.9			1.0013478418694377
7272.8			1.009423770476462
7273.700000000001			1.0234793980405104
7274.6			1.0382165579697755
7275.5			1.0647620389742234
7276.4			1.0943861454944628
7277.3			1.0955955941067455
7278.200000000001			1.0766538678765623
7279.1			1.070475994494781
7280.0			1.0757152038848146
7280.9			1.0671680891886368
7281.8			1.0462479547898222
7282.700000000001			1.0315313565195061
7283.6			1.0336328414996097
7284.5			1.0
7285.4			1.0345135572225097
7286.3			1.0677340076133075
7287.200000000001			1.0678521426747032
7288.1			1.0404172425752802
7289.0			1.0308684478712609
7289.9			1.0343795658074741
7290.8			1.0183258304087373
7291.700000000001			1.0027564116005012
7292.6			1.0176103275580024
7293.5			1.0541420994985342
7294.4			1.0968126367713278
7295.3			1.1418421540239234
7296.200000000001			1.1686016980120768
7297.1			1.1547543205707231
7298.0			1.1148539436218705
7298.9			1.0884394838803602
7299.8			1.0863992636077113
7300.700000000001			1.0963825007718941
7301.6			1.1056727811916114
7302.5			1.1155144525013347
7303.4			1.1333639174276993
7304.3			1.1532067935425747
7305.200000000001			1.1531581894477534
7306.1			1.128131503159383
7307.0			1.0958630487141372
7307.9			1.0858471661956042
7308.8			1.1132993356117693
7309.700000000001			1.1410818916604115
7310.6			1.1302927963276999
7311.5			1.116152502287856
7312.4			1.1411041768489587
7313.3			1.179158512600241
7314.200000000001			1.1948023402618926
7315.1			1.186599176867228
7316.0			1.179525157408671
7316.9			1.181231612524375
7317.8			1.1890976487822789
7318.700000000001			1.198168397218985
7319.6			1.2125019837919655
7320.5			1.2400221316443645
7321.4			1.2763358992697706
7322.3			1.2849750677990985
7323.200000000001			1.2610785486798055
7324.1			1.2348747863285725
7325.0			1.2186740174535289
7325.9			1.2218743987919995
7326.8			1.2615155506241986
7327.700000000001			1.303877287395756
7328.6			1.3091768926787415
7329.5			1.2995434647239912
7330.4			1.3102714354403595
7331.3			1.3309559040299934
7332.200000000001			1.329306493182228
7333.1			1.3181300869188532
7334.0			1.3302596053981648
7334.9			1.3602006118946222
7335.8			1.3827712408160473
7336.700000000001			1.401744002955847
7337.6			1.4122303697863443
7338.5			1.4041293166782471
7339.4			1.388396238484356
7340.3			1.3912392926515658
7341.200000000001			1.4171773132838625
7342.1			1.428895401265629
7343.0			1.3804301711254543
7343.9			1.3177940089039242
7344.8			1.3202459537500673
7345.700000000001			1.3748004894930503
7346.6			1.4206992742582956
7347.5			1.4411841179393652
7348.4			1.4491304088223476
7349.3			1.4345026218096992
7350.200000000001			1.4011679599056734
7351.1			1.3993968111109236
7352.0			1.446581076574951
7352.9			1.4900084293565594
7353.8			1.4817425473909505
7354.700000000001			1.4251614182797834
7355.6			1.3801779628943016
7356.5			1.3955292229057945
7357.4			1.4597675416214826
7358.3			1.524089816618132
7359.200000000001			1.56297343542795
7360.1			1.5614919667068277
7361.0			1.5189885608650058
7361.9			1.466110670292595
7362.8			1.452332466590963
7363.700000000001			1.4861483562112794
7364.6			1.5322076388983497
7365.5			1.550180667120049
7366.4			1.5464464112246061
7367.3			1.560957697599087
7368.200000000001			1.575865332702901
7369.1			1.5671716448071593
7370.0			1.5786883764394686
7370.9			1.6237038658213954
7371.8			1.6495122389638852
7372.700000000001			1.647309028290619
7373.6			1.6376812073649087
7374.5			1.6252198757191783
7375.4			1.6216427132182463
7376.3			1.6394114554390768
7377.200000000001			1.6609042795938682
7378.1			1.6891885279182213
7379.0			1.7151840772521698
7379.9			1.7066212512460597
7380.8			1.6598852032186102
7381.700000000001			1.624210200897109
7382.6			1.635107650953805
7383.5			1.656737053207628
7384.4			1.6399944655987788
7385.3			1.6188088353437267
7386.200000000001			1.6393939354742688
7387.1			1.6644479320895018
7388.0			1.6377643205615722
7388.9			1.599991933341705
7389.8			1.6431168186394753
7390.700000000001			1.7466993686599916
7391.6			1.7901004797654139
7392.5			1.7508910946275529
7393.4			1.7437180450622076
7394.3			1.806630835048566
7395.200000000001			1.8512103514904756
7396.1			1.8356154301738317
7397.0			1.829577120457848
7397.9			1.8308724262228278
7398.8			1.8266650978080734
7399.700000000001			1.8046758681143575
7400.6			1.8154280032675887
7401.5			1.893673310396982
7402.4			1.9983298971597885
7403.3			2.0720778141567147
7404.200000000001			2.0796820755658705
7405.1			2.039871183579815
7406.0			2.0383422676733027
7406.9			2.0886496278956663
7407.8			2.0954603267025633
7408.700000000001			2.063384094344108
7409.6			2.0670470187415177
7410.5			2.105860037103797
7411.4			2.177262541741552
7412.3			2.3236757310249017
7413.200000000001			0.26513275828426913
7414.1			2.0797127937845476e-05
7415.0			2.0948469078021326e-05
7415.9			2.1102028989604065e-05
7416.8			2.1257856826115602e-05
7417.700000000001			2.1416003203774952e-05
7418.6			2.1576520256314207e-05
7419.5			2.1739461692278294e-05
7420.4			2.1904882854940737e-05
7421.3			2.207284078497589e-05
7422.200000000001			2.224339428603677e-05
7423.1			2.241660399339675e-05
7424.0			2.2592532445823566e-05
7424.9			2.277124416086453e-05
7425.8			2.2952805713733365e-05
7426.700000000001			2.3137285820001316e-05
7427.6			2.3324755422308216e-05
7428.5			2.351528778132356e-05
7429.4			1.0
