3500.0			1.0
3500.9			1.0
3501.8			1.0
3502.7			1.0
3503.6			1.0
3504.5			1.0
3505.4			1.0
3506.3			1.0
3507.2			1.0
3508.1			1.0
3509.0			1.0
3509.9			1.0
3510.8			1.0
3511.7			1.0
3512.6			1.0
3513.5			1.0
3514.4			1.0
3515.3			1.0
3516.2			1.0
3517.1			1.0
3518.0			1.0
3518.9			1.0
3519.8			1.0
3520.7			1.0
3521.6			1.0
3522.5			1.0
3523.4			1.0
3524.3			1.0
3525.2			1.0
3526.1			1.0
3527.0			1.0
3527.9			1.0
3528.8			1.0
3529.7			1.0
3530.6			1.0
3531.5			1.0
3532.4			1.0
3533.3			1.0
3534.2			1.0
3535.1			1.0
3536.0			1.0
3536.9			1.0
3537.8			1.0
3538.7			1.0
3539.6			1.0
3540.5			1.0
3541.4			1.0
3542.3			1.0
3543.2			1.0
3544.1			1.0
3545.0			1.0
3545.9			1.0
3546.8			1.0
3547.7			1.0
3548.6			1.0
3549.5			1.0
3550.4			1.0
3551.3			1.0
3552.2			1.0
3553.1			1.0
3554.0			1.0
3554.9			1.0
3555.8			1.0
3556.7			1.0
3557.6			1.0
3558.5			1.0
3559.4			1.0
3560.3			1.0
3561.2			1.0
3562.1			1.0
3563.0			1.0
3563.9			1.0
3564.8			1.0
3565.7			1.0
3566.6			1.0
3567.5			1.0
3568.4			1.0
3569.3			1.0
3570.2			1.0
3571.1			1.0
3572.0			1.0
3572.9			1.0
3573.8			1.0
3574.7			1.0
3575.6			1.0
3576.5			1.0
3577.4			1.0
3578.3			1.0
3579.2			1.0
3580.1			1.0
3581.0			1.0
3581.9			1.0
3582.8			1.0
3583.7			1.0
3584.6			1.0
3585.5			1.0
3586.4			1.0
3587.3			1.0
3588.2			1.0
3589.1			1.0
3590.0			1.0
3590.9			1.0
3591.8			1.0
3592.7			1.0
3593.6			1.0
3594.5			1.0
3595.4			1.0
3596.3			1.0
3597.2			1.0
3598.1			1.0
3599.0			1.0
3599.9			1.0
3600.8			1.0
3601.7			1.0
3602.6			1.0
3603.5			1.0
3604.4			1.0
3605.3			1.0
3606.2			1.0
3607.1			1.0
3608.0			1.0
3608.9			1.0
3609.8			1.0
3610.7			1.0
3611.6			1.0
3612.5			1.0
3613.4			1.0
3614.3			1.0
3615.2			1.0
3616.1			1.0
3617.0			1.0
3617.9			1.0
3618.8			1.0
3619.7			1.0
3620.6			1.0
3621.5			1.0
3622.4			1.0
3623.3			1.0
3624.2			1.0
3625.1			1.0
3626.0			1.0
3626.9			1.0
3627.8			1.0
3628.7			1.0
3629.6			1.0
3630.5			1.0
3631.4			1.0
3632.3			1.0
3633.2			1.0
3634.1			1.0
3635.0			1.0
3635.9			1.0
3636.8			1.0
3637.7			1.0
3638.6			1.0
3639.5			1.0
3640.4			1.0
3641.3			1.0
3642.2			1.0
3643.1			1.0
3644.0			1.0
3644.9			1.0
3645.8			1.0
3646.7			1.0
3647.6			1.0
3648.5			1.0
3649.4			1.0
3650.3			1.0
3651.2			1.0
3652.1			1.0
3653.0			1.0
3653.9			1.0
3654.8			1.0
3655.7			1.0
3656.6			1.0
3657.5			1.0
3658.4			1.0
3659.3			1.0
3660.2			1.0
3661.1			1.0
3662.0			1.0
3662.9			1.0
3663.8			1.0
3664.7			1.0
3665.6			1.0
3666.5			1.0
3667.4			1.0
3668.3			1.0
3669.2			1.0
3670.1			1.0
3671.0			1.0
3671.9			1.0
3672.8			1.0
3673.7			1.0
3674.6			1.0
3675.5			1.0
3676.4			1.0
3677.3			1.0
3678.2			1.0
3679.1			1.0
3680.0			1.0
3680.9			1.0
3681.8			1.0
3682.7			1.0
3683.6			1.0
3684.5			1.0
3685.4			1.0
3686.3			1.0
3687.2			1.0
3688.1			1.0
3689.0			1.0
3689.9			1.0
3690.8			1.0
3691.7			1.0
3692.6			1.0
3693.5			1.0
3694.4			1.0
3695.3			1.0
3696.2			1.0
3697.1			1.0
3698.0			1.0
3698.9			1.0
3699.8			1.0
3700.7			1.0
3701.6			1.0
3702.5			1.0
3703.4			1.0
3704.3			1.0
3705.2			1.0
3706.1			1.0
3707.0			1.0
3707.9			1.0
3708.8			1.0
3709.7			1.0
3710.6			1.0
3711.5			1.0
3712.4			1.0
3713.3			1.0
3714.2			1.0
3715.1			1.0
3716.0			1.0
3716.9			1.0
3717.8			1.0
3718.7			1.0
3719.6			1.0
3720.5			1.0
3721.4			1.0
3722.3			1.0
3723.2			1.0
3724.1			1.0
3725.0			1.0
3725.9			1.0
3726.8			1.0
3727.7			1.0
3728.6			1.0
3729.5			1.0
3730.4			1.0
3731.3			1.0
3732.2			1.0
3733.1			1.0
3734.0			1.0
3734.9			1.0
3735.8			1.0
3736.7			1.0
3737.6			1.0
3738.5			1.0
3739.4			1.0
3740.3			1.0
3741.2			1.0
3742.1			1.0
3743.0			1.0
3743.9			1.0
3744.8			1.0
3745.7			1.0
3746.6			1.0
3747.5			1.0
3748.4			1.0
3749.3			1.0
3750.2			1.0
3751.1			1.0
3752.0			1.0
3752.9			1.0
3753.8			1.0
3754.7			1.0
3755.6			1.0
3756.5			1.0
3757.4			1.0
3758.3			1.0
3759.2			1.0
3760.1			1.0
3761.0			1.0
3761.9			1.0
3762.8			1.0
3763.7			1.0
3764.6			1.0
3765.5			1.0
3766.4			1.0
3767.3			1.0
3768.2			1.0
3769.1			1.0
3770.0			1.0
3770.9			1.0
3771.8			1.0
3772.7			1.0
3773.6			1.0
3774.5			1.0
3775.4			1.0
3776.3			1.0
3777.2			1.0
3778.1			1.0
3779.0			1.0
3779.9			1.0
3780.8			1.0
3781.7			1.0
3782.6			1.0
3783.5			1.0
3784.4			1.0
3785.3			1.0
3786.2			1.0
3787.1			1.0
3788.0			1.0
3788.9			1.0
3789.8			1.0
3790.7			1.0
3791.6			1.0
3792.5			1.0
3793.4			1.0
3794.3			1.0
3795.2			1.0
3796.1			1.0
3797.0			1.0
3797.9			1.0
3798.8			1.0
3799.7			1.0
3800.6			1.0
3801.5			1.0
3802.4			1.0
3803.3			1.0
3804.2			1.0
3805.1			1.0
3806.0			1.0
3806.9			1.0
3807.8			1.0
3808.7			1.0
3809.6			1.0
3810.5			1.0
3811.4			1.0
3812.3			1.0
3813.2			1.0
3814.1			1.0
3815.0			1.0
3815.9			1.0
3816.8			1.0
3817.7			1.0
3818.6			1.0
3819.5			1.0
3820.4			1.0
3821.3			1.0
3822.2			1.0
3823.1			1.0
3824.0			1.0
3824.9			1.0
3825.8			1.0
3826.7			1.0
3827.6			1.0
3828.5			1.0
3829.4			1.0
3830.3			1.0
3831.2			1.0
3832.1			1.0
3833.0			1.0
3833.9			1.0
3834.8			1.0
3835.7			1.0
3836.6			1.0
3837.5			1.0
3838.4			1.0
3839.3			1.0
3840.2			1.0
3841.1			1.0
3842.0			1.0
3842.9			1.0
3843.8			1.0
3844.7			1.0
3845.6			1.0
3846.5			1.0
3847.4			1.0
3848.3			1.0
3849.2			1.0
3850.1			1.0
3851.0			1.0
3851.9			1.0
3852.8			1.0
3853.7			1.0
3854.6			1.0
3855.5			1.0
3856.4			1.0
3857.3			1.0
3858.2			1.0
3859.1			1.0
3860.0			1.0
3860.9			1.0
3861.8			1.0
3862.7			1.0
3863.6			1.0
3864.5			1.0
3865.4			1.0
3866.3			1.0
3867.2			1.0
3868.1			1.0
3869.0			1.0
3869.9			1.0
3870.8			1.0
3871.7			1.0
3872.6			1.0
3873.5			1.0
3874.4			1.0
3875.3			1.0
3876.2			1.0
3877.1			1.0
3878.0			1.0
3878.9			1.0
3879.8			1.0
3880.7			1.0
3881.6			1.0
3882.5			1.0
3883.4			1.0
3884.3			1.0
3885.2			1.0
3886.1			1.0
3887.0			1.0
3887.9			1.0
3888.8			1.0
3889.7			1.0
3890.6			1.0
3891.5			1.0
3892.4			1.0
3893.3			1.0
3894.2			1.0
3895.1			1.0
3896.0			1.0
3896.9			1.0
3897.8			1.0
3898.7			1.0
3899.6			1.0
3900.5			1.0
3901.4			1.0
3902.3			1.0
3903.2			1.0
3904.1			1.0
3905.0			1.0
3905.9			1.0
3906.8			1.0
3907.7			1.0
3908.6			1.0
3909.5			1.0
3910.4			1.0
3911.3			1.0
3912.2			1.0
3913.1			1.0
3914.0			1.0
3914.9			1.0
3915.8			1.0
3916.7			1.0
3917.6			1.0
3918.5			1.0
3919.4			1.0
3920.3			1.0
3921.2			1.0
3922.1			1.0
3923.0			1.0
3923.9			1.0
3924.8			1.0
3925.7			1.0
3926.6			1.0
3927.5			1.0
3928.4			1.0
3929.3			1.0
3930.2			1.0
3931.1			1.0
3932.0			1.0
3932.9			1.0
3933.8			1.0
3934.7			1.0
3935.6			1.0
3936.5			1.0
3937.4			1.0
3938.3			1.0
3939.2			1.0
3940.1			1.0
3941.0			1.0
3941.9			1.0
3942.8			1.0
3943.7			1.0
3944.6			1.0
3945.5			1.0
3946.4			1.0
3947.3			1.0
3948.2			1.0
3949.1			1.0
3950.0			1.0
3950.9			1.0
3951.8			1.0
3952.7			1.0
3953.6			1.0
3954.5			1.0
3955.4			1.0
3956.3			1.0
3957.2			1.0
3958.1			1.0
3959.0			1.0
3959.9			1.0
3960.8			1.0
3961.7			1.0
3962.6			1.0
3963.5			1.0
3964.4			1.0
3965.3			1.0
3966.2			1.0
3967.1			1.0
3968.0			1.0
3968.9			1.0
3969.8			1.0
3970.7			1.0
3971.6			1.0
3972.5			1.0
3973.4			1.0
3974.3			1.0
3975.2			1.0
3976.1			1.0
3977.0			1.0
3977.9			1.0
3978.8			1.0
3979.7			1.0
3980.6			1.0
3981.5			1.0
3982.4			1.0
3983.3			1.0
3984.2			1.0
3985.1			1.0
3986.0			1.0
3986.9			1.0
3987.8			1.0
3988.7			1.0
3989.6			1.0
3990.5			1.0
3991.4			1.0
3992.3			1.0
3993.2			1.0
3994.1			1.0
3995.0			1.0
3995.9			1.0
3996.8			1.0
3997.7			1.0
3998.6			1.0
3999.5			1.0
4000.4			1.0
4001.3			1.0
4002.2			1.064098400092959
4003.1			1.0860165401566648
4004.0			0.9773320989803937
4004.9			0.8224887446600471
4005.8			0.7650358381663184
4006.7			0.8433452190416485
4007.6			0.970108897173367
4008.5			1.020622444217075
4009.4			0.9971396581886368
4010.3			1.0
4011.2			1.0
4012.1			1.0
4013.0			1.0
4013.9			1.0
4014.8			1.0
4015.7			1.0
4016.6			1.0
4017.5			1.0
4018.4			1.0
4019.3			1.0
4020.2			1.0
4021.1			1.0
4022.0			1.0
4022.9			1.0
4023.8			1.0
4024.7			1.0
4025.6			1.0
4026.5			1.0
4027.4			1.0401729870148901
4028.3			1.0928804645316843
4029.2			1.0519907899468126
4030.1			0.9011127381642456
4031.0			0.8152134080632156
4031.9			0.8019983142871399
4032.8			0.7541567859519697
4033.7			0.7442769650987404
4034.6			0.7986464196875839
4035.5			0.8900164708219221
4036.4			0.9820334856410109
4037.3			1.0561577881051196
4038.2			1.0879888472154626
4039.1			1.0425784760786418
4040.0			0.9999008173371772
4040.9			1.0
4041.8			0.9879662710717084
4042.7			0.9667231175757757
4043.6			0.9071666830165896
4044.5			0.7644497600019292
4045.4			0.6116579435630868
4046.3			0.6022164014065028
4047.2			0.7644359098314594
4048.1			0.9221886391011376
4049.0			0.9760106817474187
4049.9			0.9879652588035465
4050.8			0.9990701083292072
4051.7			1.0
4052.6			1.0
4053.5			1.0
4054.4			1.0
4055.3			1.0
4056.2			1.0
4057.1			0.92878172093823
4058.0			0.884456828460243
4058.9			0.9126258334849072
4059.8			0.9660019551725924
4060.7			1.023123576284989
4061.6			1.022156776636063
4062.5			0.8525726201633765
4063.4			0.6737844515681558
4064.3			0.7003440890484803
4065.2			0.8317374731207936
4066.1			0.8798572479247483
4067.0			0.8589981545187442
4067.9			0.8745814165313929
4068.8			1.0
4069.7			1.0596469529879835
4070.6			0.9609417123076216
4071.5			0.8155295100204211
4072.4			0.8116881506181581
4073.3			0.8899231833767878
4074.2			0.936727916322516
4075.1			0.9005730640148802
4076.0			0.7878091274443431
4076.9			0.6914501230338114
4077.8			0.6738163069572827
4078.7			0.7605995592582973
4079.6			0.9511922383070477
4080.5			1.1486174577650698
4081.4			1.2152980819156094
4082.3			1.1577858608387377
4083.2			1.0466772121354553
4084.1			0.9653065768345969
4085.0			0.9562506620563286
4085.9			0.9985470279857408
4086.8			1.0
4087.7			1.0
4088.6			1.0
4089.5			1.0
4090.4			1.0
4091.3			1.0
4092.2			0.9886242329492637
4093.1			0.9997618709746081
4094.0			1.0171035218933335
4094.9			0.9629562091076735
4095.8			0.8474380418745601
4096.7			0.7966518429481928
4097.6			0.8686322071538396
4098.5			1.0
4099.4			0.968244666618366
4100.3			0.8832242585062041
4101.2			0.7844444786922089
4102.1			0.764643994858076
4103.0			0.841315596116354
4103.9			0.9566268629980265
4104.8			1.0248730508809227
4105.7			1.088260935755468
4106.6			1.1680768556742496
4107.5			1.1467956381662974
4108.4			1.055362183288576
4109.3			1.0266776139352989
4110.2			0.9867865724855353
4111.1			0.951075937434948
4112.0			0.9574629234466095
4112.9			1.0626553987221967
4113.8			1.177604928894547
4114.7			1.1977814138162677
4115.6			1.1876169538312915
4116.5			1.1491515845208238
4117.4			1.088268465563555
4118.3			0.988881148310898
4119.2			0.9029216869611137
4120.1			0.9412500818274697
4121.0			1.0098328944858075
4121.9			1.0172579280900407
4122.8			1.0199838744038445
4123.7			1.0560781154999428
4124.6			1.1043876639506294
4125.5			1.1054329182392335
4126.4			1.061104550183962
4127.3			1.0168796091669945
4128.2			1.0124637504702687
4129.1			1.0161604269969162
4130.0			0.9734701112822148
4130.9			0.9207620460873258
4131.8			0.8687981522133522
4132.7			0.8203906082413016
4133.6			0.8328245467730478
4134.5			0.915777278583311
4135.4			1.0331997430134363
4136.3			1.0937508644352776
4137.2			1.0981209743795708
4138.1			1.1239494581999845
4139.0			1.1650562815864938
4139.9			1.1783340924186354
4140.8			1.1429996119694519
4141.7			1.0384455787492064
4142.6			0.8803524155511624
4143.5			0.7694100002256784
4144.4			0.7795575120238492
4145.3			0.8937843578422505
4146.2			1.0377590554315612
4147.1			1.1097856779159114
4148.0			1.1105644892067585
4148.9			1.0529677851684218
4149.8			0.9301544931146544
4150.7			0.8469321984821347
4151.6			0.8677454171524213
4152.5			0.9195649073487003
4153.4			0.9523506875121792
4154.3			0.957877238300868
4155.2			0.9372422840780444
4156.1			0.9208432350565552
4157.0			0.9295027708339348
4157.9			1.018815247389367
4158.8			1.1517427711748207
4159.7			1.1721780633719705
4160.6			1.0
4161.5			0.9971022118444576
4162.4			1.0322422277886278
4163.3			1.0054362363436935
4164.2			0.9596787845943351
4165.1			0.9627897665261258
4166.0			0.9507223252520451
4166.9			0.8800643487358139
4167.8			0.8673620561126771
4168.7			0.9305283340245163
4169.6			0.979897528227426
4170.5			0.973159498524037
4171.4			0.9000397310533788
4172.3			0.7973989014554248
4173.2			0.7230129397230456
4174.1			0.7379546699719369
4175.0			0.8047482343622833
4175.9			0.812905728457005
4176.8			0.7917093047247074
4177.7			0.7734571486758448
4178.6			0.7654887366049523
4179.5			0.780339125470958
4180.4			0.7757969764500335
4181.3			0.7570527062258163
4182.2			0.7573383931208223
4183.1			0.8192577854139045
4184.0			1.0
4184.9			1.0
4185.8			0.9621041320605309
4186.7			0.8282823900707867
4187.6			0.7717272052192087
4188.5			0.8419201596855196
4189.4			0.9218921172239705
4190.3			0.9091449957119725
4191.2			0.8572530936461985
4192.1			0.8700622361095206
4193.0			0.9295577928047314
4193.9			0.9485219000589825
4194.8			0.9056860747523896
4195.7			0.827770434980715
4196.6			0.7583301492921071
4197.5			0.724168052885435
4198.4			0.7314577544306378
4199.3			0.7972747769564709
4200.2			0.8605740458598898
4201.1			0.8532315294348066
4202.0			0.8158289970702096
4202.9			0.8337301512922595
4203.8			0.8900168938480643
4204.7			0.8993033170561712
4205.6			0.9177352978074856
4206.5			0.9778423268280432
4207.4			1.0376534734600869
4208.3			1.0498484733358069
4209.2			1.0014054679945696
4210.1			1.0
4211.0			1.0
4211.9			1.0147816651263788
4212.8			0.9862000534602667
4213.7			0.8819325074543982
4214.6			0.7522426164106569
4215.5			0.6580154563658974
4216.4			0.6984585168476719
4217.3			0.8441784062432569
4218.2			0.9531709655391359
4219.1			0.9871545688961182
4220.0			1.0
4220.9			1.0
4221.8			0.9517806982682742
4222.7			0.8956857251553065
4223.6			0.8392794381895244
4224.5			0.7379882272013002
4225.4			0.5880892127167004
4226.3			0.4507863975002376
4227.2			1.0
4228.1			1.3587172187970704
4229.0			1.6522906465215677
4229.9			1.7112840819160635
4230.8			1.6831529199507438
4231.7			1.6085097700928621
4232.6			1.44726325204423
4233.5			1.3079766049734896
4234.4			1.2625829446443797
4235.3			1.185976547683109
4236.2			1.071575259860484
4237.1			1.0352350884728603
4238.0			1.0460472514570078
4238.9			1.0092478887489318
4239.8			0.9742863307249211
4240.7			1.0379865586355048
4241.6			1.0932265113036428
4242.5			1.0352154398185394
4243.4			0.9792627349026374
4244.3			0.9870042326641066
4245.2			1.0
4246.1			0.9951303756416863
4247.0			0.9388089694450139
4247.9			0.9082488413989132
4248.8			0.9099772231407018
4249.7			0.8733464254541953
4250.6			0.8601003396984161
4251.5			0.965159266561393
4252.4			1.09707601071148
4253.3			1.1153777921881707
4254.2			1.0381403326536556
4255.1			1.0
4256.0			1.0604954975268703
4256.9			1.1596130254034789
4257.8			1.1061016551750962
4258.7			0.962409567651428
4259.6			0.8466702988186751
4260.5			0.7690565169586446
4261.4			0.7925348509303857
4262.3			0.9119808104532384
4263.2			1.0115495853469154
4264.1			1.0
4265.0			1.0024385313441428
4265.9			1.0101384443327623
4266.8			0.9832964930395354
4267.7			0.9251563293464796
4268.6			0.8571558395698973
4269.5			0.787932526196262
4270.4			0.7201285878851429
4271.3			0.6373961922835654
4272.2			0.6134618552082227
4273.1			0.6682260941243843
4274.0			0.7313851149208042
4274.9			0.7819198521583993
4275.8			0.867385007337616
4276.7			0.9622113441376452
4277.6			1.034241957923587
4278.5			1.0685175845601707
4279.4			0.9947133497993492
4280.3			1.0
4281.2			1.0
4282.1			1.0
4283.0			1.0
4283.9			1.0
4284.8			1.0
4285.7			1.0
4286.6			1.0
4287.5			1.0
4288.4			0.9619842341063851
4289.3			0.8193065419812843
4290.2			0.742723320806791
4291.1			0.794595593370024
4292.0			0.9110922387997643
4292.9			0.9930442188079455
4293.8			0.9518698544872033
4294.7			0.86970954559465
4295.6			0.8711957089623906
4296.5			0.8616778484746972
4297.4			0.8051908166614751
4298.3			0.7230423687158173
4299.2			0.6133540067956235
4300.1			0.5558996420686398
4301.0			0.5917387362105612
4301.9			0.6073041484036974
4302.8			0.591489315490403
4303.7			0.6049385126470305
4304.6			0.6081472052162287
4305.5			0.5845208084341669
4306.4			0.5618482788426947
4307.3			0.5106051224011986
4308.2			0.44655656663123494
4309.1			0.4364463485826565
4310.0			0.49084751111573144
4310.9			0.5639896249949969
4311.8			0.6098940997509492
4312.7			0.6727664627198092
4313.6			0.7390807895043582
4314.5			0.803049081520339
4315.4			0.9242897393095034
4316.3			1.0825363594197375
4317.2			1.1615934951445992
4318.1			1.1229927070696948
4319.0			1.0
4319.9			0.9585687755904837
4320.8			0.9295164189578295
4321.7			0.9213542286525865
4322.6			0.8805167976096923
4323.5			0.7498350498803842
4324.4			0.6007814473768185
4325.3			0.5250552454724988
4326.2			0.5726206112845655
4327.1			0.7516021162219064
4328.0			0.9508122289335177
4328.9			1.0544681294568328
4329.8			1.0495157119868344
4330.7			0.9986353756367424
4331.6			1.0
4332.5			1.0
4333.4			1.006480652580236
4334.3			1.044249207852915
4335.2			1.084381665354116
4336.1			1.038142333762727
4337.0			0.8955901249846632
4337.9			0.7569516359982302
4338.8			0.7016686855757842
4339.7			0.6655885684986699
4340.6			0.656092979610342
4341.5			0.7558843106193724
4342.4			0.8797548707255837
4343.3			0.9119840079305204
4344.2			0.9247847567242967
4345.1			0.9929904671054309
4346.0			1.0
4346.9			0.9667648688737343
4347.8			0.9764572779040598
4348.7			1.0493003791784077
4349.6			1.0716295907526945
4350.5			0.9565956853141152
4351.4			0.7765037027928599
4352.3			0.7113837255955793
4353.2			0.7948341707919651
4354.1			0.8867074756992724
4355.0			0.9102341139731147
4355.9			0.9392814434290455
4356.8			0.9957365099780324
4357.7			0.9997255127290383
4358.6			1.0
4359.5			1.0
4360.4			1.0
4361.3			1.0
4362.2			1.0
4363.1			1.0
4364.0			1.0
4364.9			1.0
4365.8			1.0
4366.7			1.0
4367.6			1.0
4368.5			1.0
4369.4			1.0
4370.3			1.0
4371.2			1.0073395822086435
4372.1			1.0
4373.0			0.9579982927484317
4373.9			0.8620823540701157
4374.8			0.7859348029447174
4375.7			0.8210421094802937
4376.6			0.9314516812397915
4377.5			1.0141175299847527
4378.4			1.0543450012667304
4379.3			1.0662824445954933
4380.2			1.0521186842756804
4381.1			1.002848720826083
4382.0			0.8704360940184477
4382.9			0.6574402280349133
4383.8			0.5169347605914821
4384.7			0.5893109868638432
4385.6			0.8030978836219311
4386.5			0.9642801752132405
4387.4			0.985023684626074
4388.3			0.94569941472848
4389.2			0.9362481527239099
4390.1			0.9336255965783409
4391.0			0.9527596202838196
4391.9			1.0298194176708841
4392.8			1.0754212104756498
4393.7			1.0513048103852187
4394.6			0.9945637451383391
4395.5			1.0
4396.4			1.0
4397.3			1.0
4398.2			1.0
4399.1			0.9481780599866437
4400.0			0.8597998150116419
4400.9			0.800287901712381
4401.8			0.8638982432319756
4402.7			0.9221099282790413
4403.6			0.8369521323813897
4404.5			0.6830574705140655
4405.4			0.6474472224064564
4406.3			0.7346841811837664
4407.2			0.7918820694387381
4408.1			0.7778764631848403
4409.0			0.8161356419967395
4409.9			0.9219030209688844
4410.8			1.0
4411.7			1.009578373984666
4412.6			1.0255879283147304
4413.5			0.9793987633239477
4414.4			0.8545299461569564
4415.3			0.7534562521046382
4416.2			0.7720225291430153
4417.1			0.8702288969606814
4418.0			0.9484837522624345
4418.9			0.9993165717481685
4419.8			1.0
4420.7			1.0
4421.6			1.0
4422.5			1.0
4423.4			1.0
4424.3			1.0
4425.2			1.0
4426.1			1.0
4427.0			1.0
4427.9			1.0
4428.8			1.0
4429.7			1.0
4430.6			1.0
4431.5			1.058176217836644
4432.4			1.0717888982120751
4433.3			0.9823860463969287
4434.2			0.8642386415442904
4435.1			0.7966519413958977
4436.0			0.8323536058178383
4436.9			0.919975435781931
4437.8			0.9843846215980875
4438.7			1.0113051843049008
4439.6			1.0
4440.5			1.0
4441.4			1.0
4442.3			1.0
4443.2			1.0
4444.1			1.0
4445.0			1.0
4445.9			1.0
4446.8			1.0
4447.7			0.9686917828824492
4448.6			0.9827720976071647
4449.5			0.9922562681349992
4450.4			0.9872344704527332
4451.3			0.9907646164421208
4452.2			0.993564395259091
4453.1			0.9580893644831263
4454.0			0.8763825497266409
4454.9			0.7933889581807058
4455.8			0.7713751556292029
4456.7			0.8048151836641501
4457.6			0.8221186819519039
4458.5			0.8075466710764618
4459.4			0.8024108794342593
4460.3			0.792594655186027
4461.2			0.7503904801920522
4462.1			0.7548928391646331
4463.0			0.8421179946787324
4463.9			0.9045832474081649
4464.8			0.9013392526635132
4465.7			0.8849882972009949
4466.6			0.883641948415526
4467.5			0.9040604743124709
4468.4			0.893423102521123
4469.3			0.838759023489371
4470.2			0.8259609912432124
4471.1			0.8671272532074211
4472.0			0.9236733212062588
4472.9			0.9842556775451947
4473.8			1.0144952043691469
4474.7			1.0011400872739764
4475.6			1.0
4476.5			1.0
4477.4			1.029626760391576
4478.3			1.0128251159456745
4479.2			0.9335740151613112
4480.1			0.8677667713533359
4481.0			0.8449192735007758
4481.9			0.843487687955821
4482.8			0.875153941794744
4483.7			0.953094736457871
4484.6			1.0119296051136455
4485.5			1.0205940140401395
4486.4			1.0001862007942637
4487.3			1.0
4488.2			1.0
4489.1			1.0
4490.0			0.9673156702646101
4490.9			1.0273734010073767
4491.8			1.115032982616742
4492.7			1.1269951758447194
4493.6			1.042150210756457
4494.5			0.9383058747369333
4495.4			0.9096844123989996
4496.3			0.9565928455633278
4497.2			1.0154035675192021
4498.1			1.0458130985603664
4499.0			1.0751934042604232
4499.9			1.0739536579429412
4500.8			0.9994731614677438
4501.7			1.0
4502.6			1.0
4503.5			1.0
4504.4			1.0
4505.3			1.0
4506.2			1.0
4507.1			0.9657483476158716
4508.0			0.9553301207152203
4508.9			0.9715244715875092
4509.8			1.0049291765871173
4510.7			1.0222055478125642
4511.6			0.9946378532731955
4512.5			0.9432338875568855
4513.4			1.0
4514.3			0.9760441926031421
4515.2			0.984356430244904
4516.1			1.0092472309600615
4517.0			1.0083393946402541
4517.9			0.9988436088424973
4518.8			1.0113754377995405
4519.7			1.045459160957658
4520.6			1.0905401768010428
4521.5			1.0921770286933197
4522.4			1.0288414176776128
4523.3			0.9796803691339933
4524.2			0.9993455411341574
4525.1			0.9900633996121673
4526.0			0.9060584397226316
4526.9			0.8352470265093763
4527.8			0.8089614041056347
4528.7			0.8003128887851825
4529.6			0.8135935268616361
4530.5			0.8541076856992975
4531.4			0.8981403569436731
4532.3			0.9472127828806501
4533.2			0.943622819322977
4534.1			0.8802872265062035
4535.0			1.0
4535.9			1.049456825720134
4536.8			1.1937643763575856
4537.7			1.258122746373194
4538.6			1.1986400431190496
4539.5			1.1141373330706836
4540.4			1.0517391524700914
4541.3			1.044307835865486
4542.2			1.0832963408151222
4543.1			1.13491651664792
4544.0			1.1197127598703829
4544.9			1.0523296409237137
4545.8			1.0060420371419698
4546.7			1.0143946704529982
4547.6			1.011890313914768
4548.5			0.9687806485982404
4549.4			0.9316757587523564
4550.3			0.9493632087290191
4551.2			0.9782056501055985
4552.1			0.9672154040479964
4553.0			0.9366763797438815
4553.9			0.9152699105982733
4554.8			0.9240892814351944
4555.7			0.9595443666980823
4556.6			0.9879851637796985
4557.5			1.010051885438809
4558.4			1.0278273140332022
4559.3			1.0330434861549194
4560.2			1.0
4561.1			1.0000586295597247
4562.0			1.0089696134046042
4562.9			0.9821600882950665
4563.8			0.9004353792499832
4564.7			0.8353781580257373
4565.6			0.8341713692113486
4566.5			0.8955237579026294
4567.4			0.9609948648035712
4568.3			0.9999663875156739
4569.2			1.0
4570.1			1.0
4571.0			1.0
4571.9			0.9611602313846411
4572.8			1.0254918065364806
4573.7			1.0980976539307759
4574.6			1.0817352728987817
4575.5			1.0345802277291953
4576.4			1.0414077893727987
4577.3			1.0676093800481865
4578.2			1.0369860038958525
4579.1			1.0
4580.0			0.926728580583065
4580.9			0.9075954733938536
4581.8			0.94085379680012
4582.7			0.9765353936788754
4583.6			0.9786497419808454
4584.5			0.9664938495440029
4585.4			0.9453481765867168
4586.3			0.9432663597455458
4587.2			1.013765469121683
4588.1			1.0971246963041126
4589.0			1.1194686069421615
4589.9			1.0950023469136392
4590.8			1.0495425185692577
4591.7			1.0010225464842557
4592.6			0.9700093668493442
4593.5			0.9606260632417069
4594.4			0.947444083171714
4595.3			0.9243934575234607
4596.2			0.9102201328792021
4597.1			0.910067195905151
4598.0			0.9336173929070487
4598.9			0.9729376013046103
4599.8			0.9637749429246046
4600.7			0.9182077358981127
4601.6			0.9331715023539404
4602.5			0.9922177242602035
4603.4			1.0174465578033807
4604.3			0.9929894770892421
4605.2			0.9614060012204495
4606.1			0.9768255830698663
4607.0			1.0328448016247338
4607.9			1.0989979647963872
4608.8			1.1410170986253614
4609.7			1.1350431906254124
4610.6			1.0906189399519657
4611.5			1.0422575022046696
4612.4			0.999188655046822
4613.3			1.0
4614.2			1.0
4615.1			1.0
4616.0			1.0
4616.9			1.0
4617.8			1.0
4618.7			1.0
4619.6			1.0
4620.5			1.0
4621.4			1.0
4622.3			1.0
4623.2			1.0
4624.1			1.0
4625.0			1.0
4625.9			1.0
4626.8			1.0
4627.7			1.0
4628.6			1.0
4629.5			1.0
4630.4			1.0
4631.3			1.0
4632.2			1.0
4633.1			1.0
4634.0			1.0
4634.9			1.0
4635.8			1.0
4636.7			1.0
4637.6			1.0
4638.5			0.98910569235473
4639.4			0.9828832481315916
4640.3			0.998880258399071
4641.2			1.054305965001116
4642.1			1.0773497627294184
4643.0			1.0546319828790145
4643.9			1.0419424487376254
4644.8			1.0127162129977694
4645.7			0.9526488379093551
4646.6			0.8936333373148623
4647.5			0.871504442578244
4648.4			0.9208282390617724
4649.3			0.9908832716853174
4650.2			1.0292194032370552
4651.1			1.0459384002548109
4652.0			1.0669289581495942
4652.9			1.080702006738797
4653.8			1.0386033603549507
4654.7			0.9826903994879834
4655.6			0.9757037856262842
4656.5			1.0
4657.4			1.0393778746194273
4658.3			1.097452171207696
4659.2			1.14008316012586
4660.1			1.1351194648545468
4661.0			1.0908232425299862
4661.9			1.0305768231433234
4662.8			0.9811269809180229
4663.7			0.9685099820762627
4664.6			0.9734763318424329
4665.5			0.9182220269051979
4666.4			0.8148327040028338
4667.3			0.7587939927870181
4668.2			0.7932253228972971
4669.1			0.8699595144695118
4670.0			0.9409826456321833
4670.9			0.9880351988735178
4671.8			0.9927112299927175
4672.7			0.9631949551919234
4673.6			0.9448725636654888
4674.5			1.0
4675.4			1.0398914006341258
4676.3			1.0807868885070215
4677.2			1.0703783465100234
4678.1			1.0170627423281198
4679.0			0.9643901561789328
4679.9			0.9319913364141162
4680.8			0.9148301917388771
4681.7			0.9188712516533154
4682.6			0.9594109265625199
4683.5			0.9978378861712454
4684.4			1.0169085530678839
4685.3			1.014611497947173
4686.2			1.0004353856679156
4687.1			1.0
4688.0			1.0
4688.9			1.0
4689.8			1.0
4690.7			0.9795643426687144
4691.6			0.9935792461573335
4692.5			1.025359377883745
4693.4			1.0418089593871722
4694.3			1.0532135838841101
4695.2			1.0686831900270641
4696.1			1.0881593098542417
4697.0			1.066805028169819
4697.9			0.9989259644893406
4698.8			0.947584873169782
4699.7			0.9498182056206713
4700.6			0.9630701615045012
4701.5			0.950204472994406
4702.4			0.9361223798402953
4703.3			0.9402729578175004
4704.2			0.9706198047455195
4705.1			0.9912551499369989
4706.0			0.988274237967373
4706.9			0.9681079844423756
4707.8			0.9432496781253299
4708.7			0.9254271625139754
4709.6			0.9364284585780942
4710.5			0.9848613874073261
4711.4			1.0126359533896576
4712.3			0.9880256006228053
4713.2			0.964520451453097
4714.1			0.9564309956953249
4715.0			0.982242150956806
4715.9			1.0
4716.8			1.0457317094831236
4717.7			1.0360559215060807
4718.6			1.030014664670372
4719.5			1.049213741456479
4720.4			1.060186248428078
4721.3			1.0541603867108529
4722.2			1.0176708351826358
4723.1			0.9998781264592544
4724.0			1.0415373052285148
4724.9			1.0806465476177824
4725.8			1.0507095672413318
4726.7			0.9709946091076568
4727.6			0.891893365351436
4728.5			0.8655779731694484
4729.4			0.8918237994648581
4730.3			0.9086671193669614
4731.2			0.9215299105196427
4732.1			0.9522469935400285
4733.0			0.9866889163687199
4733.9			1.0023267443621031
4734.8			1.0025978518785033
4735.7			0.9819576505707094
4736.6			0.9533590171903498
4737.5			0.9719412051136063
4738.4			1.0324930993474033
4739.3			1.0477391186240332
4740.2			1.0000383276400697
4741.1			1.0
4742.0			1.0
4742.9			1.0
4743.8			1.0
4744.7			1.0
4745.6			1.0
4746.5			1.0
4747.4			1.0
4748.3			1.0
4749.2			1.0
4750.1			1.0
4751.0			1.0
4751.9			1.0
4752.8			1.0
4753.7			1.0
4754.6			1.0
4755.5			1.0
4756.4			1.0
4757.3			1.0
4758.2			1.0238612274649883
4759.1			1.0299170080196576
4760.0			1.0269607358918553
4760.9			1.0007870513276005
4761.8			0.9459489896438437
4762.7			0.9083084546270485
4763.6			0.9038227952837137
4764.5			0.8930506289153765
4765.4			0.8604124517255356
4766.3			0.8579014709829623
4767.2			0.9079731457813318
4768.1			0.9603608864823018
4769.0			0.9985493287664763
4769.9			1.026227023606759
4770.8			1.0091329611483564
4771.7			0.9655560655341764
4772.6			0.9532028807310405
4773.5			0.9747564990987401
4774.4			1.0
4775.3			0.9984076739109092
4776.2			1.0024824935406629
4777.1			1.0268017029465906
4778.0			1.0344577776022006
4778.9			1.0113965483891483
4779.8			0.9960580382716974
4780.7			1.0146413465979056
4781.6			1.0101095773976558
4782.5			0.9486889568381494
4783.4			0.9183100643444498
4784.3			0.9517847668868918
4785.2			0.9496223136198971
4786.1			0.9036628823836613
4787.0			0.9079465744716244
4787.9			0.9395358538947473
4788.8			0.9221082370816702
4789.7			0.8966353559764407
4790.6			0.9011167619605827
4791.5			0.9169909035841644
4792.4			0.9341755299291692
4793.3			0.9637008571203775
4794.2			0.9936044682834348
4795.1			1.0
4796.0			1.0120255034762649
4796.9			0.9942350892220171
4797.8			0.9391481222019606
4798.7			0.8869326519039065
4799.6			0.8750446492077022
4800.5			0.9106703544196766
4801.4			0.9709013153521066
4802.3			1.0037241511306307
4803.2			0.994662850710353
4804.1			0.9556607311950442
4805.0			0.9159770984827874
4805.9			0.9063506214006539
4806.8			0.9074795244019545
4807.7			0.9021968444575059
4808.6			0.9032694843199932
4809.5			0.917977402735608
4810.4			0.9376694685914647
4811.3			0.9443862412974555
4812.2			0.9484506296917822
4813.1			0.9505931785260102
4814.0			0.9442617432662759
4814.9			0.9535384880912743
4815.8			0.9740165236293475
4816.7			0.9830742731587037
4817.6			0.9987978001683568
4818.5			1.0346303281620535
4819.4			1.0631212002680928
4820.3			1.0419011264734535
4821.2			0.9989427544941151
4822.1			1.0
4823.0			1.0
4823.9			1.0
4824.8			1.0
4825.7			1.0
4826.6			1.0
4827.5			1.0
4828.4			1.0
4829.3			1.0
4830.2			1.0
4831.1			1.0
4832.0			1.0
4832.9			1.0
4833.8			1.0286667045403017
4834.7			1.0383390494039482
4835.6			1.0
4836.5			1.0031508709182535
4837.4			1.0115351548260267
4838.3			0.9950275304861274
4839.2			0.9515581365318148
4840.1			0.9297431602695754
4841.0			0.9570584844634757
4841.9			0.9780264890546361
4842.8			0.961580882794361
4843.7			0.9586258619647468
4844.6			0.994671499706326
4845.5			1.0386025041688274
4846.4			1.0504590833396843
4847.3			1.0132499449095074
4848.2			0.9534121188568104
4849.1			0.9578377800363974
4850.0			1.0222526351576275
4850.9			1.045362389016189
4851.8			1.0362621607329594
4852.7			1.019811011991778
4853.6			0.9844559010319179
4854.5			0.9351096999434652
4855.4			0.8878083325014021
4856.3			0.9068509269988476
4857.2			0.976633095290379
4858.1			0.9786827664767092
4859.0			0.9103445345930854
4859.9			0.8110030454943739
4860.8			0.7168507310893035
4861.7			0.727022578914226
4862.6			0.8364903386244723
4863.5			0.915393337077071
4864.4			0.9526451310457744
4865.3			0.9774995676433494
4866.2			0.9904441466899018
4867.1			1.0
4868.0			1.015654358372616
4868.9			1.0332107581147663
4869.8			0.9963011658330416
4870.7			0.8818556419739315
4871.6			0.8307991605413232
4872.5			0.8940363017416487
4873.4			0.9685377974689628
4874.3			0.9957975629049526
4875.2			0.9995308635141394
4876.1			1.0101650305048486
4877.0			1.0362569754474358
4877.9			1.0453984682295394
4878.8			1.0850024941930358
4879.7			1.1306588561404083
4880.6			1.103605533927787
4881.5			1.0
4882.4			1.0052699387408242
4883.3			1.0164002485349397
4884.2			0.9904767405475386
4885.1			0.9363144744039612
4886.0			0.8898335770065702
4886.9			0.8819684573642967
4887.8			0.9072809211338074
4888.7			0.9255714568684036
4889.6			0.8999944083804403
4890.5			0.834199919170645
4891.4			0.8275806034110014
4892.3			0.927038589520687
4893.2			1.0280641399861354
4894.1			1.0622324482528391
4895.0			1.0778288119701018
4895.9			1.0892876891145675
4896.8			1.1020880725217865
4897.7			1.096568393376632
4898.6			1.0586940688798943
4899.5			1.0110346635828604
4900.4			0.9988465766939488
4901.3			1.0
4902.2			1.0
4903.1			1.0
4904.0			1.0
4904.9			1.0
4905.8			1.0534971355351819
4906.7			1.0628054039983605
4907.6			1.0123972403188362
4908.5			0.9454174852555286
4909.4			0.8927674856491936
4910.3			0.8762693811576019
4911.2			1.0
4912.1			1.0293724437011251
4913.0			1.0606207770214193
4913.9			1.0814811023255277
4914.8			1.0951828486388053
4915.7			1.089203701893312
4916.6			1.0688200996738313
4917.5			1.0168374290196325
4918.4			0.9066690839704465
4919.3			0.7933767977220553
4920.2			0.7682472305867839
4921.1			0.8297621589229853
4922.0			0.9046354293468346
4922.9			0.9254836932623665
4923.8			0.9098060063237184
4924.7			0.8994153651230279
4925.6			0.9205653258882577
4926.5			0.9633250278709501
4927.4			0.9890068225686574
4928.3			1.0042723084819507
4929.2			1.0
4930.1			1.0
4931.0			0.9969705053506274
4931.9			0.979928164686689
4932.8			0.9178834618137179
4933.7			0.8723942906641869
4934.6			0.9025959654735862
4935.5			0.9541146221486816
4936.4			0.9382250310535681
4937.3			0.8733420575301774
4938.2			0.8305454444403636
4939.1			0.8304430790454228
4940.0			0.8951589201123511
4940.9			0.9853600656605408
4941.8			1.0157594802418952
4942.7			1.018081672612166
4943.6			1.0278899743481325
4944.5			1.0104268315240013
4945.4			0.9704899244285665
4946.3			0.9630328875058828
4947.2			1.000122957806401
4948.1			1.0
4949.0			1.0
4949.9			1.0
4950.8			1.0
4951.7			1.0
4952.6			1.0
4953.5			1.0
4954.4			1.0
4955.3			0.995707464660149
4956.2			0.9160979741528124
4957.1			0.79177801817365
4958.0			0.7775217951988381
4958.9			0.9035549282143942
4959.8			0.9964289562486632
4960.7			1.0026248841518064
4961.6			1.0
4962.5			0.9992302861009393
4963.4			1.0194842667333843
4964.3			0.9968960116240585
4965.2			0.9380998677801436
4966.1			0.9269356045849156
4967.0			0.9467978689521215
4967.9			0.9542919815611356
4968.8			0.9450971312506811
4969.7			0.9357675659750508
4970.6			0.9455806632809738
4971.5			0.9980224903272672
4972.4			1.051766860617163
4973.3			1.0
4974.2			1.0139712127207907
4975.1			1.0082557999850457
4976.0			0.9643965385567741
4976.9			0.9293316778126836
4977.8			0.9088965491060127
4978.7			0.8995750731540895
4979.6			0.906929315537823
4980.5			0.9063602904257507
4981.4			0.8645722277433578
4982.3			0.7984803978685567
4983.2			0.7691880678143064
4984.1			0.8078339582681664
4985.0			0.8706525768566653
4985.9			0.9158078376173724
4986.8			0.9641496407002625
4987.7			1.0128299777908867
4988.6			1.0155924637910734
4989.5			0.9793971246553194
4990.4			0.951698407525503
4991.3			0.9650659046767989
4992.2			0.9992029385434649
4993.1			1.0
4994.0			1.0
4994.9			1.0
4995.8			1.0
4996.7			1.0
4997.6			1.0
4998.5			1.0
4999.4			1.0
5000.3			0.9706916605468762
5001.2			0.9722930618807041
5002.1			0.995171226356779
5003.0			1.012803501783594
5003.9			0.9989571788095382
5004.8			0.9526674417588492
5005.7			0.9025812672472773
5006.6			0.8982625027385062
5007.5			0.9771964960307223
5008.4			1.063136679003594
5009.3			1.0769711060016622
5010.2			1.0473897547823399
5011.1			1.0072482679512864
5012.0			0.9422097310370349
5012.9			0.8825679085111423
5013.8			0.8764911959994223
5014.7			0.9218752749608868
5015.6			0.9729098538859889
5016.5			0.9818417889820381
5017.4			0.9682306048942299
5018.3			0.9687841736537486
5019.2			0.9873743298614244
5020.1			1.011739256129643
5021.0			1.0198954242242606
5021.9			1.010901086039789
5022.8			1.0141349518504312
5023.7			1.0445502021059616
5024.6			1.0721506638549931
5025.5			1.0722811303319266
5026.4			1.0390933018153654
5027.3			0.9990664032141465
5028.2			1.0
5029.1			1.0
5030.0			1.0
5030.9			1.0
5031.8			1.0
5032.7			1.0376632621621307
5033.6			1.0637374702056088
5034.5			1.0302898984096929
5035.4			0.9549930526162828
5036.3			0.9165459181739011
5037.2			0.9385569667161171
5038.1			0.9585158542289932
5039.0			0.9170071829937587
5039.9			0.827267462109861
5040.8			0.7642126705749183
5041.7			0.8053034800007818
5042.6			0.9330767550894601
5043.5			1.0370785891083056
5044.4			1.0
5045.3			1.039903465953771
5046.2			1.0662128472635553
5047.1			1.0280947011489785
5048.0			0.949359380779713
5048.9			0.9051263829157608
5049.8			0.9076438877533624
5050.7			0.9061270166265739
5051.6			0.8960920563580101
5052.5			0.9209660721181354
5053.4			0.9799059213108834
5054.3			1.0324888937939398
5055.2			1.0493265892339394
5056.1			1.0290686738211563
5057.0			1.001706403293924
5057.9			1.000118565472035
5058.8			1.0
5059.7			1.0
5060.6			1.0
5061.5			1.0
5062.4			1.0
5063.3			1.0
5064.2			1.0
5065.1			1.0
5066.0			1.0
5066.9			1.0
5067.8			1.0
5068.7			1.0
5069.6			1.0344549977081177
5070.5			1.0526641285691698
5071.4			1.021254776137137
5072.3			0.9947952360950326
5073.2			1.0126277049988455
5074.1			1.0323943140909586
5075.0			1.0231808355094134
5075.9			1.0205821987260757
5076.8			1.03773906603109
5077.7			1.0264393714767637
5078.6			0.9436045903479512
5079.5			0.8504475908206576
5080.4			0.8467628811191845
5081.3			0.9081410550591263
5082.2			0.9527992680575647
5083.1			0.956952299614324
5084.0			0.9683985303763881
5084.9			1.0021865503141116
5085.8			1.0151766089321121
5086.7			0.9998264406901103
5087.6			0.9983150827040572
5088.5			1.0247196934641591
5089.4			1.0377734242311885
5090.3			1.0151842211650821
5091.2			1.0001998957065301
5092.1			1.0
5093.0			1.0
5093.9			1.0
5094.8			0.9951857513317515
5095.7			0.9795883398802887
5096.6			0.9453484956950639
5097.5			0.8879924026949071
5098.4			0.8304316116488731
5099.3			0.8338972695796424
5100.2			0.9161580658106258
5101.1			1.0
5102.0			1.0267706062848478
5102.9			1.0024718398481949
5103.8			0.9678568636481856
5104.7			0.9428182179043052
5105.6			0.9326334774949225
5106.5			0.918356420365437
5107.4			0.8914335031925661
5108.3			0.876923305004438
5109.2			0.8723849153842941
5110.1			0.8677615113814504
5111.0			0.8937971194958972
5111.9			0.9477167806774207
5112.8			1.0
5113.7			0.9906564332515588
5114.6			0.9887874105489933
5115.5			1.0055903414823633
5116.4			1.0406498403725808
5117.3			1.068819064748657
5118.2			1.0617913748179757
5119.1			1.0338433072389293
5120.0			1.0064713761843165
5120.9			0.9798137405712912
5121.8			1.0
5122.7			0.9518857608875919
5123.6			0.9151759286556792
5124.5			0.9180370763333757
5125.4			0.9379123568492312
5126.3			0.9533262394046054
5127.2			0.9600970899741973
5128.1			0.9660900166564675
5129.0			0.9625513372387869
5129.9			0.9580774044119743
5130.8			0.978257066797081
5131.7			1.010844868351954
5132.6			1.0304228452493673
5133.5			1.0303789873458566
5134.4			1.0392040490043346
5135.3			1.0549514368651247
5136.2			1.0223083458640236
5137.1			0.9720930383601598
5138.0			0.9538498599036129
5138.9			0.9437728894946935
5139.8			0.954447521971774
5140.7			0.9837854272920159
5141.6			0.9585028371699033
5142.5			0.9048102464577442
5143.4			0.9232943574613697
5144.3			0.9767652161731154
5145.2			0.9872756887158765
5146.1			0.9636365615025492
5147.0			0.9425605668741776
5147.9			0.9439667774902252
5148.8			0.9741927645373173
5149.7			0.9860391341036671
5150.6			0.9515364281763391
5151.5			0.9230472135181058
5152.4			0.9288467055638683
5153.3			0.9385476983709997
5154.2			0.9384060128141588
5155.1			0.9593142137802053
5156.0			1.0030648937062887
5156.9			1.0
5157.8			1.0135937534082737
5158.7			1.0127153948217744
5159.6			1.0106032513475978
5160.5			1.0127916691737924
5161.4			0.9924379244420601
5162.3			0.9660068052135982
5163.2			0.9654008772319251
5164.1			0.9345684149018171
5165.0			0.847322362608454
5165.9			0.7500875547185563
5166.8			0.6658522739483459
5167.7			0.6326368239703087
5168.6			0.6938973996278531
5169.5			0.8130548776791262
5170.4			0.8661196171108965
5171.3			0.7729415744838523
5172.2			0.636223170287348
5173.1			0.6437757181361337
5174.0			0.7996130284512113
5174.9			0.9439265220685465
5175.8			0.9933973849566621
5176.7			0.9900489446676992
5177.6			1.0
5178.5			1.017102592265398
5179.4			1.0143789422908056
5180.3			0.9959700220549598
5181.2			0.9416075045471417
5182.1			0.8147557566142788
5183.0			0.6583686307227865
5183.9			0.6206371773409344
5184.8			0.7521600103423727
5185.7			1.0
5186.6			1.0889753353417406
5187.5			1.077751368644185
5188.4			1.0439214176052056
5189.3			1.05865379861213
5190.2			1.0775829824803809
5191.1			1.0050556544606764
5192.0			0.9028048127094316
5192.9			0.8948055101736265
5193.8			0.9421773020538583
5194.7			0.9458725160084286
5195.6			0.9289952696351654
5196.5			0.9401679626443582
5197.4			0.9611559687408968
5198.3			0.9828484596151617
5199.2			0.9991108985909462
5200.1			1.0
5201.0			1.0
5201.9			0.9940756014911597
5202.8			0.9956068421030159
5203.7			0.9787689316805204
5204.6			0.9141382965722388
5205.5			0.8698166212093089
5206.4			0.885621750354933
5207.3			0.8913194588075545
5208.2			0.861513221828705
5209.1			0.8748466994163416
5210.0			0.9341808852873307
5210.9			0.9826102567328667
5211.8			1.0056954784545
5212.7			1.022629181501904
5213.6			1.0349598702087919
5214.5			0.9998884381636874
5215.4			1.0
5216.3			1.0
5217.2			1.0
5218.1			1.0
5219.0			1.0
5219.9			1.0
5220.8			1.0
5221.7			1.0
5222.6			0.9799723751383944
5223.5			0.951863541189779
5224.4			0.9083323637459851
5225.3			0.8437319769683467
5226.2			0.7840764311521593
5227.1			0.7839332669877604
5228.0			0.8642696617756157
5228.9			0.9659572335315675
5229.8			1.0219182938120146
5230.7			1.0229101994021699
5231.6			0.9992714677466169
5232.5			1.0
5233.4			1.0
5234.3			1.0
5235.2			1.0
5236.1			1.0
5237.0			1.0
5237.9			1.0
5238.8			1.0
5239.7			1.0
5240.6			1.0
5241.5			1.0
5242.4			1.0
5243.3			1.0
5244.2			1.0330234678678258
5245.1			1.0527890507743636
5246.0			1.0236484943983242
5246.9			0.9631141418893409
5247.8			0.9530602655077337
5248.7			0.9836848589465932
5249.6			0.9873778401542246
5250.5			0.9776979744205218
5251.4			1.007881737384054
5252.3			1.061674563906311
5253.2			1.0
5254.1			0.9643386683452249
5255.0			0.9261558250549865
5255.9			0.9506474248732942
5256.8			1.0312250298427075
5257.7			1.0865664461104279
5258.6			1.1005005291543197
5259.5			1.0853794947979596
5260.4			1.0509606839947445
5261.3			0.987924448211577
5262.2			0.9117095598618251
5263.1			0.8593585403555126
5264.0			0.8256736095405139
5264.9			0.7906479000142183
5265.8			0.7869984655418258
5266.7			0.8516250094328802
5267.6			0.9065993319654932
5268.5			0.8585293798402405
5269.4			0.7542567002846734
5270.3			0.7557140121979992
5271.2			0.8761974446913946
5272.1			0.9566864133275726
5273.0			0.9593681523643015
5273.9			0.9436794193818006
5274.8			0.9183057103957607
5275.7			0.9074182151225803
5276.6			0.9760145730020124
5277.5			1.0
5278.4			1.0262389902447822
5279.3			0.996798650003078
5280.2			0.9407569935366202
5281.1			0.8928060694458606
5282.0			0.8752010430225546
5282.9			0.8668481703787332
5283.8			0.8592728625246847
5284.7			0.9076056435323795
5285.6			0.9862009216105142
5286.5			1.0125398472295486
5287.4			0.9917321228663971
5288.3			0.9808002635143421
5289.2			1.0
5290.1			1.0281106504508042
5291.0			1.0309404974889291
5291.9			1.0130796108100988
5292.8			0.968524213056722
5293.7			0.9539075282978117
5294.6			0.964313109665799
5295.5			0.9409918713561612
5296.4			0.8815713718182762
5297.3			0.8122496257766706
5298.2			0.7995348424991928
5299.1			0.8657887172171693
5300.0			0.9188736836616822
5300.9			0.9133463190782274
5301.8			0.9028008768486997
5302.7			0.9325974828379506
5303.6			0.9885618188378282
5304.5			1.0233809183761222
5305.4			1.0234874206748354
5306.3			0.9998486333878597
5307.2			1.0
5308.1			1.0
5309.0			1.0
5309.9			1.0
5310.8			1.0
5311.7			1.0
5312.6			1.0
5313.5			1.0
5314.4			1.0
5315.3			1.0
5316.2			1.0
5317.1			1.0
5318.0			1.0
5318.9			1.0
5319.8			1.0
5320.7			0.9952650009313422
5321.6			0.9995538862420722
5322.5			0.9832691981915129
5323.4			0.940965420946825
5324.3			0.9128685160216986
5325.2			0.9430273662194008
5326.1			0.9641633389295728
5327.0			0.8894057975417297
5327.9			0.7626762605177003
5328.8			0.7460866349603705
5329.7			0.8506809366616294
5330.6			0.9649929275446003
5331.5			1.01242145240328
5332.4			0.9820590801850617
5333.3			0.9575028083288136
5334.2			0.9945064800412324
5335.1			1.035450318718851
5336.0			1.0
5336.9			0.9733255691631956
5337.8			0.9695719532042807
5338.7			0.9634661989009221
5339.6			0.9216088629421303
5340.5			0.8723058194737904
5341.4			0.889142645287154
5342.3			0.9572975293799532
5343.2			0.9959645310534322
5344.1			0.9991097230130989
5345.0			1.0
5345.9			1.0
5346.8			1.0
5347.7			1.0
5348.6			1.0
5349.5			1.0
5350.4			1.0
5351.3			1.0
5352.2			1.0
5353.1			1.0
5354.0			1.0
5354.9			1.0
5355.8			1.0
5356.7			1.0
5357.6			1.0
5358.5			1.0
5359.4			1.0
5360.3			0.9739929505725564
5361.2			0.9434551331477138
5362.1			0.9278496525307184
5363.0			0.9230222186203951
5363.9			0.9239457046304149
5364.8			0.9166427324984974
5365.7			0.9171302795030315
5366.6			0.9366739154371733
5367.5			0.9442287710234409
5368.4			0.9324951730207973
5369.3			0.8941305225213195
5370.2			0.8330915824071934
5371.1			0.8048380249184666
5372.0			0.8531637239081248
5372.9			0.9398740928874617
5373.8			0.9936763031352224
5374.7			1.0251343431300164
5375.6			1.041911006196307
5376.5			1.023949979156777
5377.4			1.0000986020302411
5378.3			0.9906923236947003
5379.2			0.9926111704621606
5380.1			1.0
5381.0			1.002847649183033
5381.9			0.9989672524235095
5382.8			0.9857877775170031
5383.7			0.9913596465988475
5384.6			1.020529166597052
5385.5			1.0422027422925164
5386.4			1.038858282111045
5387.3			1.0270730123618013
5388.2			1.0085393967428833
5389.1			0.9837189546664132
5390.0			0.9659279575618598
5390.9			0.9559666715702309
5391.8			0.9596966655928786
5392.7			0.9756514582925886
5393.6			0.9807171236943614
5394.5			0.9770192234306094
5395.4			0.9653130871476614
5396.3			0.9268654005869772
5397.2			0.9063933974569091
5398.1			0.9488117897470228
5399.0			0.9994291897921833
5399.9			1.001648927884101
5400.8			0.9961016403912392
5401.7			1.0214477676164193
5402.6			1.032083070468667
5403.5			0.9707592489151381
5404.4			0.8916026219685066
5405.3			0.8648519650342857
5406.2			0.891934709981702
5407.1			0.9554192884828
5408.0			1.0031818221627566
5408.9			0.9926595597946606
5409.8			0.9610369258489248
5410.7			0.9771568750109856
5411.6			1.0413677356111606
5412.5			1.0877198186219776
5413.4			1.0955773093930494
5414.3			1.0832601893952754
5415.2			1.0766939888334042
5416.1			1.0933730939422164
5417.0			1.1101078786084775
5417.9			1.1161908329493213
5418.8			1.1035790453995251
5419.7			1.0
5420.6			0.9968512717133133
5421.5			1.0082927250673472
5422.4			1.0032977386305773
5423.3			0.9791579879544229
5424.2			0.9644911004501531
5425.1			0.9846895617965861
5426.0			1.0284251921694094
5426.9			1.049414785104439
5427.8			1.0066299748332437
5428.7			0.9112384144771372
5429.6			0.8559676389543478
5430.5			0.8972712079266814
5431.4			0.948766531554683
5432.3			0.9333568570818646
5433.2			0.8977778350587938
5434.1			0.8683103208269561
5435.0			0.8497825690883288
5435.9			0.8590304496173091
5436.8			0.9035934333504712
5437.7			0.9627572324071446
5438.6			1.0009289484461699
5439.5			1.0
5440.4			1.0
5441.3			1.0
5442.2			1.0
5443.1			0.9980119777290982
5444.0			0.9709623115804228
5444.9			0.9176333311656303
5445.8			0.8532158922166938
5446.7			0.830926044444762
5447.6			0.8842928559214727
5448.5			0.961317818467483
5449.4			0.9990768897157463
5450.3			1.0000252914514163
5451.2			1.0
5452.1			0.9887515054155963
5453.0			0.9703028299303257
5453.9			0.9306544243928748
5454.8			0.8800062584559886
5455.7			0.8683932720469123
5456.6			0.9169785951564049
5457.5			0.9755201208369947
5458.4			0.9993553064316582
5459.3			1.0001175801602045
5460.2			1.0
5461.1			1.0
5462.0			0.9576629745375111
5462.9			0.9249949692610838
5463.8			0.9430430766791739
5464.7			0.9897527696277144
5465.6			0.9996253817561683
5466.5			0.9798667314336895
5467.4			0.9818290547017147
5468.3			1.0016484179939107
5469.2			1.0038255225267652
5470.1			0.9843621474863483
5471.0			0.9785921877061196
5471.9			0.9814543592530569
5472.8			0.9671118430768079
5473.7			0.9583434856109391
5474.6			0.9575310321548863
5475.5			0.911912512791954
5476.4			0.854972994170821
5477.3			0.8728130262731681
5478.2			0.9521550183469166
5479.1			0.9989974153757271
5480.0			0.9591437701622638
5480.9			0.8991657930627562
5481.8			0.8994287479910084
5482.7			1.0
5483.6			1.0348171003299658
5484.5			1.0767227904430816
5485.4			1.0833266897827079
5486.3			1.0305143319661332
5487.2			0.9746044330013232
5488.1			0.9608141369591777
5489.0			0.9797669821598968
5489.9			1.0051266950276319
5490.8			1.0226597832125692
5491.7			1.0218246305111824
5492.6			0.9978552880900713
5493.5			1.0
5494.4			1.0
5495.3			1.0
5496.2			1.0
5497.1			1.0
5498.0			1.0
5498.9			1.0
5499.8			1.0
5500.7			1.0
5501.6			1.0
5502.5			1.0
5503.4			1.0
5504.3			1.0
5505.2			0.9891479831546586
5506.1			0.9515413746615307
5507.0			0.9383143859020256
5507.9			0.966821721521536
5508.8			0.9876765275016335
5509.7			0.9864154432090017
5510.6			0.9747797654389487
5511.5			0.9423789057545824
5512.4			0.9112329106714246
5513.3			0.9159747337867364
5514.2			0.9378263843247147
5515.1			0.9467716174352583
5516.0			0.9491986263021137
5516.9			0.9663961399222473
5517.8			0.9913404059561636
5518.7			1.0009509907080612
5519.6			0.9992765755938199
5520.5			1.0
5521.4			1.0
5522.3			1.0040403711694554
5523.2			1.0138805059222427
5524.1			1.0142976584524885
5525.0			1.0022016479598257
5525.9			0.9758316550517314
5526.8			0.9401111942386717
5527.7			0.9116805618690133
5528.6			0.9225266205844495
5529.5			0.9725470411209481
5530.4			1.008635165909556
5531.3			1.0109233524139505
5532.2			1.0044307955705176
5533.1			1.0003752808671424
5534.0			1.0
5534.9			1.0
5535.8			1.0
5536.7			1.0
5537.6			1.0
5538.5			1.0
5539.4			1.0
5540.3			1.0
5541.2			1.0
5542.1			1.0
5543.0			1.0
5543.9			1.0
5544.8			1.0
5545.7			1.0
5546.6			1.0
5547.5			1.0
5548.4			1.0
5549.3			1.0
5550.200000000001			1.0
5551.1			1.0
5552.0			1.0
5552.9			1.0
5553.8			1.0
5554.700000000001			1.0
5555.6			1.0
5556.5			1.0
5557.4			1.0
5558.3			1.0
5559.200000000001			1.0
5560.1			1.0
5561.0			1.0
5561.9			1.0
5562.8			1.0
5563.700000000001			1.0
5564.6			1.0
5565.5			1.0
5566.4			1.0
5567.3			1.0
5568.200000000001			1.0
5569.1			1.0
5570.0			1.0
5570.9			1.0
5571.8			1.0
5572.700000000001			1.0
5573.6			1.0
5574.5			1.0
5575.4			1.0
5576.3			1.0
5577.200000000001			1.0
5578.1			0.9969635154060769
5579.0			1.0025206520037993
5579.9			1.0228504404135195
5580.8			1.0279087696841391
5581.700000000001			1.0114572891770652
5582.6			1.0043058201093498
5583.5			1.0091440957517235
5584.4			1.004430680831737
5585.3			0.9651652846544041
5586.200000000001			0.9109491650715187
5587.1			0.8823208800491399
5588.0			0.8810597405558322
5588.9			0.8942755051072725
5589.8			0.9246090230299311
5590.700000000001			0.9559000615152877
5591.6			0.9715260001672944
5592.5			0.9728280115731865
5593.4			0.9572875660704195
5594.3			0.9597553705746211
5595.200000000001			1.0
5596.1			1.0419678986895924
5597.0			1.017805098230791
5597.9			0.9662294218442812
5598.8			0.9432336851013544
5599.700000000001			0.9368020587076934
5600.6			0.9224620730198891
5601.5			0.9014649973540707
5602.4			0.8910101321454136
5603.3			0.922489161248911
5604.200000000001			0.9834412703662749
5605.1			1.0190325400917843
5606.0			1.017714197422535
5606.9			1.0
5607.8			1.0012924317680194
5608.700000000001			0.9965357972052358
5609.6			1.0006581166662458
5610.5			1.0132729072654016
5611.4			1.018840629519459
5612.3			1.0207215102471272
5613.200000000001			0.9953655264240525
5614.1			0.9210406618386625
5615.0			0.8512624731056311
5615.9			0.8599318800131094
5616.8			0.9172098385747384
5617.700000000001			0.9524935302215358
5618.6			0.9499709705250725
5619.5			1.0
5620.4			0.9953186791700558
5621.3			1.0239914417947587
5622.200000000001			1.0406579297793006
5623.1			1.0044674606088326
5624.0			0.9461350000076084
5624.9			0.9230192850925518
5625.8			0.9426295730644001
5626.700000000001			0.9605801730887186
5627.6			0.9648932416675258
5628.5			1.0
5629.4			1.0228104536086924
5630.3			1.0376899180410593
5631.200000000001			1.045655855254727
5632.1			1.031953257609438
5633.0			1.0072500132858033
5633.9			0.9926142002023903
5634.8			0.9786991350201601
5635.700000000001			0.9521842474977485
5636.6			0.9240601662683027
5637.5			0.9233639482258069
5638.4			0.9496726793360715
5639.3			0.961749565543529
5640.200000000001			0.9396318500773486
5641.1			0.9109760130709306
5642.0			0.9194711374806825
5642.9			0.9480868275653035
5643.8			0.9611770463864423
5644.700000000001			0.9654098814648822
5645.6			0.967440146300962
5646.5			0.9739355003900924
5647.4			1.0
5648.3			0.9955030940680248
5649.200000000001			0.9864414050485946
5650.1			0.9818566384988937
5651.0			0.9892779933980997
5651.9			1.0138936042798368
5652.8			1.0284539548149414
5653.700000000001			0.9942455837470076
5654.6			0.9568472208400781
5655.5			0.9772975869176188
5656.4			0.995560965031465
5657.3			0.9370343600955603
5658.200000000001			0.8674364609024084
5659.1			0.8897363426797754
5660.0			0.9615370879218544
5660.9			0.9767640848371121
5661.8			0.9447355269317446
5662.700000000001			0.9374068924968457
5663.6			0.9771798747821094
5664.5			1.030886614471709
5665.4			1.0472203260164767
5666.3			1.016829230022518
5667.200000000001			0.9925474050058378
5668.1			0.9991679229199021
5669.0			1.0
5669.9			1.0
5670.8			1.0
5671.700000000001			1.0
5672.6			1.0
5673.5			1.0
5674.4			1.0
5675.3			1.0
5676.200000000001			1.0
5677.1			1.0
5678.0			1.0
5678.9			1.0
5679.8			1.0
5680.700000000001			1.0
5681.6			1.0
5682.5			1.0
5683.4			1.0
5684.3			1.0
5685.200000000001			1.0
5686.1			1.0
5687.0			1.0
5687.9			1.0
5688.8			1.0
5689.700000000001			1.0
5690.6			1.017195620476774
5691.5			1.0267969203855905
5692.4			1.0347044932141256
5693.3			1.0359563913629095
5694.200000000001			1.030550574239939
5695.1			1.0304251828988793
5696.0			1.0255156419460496
5696.9			1.0011274859874806
5697.8			0.9713303047534578
5698.700000000001			0.9588273300010632
5699.6			0.960339478402022
5700.5			0.9583006482918367
5701.4			0.9479847536715724
5702.3			0.950594866266028
5703.200000000001			0.967587485784588
5704.1			0.9809561663467719
5705.0			0.9646993747120316
5705.9			0.9327509633853982
5706.8			0.9112149792959203
5707.700000000001			0.8959718449628951
5708.6			0.8885676617963385
5709.5			0.8937556354133225
5710.4			0.8995462948059435
5711.3			0.9022045639867917
5712.200000000001			0.9340458516760666
5713.1			0.9790963858717063
5714.0			0.9926132524314834
5714.9			0.9970512909162786
5715.8			1.026467057373664
5716.700000000001			1.0404710986888608
5717.6			1.019148757507143
5718.5			1.0108719116988485
5719.4			1.02647701879491
5720.3			1.0311968150331654
5721.200000000001			1.02532345979577
5722.1			1.0268619241089745
5723.0			1.038241082953556
5723.9			1.0552555389242684
5724.8			1.064613734075779
5725.700000000001			1.0432824822044542
5726.6			0.9999547525243832
5727.5			1.0
5728.4			1.0
5729.3			1.0
5730.200000000001			1.0
5731.1			1.0
5732.0			1.0
5732.9			1.0
5733.8			1.0
5734.700000000001			1.0
5735.6			1.0
5736.5			1.0
5737.4			1.0
5738.3			1.0
5739.200000000001			1.0
5740.1			1.0
5741.0			1.0
5741.9			1.0
5742.8			1.0
5743.700000000001			1.0
5744.6			1.0
5745.5			1.0
5746.4			1.0
5747.3			1.0
5748.200000000001			1.0
5749.1			1.0
5750.0			1.0353898629716884
5750.9			1.0449652457745644
5751.8			1.0033745267570116
5752.700000000001			0.9349949284752748
5753.6			0.8910255579676883
5754.5			0.8999036931164309
5755.4			0.9467842153632108
5756.3			0.9895385884979574
5757.200000000001			1.0
5758.1			0.9917745931604772
5759.0			0.9683731690566385
5759.9			0.936557437173405
5760.8			0.9117662269781428
5761.700000000001			0.892922606732882
5762.6			0.8915774983566666
5763.5			0.9297544545410279
5764.4			0.9825449729716489
5765.3			1.0039402265702428
5766.200000000001			0.9970478227166985
5767.1			0.9997236618877362
5768.0			1.0
5768.9			1.0
5769.8			1.0
5770.700000000001			1.0
5771.6			1.0
5772.5			1.0006488394619217
5773.4			1.0046237227246644
5774.3			1.00337708340842
5775.200000000001			1.002854836319468
5776.1			1.015495440757567
5777.0			1.0293226421655493
5777.9			1.0200299853228658
5778.8			0.9923882847694712
5779.700000000001			0.945157666074332
5780.6			0.8847545176825944
5781.5			0.8581996074892647
5782.4			0.8874033074434647
5783.3			0.9132702453132598
5784.200000000001			0.9024090125158137
5785.1			0.9030681413594734
5786.0			0.9434949187048328
5786.9			0.991600248309731
5787.8			1.0220190834607772
5788.700000000001			1.0337564853973438
5789.6			1.023686193134754
5790.5			1.0003243830024928
5791.4			1.0
5792.3			1.0
5793.200000000001			1.0
5794.1			1.0
5795.0			1.0
5795.9			1.0
5796.8			1.0
5797.700000000001			1.0
5798.6			1.0
5799.5			1.0
5800.4			1.0
5801.3			1.0
5802.200000000001			1.0
5803.1			1.0
5804.0			1.0
5804.9			1.0
5805.8			1.0
5806.700000000001			1.0
5807.6			1.0
5808.5			1.0
5809.4			1.0
5810.3			1.0
5811.200000000001			1.0023193965718076
5812.1			0.99341167307435
5813.0			0.9862352709666636
5813.9			0.9823350556024114
5814.8			0.9607387912913282
5815.700000000001			0.9282704292411698
5816.6			0.9227538148530153
5817.5			0.9536346492845744
5818.4			0.9917698815327785
5819.3			1.0125436944519368
5820.200000000001			1.0138632619586554
5821.1			1.0082342170446048
5822.0			0.999486931883635
5822.9			1.0
5823.8			1.0
5824.700000000001			1.0
5825.6			1.0
5826.5			1.0
5827.4			1.0
5828.3			1.0
5829.200000000001			1.0
5830.1			1.0
5831.0			1.0
5831.9			1.0
5832.8			1.0
5833.700000000001			1.0
5834.6			1.0
5835.5			1.0
5836.4			1.0
5837.3			1.0
5838.200000000001			1.0
5839.1			1.0
5840.0			1.0
5840.9			1.0
5841.8			1.0
5842.700000000001			1.0
5843.6			1.0
5844.5			1.0
5845.4			1.0
5846.3			0.987680840010699
5847.200000000001			0.9762158785691462
5848.1			0.9640923073382491
5849.0			0.9743765713868893
5849.9			0.9965841035453639
5850.8			0.9996119529281995
5851.700000000001			0.9731344485385451
5852.6			0.93879841846809
5853.5			0.9380993280374689
5854.4			0.9684784332013603
5855.3			0.9836013902434074
5856.200000000001			0.9545186843119031
5857.1			0.9046129021477015
5858.0			0.8973643069955082
5858.9			0.9308981891293944
5859.8			0.953794521412762
5860.700000000001			0.9609922430629319
5861.6			0.9560796770435704
5862.5			0.954891046438644
5863.4			0.9759419363961777
5864.3			0.9801806225671666
5865.200000000001			0.9585649338393883
5866.1			0.9428947393872652
5867.0			0.9433220757749101
5867.9			0.9569054991998153
5868.8			0.9806543370665023
5869.700000000001			1.0002850193089272
5870.6			1.0
5871.5			1.0
5872.4			1.0
5873.3			1.0
5874.200000000001			1.0
5875.1			1.0
5876.0			1.0
5876.9			1.0
5877.8			1.0
5878.700000000001			1.0
5879.6			1.0
5880.5			1.0
5881.4			1.0
5882.3			1.0
5883.200000000001			1.0
5884.1			1.0
5885.0			1.0
5885.9			1.0393643093278486
5886.8			1.0500159209543283
5887.700000000001			1.0127363436997467
5888.6			0.8813801254152435
5889.5			0.6904860332768502
5890.4			0.6267118063147038
5891.3			0.7910735604882522
5892.200000000001			1.016080937603799
5893.1			1.1387822500627844
5894.0			1.1438210104973479
5894.9			1.0151881363594637
5895.8			1.0
5896.700000000001			1.0
5897.6			1.0
5898.5			1.0
5899.4			1.0
5900.3			1.0
5901.200000000001			1.0
5902.1			1.0
5903.0			1.0
5903.9			1.0
5904.8			1.0
5905.700000000001			1.0
5906.6			1.0
5907.5			1.0
5908.4			1.0
5909.3			1.0
5910.200000000001			1.0
5911.1			1.0
5912.0			1.0
5912.9			1.0
5913.8			1.0
5914.700000000001			1.0
5915.6			1.0
5916.5			1.0
5917.4			1.0
5918.3			1.0
5919.200000000001			1.0
5920.1			1.0
5921.0			1.0
5921.9			1.0
5922.8			1.0
5923.700000000001			1.0
5924.6			1.0
5925.5			1.0
5926.4			1.0
5927.3			1.0
5928.200000000001			1.0
5929.1			1.0
5930.0			1.0
5930.9			1.0
5931.8			1.0
5932.700000000001			1.0
5933.6			1.0
5934.5			1.0
5935.4			1.0
5936.3			1.0
5937.200000000001			1.0
5938.1			1.0
5939.0			1.0
5939.9			1.0
5940.8			1.0
5941.700000000001			1.0
5942.6			1.0
5943.5			1.0
5944.4			1.0
5945.3			1.0
5946.200000000001			1.0
5947.1			1.0
5948.0			1.0
5948.9			1.0
5949.8			1.0
5950.700000000001			1.0
5951.6			1.0
5952.5			1.0
5953.4			1.0
5954.3			1.0
5955.200000000001			1.0
5956.1			1.0
5957.0			1.0
5957.9			1.0
5958.8			1.0
5959.700000000001			1.0
5960.6			1.0
5961.5			1.0
5962.4			1.0
5963.3			1.0
5964.200000000001			1.0
5965.1			1.0
5966.0			1.0
5966.9			1.0
5967.8			1.0
5968.700000000001			0.9949897802577677
5969.6			0.9800723340842543
5970.5			0.9847940209913972
5971.4			0.993875427932597
5972.3			0.9910212048105764
5973.200000000001			0.9916302179930653
5974.1			0.9888131203657097
5975.0			0.9650495315350438
5975.9			0.9370667998196264
5976.8			0.9280941821825618
5977.700000000001			0.9320733501560381
5978.6			0.9505073980036975
5979.5			0.9795693607337976
5980.4			1.0054942761774917
5981.3			1.0126120843856732
5982.200000000001			0.9877765749287294
5983.1			0.9417387574711492
5984.0			0.919102123593646
5984.9			0.935319511799355
5985.8			0.9538274005130233
5986.700000000001			0.949537441445074
5987.6			0.9507477859521828
5988.5			0.9762524998303208
5989.4			0.9903985193306416
5990.3			0.9738649711210884
5991.200000000001			0.9530899809991918
5992.1			0.9587214204397998
5993.0			0.9883568723238989
5993.9			1.016345527838423
5994.8			1.0264092516701964
5995.700000000001			1.002801676956891
5996.6			0.9603675090337319
5997.5			0.9376088499698096
5998.4			0.9504958368926874
5999.3			0.9748361195604237
6000.200000000001			0.9896208902793385
6001.1			0.9875144369062561
6002.0			0.9811450487697484
6002.9			0.9824070485775681
6003.8			0.9843013230225978
6004.700000000001			0.9788474505021062
6005.6			0.9727844052395817
6006.5			0.9649195376675392
6007.4			0.9325277536742226
6008.3			0.913374481097772
6009.200000000001			0.9455827396519375
6010.1			0.9922402349270434
6011.0			0.9961128792644289
6011.9			0.9683815187971193
6012.8			0.9468497055784448
6013.700000000001			0.9545565449798488
6014.6			0.9732396480839951
6015.5			0.9614355262823635
6016.4			0.9436606655579604
6017.3			0.9579420075902417
6018.200000000001			0.9716172331265739
6019.1			0.9477349331066093
6020.0			0.9231766441512016
6020.9			0.9313990439438633
6021.8			0.9559130975982693
6022.700000000001			0.9729330561583631
6023.6			0.9727171594105662
6024.5			0.9773426464748467
6025.4			0.9854939669149305
6026.3			0.9770351688582607
6027.200000000001			0.9805418502657426
6028.1			1.0069886611749577
6029.0			1.00645576882056
6029.9			0.9900371680228841
6030.8			0.99405200986253
6031.700000000001			1.009477089668192
6032.6			1.0119200612333277
6033.5			1.003227508330403
6034.4			1.0000792256623106
6035.3			1.0116530844030562
6036.200000000001			1.0181877837613706
6037.1			1.0102368761418734
6038.0			1.008769885139987
6038.9			1.0115855711171975
6039.8			1.0137238308916001
6040.700000000001			1.0064936860081761
6041.6			0.9886190227382305
6042.5			0.9802985195908813
6043.4			0.9950497920057848
6044.3			1.0210408797879342
6045.200000000001			1.039921978997786
6046.1			1.0353246819070578
6047.0			1.0157921228169764
6047.9			1.000008700174692
6048.8			1.0
6049.700000000001			1.0
6050.6			1.0
6051.5			1.0
6052.4			1.0
6053.3			1.0
6054.200000000001			1.0
6055.1			1.0
6056.0			1.0
6056.9			1.0
6057.8			1.0
6058.700000000001			1.0
6059.6			1.0
6060.5			1.0
6061.4			1.0
6062.3			1.0
6063.200000000001			1.0
6064.1			1.0
6065.0			1.0
6065.9			1.0
6066.8			1.0
6067.700000000001			1.0
6068.6			1.0
6069.5			1.0
6070.4			1.0
6071.3			1.0
6072.200000000001			1.0
6073.1			1.0
6074.0			1.0
6074.9			1.0
6075.8			1.0
6076.700000000001			1.0
6077.6			1.0
6078.5			1.0
6079.4			1.0
6080.3			1.0
6081.200000000001			1.0
6082.1			1.0
6083.0			1.0
6083.9			1.0
6084.8			1.0
6085.700000000001			1.0
6086.6			1.0
6087.5			1.0
6088.4			1.0
6089.3			1.0
6090.200000000001			1.0
6091.1			1.0
6092.0			1.0
6092.9			1.0
6093.8			1.0
6094.700000000001			1.0
6095.6			1.0
6096.5			1.0
6097.4			1.0
6098.3			1.0
6099.200000000001			1.0
6100.1			1.0123825332419454
6101.0			0.9883257083146305
6101.9			0.9227274199376964
6102.8			0.8841874621644991
6103.700000000001			0.9178112617971932
6104.6			0.9755240174765438
6105.5			1.0012749923668884
6106.4			1.0
6107.3			1.0
6108.200000000001			1.0
6109.1			1.0
6110.0			1.0
6110.9			1.0
6111.8			1.0
6112.700000000001			1.0
6113.6			1.0
6114.5			1.0
6115.4			1.0
6116.3			1.0
6117.200000000001			1.0
6118.1			1.0
6119.0			1.0
6119.9			1.0
6120.8			1.0
6121.700000000001			1.0
6122.6			1.0
6123.5			1.0
6124.4			1.0
6125.3			1.0
6126.200000000001			1.0
6127.1			1.0
6128.0			1.0
6128.9			1.0
6129.8			1.0
6130.700000000001			1.0
6131.6			1.0
6132.5			1.025352730807525
6133.4			1.036405825354839
6134.3			1.0311821383926338
6135.200000000001			0.9947305454604879
6136.1			0.9264903492842291
6137.0			0.8738380143807329
6137.9			0.9064992265207831
6138.8			0.9965307128188677
6139.700000000001			1.0450889196225972
6140.6			1.0233158537511322
6141.5			1.002835250916743
6142.4			1.0
6143.3			1.0
6144.200000000001			1.0
6145.1			1.0
6146.0			1.0
6146.9			1.0
6147.8			1.0
6148.700000000001			1.0
6149.6			1.0
6150.5			1.0
6151.4			1.0
6152.3			1.0
6153.200000000001			1.0
6154.1			1.0
6155.0			1.0
6155.9			1.0115838132649395
6156.8			1.0241373041110544
6157.700000000001			1.0332235607042366
6158.6			1.0378162568516158
6159.5			1.0280916132471511
6160.4			0.9842392599495784
6161.3			0.9245777689721967
6162.200000000001			0.8930935201511412
6163.1			0.9164472391414765
6164.0			0.9645231623956845
6164.9			0.9966146558310492
6165.8			1.0182309261989317
6166.700000000001			1.0431518974325826
6167.6			1.0430212424789553
6168.5			0.999282957185534
6169.4			1.0
6170.3			1.0
6171.200000000001			1.0
6172.1			1.0
6173.0			1.0
6173.9			1.0
6174.8			1.0
6175.700000000001			1.0
6176.6			1.0
6177.5			1.0
6178.4			1.0
6179.3			1.0
6180.200000000001			1.0
6181.1			1.0
6182.0			1.0
6182.9			1.0
6183.8			1.0
6184.700000000001			1.0
6185.6			1.0
6186.5			1.0
6187.4			1.0
6188.3			1.026729795234682
6189.200000000001			1.0532945971635914
6190.1			1.0216962620402943
6191.0			0.952943820830898
6191.9			0.9379784583709235
6192.8			0.9871633901238738
6193.700000000001			1.0225585657584422
6194.6			1.0142123006776897
6195.5			1.0001454300555856
6196.4			1.0
6197.3			1.0
6198.200000000001			1.0
6199.1			1.0
6200.0			1.0
6200.9			1.0
6201.8			1.0
6202.700000000001			1.0
6203.6			1.0
6204.5			1.0
6205.4			1.0
6206.3			1.0
6207.200000000001			1.0
6208.1			1.0
6209.0			1.0
6209.9			1.0
6210.8			1.0
6211.700000000001			1.0
6212.6			1.0
6213.5			1.0
6214.4			1.0
6215.3			1.0
6216.200000000001			1.0
6217.1			1.0
6218.0			1.0
6218.9			1.0
6219.8			1.0
6220.700000000001			1.0
6221.6			1.0
6222.5			1.0
6223.4			1.0
6224.3			1.0
6225.200000000001			1.005383391975297
6226.1			1.0081587646570593
6227.0			0.991559025106154
6227.9			0.9745553972452585
6228.8			0.9471958949455211
6229.700000000001			0.8994354193431326
6230.6			0.8718407797644258
6231.5			0.8895265002895647
6232.4			0.9187626370436686
6233.3			0.9561619679045049
6234.200000000001			1.0009311013841822
6235.1			1.0150935419968692
6236.0			0.9988654862271709
6236.9			1.0
6237.8			1.0
6238.700000000001			1.0
6239.6			1.0
6240.5			1.0
6241.4			1.0299272451391215
6242.3			1.0232122380594824
6243.200000000001			0.9823617012921997
6244.1			0.977231927167855
6245.0			0.991012664919115
6245.9			0.9875585391197258
6246.8			1.006574447745925
6247.700000000001			1.0490730063959608
6248.6			1.0670647661063564
6249.5			1.0713285768980798
6250.4			1.0678876327113993
6251.3			1.0310913805729296
6252.200000000001			0.9803706132153168
6253.1			0.950620608222268
6254.0			0.9570904000094684
6254.9			0.9726166593489516
6255.8			0.9727823837494973
6256.700000000001			0.9724162150130177
6257.6			0.969527726933169
6258.5			0.9541662132273637
6259.4			0.9627548164614108
6260.3			0.9904830717030791
6261.200000000001			1.0131229800861856
6262.1			1.0273162279400447
6263.0			1.0413482503561737
6263.9			1.0374108212535516
6264.8			0.9998784770062481
6265.700000000001			1.0
6266.6			1.0
6267.5			1.0
6268.4			1.0
6269.3			1.0
6270.200000000001			1.0
6271.1			1.0
6272.0			1.013926696758734
6272.9			1.0232849266630744
6273.8			1.0278119229966463
6274.700000000001			1.0277542759075067
6275.6			1.0375465003035842
6276.5			1.0479872642433425
6277.4			1.0277082224998029
6278.3			0.9998057364630905
6279.200000000001			0.9797760436091358
6280.1			0.9476086977394859
6281.0			0.9295836554897603
6281.9			0.9386433483352523
6282.8			0.9527120082834813
6283.700000000001			0.9588883517525856
6284.6			0.9476117871068848
6285.5			0.9424335889827163
6286.4			0.9630724743736753
6287.3			0.9869785419719327
6288.200000000001			1.0025570607715355
6289.1			1.0168378604174628
6290.0			0.9995292579485747
6290.9			1.0
6291.8			1.0
6292.700000000001			1.0
6293.6			1.0
6294.5			1.0
6295.4			1.0
6296.3			1.0
6297.200000000001			1.0
6298.1			1.0
6299.0			1.0
6299.9			1.0
6300.8			1.0
6301.700000000001			1.0
6302.6			1.0
6303.5			1.0
6304.4			1.0
6305.3			1.0
6306.200000000001			1.0
6307.1			1.0
6308.0			1.0
6308.9			1.0
6309.8			0.9869620760600961
6310.700000000001			0.9756681862472747
6311.6			0.9643430672993201
6312.5			0.9747970645603328
6313.4			0.9859829858954786
6314.3			0.9577035025339566
6315.200000000001			0.93061584422336
6316.1			0.9444076193712135
6317.0			0.9517792910816222
6317.9			0.923297989167506
6318.8			0.9044585780898463
6319.700000000001			0.9255122401354013
6320.6			0.9668190747563778
6321.5			0.9777740068069953
6322.4			0.9692863367578735
6323.3			1.0
6324.200000000001			1.0209875875780132
6325.1			1.026613602288593
6326.0			1.0160831310589085
6326.9			1.0100109342715633
6327.8			1.0264249490630546
6328.700000000001			1.0315755045226385
6329.6			1.0138460857905016
6330.5			0.9974636264835334
6331.4			0.992854148463262
6332.3			1.0052580573750287
6333.200000000001			1.024204647901206
6334.1			1.0073933937928623
6335.0			0.9527500871444444
6335.9			0.9211148199569892
6336.8			0.9392691259135456
6337.700000000001			0.9724076949033218
6338.6			0.9763979749696057
6339.5			0.9716325977256786
6340.4			0.9829136415841785
6341.3			0.9998717972422685
6342.200000000001			0.9968998606376859
6343.1			0.9761228224407278
6344.0			0.9635398215302987
6344.9			0.9765721448316725
6345.8			0.9980919614981391
6346.700000000001			1.0019726506222164
6347.6			0.99998017420124
6348.5			1.0
6349.4			1.0
6350.3			1.0
6351.200000000001			1.0
6352.1			1.0
6353.0			1.0
6353.9			1.0
6354.8			1.0
6355.700000000001			1.0
6356.6			1.0
6357.5			1.0
6358.4			1.0
6359.3			1.0
6360.200000000001			1.0
6361.1			1.0
6362.0			1.0
6362.9			1.0
6363.8			1.0
6364.700000000001			1.0
6365.6			1.0
6366.5			1.0
6367.4			1.0
6368.3			1.0
6369.200000000001			1.0
6370.1			1.0
6371.0			1.0
6371.9			1.0
6372.8			1.0
6373.700000000001			1.0
6374.6			1.0
6375.5			1.0
6376.4			1.0
6377.3			1.0
6378.200000000001			1.0
6379.1			1.0
6380.0			1.0
6380.9			1.0
6381.8			1.0
6382.700000000001			1.0
6383.6			1.0
6384.5			1.0
6385.4			1.0
6386.3			1.0
6387.200000000001			1.0
6388.1			1.0
6389.0			1.0
6389.9			1.0
6390.8			1.0
6391.700000000001			1.0
6392.6			1.0
6393.5			1.0
6394.4			1.0
6395.3			1.0484670090330446
6396.200000000001			1.0760669596353905
6397.1			1.049604981020365
6398.0			0.9973121358580397
6398.9			0.9566579771292547
6399.8			0.9258099457294642
6400.700000000001			0.9370687362524327
6401.6			0.9807339711742489
6402.5			1.0007677768164804
6403.4			0.9973169323907723
6404.3			0.9970179161886598
6405.200000000001			1.0
6406.1			1.0
6407.0			1.0
6407.9			1.0
6408.8			1.0
6409.700000000001			1.0
6410.6			1.0
6411.5			1.0
6412.4			1.0
6413.3			1.0
6414.200000000001			1.0
6415.1			1.0
6416.0			1.0
6416.9			1.0
6417.8			1.0
6418.700000000001			1.0
6419.6			1.0
6420.5			1.0
6421.4			1.0
6422.3			1.0
6423.200000000001			1.0
6424.1			1.0
6425.0			1.0
6425.9			1.0
6426.8			1.0
6427.700000000001			1.0
6428.6			1.0
6429.5			1.0
6430.4			1.0
6431.3			1.0
6432.200000000001			1.0
6433.1			1.0
6434.0			1.0
6434.9			1.0
6435.8			1.006817647070918
6436.700000000001			0.9965308853044262
6437.6			0.9607272401028295
6438.5			0.9043073114487447
6439.4			0.882289063363115
6440.3			0.9206477414835401
6441.200000000001			0.9759955139869698
6442.1			1.000186649103504
6443.0			0.9989132995955358
6443.9			1.0
6444.8			1.0
6445.700000000001			1.0
6446.6			1.015072664207601
6447.5			1.009807144038604
6448.4			0.9592115444569466
6449.3			0.886947873395711
6450.200000000001			0.8677747775344381
6451.1			0.920167188484945
6452.0			0.9756744424917795
6452.9			0.9984572580684384
6453.8			1.0013588527044912
6454.700000000001			1.0
6455.6			1.0
6456.5			1.0
6457.4			1.0
6458.3			1.0
6459.200000000001			1.0114462280617968
6460.1			1.0075414406624716
6461.0			0.9769459898084668
6461.9			0.9235531444557356
6462.8			0.8954836335187677
6463.700000000001			0.9214330163884835
6464.6			0.9562922152696701
6465.5			0.9790370528881889
6466.4			0.9996352096953988
6467.3			1.0
6468.200000000001			1.0
6469.1			1.0
6470.0			1.0
6470.9			1.0
6471.8			1.0
6472.700000000001			1.0
6473.6			1.0
6474.5			1.0
6475.4			1.0
6476.3			1.0
6477.200000000001			1.0
6478.1			1.0
6479.0			1.0
6479.9			1.0
6480.8			1.0
6481.700000000001			1.0
6482.6			1.0
6483.5			1.0
6484.4			1.0
6485.3			1.0
6486.200000000001			1.0
6487.1			1.0
6488.0			1.006131971329308
6488.9			1.0025886316722206
6489.8			0.9901050928280953
6490.700000000001			0.9749357197633789
6491.6			0.9672043251107768
6492.5			0.9656490372380927
6493.4			0.9255429828621388
6494.3			0.8573016845694761
6495.200000000001			0.8305849545364838
6496.1			0.8475754638921731
6497.0			0.8698782070507954
6497.9			0.8866899017622614
6498.8			0.9095479190031209
6499.700000000001			0.9411710689643958
6500.6			0.9642257689511444
6501.5			0.9764329646441324
6502.4			0.9998144663119642
6503.3			1.0
6504.200000000001			1.0
6505.1			1.0
6506.0			1.0
6506.9			1.0
6507.8			1.0
6508.700000000001			1.0
6509.6			1.0
6510.5			1.0
6511.4			1.0
6512.3			1.0
6513.200000000001			1.0
6514.1			1.0
6515.0			1.0
6515.9			1.0
6516.8			1.0
6517.700000000001			1.0
6518.6			1.0
6519.5			1.0
6520.4			1.0
6521.3			1.0
6522.200000000001			1.0
6523.1			1.0
6524.0			1.0
6524.9			1.0
6525.8			1.0
6526.700000000001			1.0
6527.6			1.0
6528.5			1.0
6529.4			1.0
6530.3			1.0
6531.200000000001			1.0
6532.1			1.0
6533.0			1.0
6533.9			1.0
6534.8			1.0
6535.700000000001			1.0
6536.6			1.0
6537.5			1.0
6538.4			1.0
6539.3			1.0
6540.200000000001			1.0
6541.1			1.0
6542.0			1.0
6542.9			1.0
6543.8			1.0
6544.700000000001			1.0
6545.6			1.0
6546.5			1.0
6547.4			1.0
6548.3			1.0
6549.200000000001			1.0
6550.1			1.0
6551.0			1.0
6551.9			1.0
6552.8			1.0
6553.700000000001			1.0
6554.6			1.0
6555.5			1.0
6556.4			1.0
6557.3			1.0
6558.200000000001			0.9923981051319409
6559.1			0.9882621902545874
6560.0			0.9673733485809217
6560.9			0.8985318694939515
6561.8			0.7433027049289074
6562.700000000001			0.6018810777846095
6563.6			0.6481185859333146
6564.5			0.8155514909916746
6565.4			0.9260871275378203
6566.3			0.9719000884095781
6567.200000000001			0.9978876562370659
6568.1			1.0
6569.0			1.0
6569.9			1.0
6570.8			1.0
6571.700000000001			1.0
6572.6			1.0
6573.5			1.0
6574.4			1.0
6575.3			1.0
6576.200000000001			1.0
6577.1			1.0
6578.0			1.0
6578.9			1.0
6579.8			1.0
6580.700000000001			1.0
6581.6			1.0
6582.5			1.0
6583.4			1.0
6584.3			1.0
6585.200000000001			1.0
6586.1			1.0
6587.0			1.0
6587.9			1.0
6588.8			1.0
6589.700000000001			1.0093403652205157
6590.6			1.0086476398621143
6591.5			0.97569647251684
6592.4			0.9175212726962142
6593.3			0.8880150717180382
6594.200000000001			0.9158839860832405
6595.1			0.9672895039757139
6596.0			0.9979710756161599
6596.9			0.9997365830733249
6597.8			1.0
6598.700000000001			1.0
6599.6			1.0
6600.5			1.0
6601.4			1.0
6602.3			1.0
6603.200000000001			1.0
6604.1			1.0
6605.0			1.0
6605.9			1.0
6606.8			1.0
6607.700000000001			1.0
6608.6			1.0
6609.5			1.0
6610.4			1.0
6611.3			1.0
6612.200000000001			1.0
6613.1			1.0
6614.0			1.0
6614.9			1.0
6615.8			1.0
6616.700000000001			1.0
6617.6			1.0
6618.5			1.0
6619.4			1.0
6620.3			1.0
6621.200000000001			1.0
6622.1			1.0
6623.0			1.0
6623.9			0.9847266281126957
6624.8			0.9641763659772808
6625.700000000001			0.9708189518102687
6626.6			0.9946807374099196
6627.5			0.9982513194866799
6628.4			1.0055004476992124
6629.3			1.0210054355274485
6630.200000000001			1.0147566786364017
6631.1			0.9944945963561659
6632.0			0.9706243979892191
6632.9			0.9369939702174258
6633.8			0.9275898559552763
6634.700000000001			0.9612301709484735
6635.6			1.0020364770618824
6636.5			1.0177264553647387
6637.4			1.0077196074586057
6638.3			0.9956924692810016
6639.200000000001			1.0046631854176062
6640.1			1.0305817063498657
6641.0			1.0575457847633565
6641.9			1.0544759212158197
6642.8			1.018506276938277
6643.700000000001			1.002404043920658
6644.6			1.0
6645.5			1.0
6646.4			1.0
6647.3			1.0
6648.200000000001			1.0
6649.1			1.0
6650.0			1.0
6650.9			1.0
6651.8			1.0
6652.700000000001			1.0
6653.6			1.0
6654.5			1.0
6655.4			1.0
6656.3			1.0
6657.200000000001			1.0
6658.1			1.0
6659.0			1.0
6659.9			1.0
6660.8			1.0
6661.700000000001			1.0
6662.6			1.0
6663.5			1.0
6664.4			1.0
6665.3			1.0
6666.200000000001			1.0
6667.1			1.0
6668.0			1.0
6668.9			1.0
6669.8			1.0
6670.700000000001			1.0
6671.6			1.0
6672.5			1.0
6673.4			1.0
6674.3			1.0
6675.200000000001			1.0
6676.1			1.0
6677.0			1.0
6677.9			1.0
6678.8			1.0
6679.700000000001			1.0
6680.6			1.0
6681.5			1.0
6682.4			1.0
6683.3			1.0
6684.200000000001			1.0
6685.1			1.0
6686.0			1.0
6686.9			1.0
6687.8			1.0
6688.700000000001			1.0
6689.6			1.0
6690.5			1.0
6691.4			1.0
6692.3			1.0
6693.200000000001			1.0
6694.1			1.0
6695.0			1.0
6695.9			1.0
6696.8			1.0
6697.700000000001			1.0
6698.6			1.0
6699.5			1.0
6700.4			1.0
6701.3			1.0
6702.200000000001			1.0
6703.1			1.0
6704.0			1.0
6704.9			1.0
6705.8			1.0
6706.700000000001			1.0
6707.6			1.0
6708.5			1.0
6709.4			1.0
6710.3			1.0
6711.200000000001			1.0
6712.1			1.0
6713.0			1.0
6713.9			1.0
6714.8			1.0
6715.700000000001			1.0
6716.6			1.0
6717.5			1.0
6718.4			1.0
6719.3			1.0
6720.200000000001			1.0
6721.1			1.0
6722.0			1.0
6722.9			1.0
6723.8			1.0
6724.700000000001			1.0
6725.6			1.0
6726.5			1.0
6727.4			1.0
6728.3			1.0
6729.200000000001			1.0
6730.1			1.0
6731.0			1.0
6731.9			1.0
6732.8			1.0
6733.700000000001			1.0
6734.6			1.0
6735.5			1.0
6736.4			1.0
6737.3			1.0
6738.200000000001			1.0
6739.1			1.0
6740.0			1.0
6740.9			1.0
6741.8			1.0
6742.700000000001			1.0
6743.6			1.0
6744.5			1.0
6745.4			1.0
6746.3			1.0
6747.200000000001			1.0
6748.1			1.0
6749.0			1.0
6749.9			1.0
6750.8			1.0
6751.700000000001			1.0
6752.6			1.0
6753.5			1.0
6754.4			1.0
6755.3			1.0
6756.200000000001			1.0
6757.1			1.0
6758.0			1.0
6758.9			1.0
6759.8			1.0
6760.700000000001			1.0
6761.6			1.0
6762.5			1.0
6763.4			1.0
6764.3			1.0
6765.200000000001			1.0
6766.1			1.0
6767.0			1.0
6767.9			1.0
6768.8			1.0
6769.700000000001			1.0
6770.6			1.0
6771.5			1.0
6772.4			1.0
6773.3			1.0
6774.200000000001			1.0
6775.1			1.0
6776.0			1.0
6776.9			1.0
6777.8			1.0
6778.700000000001			1.0
6779.6			1.0
6780.5			1.0
6781.4			1.0
6782.3			1.0
6783.200000000001			1.0
6784.1			1.0
6785.0			1.0
6785.9			1.0
6786.8			1.0
6787.700000000001			1.0
6788.6			1.0
6789.5			1.0
6790.4			1.0
6791.3			1.0
6792.200000000001			1.0
6793.1			1.0
6794.0			1.0
6794.9			1.0
6795.8			1.0
6796.700000000001			1.0
6797.6			1.0
6798.5			1.0
6799.4			1.0
6800.3			1.0
6801.200000000001			1.0
6802.1			1.0
6803.0			1.0
6803.9			1.0
6804.8			1.0
6805.700000000001			1.0
6806.6			1.0
6807.5			1.0
6808.4			1.0
6809.3			1.0
6810.200000000001			1.0
6811.1			1.0
6812.0			1.0
6812.9			1.0
6813.8			1.0
6814.700000000001			1.0
6815.6			1.0
6816.5			1.0
6817.4			1.0
6818.3			1.0
6819.200000000001			1.0
6820.1			1.0
6821.0			1.0
6821.9			1.0
6822.8			1.0
6823.700000000001			1.0
6824.6			1.0
6825.5			1.0
6826.4			1.0
6827.3			1.0
6828.200000000001			1.0
6829.1			1.0
6830.0			1.0
6830.9			1.0
6831.8			1.0
6832.700000000001			1.0
6833.6			1.0
6834.5			1.0
6835.4			1.0
6836.3			1.0
6837.200000000001			1.0
6838.1			1.0
6839.0			1.0
6839.9			1.0
6840.8			1.0
6841.700000000001			1.0
6842.6			1.0
6843.5			1.0
6844.4			1.0
6845.3			1.0
6846.200000000001			1.0
6847.1			1.0
6848.0			1.0
6848.9			1.0
6849.8			1.0
6850.700000000001			1.0
6851.6			1.0
6852.5			1.0
6853.4			1.0
6854.3			1.0
6855.200000000001			1.0
6856.1			1.0
6857.0			1.0
6857.9			1.0
6858.8			1.0
6859.700000000001			1.0
6860.6			1.0
6861.5			1.0
6862.4			1.0
6863.3			1.0
6864.200000000001			1.0
6865.1			1.0
6866.0			1.0
6866.9			1.0
6867.8			1.0
6868.700000000001			1.0
6869.6			1.0
6870.5			1.0
6871.4			1.0
6872.3			1.0
6873.200000000001			1.0
6874.1			1.0
6875.0			1.0
6875.9			1.0
6876.8			1.0
6877.700000000001			1.0
6878.6			1.0
6879.5			1.0
6880.4			1.0
6881.3			1.0
6882.200000000001			1.0
6883.1			1.0
6884.0			1.0
6884.9			1.0
6885.8			1.0
6886.700000000001			1.0
6887.6			1.0
6888.5			1.0
6889.4			1.0
6890.3			1.0
6891.200000000001			1.0
6892.1			1.0
6893.0			1.0
6893.9			1.0
6894.8			1.0
6895.700000000001			1.0
6896.6			1.0
6897.5			1.0
6898.4			1.0
6899.3			1.0
6900.200000000001			1.0
6901.1			1.0
6902.0			1.0
6902.9			1.0
6903.8			1.0
6904.700000000001			1.0
6905.6			1.0
6906.5			1.0
6907.4			1.0
6908.3			1.0
6909.200000000001			1.0
6910.1			1.0
6911.0			1.0
6911.9			1.0
6912.8			1.0
6913.700000000001			1.0
6914.6			1.0
6915.5			1.0
6916.4			1.0
6917.3			1.0
6918.200000000001			1.0
6919.1			1.0
6920.0			1.0
6920.9			1.0
6921.8			1.0
6922.700000000001			1.0
6923.6			1.0
6924.5			1.0
6925.4			1.0
6926.3			1.0
6927.200000000001			1.0
6928.1			1.0
6929.0			1.0
6929.9			1.0
6930.8			1.0
6931.700000000001			1.0
6932.6			1.0
6933.5			1.0
6934.4			1.0
6935.3			1.0
6936.200000000001			1.0
6937.1			1.0
6938.0			1.0055906418490514
6938.9			1.019137916179465
6939.8			1.0224331061212135
6940.700000000001			1.017602001341474
6941.6			1.0093079823744222
6942.5			1.007265017527559
6943.4			1.0092279342557022
6944.3			0.983340869153642
6945.200000000001			0.9401774655640187
6946.1			0.9371506860856554
6947.0			0.9742640070237092
6947.9			1.0049552084435314
6948.8			1.0184065934398845
6949.700000000001			1.0172168236123487
6950.6			1.0050742935596046
6951.5			0.987508093432682
6952.4			0.9809884186390323
6953.3			0.9917750883480904
6954.200000000001			0.9993529513852232
6955.1			1.0
6956.0			1.0
6956.9			1.0
6957.8			1.0
6958.700000000001			1.0
6959.6			1.0
6960.5			1.0
6961.4			1.0
6962.3			1.0
6963.200000000001			1.0
6964.1			1.0
6965.0			1.0
6965.9			1.0
6966.8			1.0
6967.700000000001			1.0
6968.6			1.0183829854861548
6969.5			1.0137840061525984
6970.4			0.9929690918436465
6971.3			0.9716751067435265
6972.200000000001			0.9661070461129929
6973.1			0.9737243382858749
6974.0			0.9681153492219704
6974.9			0.948532989154635
6975.8			0.9406334126973621
6976.700000000001			0.9353008336659854
6977.6			0.906716314302857
6978.5			0.8651944968804991
6979.4			0.8560420539715792
6980.3			0.907087942086435
6981.200000000001			0.968298050098305
6982.1			0.9848508288434837
6983.0			0.9787127048384163
6983.9			0.9852854280381659
6984.8			0.9902274664919207
6985.700000000001			0.9835730372525935
6986.6			0.980859595920103
6987.5			0.9900334164215422
6988.4			0.9969607489954184
6989.3			0.997152293297201
6990.200000000001			1.0009863983410765
6991.1			1.0
6992.0			1.0
6992.9			1.0
6993.8			1.0
6994.700000000001			1.0
6995.6			1.0
6996.5			1.0
6997.4			1.0
6998.3			1.0
6999.200000000001			1.0
7000.1			1.0
7001.0			1.0
7001.9			1.0
7002.8			1.0
7003.700000000001			1.0
7004.6			1.0
7005.5			1.0
7006.4			1.0
7007.3			1.0
7008.200000000001			1.0
7009.1			1.0
7010.0			0.9979114775955731
7010.9			0.9789002267201928
7011.8			0.9663071554854658
7012.700000000001			0.9549798232937919
7013.6			0.9600711288542205
7014.5			0.976128441699213
7015.4			0.9745116125823398
7016.3			0.9382229655806249
7017.200000000001			0.9143635236556061
7018.1			0.945987344056009
7019.0			0.9993652650286836
7019.9			1.030217832529611
7020.8			1.0422352729240716
7021.700000000001			1.0464039239757852
7022.6			1.0280890882133207
7023.5			1.0022186770121904
7024.4			0.9967233641605185
7025.3			1.0
7026.200000000001			1.0
7027.1			1.0
7028.0			1.0
7028.9			1.0
7029.8			1.0
7030.700000000001			1.0
7031.6			1.0
7032.5			1.0
7033.4			1.0
7034.3			1.0
7035.200000000001			1.0
7036.1			1.0
7037.0			1.0
7037.9			1.0
7038.8			1.0
7039.700000000001			1.0
7040.6			1.0
7041.5			1.0
7042.4			1.0
7043.3			1.0
7044.200000000001			1.0
7045.1			1.0
7046.0			1.0
7046.9			1.0
7047.8			1.0
7048.700000000001			1.0
7049.6			1.0
7050.5			1.0
7051.4			1.0
7052.3			1.0
7053.200000000001			1.0
7054.1			1.0
7055.0			1.0
7055.9			1.0
7056.8			1.0
7057.700000000001			1.0
7058.6			1.0
7059.5			1.0
7060.4			1.0
7061.3			1.0
7062.200000000001			1.0
7063.1			1.0
7064.0			1.0
7064.9			1.0
7065.8			1.0
7066.700000000001			1.0
7067.6			1.0
7068.5			1.0
7069.4			1.0
7070.3			1.0432962087736986
7071.200000000001			1.0799405449194623
7072.1			1.0730537746489408
7073.0			1.0663816121577445
7073.9			1.0650049371936305
7074.8			1.0476963730579025
7075.700000000001			1.0244799409183318
7076.6			1.0248821870080527
7077.5			1.0410048721112588
7078.4			1.0493418294419263
7079.3			1.0516060281180226
7080.200000000001			1.0598794116794807
7081.1			1.0633281011361413
7082.0			1.0563586924554118
7082.9			1.0353883845697636
7083.8			0.9951610192805473
7084.700000000001			0.9522221788927879
7085.6			0.9407979162245036
7086.5			0.9737034581081927
7087.4			1.0094062311166903
7088.3			1.0178608472173447
7089.200000000001			1.0101881966563897
7090.1			0.9880177380797743
7091.0			0.9742420115047239
7091.9			0.9904352585166548
7092.8			0.9963702280983475
7093.700000000001			0.9889548895661034
7094.6			0.9871510154794181
7095.5			0.973914747703745
7096.4			0.9564181416720219
7097.3			0.9622467561378865
7098.200000000001			0.9903872430396616
7099.1			1.00821245535852
7100.0			1.0062653118839018
7100.9			0.9998896009300294
7101.8			1.0
7102.700000000001			1.0
7103.6			1.0
7104.5			1.0
7105.4			1.0
7106.3			1.0
7107.200000000001			1.0
7108.1			1.0
7109.0			1.0
7109.9			1.0
7110.8			1.0
7111.700000000001			1.0
7112.6			1.0
7113.5			1.0
7114.4			1.0
7115.3			1.0
7116.200000000001			1.0
7117.1			1.0
7118.0			1.0
7118.9			1.0
7119.8			1.0
7120.700000000001			1.0
7121.6			1.0
7122.5			1.0
7123.4			1.0
7124.3			1.0
7125.200000000001			1.0
7126.1			1.0
7127.0			1.0
7127.9			1.0
7128.8			1.0
7129.700000000001			1.0
7130.6			1.0
7131.5			1.0
7132.4			1.0
7133.3			1.0
7134.200000000001			1.0
7135.1			1.0
7136.0			1.0
7136.9			1.0
7137.8			1.0
7138.700000000001			1.0
7139.6			1.0
7140.5			1.0
7141.4			1.0
7142.3			1.0
7143.200000000001			1.0
7144.1			1.0
7145.0			1.0
7145.9			1.0
7146.8			1.0
7147.700000000001			1.0
7148.6			1.0
7149.5			1.0
7150.4			1.0
7151.3			1.0
7152.200000000001			1.0
7153.1			1.0
7154.0			1.0
7154.9			1.0
7155.8			1.0
7156.700000000001			1.0
7157.6			1.04523467111996
7158.5			1.0669539955483396
7159.4			1.038317534906671
7160.3			0.9940873758790761
7161.200000000001			0.9722968107193305
7162.1			0.9854560633185645
7163.0			1.0045357286772032
7163.9			1.0026601859646094
7164.8			0.9616950133838802
7165.700000000001			0.9166473662383117
7166.6			0.9319449283775254
7167.5			0.9822345328917879
7168.4			1.0118159523406298
7169.3			1.0057093074609382
7170.200000000001			0.9798364039236371
7171.1			0.9675198056446979
7172.0			0.9885430472493888
7172.9			1.0118315960469353
7173.8			1.0003634933458352
7174.700000000001			1.0
7175.6			1.0
7176.5			1.0
7177.4			1.0
7178.3			1.0
7179.200000000001			1.0
7180.1			1.0
7181.0			1.0
7181.9			1.0
7182.8			1.0
7183.700000000001			1.0
7184.6			1.0
7185.5			1.0
7186.4			1.0
7187.3			1.0
7188.200000000001			1.0
7189.1			1.0
7190.0			1.0
7190.9			1.0
7191.8			1.0
7192.700000000001			1.0
7193.6			0.9600697448480652
7194.5			0.9410370801263175
7195.4			0.9819613421603679
7196.3			1.0079406394563184
7197.200000000001			0.9693870797796703
7198.1			0.9435480107391205
7199.0			0.9797979739151707
7199.9			1.0199912069820258
7200.8			1.0042673394763977
7201.700000000001			0.9741239666826046
7202.6			0.9672809378266082
7203.5			0.9817689172263655
7204.4			1.024679367237609
7205.3			1.04880664326887
7206.200000000001			1.0228335864232823
7207.1			0.9624991362231148
7208.0			0.9111665022931164
7208.9			0.9092341171553416
7209.8			0.9484161423257722
7210.700000000001			0.9944627697072076
7211.6			1.0316745638833962
7212.5			1.0351457497605274
7213.4			1.0210575094334013
7214.3			1.004773368968244
7215.200000000001			0.9851725842351777
7216.1			0.9680568749602749
7217.0			0.9642327617339708
7217.9			0.9773972106409955
7218.8			0.9874678030422257
7219.700000000001			0.9750053430108419
7220.6			0.9598332935559231
7221.5			0.9560171883883408
7222.4			0.9447995317589115
7223.3			0.9377240580889691
7224.200000000001			0.9357795573542292
7225.1			0.9237595955851217
7226.0			0.9104665725046682
7226.9			0.927600042764303
7227.8			0.9562049514960768
7228.700000000001			0.9535657576474276
7229.6			0.9297840541714966
7230.5			0.9292728269743277
7231.4			0.959165879900604
7232.3			0.9845578876133787
7233.200000000001			0.9853484334998064
7234.1			0.9711574910031301
7235.0			0.9588843656393684
7235.9			0.951994429240274
7236.8			0.9427833415642821
7237.700000000001			0.938930664554683
7238.6			0.9468823297120927
7239.5			0.9527638946755164
7240.4			0.9364096856917734
7241.3			0.9365819476439659
7242.200000000001			0.9634535480346946
7243.1			0.9786325086446703
7244.0			0.9786447169761011
7244.9			0.9673161988666901
7245.8			0.9502882142514295
7246.700000000001			0.9564317713674567
7247.6			0.9833055943620255
7248.5			0.9953014195563825
7249.4			0.9901814489030888
7250.3			0.9772442777800522
7251.200000000001			0.9574236413632051
7252.1			0.9513834674501528
7253.0			0.9717749202813132
7253.9			0.9843561962474924
7254.8			0.9708849691504066
7255.700000000001			0.9549154779732217
7256.6			0.964733718936917
7257.5			0.9906698522942472
7258.4			1.000079227120786
7259.3			1.0
7260.200000000001			1.0
7261.1			1.0
7262.0			1.0
7262.9			1.0
7263.8			1.0
7264.700000000001			1.0
7265.6			1.0
7266.5			1.0
7267.4			1.0
7268.3			1.0
7269.200000000001			1.0
7270.1			1.0
7271.0			1.0
7271.9			0.9922979215667272
7272.8			0.9703057994425907
7273.700000000001			0.9658821940093851
7274.6			0.9667211785650748
7275.5			0.9513846017085544
7276.4			0.9413090002639335
7277.3			0.9492190341822145
7278.200000000001			0.9479574472367189
7279.1			0.9353924610447218
7280.0			0.9282470833410185
7280.9			0.9290841395816128
7281.8			0.9331110998976024
7282.700000000001			0.9208148643231685
7283.6			0.899822934603843
7284.5			0.8996866158566681
7285.4			0.9146055564185122
7286.3			0.932457925826859
7287.200000000001			0.9478046906815095
7288.1			0.9405023014143608
7289.0			0.8986620070062978
7289.9			0.877234996640635
7290.8			0.891460405221692
7291.700000000001			0.8894172887656603
7292.6			0.8670511715158952
7293.5			0.8717327126777472
7294.4			0.9061085120099047
7295.3			0.9290647989786115
7296.200000000001			0.9407201799193585
7297.1			0.9672873271793692
7298.0			0.9918136151947452
7298.9			0.9914705581305702
7299.8			0.9785405324922107
7300.700000000001			0.9746115350790483
7301.6			0.9869215955170016
7302.5			0.9930641567143949
7303.4			0.9939353497541925
7304.3			1.0124134317252702
7305.200000000001			1.019351324970685
7306.1			1.0039765797465239
7307.0			0.9880993721211234
7307.9			0.9789240414665507
7308.8			0.96979143167974
7309.700000000001			0.9830375989500758
7310.6			1.000650030410013
7311.5			0.990450084482213
7312.4			0.9826192538562124
7313.3			0.9993061058840816
7314.200000000001			1.0
7315.1			1.0
7316.0			1.0
7316.9			1.0
7317.8			1.0
7318.700000000001			1.0
7319.6			1.0
7320.5			1.0
7321.4			1.0
7322.3			1.0
7323.200000000001			1.0
7324.1			1.0
7325.0			1.0
7325.9			1.0
7326.8			1.0
7327.700000000001			1.0
7328.6			1.0
7329.5			1.0
7330.4			1.0
7331.3			1.0
7332.200000000001			1.0
7333.1			1.0
7334.0			1.0
7334.9			1.0
7335.8			1.0
7336.700000000001			1.0
7337.6			1.0
7338.5			1.0
7339.4			1.0
7340.3			1.0
7341.200000000001			1.0
7342.1			1.0
7343.0			1.0
7343.9			1.0
7344.8			1.0
7345.700000000001			1.0
7346.6			1.0
7347.5			1.0
7348.4			1.0
7349.3			1.0
7350.200000000001			1.0
7351.1			1.0
7352.0			1.0
7352.9			1.0
7353.8			1.0
7354.700000000001			1.0
7355.6			1.0
7356.5			1.0
7357.4			1.0
7358.3			1.0
7359.200000000001			1.0
7360.1			1.0
7361.0			1.0
7361.9			1.0
7362.8			1.0
7363.700000000001			1.0
7364.6			1.0
7365.5			1.0
7366.4			1.0
7367.3			1.0
7368.200000000001			1.0
7369.1			1.0
7370.0			1.0
7370.9			1.0
7371.8			1.0
7372.700000000001			1.0
7373.6			1.0
7374.5			1.0129041491623492
7375.4			1.024768847736456
7376.3			1.023474606850932
7377.200000000001			1.034578715684195
7378.1			1.070974747227429
7379.0			1.1061739577218495
7379.9			1.115815128874233
7380.8			1.1179687804916103
7381.700000000001			1.1310240102740843
7382.6			1.126231383209514
7383.5			1.110058008569389
7384.4			1.1141536528929912
7385.3			1.11178634436041
7386.200000000001			1.0961340127805876
7387.1			1.1089449366937885
7388.0			1.1545153616743902
7388.9			1.1859880308557276
7389.8			1.1898521474060362
7390.700000000001			1.208772597654183
7391.6			1.2634796754965019
7392.5			1.3113734626031675
7393.4			1.3081394837842217
7394.3			1.284824357048096
7395.200000000001			1.32080529632767
7396.1			1.4138049595378939
7397.0			1.4952521376803922
7397.9			1.5533179622620545
7398.8			1.5934166569320483
7399.700000000001			1.6097590872871916
7400.6			1.6087235593295035
7401.5			1.6187040137421513
7402.4			1.6879429760196007
7403.3			1.8071135643924245
7404.200000000001			1.9199373663553772
7405.1			1.9806431794601067
7406.0			1.9843898369401995
7406.9			1.9978702183882078
7407.8			2.0700826088837276
7408.700000000001			2.1401314920409407
7409.6			2.1545065207345564
7410.5			2.1945697912594624
7411.4			2.3100128120351697
7412.3			2.4559892119823656
7413.200000000001			2.7562032573898545
7414.1			0.9658915190810011
7415.0			1.0
7415.9			1.0
7416.8			1.0
7417.700000000001			1.0
7418.6			1.0
7419.5			1.0
7420.4			1.0
7421.3			1.0
7422.200000000001			1.0
7423.1			1.0
7424.0			1.0
7424.9			1.0
7425.8			1.0
7426.700000000001			1.0
7427.6			1.0
7428.5			1.0
7429.4			1.0
