3500.0			1.0
3500.9			1.0
3501.8			1.0
3502.7			1.0
3503.6			1.0
3504.5			1.0
3505.4			1.0
3506.3			1.0
3507.2			1.0
3508.1			1.0
3509.0			1.0
3509.9			1.0
3510.8			1.0
3511.7			1.0
3512.6			1.0
3513.5			1.0
3514.4			1.0
3515.3			1.0
3516.2			1.0
3517.1			1.0
3518.0			1.0
3518.9			1.0
3519.8			1.0
3520.7			1.0
3521.6			1.0
3522.5			1.0
3523.4			1.0
3524.3			1.0
3525.2			1.0
3526.1			1.0
3527.0			1.0
3527.9			1.0
3528.8			1.0
3529.7			1.0
3530.6			1.0
3531.5			1.0
3532.4			1.0
3533.3			1.0
3534.2			1.0
3535.1			1.0
3536.0			1.0
3536.9			1.0
3537.8			1.0
3538.7			1.0
3539.6			1.0
3540.5			1.0
3541.4			1.0
3542.3			1.0
3543.2			1.0
3544.1			1.0
3545.0			1.0
3545.9			1.0
3546.8			1.0
3547.7			1.0
3548.6			1.0
3549.5			1.0
3550.4			1.0
3551.3			1.0
3552.2			1.0
3553.1			1.0
3554.0			1.0
3554.9			1.0
3555.8			1.0
3556.7			1.0
3557.6			1.0
3558.5			1.0
3559.4			1.0
3560.3			1.0
3561.2			1.0
3562.1			1.0
3563.0			1.0
3563.9			1.0
3564.8			1.0
3565.7			1.0
3566.6			1.0
3567.5			1.0
3568.4			1.0
3569.3			1.0
3570.2			1.0
3571.1			1.0
3572.0			1.0
3572.9			1.0
3573.8			1.0
3574.7			1.0
3575.6			1.0
3576.5			1.0
3577.4			1.0
3578.3			1.0
3579.2			1.0
3580.1			1.0
3581.0			1.0
3581.9			1.0
3582.8			1.0
3583.7			1.0
3584.6			1.0
3585.5			1.0
3586.4			1.0
3587.3			1.0
3588.2			1.0
3589.1			1.0
3590.0			1.0
3590.9			1.0
3591.8			1.0
3592.7			1.0
3593.6			1.0
3594.5			1.0
3595.4			1.0
3596.3			1.0
3597.2			1.0
3598.1			1.0
3599.0			1.0
3599.9			1.0
3600.8			1.0
3601.7			1.0
3602.6			1.0
3603.5			1.0
3604.4			1.0
3605.3			1.0
3606.2			1.0
3607.1			1.0
3608.0			1.0
3608.9			1.0
3609.8			1.0
3610.7			1.0
3611.6			1.0
3612.5			1.0
3613.4			1.0
3614.3			1.0
3615.2			1.0
3616.1			1.0
3617.0			1.0
3617.9			1.0
3618.8			1.0
3619.7			1.0
3620.6			1.0
3621.5			1.0
3622.4			1.0
3623.3			1.0
3624.2			1.0
3625.1			1.0
3626.0			1.0
3626.9			1.0
3627.8			1.0
3628.7			1.0
3629.6			1.0
3630.5			1.0
3631.4			1.0
3632.3			1.0
3633.2			1.0
3634.1			1.0
3635.0			1.0
3635.9			1.0
3636.8			1.0
3637.7			1.0
3638.6			1.0
3639.5			1.0
3640.4			1.0
3641.3			1.0
3642.2			1.0
3643.1			1.0
3644.0			1.0
3644.9			1.0
3645.8			1.0
3646.7			1.0
3647.6			1.0
3648.5			1.0
3649.4			1.0
3650.3			1.0
3651.2			1.0
3652.1			1.0
3653.0			1.0
3653.9			1.0
3654.8			1.0
3655.7			1.0
3656.6			1.0
3657.5			1.0
3658.4			1.0
3659.3			1.0
3660.2			1.0
3661.1			1.0
3662.0			1.0
3662.9			1.0
3663.8			1.0
3664.7			1.0
3665.6			1.0
3666.5			1.0
3667.4			1.0
3668.3			1.0
3669.2			1.0
3670.1			1.0
3671.0			1.0
3671.9			1.0
3672.8			1.0
3673.7			1.0
3674.6			1.0
3675.5			1.0
3676.4			1.0
3677.3			1.0
3678.2			1.0
3679.1			1.0
3680.0			1.0
3680.9			1.0
3681.8			1.0
3682.7			1.0
3683.6			1.0
3684.5			1.0
3685.4			1.0
3686.3			1.0
3687.2			1.0
3688.1			1.0
3689.0			1.0
3689.9			1.0
3690.8			1.0
3691.7			1.0
3692.6			1.0
3693.5			1.0
3694.4			1.0
3695.3			1.0
3696.2			1.0
3697.1			1.0
3698.0			1.0
3698.9			1.0
3699.8			1.0
3700.7			1.0
3701.6			1.0
3702.5			1.0
3703.4			1.0
3704.3			1.0
3705.2			1.0
3706.1			1.0
3707.0			1.0
3707.9			1.0
3708.8			1.0
3709.7			1.0
3710.6			1.0
3711.5			1.0
3712.4			1.0
3713.3			1.0
3714.2			1.0
3715.1			1.0
3716.0			1.0
3716.9			1.0
3717.8			1.0
3718.7			1.0
3719.6			1.0
3720.5			1.0
3721.4			1.0
3722.3			1.0
3723.2			1.0
3724.1			1.0
3725.0			1.0
3725.9			1.0
3726.8			1.0
3727.7			1.0
3728.6			1.0
3729.5			1.0
3730.4			1.0
3731.3			1.0
3732.2			1.0
3733.1			1.0
3734.0			1.0
3734.9			1.0
3735.8			1.0
3736.7			1.0
3737.6			1.0
3738.5			1.0
3739.4			1.0
3740.3			1.0
3741.2			1.0
3742.1			1.0
3743.0			1.0
3743.9			1.0
3744.8			1.0
3745.7			1.0
3746.6			1.0
3747.5			1.0
3748.4			1.0
3749.3			1.0
3750.2			1.0
3751.1			1.0
3752.0			1.0
3752.9			1.0
3753.8			1.0
3754.7			1.0
3755.6			1.0
3756.5			1.0
3757.4			1.0
3758.3			1.0
3759.2			1.0
3760.1			1.0
3761.0			1.0
3761.9			1.0
3762.8			1.0
3763.7			1.0
3764.6			1.0
3765.5			1.0
3766.4			1.0
3767.3			1.0
3768.2			1.0
3769.1			1.0
3770.0			1.0
3770.9			1.0
3771.8			1.0
3772.7			1.0
3773.6			1.0
3774.5			1.0
3775.4			1.0
3776.3			1.0
3777.2			1.0
3778.1			1.0
3779.0			1.0
3779.9			1.0
3780.8			1.0
3781.7			1.0
3782.6			1.0
3783.5			1.0
3784.4			1.0
3785.3			1.0
3786.2			1.0
3787.1			1.0
3788.0			1.0
3788.9			1.0
3789.8			1.0
3790.7			1.0
3791.6			1.0
3792.5			1.0
3793.4			1.0
3794.3			1.0
3795.2			1.0
3796.1			1.0
3797.0			1.0
3797.9			1.0
3798.8			1.0
3799.7			1.0
3800.6			1.0
3801.5			1.0
3802.4			1.0
3803.3			1.0
3804.2			1.0
3805.1			1.0
3806.0			1.0
3806.9			1.0
3807.8			1.0
3808.7			1.0
3809.6			1.0
3810.5			1.0
3811.4			1.0
3812.3			1.0
3813.2			1.0
3814.1			1.0
3815.0			1.0
3815.9			1.0
3816.8			1.0
3817.7			1.0
3818.6			1.0
3819.5			1.0
3820.4			1.0
3821.3			1.0
3822.2			1.0
3823.1			1.0
3824.0			1.0
3824.9			1.0
3825.8			1.0
3826.7			1.0
3827.6			1.0
3828.5			1.0
3829.4			1.0
3830.3			1.0
3831.2			1.0
3832.1			1.0
3833.0			1.0
3833.9			1.0
3834.8			1.0
3835.7			1.0
3836.6			1.0
3837.5			1.0
3838.4			1.0
3839.3			1.0
3840.2			1.0
3841.1			1.0
3842.0			1.0
3842.9			1.0
3843.8			1.0
3844.7			1.0
3845.6			1.0
3846.5			1.0
3847.4			1.0
3848.3			1.0
3849.2			1.0
3850.1			1.0
3851.0			1.0
3851.9			1.0
3852.8			1.0
3853.7			1.0
3854.6			1.0
3855.5			1.0
3856.4			1.0
3857.3			1.0
3858.2			1.0
3859.1			1.0
3860.0			1.0
3860.9			1.0
3861.8			1.0
3862.7			1.0
3863.6			1.0
3864.5			1.0
3865.4			1.0
3866.3			1.0
3867.2			1.0
3868.1			1.0
3869.0			1.0
3869.9			1.0
3870.8			1.0
3871.7			1.0
3872.6			1.0
3873.5			1.0
3874.4			1.0
3875.3			1.0
3876.2			1.0
3877.1			1.0
3878.0			1.0
3878.9			1.0
3879.8			1.0
3880.7			1.0
3881.6			1.0
3882.5			1.0
3883.4			1.0
3884.3			1.0
3885.2			1.0
3886.1			1.0
3887.0			1.0
3887.9			1.0
3888.8			1.0
3889.7			1.0
3890.6			1.0
3891.5			1.0
3892.4			1.0
3893.3			1.0
3894.2			1.0
3895.1			1.0
3896.0			1.0
3896.9			1.0
3897.8			1.0
3898.7			1.0
3899.6			1.0
3900.5			1.0
3901.4			1.0
3902.3			1.0
3903.2			1.0
3904.1			1.0
3905.0			1.0
3905.9			1.0
3906.8			1.0
3907.7			1.0
3908.6			1.0
3909.5			1.0
3910.4			1.0
3911.3			1.0
3912.2			1.0
3913.1			1.0
3914.0			1.0
3914.9			1.0
3915.8			1.0
3916.7			1.0
3917.6			1.0
3918.5			1.0
3919.4			1.0
3920.3			1.0
3921.2			1.0
3922.1			1.0
3923.0			1.0
3923.9			1.0
3924.8			1.0
3925.7			1.0
3926.6			1.0
3927.5			1.0
3928.4			1.0
3929.3			1.0
3930.2			1.0
3931.1			1.0
3932.0			1.0
3932.9			1.0
3933.8			1.0
3934.7			1.0
3935.6			1.0
3936.5			1.0
3937.4			1.0
3938.3			1.0
3939.2			1.0
3940.1			1.0
3941.0			1.0
3941.9			1.0
3942.8			1.0
3943.7			1.0
3944.6			1.0
3945.5			1.0
3946.4			1.0
3947.3			1.0
3948.2			1.0
3949.1			1.0
3950.0			1.0
3950.9			1.0
3951.8			1.0
3952.7			1.0
3953.6			1.0
3954.5			1.0
3955.4			1.0
3956.3			1.0
3957.2			1.0
3958.1			1.0
3959.0			1.0
3959.9			1.0
3960.8			1.0
3961.7			1.0
3962.6			1.0
3963.5			1.0
3964.4			1.0
3965.3			1.0
3966.2			1.0
3967.1			1.0
3968.0			1.0
3968.9			1.0
3969.8			1.0
3970.7			1.0
3971.6			1.0
3972.5			1.0
3973.4			1.0
3974.3			1.0
3975.2			1.0
3976.1			1.0
3977.0			1.0
3977.9			1.0
3978.8			1.0
3979.7			1.0
3980.6			1.0
3981.5			1.0
3982.4			1.0
3983.3			1.0
3984.2			1.0
3985.1			1.0
3986.0			1.0
3986.9			1.0
3987.8			1.0
3988.7			1.0
3989.6			1.0
3990.5			1.0
3991.4			1.0
3992.3			1.0
3993.2			1.0
3994.1			1.0
3995.0			1.0
3995.9			1.0
3996.8			1.0
3997.7			1.0
3998.6			1.0
3999.5			1.0
4000.4			1.0
4001.3			0.9820417820431228
4002.2			0.9983605119979185
4003.1			1.0154647865192723
4004.0			0.936475543702918
4004.9			0.7959476991351814
4005.8			0.7321917479364685
4006.7			0.7956073575866299
4007.6			0.9017534450612558
4008.5			0.9462732772712521
4009.4			0.9525761517839001
4010.3			0.9969233881370486
4011.2			1.0
4012.1			1.0
4013.0			1.0
4013.9			1.0
4014.8			1.0
4015.7			1.0
4016.6			1.0
4017.5			1.0
4018.4			1.0
4019.3			1.0
4020.2			1.0
4021.1			1.0
4022.0			1.0
4022.9			1.0
4023.8			1.0
4024.7			1.0
4025.6			1.0
4026.5			1.0604521531051736
4027.4			1.1521314923514423
4028.3			1.1671832245849976
4029.2			1.0605780680768555
4030.1			0.9262627280677921
4031.0			0.8438609878323726
4031.9			0.7986315494264719
4032.8			0.7809033803833466
4033.7			0.8000998820616019
4034.6			0.8284265037367871
4035.5			0.8752521506266158
4036.4			0.9643679870672709
4037.3			1.0430933388063066
4038.2			1.056006474946622
4039.1			1.0062629379527905
4040.0			1.0
4040.9			0.9866067538466728
4041.8			1.01589652715442
4042.7			1.019194863688747
4043.6			0.9275604301452721
4044.5			0.7508878783309354
4045.4			0.6002486160149512
4046.3			0.6209313227334206
4047.2			0.8049234696602651
4048.1			0.9656001558746579
4049.0			1.0093238428471287
4049.9			0.9994779693530971
4050.8			1.0
4051.7			1.0
4052.6			1.0
4053.5			1.0
4054.4			1.0
4055.3			1.0
4056.2			1.0
4057.1			0.9748866741105083
4058.0			0.9412507846843862
4058.9			1.0117760439364403
4059.8			1.1296114868181257
4060.7			1.1752869885627804
4061.6			1.1062510212142767
4062.5			0.9283281687291975
4063.4			0.7619624785057768
4064.3			0.763825175352013
4065.2			0.8949080520411231
4066.1			0.9636262121092161
4067.0			0.9468564511323629
4067.9			0.9493992767679431
4068.8			0.9778559330359055
4069.7			1.003989079763623
4070.6			1.0
4071.5			1.0
4072.4			1.0
4073.3			1.0
4074.2			1.034000010675715
4075.1			0.9458256153815909
4076.0			0.8127202002668653
4076.9			0.7201723002056575
4077.8			0.701366546330876
4078.7			0.7609058672879413
4079.6			0.8785697552515277
4080.5			0.9803955475098098
4081.4			1.0092125165177441
4082.3			1.0
4083.2			1.0
4084.1			1.0
4085.0			1.0
4085.9			1.0
4086.8			1.0
4087.7			1.0
4088.6			1.0
4089.5			1.0
4090.4			1.0
4091.3			1.0
4092.2			1.0096512273619054
4093.1			1.066386305092662
4094.0			1.0904550711395804
4094.9			1.0088945058897532
4095.8			0.8938579224302289
4096.7			0.8580710226900545
4097.6			0.9100418521279581
4098.5			0.962172255769007
4099.4			0.930546885871943
4100.3			0.8272441225054494
4101.2			0.7478830657881941
4102.1			0.763283986483578
4103.0			0.8430089609384464
4103.9			0.9220503424473392
4104.8			1.0028877362363153
4105.7			1.084320988438849
4106.6			1.106069025715987
4107.5			1.0701833710645907
4108.4			1.0376253166233396
4109.3			1.014770356630101
4110.2			0.9958453353150571
4111.1			1.0
4112.0			1.0
4112.9			1.0
4113.8			1.0
4114.7			1.0
4115.6			1.0
4116.5			1.0
4117.4			1.0
4118.3			1.0
4119.2			1.0
4120.1			1.0
4121.0			1.0
4121.9			1.0168907550233355
4122.8			0.9967928346216804
4123.7			1.0080109014110274
4124.6			1.0312380613801513
4125.5			1.033513800450138
4126.4			1.0317314834249212
4127.3			1.018067095795859
4128.2			0.9795081539562377
4129.1			0.9510965185473008
4130.0			0.9474326908234989
4130.9			0.9285122204368301
4131.8			0.8750452683928641
4132.7			0.8316492329134294
4133.6			0.833837275612784
4134.5			0.9150022709632336
4135.4			1.0350864995364488
4136.3			1.0787289231937283
4137.2			1.0587889357313431
4138.1			1.0488072437875378
4139.0			1.0674169621829142
4139.9			1.0718299646631495
4140.8			1.0505109317795875
4141.7			1.0027199546519037
4142.6			0.8708933985348134
4143.5			0.7548698225015229
4144.4			0.7828212552042856
4145.3			0.8879233927055621
4146.2			1.0
4147.1			1.0649014803064158
4148.0			1.0727334131591264
4148.9			1.0115101321948667
4149.8			0.9439679094928933
4150.7			0.9384762155267937
4151.6			0.9562143123224363
4152.5			0.9659473878098446
4153.4			0.9746899501288369
4154.3			0.9744039855474371
4155.2			0.955995127065466
4156.1			0.9068769110753683
4157.0			0.8928399774601105
4157.9			0.9500113863057051
4158.8			1.0245481076191283
4159.7			1.0
4160.6			1.0011164744387469
4161.5			0.9906413562358894
4162.4			1.0476901225065414
4163.3			1.0842973018039326
4164.2			1.0283515645131018
4165.1			0.9647583606124108
4166.0			0.9280092578212545
4166.9			0.8832153858581392
4167.8			0.8700740144083524
4168.7			0.9262956609223144
4169.6			0.9917385185433224
4170.5			0.9999156989931937
4171.4			0.9344634821688972
4172.3			0.8375793788499364
4173.2			0.7931201294076142
4174.1			0.8169717602608371
4175.0			0.8520691676829157
4175.9			0.8530313707105208
4176.8			0.8083336779085426
4177.7			0.7855750628913332
4178.6			0.8212703232073212
4179.5			0.8498810431935752
4180.4			0.8519874743928939
4181.3			0.8434342498383572
4182.2			0.8537601726410111
4183.1			0.9051082579341412
4184.0			1.0
4184.9			1.0417070347033006
4185.8			1.0321343387195394
4186.7			0.9534947562076793
4187.6			0.8855093040189164
4188.5			0.891971191221299
4189.4			0.92669842297244
4190.3			0.9353953072167401
4191.2			0.9332680674784314
4192.1			0.962380430852947
4193.0			1.0067641020275264
4193.9			0.9990482026539298
4194.8			0.9214648885040606
4195.7			0.8168561403509191
4196.6			0.745697962486384
4197.5			0.7448975544239435
4198.4			0.7863058481305917
4199.3			0.8383018054925148
4200.2			0.875610021785941
4201.1			0.845588854212149
4202.0			0.7912081306598898
4202.9			0.814114016333823
4203.8			0.8616308886574949
4204.7			0.8565816888267586
4205.6			0.8646041631979056
4206.5			0.9176063012155034
4207.4			0.9699666753954014
4208.3			0.9970633687554529
4209.2			1.0
4210.1			1.0
4211.0			1.0
4211.9			0.999995158280395
4212.8			0.9787670838391632
4213.7			0.8979359777959861
4214.6			0.7715261194516642
4215.5			0.6962656091323419
4216.4			0.7744746520229832
4217.3			0.9338292155875345
4218.2			1.0024835638470089
4219.1			0.9822349935065643
4220.0			1.0
4220.9			1.019191013800249
4221.8			0.9738317576418737
4222.7			0.8952852495029066
4223.6			0.8171293546232528
4224.5			0.7294115149714553
4225.4			0.6131464087479629
4226.3			0.4997256341586476
4227.2			1.0
4228.1			1.2879482102308568
4229.0			1.5909964622030175
4229.9			1.682018277636976
4230.8			1.6506658412679225
4231.7			1.5640775318838631
4232.6			1.3954290449172677
4233.5			1.2777912086743217
4234.4			1.2357184171653361
4235.3			1.1216229369994268
4236.2			1.011569999675702
4237.1			1.005536031256157
4238.0			1.004680915087951
4238.9			0.9740034913189396
4239.8			0.9780908385024122
4240.7			1.0323525233155288
4241.6			1.057824921420706
4242.5			1.0140805870244571
4243.4			0.9896704032906102
4244.3			1.0105649899257882
4245.2			1.0
4246.1			0.9889047587006907
4247.0			0.9317310196589093
4247.9			0.9007769608268742
4248.8			0.8998054010217813
4249.7			0.8675377393510348
4250.6			0.8566844307289108
4251.5			0.9479441187494946
4252.4			1.064064596861133
4253.3			1.0669112338852
4254.2			0.9941619661517677
4255.1			1.0
4256.0			1.0649785826477993
4256.9			1.1444718028609817
4257.8			1.1028993333776447
4258.7			0.9605034128461304
4259.6			0.8247954650808611
4260.5			0.7531499625783875
4261.4			0.7803821258956921
4262.3			0.8955475941766733
4263.2			0.969467293198508
4264.1			0.965953992190806
4265.0			1.0
4265.9			1.0484822294768315
4266.8			1.0186460062692368
4267.7			0.9485991597002396
4268.6			0.8833902921348828
4269.5			0.8282718100856767
4270.4			0.7439405090695639
4271.3			0.6419444215599651
4272.2			0.627129919037627
4273.1			0.6919144609973571
4274.0			0.733355879345034
4274.9			0.7558247616260941
4275.8			0.8298974604106687
4276.7			1.0
4277.6			1.0584160948254793
4278.5			1.0655948053301003
4279.4			1.0091240073835925
4280.3			0.9296381010076942
4281.2			0.9254362009641057
4282.1			0.9860603643654161
4283.0			1.0336214022942043
4283.9			1.0246628118802592
4284.8			0.9664714361018496
4285.7			0.9065285129273264
4286.6			0.9116681427627759
4287.5			0.9539277358706998
4288.4			0.9165615724914967
4289.3			0.8161250929163039
4290.2			0.7858398577319146
4291.1			0.8471481553854936
4292.0			0.9410650158822096
4292.9			1.0114171492185395
4293.8			1.0029469993058642
4294.7			0.9508095317587322
4295.6			0.9264634281583087
4296.5			0.9118057412901194
4297.4			0.8685335661586533
4298.3			0.7804575616078617
4299.2			0.6654178041045332
4300.1			0.6001533335264031
4301.0			0.6237108229857803
4301.9			0.6732571490150383
4302.8			0.6920799539667332
4303.7			0.7063695375893618
4304.6			0.7318428640448239
4305.5			0.7398885207639386
4306.4			0.7048794333004313
4307.3			0.6285044245993552
4308.2			0.5722269778072838
4309.1			0.5826881632769125
4310.0			0.628646268439138
4310.9			0.6845176761221796
4311.8			0.7611882410872194
4312.7			0.8413415472649945
4313.6			0.9053654976067648
4314.5			0.9974296220304647
4315.4			1.1631272597397588
4316.3			1.3663839767092592
4317.2			1.4865083593054027
4318.1			1.467189572392392
4319.0			1.0
4319.9			0.9682889069671081
4320.8			0.9405887124408489
4321.7			0.9182207830598812
4322.6			0.8511471926956424
4323.5			0.732088549362923
4324.4			0.6160243333999893
4325.3			0.5557324733307094
4326.2			0.6159347018956229
4327.1			0.8060668714947965
4328.0			1.0217361884789107
4328.9			1.1119300753092176
4329.8			1.0538434886179013
4330.7			0.9983249163763159
4331.6			1.265796794224195
4332.5			1.0
4333.4			1.0292311595815866
4334.3			1.0702544618510468
4335.2			1.1031190961620403
4336.1			1.061226458070095
4337.0			0.9230993115729824
4337.9			0.7916580806927542
4338.8			0.7316745479169394
4339.7			0.6801108011479345
4340.6			0.6530583858475281
4341.5			0.7268306845317827
4342.4			0.8382639681958672
4343.3			0.8972913247889973
4344.2			0.9352778791688294
4345.1			0.9873996423924676
4346.0			1.0219047426842554
4346.9			1.0
4347.8			0.9929272268115225
4348.7			1.039625007684826
4349.6			1.0422931662361645
4350.5			0.916286702322364
4351.4			0.7730333498075574
4352.3			0.7442716331995355
4353.2			0.8216983517861423
4354.1			0.8998805697175395
4355.0			0.9368594551073919
4355.9			0.9701108117447375
4356.8			0.9991701526812182
4357.7			1.0
4358.6			1.0
4359.5			1.0
4360.4			1.0
4361.3			1.0
4362.2			1.0
4363.1			1.0
4364.0			1.0
4364.9			1.0
4365.8			1.0
4366.7			1.0
4367.6			1.0
4368.5			0.9903552553554564
4369.4			1.006173371863106
4370.3			1.0142827695616956
4371.2			1.0207256661008777
4372.1			1.0196905222777994
4373.0			0.9646287552751416
4373.9			0.858592816056574
4374.8			0.8034176644679863
4375.7			0.8446291922985667
4376.6			0.940042255358197
4377.5			1.0381924258939996
4378.4			1.0858182171002586
4379.3			1.068116289636666
4380.2			1.029563540124573
4381.1			0.9911847831712667
4382.0			0.890912130310457
4382.9			0.7089335215861642
4383.8			0.5693456242455831
4384.7			0.5976193987559473
4385.6			0.769017917367403
4386.5			0.930934140682984
4387.4			0.9825907145523073
4388.3			0.9620058819622986
4389.2			0.9114624138540118
4390.1			0.8600565359382131
4391.0			0.8687511747961407
4391.9			0.928581904040455
4392.8			0.9575794016147819
4393.7			0.931139008139595
4394.6			0.9001840619463809
4395.5			0.9304670947754514
4396.4			1.0248130190013556
4397.3			1.0976413389543944
4398.2			1.0
4399.1			0.9195212722890291
4400.0			0.8436150595823395
4400.9			0.8472433869318428
4401.8			0.9272538939060536
4402.7			0.9633581254764372
4403.6			0.8587814195824087
4404.5			0.7216123973877394
4405.4			0.7021698283276213
4406.3			0.7681208005589574
4407.2			0.8034494730385633
4408.1			0.801287076883506
4409.0			0.8395411505907446
4409.9			1.0
4410.8			1.047930373070316
4411.7			1.0734008044201635
4412.6			1.0872249547476627
4413.5			1.0241902494219808
4414.4			0.8885178226669923
4415.3			0.799567027179944
4416.2			0.820546955523691
4417.1			0.8811211080100527
4418.0			0.923046005985424
4418.9			0.962337824391239
4419.8			0.9921252090032524
4420.7			1.0
4421.6			1.0
4422.5			1.0
4423.4			0.9923232362811603
4424.3			1.0533993669989683
4425.2			1.098854181199966
4426.1			1.0767228958942916
4427.0			1.0298339544197928
4427.9			1.0151090251992667
4428.8			1.0059468029504541
4429.7			0.9683862995417153
4430.6			0.9595245510024188
4431.5			0.9974449216992368
4432.4			1.0126037531266951
4433.3			0.9600263157767324
4434.2			0.8714542512370228
4435.1			0.8249602979575934
4436.0			0.8594756907274952
4436.9			0.9410885379885745
4437.8			1.02843478789375
4438.7			1.0820481907042987
4439.6			1.0508692029728974
4440.5			0.9675590584431405
4441.4			0.8994495041413153
4442.3			0.8613284536610291
4443.2			1.0
4444.1			1.0569888318012792
4445.0			1.1666770231771137
4445.9			1.2115528350257878
4446.8			1.1910690396555688
4447.7			1.1844270738849882
4448.6			1.194147945742335
4449.5			1.1628216114045569
4450.4			1.114697890638719
4451.3			1.1136006955589988
4452.2			1.1407898581330254
4453.1			1.1250886873506174
4454.0			1.0265359965984224
4454.9			0.9315458868379881
4455.8			0.9399219308223731
4456.7			0.9962999354481131
4457.6			0.9979651822389524
4458.5			0.9490287062324693
4459.4			0.9270351863576191
4460.3			0.9289895675508012
4461.2			0.8818548330006021
4462.1			0.8637259601266045
4463.0			0.9568118657640562
4463.9			1.04581009676072
4464.8			1.0501602736838642
4465.7			1.017292694015369
4466.6			1.0109920556148237
4467.5			1.0163751314673837
4468.4			0.9969991244711072
4469.3			0.9785267091449937
4470.2			0.9940286922636457
4471.1			1.0301859059458167
4472.0			1.0494159240958016
4472.9			1.0785755712219462
4473.8			1.1308342708510573
4474.7			1.1623606443658558
4475.6			1.1707461014856404
4476.5			1.0
4477.4			1.0214568829209683
4478.3			1.0055284701926939
4479.2			0.9348569490338852
4480.1			0.8486905126940709
4481.0			0.7955283980180511
4481.9			0.7938721779724656
4482.8			0.8479539968039789
4483.7			0.9257589498018085
4484.6			0.9811200012756335
4485.5			1.004022729588397
4486.4			0.9999409676147385
4487.3			1.0
4488.2			1.0
4489.1			1.0
4490.0			0.9634252627298728
4490.9			1.0376536406767543
4491.8			1.122993503953313
4492.7			1.123595051207467
4493.6			1.031981742205978
4494.5			0.9393755980752985
4495.4			0.9151419222905048
4496.3			0.944553212189529
4497.2			1.0021912558796624
4498.1			1.0530617518414827
4499.0			1.0792136225629012
4499.9			1.0666294856833227
4500.8			1.0025187418884567
4501.7			1.0
4502.6			1.0
4503.5			1.0
4504.4			1.0
4505.3			1.0
4506.2			1.0
4507.1			1.0
4508.0			0.9849376505432968
4508.9			0.9886820434062638
4509.8			1.010301021754853
4510.7			1.0254482515191048
4511.6			1.0085192587409426
4512.5			1.0
4513.4			0.948432156796624
4514.3			0.9267687103839861
4515.2			0.9519988753256766
4516.1			0.9781001122387682
4517.0			0.9581605715139386
4517.9			0.9373611326702286
4518.8			0.9725153916173033
4519.7			1.0258235711680714
4520.6			1.048551092882233
4521.5			1.0365013294664542
4522.4			0.9948395513551292
4523.3			0.9686113951930637
4524.2			0.9686541722111625
4525.1			0.946684866844645
4526.0			0.9002542651087587
4526.9			0.8628200554545387
4527.8			0.8336260483443185
4528.7			0.8046226213994228
4529.6			0.8068398713977432
4530.5			0.8575664921696822
4531.4			1.0
4532.3			1.0365208213185473
4533.2			1.0169329268516396
4534.1			0.9617341593529487
4535.0			0.9254993083814208
4535.9			0.9790736487341133
4536.8			1.0968183246253624
4537.7			1.163677561879655
4538.6			1.147817540089062
4539.5			1.0908590882379978
4540.4			1.043883166430438
4541.3			1.0334059476905397
4542.2			1.0482836428272064
4543.1			1.0536159388838915
4544.0			1.0285218397552787
4544.9			1.0096286502128948
4545.8			1.0236186335393038
4546.7			1.0483187459318466
4547.6			1.0354923821402433
4548.5			0.9719221183374446
4549.4			0.9335362238711377
4550.3			0.9751156974491307
4551.2			1.030411648278953
4552.1			1.030421266635544
4553.0			0.9921942855976479
4553.9			0.9549870708542899
4554.8			0.9470454522259496
4555.7			0.9853243413584477
4556.6			1.0521654478145628
4557.5			1.1068095345483657
4558.4			1.1216731992957427
4559.3			1.1012003724576718
4560.2			1.0746899838030555
4561.1			1.0
4562.0			1.012758741170956
4562.9			1.0010968841114924
4563.8			0.9419652248018756
4564.7			0.8735521488638798
4565.6			0.8587417782265944
4566.5			0.9084939470057457
4567.4			0.975549741132195
4568.3			1.006012809844344
4569.2			0.9984973621401462
4570.1			1.0
4571.0			1.0
4571.9			0.9605975390023735
4572.8			1.0102481114530584
4573.7			1.066627595768363
4574.6			1.066684105952461
4575.5			1.0492215977782868
4576.4			1.042662802259396
4577.3			1.0356376317765263
4578.2			1.0070210697491127
4579.1			0.9443663965549339
4580.0			0.8720798755258073
4580.9			0.8466055478483521
4581.8			0.8674048024418932
4582.7			0.8841091283222343
4583.6			1.0
4584.5			0.997584519143929
4585.4			0.979277918725982
4586.3			0.9839738142111439
4587.2			1.0380949941342492
4588.1			1.0954859291504713
4589.0			1.1289892431102009
4589.9			1.1301272713469062
4590.8			1.0679064439887072
4591.7			0.985740634489227
4592.6			0.9578488993012355
4593.5			0.973983878667122
4594.4			0.9768164058699897
4595.3			0.956743187602596
4596.2			0.941547844036884
4597.1			0.9370953520549077
4598.0			0.9622713835564979
4598.9			0.9801640720361369
4599.8			0.9398684696872547
4600.7			0.9194239724648204
4601.6			0.9586670846614471
4602.5			0.9810609087807229
4603.4			0.9720950373334099
4604.3			0.9638934330402703
4605.2			0.9605246783879515
4606.1			0.9589588654600086
4607.0			0.978194790447356
4607.9			1.0257212153887822
4608.8			1.0633400485501947
4609.7			1.0634423525173562
4610.6			1.0325162087725315
4611.5			0.9920716502563371
4612.4			0.9550564451654527
4613.3			0.9455629316401187
4614.2			0.9758030657608412
4615.1			1.0011660483859168
4616.0			0.998704260996976
4616.9			0.9999457294041711
4617.8			1.0
4618.7			1.0
4619.6			1.0
4620.5			1.0
4621.4			1.0
4622.3			1.0
4623.2			1.0
4624.1			1.0
4625.0			1.0
4625.9			1.0
4626.8			1.0
4627.7			1.0
4628.6			1.0
4629.5			1.0
4630.4			1.0
4631.3			1.0
4632.2			1.0
4633.1			1.0
4634.0			1.0
4634.9			1.0
4635.8			1.0
4636.7			1.0
4637.6			1.0
4638.5			1.0
4639.4			0.9829747001034693
4640.3			0.9977129081693391
4641.2			1.0491395193664694
4642.1			1.0658241913995363
4643.0			1.0297885543904244
4643.9			1.0048838354789267
4644.8			0.9981492672527522
4645.7			0.955864972295452
4646.6			0.8942753949983417
4647.5			0.8764373220869974
4648.4			0.9139552697152413
4649.3			0.9731077850984471
4650.2			1.016415168151434
4651.1			1.0511188305017423
4652.0			1.0971632714783168
4652.9			1.0
4653.8			0.9502212548175054
4654.7			0.9023161799301546
4655.6			0.910017786586609
4656.5			0.9438706807367301
4657.4			0.9719311528447717
4658.3			1.0231381440279488
4659.2			1.087279874515228
4660.1			1.0951705887213876
4661.0			1.0482053224264374
4661.9			0.9946069287037319
4662.8			0.956293937645853
4663.7			0.9480441063395769
4664.6			0.9595556225632124
4665.5			0.937046805575246
4666.4			0.8618867844771033
4667.3			0.809973381475511
4668.2			0.8402256573282891
4669.1			0.9104537312224301
4670.0			0.974605028924959
4670.9			1.0258643988481904
4671.8			1.0491866225960764
4672.7			1.0375217131526935
4673.6			1.0187584550848445
4674.5			1.0
4675.4			1.031666056504488
4676.3			1.0730263550737285
4677.2			1.0788016204805158
4678.1			1.0400078486008313
4679.0			0.9926074636358627
4679.9			0.963927606515239
4680.8			0.9453745311793746
4681.7			0.943822047603738
4682.6			1.0
4683.5			1.0390201897210543
4684.4			1.0559933572100928
4685.3			1.0570703958027283
4686.2			1.050775666657646
4687.1			1.0298114966207155
4688.0			1.0100883255135047
4688.9			1.013288372654729
4689.8			1.013676322190815
4690.7			0.9928326018130246
4691.6			0.9792799800963365
4692.5			0.9846775093663241
4693.4			1.0017009040874731
4694.3			1.0371119396533024
4695.2			1.0723609388384825
4696.1			1.0814825932828864
4697.0			1.046457068344488
4697.9			0.9711141950223201
4698.8			0.9161015565963743
4699.7			0.9152888092208715
4700.6			0.9284383526612776
4701.5			0.913689408399749
4702.4			0.8912127668641936
4703.3			0.9087022757912245
4704.2			0.9463514256015545
4705.1			0.960284979691024
4706.0			0.9482863494486952
4706.9			0.9226061619317354
4707.8			0.9007046741870188
4708.7			0.8953911277528539
4709.6			0.9109867176813129
4710.5			0.943331718107149
4711.4			0.9658204195567083
4712.3			0.9609643037227258
4713.2			0.932208186680404
4714.1			0.8967216512213408
4715.0			0.8917941597706647
4715.9			0.936424835962621
4716.8			0.9932460906547621
4717.7			1.0247420059976085
4718.6			1.0321973025777023
4719.5			1.0
4720.4			0.9950743376533129
4721.3			0.9876287408791861
4722.2			0.9816997494428479
4723.1			0.9922104070955602
4724.0			1.0268455027683014
4724.9			1.0574148920381865
4725.8			1.0430264644816583
4726.7			0.9693999061592024
4727.6			0.8828983514480151
4728.5			0.8455916218200384
4729.4			0.8579231296667672
4730.3			0.8876800753812721
4731.2			0.926204330285569
4732.1			0.9688727285698295
4733.0			0.9990667384881786
4733.9			1.026139334981952
4734.8			1.0545866978133738
4735.7			1.0431613589884163
4736.6			1.0037476116486042
4737.5			1.0
4738.4			1.0
4739.3			1.0
4740.2			1.0
4741.1			1.0
4742.0			1.0
4742.9			1.0
4743.8			1.0
4744.7			1.0
4745.6			1.0
4746.5			1.0
4747.4			1.0
4748.3			1.0
4749.2			1.0
4750.1			1.0
4751.0			1.0
4751.9			1.0
4752.8			1.0
4753.7			1.0
4754.6			1.0
4755.5			1.0
4756.4			1.0
4757.3			1.0
4758.2			1.0
4759.1			1.0334650530694964
4760.0			1.0282370164984793
4760.9			0.9843007563517617
4761.8			0.9276758640220714
4762.7			0.8904949665302864
4763.6			0.8937374816780317
4764.5			0.8956020583398068
4765.4			0.8665004520400462
4766.3			0.8530216753402722
4767.2			0.8875982060830574
4768.1			0.9388891902893718
4769.0			0.9915916272604682
4769.9			1.0181066023870826
4770.8			0.9869745752727463
4771.7			0.9424434141385533
4772.6			0.9473246472630964
4773.5			0.9999385531466737
4774.4			1.0
4775.3			1.0
4776.2			1.0
4777.1			1.0
4778.0			1.0
4778.9			0.986512409792545
4779.8			0.9732766254875488
4780.7			0.9857749021978801
4781.6			0.9915171075666644
4782.5			0.962237372652298
4783.4			0.9431268606395047
4784.3			0.957317559814721
4785.2			0.9467527974041876
4786.1			0.902040220401875
4787.0			0.9028584715776942
4787.9			0.9382418605752321
4788.8			0.9304242253347615
4789.7			0.9087395655685887
4790.6			0.9213716420402442
4791.5			0.9496518028037784
4792.4			0.9883483202166587
4793.3			1.0395046931368521
4794.2			1.0723821593378149
4795.1			1.0
4796.0			0.99084583656015
4796.9			0.9606637107190537
4797.8			0.9237079861132667
4798.7			0.9038197211742509
4799.6			0.8990623220421463
4800.5			0.9129740019064158
4801.4			0.9549609283814084
4802.3			0.9929288278384577
4803.2			0.9910458889203839
4804.1			0.9619003773084491
4805.0			0.9264860888698034
4805.9			0.9157021314842899
4806.8			0.9267271752204941
4807.7			0.9225181037176509
4808.6			0.9119020505896648
4809.5			0.9199397972470267
4810.4			0.9432465206507333
4811.3			0.9539651037986548
4812.2			0.9525801231653269
4813.1			0.9585190784394259
4814.0			0.9685084304182363
4814.9			0.9764570213659625
4815.8			0.9883674439958061
4816.7			1.0069856413182428
4817.6			1.0205131643736873
4818.5			1.036978915932393
4819.4			1.0456916249480597
4820.3			1.023451070486815
4821.2			0.9996074721787126
4822.1			1.0
4823.0			1.0
4823.9			1.0
4824.8			1.0
4825.7			1.0
4826.6			1.0
4827.5			1.0
4828.4			1.0
4829.3			1.0
4830.2			1.0
4831.1			1.0
4832.0			1.0
4832.9			1.0
4833.8			1.024118566427382
4834.7			1.0463560378709589
4835.6			1.0467621073952211
4836.5			1.0428400117905945
4837.4			1.0
4838.3			0.9802921381463843
4839.2			0.9445699562354793
4840.1			0.9280033433552255
4841.0			0.9451137397108743
4841.9			0.962964830870231
4842.8			0.9619517365743493
4843.7			0.9744366747319392
4844.6			1.015589162460102
4845.5			1.0462738588282272
4846.4			1.0383076054120783
4847.3			0.9992891995552661
4848.2			0.9613195569903176
4849.1			0.9652524779809544
4850.0			1.0062651579759476
4850.9			1.0308089562198195
4851.8			1.030383456400943
4852.7			1.0304527185090473
4853.6			1.0013332872761491
4854.5			0.9267993124548599
4855.4			0.872746899950784
4856.3			0.8955950445949675
4857.2			0.9485746309106392
4858.1			0.9563954171943435
4859.0			0.9038418026491588
4859.9			0.8036969730524771
4860.8			0.7035935677701627
4861.7			0.7036075659313523
4862.6			0.8001995503533909
4863.5			0.8823807401442739
4864.4			0.9218561808291419
4865.3			0.9545003950591125
4866.2			0.9833283257830987
4867.1			1.0
4868.0			1.0022731915897876
4868.9			1.0158832052938855
4869.8			0.9922517070530175
4870.7			0.9119714388076346
4871.6			0.8627264354199695
4872.5			0.8917394977500327
4873.4			0.9493495655632019
4874.3			0.9877867337266126
4875.2			1.000216122079263
4876.1			1.0186926610150795
4877.0			1.0351465330752743
4877.9			1.0541608103933158
4878.8			1.1039348549123247
4879.7			1.1387652756880349
4880.6			1.098829367805125
4881.5			1.0
4882.4			1.0097634865871026
4883.3			1.0299829756724446
4884.2			0.995308352557487
4885.1			0.9359004287634263
4886.0			0.9126254322685412
4886.9			0.9340033245104638
4887.8			0.9590641482337221
4888.7			0.9588378421920682
4889.6			0.9223148983940069
4890.5			0.8617900176998601
4891.4			0.850577707930262
4892.3			0.926364903377668
4893.2			1.028844795417852
4894.1			1.096751829671775
4895.0			1.1186053179822473
4895.9			1.1150405695797612
4896.8			1.1105497586326274
4897.7			1.0992187815234893
4898.6			1.0607483912640887
4899.5			1.017459164384037
4900.4			0.9995416051379019
4901.3			1.0
4902.2			1.0
4903.1			1.0
4904.0			1.0
4904.9			1.0371768554572824
4905.8			1.0754755141722154
4906.7			1.064517736604868
4907.6			1.00715971526812
4908.5			0.9443093747752723
4909.4			0.8956044624467967
4910.3			1.0
4911.2			1.0109879446373788
4912.1			1.0488052529036402
4913.0			1.0774324990840922
4913.9			1.099874435008982
4914.8			1.124229837301446
4915.7			1.1361639153316012
4916.6			1.0991651205082247
4917.5			1.0056705017482663
4918.4			0.8938482715170957
4919.3			0.8083040795373251
4920.2			0.786320894608507
4921.1			0.8379754466550421
4922.0			0.9053858282203576
4922.9			0.9209561216444656
4923.8			0.8927550006777347
4924.7			0.8830285369270021
4925.6			0.9227678044119529
4926.5			0.9781317366950523
4927.4			1.0030282374523214
4928.3			1.0012777887475868
4929.2			1.0
4930.1			1.0059633730553785
4931.0			1.008493341173554
4931.9			0.9885916469169499
4932.8			0.9325785715629261
4933.7			0.890388364651905
4934.6			0.9120320368314
4935.5			0.9469429327800164
4936.4			0.9288045456773131
4937.3			0.8750400751011836
4938.2			0.8331712799380105
4939.1			0.8351033466190315
4940.0			0.9041982159511608
4940.9			0.9911340682944367
4941.8			1.0276640315206735
4942.7			1.0430613260288863
4943.6			1.0641369956838755
4944.5			1.0520470644371254
4945.4			1.0080945374183725
4946.3			1.0013149244662864
4947.2			1.0
4948.1			1.0
4949.0			1.0
4949.9			1.0
4950.8			1.0
4951.7			1.0
4952.6			1.0
4953.5			1.0
4954.4			1.0084577545490325
4955.3			0.9930786350755532
4956.2			0.908264575374392
4957.1			0.7965896733914095
4958.0			0.791390982260305
4958.9			0.9006108877527368
4959.8			0.9916267615657606
4960.7			1.0064292497711818
4961.6			0.9986798858893947
4962.5			1.0
4963.4			1.0
4964.3			1.0
4965.2			1.0
4966.1			1.0
4967.0			1.0
4967.9			1.0
4968.8			1.0
4969.7			1.0
4970.6			1.0
4971.5			1.0
4972.4			1.0
4973.3			1.0
4974.2			1.018584118902117
4975.1			1.0104859454588166
4976.0			0.9887386123577533
4976.9			0.960009352927369
4977.8			0.9273935790153991
4978.7			0.9151016757688376
4979.6			0.925721472546302
4980.5			0.9326717401770027
4981.4			0.9093946112768131
4982.3			0.8569588705236447
4983.2			0.8258179051010845
4984.1			0.8415801387871553
4985.0			0.8752635494042632
4985.9			0.9156167345742802
4986.8			0.9786534930369564
4987.7			1.0307562185752441
4988.6			1.0309483659735037
4989.5			1.0047149028890887
4990.4			0.9846718421218514
4991.3			0.9858962410969585
4992.2			1.0
4993.1			0.9914142008161134
4994.0			0.9886250521661551
4994.9			1.01718171687482
4995.8			1.025915256368281
4996.7			1.0060797523713634
4997.6			0.9920208088700063
4998.5			0.9839563552750942
4999.4			0.9664101795462351
5000.3			0.9482646311303414
5001.2			0.9356941403368119
5002.1			0.9398512231569938
5003.0			0.9498113501389339
5003.9			0.9279616615382462
5004.8			0.8856974338515293
5005.7			0.8479957867807123
5006.6			0.8444305847842997
5007.5			0.9045337013898933
5008.4			0.9936230300918808
5009.3			1.028700471832119
5010.2			0.9976986020778579
5011.1			0.9406528468105024
5012.0			0.8765546683636163
5012.9			0.8326705151126181
5013.8			0.8247280075374637
5014.7			0.8557204377791342
5015.6			0.9006490424548446
5016.5			0.9071824926774185
5017.4			0.86752766373513
5018.3			0.8470494860331156
5019.2			0.8832169761955653
5020.1			0.9142199156229108
5021.0			0.9035846590195943
5021.9			0.8863880562440819
5022.8			0.8958861807656735
5023.7			0.9269560995097618
5024.6			0.9477787939145326
5025.5			0.9476622075021489
5026.4			0.9219614597638658
5027.3			0.8917149049960817
5028.2			0.9065556552416598
5029.1			0.9426578569262773
5030.0			0.9499493577084841
5030.9			0.947355045649491
5031.8			1.0
5032.7			1.0576067194031
5033.6			1.0849755810853279
5034.5			1.0476365516980735
5035.4			0.9765580435889739
5036.3			0.9474162276313538
5037.2			0.9790115179823784
5038.1			0.9935581303259935
5039.0			0.9422972426935222
5039.9			0.8511702768990654
5040.8			0.7887967748730544
5041.7			0.8297025977145644
5042.6			0.951294909996618
5043.5			1.0571997367599273
5044.4			1.1168743629733284
5045.3			1.1591553182138894
5046.2			1.1795958868073575
5047.1			1.1416441250280087
5048.0			1.0514373958234755
5048.9			1.0015451393227037
5049.8			1.0
5050.7			1.0
5051.6			1.0
5052.5			1.0
5053.4			1.0
5054.3			1.0
5055.2			1.0
5056.1			1.0
5057.0			1.0
5057.9			1.0
5058.8			1.0
5059.7			1.0117268937002966
5060.6			1.0371245888224232
5061.5			1.0620172155753913
5062.4			1.0599080811125308
5063.3			1.010273391156102
5064.2			0.9296847929078227
5065.1			0.8994215867149962
5066.0			0.9386777733978713
5066.9			0.9626337496349108
5067.8			0.9431489158082792
5068.7			0.9436018523610274
5069.6			0.9781749492076983
5070.5			0.9998182593546031
5071.4			1.0
5072.3			1.0
5073.2			1.0
5074.1			1.0121349357683946
5075.0			1.0145322745769418
5075.9			1.0177340622792055
5076.8			1.0347344551659203
5077.7			1.0270982578178944
5078.6			0.9457596913123326
5079.5			0.848366634295875
5080.4			0.8398991708870026
5081.3			0.9025047373577952
5082.2			0.9531592925458198
5083.1			0.9705893270888876
5084.0			0.9849609206760108
5084.9			1.0041629045012046
5085.8			1.0136025137484084
5086.7			0.9993087835845713
5087.6			1.0
5088.5			1.0
5089.4			1.0
5090.3			1.0
5091.2			1.0
5092.1			1.0
5093.0			1.0
5093.9			1.0032787920081114
5094.8			0.9899992889321745
5095.7			0.9695719808563187
5096.6			0.9331999203273695
5097.5			0.8800213696448905
5098.4			0.8426940863502298
5099.3			1.0
5100.2			1.065332471806271
5101.1			1.1260096355603557
5102.0			1.1356219297676364
5102.9			1.110309144867421
5103.8			1.0788529090979524
5104.7			1.063142776854838
5105.6			1.050629926871331
5106.5			1.0091487235484662
5107.4			0.9598501322626752
5108.3			0.9475085361021056
5109.2			0.9547259269332551
5110.1			1.0
5111.0			1.0175525679981956
5111.9			1.052802226906972
5112.8			1.070792302231072
5113.7			1.0703650904473692
5114.6			1.06203689666514
5115.5			1.06399731002178
5116.4			1.0918675904714248
5117.3			1.110946033271435
5118.2			1.1036831010532515
5119.1			1.0840271862706796
5120.0			1.0503498250821395
5120.9			1.0192056718856852
5121.8			0.9970794148195374
5122.7			1.0
5123.6			0.9629509526565007
5124.5			0.9655121457027168
5125.4			0.9743886036670917
5126.3			0.9750651251331564
5127.2			0.9805068124516602
5128.1			0.988933195655328
5129.0			0.9885063235312951
5129.9			0.9972869843288951
5130.8			1.029092657793247
5131.7			1.0482879578608084
5132.6			1.0410718788368327
5133.5			1.038570169689073
5134.4			1.0575665510959034
5135.3			1.0709296686010659
5136.2			1.04113995926414
5137.1			0.9900814893293293
5138.0			0.9571820903865254
5138.9			0.942297747725511
5139.8			0.9535155470380509
5140.7			0.9688409900864692
5141.6			0.9435980705690118
5142.5			0.9184184556594669
5143.4			0.9486465847849823
5144.3			0.9929286455806355
5145.2			0.992365962442686
5146.1			0.9570866843480207
5147.0			0.9217486332545445
5147.9			0.9151152126131133
5148.8			0.9457711264570356
5149.7			0.963147708156384
5150.6			0.9387536515866316
5151.5			0.9165644391708336
5152.4			0.9187819949905562
5153.3			0.9249050485654626
5154.2			0.9345948148254152
5155.1			0.9589582944124322
5156.0			0.9881332144010561
5156.9			1.0
5157.8			1.0158491407762962
5158.7			1.017565467493632
5159.6			1.014235349394115
5160.5			1.015988703072373
5161.4			1.002465992757769
5162.3			0.9709747015976609
5163.2			0.9391483340063964
5164.1			0.903558651688979
5165.0			0.8512528680495638
5165.9			0.7718344556473627
5166.8			0.6758695424457166
5167.7			0.6304761546644961
5168.6			0.6970471981229551
5169.5			0.8218929643350765
5170.4			0.8637608446409524
5171.3			0.762944800332942
5172.2			0.6376828695874057
5173.1			0.6552696276478388
5174.0			0.8088073556892054
5174.9			0.9404897053343949
5175.8			0.9751990726256277
5176.7			0.9773421910749887
5177.6			1.0000314066701501
5178.5			1.0
5179.4			0.9857351254623257
5180.3			0.9745624038905065
5181.2			0.947529357861582
5182.1			0.8340300917852234
5183.0			0.6740146947836367
5183.9			0.6309116359725253
5184.8			0.7589137372414013
5185.7			0.9297816107772899
5186.6			1.0206519015317608
5187.5			1.0204163380729936
5188.4			1.0009189380996633
5189.3			1.0
5190.2			1.0
5191.1			1.0
5192.0			1.0
5192.9			1.0
5193.8			1.0
5194.7			1.0
5195.6			1.0
5196.5			1.0
5197.4			1.0
5198.3			1.0215897890807344
5199.2			1.0455804603221088
5200.1			1.0595174898970128
5201.0			1.0523537624574624
5201.9			1.0395916403076508
5202.8			1.024378665469952
5203.7			0.9822078687264942
5204.6			0.9152923459712042
5205.5			0.8717534738759279
5206.4			0.8712187403387255
5207.3			0.8767312676085885
5208.2			0.8685573114173925
5209.1			0.8724884174409249
5210.0			0.8965083497747208
5210.9			0.9351180212444172
5211.8			1.0
5212.7			1.0236265312528532
5213.6			1.010403705675523
5214.5			0.9669155599001634
5215.4			0.9088326315490824
5216.3			0.8862703441459571
5217.2			0.9172572614602658
5218.1			0.966310194803929
5219.0			0.9965817812126367
5219.9			0.9989253585572456
5220.8			1.0
5221.7			1.0
5222.6			0.9896215965068997
5223.5			0.9516907176435174
5224.4			0.9027447517656247
5225.3			0.8440210926256508
5226.2			0.7826800078326932
5227.1			0.7841045486817882
5228.0			0.8779461722702662
5228.9			0.9710375630097561
5229.8			0.9990544496885336
5230.7			1.0064331135249533
5231.6			0.9990092481501573
5232.5			1.0
5233.4			1.0
5234.3			1.0
5235.2			1.0
5236.1			1.0
5237.0			1.0
5237.9			1.0
5238.8			1.0
5239.7			1.0
5240.6			1.0
5241.5			1.0
5242.4			1.0
5243.3			1.0
5244.2			1.0447856524678965
5245.1			1.0588455121290268
5246.0			1.0181052789579887
5246.9			0.9637246772051086
5247.8			0.960557724658796
5248.7			0.9877589886775248
5249.6			0.9889277375610313
5250.5			0.986688228620058
5251.4			1.019793947976039
5252.3			1.0647184651269828
5253.2			1.0
5254.1			0.9629914807636272
5255.0			0.9238686228107696
5255.9			0.9551661007586061
5256.8			1.041611424603973
5257.7			1.0973100549934336
5258.6			1.1042062963551718
5259.5			1.0857585373821184
5260.4			1.038722924711036
5261.3			0.9764232399455854
5262.2			0.9138639381839938
5263.1			0.8536532404681922
5264.0			0.8104463664967188
5264.9			0.7800983636535319
5265.8			0.7767126486108636
5266.7			0.8413400458769351
5267.6			0.9076943376640982
5268.5			0.8542600237532537
5269.4			0.7430804485904566
5270.3			0.7496122339634443
5271.2			0.8705713115757019
5272.1			0.9583709247541474
5273.0			0.9577173246661546
5273.9			0.9221580435916515
5274.8			0.8954779397541979
5275.7			0.9056819967828312
5276.6			0.9677220389224807
5277.5			1.0
5278.4			1.0350178168829036
5279.3			1.0152257319756766
5280.2			0.9709402632957991
5281.1			0.9296034243667431
5282.0			0.8977946196414167
5282.9			0.8737281082338665
5283.8			0.8736728659182994
5284.7			0.9171110159676541
5285.6			0.979497717205323
5286.5			1.0150010230143738
5287.4			1.0042890611224966
5288.3			1.0
5289.2			1.0
5290.1			1.0280478064494896
5291.0			1.0434636638133072
5291.9			1.0209243933276821
5292.8			0.9806913047198312
5293.7			0.9685708382615933
5294.6			0.9776402045032813
5295.5			0.9593965456638518
5296.4			0.8999111976933534
5297.3			0.8364622081780296
5298.2			0.8235600696439845
5299.1			0.8708694188131115
5300.0			0.9182603751133153
5300.9			0.9207121475434877
5301.8			0.9094019534936771
5302.7			0.9354187081827399
5303.6			0.985862307436886
5304.5			1.0173335846962304
5305.4			1.0187953480358083
5306.3			1.0000633772972567
5307.2			1.0
5308.1			1.0
5309.0			1.0
5309.9			1.0
5310.8			1.0
5311.7			1.0
5312.6			1.0
5313.5			1.0
5314.4			1.0
5315.3			1.0
5316.2			1.0
5317.1			1.0
5318.0			1.0231403393100782
5318.9			1.0424498131304978
5319.8			1.0511142380460234
5320.7			1.0512374873124564
5321.6			1.047257027750329
5322.5			1.0300802290820823
5323.4			0.9854958294325908
5324.3			0.9519376262595752
5325.2			0.9653799340861758
5326.1			0.9751815116527772
5327.0			0.8997529983069064
5327.9			0.7866833666968981
5328.8			0.7792684507524332
5329.7			0.8864569395630936
5330.6			0.9891580684750632
5331.5			1.0155683766044652
5332.4			0.9928767863137996
5333.3			0.9957459877292889
5334.2			1.0416612436756714
5335.1			1.0826804245053123
5336.0			1.0
5336.9			0.9831049401816498
5337.8			0.9818661739581191
5338.7			0.9677124515980055
5339.6			0.918145706133524
5340.5			0.8805654352568788
5341.4			0.9015216350817967
5342.3			0.9580643064406235
5343.2			1.0
5344.1			0.9985836573917098
5345.0			0.969282901255112
5345.9			0.9471401938692371
5346.8			0.9485007554642567
5347.7			0.9439884032956266
5348.6			0.9117631913101236
5349.5			0.8927171295582813
5350.4			0.9240055610212741
5351.3			0.9648042034685103
5352.2			0.9691438019832709
5353.1			0.9598408028395354
5354.0			0.9752946734164318
5354.9			1.0007927299446076
5355.8			1.0
5356.7			1.0
5357.6			1.0
5358.5			1.0
5359.4			1.0
5360.3			1.0
5361.2			1.0
5362.1			1.0
5363.0			1.0
5363.9			1.0
5364.8			1.0
5365.7			0.9835793530375144
5366.6			0.9848646106701057
5367.5			0.9884391917041969
5368.4			0.9766680758937414
5369.3			0.9366404506801862
5370.2			0.8765081402849242
5371.1			0.8432562075842067
5372.0			0.8787202780192069
5372.9			0.9513316255150503
5373.8			1.003222906677231
5374.7			1.019419604390016
5375.6			1.0184429726202595
5376.5			0.9982838343782803
5377.4			1.0
5378.3			1.0
5379.2			1.0
5380.1			1.0
5381.0			1.0
5381.9			1.0039929275024797
5382.8			1.00721154940525
5383.7			1.0171525441689928
5384.6			1.0374910982112977
5385.5			1.0398868166813864
5386.4			1.0299910442719273
5387.3			1.0255305754721655
5388.2			1.0128378067459127
5389.1			0.989445538185479
5390.0			0.9744972929973517
5390.9			0.9700149665245438
5391.8			0.9692115531425907
5392.7			0.9637720072941869
5393.6			0.9591081656665992
5394.5			0.9692697352200087
5395.4			0.9653043084318945
5396.3			0.9193428960953157
5397.2			0.8885641436579688
5398.1			0.9288131499635389
5399.0			0.9797745006495047
5399.9			0.9908104367164322
5400.8			0.9966041658279357
5401.7			1.0219744796752441
5402.6			1.0170833260448633
5403.5			0.950063434954348
5404.4			0.8714902961283828
5405.3			0.839132821143015
5406.2			0.8694475381481297
5407.1			0.9412529071335273
5408.0			0.9917842921843733
5408.9			0.9733379010195399
5409.8			0.9360806177354561
5410.7			0.9589705833429067
5411.6			1.0253659929294623
5412.5			1.0650734055807798
5413.4			1.053385218554164
5414.3			1.0325823437679362
5415.2			1.038769628540864
5416.1			1.0658317273904918
5417.0			1.0948234747013235
5417.9			1.0962409761661143
5418.8			1.065902820261499
5419.7			1.0
5420.6			0.9786939089086423
5421.5			0.9983901218545913
5422.4			1.0175186210065155
5423.3			0.9818112836639967
5424.2			0.9398926402343517
5425.1			0.9679262787699552
5426.0			1.0357749022232607
5426.9			1.066535573843532
5427.8			1.0175626883407582
5428.7			0.9218174511108731
5429.6			0.8790103816065581
5430.5			0.9224452748875843
5431.4			0.9621692527811978
5432.3			0.9419227084079618
5433.2			0.9051498649664604
5434.1			0.8829976529436717
5435.0			0.8751480988203619
5435.9			0.885725374742896
5436.8			0.9198996890926049
5437.7			0.966682314560388
5438.6			1.0034230451530093
5439.5			1.0
5440.4			1.0
5441.3			1.0
5442.2			1.0
5443.1			0.988802501528642
5444.0			0.9685117422997779
5444.9			0.9262243164576189
5445.8			0.8628226837341932
5446.7			0.8392544359901905
5447.6			0.8941820584539344
5448.5			0.9670499662691959
5449.4			1.0026084438968397
5450.3			1.0000150895196094
5451.2			1.0
5452.1			0.9913019336229228
5453.0			0.9760159613886432
5453.9			0.9313160707696891
5454.8			0.8766344015665758
5455.7			0.8661599763494623
5456.6			0.9160806080549185
5457.5			0.9782249747414786
5458.4			1.00646959331635
5459.3			0.9999539042703186
5460.2			1.0
5461.1			1.0
5462.0			0.9541643944538655
5462.9			0.9253525844831887
5463.8			0.9526343232759338
5464.7			1.0040415607777666
5465.6			1.0203692316235695
5466.5			1.0079584438080718
5467.4			1.0129730618412998
5468.3			1.0275610423132764
5469.2			1.0130193212267589
5470.1			0.9863749701244233
5471.0			0.9836036296150527
5471.9			0.9819308334896625
5472.8			0.9637665350610374
5473.7			0.9555984945069491
5474.6			0.9553073479676628
5475.5			0.9161567197606529
5476.4			0.8597418871190896
5477.3			0.8736197852797435
5478.2			0.9522982809943024
5479.1			1.0021050625418921
5480.0			0.976869506375925
5480.9			0.9234787563919173
5481.8			0.9091692519090067
5482.7			1.0
5483.6			1.0403509643016846
5484.5			1.0772771931242795
5485.4			1.088128439525173
5486.3			1.0465071157221562
5487.2			0.9842792499713033
5488.1			0.968215200639135
5489.0			0.990562250416848
5489.9			1.0115870151090647
5490.8			1.0256693007775148
5491.7			1.0268715604922363
5492.6			1.0007884919813732
5493.5			1.0
5494.4			1.0
5495.3			1.0
5496.2			0.9828062777008663
5497.1			0.9579468991266961
5498.0			0.9822828012714897
5498.9			1.0303230477431875
5499.8			1.041014349925907
5500.7			1.0021011507279904
5501.6			0.963670305670773
5502.5			0.9695847953488292
5503.4			0.9985052288920655
5504.3			1.0069679262530835
5505.2			0.981411524519367
5506.1			0.9579126889461005
5507.0			0.9777611500349076
5507.9			1.0160145641344676
5508.8			1.0252325628091732
5509.7			1.0140950599751593
5510.6			1.0020894890760221
5511.5			0.9803523908364037
5512.4			0.9576012353561623
5513.3			0.9621098034442532
5514.2			0.9954119574742716
5515.1			1.0222654501602728
5516.0			1.0225958844509442
5516.9			1.0276393763127956
5517.8			1.062799478393597
5518.7			1.094481828765094
5519.6			1.096857855151216
5520.5			1.0844064817582528
5521.4			1.0
5522.3			0.9990217181128792
5523.2			1.0012505166771797
5524.1			0.9980062753119977
5525.0			0.9887838627183778
5525.9			0.9780928903789904
5526.8			0.9521694061711983
5527.7			0.9197001460888605
5528.6			0.9250922373108513
5529.5			0.9746359652353156
5530.4			1.019170023965647
5531.3			1.0272504046672062
5532.2			1.0149242331672286
5533.1			0.9995264444912748
5534.0			1.0
5534.9			1.0
5535.8			1.0
5536.7			1.0
5537.6			1.0
5538.5			1.0
5539.4			1.0
5540.3			1.0
5541.2			1.0
5542.1			1.0
5543.0			1.0
5543.9			1.0
5544.8			1.0
5545.7			1.0
5546.6			1.0
5547.5			1.0
5548.4			1.0
5549.3			1.0
5550.200000000001			1.0
5551.1			1.0
5552.0			1.0
5552.9			1.0
5553.8			1.0
5554.700000000001			1.0
5555.6			1.0
5556.5			1.0
5557.4			1.0
5558.3			1.0
5559.200000000001			1.0
5560.1			1.0
5561.0			1.0
5561.9			1.0
5562.8			1.0
5563.700000000001			1.0
5564.6			1.0
5565.5			1.0
5566.4			1.0
5567.3			1.0
5568.200000000001			1.0
5569.1			1.0
5570.0			1.0
5570.9			1.0
5571.8			1.0
5572.700000000001			1.0
5573.6			1.0295266892671526
5574.5			1.0657281049882683
5575.4			1.0598319163767171
5576.3			1.051998839550864
5577.200000000001			1.0615678646157876
5578.1			1.062999255298365
5579.0			1.058675508912389
5579.9			1.0658276908180395
5580.8			1.0698353362389275
5581.700000000001			1.05780427238625
5582.6			1.0526492076420784
5583.5			1.0611369617229673
5584.4			1.048125692597008
5585.3			1.0066994946793646
5586.200000000001			0.9578566698154489
5587.1			0.9267082896501155
5588.0			0.9282367310683214
5588.9			0.9582473437661575
5589.8			0.9978120468120372
5590.700000000001			1.0317537472537406
5591.6			1.0455443991523907
5592.5			1.031839657697793
5593.4			1.0027474397020488
5594.3			0.9958454730299067
5595.200000000001			1.0463690832875066
5596.1			1.0
5597.0			0.9941936460057494
5597.9			0.9534876410282156
5598.8			0.9307433050148228
5599.700000000001			0.9210160126456072
5600.6			0.8988097064998073
5601.5			0.8643680328453406
5602.4			0.8516436343347182
5603.3			0.8972979304489302
5604.200000000001			0.9672171623924278
5605.1			1.000617921870332
5606.0			1.0060383148671845
5606.9			1.0046995495121183
5607.8			1.0
5608.700000000001			0.9987029112292966
5609.6			0.9952878567462476
5610.5			0.9973639440837682
5611.4			1.0122432835299158
5612.3			1.02478369995014
5613.200000000001			0.9983975368126526
5614.1			0.9157615138021469
5615.0			0.8410236712780103
5615.9			0.856258843809004
5616.8			0.9284712320505492
5617.700000000001			0.9673307021945005
5618.6			0.9604918506543458
5619.5			1.0
5620.4			1.0124771650985604
5621.3			1.032258974687989
5622.200000000001			1.020953733012223
5623.1			0.9681446595204855
5624.0			0.9102987784945265
5624.9			0.8962042598581437
5625.8			0.9250126774320538
5626.700000000001			0.9490592671807923
5627.6			0.9573466446784638
5628.5			0.9738643120012033
5629.4			0.998808920197821
5630.3			1.0
5631.200000000001			1.0
5632.1			1.0
5633.0			1.0
5633.9			1.0
5634.8			1.0
5635.700000000001			1.0
5636.6			1.0
5637.5			1.0
5638.4			1.0
5639.3			1.013988539675241
5640.200000000001			0.9956023581253512
5641.1			0.9713275793245096
5642.0			0.9715163273790005
5642.9			0.9778967307397082
5643.8			0.9754576007433263
5644.700000000001			0.975056030788429
5645.6			0.9859318329834
5646.5			1.0064960895880801
5647.4			1.0234752118650963
5648.3			1.0156962242385787
5649.200000000001			0.985208331373729
5650.1			0.9722246287978635
5651.0			0.9897096579318909
5651.9			1.005618881179332
5652.8			0.9916294501417603
5653.700000000001			0.9535629729087178
5654.6			0.9348196319508326
5655.5			0.9616061440041506
5656.4			0.9755542929632286
5657.3			0.9152765534807429
5658.200000000001			0.8463277638734888
5659.1			0.8665960092920629
5660.0			0.9375535828263862
5660.9			0.9573205837313584
5661.8			0.9240210205687578
5662.700000000001			0.9063839886591906
5663.6			0.9276202004418918
5664.5			0.9542228764400239
5665.4			0.9565493827839185
5666.3			0.9456324613854865
5667.200000000001			0.943736438760267
5668.1			0.9444784546594912
5669.0			0.9342056688577646
5669.9			0.9227198220308529
5670.8			0.9321846148026527
5671.700000000001			0.9627185006093447
5672.6			0.9913462650048667
5673.5			0.9955522036455895
5674.4			0.9766361300196236
5675.3			0.9660102790270456
5676.200000000001			0.9836438896299086
5677.1			0.9997493847799643
5678.0			1.0
5678.9			1.0
5679.8			1.0
5680.700000000001			1.0
5681.6			1.0
5682.5			1.0
5683.4			1.0
5684.3			1.0
5685.200000000001			1.0
5686.1			1.0
5687.0			1.0
5687.9			1.0
5688.8			1.0
5689.700000000001			1.0
5690.6			1.0
5691.5			1.0109660930690596
5692.4			1.018407951722874
5693.3			1.0087271711881012
5694.200000000001			0.9968661474687409
5695.1			1.0051922839013465
5696.0			1.0177709000422117
5696.9			1.01067880846669
5697.8			0.9891952278688336
5698.700000000001			0.9770612119285507
5699.6			0.968823699187301
5700.5			0.9488598864343386
5701.4			0.9339550106562613
5702.3			0.9417070406095015
5703.200000000001			0.9676535374645937
5704.1			0.9822285314975179
5705.0			0.9627631962141417
5705.9			0.9276480480014332
5706.8			0.9050060315071469
5707.700000000001			0.8859786986852025
5708.6			0.8712433145507532
5709.5			0.8771756591600287
5710.4			0.8869088487698106
5711.3			0.8885055919797328
5712.200000000001			0.9097925849469617
5713.1			0.9452629368577117
5714.0			0.9602778981218707
5714.9			0.9678396927930045
5715.8			0.9836725128761781
5716.700000000001			0.9887720041046385
5717.6			0.9857733087000785
5718.5			0.9944220811362926
5719.4			1.006270860928059
5720.3			1.0052399242909094
5721.200000000001			0.9957973230235063
5722.1			0.9925494029953241
5723.0			1.004271314184383
5723.9			1.0147236478148685
5724.8			1.0155815038037281
5725.700000000001			1.0002853597909316
5726.6			1.0
5727.5			1.0
5728.4			1.0
5729.3			1.0
5730.200000000001			1.0
5731.1			1.0
5732.0			1.0
5732.9			1.0
5733.8			1.0
5734.700000000001			1.0
5735.6			1.0
5736.5			1.0
5737.4			1.0
5738.3			1.0
5739.200000000001			1.0
5740.1			1.0
5741.0			1.0
5741.9			1.0
5742.8			1.0
5743.700000000001			1.0
5744.6			1.0
5745.5			1.0
5746.4			1.0
5747.3			1.0
5748.200000000001			1.0
5749.1			1.0
5750.0			1.0218578353424717
5750.9			1.0206137171202263
5751.8			0.9831202535320416
5752.700000000001			0.9312453333607736
5753.6			0.9020195321287313
5754.5			0.9156125118536518
5755.4			0.9591148984022823
5756.3			0.9958929904282348
5757.200000000001			1.0
5758.1			0.9929606665739045
5759.0			0.9762468088832245
5759.9			0.9573412167650164
5760.8			0.9365404264374425
5761.700000000001			0.9110096452285592
5762.6			0.8982167204428462
5763.5			0.927061027749557
5764.4			0.9839503684452059
5765.3			1.0134187564099857
5766.200000000001			1.0049026763808997
5767.1			0.9999981744338641
5768.0			1.0
5768.9			1.0
5769.8			1.0
5770.700000000001			1.0
5771.6			1.0
5772.5			0.9936135569993183
5773.4			0.9889397552485023
5774.3			0.9866817678402489
5775.200000000001			0.9986846630471282
5776.1			1.0122953469468912
5777.0			1.014766857938971
5777.9			1.0157335840416375
5778.8			1.0018491726245378
5779.700000000001			0.9416974361491406
5780.6			0.8614794028767144
5781.5			0.839868371342954
5782.4			0.8848402843130649
5783.3			0.9230633865205681
5784.200000000001			0.9121855115949089
5785.1			0.9028709483988109
5786.0			0.9386005098529155
5786.9			0.9794509995904087
5787.8			1.002795587948843
5788.700000000001			1.0237463455739968
5789.6			1.020016572155842
5790.5			1.0018788471028777
5791.4			1.0
5792.3			1.0
5793.200000000001			1.0
5794.1			1.0
5795.0			1.0
5795.9			1.0
5796.8			1.0
5797.700000000001			1.0
5798.6			1.0
5799.5			1.0
5800.4			1.0
5801.3			1.0
5802.200000000001			1.0
5803.1			1.0
5804.0			1.0
5804.9			1.0
5805.8			1.0
5806.700000000001			1.0
5807.6			1.0
5808.5			1.0
5809.4			1.0
5810.3			1.0
5811.200000000001			1.0
5812.1			1.0
5813.0			1.0
5813.9			1.0
5814.8			1.0
5815.700000000001			1.0
5816.6			1.0
5817.5			1.0
5818.4			1.0
5819.3			1.0
5820.200000000001			1.0
5821.1			1.0
5822.0			1.0
5822.9			1.0
5823.8			1.0
5824.700000000001			1.0
5825.6			1.0
5826.5			1.0
5827.4			1.0
5828.3			1.0
5829.200000000001			1.0
5830.1			1.0
5831.0			1.0
5831.9			1.0
5832.8			1.0
5833.700000000001			1.0
5834.6			1.0
5835.5			1.0
5836.4			1.0
5837.3			1.0
5838.200000000001			1.0
5839.1			1.0
5840.0			1.0
5840.9			1.0
5841.8			1.0
5842.700000000001			1.0
5843.6			1.0
5844.5			1.0
5845.4			1.0
5846.3			1.0
5847.200000000001			1.0
5848.1			1.0
5849.0			1.0
5849.9			1.0050294150036279
5850.8			1.0008403512696529
5851.700000000001			0.9906215506468851
5852.6			0.9735159567970785
5853.5			0.9610667627637062
5854.4			0.9687367347769397
5855.3			0.9775429100441277
5856.200000000001			0.9586157445659446
5857.1			0.9272494104793432
5858.0			0.9239224666081135
5858.9			0.9478409653033942
5859.8			0.9829144867102493
5860.700000000001			1.0112532710095525
5861.6			1.0112388290534777
5862.5			1.0035738168463224
5863.4			1.0178405936260642
5864.3			1.0341763314424708
5865.200000000001			1.0250212634885003
5866.1			0.9989519591325692
5867.0			1.0
5867.9			1.0
5868.8			1.0
5869.700000000001			1.0
5870.6			1.0
5871.5			1.0
5872.4			1.0
5873.3			1.0
5874.200000000001			1.0
5875.1			1.0
5876.0			1.0
5876.9			1.0
5877.8			1.0
5878.700000000001			1.0
5879.6			1.0
5880.5			1.0
5881.4			1.0
5882.3			1.0
5883.200000000001			1.0
5884.1			1.0
5885.0			1.0
5885.9			1.0
5886.8			1.006190309878075
5887.700000000001			0.9565998206937737
5888.6			0.8040218899516316
5889.5			0.6111895160810049
5890.4			0.5602907206759389
5891.3			0.7111078232925705
5892.200000000001			0.9065381185282317
5893.1			1.0096248557684329
5894.0			0.9922626786657801
5894.9			1.0
5895.8			1.0
5896.700000000001			1.0
5897.6			1.0
5898.5			1.0
5899.4			1.0
5900.3			1.0
5901.200000000001			1.0
5902.1			1.0
5903.0			1.0
5903.9			1.0
5904.8			1.0
5905.700000000001			1.0
5906.6			1.0
5907.5			1.0
5908.4			1.0
5909.3			1.0
5910.200000000001			1.0
5911.1			1.0
5912.0			1.0
5912.9			1.0
5913.8			1.0
5914.700000000001			1.0
5915.6			1.0
5916.5			1.0
5917.4			1.0
5918.3			1.0
5919.200000000001			1.0
5920.1			1.0
5921.0			1.0
5921.9			1.0
5922.8			1.0
5923.700000000001			1.0
5924.6			1.0
5925.5			1.0
5926.4			1.0
5927.3			1.0
5928.200000000001			1.0
5929.1			1.0
5930.0			1.0
5930.9			1.0
5931.8			1.0
5932.700000000001			1.0
5933.6			1.0
5934.5			1.0
5935.4			1.0
5936.3			1.0
5937.200000000001			1.0
5938.1			1.0
5939.0			1.0
5939.9			1.0
5940.8			1.0
5941.700000000001			1.0
5942.6			1.0
5943.5			1.0
5944.4			1.0
5945.3			1.0
5946.200000000001			1.0
5947.1			1.0
5948.0			1.0
5948.9			1.0
5949.8			1.0
5950.700000000001			1.0
5951.6			1.0
5952.5			1.0
5953.4			1.0
5954.3			1.0
5955.200000000001			1.0
5956.1			1.0
5957.0			1.0
5957.9			1.0
5958.8			1.0
5959.700000000001			1.0
5960.6			1.0
5961.5			1.0
5962.4			1.0
5963.3			1.0
5964.200000000001			1.0
5965.1			1.0
5966.0			1.0
5966.9			1.0
5967.8			1.0
5968.700000000001			1.0
5969.6			1.0
5970.5			1.0
5971.4			1.0
5972.3			1.0
5973.200000000001			1.0
5974.1			1.0
5975.0			1.0
5975.9			1.0
5976.8			1.0
5977.700000000001			1.0
5978.6			1.0
5979.5			1.0
5980.4			1.0
5981.3			1.0
5982.200000000001			1.0
5983.1			1.0
5984.0			1.0
5984.9			1.0
5985.8			1.0
5986.700000000001			1.0
5987.6			1.0
5988.5			1.0
5989.4			1.0
5990.3			1.0
5991.200000000001			1.0
5992.1			1.0
5993.0			1.0
5993.9			1.0
5994.8			1.0
5995.700000000001			1.0
5996.6			1.0
5997.5			1.0
5998.4			1.0
5999.3			1.0
6000.200000000001			1.0223863530093462
6001.1			1.0153407878312548
6002.0			0.9878851518723402
6002.9			0.9756164541497463
6003.8			0.9858244475194474
6004.700000000001			0.9973770795026339
6005.6			0.9939222510917939
6006.5			0.9665734720928449
6007.4			0.925561008044473
6008.3			0.9235420702512769
6009.200000000001			0.9839733485741148
6010.1			1.0406564894013057
6011.0			1.0306931808445532
6011.9			0.9849806417133629
6012.8			0.9650612346809467
6013.700000000001			0.9839592924838002
6014.6			1.0085413477129226
6015.5			1.0056958055159415
6016.4			1.0016785076832622
6017.3			1.0
6018.200000000001			1.0
6019.1			1.0
6020.0			1.0
6020.9			1.0
6021.8			1.0
6022.700000000001			1.0
6023.6			1.0
6024.5			1.0
6025.4			1.0
6026.3			1.0
6027.200000000001			1.0
6028.1			1.0
6029.0			1.0
6029.9			1.0
6030.8			1.0
6031.700000000001			1.0
6032.6			1.0
6033.5			1.0
6034.4			1.0
6035.3			1.0
6036.200000000001			1.0
6037.1			1.0
6038.0			1.0
6038.9			1.0
6039.8			1.0
6040.700000000001			1.0
6041.6			1.0
6042.5			1.0
6043.4			1.0
6044.3			1.0
6045.200000000001			1.0
6046.1			1.0
6047.0			1.0
6047.9			1.0
6048.8			1.0
6049.700000000001			1.0
6050.6			1.0
6051.5			1.0
6052.4			1.0
6053.3			1.0
6054.200000000001			1.0
6055.1			1.0
6056.0			1.0
6056.9			1.0
6057.8			1.0
6058.700000000001			1.0
6059.6			1.0
6060.5			1.0
6061.4			1.0
6062.3			1.0
6063.200000000001			1.0
6064.1			1.0
6065.0			1.0
6065.9			1.0
6066.8			1.0
6067.700000000001			1.0
6068.6			1.0
6069.5			1.0
6070.4			1.0
6071.3			1.0
6072.200000000001			1.0
6073.1			1.0
6074.0			1.0
6074.9			1.0
6075.8			1.0
6076.700000000001			1.0
6077.6			1.0
6078.5			1.0
6079.4			1.0
6080.3			1.0
6081.200000000001			1.0
6082.1			1.0
6083.0			1.0
6083.9			1.0
6084.8			1.0
6085.700000000001			1.0
6086.6			1.0
6087.5			1.0
6088.4			1.0
6089.3			1.0
6090.200000000001			1.0
6091.1			1.0
6092.0			1.0
6092.9			1.0
6093.8			1.0
6094.700000000001			1.0
6095.6			1.0
6096.5			1.0
6097.4			1.0
6098.3			1.0
6099.200000000001			1.0149085765304755
6100.1			1.022333374175435
6101.0			0.9893248670198227
6101.9			0.9262479716920796
6102.8			0.911101717642407
6103.700000000001			0.9687170290933479
6104.6			1.0195811480339954
6105.5			1.019937990386282
6106.4			1.0010566963429866
6107.3			1.0
6108.200000000001			1.0
6109.1			1.0
6110.0			1.0
6110.9			1.0
6111.8			1.0
6112.700000000001			1.0
6113.6			1.0
6114.5			1.0
6115.4			1.0
6116.3			1.0
6117.200000000001			1.0
6118.1			1.0
6119.0			1.0
6119.9			1.0
6120.8			1.0
6121.700000000001			1.0
6122.6			1.0
6123.5			1.0
6124.4			1.0
6125.3			1.0
6126.200000000001			1.0
6127.1			1.0
6128.0			1.0
6128.9			1.0
6129.8			1.0
6130.700000000001			1.0
6131.6			1.0
6132.5			1.0
6133.4			1.009840023167165
6134.3			0.9946149463941703
6135.200000000001			0.9402558112936915
6136.1			0.8656648828495351
6137.0			0.8380076268919077
6137.9			0.9016587846681476
6138.8			0.9982102235593068
6139.700000000001			1.0339869912359496
6140.6			1.000150302955219
6141.5			1.0
6142.4			1.0
6143.3			1.0
6144.200000000001			1.0
6145.1			1.0
6146.0			1.0
6146.9			1.0
6147.8			1.0
6148.700000000001			1.0
6149.6			1.0
6150.5			1.0
6151.4			1.0
6152.3			1.0
6153.200000000001			1.0
6154.1			1.0
6155.0			1.0
6155.9			1.02205352539668
6156.8			1.0344864570770231
6157.700000000001			1.0366520557197159
6158.6			1.0474221736257578
6159.5			1.0437377511629464
6160.4			0.9925839098507617
6161.3			0.9223528384278311
6162.200000000001			0.9005754233590415
6163.1			0.9414547855893731
6164.0			0.9929064814804385
6164.9			1.0122612547501606
6165.8			1.0238660235934403
6166.700000000001			1.0494765849708334
6167.6			1.0497169665327168
6168.5			1.0028797577324846
6169.4			1.0
6170.3			1.0
6171.200000000001			1.0
6172.1			1.0
6173.0			1.0
6173.9			1.0
6174.8			1.0
6175.700000000001			1.0
6176.6			1.0
6177.5			1.0
6178.4			1.0
6179.3			1.0
6180.200000000001			1.0
6181.1			1.0
6182.0			1.0
6182.9			1.0
6183.8			1.0
6184.700000000001			0.9920851104164342
6185.6			0.9709112807168008
6186.5			0.9475515042317774
6187.4			0.9395325798743601
6188.3			0.9507616173173642
6189.200000000001			0.9604390430380082
6190.1			0.9277860794415369
6191.0			0.8822721892998414
6191.9			0.9043486421214539
6192.8			0.9679663267348377
6193.700000000001			0.9919680570393105
6194.6			0.9842632206485085
6195.5			0.99222425174322
6196.4			1.0085392320329065
6197.3			1.0003462307316686
6198.200000000001			1.0
6199.1			1.0
6200.0			1.0
6200.9			1.0
6201.8			1.0
6202.700000000001			1.0
6203.6			1.0
6204.5			1.0
6205.4			1.0162196925894016
6206.3			1.0267912498263072
6207.200000000001			1.0264567001444345
6208.1			1.0213811994966802
6209.0			1.0181248570372334
6209.9			1.0204974811813818
6210.8			1.01950962340436
6211.700000000001			0.9990915355735209
6212.6			0.9561418776117951
6213.5			0.9178835902595717
6214.4			0.9070201416093282
6215.3			0.9180844197596932
6216.200000000001			0.9471633229888061
6217.1			0.972705074209238
6218.0			0.9619159560647054
6218.9			0.9279466438041509
6219.8			0.9145480174338294
6220.700000000001			0.9362807494783701
6221.6			0.9778592950781388
6222.5			1.0041706320611
6223.4			1.0001853613862222
6224.3			1.0
6225.200000000001			1.0020871211591476
6226.1			0.9957633401599536
6227.0			0.9805456119923003
6227.9			0.9703263246577024
6228.8			0.9488356494743536
6229.700000000001			0.9005591827281586
6230.6			0.8665455573388369
6231.5			0.8845370202556279
6232.4			0.9261575651610573
6233.3			0.972517580122028
6234.200000000001			1.0149473588970095
6235.1			1.0257947396125406
6236.0			1.0000471540042641
6236.9			1.0
6237.8			1.0
6238.700000000001			1.0
6239.6			1.0
6240.5			1.0
6241.4			1.0
6242.3			0.977366474225428
6243.200000000001			0.959414667156577
6244.1			0.960964914371949
6245.0			0.9503981474581322
6245.9			0.9407877736364162
6246.8			0.9642569332883172
6247.700000000001			1.0062303562716948
6248.6			1.0320306029153028
6249.5			1.0374248565598088
6250.4			1.0194292276971715
6251.3			0.9697368548810542
6252.200000000001			0.9283223196527393
6253.1			0.9228129195640794
6254.0			0.9332951862990672
6254.9			0.9427739363590908
6255.8			0.9417540967263758
6256.700000000001			0.9367336780162113
6257.6			0.9292400802089035
6258.5			0.9293521792409045
6259.4			0.9540067114727057
6260.3			0.9751228009745486
6261.200000000001			0.9811902190789926
6262.1			1.001229466412917
6263.0			1.0206469525252104
6263.9			0.9999378077936122
6264.8			1.0
6265.700000000001			1.0
6266.6			1.0
6267.5			1.0
6268.4			1.0
6269.3			1.0
6270.200000000001			1.0
6271.1			1.0
6272.0			1.0
6272.9			1.0
6273.8			1.0
6274.700000000001			1.0
6275.6			1.0
6276.5			1.0
6277.4			1.0
6278.3			1.0
6279.200000000001			1.0
6280.1			1.0
6281.0			1.0
6281.9			1.0
6282.8			1.0
6283.700000000001			1.0
6284.6			1.0
6285.5			1.0
6286.4			1.0
6287.3			1.0
6288.200000000001			1.0
6289.1			1.0
6290.0			1.0
6290.9			1.0
6291.8			1.0
6292.700000000001			1.0
6293.6			1.0
6294.5			1.0
6295.4			1.0
6296.3			1.0
6297.200000000001			1.0
6298.1			1.0
6299.0			1.0
6299.9			1.0
6300.8			1.0
6301.700000000001			1.0
6302.6			1.0
6303.5			1.0
6304.4			1.0
6305.3			1.0
6306.200000000001			1.0
6307.1			1.0
6308.0			1.0
6308.9			1.0
6309.8			1.0
6310.700000000001			1.0
6311.6			1.0131981835823325
6312.5			1.0337658119152509
6313.4			1.0171564083785016
6314.3			0.9627879474769933
6315.200000000001			0.9344985712580014
6316.1			0.9523419035424612
6317.0			0.9518426174839144
6317.9			0.9198741995383447
6318.8			0.9233134242820911
6319.700000000001			0.9650973192606258
6320.6			0.9878709042379601
6321.5			0.9726325586358565
6322.4			0.9587911927395792
6323.3			0.9766361981744285
6324.200000000001			1.0004173665760272
6325.1			1.0
6326.0			1.0
6326.9			1.0
6327.8			1.0
6328.700000000001			1.0
6329.6			0.9863136985388202
6330.5			0.984193052601634
6331.4			1.0016268517232985
6332.3			1.023040398583901
6333.200000000001			1.0247533940968259
6334.1			0.9909835921444359
6335.0			0.9470030416774085
6335.9			0.9354548518561915
6336.8			0.9575648838640521
6337.700000000001			0.9804999795134467
6338.6			0.9892892831884873
6339.5			0.9991971554592677
6340.4			1.0127086243208836
6341.3			1.0152451965758207
6342.200000000001			0.9998185107246659
6343.1			1.0
6344.0			1.0
6344.9			1.0
6345.8			1.0
6346.700000000001			1.0
6347.6			1.0
6348.5			1.0098452187781024
6349.4			1.0137885189049467
6350.3			1.019146756125894
6351.200000000001			1.0235022638579643
6352.1			1.0173337846037138
6353.0			0.9938058476397212
6353.9			0.9621811461572276
6354.8			0.9578929872385892
6355.700000000001			0.9843650448686007
6356.6			0.993484123929784
6357.5			0.964359942250216
6358.4			0.9355103335076517
6359.3			0.9370236835131056
6360.200000000001			0.9424438227725325
6361.1			0.9303624432576064
6362.0			0.9178208840110917
6362.9			0.9251378582757315
6363.8			0.9506546574812892
6364.700000000001			0.9753889721728413
6365.6			0.9807297007662945
6366.5			0.9722027161093887
6367.4			0.9727468206704548
6368.3			0.9832410381158436
6369.200000000001			0.9867081186149673
6370.1			0.9864814588448052
6371.0			0.9994129581202128
6371.9			1.0182627715509336
6372.8			1.0176655763959574
6373.700000000001			1.0008130984570704
6374.6			0.9950760850178006
6375.5			0.9997039422812823
6376.4			1.0
6377.3			1.0
6378.200000000001			1.0
6379.1			1.0
6380.0			1.0
6380.9			1.0
6381.8			1.0
6382.700000000001			1.0
6383.6			1.0
6384.5			1.0
6385.4			1.0
6386.3			1.0
6387.200000000001			1.0
6388.1			1.0
6389.0			1.0
6389.9			1.0
6390.8			1.0
6391.700000000001			1.0
6392.6			1.0
6393.5			1.0
6394.4			1.0
6395.3			1.0
6396.200000000001			1.0135814227586035
6397.1			1.007524824165502
6398.0			0.978973818726262
6398.9			0.9166415323169457
6399.8			0.8695891112972945
6400.700000000001			0.897794610929398
6401.6			0.9597702104499908
6402.5			0.9930045306463624
6403.4			1.0
6404.3			0.997405275672264
6405.200000000001			0.9877582833681311
6406.1			0.962784517717106
6407.0			0.9273883917101166
6407.9			0.9188940683997502
6408.8			0.9496436923050118
6409.700000000001			0.9701705916783304
6410.6			0.951754176909403
6411.5			0.9351596959533593
6412.4			0.9462671836836077
6413.3			0.9567860358493396
6414.200000000001			0.9593791512930134
6415.1			0.9691406931554076
6416.0			0.9778180866197889
6416.9			0.9756937004163363
6417.8			0.9683147834157685
6418.700000000001			0.9479812288508296
6419.6			0.9195180588840374
6420.5			0.9141163136834749
6421.4			0.9452948670997185
6422.3			0.9893716199158531
6423.200000000001			1.0076949682821486
6424.1			0.9965928467243174
6425.0			0.9848102230734979
6425.9			0.9958503386697358
6426.8			1.0220777360908089
6427.700000000001			1.0328810619288067
6428.6			1.0140362503983635
6429.5			0.970815051440912
6430.4			0.9323601107107166
6431.3			0.9353337204099478
6432.200000000001			0.9661812301670202
6433.1			0.9878641318536004
6434.0			0.9982074046095879
6434.9			1.007479091333734
6435.8			1.0122725751953703
6436.700000000001			1.0001979806859411
6437.6			1.0
6438.5			1.0
6439.4			1.0
6440.3			1.0
6441.200000000001			1.0
6442.1			1.0
6443.0			1.0
6443.9			1.0
6444.8			1.0
6445.700000000001			1.0079587476630023
6446.6			1.016752149622566
6447.5			0.9933550782473635
6448.4			0.9223359931584514
6449.3			0.8592869225944563
6450.200000000001			0.8730556006021188
6451.1			0.9372329510083558
6452.0			0.9838042797688132
6452.9			1.0001189324847846
6453.8			1.0
6454.700000000001			1.0
6455.6			1.0
6456.5			1.0
6457.4			1.0
6458.3			1.0
6459.200000000001			1.0041621267155367
6460.1			1.0025799448201222
6461.0			0.9706998458967551
6461.9			0.9154784284091598
6462.8			0.9016923498199907
6463.700000000001			0.9373935267264181
6464.6			0.9738493451140265
6465.5			0.9920871820303294
6466.4			0.9995535486729
6467.3			1.0
6468.200000000001			1.0
6469.1			1.0
6470.0			1.0
6470.9			1.0
6471.8			1.0
6472.700000000001			1.0
6473.6			1.0
6474.5			1.0
6475.4			1.0
6476.3			1.0
6477.200000000001			1.0
6478.1			1.0
6479.0			1.0
6479.9			1.0
6480.8			1.0
6481.700000000001			1.0
6482.6			1.0
6483.5			1.0
6484.4			1.0
6485.3			1.0
6486.200000000001			1.0
6487.1			1.0
6488.0			0.9980950929811206
6488.9			0.9883171114811148
6489.8			0.9774065239797298
6490.700000000001			0.9759295499265705
6491.6			0.9666172105369307
6492.5			0.9276864339766787
6493.4			0.8679723993809784
6494.3			0.8241223256530893
6495.200000000001			0.8219488992760098
6496.1			0.8554652337086631
6497.0			0.9038473614372657
6497.9			0.9310600968835224
6498.8			0.935450506944757
6499.700000000001			0.9536092135934857
6500.6			0.9786235599442396
6501.5			0.9905635465750777
6502.4			0.9990320250235669
6503.3			1.0
6504.200000000001			1.0
6505.1			1.0
6506.0			1.0
6506.9			1.0
6507.8			1.0
6508.700000000001			1.0
6509.6			1.0
6510.5			1.0
6511.4			1.0
6512.3			1.0
6513.200000000001			1.0
6514.1			1.0
6515.0			1.0
6515.9			1.0
6516.8			1.0
6517.700000000001			1.0
6518.6			1.0
6519.5			1.0
6520.4			1.0
6521.3			1.0
6522.200000000001			1.0
6523.1			1.0
6524.0			1.0
6524.9			1.0
6525.8			1.0
6526.700000000001			1.0
6527.6			1.0
6528.5			1.0
6529.4			1.0
6530.3			1.0
6531.200000000001			1.0
6532.1			1.0
6533.0			1.0
6533.9			1.0
6534.8			1.0
6535.700000000001			1.0
6536.6			1.0
6537.5			1.0
6538.4			1.0
6539.3			1.0
6540.200000000001			1.0
6541.1			1.0
6542.0			1.0
6542.9			1.0
6543.8			1.0
6544.700000000001			1.0
6545.6			1.0
6546.5			1.0
6547.4			1.0
6548.3			1.0
6549.200000000001			1.0
6550.1			1.0
6551.0			1.0
6551.9			1.0
6552.8			1.0
6553.700000000001			1.0
6554.6			1.0
6555.5			1.0
6556.4			1.0
6557.3			1.0
6558.200000000001			0.9963482098304185
6559.1			0.9830899491233671
6560.0			0.94491062205794
6560.9			0.8206136463692134
6561.8			0.6453196989147194
6562.700000000001			0.5942914811511651
6563.6			0.7257795531499159
6564.5			0.8864474758809727
6565.4			0.9662080028359278
6566.3			0.991707020442377
6567.200000000001			0.9979849129744404
6568.1			1.0
6569.0			1.0
6569.9			1.0
6570.8			1.0
6571.700000000001			1.0
6572.6			1.0
6573.5			1.0
6574.4			1.0
6575.3			1.0
6576.200000000001			1.0
6577.1			1.0
6578.0			1.0
6578.9			1.0
6579.8			1.0
6580.700000000001			1.0
6581.6			1.0
6582.5			1.0
6583.4			1.0
6584.3			1.0
6585.200000000001			1.0
6586.1			1.0
6587.0			1.0
6587.9			1.0
6588.8			1.0
6589.700000000001			1.0027912387937334
6590.6			0.9987113466244242
6591.5			0.9634940357117927
6592.4			0.9123900737751997
6593.3			0.9124822875030858
6594.200000000001			0.9710144813526648
6595.1			1.0167724935913909
6596.0			1.0154940148122849
6596.9			0.9993953098615836
6597.8			1.0
6598.700000000001			1.0
6599.6			1.0
6600.5			1.0
6601.4			1.0
6602.3			1.0
6603.200000000001			1.0
6604.1			1.0
6605.0			1.0
6605.9			1.0
6606.8			1.0
6607.700000000001			1.0
6608.6			1.0
6609.5			1.0
6610.4			1.0
6611.3			1.0
6612.200000000001			1.0
6613.1			1.0
6614.0			1.0
6614.9			1.0
6615.8			1.0
6616.700000000001			1.0
6617.6			1.0
6618.5			1.0
6619.4			1.0
6620.3			1.0
6621.200000000001			1.0
6622.1			1.0
6623.0			1.0
6623.9			1.0
6624.8			1.0
6625.700000000001			1.0
6626.6			1.0
6627.5			1.0
6628.4			1.0
6629.3			1.0
6630.200000000001			1.0
6631.1			1.0
6632.0			1.0
6632.9			1.0
6633.8			1.0
6634.700000000001			1.0
6635.6			1.0
6636.5			1.0
6637.4			1.0
6638.3			1.0
6639.200000000001			1.0
6640.1			1.0
6641.0			1.0
6641.9			1.0
6642.8			1.0
6643.700000000001			1.0
6644.6			1.0
6645.5			1.0
6646.4			1.0
6647.3			1.0
6648.200000000001			1.0
6649.1			1.0
6650.0			1.0
6650.9			1.0
6651.8			1.0
6652.700000000001			1.0
6653.6			1.0
6654.5			1.0
6655.4			1.0
6656.3			1.0
6657.200000000001			1.0
6658.1			1.0
6659.0			1.0
6659.9			1.0
6660.8			1.0
6661.700000000001			1.0
6662.6			1.0
6663.5			1.0
6664.4			1.0
6665.3			1.0
6666.200000000001			1.0
6667.1			1.0
6668.0			1.0
6668.9			1.0
6669.8			1.0
6670.700000000001			1.0
6671.6			1.0
6672.5			1.0
6673.4			1.0
6674.3			1.0
6675.200000000001			1.0029447158085012
6676.1			0.9795130895246241
6677.0			0.9254468245484289
6677.9			0.9046543151393863
6678.8			0.9467000997814145
6679.700000000001			0.9908740310338887
6680.6			0.998651458959871
6681.5			1.0
6682.4			1.0
6683.3			1.0
6684.200000000001			1.0
6685.1			1.0
6686.0			1.0
6686.9			1.0
6687.8			1.0
6688.700000000001			1.0
6689.6			1.0
6690.5			1.0
6691.4			1.0
6692.3			1.0
6693.200000000001			1.0
6694.1			1.0
6695.0			1.0
6695.9			1.0
6696.8			1.0
6697.700000000001			1.0
6698.6			1.0
6699.5			1.0
6700.4			1.0
6701.3			1.0
6702.200000000001			1.0
6703.1			1.0
6704.0			1.0
6704.9			1.0
6705.8			1.0
6706.700000000001			1.0
6707.6			1.0
6708.5			1.0
6709.4			1.0
6710.3			1.0
6711.200000000001			1.0
6712.1			1.0
6713.0			1.0
6713.9			1.0
6714.8			1.0
6715.700000000001			1.0
6716.6			1.0
6717.5			1.0
6718.4			1.0
6719.3			1.0
6720.200000000001			1.0
6721.1			1.0
6722.0			1.0
6722.9			1.0
6723.8			1.0
6724.700000000001			1.0
6725.6			1.0
6726.5			1.0
6727.4			1.0
6728.3			1.0
6729.200000000001			1.0
6730.1			1.0
6731.0			1.0
6731.9			1.0
6732.8			1.0
6733.700000000001			1.0
6734.6			1.0
6735.5			1.0
6736.4			1.0
6737.3			1.0
6738.200000000001			1.0
6739.1			1.0
6740.0			1.0
6740.9			1.0
6741.8			1.0
6742.700000000001			1.0
6743.6			1.0
6744.5			1.0
6745.4			1.0
6746.3			1.0
6747.200000000001			1.0
6748.1			1.0
6749.0			1.0
6749.9			1.0
6750.8			1.0
6751.700000000001			1.0
6752.6			1.0
6753.5			1.0
6754.4			1.0
6755.3			1.0
6756.200000000001			1.0
6757.1			1.0
6758.0			1.0
6758.9			1.0
6759.8			1.0
6760.700000000001			1.0
6761.6			1.0
6762.5			1.0
6763.4			1.0
6764.3			1.0
6765.200000000001			1.0
6766.1			1.0
6767.0			1.0
6767.9			1.0
6768.8			1.0
6769.700000000001			1.0
6770.6			1.0
6771.5			1.0
6772.4			1.0
6773.3			1.0
6774.200000000001			1.0
6775.1			1.0
6776.0			1.0
6776.9			1.0
6777.8			1.0
6778.700000000001			1.0
6779.6			1.0
6780.5			1.0
6781.4			1.0
6782.3			1.0
6783.200000000001			1.0
6784.1			1.0
6785.0			1.0
6785.9			1.0
6786.8			1.0
6787.700000000001			1.0
6788.6			1.0
6789.5			1.0
6790.4			1.0
6791.3			1.0
6792.200000000001			1.0
6793.1			1.0
6794.0			1.0
6794.9			1.0
6795.8			1.0
6796.700000000001			1.0
6797.6			1.0
6798.5			1.0
6799.4			1.0
6800.3			1.0
6801.200000000001			1.0
6802.1			1.0
6803.0			1.0
6803.9			1.0
6804.8			1.0
6805.700000000001			1.0
6806.6			1.0
6807.5			1.0
6808.4			1.0
6809.3			1.0
6810.200000000001			1.0
6811.1			1.0
6812.0			1.0
6812.9			1.0
6813.8			1.0
6814.700000000001			1.0
6815.6			1.0
6816.5			1.0
6817.4			1.0
6818.3			1.0
6819.200000000001			1.0
6820.1			1.0
6821.0			1.0
6821.9			1.0
6822.8			1.0
6823.700000000001			1.0
6824.6			1.0
6825.5			1.0
6826.4			1.0
6827.3			1.0
6828.200000000001			1.0
6829.1			1.0
6830.0			1.0
6830.9			1.0
6831.8			1.0
6832.700000000001			1.0
6833.6			1.0
6834.5			1.0
6835.4			1.0
6836.3			1.0
6837.200000000001			1.0
6838.1			1.0
6839.0			1.0
6839.9			1.0
6840.8			1.0
6841.700000000001			1.0
6842.6			1.0
6843.5			1.0
6844.4			1.0
6845.3			1.0
6846.200000000001			1.0
6847.1			1.0
6848.0			1.0
6848.9			1.0
6849.8			1.0
6850.700000000001			1.0
6851.6			1.0
6852.5			1.0
6853.4			1.0
6854.3			1.0
6855.200000000001			1.0
6856.1			1.0
6857.0			1.0
6857.9			1.0
6858.8			1.0
6859.700000000001			1.0
6860.6			0.9682650122586641
6861.5			0.9514996426733341
6862.4			0.968162145013047
6863.3			1.0041400401380873
6864.200000000001			1.0224405115917483
6865.1			1.0201836078681745
6866.0			1.0251192932881223
6866.9			1.0292477901482664
6867.8			0.9980390057686787
6868.700000000001			0.9378058111974964
6869.6			0.9167341466993976
6870.5			0.9598519830236211
6871.4			0.9901895590518335
6872.3			0.9813211412969051
6873.200000000001			0.9854227094362535
6874.1			0.9975729156958881
6875.0			0.9924473715260697
6875.9			0.9906036747269382
6876.8			1.0005856584434807
6877.700000000001			1.006429828984672
6878.6			0.9986434585667262
6879.5			1.0
6880.4			1.0
6881.3			1.0
6882.200000000001			1.0
6883.1			1.0
6884.0			1.0
6884.9			1.0
6885.8			1.0
6886.700000000001			1.0
6887.6			1.0
6888.5			1.0
6889.4			1.0
6890.3			1.0
6891.200000000001			1.0
6892.1			1.0
6893.0			1.0
6893.9			1.0
6894.8			1.0
6895.700000000001			1.0
6896.6			1.0
6897.5			1.0
6898.4			1.0
6899.3			1.0
6900.200000000001			1.0
6901.1			1.0
6902.0			1.0
6902.9			1.0
6903.8			1.0
6904.700000000001			1.0
6905.6			1.0
6906.5			1.0
6907.4			1.0
6908.3			1.0
6909.200000000001			1.0
6910.1			1.0
6911.0			1.0101944202055262
6911.9			1.0237259603185827
6912.8			0.9938926383998529
6913.700000000001			0.9385741021760411
6914.6			0.9283000889100448
6915.5			0.9610439837903254
6916.4			0.987774426002678
6917.3			1.0007673769189636
6918.200000000001			1.0017653773644406
6919.1			1.0
6920.0			1.0
6920.9			1.0
6921.8			1.0
6922.700000000001			1.0
6923.6			1.0
6924.5			1.0
6925.4			1.0
6926.3			1.0
6927.200000000001			1.0
6928.1			1.0
6929.0			1.0
6929.9			1.0
6930.8			1.0
6931.700000000001			1.0
6932.6			1.0
6933.5			1.0
6934.4			1.0
6935.3			1.0
6936.200000000001			1.0
6937.1			1.0
6938.0			1.0
6938.9			1.0
6939.8			1.0
6940.700000000001			1.0
6941.6			1.0
6942.5			1.0
6943.4			1.0
6944.3			1.0
6945.200000000001			1.0
6946.1			1.0
6947.0			1.0
6947.9			1.0
6948.8			1.0
6949.700000000001			1.0
6950.6			1.0
6951.5			1.0
6952.4			1.0
6953.3			1.0
6954.200000000001			1.0
6955.1			1.0
6956.0			1.0
6956.9			1.0
6957.8			1.0
6958.700000000001			1.0
6959.6			1.0
6960.5			1.0
6961.4			1.0
6962.3			1.0
6963.200000000001			1.0
6964.1			1.0
6965.0			1.0
6965.9			1.0
6966.8			1.0
6967.700000000001			1.014949404817925
6968.6			1.020717762054621
6969.5			1.015701034828931
6970.4			0.9995382708554497
6971.3			0.9825159345784822
6972.200000000001			0.9793589954553912
6973.1			0.9855343375305508
6974.0			0.9789657771546936
6974.9			0.9562725137933187
6975.8			0.9352333205733728
6976.700000000001			0.918180553337258
6977.6			0.8963012319990898
6978.5			0.8854043644452739
6979.4			0.9117906098180839
6980.3			0.9616472807755705
6981.200000000001			0.9996810012655102
6982.1			1.0184560729403624
6983.0			1.0253598878281482
6983.9			1.0234206909799128
6984.8			1.0155605393412894
6985.700000000001			1.0101451369137417
6986.6			1.0126000119374405
6987.5			1.0055791272811048
6988.4			0.9922436391884073
6989.3			1.0010179417618936
6990.200000000001			1.0
6991.1			1.0
6992.0			1.0
6992.9			1.0
6993.8			1.0
6994.700000000001			1.0
6995.6			1.0
6996.5			1.0
6997.4			1.0
6998.3			1.0
6999.200000000001			1.0
7000.1			1.0
7001.0			1.0
7001.9			1.0
7002.8			1.0
7003.700000000001			1.0
7004.6			1.0
7005.5			1.0
7006.4			1.0
7007.3			1.0
7008.200000000001			1.0
7009.1			1.0
7010.0			1.0
7010.9			1.0
7011.8			1.0
7012.700000000001			1.0
7013.6			0.9983299549198618
7014.5			0.9640686713650071
7015.4			0.9102143377747745
7016.3			0.8859191087903443
7017.200000000001			0.9213655038422371
7018.1			0.9793935681581808
7019.0			1.0022497189149535
7019.9			1.0
7020.8			1.0
7021.700000000001			1.0
7022.6			1.0
7023.5			1.0
7024.4			1.0
7025.3			1.022571706262547
7026.200000000001			1.053285145981623
7027.1			1.0602773487900252
7028.0			1.0414854850085462
7028.9			1.0262052700855977
7029.8			1.0291701948673124
7030.700000000001			1.033268189309519
7031.6			1.0321312330162316
7032.5			1.0257529876256968
7033.4			1.0060732413724953
7034.3			0.9852813166482991
7035.200000000001			0.9893229399171898
7036.1			0.9984035813070322
7037.0			0.9727026721463211
7037.9			0.9370121105551892
7038.8			0.9428495357027495
7039.700000000001			0.9806760583712597
7040.6			1.0057672820712067
7041.5			1.017384056765926
7042.4			1.0262514498513042
7043.3			1.0160072597585557
7044.200000000001			0.9968385355151467
7045.1			0.9945684339981649
7046.0			1.0054697246626163
7046.9			1.0222603240702048
7047.8			1.0368359071648205
7048.700000000001			1.034708164998496
7049.6			1.0193911011238013
7050.5			0.9979606224807247
7051.4			1.0
7052.3			1.0
7053.200000000001			1.0
7054.1			1.0
7055.0			1.0183070785973618
7055.9			1.0303352280587494
7056.8			1.0391959364010575
7057.700000000001			1.0312348918744048
7058.6			0.995235166001892
7059.5			0.9532404369423777
7060.4			0.9415021117528504
7061.3			0.9525965656200484
7062.200000000001			0.9539556497792774
7063.1			0.9582985508858883
7064.0			0.972370619817077
7064.9			0.9736095367735887
7065.8			0.9610902058967875
7066.700000000001			0.9357455580283003
7067.6			0.9102243023537143
7068.5			0.916657613195675
7069.4			0.9514513078197598
7070.3			0.980319006130754
7071.200000000001			0.9892244079522059
7072.1			0.9856521837997599
7073.0			0.9853333283593058
7073.9			0.9893325726534882
7074.8			0.9851846977980878
7075.700000000001			0.980077165369702
7076.6			1.0
7077.5			1.0244496863864847
7078.4			1.038227070270093
7079.3			1.0392587885133293
7080.200000000001			1.050114115812223
7081.1			1.0733098276811073
7082.0			1.0648019123813037
7082.9			1.024116343974676
7083.8			0.9961648137084157
7084.700000000001			1.0085304753532633
7085.6			1.0
7086.5			1.0
7087.4			1.0
7088.3			1.0
7089.200000000001			1.0
7090.1			1.0
7091.0			1.0
7091.9			1.0
7092.8			1.0
7093.700000000001			1.0
7094.6			1.0
7095.5			1.0
7096.4			1.0
7097.3			1.0
7098.200000000001			1.0
7099.1			1.0
7100.0			1.0
7100.9			1.0
7101.8			1.0
7102.700000000001			1.0
7103.6			1.0
7104.5			1.0
7105.4			1.0
7106.3			1.0
7107.200000000001			1.0
7108.1			1.0
7109.0			1.0
7109.9			1.0
7110.8			1.0
7111.700000000001			1.0
7112.6			1.0
7113.5			1.0
7114.4			1.0
7115.3			1.0
7116.200000000001			1.0
7117.1			1.0
7118.0			1.0
7118.9			1.0
7119.8			1.0
7120.700000000001			1.0
7121.6			1.0
7122.5			1.0
7123.4			1.0
7124.3			1.0
7125.200000000001			1.0
7126.1			1.0
7127.0			1.0
7127.9			1.0
7128.8			1.0
7129.700000000001			1.0
7130.6			1.0
7131.5			1.0
7132.4			1.0
7133.3			1.0
7134.200000000001			1.0
7135.1			1.0
7136.0			1.0
7136.9			1.0
7137.8			1.0
7138.700000000001			1.0
7139.6			1.0
7140.5			1.0
7141.4			1.0
7142.3			1.0
7143.200000000001			1.0
7144.1			1.0
7145.0			1.0
7145.9			1.0
7146.8			1.0
7147.700000000001			1.0
7148.6			1.0
7149.5			1.0
7150.4			1.0
7151.3			1.0
7152.200000000001			1.0
7153.1			1.0
7154.0			1.0
7154.9			1.0
7155.8			1.0065843963943915
7156.700000000001			1.036099265996055
7157.6			1.0456631802719873
7158.5			1.0401833444526356
7159.4			1.0291613100995618
7160.3			1.0140240140568286
7161.200000000001			1.0180585403705582
7162.1			1.0341983981178047
7163.0			1.0129492061258585
7163.9			0.9591656856280314
7164.8			0.943594836329267
7165.700000000001			0.9849477473639585
7166.6			1.0339435396642835
7167.5			1.059961282016608
7168.4			1.0621486326269172
7169.3			1.051386345768788
7170.200000000001			1.047972295709772
7171.1			1.0601806317271543
7172.0			1.0683987502761476
7172.9			1.0774126717956192
7173.8			1.0861016926065272
7174.700000000001			1.0599713827656612
7175.6			1.0259455326188613
7176.5			1.0420186509579854
7177.4			1.084411924402893
7178.3			1.0933069945517895
7179.200000000001			1.056505852167458
7180.1			1.0090838049320712
7181.0			0.9872198163436303
7181.9			1.0014536695499825
7182.8			1.0392665471069686
7183.700000000001			1.0794845007959422
7184.6			1.0986587390569458
7185.5			1.0695598600537188
7186.4			1.0101526034857176
7187.3			0.9727418124722332
7188.200000000001			0.981994454817623
7189.1			1.0187147543400878
7190.0			1.0538088150739224
7190.9			1.0606646706354077
7191.8			1.0382496286743157
7192.700000000001			1.0173473796390446
7193.6			1.0315588320104447
7194.5			1.0674847000815408
7195.4			1.070784254350969
7196.3			1.0376905861230228
7197.200000000001			1.0321133460983845
7198.1			1.0558713592153477
7199.0			1.0592845592484317
7199.9			1.0554056051838345
7200.8			1.0524069293288087
7201.700000000001			1.0237254952617827
7202.6			1.016177757639666
7203.5			1.0536326085939873
7204.4			1.0
7205.3			0.9762382335983513
7206.200000000001			0.9148197333695821
7207.1			0.8611872582166011
7208.0			0.8588961803047939
7208.9			0.9016898811596148
7209.8			0.9531058416306153
7210.700000000001			0.9787741901419927
7211.6			0.9723111955626629
7212.5			0.9531449586321058
7213.4			0.931122347820689
7214.3			0.9186501785801768
7215.200000000001			0.9252011914712014
7216.1			0.9401590761916309
7217.0			0.9624883353220016
7217.9			0.9806432449592524
7218.8			0.9748956267117775
7219.700000000001			0.9553694647293297
7220.6			0.946440436968508
7221.5			0.9446254668496729
7222.4			0.9391294675385824
7223.3			0.9386498181867527
7224.200000000001			0.9483236507120059
7225.1			0.9606602235646029
7226.0			0.9832599705276327
7226.9			0.9984454608072716
7227.8			0.9799744607365776
7228.700000000001			0.9596379858938339
7229.6			0.973672648483331
7230.5			1.0078034643195812
7231.4			1.0249819766854162
7232.3			1.0287589987917185
7233.200000000001			1.0424955819171893
7234.1			1.0472657510115688
7235.0			1.0251117011758393
7235.9			1.007334316779973
7236.8			1.019588065442615
7237.700000000001			1.030889278459366
7238.6			1.0187292587736543
7239.5			1.0134764865983805
7240.4			1.033367068278556
7241.3			1.049302577008679
7242.200000000001			1.0432855354712618
7243.1			1.0328062309097348
7244.0			1.0076430521376611
7244.9			0.9773051711248345
7245.8			0.9884212384451064
7246.700000000001			1.0330253085630545
7247.6			1.0645341342326662
7248.5			1.0646367630183042
7249.4			1.042021316189445
7250.3			1.0158264533539914
7251.200000000001			1.00504922099126
7252.1			1.0
7253.0			1.02606953476532
7253.9			1.0252725553985764
7254.8			1.0175694312640375
7255.700000000001			1.022194271206183
7256.6			1.0312840842263788
7257.5			1.0385354299349383
7258.4			1.0408390371012253
7259.3			1.0281720440824427
7260.200000000001			0.9894687735869789
7261.1			0.9556337999081759
7262.0			0.969363231073447
7262.9			1.0004800090824308
7263.8			1.0144178540507813
7264.700000000001			1.0265416822891325
7265.6			1.0302177157275845
7266.5			1.007389131966764
7267.4			0.986024559604653
7268.3			0.9899826279368507
7269.200000000001			0.9987716903016698
7270.1			0.9904527403636096
7271.0			0.9778772679704634
7271.9			0.981037290302377
7272.8			0.9877588224595465
7273.700000000001			0.9806039548004563
7274.6			0.9746437529314118
7275.5			1.0008132935645642
7276.4			1.0288094007797837
7277.3			1.018209612170543
7278.200000000001			1.0018591069999974
7279.1			1.0159139746929349
7280.0			1.0336118207618714
7280.9			1.0209950678631725
7281.8			0.9801762246245515
7282.700000000001			0.9524322130300543
7283.6			0.9589311761715278
7284.5			0.9732667834473454
7285.4			0.9953375854076963
7286.3			1.0218109514934028
7287.200000000001			1.0106181538455832
7288.1			0.9587618542496427
7289.0			0.9389779394258949
7289.9			0.9678953394652743
7290.8			0.9731547265533806
7291.700000000001			0.9418258152781758
7292.6			0.9360777610756623
7293.5			0.9765078401820094
7294.4			1.0166762536379323
7295.3			1.0327286091622172
7296.200000000001			1.0230396601378462
7297.1			0.9951407834776951
7298.0			0.9747158820501186
7298.9			0.9735125735499335
7299.8			0.9845459483834839
7300.700000000001			0.9904397275257686
7301.6			0.9835433970296655
7302.5			0.9823069900726173
7303.4			0.9973497393173799
7304.3			1.0097941320602262
7305.200000000001			0.9949419347912709
7306.1			0.9616203507293971
7307.0			0.9490160738843278
7307.9			0.9713668705743306
7308.8			1.0120200345746406
7309.700000000001			1.0302487433011454
7310.6			1.0068820278423842
7311.5			0.9976864954807536
7312.4			1.0271180746869144
7313.3			1.0610854556488738
7314.200000000001			1.0765750775209433
7315.1			1.0673221588602617
7316.0			1.0478200523943635
7316.9			1.0361390422176602
7317.8			1.0446208175290412
7318.700000000001			1.0577859084991712
7319.6			1.0538592333845382
7320.5			1.0568613108783198
7321.4			1.0740780723868668
7322.3			1.070837238190305
7323.200000000001			1.0513801526159186
7324.1			1.0324266248005474
7325.0			1.0138814054213119
7325.9			1.0176258901434234
7326.8			1.037066184130695
7327.700000000001			1.0478200115348169
7328.6			1.044618900161581
7329.5			1.0272302056390923
7330.4			1.02448415872194
7331.3			1.0387976453670738
7332.200000000001			1.0271702242644534
7333.1			0.9972528397652632
7334.0			0.9899923526534993
7334.9			1.0090816071966349
7335.8			1.0
7336.700000000001			1.007733811994161
7337.6			1.0085991788182878
7338.5			1.0037887807045862
7339.4			1.0042367060701627
7340.3			1.0190457309672791
7341.200000000001			1.0410328063871717
7342.1			1.0438766191249256
7343.0			1.016758838447561
7343.9			0.9968793595387732
7344.8			1.0163330533277553
7345.700000000001			1.052974113404574
7346.6			1.0699326477193303
7347.5			1.0753340984572142
7348.4			1.0931597895827307
7349.3			1.0941666814696365
7350.200000000001			1.0649401236566456
7351.1			1.0508951081772449
7352.0			1.067579808460971
7352.9			1.0873514953634278
7353.8			1.0996858359487947
7354.700000000001			1.0892759053781382
7355.6			1.0767358818419233
7356.5			1.101062976317273
7357.4			1.1362997026380728
7358.3			1.1668079079091318
7359.200000000001			1.193443914565285
7360.1			1.1943580360712902
7361.0			1.1722807263789015
7361.9			1.1557275052587324
7362.8			1.1699871143230578
7363.700000000001			1.2032669824386986
7364.6			1.2294714150828265
7365.5			1.2371526049056591
7366.4			1.245381668553815
7367.3			1.2592330966193668
7368.200000000001			1.2597341939996416
7369.1			1.2597365357233778
7370.0			1.2742681226271533
7370.9			1.2845587100714233
7371.8			1.2800091649957717
7372.700000000001			1.2720050823367781
7373.6			1.2721433841383998
7374.5			1.2811358547530611
7375.4			1.2899372588718157
7376.3			1.3076689362776577
7377.200000000001			1.3497840766903804
7378.1			1.3923235589641587
7379.0			1.4015429143425748
7379.9			1.3764413315090676
7380.8			1.348671656494778
7381.700000000001			1.348060438522263
7382.6			1.3668210307926065
7383.5			1.3753040794929963
7384.4			1.3540080783548296
7385.3			1.327168874896008
7386.200000000001			1.3448072039299401
7387.1			1.3833677832072795
7388.0			1.3802451090660468
7388.9			1.3665217398018374
7389.8			1.413173419322904
7390.700000000001			1.4907945869699262
7391.6			1.5265041977914298
7392.5			1.5091226218156901
7393.4			1.497045994341751
7394.3			1.5357807746135372
7395.200000000001			1.5832990016410025
7396.1			1.5963612176209765
7397.0			1.5912071584705252
7397.9			1.5947966066405006
7398.8			1.607738441734932
7399.700000000001			1.6132334754804627
7400.6			1.6200997009212383
7401.5			1.6634320194425345
7402.4			1.7377107288685292
7403.3			1.7907972522467401
7404.200000000001			1.7901178332831806
7405.1			1.7649837509302906
7406.0			1.7832278324911166
7406.9			1.8362936909238297
7407.8			1.838791288463935
7408.700000000001			1.8058890995268722
7409.6			1.811687856139062
7410.5			1.85330476866403
7411.4			2.0299469775926693
7412.3			1.257606852535995
7413.200000000001			2.2090442021077286e-05
7414.1			2.236934103895835e-05
7415.0			2.2655372487787894e-05
7415.9			2.294881351346421e-05
7416.8			2.324995580910424e-05
7417.700000000001			2.3559106582203278e-05
7418.6			2.3876589599995352e-05
7419.5			2.4202746320492145e-05
7420.4			2.453793711750631e-05
7421.3			2.4882542608898575e-05
7422.200000000001			2.523696509834079e-05
7423.1			2.560163014207667e-05
7424.0			2.5976988253508805e-05
7424.9			2.6363516759967745e-05
7425.8			2.676172182775323e-05
7426.700000000001			2.717214067351217e-05
7427.6			2.759534398226857e-05
7428.5			2.8031938554991853e-05
7429.4			1.0
